dataset_id,actual_class_index,prediction_class_index,prediction_probability,prediction_distance
ILSVRC2012_val_00002012_with_ILSVRC2012_val_00029665_rank907,925,925,0.84664,0
ILSVRC2012_val_00002012_with_ILSVRC2012_val_00035023_rank337,62,61,0.59525,1
ILSVRC2012_val_00002012_with_ILSVRC2012_val_00043221_rank645,36,36,0.69721,0
ILSVRC2012_val_00002012_with_ILSVRC2012_val_00007482_rank419,44,44,0.89781,0
ILSVRC2012_val_00002012_with_ILSVRC2012_val_00003525_rank456,939,939,0.79857,0
ILSVRC2012_val_00002012_with_ILSVRC2012_val_00016107_rank862,923,428,0.54286,544
ILSVRC2012_val_00002012_with_ILSVRC2012_val_00034743_rank218,128,128,0.87142,0
ILSVRC2012_val_00002012_with_ILSVRC2012_val_00039315_rank568,587,587,0.90365,0
ILSVRC2012_val_00002012_with_ILSVRC2012_val_00008530_rank964,878,577,0.23249,270
ILSVRC2012_val_00002012_with_ILSVRC2012_val_00004203_rank442,466,867,0.18179,30
ILSVRC2012_val_00002012_with_ILSVRC2012_val_00027416_rank371,595,866,0.42749,2
ILSVRC2012_val_00002012_with_ILSVRC2012_val_00033395_rank479,601,689,0.51452,1
ILSVRC2012_val_00002012_with_ILSVRC2012_val_00001148_rank060,274,274,0.91659,0
ILSVRC2012_val_00002012_with_ILSVRC2012_val_00016313_rank994,418,744,0.55264,29
ILSVRC2012_val_00002012_with_ILSVRC2012_val_00027485_rank083,187,165,0.10528,93
ILSVRC2012_val_00002012_with_ILSVRC2012_val_00010645_rank282,383,383,0.92691,0
ILSVRC2012_val_00002012_with_ILSVRC2012_val_00013797_rank498,74,74,0.45921,0
ILSVRC2012_val_00002012_with_ILSVRC2012_val_00020203_rank937,783,783,0.92647,0
ILSVRC2012_val_00002012_with_ILSVRC2012_val_00032396_rank591,375,375,0.88418,0
ILSVRC2012_val_00002012_with_ILSVRC2012_val_00007338_rank150,792,428,0.95866,1
ILSVRC2012_val_00002012_with_ILSVRC2012_val_00001600_rank503,519,492,0.63356,2
ILSVRC2012_val_00002012_with_ILSVRC2012_val_00043845_rank059,262,262,0.92935,0
ILSVRC2012_val_00002012_with_ILSVRC2012_val_00001593_rank347,67,67,0.71491,0
ILSVRC2012_val_00002012_with_ILSVRC2012_val_00040057_rank463,477,477,0.75424,0
ILSVRC2012_val_00002012_with_ILSVRC2012_val_00014706_rank296,656,637,0.26161,96
ILSVRC2012_val_00002012_with_ILSVRC2012_val_00005991_rank191,665,665,0.68364,0
ILSVRC2012_val_00002012_with_ILSVRC2012_val_00027348_rank064,166,164,0.79918,2
ILSVRC2012_val_00002012_with_ILSVRC2012_val_00009333_rank379,763,763,0.87341,0
ILSVRC2012_val_00002012_with_ILSVRC2012_val_00030100_rank670,637,637,0.94647,0
ILSVRC2012_val_00002012_with_ILSVRC2012_val_00014132_rank430,118,118,0.82566,0
ILSVRC2012_val_00002012_with_ILSVRC2012_val_00001264_rank712,694,694,0.92216,0
ILSVRC2012_val_00002012_with_ILSVRC2012_val_00049337_rank1000,903,112,0.15709,573
ILSVRC2012_val_00002012_with_ILSVRC2012_val_00019242_rank877,727,428,0.12066,929
ILSVRC2012_val_00002012_with_ILSVRC2012_val_00005418_rank433,329,329,0.90509,0
ILSVRC2012_val_00002012_with_ILSVRC2012_val_00030935_rank240,716,716,0.88193,0
ILSVRC2012_val_00002012_with_ILSVRC2012_val_00021858_rank163,99,99,0.84814,0
ILSVRC2012_val_00002012_with_ILSVRC2012_val_00005693_rank245,649,649,0.88384,0
ILSVRC2012_val_00002012_with_ILSVRC2012_val_00044471_rank277,573,751,0.87933,1
ILSVRC2012_val_00002012_with_ILSVRC2012_val_00044410_rank394,612,637,0.12239,88
ILSVRC2012_val_00002012_with_ILSVRC2012_val_00036112_rank524,707,707,0.90759,0
ILSVRC2012_val_00002012_with_ILSVRC2012_val_00041195_rank917,811,811,0.87542,0
ILSVRC2012_val_00002012_with_ILSVRC2012_val_00014129_rank747,990,990,0.64903,0
ILSVRC2012_val_00002012_with_ILSVRC2012_val_00004241_rank927,937,938,0.93433,1
ILSVRC2012_val_00002012_with_ILSVRC2012_val_00027220_rank098,245,179,0.29199,3
ILSVRC2012_val_00002012_with_ILSVRC2012_val_00013114_rank456,939,939,0.88514,0
ILSVRC2012_val_00002012_with_ILSVRC2012_val_00040983_rank166,373,373,0.54316,0
ILSVRC2012_val_00002012_with_ILSVRC2012_val_00030674_rank482,851,851,0.6383,0
ILSVRC2012_val_00002012_with_ILSVRC2012_val_00000382_rank245,649,649,0.92355,0
ILSVRC2012_val_00002012_with_ILSVRC2012_val_00042855_rank009,191,191,0.86806,0
ILSVRC2012_val_00002012_with_ILSVRC2012_val_00041691_rank917,811,545,0.42979,3
ILSVRC2012_val_00002012_with_ILSVRC2012_val_00002271_rank153,354,354,0.91378,0
ILSVRC2012_val_00002012_with_ILSVRC2012_val_00015221_rank574,66,43,0.2662,22
ILSVRC2012_val_00002012_with_ILSVRC2012_val_00006477_rank840,887,887,0.82656,0
ILSVRC2012_val_00002012_with_ILSVRC2012_val_00008489_rank887,606,606,0.9077,0
ILSVRC2012_val_00002012_with_ILSVRC2012_val_00028196_rank255,491,491,0.92573,0
ILSVRC2012_val_00002012_with_ILSVRC2012_val_00016534_rank589,857,857,0.96131,0
ILSVRC2012_val_00002012_with_ILSVRC2012_val_00011636_rank660,625,625,0.93284,0
ILSVRC2012_val_00002012_with_ILSVRC2012_val_00027293_rank300,436,717,0.32432,3
ILSVRC2012_val_00002012_with_ILSVRC2012_val_00047120_rank687,920,912,0.2173,214
ILSVRC2012_val_00002012_with_ILSVRC2012_val_00022832_rank224,356,356,0.89794,0
ILSVRC2012_val_00002012_with_ILSVRC2012_val_00026737_rank338,371,371,0.91709,0
ILSVRC2012_val_00002012_with_ILSVRC2012_val_00023828_rank373,463,463,0.96209,0
ILSVRC2012_val_00002012_with_ILSVRC2012_val_00001645_rank419,44,44,0.87108,0
ILSVRC2012_val_00002012_with_ILSVRC2012_val_00046082_rank381,841,841,0.86656,0
ILSVRC2012_val_00002012_with_ILSVRC2012_val_00026621_rank150,792,637,0.2465,46
ILSVRC2012_val_00002012_with_ILSVRC2012_val_00012712_rank753,839,839,0.90476,0
ILSVRC2012_val_00002012_with_ILSVRC2012_val_00037946_rank164,346,346,0.90984,0
ILSVRC2012_val_00002012_with_ILSVRC2012_val_00044343_rank324,288,293,0.75646,3
ILSVRC2012_val_00002012_with_ILSVRC2012_val_00021948_rank496,554,554,0.89598,0
ILSVRC2012_val_00002012_with_ILSVRC2012_val_00004210_rank685,314,73,0.04771,44
ILSVRC2012_val_00002012_with_ILSVRC2012_val_00006966_rank657,301,301,0.93107,0
ILSVRC2012_val_00002012_with_ILSVRC2012_val_00038794_rank246,13,13,0.92104,0
ILSVRC2012_val_00002012_with_ILSVRC2012_val_00022693_rank033,104,104,0.94544,0
ILSVRC2012_val_00002012_with_ILSVRC2012_val_00019839_rank306,602,912,0.53061,239
ILSVRC2012_val_00002012_with_ILSVRC2012_val_00019658_rank635,842,842,0.92825,0
ILSVRC2012_val_00002012_with_ILSVRC2012_val_00041313_rank401,807,807,0.89213,0
ILSVRC2012_val_00002012_with_ILSVRC2012_val_00029610_rank192,258,258,0.64937,0
ILSVRC2012_val_00002012_with_ILSVRC2012_val_00001614_rank551,651,530,0.81133,17
ILSVRC2012_val_00002012_with_ILSVRC2012_val_00012273_rank788,679,494,0.10597,183
ILSVRC2012_val_00002012_with_ILSVRC2012_val_00017481_rank441,833,730,0.1647,84
ILSVRC2012_val_00002012_with_ILSVRC2012_val_00001246_rank572,527,330,0.16502,631
ILSVRC2012_val_00002012_with_ILSVRC2012_val_00027126_rank400,556,912,0.17103,52
ILSVRC2012_val_00002012_with_ILSVRC2012_val_00020687_rank577,517,637,0.17162,895
ILSVRC2012_val_00002012_with_ILSVRC2012_val_00006509_rank851,850,850,0.96036,0
ILSVRC2012_val_00002012_with_ILSVRC2012_val_00010799_rank336,489,489,0.29085,0
ILSVRC2012_val_00002012_with_ILSVRC2012_val_00019816_rank259,289,289,0.88187,0
ILSVRC2012_val_00002012_with_ILSVRC2012_val_00013009_rank396,779,779,0.91457,0
ILSVRC2012_val_00002012_with_ILSVRC2012_val_00024278_rank865,892,409,0.39292,1
ILSVRC2012_val_00002012_with_ILSVRC2012_val_00022677_rank668,672,672,0.86714,0
ILSVRC2012_val_00002012_with_ILSVRC2012_val_00043694_rank649,60,58,0.50646,9
ILSVRC2012_val_00002012_with_ILSVRC2012_val_00009249_rank620,659,659,0.40389,0
ILSVRC2012_val_00002012_with_ILSVRC2012_val_00014311_rank655,950,950,0.90826,0
ILSVRC2012_val_00002012_with_ILSVRC2012_val_00012174_rank947,784,784,0.92112,0
ILSVRC2012_val_00002012_with_ILSVRC2012_val_00029576_rank875,758,389,0.71947,3
ILSVRC2012_val_00002012_with_ILSVRC2012_val_00031367_rank835,596,596,0.94105,0
ILSVRC2012_val_00002012_with_ILSVRC2012_val_00041488_rank325,946,946,0.85858,0
ILSVRC2012_val_00002012_with_ILSVRC2012_val_00009768_rank773,828,828,0.73297,0
ILSVRC2012_val_00002012_with_ILSVRC2012_val_00025978_rank658,770,788,0.65109,3
ILSVRC2012_val_00002012_with_ILSVRC2012_val_00023369_rank975,530,530,0.92027,0
ILSVRC2012_val_00002012_with_ILSVRC2012_val_00002215_rank877,727,727,0.90499,0
ILSVRC2012_val_00002012_with_ILSVRC2012_val_00007630_rank404,85,85,0.9217,0
ILSVRC2012_val_00002012_with_ILSVRC2012_val_00039777_rank160,294,294,0.95305,0
ILSVRC2012_val_00002012_with_ILSVRC2012_val_00011461_rank126,734,734,0.90053,0
ILSVRC2012_val_00002012_with_ILSVRC2012_val_00001797_rank734,867,867,0.82084,0
ILSVRC2012_val_00002012_with_ILSVRC2012_val_00024958_rank634,141,141,0.92243,0
ILSVRC2012_val_00002012_with_ILSVRC2012_val_00006336_rank019,222,222,0.91383,0
ILSVRC2012_val_00002012_with_ILSVRC2012_val_00002298_rank102,218,218,0.94892,0
ILSVRC2012_val_00002012_with_ILSVRC2012_val_00029332_rank696,927,927,0.9313,0
ILSVRC2012_val_00002012_with_ILSVRC2012_val_00001235_rank178,830,472,0.88384,56
ILSVRC2012_val_00002012_with_ILSVRC2012_val_00043685_rank146,870,870,0.55998,0
ILSVRC2012_val_00002012_with_ILSVRC2012_val_00015833_rank771,594,594,0.93697,0
ILSVRC2012_val_00002012_with_ILSVRC2012_val_00034966_rank318,882,882,0.27507,0
ILSVRC2012_val_00002012_with_ILSVRC2012_val_00005270_rank711,982,568,0.58662,23
ILSVRC2012_val_00002012_with_ILSVRC2012_val_00000459_rank710,414,414,0.82288,0
ILSVRC2012_val_00002012_with_ILSVRC2012_val_00003944_rank744,482,482,0.58058,0
ILSVRC2012_val_00002012_with_ILSVRC2012_val_00006132_rank864,859,859,0.92285,0
ILSVRC2012_val_00002012_with_ILSVRC2012_val_00017783_rank508,497,448,0.75032,36
ILSVRC2012_val_00002012_with_ILSVRC2012_val_00003758_rank061,197,197,0.67776,0
ILSVRC2012_val_00002012_with_ILSVRC2012_val_00014913_rank050,170,170,0.80934,0
ILSVRC2012_val_00002012_with_ILSVRC2012_val_00041044_rank518,487,868,0.79721,93
ILSVRC2012_val_00002012_with_ILSVRC2012_val_00013305_rank671,940,940,0.36401,0
ILSVRC2012_val_00002012_with_ILSVRC2012_val_00003200_rank315,510,510,0.35235,0
ILSVRC2012_val_00002012_with_ILSVRC2012_val_00020124_rank746,41,288,0.14269,45
ILSVRC2012_val_00002012_with_ILSVRC2012_val_00046374_rank561,948,948,0.86475,0
ILSVRC2012_val_00002012_with_ILSVRC2012_val_00019671_rank069,233,233,0.94325,0
ILSVRC2012_val_00002012_with_ILSVRC2012_val_00044439_rank467,751,751,0.751,0
ILSVRC2012_val_00002012_with_ILSVRC2012_val_00041815_rank844,481,481,0.75042,0
ILSVRC2012_val_00002012_with_ILSVRC2012_val_00028892_rank678,203,203,0.85168,0
ILSVRC2012_val_00002012_with_ILSVRC2012_val_00028703_rank334,297,297,0.88441,0
ILSVRC2012_val_00002012_with_ILSVRC2012_val_00033478_rank998,696,784,0.27399,6
ILSVRC2012_val_00002012_with_ILSVRC2012_val_00003705_rank632,119,121,0.29772,2
ILSVRC2012_val_00002012_with_ILSVRC2012_val_00013165_rank270,750,621,0.46618,772
ILSVRC2012_val_00002012_with_ILSVRC2012_val_00047900_rank203,693,792,0.6372,5
ILSVRC2012_val_00002012_with_ILSVRC2012_val_00007611_rank487,803,803,0.86207,0
ILSVRC2012_val_00002012_with_ILSVRC2012_val_00020715_rank210,776,463,0.09293,574
ILSVRC2012_val_00002012_with_ILSVRC2012_val_00003665_rank297,18,18,0.92413,0
ILSVRC2012_val_00002012_with_ILSVRC2012_val_00019981_rank485,579,579,0.92029,0
ILSVRC2012_val_00002012_with_ILSVRC2012_val_00011679_rank636,410,410,0.93954,0
ILSVRC2012_val_00002012_with_ILSVRC2012_val_00003780_rank193,764,764,0.87764,0
ILSVRC2012_val_00002012_with_ILSVRC2012_val_00027165_rank017,231,231,0.59331,0
ILSVRC2012_val_00002012_with_ILSVRC2012_val_00038447_rank263,574,574,0.93752,0
ILSVRC2012_val_00002012_with_ILSVRC2012_val_00046970_rank642,450,450,0.9117,0
ILSVRC2012_val_00002012_with_ILSVRC2012_val_00038186_rank108,291,291,0.73086,0
ILSVRC2012_val_00002012_with_ILSVRC2012_val_00020690_rank438,83,83,0.91687,0
ILSVRC2012_val_00002012_with_ILSVRC2012_val_00014442_rank630,904,904,0.89284,0
ILSVRC2012_val_00002012_with_ILSVRC2012_val_00048333_rank105,154,154,0.92366,0
ILSVRC2012_val_00002012_with_ILSVRC2012_val_00041168_rank187,8,8,0.82074,0
ILSVRC2012_val_00002012_with_ILSVRC2012_val_00041144_rank025,243,243,0.85634,0
ILSVRC2012_val_00002012_with_ILSVRC2012_val_00049473_rank981,786,786,0.93378,0
ILSVRC2012_val_00002012_with_ILSVRC2012_val_00027290_rank109,168,159,0.51093,1
ILSVRC2012_val_00002012_with_ILSVRC2012_val_00039284_rank682,984,984,0.90468,0
ILSVRC2012_val_00002012_with_ILSVRC2012_val_00031058_rank420,957,957,0.94508,0
ILSVRC2012_val_00002012_with_ILSVRC2012_val_00024638_rank219,731,618,0.84165,19
ILSVRC2012_val_00002012_with_ILSVRC2012_val_00029989_rank278,520,520,0.69443,0
ILSVRC2012_val_00002012_with_ILSVRC2012_val_00010270_rank865,892,892,0.57535,0
ILSVRC2012_val_00002012_with_ILSVRC2012_val_00031640_rank133,216,216,0.93412,0
ILSVRC2012_val_00002012_with_ILSVRC2012_val_00001624_rank073,257,257,0.64462,0
ILSVRC2012_val_00002012_with_ILSVRC2012_val_00043693_rank627,856,856,0.89561,0
ILSVRC2012_val_00002012_with_ILSVRC2012_val_00016656_rank046,162,162,0.93768,0
ILSVRC2012_val_00002012_with_ILSVRC2012_val_00010060_rank306,602,730,0.50253,532
ILSVRC2012_val_00002012_with_ILSVRC2012_val_00002527_rank355,449,437,0.22801,14
ILSVRC2012_val_00002012_with_ILSVRC2012_val_00020934_rank802,349,351,0.32321,3
ILSVRC2012_val_00002012_with_ILSVRC2012_val_00026573_rank255,491,491,0.90866,0
ILSVRC2012_val_00002012_with_ILSVRC2012_val_00020255_rank903,505,505,0.89812,0
ILSVRC2012_val_00002012_with_ILSVRC2012_val_00021215_rank276,63,63,0.92422,0
ILSVRC2012_val_00002012_with_ILSVRC2012_val_00007490_rank807,437,448,0.21703,49
ILSVRC2012_val_00002012_with_ILSVRC2012_val_00040111_rank726,648,648,0.68653,0
ILSVRC2012_val_00002012_with_ILSVRC2012_val_00043608_rank468,721,721,0.39667,0
ILSVRC2012_val_00002012_with_ILSVRC2012_val_00041021_rank438,83,83,0.93937,0
ILSVRC2012_val_00002012_with_ILSVRC2012_val_00041101_rank896,684,684,0.92984,0
ILSVRC2012_val_00002012_with_ILSVRC2012_val_00045169_rank552,478,637,0.32524,32
ILSVRC2012_val_00002012_with_ILSVRC2012_val_00044605_rank011,163,163,0.94089,0
ILSVRC2012_val_00002012_with_ILSVRC2012_val_00031273_rank750,15,15,0.34525,0
ILSVRC2012_val_00002012_with_ILSVRC2012_val_00002927_rank418,993,993,0.92036,0
ILSVRC2012_val_00002012_with_ILSVRC2012_val_00047736_rank173,133,133,0.93156,0
ILSVRC2012_val_00002012_with_ILSVRC2012_val_00030405_rank539,76,76,0.49954,0
ILSVRC2012_val_00002012_with_ILSVRC2012_val_00006841_rank558,674,674,0.92663,0
ILSVRC2012_val_00002012_with_ILSVRC2012_val_00001661_rank222,671,671,0.92229,0
ILSVRC2012_val_00002012_with_ILSVRC2012_val_00017984_rank984,997,997,0.66182,0
ILSVRC2012_val_00002012_with_ILSVRC2012_val_00022704_rank465,618,618,0.92816,0
ILSVRC2012_val_00002012_with_ILSVRC2012_val_00028437_rank933,464,464,0.93938,0
ILSVRC2012_val_00002012_with_ILSVRC2012_val_00017914_rank661,588,588,0.60134,0
ILSVRC2012_val_00002012_with_ILSVRC2012_val_00000681_rank292,699,699,0.79401,0
ILSVRC2012_val_00002012_with_ILSVRC2012_val_00003276_rank678,203,203,0.79168,0
ILSVRC2012_val_00002012_with_ILSVRC2012_val_00025234_rank275,983,570,0.63934,16
ILSVRC2012_val_00002012_with_ILSVRC2012_val_00013378_rank183,84,84,0.91986,0
ILSVRC2012_val_00002012_with_ILSVRC2012_val_00005339_rank528,4,448,0.08766,924
ILSVRC2012_val_00002012_with_ILSVRC2012_val_00032224_rank905,896,896,0.91365,0
ILSVRC2012_val_00002012_with_ILSVRC2012_val_00038402_rank256,785,730,0.29866,524
ILSVRC2012_val_00002012_with_ILSVRC2012_val_00026869_rank038,272,272,0.89111,0
ILSVRC2012_val_00002012_with_ILSVRC2012_val_00007010_rank737,374,374,0.9005,0
ILSVRC2012_val_00002012_with_ILSVRC2012_val_00022463_rank979,134,134,0.71941,0
ILSVRC2012_val_00002012_with_ILSVRC2012_val_00046806_rank247,552,552,0.87301,0
ILSVRC2012_val_00002012_with_ILSVRC2012_val_00012083_rank348,400,400,0.58182,0
ILSVRC2012_val_00002012_with_ILSVRC2012_val_00011104_rank505,332,332,0.85439,0
ILSVRC2012_val_00002012_with_ILSVRC2012_val_00033017_rank801,265,265,0.80531,0
ILSVRC2012_val_00002012_with_ILSVRC2012_val_00020318_rank843,773,773,0.93791,0
ILSVRC2012_val_00002012_with_ILSVRC2012_val_00020965_rank156,210,210,0.93941,0
ILSVRC2012_val_00002012_with_ILSVRC2012_val_00000045_rank041,256,256,0.94535,0
ILSVRC2012_val_00002012_with_ILSVRC2012_val_00030703_rank677,48,48,0.93014,0
ILSVRC2012_val_00002012_with_ILSVRC2012_val_00016850_rank694,728,412,0.28151,3
ILSVRC2012_val_00002012_with_ILSVRC2012_val_00029407_rank086,172,172,0.93229,0
ILSVRC2012_val_00002012_with_ILSVRC2012_val_00049187_rank452,46,46,0.78906,0
ILSVRC2012_val_00002012_with_ILSVRC2012_val_00027587_rank760,889,889,0.65374,0
ILSVRC2012_val_00002012_with_ILSVRC2012_val_00019840_rank339,526,681,0.5259,11
ILSVRC2012_val_00002012_with_ILSVRC2012_val_00010163_rank286,156,156,0.83101,0
ILSVRC2012_val_00002012_with_ILSVRC2012_val_00024283_rank419,44,44,0.90122,0
ILSVRC2012_val_00002012_with_ILSVRC2012_val_00035540_rank246,13,10,0.90325,2
ILSVRC2012_val_00002012_with_ILSVRC2012_val_00028910_rank200,597,748,0.08785,11
ILSVRC2012_val_00002012_with_ILSVRC2012_val_00039002_rank408,630,630,0.94791,0
ILSVRC2012_val_00002012_with_ILSVRC2012_val_00034329_rank231,560,859,0.18486,125
ILSVRC2012_val_00002012_with_ILSVRC2012_val_00020616_rank794,328,328,0.77207,0
ILSVRC2012_val_00002012_with_ILSVRC2012_val_00022162_rank153,354,354,0.89917,0
ILSVRC2012_val_00002012_with_ILSVRC2012_val_00009347_rank863,190,190,0.91051,0
ILSVRC2012_val_00002012_with_ILSVRC2012_val_00041384_rank090,229,229,0.94274,0
ILSVRC2012_val_00002012_with_ILSVRC2012_val_00005427_rank106,9,9,0.95352,0
ILSVRC2012_val_00002012_with_ILSVRC2012_val_00020766_rank112,215,215,0.90254,0
ILSVRC2012_val_00002012_with_ILSVRC2012_val_00045855_rank798,544,909,0.42192,3
ILSVRC2012_val_00002012_with_ILSVRC2012_val_00015988_rank636,410,410,0.89253,0
ILSVRC2012_val_00002012_with_ILSVRC2012_val_00046978_rank288,97,97,0.71572,0
ILSVRC2012_val_00002012_with_ILSVRC2012_val_00006090_rank307,793,912,0.09314,781
ILSVRC2012_val_00002012_with_ILSVRC2012_val_00002743_rank718,123,123,0.69202,0
ILSVRC2012_val_00002012_with_ILSVRC2012_val_00025953_rank374,475,475,0.83884,0
ILSVRC2012_val_00002012_with_ILSVRC2012_val_00047000_rank730,68,66,0.50134,1
ILSVRC2012_val_00002012_with_ILSVRC2012_val_00005493_rank029,205,168,0.37555,147
ILSVRC2012_val_00002012_with_ILSVRC2012_val_00042650_rank991,626,412,0.69955,54
ILSVRC2012_val_00002012_with_ILSVRC2012_val_00038103_rank157,428,428,0.93553,0
ILSVRC2012_val_00002012_with_ILSVRC2012_val_00035639_rank927,937,937,0.93446,0
ILSVRC2012_val_00002012_with_ILSVRC2012_val_00015749_rank813,122,122,0.9146,0
ILSVRC2012_val_00002012_with_ILSVRC2012_val_00000244_rank193,764,764,0.37425,0
ILSVRC2012_val_00002012_with_ILSVRC2012_val_00020942_rank234,351,351,0.92357,0
ILSVRC2012_val_00002012_with_ILSVRC2012_val_00028127_rank955,435,501,0.48112,713
ILSVRC2012_val_00002012_with_ILSVRC2012_val_00048263_rank970,812,618,0.08927,933
ILSVRC2012_val_00002012_with_ILSVRC2012_val_00012642_rank545,752,912,0.14373,506
ILSVRC2012_val_00002012_with_ILSVRC2012_val_00038651_rank803,737,737,0.95919,0
ILSVRC2012_val_00002012_with_ILSVRC2012_val_00015352_rank864,859,859,0.92222,0
ILSVRC2012_val_00002012_with_ILSVRC2012_val_00041824_rank622,999,700,0.50036,1
ILSVRC2012_val_00002012_with_ILSVRC2012_val_00017679_rank210,776,776,0.87652,0
ILSVRC2012_val_00002012_with_ILSVRC2012_val_00007924_rank391,593,593,0.92451,0
ILSVRC2012_val_00002012_with_ILSVRC2012_val_00016736_rank817,642,637,0.2484,381
ILSVRC2012_val_00002012_with_ILSVRC2012_val_00005013_rank339,526,526,0.27032,0
ILSVRC2012_val_00002012_with_ILSVRC2012_val_00008217_rank142,228,228,0.89507,0
ILSVRC2012_val_00002012_with_ILSVRC2012_val_00018610_rank323,542,733,0.57723,36
ILSVRC2012_val_00002012_with_ILSVRC2012_val_00036978_rank917,811,545,0.64443,3
ILSVRC2012_val_00002012_with_ILSVRC2012_val_00028605_rank019,222,222,0.86503,0
ILSVRC2012_val_00002012_with_ILSVRC2012_val_00011453_rank719,121,121,0.90329,0
ILSVRC2012_val_00002012_with_ILSVRC2012_val_00024274_rank933,464,843,0.2536,318
ILSVRC2012_val_00002012_with_ILSVRC2012_val_00039825_rank438,83,83,0.91406,0
ILSVRC2012_val_00002012_with_ILSVRC2012_val_00044837_rank024,676,676,0.95736,0
ILSVRC2012_val_00002012_with_ILSVRC2012_val_00042919_rank329,453,453,0.93528,0
ILSVRC2012_val_00002012_with_ILSVRC2012_val_00018210_rank723,352,352,0.85682,0
ILSVRC2012_val_00002012_with_ILSVRC2012_val_00045644_rank886,898,898,0.72242,0
ILSVRC2012_val_00002012_with_ILSVRC2012_val_00039080_rank718,123,124,0.74615,1
ILSVRC2012_val_00002012_with_ILSVRC2012_val_00018190_rank637,895,895,0.49385,0
ILSVRC2012_val_00002012_with_ILSVRC2012_val_00022648_rank862,923,809,0.40644,11
ILSVRC2012_val_00002012_with_ILSVRC2012_val_00045967_rank303,553,553,0.89535,0
ILSVRC2012_val_00002012_with_ILSVRC2012_val_00039457_rank131,336,336,0.93273,0
ILSVRC2012_val_00002012_with_ILSVRC2012_val_00026806_rank978,710,448,0.76037,57
ILSVRC2012_val_00002012_with_ILSVRC2012_val_00039943_rank384,912,8,0.78352,115
ILSVRC2012_val_00002012_with_ILSVRC2012_val_00020061_rank725,51,51,0.9226,0
ILSVRC2012_val_00002012_with_ILSVRC2012_val_00027636_rank726,648,648,0.28833,0
ILSVRC2012_val_00002012_with_ILSVRC2012_val_00005939_rank569,973,696,0.22095,698
ILSVRC2012_val_00002012_with_ILSVRC2012_val_00039059_rank727,680,845,0.7834,13
ILSVRC2012_val_00002012_with_ILSVRC2012_val_00034159_rank217,703,703,0.86455,0
ILSVRC2012_val_00002012_with_ILSVRC2012_val_00030164_rank731,873,873,0.86476,0
ILSVRC2012_val_00002012_with_ILSVRC2012_val_00009830_rank338,371,371,0.93863,0
ILSVRC2012_val_00002012_with_ILSVRC2012_val_00013012_rank545,752,440,0.44082,254
ILSVRC2012_val_00002012_with_ILSVRC2012_val_00020527_rank859,503,503,0.97028,0
ILSVRC2012_val_00002012_with_ILSVRC2012_val_00013338_rank282,383,293,0.4527,41
ILSVRC2012_val_00002012_with_ILSVRC2012_val_00025791_rank375,959,959,0.67524,0
ILSVRC2012_val_00002012_with_ILSVRC2012_val_00020910_rank940,56,65,0.77747,13
ILSVRC2012_val_00002012_with_ILSVRC2012_val_00016195_rank163,99,99,0.88968,0
ILSVRC2012_val_00002012_with_ILSVRC2012_val_00034402_rank813,122,122,0.86372,0
ILSVRC2012_val_00002012_with_ILSVRC2012_val_00008944_rank133,216,220,0.49633,1
ILSVRC2012_val_00002012_with_ILSVRC2012_val_00019797_rank746,41,41,0.61664,0
ILSVRC2012_val_00002012_with_ILSVRC2012_val_00037483_rank512,305,305,0.94877,0
ILSVRC2012_val_00002012_with_ILSVRC2012_val_00033096_rank714,563,447,0.26426,201
ILSVRC2012_val_00002012_with_ILSVRC2012_val_00038219_rank790,419,463,0.12634,222
ILSVRC2012_val_00002012_with_ILSVRC2012_val_00009341_rank862,923,964,0.19247,10
ILSVRC2012_val_00002012_with_ILSVRC2012_val_00039662_rank067,259,219,0.21865,23
ILSVRC2012_val_00002012_with_ILSVRC2012_val_00039543_rank029,205,256,0.67296,1
ILSVRC2012_val_00002012_with_ILSVRC2012_val_00013045_rank119,268,268,0.66591,0
ILSVRC2012_val_00002012_with_ILSVRC2012_val_00046245_rank983,748,637,0.50839,69
ILSVRC2012_val_00002012_with_ILSVRC2012_val_00041142_rank088,276,276,0.77006,0
ILSVRC2012_val_00002012_with_ILSVRC2012_val_00047889_rank398,363,363,0.90476,0
ILSVRC2012_val_00002012_with_ILSVRC2012_val_00012729_rank240,716,716,0.89115,0
ILSVRC2012_val_00002012_with_ILSVRC2012_val_00016405_rank853,720,720,0.96502,0
ILSVRC2012_val_00002012_with_ILSVRC2012_val_00017130_rank657,301,301,0.91906,0
ILSVRC2012_val_00002012_with_ILSVRC2012_val_00005051_rank396,779,779,0.9172,0
ILSVRC2012_val_00002012_with_ILSVRC2012_val_00045524_rank209,667,667,0.90341,0
ILSVRC2012_val_00002012_with_ILSVRC2012_val_00041973_rank971,826,826,0.83571,0
ILSVRC2012_val_00002012_with_ILSVRC2012_val_00015315_rank219,731,731,0.78902,0
ILSVRC2012_val_00002012_with_ILSVRC2012_val_00030197_rank927,937,937,0.62438,0
ILSVRC2012_val_00002012_with_ILSVRC2012_val_00009972_rank131,336,336,0.92543,0
ILSVRC2012_val_00002012_with_ILSVRC2012_val_00004289_rank876,928,928,0.91761,0
ILSVRC2012_val_00002012_with_ILSVRC2012_val_00021535_rank436,567,567,0.96199,0
ILSVRC2012_val_00002012_with_ILSVRC2012_val_00002446_rank024,676,676,0.21595,0
ILSVRC2012_val_00002012_with_ILSVRC2012_val_00041857_rank284,402,546,0.44724,1
ILSVRC2012_val_00002012_with_ILSVRC2012_val_00023055_rank084,199,199,0.94259,0
ILSVRC2012_val_00002012_with_ILSVRC2012_val_00028162_rank713,37,37,0.50679,0
ILSVRC2012_val_00002012_with_ILSVRC2012_val_00000871_rank160,294,294,0.86842,0
ILSVRC2012_val_00002012_with_ILSVRC2012_val_00027409_rank252,761,761,0.68683,0
ILSVRC2012_val_00002012_with_ILSVRC2012_val_00010781_rank989,494,494,0.8104,0
ILSVRC2012_val_00002012_with_ILSVRC2012_val_00007558_rank287,65,65,0.89047,0
ILSVRC2012_val_00002012_with_ILSVRC2012_val_00033782_rank334,297,295,0.93,1
ILSVRC2012_val_00002012_with_ILSVRC2012_val_00044839_rank706,110,110,0.87821,0
ILSVRC2012_val_00002012_with_ILSVRC2012_val_00009637_rank281,127,127,0.88905,0
ILSVRC2012_val_00002012_with_ILSVRC2012_val_00005762_rank273,423,423,0.91488,0
ILSVRC2012_val_00002012_with_ILSVRC2012_val_00029080_rank442,466,757,0.69044,19
ILSVRC2012_val_00002012_with_ILSVRC2012_val_00008360_rank541,408,408,0.86695,0
ILSVRC2012_val_00002012_with_ILSVRC2012_val_00038457_rank051,186,186,0.95674,0
ILSVRC2012_val_00002012_with_ILSVRC2012_val_00000693_rank546,425,425,0.9285,0
ILSVRC2012_val_00002012_with_ILSVRC2012_val_00043835_rank013,236,236,0.88562,0
ILSVRC2012_val_00002012_with_ILSVRC2012_val_00008869_rank468,721,721,0.95908,0
ILSVRC2012_val_00002012_with_ILSVRC2012_val_00031526_rank999,409,409,0.88327,0
ILSVRC2012_val_00002012_with_ILSVRC2012_val_00025869_rank102,218,218,0.93453,0
ILSVRC2012_val_00002012_with_ILSVRC2012_val_00040444_rank368,42,32,0.22569,15
ILSVRC2012_val_00002012_with_ILSVRC2012_val_00011817_rank983,748,748,0.37182,0
ILSVRC2012_val_00002012_with_ILSVRC2012_val_00041396_rank934,818,818,0.6716,0
ILSVRC2012_val_00002012_with_ILSVRC2012_val_00006391_rank292,699,699,0.88638,0
ILSVRC2012_val_00002012_with_ILSVRC2012_val_00028286_rank728,995,995,0.92515,0
ILSVRC2012_val_00002012_with_ILSVRC2012_val_00047484_rank425,360,150,0.53889,3
ILSVRC2012_val_00002012_with_ILSVRC2012_val_00026532_rank249,586,586,0.93466,0
ILSVRC2012_val_00002012_with_ILSVRC2012_val_00047252_rank438,83,83,0.92879,0
ILSVRC2012_val_00002012_with_ILSVRC2012_val_00009126_rank764,682,410,0.38653,150
ILSVRC2012_val_00002012_with_ILSVRC2012_val_00034978_rank714,563,907,0.47907,21
ILSVRC2012_val_00002012_with_ILSVRC2012_val_00000113_rank006,227,227,0.91877,0
ILSVRC2012_val_00002012_with_ILSVRC2012_val_00035456_rank723,352,353,0.83899,1
ILSVRC2012_val_00002012_with_ILSVRC2012_val_00020037_rank851,850,850,0.96177,0
ILSVRC2012_val_00002012_with_ILSVRC2012_val_00002982_rank755,988,988,0.90947,0
ILSVRC2012_val_00002012_with_ILSVRC2012_val_00028012_rank810,845,845,0.81818,0
ILSVRC2012_val_00002012_with_ILSVRC2012_val_00037330_rank056,223,223,0.88312,0
ILSVRC2012_val_00002012_with_ILSVRC2012_val_00010518_rank714,563,563,0.92552,0
ILSVRC2012_val_00002012_with_ILSVRC2012_val_00039549_rank934,818,428,0.55463,664
ILSVRC2012_val_00002012_with_ILSVRC2012_val_00029106_rank126,734,407,0.31179,1
ILSVRC2012_val_00002012_with_ILSVRC2012_val_00017681_rank903,505,505,0.70244,0
ILSVRC2012_val_00002012_with_ILSVRC2012_val_00011265_rank420,957,957,0.45673,0
ILSVRC2012_val_00002012_with_ILSVRC2012_val_00031805_rank273,423,423,0.921,0
ILSVRC2012_val_00002012_with_ILSVRC2012_val_00002189_rank225,532,637,0.51263,800
ILSVRC2012_val_00002012_with_ILSVRC2012_val_00001411_rank351,675,675,0.71019,0
ILSVRC2012_val_00002012_with_ILSVRC2012_val_00005234_rank033,104,104,0.9473,0
ILSVRC2012_val_00002012_with_ILSVRC2012_val_00011315_rank208,95,95,0.91635,0
ILSVRC2012_val_00002012_with_ILSVRC2012_val_00010497_rank994,418,744,0.58499,29
ILSVRC2012_val_00002012_with_ILSVRC2012_val_00003298_rank761,61,345,0.34788,355
ILSVRC2012_val_00002012_with_ILSVRC2012_val_00017748_rank358,640,637,0.34373,32
ILSVRC2012_val_00002012_with_ILSVRC2012_val_00040802_rank005,255,255,0.88945,0
ILSVRC2012_val_00002012_with_ILSVRC2012_val_00044110_rank897,438,438,0.15381,0
ILSVRC2012_val_00002012_with_ILSVRC2012_val_00013626_rank628,941,941,0.93398,0
ILSVRC2012_val_00002012_with_ILSVRC2012_val_00019381_rank505,332,332,0.52838,0
ILSVRC2012_val_00002012_with_ILSVRC2012_val_00008164_rank569,973,825,0.11241,59
ILSVRC2012_val_00002012_with_ILSVRC2012_val_00014795_rank971,826,826,0.24974,0
ILSVRC2012_val_00002012_with_ILSVRC2012_val_00046491_rank393,392,392,0.88756,0
ILSVRC2012_val_00002012_with_ILSVRC2012_val_00039711_rank190,200,226,0.53538,5
ILSVRC2012_val_00002012_with_ILSVRC2012_val_00020445_rank946,683,683,0.13765,0
ILSVRC2012_val_00002012_with_ILSVRC2012_val_00035292_rank134,295,295,0.9425,0
ILSVRC2012_val_00002012_with_ILSVRC2012_val_00047224_rank328,43,43,0.93939,0
ILSVRC2012_val_00002012_with_ILSVRC2012_val_00022095_rank868,82,83,0.39687,3
ILSVRC2012_val_00002012_with_ILSVRC2012_val_00041058_rank577,517,517,0.90685,0
ILSVRC2012_val_00002012_with_ILSVRC2012_val_00010978_rank931,635,635,0.90816,0
ILSVRC2012_val_00002012_with_ILSVRC2012_val_00027661_rank880,338,338,0.93863,0
ILSVRC2012_val_00002012_with_ILSVRC2012_val_00015800_rank091,278,277,0.68212,1
ILSVRC2012_val_00002012_with_ILSVRC2012_val_00014177_rank651,942,942,0.85492,0
ILSVRC2012_val_00002012_with_ILSVRC2012_val_00016819_rank070,805,805,0.91811,0
ILSVRC2012_val_00002012_with_ILSVRC2012_val_00037708_rank599,910,910,0.89697,0
ILSVRC2012_val_00002012_with_ILSVRC2012_val_00010644_rank569,973,973,0.79726,0
ILSVRC2012_val_00002012_with_ILSVRC2012_val_00047081_rank499,431,797,0.89052,15
ILSVRC2012_val_00002012_with_ILSVRC2012_val_00004998_rank637,895,895,0.74786,0
ILSVRC2012_val_00002012_with_ILSVRC2012_val_00037855_rank109,168,163,0.67891,4
ILSVRC2012_val_00002012_with_ILSVRC2012_val_00003512_rank924,754,754,0.82444,0
ILSVRC2012_val_00002012_with_ILSVRC2012_val_00010974_rank587,333,333,0.90214,0
ILSVRC2012_val_00002012_with_ILSVRC2012_val_00019097_rank347,67,67,0.85375,0
ILSVRC2012_val_00002012_with_ILSVRC2012_val_00039696_rank010,224,224,0.9094,0
ILSVRC2012_val_00002012_with_ILSVRC2012_val_00013320_rank865,892,409,0.7055,1
ILSVRC2012_val_00002012_with_ILSVRC2012_val_00045973_rank939,996,996,0.91766,0
ILSVRC2012_val_00002012_with_ILSVRC2012_val_00038470_rank535,561,561,0.90383,0
ILSVRC2012_val_00002012_with_ILSVRC2012_val_00029145_rank400,556,556,0.1737,0
ILSVRC2012_val_00002012_with_ILSVRC2012_val_00043289_rank113,253,253,0.9038,0
ILSVRC2012_val_00002012_with_ILSVRC2012_val_00035937_rank197,515,515,0.44003,0
ILSVRC2012_val_00002012_with_ILSVRC2012_val_00023130_rank848,714,714,0.90733,0
ILSVRC2012_val_00002012_with_ILSVRC2012_val_00047920_rank111,106,106,0.91348,0
ILSVRC2012_val_00002012_with_ILSVRC2012_val_00012655_rank173,133,133,0.93442,0
ILSVRC2012_val_00002012_with_ILSVRC2012_val_00027829_rank649,60,912,0.42868,45
ILSVRC2012_val_00002012_with_ILSVRC2012_val_00005732_rank919,886,886,0.90299,0
ILSVRC2012_val_00002012_with_ILSVRC2012_val_00026044_rank542,140,140,0.94037,0
ILSVRC2012_val_00002012_with_ILSVRC2012_val_00025183_rank537,131,131,0.92207,0
ILSVRC2012_val_00002012_with_ILSVRC2012_val_00004893_rank585,11,11,0.90768,0
ILSVRC2012_val_00002012_with_ILSVRC2012_val_00019494_rank371,595,595,0.8403,0
ILSVRC2012_val_00002012_with_ILSVRC2012_val_00032086_rank626,53,53,0.93664,0
ILSVRC2012_val_00002012_with_ILSVRC2012_val_00011985_rank741,152,152,0.93554,0
ILSVRC2012_val_00002012_with_ILSVRC2012_val_00039636_rank144,384,384,0.90132,0
ILSVRC2012_val_00002012_with_ILSVRC2012_val_00042625_rank192,258,258,0.90856,0
ILSVRC2012_val_00002012_with_ILSVRC2012_val_00049523_rank138,217,217,0.88118,0
ILSVRC2012_val_00002012_with_ILSVRC2012_val_00024259_rank656,54,61,0.34292,10
ILSVRC2012_val_00002012_with_ILSVRC2012_val_00028052_rank122,202,184,0.67939,1
ILSVRC2012_val_00002012_with_ILSVRC2012_val_00032067_rank166,373,373,0.8916,0
ILSVRC2012_val_00002012_with_ILSVRC2012_val_00018612_rank268,802,670,0.51396,5
ILSVRC2012_val_00002012_with_ILSVRC2012_val_00017227_rank022,182,182,0.9173,0
ILSVRC2012_val_00002012_with_ILSVRC2012_val_00018101_rank247,552,99,0.11862,931
ILSVRC2012_val_00002012_with_ILSVRC2012_val_00008172_rank993,582,472,0.85901,403
ILSVRC2012_val_00002012_with_ILSVRC2012_val_00002040_rank709,502,502,0.90119,0
ILSVRC2012_val_00002012_with_ILSVRC2012_val_00006371_rank596,871,871,0.51043,0
ILSVRC2012_val_00002012_with_ILSVRC2012_val_00012567_rank624,545,545,0.89644,0
ILSVRC2012_val_00002012_with_ILSVRC2012_val_00029816_rank088,276,276,0.92476,0
ILSVRC2012_val_00002012_with_ILSVRC2012_val_00001509_rank224,356,359,0.79641,3
ILSVRC2012_val_00002012_with_ILSVRC2012_val_00002802_rank554,87,87,0.93193,0
ILSVRC2012_val_00002012_with_ILSVRC2012_val_00015652_rank386,958,562,0.33162,148
ILSVRC2012_val_00002012_with_ILSVRC2012_val_00006711_rank979,134,134,0.92941,0
ILSVRC2012_val_00002012_with_ILSVRC2012_val_00022601_rank895,459,459,0.9364,0
ILSVRC2012_val_00002012_with_ILSVRC2012_val_00039109_rank196,359,358,0.82077,2
ILSVRC2012_val_00002012_with_ILSVRC2012_val_00009531_rank551,651,651,0.9258,0
ILSVRC2012_val_00002012_with_ILSVRC2012_val_00005346_rank197,515,515,0.93304,0
ILSVRC2012_val_00002012_with_ILSVRC2012_val_00011070_rank719,121,121,0.92986,0
ILSVRC2012_val_00002012_with_ILSVRC2012_val_00020921_rank736,866,866,0.77995,0
ILSVRC2012_val_00002012_with_ILSVRC2012_val_00028623_rank091,278,277,0.55935,1
ILSVRC2012_val_00002012_with_ILSVRC2012_val_00047966_rank531,953,953,0.94262,0
ILSVRC2012_val_00002012_with_ILSVRC2012_val_00043818_rank451,702,912,0.34973,49
ILSVRC2012_val_00002012_with_ILSVRC2012_val_00026595_rank422,139,139,0.91365,0
ILSVRC2012_val_00002012_with_ILSVRC2012_val_00020740_rank011,163,163,0.93584,0
ILSVRC2012_val_00002012_with_ILSVRC2012_val_00035508_rank635,842,842,0.32617,0
ILSVRC2012_val_00002012_with_ILSVRC2012_val_00032963_rank687,920,818,0.28523,5
ILSVRC2012_val_00002012_with_ILSVRC2012_val_00017031_rank1000,903,903,0.89642,0
ILSVRC2012_val_00002012_with_ILSVRC2012_val_00035317_rank656,54,67,0.50118,3
ILSVRC2012_val_00002012_with_ILSVRC2012_val_00049350_rank928,29,29,0.93747,0
ILSVRC2012_val_00002012_with_ILSVRC2012_val_00013709_rank446,399,636,0.87824,54
ILSVRC2012_val_00002012_with_ILSVRC2012_val_00013394_rank743,35,35,0.64128,0
ILSVRC2012_val_00002012_with_ILSVRC2012_val_00010500_rank008,249,249,0.91163,0
ILSVRC2012_val_00002012_with_ILSVRC2012_val_00033528_rank548,376,373,0.34753,3
ILSVRC2012_val_00002012_with_ILSVRC2012_val_00035005_rank870,769,78,0.73601,51
ILSVRC2012_val_00002012_with_ILSVRC2012_val_00045358_rank055,151,151,0.76675,0
ILSVRC2012_val_00002012_with_ILSVRC2012_val_00047847_rank493,411,411,0.62093,0
ILSVRC2012_val_00002012_with_ILSVRC2012_val_00019634_rank674,600,912,0.10799,707
ILSVRC2012_val_00002012_with_ILSVRC2012_val_00002277_rank082,241,241,0.70932,0
ILSVRC2012_val_00002012_with_ILSVRC2012_val_00003343_rank927,937,312,0.57533,93
ILSVRC2012_val_00002012_with_ILSVRC2012_val_00037498_rank231,560,560,0.94363,0
ILSVRC2012_val_00002012_with_ILSVRC2012_val_00014188_rank673,962,962,0.82982,0
ILSVRC2012_val_00002012_with_ILSVRC2012_val_00025780_rank695,914,410,0.34506,393
ILSVRC2012_val_00002012_with_ILSVRC2012_val_00012800_rank053,270,270,0.87633,0
ILSVRC2012_val_00002012_with_ILSVRC2012_val_00042269_rank833,686,686,0.89075,0
ILSVRC2012_val_00002012_with_ILSVRC2012_val_00017116_rank982,584,701,0.38956,372
ILSVRC2012_val_00002012_with_ILSVRC2012_val_00048964_rank142,228,228,0.95438,0
ILSVRC2012_val_00002012_with_ILSVRC2012_val_00001605_rank391,593,361,0.78922,235
ILSVRC2012_val_00002012_with_ILSVRC2012_val_00018026_rank311,105,105,0.92707,0
ILSVRC2012_val_00002012_with_ILSVRC2012_val_00017012_rank957,28,28,0.924,0
ILSVRC2012_val_00002012_with_ILSVRC2012_val_00049142_rank823,862,862,0.92436,0
ILSVRC2012_val_00002012_with_ILSVRC2012_val_00021953_rank676,300,300,0.71956,0
ILSVRC2012_val_00002012_with_ILSVRC2012_val_00048727_rank356,136,136,0.91469,0
ILSVRC2012_val_00002012_with_ILSVRC2012_val_00009953_rank601,514,514,0.92896,0
ILSVRC2012_val_00002012_with_ILSVRC2012_val_00029689_rank441,833,879,0.16795,802
ILSVRC2012_val_00002012_with_ILSVRC2012_val_00019236_rank585,11,11,0.90936,0
ILSVRC2012_val_00002012_with_ILSVRC2012_val_00047405_rank198,50,824,0.27407,421
ILSVRC2012_val_00002012_with_ILSVRC2012_val_00047372_rank737,374,374,0.75322,0
ILSVRC2012_val_00002012_with_ILSVRC2012_val_00002363_rank359,951,951,0.86477,0
ILSVRC2012_val_00002012_with_ILSVRC2012_val_00036432_rank280,570,570,0.89791,0
ILSVRC2012_val_00002012_with_ILSVRC2012_val_00027542_rank658,770,770,0.57629,0
ILSVRC2012_val_00002012_with_ILSVRC2012_val_00033403_rank079,331,331,0.90105,0
ILSVRC2012_val_00002012_with_ILSVRC2012_val_00049695_rank176,880,730,0.23334,906
ILSVRC2012_val_00002012_with_ILSVRC2012_val_00019976_rank465,618,618,0.36305,0
ILSVRC2012_val_00002012_with_ILSVRC2012_val_00017490_rank650,39,47,0.9297,5
ILSVRC2012_val_00002012_with_ILSVRC2012_val_00023205_rank871,809,809,0.94985,0
ILSVRC2012_val_00002012_with_ILSVRC2012_val_00016894_rank915,657,744,0.2212,1
ILSVRC2012_val_00002012_with_ILSVRC2012_val_00043026_rank418,993,993,0.92049,0
ILSVRC2012_val_00002012_with_ILSVRC2012_val_00021786_rank419,44,44,0.88707,0
ILSVRC2012_val_00002012_with_ILSVRC2012_val_00037489_rank154,299,371,0.78913,4
ILSVRC2012_val_00002012_with_ILSVRC2012_val_00049839_rank971,826,426,0.5869,3
ILSVRC2012_val_00002012_with_ILSVRC2012_val_00005120_rank838,551,551,0.95801,0
ILSVRC2012_val_00002012_with_ILSVRC2012_val_00023761_rank460,641,515,0.32756,151
ILSVRC2012_val_00002012_with_ILSVRC2012_val_00033720_rank051,186,185,0.89257,1
ILSVRC2012_val_00002012_with_ILSVRC2012_val_00002752_rank258,2,2,0.87788,0
ILSVRC2012_val_00002012_with_ILSVRC2012_val_00043546_rank057,284,284,0.90751,0
ILSVRC2012_val_00002012_with_ILSVRC2012_val_00016358_rank977,899,725,0.68247,1
ILSVRC2012_val_00002012_with_ILSVRC2012_val_00012745_rank835,596,232,0.18102,434
ILSVRC2012_val_00002012_with_ILSVRC2012_val_00018751_rank812,815,427,0.22059,505
ILSVRC2012_val_00002012_with_ILSVRC2012_val_00014174_rank395,155,155,0.70267,0
ILSVRC2012_val_00002012_with_ILSVRC2012_val_00045819_rank537,131,131,0.85958,0
ILSVRC2012_val_00002012_with_ILSVRC2012_val_00016757_rank127,157,157,0.93149,0
ILSVRC2012_val_00002012_with_ILSVRC2012_val_00049627_rank005,255,255,0.92968,0
ILSVRC2012_val_00002012_with_ILSVRC2012_val_00045335_rank111,106,106,0.92954,0
ILSVRC2012_val_00002012_with_ILSVRC2012_val_00005974_rank908,616,701,0.12411,53
ILSVRC2012_val_00002012_with_ILSVRC2012_val_00028388_rank424,422,422,0.57934,0
ILSVRC2012_val_00002012_with_ILSVRC2012_val_00007949_rank233,543,543,0.90502,0
ILSVRC2012_val_00002012_with_ILSVRC2012_val_00036943_rank307,793,971,0.69182,36
ILSVRC2012_val_00002012_with_ILSVRC2012_val_00048985_rank911,631,898,0.48868,16
ILSVRC2012_val_00002012_with_ILSVRC2012_val_00013151_rank299,369,369,0.15965,0
ILSVRC2012_val_00002012_with_ILSVRC2012_val_00002845_rank676,300,300,0.90748,0
ILSVRC2012_val_00002012_with_ILSVRC2012_val_00043431_rank139,621,621,0.93634,0
ILSVRC2012_val_00002012_with_ILSVRC2012_val_00031463_rank444,417,417,0.95018,0
ILSVRC2012_val_00002012_with_ILSVRC2012_val_00010138_rank979,134,134,0.89482,0
ILSVRC2012_val_00002012_with_ILSVRC2012_val_00006068_rank305,781,781,0.69361,0
ILSVRC2012_val_00002012_with_ILSVRC2012_val_00002075_rank885,529,824,0.11988,971
ILSVRC2012_val_00002012_with_ILSVRC2012_val_00026660_rank747,990,990,0.94513,0
ILSVRC2012_val_00002012_with_ILSVRC2012_val_00038107_rank093,158,158,0.93,0
ILSVRC2012_val_00002012_with_ILSVRC2012_val_00016373_rank270,750,637,0.59352,956
ILSVRC2012_val_00002012_with_ILSVRC2012_val_00048175_rank304,24,24,0.92067,0
ILSVRC2012_val_00002012_with_ILSVRC2012_val_00005683_rank465,618,428,0.68792,402
ILSVRC2012_val_00002012_with_ILSVRC2012_val_00025607_rank306,602,522,0.14287,198
ILSVRC2012_val_00002012_with_ILSVRC2012_val_00000748_rank122,202,202,0.52896,0
ILSVRC2012_val_00002012_with_ILSVRC2012_val_00030264_rank764,682,807,0.41229,330
ILSVRC2012_val_00002012_with_ILSVRC2012_val_00027434_rank288,97,97,0.89758,0
ILSVRC2012_val_00002012_with_ILSVRC2012_val_00017101_rank377,691,112,0.26528,307
ILSVRC2012_val_00002012_with_ILSVRC2012_val_00023189_rank944,968,514,0.32192,198
ILSVRC2012_val_00002012_with_ILSVRC2012_val_00019971_rank472,516,516,0.57905,0
ILSVRC2012_val_00002012_with_ILSVRC2012_val_00004393_rank633,900,900,0.5961,0
ILSVRC2012_val_00002012_with_ILSVRC2012_val_00029725_rank139,621,621,0.93609,0
ILSVRC2012_val_00002012_with_ILSVRC2012_val_00027141_rank640,894,894,0.9054,0
ILSVRC2012_val_00002012_with_ILSVRC2012_val_00012467_rank663,687,687,0.94122,0
ILSVRC2012_val_00002012_with_ILSVRC2012_val_00045154_rank776,823,426,0.38366,37
ILSVRC2012_val_00002012_with_ILSVRC2012_val_00035951_rank691,741,741,0.93282,0
ILSVRC2012_val_00002012_with_ILSVRC2012_val_00002585_rank243,972,649,0.5035,7
ILSVRC2012_val_00002012_with_ILSVRC2012_val_00024891_rank202,472,975,0.22812,2
ILSVRC2012_val_00002012_with_ILSVRC2012_val_00000595_rank441,833,833,0.72242,0
ILSVRC2012_val_00002012_with_ILSVRC2012_val_00029590_rank154,299,299,0.913,0
ILSVRC2012_val_00002012_with_ILSVRC2012_val_00044125_rank507,821,821,0.14999,0
ILSVRC2012_val_00002012_with_ILSVRC2012_val_00038744_rank784,932,932,0.93928,0
ILSVRC2012_val_00002012_with_ILSVRC2012_val_00013765_rank936,441,441,0.44616,0
ILSVRC2012_val_00002012_with_ILSVRC2012_val_00045137_rank977,899,725,0.69492,1
ILSVRC2012_val_00002012_with_ILSVRC2012_val_00043438_rank929,711,637,0.3221,232
ILSVRC2012_val_00002012_with_ILSVRC2012_val_00031155_rank939,996,599,0.51806,10
ILSVRC2012_val_00002012_with_ILSVRC2012_val_00005977_rank444,417,417,0.94017,0
ILSVRC2012_val_00002012_with_ILSVRC2012_val_00014228_rank576,474,474,0.948,0
ILSVRC2012_val_00002012_with_ILSVRC2012_val_00006515_rank484,547,547,0.88482,0
ILSVRC2012_val_00002012_with_ILSVRC2012_val_00023692_rank808,73,73,0.62034,0
ILSVRC2012_val_00002012_with_ILSVRC2012_val_00043842_rank072,176,176,0.84507,0
ILSVRC2012_val_00002012_with_ILSVRC2012_val_00028415_rank529,396,396,0.21289,0
ILSVRC2012_val_00002012_with_ILSVRC2012_val_00017286_rank829,469,469,0.8496,0
ILSVRC2012_val_00002012_with_ILSVRC2012_val_00011880_rank217,703,807,0.10228,205
ILSVRC2012_val_00002012_with_ILSVRC2012_val_00035406_rank384,912,912,0.7856,0
ILSVRC2012_val_00002012_with_ILSVRC2012_val_00011033_rank996,778,778,0.92798,0
ILSVRC2012_val_00002012_with_ILSVRC2012_val_00041138_rank807,437,437,0.60518,0
ILSVRC2012_val_00002012_with_ILSVRC2012_val_00031690_rank587,333,333,0.92013,0
ILSVRC2012_val_00002012_with_ILSVRC2012_val_00001028_rank177,194,194,0.94388,0
ILSVRC2012_val_00002012_with_ILSVRC2012_val_00043968_rank163,99,975,0.16587,25
ILSVRC2012_val_00002012_with_ILSVRC2012_val_00006603_rank454,16,16,0.89597,0
ILSVRC2012_val_00002012_with_ILSVRC2012_val_00044063_rank563,729,729,0.95059,0
ILSVRC2012_val_00002012_with_ILSVRC2012_val_00014334_rank851,850,850,0.60577,0
ILSVRC2012_val_00002012_with_ILSVRC2012_val_00019879_rank199,797,797,0.91714,0
ILSVRC2012_val_00002012_with_ILSVRC2012_val_00039389_rank735,135,135,0.8891,0
ILSVRC2012_val_00002012_with_ILSVRC2012_val_00042346_rank539,76,76,0.93349,0
ILSVRC2012_val_00002012_with_ILSVRC2012_val_00027940_rank615,78,78,0.78211,0
ILSVRC2012_val_00002012_with_ILSVRC2012_val_00020808_rank147,652,652,0.88975,0
ILSVRC2012_val_00002012_with_ILSVRC2012_val_00008984_rank853,720,720,0.90662,0
ILSVRC2012_val_00002012_with_ILSVRC2012_val_00008635_rank030,465,465,0.89135,0
ILSVRC2012_val_00002012_with_ILSVRC2012_val_00029471_rank430,118,118,0.75032,0
ILSVRC2012_val_00002012_with_ILSVRC2012_val_00006168_rank082,241,238,0.67174,2
ILSVRC2012_val_00002012_with_ILSVRC2012_val_00038473_rank331,836,670,0.79945,88
ILSVRC2012_val_00002012_with_ILSVRC2012_val_00001405_rank473,931,931,0.75259,0
ILSVRC2012_val_00002012_with_ILSVRC2012_val_00030527_rank110,221,221,0.665,0
ILSVRC2012_val_00002012_with_ILSVRC2012_val_00022249_rank916,897,713,0.2313,4
ILSVRC2012_val_00002012_with_ILSVRC2012_val_00016420_rank010,224,224,0.9064,0
ILSVRC2012_val_00002012_with_ILSVRC2012_val_00018907_rank761,61,61,0.9109,0
ILSVRC2012_val_00002012_with_ILSVRC2012_val_00003977_rank265,661,661,0.92473,0
ILSVRC2012_val_00002012_with_ILSVRC2012_val_00003897_rank584,890,890,0.85171,0
ILSVRC2012_val_00002012_with_ILSVRC2012_val_00022185_rank327,348,348,0.93099,0
ILSVRC2012_val_00002012_with_ILSVRC2012_val_00015416_rank246,13,13,0.91974,0
ILSVRC2012_val_00002012_with_ILSVRC2012_val_00023422_rank919,886,886,0.70201,0
ILSVRC2012_val_00002012_with_ILSVRC2012_val_00048818_rank012,244,244,0.90465,0
ILSVRC2012_val_00002012_with_ILSVRC2012_val_00016811_rank766,322,322,0.93106,0
ILSVRC2012_val_00002012_with_ILSVRC2012_val_00025679_rank103,185,185,0.82263,0
ILSVRC2012_val_00002012_with_ILSVRC2012_val_00013279_rank015,261,261,0.94441,0
ILSVRC2012_val_00002012_with_ILSVRC2012_val_00021255_rank427,317,317,0.86554,0
ILSVRC2012_val_00002012_with_ILSVRC2012_val_00011226_rank945,816,816,0.92012,0
ILSVRC2012_val_00002012_with_ILSVRC2012_val_00046461_rank913,846,750,0.92633,37
ILSVRC2012_val_00002012_with_ILSVRC2012_val_00008432_rank144,384,384,0.91447,0
ILSVRC2012_val_00002012_with_ILSVRC2012_val_00025342_rank135,568,885,0.71246,20
ILSVRC2012_val_00002012_with_ILSVRC2012_val_00045143_rank341,791,791,0.82792,0
ILSVRC2012_val_00002012_with_ILSVRC2012_val_00049209_rank754,540,637,0.23662,999
ILSVRC2012_val_00002012_with_ILSVRC2012_val_00039010_rank040,164,164,0.86773,0
ILSVRC2012_val_00002012_with_ILSVRC2012_val_00019938_rank992,712,712,0.86286,0
ILSVRC2012_val_00002012_with_ILSVRC2012_val_00033000_rank137,150,150,0.9409,0
ILSVRC2012_val_00002012_with_ILSVRC2012_val_00002577_rank828,632,632,0.90299,0
ILSVRC2012_val_00002012_with_ILSVRC2012_val_00019423_rank262,7,7,0.5765,0
ILSVRC2012_val_00002012_with_ILSVRC2012_val_00034777_rank166,373,373,0.84528,0
ILSVRC2012_val_00002012_with_ILSVRC2012_val_00038241_rank592,146,146,0.91736,0
ILSVRC2012_val_00002012_with_ILSVRC2012_val_00044262_rank763,26,104,0.11353,168
ILSVRC2012_val_00002012_with_ILSVRC2012_val_00014076_rank376,25,25,0.85806,0
ILSVRC2012_val_00002012_with_ILSVRC2012_val_00045058_rank548,376,376,0.91784,0
ILSVRC2012_val_00002012_with_ILSVRC2012_val_00007042_rank243,972,972,0.51098,0
ILSVRC2012_val_00002012_with_ILSVRC2012_val_00011022_rank807,437,437,0.90238,0
ILSVRC2012_val_00002012_with_ILSVRC2012_val_00044755_rank257,34,34,0.89517,0
ILSVRC2012_val_00002012_with_ILSVRC2012_val_00036720_rank548,376,376,0.90216,0
ILSVRC2012_val_00002012_with_ILSVRC2012_val_00024981_rank019,222,222,0.55165,0
ILSVRC2012_val_00002012_with_ILSVRC2012_val_00011735_rank441,833,625,0.65504,5
ILSVRC2012_val_00002012_with_ILSVRC2012_val_00005536_rank963,79,79,0.2111,0
ILSVRC2012_val_00002012_with_ILSVRC2012_val_00021085_rank454,16,16,0.85869,0
ILSVRC2012_val_00002012_with_ILSVRC2012_val_00034051_rank393,392,392,0.92019,0
ILSVRC2012_val_00002012_with_ILSVRC2012_val_00025539_rank066,161,161,0.77701,0
ILSVRC2012_val_00002012_with_ILSVRC2012_val_00020797_rank024,676,463,0.64714,101
ILSVRC2012_val_00002012_with_ILSVRC2012_val_00021961_rank286,156,156,0.61283,0
ILSVRC2012_val_00002012_with_ILSVRC2012_val_00047605_rank931,635,635,0.92665,0
ILSVRC2012_val_00002012_with_ILSVRC2012_val_00026321_rank895,459,459,0.93807,0
ILSVRC2012_val_00002012_with_ILSVRC2012_val_00038758_rank398,363,363,0.91852,0
ILSVRC2012_val_00002012_with_ILSVRC2012_val_00031433_rank863,190,229,0.83891,7
ILSVRC2012_val_00002012_with_ILSVRC2012_val_00036280_rank424,422,912,0.74455,607
ILSVRC2012_val_00002012_with_ILSVRC2012_val_00016738_rank397,486,486,0.94127,0
ILSVRC2012_val_00002012_with_ILSVRC2012_val_00031144_rank304,24,24,0.9298,0
ILSVRC2012_val_00002012_with_ILSVRC2012_val_00045694_rank969,780,780,0.36882,0
ILSVRC2012_val_00002012_with_ILSVRC2012_val_00034710_rank506,457,457,0.92575,0
ILSVRC2012_val_00002012_with_ILSVRC2012_val_00048409_rank883,591,591,0.89424,0
ILSVRC2012_val_00002012_with_ILSVRC2012_val_00027199_rank472,516,637,0.19064,150
ILSVRC2012_val_00002012_with_ILSVRC2012_val_00032208_rank582,350,350,0.89895,0
ILSVRC2012_val_00002012_with_ILSVRC2012_val_00027407_rank900,891,827,0.3016,20
ILSVRC2012_val_00002012_with_ILSVRC2012_val_00000132_rank399,742,742,0.66175,0
ILSVRC2012_val_00002012_with_ILSVRC2012_val_00038342_rank347,67,67,0.90512,0
ILSVRC2012_val_00002012_with_ILSVRC2012_val_00006664_rank035,260,260,0.93515,0
ILSVRC2012_val_00002012_with_ILSVRC2012_val_00034291_rank008,249,249,0.9366,0
ILSVRC2012_val_00002012_with_ILSVRC2012_val_00021221_rank489,312,312,0.82547,0
ILSVRC2012_val_00002012_with_ILSVRC2012_val_00020058_rank107,177,177,0.93238,0
ILSVRC2012_val_00002012_with_ILSVRC2012_val_00013244_rank999,409,426,0.514,3
ILSVRC2012_val_00002012_with_ILSVRC2012_val_00043100_rank293,364,364,0.93562,0
ILSVRC2012_val_00002012_with_ILSVRC2012_val_00044192_rank297,18,18,0.92331,0
ILSVRC2012_val_00002012_with_ILSVRC2012_val_00045901_rank037,165,236,0.84461,2
ILSVRC2012_val_00002012_with_ILSVRC2012_val_00005351_rank099,852,234,0.81838,32
ILSVRC2012_val_00002012_with_ILSVRC2012_val_00020924_rank201,765,435,0.12196,274
ILSVRC2012_val_00002012_with_ILSVRC2012_val_00028746_rank299,369,369,0.23028,0
ILSVRC2012_val_00002012_with_ILSVRC2012_val_00039300_rank630,904,807,0.75971,7
ILSVRC2012_val_00002012_with_ILSVRC2012_val_00024755_rank412,311,311,0.74181,0
ILSVRC2012_val_00002012_with_ILSVRC2012_val_00031431_rank249,586,586,0.94135,0
ILSVRC2012_val_00002012_with_ILSVRC2012_val_00013093_rank218,128,128,0.82582,0
ILSVRC2012_val_00002012_with_ILSVRC2012_val_00043039_rank174,929,637,0.36426,243
ILSVRC2012_val_00002012_with_ILSVRC2012_val_00042406_rank271,358,358,0.87348,0
ILSVRC2012_val_00002012_with_ILSVRC2012_val_00022410_rank848,714,714,0.63108,0
ILSVRC2012_val_00002012_with_ILSVRC2012_val_00036687_rank111,106,106,0.95999,0
ILSVRC2012_val_00002012_with_ILSVRC2012_val_00012952_rank058,206,206,0.90056,0
ILSVRC2012_val_00002012_with_ILSVRC2012_val_00026199_rank286,156,247,0.35443,8
ILSVRC2012_val_00002012_with_ILSVRC2012_val_00044933_rank260,100,100,0.91184,0
ILSVRC2012_val_00002012_with_ILSVRC2012_val_00047359_rank579,325,325,0.89731,0
ILSVRC2012_val_00002012_with_ILSVRC2012_val_00002632_rank573,865,191,0.11568,621
ILSVRC2012_val_00002012_with_ILSVRC2012_val_00031051_rank048,169,176,0.38714,1
ILSVRC2012_val_00002012_with_ILSVRC2012_val_00023608_rank402,427,427,0.9053,0
ILSVRC2012_val_00002012_with_ILSVRC2012_val_00026107_rank291,462,462,0.82542,0
ILSVRC2012_val_00002012_with_ILSVRC2012_val_00044421_rank739,813,813,0.89106,0
ILSVRC2012_val_00002012_with_ILSVRC2012_val_00024516_rank322,796,459,0.87713,49
ILSVRC2012_val_00002012_with_ILSVRC2012_val_00009194_rank554,87,87,0.93539,0
ILSVRC2012_val_00002012_with_ILSVRC2012_val_00011616_rank196,359,359,0.57763,0
ILSVRC2012_val_00002012_with_ILSVRC2012_val_00021779_rank479,601,601,0.22934,0
ILSVRC2012_val_00002012_with_ILSVRC2012_val_00026191_rank198,50,643,0.04727,824
ILSVRC2012_val_00002012_with_ILSVRC2012_val_00013847_rank528,4,4,0.94697,0
ILSVRC2012_val_00002012_with_ILSVRC2012_val_00026339_rank137,150,150,0.95999,0
ILSVRC2012_val_00002012_with_ILSVRC2012_val_00024866_rank559,643,435,0.43883,113
ILSVRC2012_val_00002012_with_ILSVRC2012_val_00038505_rank288,97,97,0.88227,0
ILSVRC2012_val_00002012_with_ILSVRC2012_val_00025240_rank533,681,620,0.55262,1
ILSVRC2012_val_00002012_with_ILSVRC2012_val_00029375_rank080,267,267,0.86588,0
ILSVRC2012_val_00002012_with_ILSVRC2012_val_00049646_rank743,35,35,0.63588,0
ILSVRC2012_val_00002012_with_ILSVRC2012_val_00044228_rank476,318,318,0.7371,0
ILSVRC2012_val_00002012_with_ILSVRC2012_val_00016546_rank530,935,935,0.43598,0
ILSVRC2012_val_00002012_with_ILSVRC2012_val_00003447_rank392,492,492,0.88591,0
ILSVRC2012_val_00002012_with_ILSVRC2012_val_00018308_rank400,556,599,0.79668,118
ILSVRC2012_val_00002012_with_ILSVRC2012_val_00037584_rank474,405,912,0.07088,424
ILSVRC2012_val_00002012_with_ILSVRC2012_val_00016170_rank882,115,998,0.0722,112
ILSVRC2012_val_00002012_with_ILSVRC2012_val_00047318_rank723,352,352,0.79641,0
ILSVRC2012_val_00002012_with_ILSVRC2012_val_00041196_rank972,804,804,0.50607,0
ILSVRC2012_val_00002012_with_ILSVRC2012_val_00016473_rank838,551,551,0.94118,0
ILSVRC2012_val_00002012_with_ILSVRC2012_val_00043047_rank467,751,751,0.46332,0
ILSVRC2012_val_00002012_with_ILSVRC2012_val_00047074_rank608,564,564,0.46869,0
ILSVRC2012_val_00002012_with_ILSVRC2012_val_00036904_rank210,776,776,0.92396,0
ILSVRC2012_val_00002012_with_ILSVRC2012_val_00008730_rank720,397,397,0.90811,0
ILSVRC2012_val_00002012_with_ILSVRC2012_val_00015797_rank684,767,929,0.7052,28
ILSVRC2012_val_00002012_with_ILSVRC2012_val_00010189_rank915,657,744,0.51853,1
ILSVRC2012_val_00002012_with_ILSVRC2012_val_00044672_rank016,264,264,0.65974,0
ILSVRC2012_val_00002012_with_ILSVRC2012_val_00036401_rank259,289,289,0.85961,0
ILSVRC2012_val_00002012_with_ILSVRC2012_val_00003980_rank206,401,401,0.90315,0
ILSVRC2012_val_00002012_with_ILSVRC2012_val_00033251_rank474,405,405,0.93818,0
ILSVRC2012_val_00002012_with_ILSVRC2012_val_00043448_rank759,789,789,0.95365,0
ILSVRC2012_val_00002012_with_ILSVRC2012_val_00038165_rank889,398,398,0.94367,0
ILSVRC2012_val_00002012_with_ILSVRC2012_val_00045652_rank182,389,389,0.9069,0
ILSVRC2012_val_00002012_with_ILSVRC2012_val_00004847_rank680,835,835,0.89072,0
ILSVRC2012_val_00002012_with_ILSVRC2012_val_00038976_rank125,285,285,0.89184,0
ILSVRC2012_val_00002012_with_ILSVRC2012_val_00011177_rank979,134,134,0.91071,0
ILSVRC2012_val_00002012_with_ILSVRC2012_val_00015954_rank941,521,521,0.87901,0
ILSVRC2012_val_00002012_with_ILSVRC2012_val_00008420_rank538,14,14,0.90969,0
ILSVRC2012_val_00002012_with_ILSVRC2012_val_00029144_rank791,387,387,0.91471,0
ILSVRC2012_val_00002012_with_ILSVRC2012_val_00021062_rank637,895,637,0.34674,345
ILSVRC2012_val_00002012_with_ILSVRC2012_val_00013233_rank937,783,783,0.9137,0
ILSVRC2012_val_00002012_with_ILSVRC2012_val_00018334_rank316,58,912,0.75055,133
ILSVRC2012_val_00002012_with_ILSVRC2012_val_00002390_rank408,630,637,0.40645,332
ILSVRC2012_val_00002012_with_ILSVRC2012_val_00044917_rank919,886,886,0.89902,0
ILSVRC2012_val_00002012_with_ILSVRC2012_val_00027021_rank833,686,686,0.77841,0
ILSVRC2012_val_00002012_with_ILSVRC2012_val_00048202_rank449,759,759,0.75894,0
ILSVRC2012_val_00002012_with_ILSVRC2012_val_00020497_rank176,880,880,0.66515,0
ILSVRC2012_val_00002012_with_ILSVRC2012_val_00033360_rank412,311,311,0.77875,0
ILSVRC2012_val_00002012_with_ILSVRC2012_val_00034839_rank891,316,316,0.91866,0
ILSVRC2012_val_00002012_with_ILSVRC2012_val_00016605_rank482,851,851,0.69234,0
ILSVRC2012_val_00002012_with_ILSVRC2012_val_00011018_rank108,291,291,0.86557,0
ILSVRC2012_val_00002012_with_ILSVRC2012_val_00019654_rank564,952,952,0.95818,0
ILSVRC2012_val_00002012_with_ILSVRC2012_val_00027684_rank613,473,473,0.91355,0
ILSVRC2012_val_00002012_with_ILSVRC2012_val_00030967_rank359,951,951,0.9326,0
ILSVRC2012_val_00002012_with_ILSVRC2012_val_00006947_rank102,218,218,0.94467,0
ILSVRC2012_val_00002012_with_ILSVRC2012_val_00000212_rank760,889,889,0.80364,0
ILSVRC2012_val_00002012_with_ILSVRC2012_val_00029284_rank457,380,380,0.91357,0
ILSVRC2012_val_00002012_with_ILSVRC2012_val_00049689_rank421,493,410,0.31852,80
ILSVRC2012_val_00002012_with_ILSVRC2012_val_00017506_rank764,682,448,0.32384,69
ILSVRC2012_val_00002012_with_ILSVRC2012_val_00014966_rank666,310,310,0.93031,0
ILSVRC2012_val_00002012_with_ILSVRC2012_val_00039535_rank150,792,792,0.77462,0
ILSVRC2012_val_00002012_with_ILSVRC2012_val_00022819_rank276,63,63,0.86395,0
ILSVRC2012_val_00002012_with_ILSVRC2012_val_00014470_rank468,721,711,0.17062,214
ILSVRC2012_val_00002012_with_ILSVRC2012_val_00008352_rank498,74,74,0.72984,0
ILSVRC2012_val_00002012_with_ILSVRC2012_val_00034849_rank062,209,209,0.93363,0
ILSVRC2012_val_00002012_with_ILSVRC2012_val_00021099_rank273,423,637,0.24661,191
ILSVRC2012_val_00002012_with_ILSVRC2012_val_00045752_rank365,994,994,0.92167,0
ILSVRC2012_val_00002012_with_ILSVRC2012_val_00044032_rank403,627,627,0.92396,0
ILSVRC2012_val_00002012_with_ILSVRC2012_val_00000405_rank107,177,177,0.95056,0
ILSVRC2012_val_00002012_with_ILSVRC2012_val_00049108_rank199,797,797,0.93784,0
ILSVRC2012_val_00002012_with_ILSVRC2012_val_00001254_rank737,374,369,0.30173,16
ILSVRC2012_val_00002012_with_ILSVRC2012_val_00046772_rank238,787,787,0.96787,0
ILSVRC2012_val_00002012_with_ILSVRC2012_val_00011348_rank588,949,949,0.94304,0
ILSVRC2012_val_00002012_with_ILSVRC2012_val_00017238_rank665,611,611,0.93206,0
ILSVRC2012_val_00002012_with_ILSVRC2012_val_00018151_rank508,497,497,0.24811,0
ILSVRC2012_val_00002012_with_ILSVRC2012_val_00006870_rank704,565,565,0.90741,0
ILSVRC2012_val_00002012_with_ILSVRC2012_val_00048193_rank355,449,637,0.78136,203
ILSVRC2012_val_00002012_with_ILSVRC2012_val_00030792_rank575,302,302,0.95467,0
ILSVRC2012_val_00002012_with_ILSVRC2012_val_00009770_rank683,669,669,0.92372,0
ILSVRC2012_val_00002012_with_ILSVRC2012_val_00039455_rank534,59,64,0.3116,2
ILSVRC2012_val_00002012_with_ILSVRC2012_val_00006303_rank552,478,478,0.74447,0
ILSVRC2012_val_00002012_with_ILSVRC2012_val_00014751_rank922,125,125,0.89073,0
ILSVRC2012_val_00002012_with_ILSVRC2012_val_00021958_rank982,584,868,0.3057,124
ILSVRC2012_val_00002012_with_ILSVRC2012_val_00004630_rank786,760,760,0.94775,0
ILSVRC2012_val_00002012_with_ILSVRC2012_val_00033879_rank992,712,712,0.68482,0
ILSVRC2012_val_00002012_with_ILSVRC2012_val_00021463_rank985,719,719,0.93609,0
ILSVRC2012_val_00002012_with_ILSVRC2012_val_00010783_rank514,906,807,0.08554,128
ILSVRC2012_val_00002012_with_ILSVRC2012_val_00023488_rank763,26,26,0.83729,0
ILSVRC2012_val_00002012_with_ILSVRC2012_val_00019133_rank479,601,879,0.03795,147
ILSVRC2012_val_00002012_with_ILSVRC2012_val_00013465_rank120,344,344,0.83375,0
ILSVRC2012_val_00002012_with_ILSVRC2012_val_00024648_rank230,471,471,0.9127,0
ILSVRC2012_val_00002012_with_ILSVRC2012_val_00009400_rank580,496,496,0.94165,0
ILSVRC2012_val_00002012_with_ILSVRC2012_val_00003505_rank600,645,912,0.50132,55
ILSVRC2012_val_00002012_with_ILSVRC2012_val_00035344_rank532,690,603,0.46105,2
ILSVRC2012_val_00002012_with_ILSVRC2012_val_00035319_rank189,219,219,0.65981,0
ILSVRC2012_val_00002012_with_ILSVRC2012_val_00022830_rank099,852,752,0.65659,1
ILSVRC2012_val_00002012_with_ILSVRC2012_val_00041098_rank021,263,263,0.95766,0
ILSVRC2012_val_00002012_with_ILSVRC2012_val_00002651_rank889,398,398,0.89453,0
ILSVRC2012_val_00002012_with_ILSVRC2012_val_00048269_rank976,107,107,0.33557,0
ILSVRC2012_val_00002012_with_ILSVRC2012_val_00028565_rank376,25,25,0.85876,0
ILSVRC2012_val_00002012_with_ILSVRC2012_val_00001228_rank741,152,155,0.744,6
ILSVRC2012_val_00002012_with_ILSVRC2012_val_00004638_rank491,38,38,0.93364,0
ILSVRC2012_val_00002012_with_ILSVRC2012_val_00038466_rank595,320,320,0.79144,0
ILSVRC2012_val_00002012_with_ILSVRC2012_val_00005386_rank748,644,470,0.94013,2
ILSVRC2012_val_00002012_with_ILSVRC2012_val_00042022_rank124,192,192,0.3757,0
ILSVRC2012_val_00002012_with_ILSVRC2012_val_00025705_rank247,552,730,0.4975,876
ILSVRC2012_val_00002012_with_ILSVRC2012_val_00026656_rank309,17,17,0.92203,0
ILSVRC2012_val_00002012_with_ILSVRC2012_val_00034634_rank897,438,438,0.95017,0
ILSVRC2012_val_00002012_with_ILSVRC2012_val_00035894_rank622,999,514,0.4539,605
ILSVRC2012_val_00002012_with_ILSVRC2012_val_00038932_rank790,419,911,0.20521,335
ILSVRC2012_val_00002012_with_ILSVRC2012_val_00038910_rank591,375,375,0.86072,0
ILSVRC2012_val_00002012_with_ILSVRC2012_val_00026577_rank220,468,468,0.94326,0
ILSVRC2012_val_00002012_with_ILSVRC2012_val_00040672_rank738,613,613,0.89008,0
ILSVRC2012_val_00002012_with_ILSVRC2012_val_00027115_rank826,922,922,0.23734,0
ILSVRC2012_val_00002012_with_ILSVRC2012_val_00023061_rank636,410,410,0.93031,0
ILSVRC2012_val_00002012_with_ILSVRC2012_val_00030573_rank091,278,278,0.73207,0
ILSVRC2012_val_00002012_with_ILSVRC2012_val_00039807_rank395,155,155,0.68769,0
ILSVRC2012_val_00002012_with_ILSVRC2012_val_00047373_rank444,417,417,0.93504,0
ILSVRC2012_val_00002012_with_ILSVRC2012_val_00044718_rank138,217,219,0.68888,5
ILSVRC2012_val_00002012_with_ILSVRC2012_val_00047266_rank782,685,685,0.9285,0
ILSVRC2012_val_00002012_with_ILSVRC2012_val_00020701_rank935,771,771,0.93257,0
ILSVRC2012_val_00002012_with_ILSVRC2012_val_00000837_rank411,19,19,0.90814,0
ILSVRC2012_val_00002012_with_ILSVRC2012_val_00000009_rank558,674,674,0.80465,0
ILSVRC2012_val_00002012_with_ILSVRC2012_val_00025796_rank574,66,66,0.75859,0
ILSVRC2012_val_00002012_with_ILSVRC2012_val_00046884_rank994,418,777,0.16582,19
ILSVRC2012_val_00002012_with_ILSVRC2012_val_00032202_rank271,358,358,0.69744,0
ILSVRC2012_val_00002012_with_ILSVRC2012_val_00004316_rank309,17,18,0.84392,1
ILSVRC2012_val_00002012_with_ILSVRC2012_val_00012500_rank766,322,322,0.94524,0
ILSVRC2012_val_00002012_with_ILSVRC2012_val_00020789_rank229,670,557,0.4016,190
ILSVRC2012_val_00002012_with_ILSVRC2012_val_00012673_rank202,472,428,0.06345,15
ILSVRC2012_val_00002012_with_ILSVRC2012_val_00022076_rank538,14,14,0.92166,0
ILSVRC2012_val_00002012_with_ILSVRC2012_val_00002109_rank167,981,674,0.27662,928
ILSVRC2012_val_00002012_with_ILSVRC2012_val_00027265_rank226,913,913,0.83726,0
ILSVRC2012_val_00002012_with_ILSVRC2012_val_00024862_rank651,942,942,0.81809,0
ILSVRC2012_val_00002012_with_ILSVRC2012_val_00034697_rank157,428,428,0.94884,0
ILSVRC2012_val_00002012_with_ILSVRC2012_val_00000326_rank196,359,359,0.67988,0
ILSVRC2012_val_00002012_with_ILSVRC2012_val_00042351_rank296,656,609,0.36103,10
ILSVRC2012_val_00002012_with_ILSVRC2012_val_00018498_rank770,629,637,0.22354,134
ILSVRC2012_val_00002012_with_ILSVRC2012_val_00020999_rank656,54,54,0.92605,0
ILSVRC2012_val_00002012_with_ILSVRC2012_val_00032514_rank911,631,631,0.9287,0
ILSVRC2012_val_00002012_with_ILSVRC2012_val_00017974_rank215,116,116,0.9051,0
ILSVRC2012_val_00002012_with_ILSVRC2012_val_00005279_rank028,175,175,0.8961,0
ILSVRC2012_val_00002012_with_ILSVRC2012_val_00027588_rank290,23,23,0.91977,0
ILSVRC2012_val_00002012_with_ILSVRC2012_val_00034620_rank600,645,410,0.1404,114
ILSVRC2012_val_00002012_with_ILSVRC2012_val_00032005_rank144,384,384,0.94321,0
ILSVRC2012_val_00002012_with_ILSVRC2012_val_00034821_rank031,232,232,0.6446,0
ILSVRC2012_val_00002012_with_ILSVRC2012_val_00022157_rank443,71,71,0.96595,0
ILSVRC2012_val_00002012_with_ILSVRC2012_val_00012860_rank169,362,362,0.94934,0
ILSVRC2012_val_00002012_with_ILSVRC2012_val_00044156_rank697,905,410,0.34142,731
ILSVRC2012_val_00002012_with_ILSVRC2012_val_00041928_rank189,219,219,0.84474,0
ILSVRC2012_val_00002012_with_ILSVRC2012_val_00008951_rank382,137,137,0.91949,0
ILSVRC2012_val_00002012_with_ILSVRC2012_val_00035882_rank639,534,534,0.90619,0
ILSVRC2012_val_00002012_with_ILSVRC2012_val_00010011_rank004,248,248,0.44409,0
ILSVRC2012_val_00002012_with_ILSVRC2012_val_00049508_rank239,327,327,0.67317,0
ILSVRC2012_val_00002012_with_ILSVRC2012_val_00029660_rank666,310,310,0.85626,0
ILSVRC2012_val_00002012_with_ILSVRC2012_val_00019959_rank771,594,594,0.89564,0
ILSVRC2012_val_00002012_with_ILSVRC2012_val_00002834_rank796,490,912,0.19015,543
ILSVRC2012_val_00002012_with_ILSVRC2012_val_00006606_rank788,679,679,0.11126,0
ILSVRC2012_val_00002012_with_ILSVRC2012_val_00031303_rank968,585,585,0.49979,0
ILSVRC2012_val_00002012_with_ILSVRC2012_val_00007994_rank905,896,896,0.39805,0
ILSVRC2012_val_00002012_with_ILSVRC2012_val_00036519_rank318,882,827,0.26111,282
ILSVRC2012_val_00002012_with_ILSVRC2012_val_00030173_rank736,866,866,0.84171,0
ILSVRC2012_val_00002012_with_ILSVRC2012_val_00014911_rank741,152,152,0.86291,0
ILSVRC2012_val_00002012_with_ILSVRC2012_val_00032217_rank718,123,123,0.90669,0
ILSVRC2012_val_00002012_with_ILSVRC2012_val_00027797_rank503,519,519,0.8504,0
ILSVRC2012_val_00002012_with_ILSVRC2012_val_00022118_rank745,739,739,0.8261,0
ILSVRC2012_val_00002012_with_ILSVRC2012_val_00030406_rank227,33,34,0.76637,1
ILSVRC2012_val_00002012_with_ILSVRC2012_val_00028852_rank406,114,114,0.92871,0
ILSVRC2012_val_00002012_with_ILSVRC2012_val_00027233_rank462,279,174,0.49172,32
ILSVRC2012_val_00002012_with_ILSVRC2012_val_00020353_rank581,814,814,0.11292,0
ILSVRC2012_val_00002012_with_ILSVRC2012_val_00017026_rank496,554,912,0.14635,364
ILSVRC2012_val_00002012_with_ILSVRC2012_val_00025501_rank092,254,254,0.9323,0
ILSVRC2012_val_00002012_with_ILSVRC2012_val_00034689_rank386,958,912,0.24668,57
ILSVRC2012_val_00002012_with_ILSVRC2012_val_00010161_rank529,396,396,0.91424,0
ILSVRC2012_val_00002012_with_ILSVRC2012_val_00042978_rank060,274,274,0.90946,0
ILSVRC2012_val_00002012_with_ILSVRC2012_val_00043079_rank088,276,276,0.92827,0
ILSVRC2012_val_00002012_with_ILSVRC2012_val_00043864_rank875,758,723,0.79112,63
ILSVRC2012_val_00002012_with_ILSVRC2012_val_00020635_rank340,308,308,0.88759,0
ILSVRC2012_val_00002012_with_ILSVRC2012_val_00008679_rank124,192,192,0.84143,0
ILSVRC2012_val_00002012_with_ILSVRC2012_val_00011596_rank345,147,147,0.7628,0
ILSVRC2012_val_00002012_with_ILSVRC2012_val_00019451_rank117,378,378,0.90428,0
ILSVRC2012_val_00002012_with_ILSVRC2012_val_00015847_rank379,763,763,0.95185,0
ILSVRC2012_val_00002012_with_ILSVRC2012_val_00016571_rank592,146,258,0.09056,80
ILSVRC2012_val_00002012_with_ILSVRC2012_val_00010665_rank003,174,174,0.92854,0
ILSVRC2012_val_00002012_with_ILSVRC2012_val_00025268_rank227,33,33,0.9303,0
ILSVRC2012_val_00002012_with_ILSVRC2012_val_00028172_rank245,649,912,0.11436,30
ILSVRC2012_val_00002012_with_ILSVRC2012_val_00004185_rank148,220,220,0.95194,0
ILSVRC2012_val_00002012_with_ILSVRC2012_val_00010631_rank563,729,729,0.93266,0
ILSVRC2012_val_00002012_with_ILSVRC2012_val_00021048_rank667,992,992,0.45469,0
ILSVRC2012_val_00002012_with_ILSVRC2012_val_00034784_rank459,90,90,0.93195,0
ILSVRC2012_val_00002012_with_ILSVRC2012_val_00006170_rank231,560,560,0.79634,0
ILSVRC2012_val_00002012_with_ILSVRC2012_val_00027658_rank869,461,461,0.48823,0
ILSVRC2012_val_00002012_with_ILSVRC2012_val_00026084_rank459,90,90,0.9342,0
ILSVRC2012_val_00002012_with_ILSVRC2012_val_00021123_rank479,601,601,0.95374,0
ILSVRC2012_val_00002012_with_ILSVRC2012_val_00036431_rank538,14,17,0.91387,3
ILSVRC2012_val_00002012_with_ILSVRC2012_val_00035302_rank083,187,651,0.88485,712
ILSVRC2012_val_00002012_with_ILSVRC2012_val_00009514_rank332,755,755,0.87248,0
ILSVRC2012_val_00002012_with_ILSVRC2012_val_00000116_rank375,959,959,0.43293,0
ILSVRC2012_val_00002012_with_ILSVRC2012_val_00040180_rank565,864,864,0.89794,0
ILSVRC2012_val_00002012_with_ILSVRC2012_val_00019403_rank720,397,397,0.91561,0
ILSVRC2012_val_00002012_with_ILSVRC2012_val_00003341_rank464,343,343,0.90521,0
ILSVRC2012_val_00002012_with_ILSVRC2012_val_00010192_rank427,317,317,0.91128,0
ILSVRC2012_val_00002012_with_ILSVRC2012_val_00031064_rank394,612,612,0.89068,0
ILSVRC2012_val_00002012_with_ILSVRC2012_val_00029784_rank903,505,505,0.4394,0
ILSVRC2012_val_00002012_with_ILSVRC2012_val_00035780_rank219,731,731,0.93455,0
ILSVRC2012_val_00002012_with_ILSVRC2012_val_00045310_rank607,77,73,0.30067,3
ILSVRC2012_val_00002012_with_ILSVRC2012_val_00041175_rank330,609,609,0.96273,0
ILSVRC2012_val_00002012_with_ILSVRC2012_val_00007294_rank173,133,133,0.92828,0
ILSVRC2012_val_00002012_with_ILSVRC2012_val_00008353_rank278,520,520,0.50578,0
ILSVRC2012_val_00002012_with_ILSVRC2012_val_00011525_rank719,121,992,0.28565,54
ILSVRC2012_val_00002012_with_ILSVRC2012_val_00028583_rank878,287,287,0.44834,0
ILSVRC2012_val_00002012_with_ILSVRC2012_val_00041010_rank860,944,944,0.92706,0
ILSVRC2012_val_00002012_with_ILSVRC2012_val_00003949_rank670,637,637,0.92016,0
ILSVRC2012_val_00002012_with_ILSVRC2012_val_00035791_rank194,413,792,0.44237,33
ILSVRC2012_val_00002012_with_ILSVRC2012_val_00042213_rank067,259,259,0.95285,0
ILSVRC2012_val_00002012_with_ILSVRC2012_val_00025367_rank287,65,65,0.8951,0
ILSVRC2012_val_00002012_with_ILSVRC2012_val_00039570_rank211,853,637,0.8908,84
ILSVRC2012_val_00002012_with_ILSVRC2012_val_00044140_rank020,159,159,0.91913,0
ILSVRC2012_val_00002012_with_ILSVRC2012_val_00033265_rank120,344,344,0.92567,0
ILSVRC2012_val_00002012_with_ILSVRC2012_val_00024402_rank568,587,587,0.84567,0
ILSVRC2012_val_00002012_with_ILSVRC2012_val_00034964_rank408,630,630,0.95501,0
ILSVRC2012_val_00002012_with_ILSVRC2012_val_00031693_rank028,175,175,0.70612,0
ILSVRC2012_val_00002012_with_ILSVRC2012_val_00046000_rank746,41,41,0.12709,0
ILSVRC2012_val_00002012_with_ILSVRC2012_val_00023012_rank148,220,220,0.93163,0
ILSVRC2012_val_00002012_with_ILSVRC2012_val_00039815_rank515,824,824,0.41771,0
ILSVRC2012_val_00002012_with_ILSVRC2012_val_00041369_rank915,657,807,0.77584,19
ILSVRC2012_val_00002012_with_ILSVRC2012_val_00005919_rank257,34,34,0.85368,0
ILSVRC2012_val_00002012_with_ILSVRC2012_val_00006920_rank082,241,241,0.94555,0
ILSVRC2012_val_00002012_with_ILSVRC2012_val_00023335_rank546,425,410,0.34405,77
ILSVRC2012_val_00002012_with_ILSVRC2012_val_00016152_rank735,135,135,0.92093,0
ILSVRC2012_val_00002012_with_ILSVRC2012_val_00013424_rank084,199,197,0.5324,1
ILSVRC2012_val_00002012_with_ILSVRC2012_val_00000596_rank230,471,730,0.53421,20
ILSVRC2012_val_00002012_with_ILSVRC2012_val_00005964_rank414,847,847,0.43689,0
ILSVRC2012_val_00002012_with_ILSVRC2012_val_00024323_rank546,425,425,0.48072,0
ILSVRC2012_val_00002012_with_ILSVRC2012_val_00043131_rank012,244,244,0.88801,0
ILSVRC2012_val_00002012_with_ILSVRC2012_val_00024153_rank570,673,912,0.13534,881
ILSVRC2012_val_00002012_with_ILSVRC2012_val_00016392_rank656,54,54,0.91127,0
ILSVRC2012_val_00002012_with_ILSVRC2012_val_00032262_rank174,929,245,0.62418,254
ILSVRC2012_val_00002012_with_ILSVRC2012_val_00047682_rank393,392,392,0.81461,0
ILSVRC2012_val_00002012_with_ILSVRC2012_val_00039521_rank409,863,863,0.81639,0
ILSVRC2012_val_00002012_with_ILSVRC2012_val_00019793_rank564,952,952,0.92684,0
ILSVRC2012_val_00002012_with_ILSVRC2012_val_00006447_rank071,368,368,0.90909,0
ILSVRC2012_val_00002012_with_ILSVRC2012_val_00035856_rank215,116,116,0.92763,0
ILSVRC2012_val_00002012_with_ILSVRC2012_val_00019557_rank593,909,519,0.12865,924
ILSVRC2012_val_00002012_with_ILSVRC2012_val_00049924_rank770,629,637,0.40776,134
ILSVRC2012_val_00002012_with_ILSVRC2012_val_00040987_rank592,146,146,0.94522,0
ILSVRC2012_val_00002012_with_ILSVRC2012_val_00012025_rank471,432,432,0.57329,0
ILSVRC2012_val_00002012_with_ILSVRC2012_val_00042555_rank959,583,583,0.93859,0
ILSVRC2012_val_00002012_with_ILSVRC2012_val_00004574_rank143,394,394,0.92246,0
ILSVRC2012_val_00002012_with_ILSVRC2012_val_00001090_rank471,432,912,0.09397,563
ILSVRC2012_val_00002012_with_ILSVRC2012_val_00042257_rank270,750,750,0.47701,0
ILSVRC2012_val_00002012_with_ILSVRC2012_val_00047906_rank795,820,820,0.92364,0
ILSVRC2012_val_00002012_with_ILSVRC2012_val_00013795_rank579,325,325,0.91172,0
ILSVRC2012_val_00002012_with_ILSVRC2012_val_00043490_rank934,818,132,0.56932,755
ILSVRC2012_val_00002012_with_ILSVRC2012_val_00046555_rank259,289,289,0.86307,0
ILSVRC2012_val_00002012_with_ILSVRC2012_val_00014725_rank553,695,637,0.49533,5
ILSVRC2012_val_00002012_with_ILSVRC2012_val_00012590_rank233,543,543,0.4632,0
ILSVRC2012_val_00002012_with_ILSVRC2012_val_00023518_rank659,987,998,0.48523,1
ILSVRC2012_val_00002012_with_ILSVRC2012_val_00049653_rank100,201,201,0.88252,0
ILSVRC2012_val_00002012_with_ILSVRC2012_val_00030878_rank847,138,138,0.9273,0
ILSVRC2012_val_00002012_with_ILSVRC2012_val_00043865_rank778,901,901,0.91104,0
ILSVRC2012_val_00002012_with_ILSVRC2012_val_00045412_rank668,672,672,0.72636,0
ILSVRC2012_val_00002012_with_ILSVRC2012_val_00021749_rank966,605,605,0.91061,0
ILSVRC2012_val_00002012_with_ILSVRC2012_val_00003263_rank469,738,899,0.26924,53
ILSVRC2012_val_00002012_with_ILSVRC2012_val_00001913_rank168,715,448,0.13072,409
ILSVRC2012_val_00002012_with_ILSVRC2012_val_00040465_rank647,443,443,0.95935,0
ILSVRC2012_val_00002012_with_ILSVRC2012_val_00023451_rank532,690,690,0.90877,0
ILSVRC2012_val_00002012_with_ILSVRC2012_val_00029470_rank413,772,709,0.57977,41
ILSVRC2012_val_00002012_with_ILSVRC2012_val_00032892_rank980,69,69,0.91849,0
ILSVRC2012_val_00002012_with_ILSVRC2012_val_00019284_rank149,103,103,0.92891,0
ILSVRC2012_val_00002012_with_ILSVRC2012_val_00017105_rank258,2,2,0.94096,0
ILSVRC2012_val_00002012_with_ILSVRC2012_val_00031103_rank491,38,47,0.43543,3
ILSVRC2012_val_00002012_with_ILSVRC2012_val_00000041_rank472,516,431,0.94644,1
ILSVRC2012_val_00002012_with_ILSVRC2012_val_00016614_rank510,963,963,0.74823,0
ILSVRC2012_val_00002012_with_ILSVRC2012_val_00006000_rank930,774,730,0.50237,376
ILSVRC2012_val_00002012_with_ILSVRC2012_val_00036038_rank553,695,695,0.82504,0
ILSVRC2012_val_00002012_with_ILSVRC2012_val_00041633_rank511,357,357,0.37207,0
ILSVRC2012_val_00002012_with_ILSVRC2012_val_00038491_rank326,407,407,0.93437,0
ILSVRC2012_val_00002012_with_ILSVRC2012_val_00038205_rank007,234,234,0.84161,0
ILSVRC2012_val_00002012_with_ILSVRC2012_val_00037334_rank164,346,345,0.89182,1
ILSVRC2012_val_00002012_with_ILSVRC2012_val_00017992_rank121,189,189,0.51924,0
ILSVRC2012_val_00002012_with_ILSVRC2012_val_00009179_rank541,408,586,0.16673,3
ILSVRC2012_val_00002012_with_ILSVRC2012_val_00009906_rank268,802,670,0.71721,5
ILSVRC2012_val_00002012_with_ILSVRC2012_val_00013256_rank455,129,129,0.91915,0
ILSVRC2012_val_00002012_with_ILSVRC2012_val_00038517_rank972,804,804,0.88634,0
ILSVRC2012_val_00002012_with_ILSVRC2012_val_00032808_rank965,969,463,0.14686,582
ILSVRC2012_val_00002012_with_ILSVRC2012_val_00035026_rank693,132,132,0.83695,0
ILSVRC2012_val_00002012_with_ILSVRC2012_val_00049201_rank814,319,319,0.90478,0
ILSVRC2012_val_00002012_with_ILSVRC2012_val_00028999_rank672,794,599,0.87195,180
ILSVRC2012_val_00002012_with_ILSVRC2012_val_00025428_rank538,14,14,0.91701,0
ILSVRC2012_val_00002012_with_ILSVRC2012_val_00030456_rank856,855,855,0.89224,0
ILSVRC2012_val_00002012_with_ILSVRC2012_val_00023778_rank106,9,9,0.93736,0
ILSVRC2012_val_00002012_with_ILSVRC2012_val_00018721_rank485,579,579,0.94695,0
ILSVRC2012_val_00002012_with_ILSVRC2012_val_00000278_rank583,92,92,0.91238,0
ILSVRC2012_val_00002012_with_ILSVRC2012_val_00040634_rank460,641,641,0.80766,0
ILSVRC2012_val_00002012_with_ILSVRC2012_val_00020180_rank822,30,47,0.44122,59
ILSVRC2012_val_00002012_with_ILSVRC2012_val_00025692_rank411,19,19,0.37905,0
ILSVRC2012_val_00002012_with_ILSVRC2012_val_00040909_rank042,240,240,0.46345,0
ILSVRC2012_val_00002012_with_ILSVRC2012_val_00008150_rank996,778,778,0.88353,0
ILSVRC2012_val_00002012_with_ILSVRC2012_val_00033978_rank242,458,458,0.32525,0
ILSVRC2012_val_00002012_with_ILSVRC2012_val_00046441_rank240,716,716,0.78525,0
ILSVRC2012_val_00002012_with_ILSVRC2012_val_00037253_rank151,296,294,0.75001,1
ILSVRC2012_val_00002012_with_ILSVRC2012_val_00037927_rank738,613,920,0.16599,186
ILSVRC2012_val_00002012_with_ILSVRC2012_val_00015538_rank209,667,667,0.8603,0
ILSVRC2012_val_00002012_with_ILSVRC2012_val_00008111_rank041,256,256,0.9291,0
ILSVRC2012_val_00002012_with_ILSVRC2012_val_00008440_rank432,998,998,0.48188,0
ILSVRC2012_val_00002012_with_ILSVRC2012_val_00010408_rank872,775,775,0.38276,0
ILSVRC2012_val_00002012_with_ILSVRC2012_val_00007720_rank998,696,696,0.89465,0
ILSVRC2012_val_00002012_with_ILSVRC2012_val_00033919_rank588,949,949,0.92064,0
ILSVRC2012_val_00002012_with_ILSVRC2012_val_00037093_rank905,896,947,0.06957,458
ILSVRC2012_val_00002012_with_ILSVRC2012_val_00020326_rank248,144,275,0.35256,597
ILSVRC2012_val_00002012_with_ILSVRC2012_val_00000014_rank653,757,757,0.92824,0
ILSVRC2012_val_00002012_with_ILSVRC2012_val_00044706_rank585,11,11,0.89441,0
ILSVRC2012_val_00002012_with_ILSVRC2012_val_00025213_rank095,292,292,0.69768,0
ILSVRC2012_val_00002012_with_ILSVRC2012_val_00032691_rank827,650,650,0.11643,0
ILSVRC2012_val_00002012_with_ILSVRC2012_val_00039235_rank007,234,234,0.87575,0
ILSVRC2012_val_00002012_with_ILSVRC2012_val_00012231_rank302,32,32,0.68531,0
ILSVRC2012_val_00002012_with_ILSVRC2012_val_00023226_rank542,140,140,0.88772,0
ILSVRC2012_val_00002012_with_ILSVRC2012_val_00028966_rank010,224,224,0.89072,0
ILSVRC2012_val_00002012_with_ILSVRC2012_val_00027341_rank727,680,680,0.0885,0
ILSVRC2012_val_00002012_with_ILSVRC2012_val_00011274_rank471,432,432,0.94848,0
ILSVRC2012_val_00002012_with_ILSVRC2012_val_00015910_rank262,7,7,0.92118,0
ILSVRC2012_val_00002012_with_ILSVRC2012_val_00009066_rank074,277,277,0.40569,0
ILSVRC2012_val_00002012_with_ILSVRC2012_val_00046858_rank365,994,994,0.92226,0
ILSVRC2012_val_00002012_with_ILSVRC2012_val_00003808_rank192,258,258,0.9631,0
ILSVRC2012_val_00002012_with_ILSVRC2012_val_00029887_rank510,963,963,0.92676,0
ILSVRC2012_val_00002012_with_ILSVRC2012_val_00042206_rank034,246,246,0.81522,0
ILSVRC2012_val_00002012_with_ILSVRC2012_val_00024974_rank494,723,723,0.94072,0
ILSVRC2012_val_00002012_with_ILSVRC2012_val_00033692_rank278,520,520,0.60245,0
ILSVRC2012_val_00002012_with_ILSVRC2012_val_00013339_rank577,517,600,0.22328,9
ILSVRC2012_val_00002012_with_ILSVRC2012_val_00041766_rank520,315,315,0.91591,0
ILSVRC2012_val_00002012_with_ILSVRC2012_val_00035164_rank043,280,280,0.73657,0
ILSVRC2012_val_00002012_with_ILSVRC2012_val_00010322_rank349,45,45,0.91747,0
ILSVRC2012_val_00002012_with_ILSVRC2012_val_00046187_rank786,760,760,0.26045,0
ILSVRC2012_val_00002012_with_ILSVRC2012_val_00043040_rank840,887,887,0.89295,0
ILSVRC2012_val_00002012_with_ILSVRC2012_val_00015464_rank078,173,173,0.89316,0
ILSVRC2012_val_00002012_with_ILSVRC2012_val_00029890_rank293,364,364,0.81132,0
ILSVRC2012_val_00002012_with_ILSVRC2012_val_00021001_rank552,478,478,0.46994,0
ILSVRC2012_val_00002012_with_ILSVRC2012_val_00044284_rank177,194,194,0.87704,0
ILSVRC2012_val_00002012_with_ILSVRC2012_val_00008723_rank989,494,494,0.67441,0
ILSVRC2012_val_00002012_with_ILSVRC2012_val_00029369_rank837,724,914,0.15538,4
ILSVRC2012_val_00002012_with_ILSVRC2012_val_00017079_rank522,395,912,0.07312,153
ILSVRC2012_val_00002012_with_ILSVRC2012_val_00009790_rank675,700,700,0.86466,0
ILSVRC2012_val_00002012_with_ILSVRC2012_val_00043664_rank880,338,338,0.79461,0
ILSVRC2012_val_00002012_with_ILSVRC2012_val_00002637_rank414,847,847,0.86865,0
ILSVRC2012_val_00002012_with_ILSVRC2012_val_00005204_rank970,812,637,0.23934,444
ILSVRC2012_val_00002012_with_ILSVRC2012_val_00008676_rank095,292,292,0.6655,0
ILSVRC2012_val_00002012_with_ILSVRC2012_val_00045936_rank549,5,5,0.93298,0
ILSVRC2012_val_00002012_with_ILSVRC2012_val_00026052_rank915,657,657,0.49777,0
ILSVRC2012_val_00002012_with_ILSVRC2012_val_00044891_rank698,86,86,0.68888,0
ILSVRC2012_val_00002012_with_ILSVRC2012_val_00006694_rank928,29,29,0.89233,0
ILSVRC2012_val_00002012_with_ILSVRC2012_val_00014195_rank720,397,397,0.90175,0
ILSVRC2012_val_00002012_with_ILSVRC2012_val_00043814_rank773,828,828,0.74782,0
ILSVRC2012_val_00002012_with_ILSVRC2012_val_00038947_rank748,644,912,0.60361,375
ILSVRC2012_val_00002012_with_ILSVRC2012_val_00023858_rank705,817,817,0.78293,0
ILSVRC2012_val_00002012_with_ILSVRC2012_val_00013277_rank246,13,13,0.92486,0
ILSVRC2012_val_00002012_with_ILSVRC2012_val_00019773_rank514,906,906,0.5906,0
ILSVRC2012_val_00002012_with_ILSVRC2012_val_00032060_rank760,889,889,0.90324,0
ILSVRC2012_val_00002012_with_ILSVRC2012_val_00007813_rank044,247,247,0.935,0
ILSVRC2012_val_00002012_with_ILSVRC2012_val_00029062_rank340,308,308,0.90039,0
ILSVRC2012_val_00002012_with_ILSVRC2012_val_00037344_rank267,843,843,0.90646,0
ILSVRC2012_val_00002012_with_ILSVRC2012_val_00018890_rank045,193,189,0.5938,22
ILSVRC2012_val_00002012_with_ILSVRC2012_val_00038401_rank211,853,853,0.90412,0
ILSVRC2012_val_00002012_with_ILSVRC2012_val_00029639_rank114,522,747,0.44692,67
ILSVRC2012_val_00002012_with_ILSVRC2012_val_00037831_rank578,130,130,0.92475,0
ILSVRC2012_val_00002012_with_ILSVRC2012_val_00033240_rank499,431,431,0.66401,0
ILSVRC2012_val_00002012_with_ILSVRC2012_val_00028416_rank712,694,694,0.93561,0
ILSVRC2012_val_00002012_with_ILSVRC2012_val_00042309_rank099,852,852,0.90482,0
ILSVRC2012_val_00002012_with_ILSVRC2012_val_00013242_rank499,431,431,0.90031,0
ILSVRC2012_val_00002012_with_ILSVRC2012_val_00031665_rank869,461,524,0.45725,1
ILSVRC2012_val_00002012_with_ILSVRC2012_val_00034303_rank865,892,577,0.14716,31
ILSVRC2012_val_00002012_with_ILSVRC2012_val_00042205_rank051,186,186,0.506,0
ILSVRC2012_val_00002012_with_ILSVRC2012_val_00018649_rank063,167,167,0.95968,0
ILSVRC2012_val_00002012_with_ILSVRC2012_val_00014288_rank398,363,363,0.92052,0
ILSVRC2012_val_00002012_with_ILSVRC2012_val_00038161_rank745,739,739,0.14876,0
ILSVRC2012_val_00002012_with_ILSVRC2012_val_00026222_rank336,489,368,0.84298,194
ILSVRC2012_val_00002012_with_ILSVRC2012_val_00016215_rank762,386,386,0.39617,0
ILSVRC2012_val_00002012_with_ILSVRC2012_val_00000308_rank690,607,607,0.93192,0
ILSVRC2012_val_00002012_with_ILSVRC2012_val_00015323_rank925,617,617,0.19753,0
ILSVRC2012_val_00002012_with_ILSVRC2012_val_00027812_rank845,499,499,0.90349,0
ILSVRC2012_val_00002012_with_ILSVRC2012_val_00049282_rank463,477,477,0.85256,0
ILSVRC2012_val_00002012_with_ILSVRC2012_val_00034746_rank712,694,694,0.91587,0
ILSVRC2012_val_00002012_with_ILSVRC2012_val_00017526_rank671,940,940,0.90765,0
ILSVRC2012_val_00002012_with_ILSVRC2012_val_00010108_rank981,786,505,0.15276,31
ILSVRC2012_val_00002012_with_ILSVRC2012_val_00036867_rank710,414,414,0.72207,0
ILSVRC2012_val_00002012_with_ILSVRC2012_val_00008439_rank677,48,48,0.91495,0
ILSVRC2012_val_00002012_with_ILSVRC2012_val_00026823_rank433,329,766,0.25305,128
ILSVRC2012_val_00002012_with_ILSVRC2012_val_00021572_rank117,378,378,0.92469,0
ILSVRC2012_val_00002012_with_ILSVRC2012_val_00006990_rank479,601,601,0.8865,0
ILSVRC2012_val_00002012_with_ILSVRC2012_val_00033606_rank483,324,324,0.91139,0
ILSVRC2012_val_00002012_with_ILSVRC2012_val_00008456_rank828,632,622,0.62882,55
ILSVRC2012_val_00002012_with_ILSVRC2012_val_00036736_rank546,425,425,0.93373,0
ILSVRC2012_val_00002012_with_ILSVRC2012_val_00029805_rank332,755,755,0.89439,0
ILSVRC2012_val_00002012_with_ILSVRC2012_val_00025922_rank914,934,934,0.93204,0
ILSVRC2012_val_00002012_with_ILSVRC2012_val_00038335_rank093,158,158,0.25249,0
ILSVRC2012_val_00002012_with_ILSVRC2012_val_00039359_rank014,250,249,0.64796,2
ILSVRC2012_val_00002012_with_ILSVRC2012_val_00042889_rank406,114,114,0.95382,0
ILSVRC2012_val_00002012_with_ILSVRC2012_val_00048325_rank774,798,798,0.88854,0
ILSVRC2012_val_00002012_with_ILSVRC2012_val_00020548_rank369,777,637,0.65547,502
ILSVRC2012_val_00002012_with_ILSVRC2012_val_00028587_rank375,959,959,0.92658,0
ILSVRC2012_val_00002012_with_ILSVRC2012_val_00020695_rank855,822,807,0.8587,11
ILSVRC2012_val_00002012_with_ILSVRC2012_val_00040655_rank379,763,597,0.90631,1
ILSVRC2012_val_00002012_with_ILSVRC2012_val_00030474_rank412,311,311,0.82883,0
ILSVRC2012_val_00002012_with_ILSVRC2012_val_00005147_rank700,654,609,0.8,12
ILSVRC2012_val_00002012_with_ILSVRC2012_val_00029779_rank740,885,885,0.90732,0
ILSVRC2012_val_00002012_with_ILSVRC2012_val_00023390_rank490,96,96,0.93025,0
ILSVRC2012_val_00002012_with_ILSVRC2012_val_00038922_rank658,770,770,0.89427,0
ILSVRC2012_val_00002012_with_ILSVRC2012_val_00018640_rank505,332,332,0.9649,0
ILSVRC2012_val_00002012_with_ILSVRC2012_val_00017406_rank657,301,301,0.9211,0
ILSVRC2012_val_00002012_with_ILSVRC2012_val_00013496_rank600,645,733,0.3608,4
ILSVRC2012_val_00002012_with_ILSVRC2012_val_00017496_rank916,897,897,0.82629,0
ILSVRC2012_val_00002012_with_ILSVRC2012_val_00011529_rank219,731,731,0.92276,0
ILSVRC2012_val_00002012_with_ILSVRC2012_val_00037548_rank864,859,859,0.72861,0
ILSVRC2012_val_00002012_with_ILSVRC2012_val_00043933_rank319,252,252,0.587,0
ILSVRC2012_val_00002012_with_ILSVRC2012_val_00000449_rank901,861,861,0.91629,0
ILSVRC2012_val_00002012_with_ILSVRC2012_val_00026433_rank871,809,809,0.74494,0
ILSVRC2012_val_00002012_with_ILSVRC2012_val_00040658_rank312,52,60,0.45436,3
ILSVRC2012_val_00002012_with_ILSVRC2012_val_00037672_rank459,90,90,0.93053,0
ILSVRC2012_val_00002012_with_ILSVRC2012_val_00014813_rank571,283,106,0.15059,131
ILSVRC2012_val_00002012_with_ILSVRC2012_val_00046837_rank605,736,736,0.95224,0
ILSVRC2012_val_00002012_with_ILSVRC2012_val_00007125_rank705,817,751,0.83936,1
ILSVRC2012_val_00002012_with_ILSVRC2012_val_00037235_rank718,123,73,0.44295,115
ILSVRC2012_val_00002012_with_ILSVRC2012_val_00048125_rank073,257,257,0.9217,0
ILSVRC2012_val_00002012_with_ILSVRC2012_val_00021119_rank429,608,608,0.8663,0
ILSVRC2012_val_00002012_with_ILSVRC2012_val_00004560_rank061,197,197,0.93909,0
ILSVRC2012_val_00002012_with_ILSVRC2012_val_00045226_rank167,981,981,0.63564,0
ILSVRC2012_val_00002012_with_ILSVRC2012_val_00023474_rank300,436,436,0.9485,0
ILSVRC2012_val_00002012_with_ILSVRC2012_val_00045557_rank487,803,803,0.85688,0
ILSVRC2012_val_00002012_with_ILSVRC2012_val_00004220_rank1000,903,213,0.4046,87
ILSVRC2012_val_00002012_with_ILSVRC2012_val_00033874_rank270,750,831,0.45923,1
ILSVRC2012_val_00002012_with_ILSVRC2012_val_00020878_rank954,550,550,0.94665,0
ILSVRC2012_val_00002012_with_ILSVRC2012_val_00011813_rank836,589,523,0.25106,83
ILSVRC2012_val_00002012_with_ILSVRC2012_val_00021700_rank275,983,570,0.34155,16
ILSVRC2012_val_00002012_with_ILSVRC2012_val_00025449_rank497,94,353,0.08831,339
ILSVRC2012_val_00002012_with_ILSVRC2012_val_00024169_rank028,175,175,0.46935,0
ILSVRC2012_val_00002012_with_ILSVRC2012_val_00010454_rank906,377,377,0.91427,0
ILSVRC2012_val_00002012_with_ILSVRC2012_val_00012441_rank950,27,27,0.87932,0
ILSVRC2012_val_00002012_with_ILSVRC2012_val_00021640_rank798,544,544,0.88044,0
ILSVRC2012_val_00002012_with_ILSVRC2012_val_00028760_rank227,33,33,0.95799,0
ILSVRC2012_val_00002012_with_ILSVRC2012_val_00025772_rank492,420,420,0.90458,0
ILSVRC2012_val_00002012_with_ILSVRC2012_val_00003111_rank593,909,567,0.87237,1
ILSVRC2012_val_00002012_with_ILSVRC2012_val_00013313_rank836,589,589,0.91367,0
ILSVRC2012_val_00002012_with_ILSVRC2012_val_00001487_rank060,274,274,0.91013,0
ILSVRC2012_val_00002012_with_ILSVRC2012_val_00000171_rank181,825,825,0.93033,0
ILSVRC2012_val_00002012_with_ILSVRC2012_val_00023839_rank608,564,912,0.24686,229
ILSVRC2012_val_00002012_with_ILSVRC2012_val_00013990_rank131,336,336,0.50979,0
ILSVRC2012_val_00002012_with_ILSVRC2012_val_00039703_rank203,693,472,0.65619,1
ILSVRC2012_val_00002012_with_ILSVRC2012_val_00025111_rank828,632,632,0.60634,0
ILSVRC2012_val_00002012_with_ILSVRC2012_val_00045999_rank930,774,774,0.8582,0
ILSVRC2012_val_00002012_with_ILSVRC2012_val_00049345_rank160,294,294,0.93549,0
ILSVRC2012_val_00002012_with_ILSVRC2012_val_00005421_rank377,691,518,0.46305,18
ILSVRC2012_val_00002012_with_ILSVRC2012_val_00005364_rank020,159,159,0.95107,0
ILSVRC2012_val_00002012_with_ILSVRC2012_val_00023871_rank125,285,285,0.39957,0
ILSVRC2012_val_00002012_with_ILSVRC2012_val_00045747_rank021,263,241,0.54419,35
ILSVRC2012_val_00002012_with_ILSVRC2012_val_00007366_rank122,202,202,0.37621,0
ILSVRC2012_val_00002012_with_ILSVRC2012_val_00017051_rank285,831,637,0.1368,834
ILSVRC2012_val_00002012_with_ILSVRC2012_val_00047471_rank030,465,465,0.8408,0
ILSVRC2012_val_00002012_with_ILSVRC2012_val_00035834_rank446,399,501,0.42111,1
ILSVRC2012_val_00002012_with_ILSVRC2012_val_00020768_rank955,435,723,0.12494,698
ILSVRC2012_val_00002012_with_ILSVRC2012_val_00013745_rank769,504,504,0.42701,0
ILSVRC2012_val_00002012_with_ILSVRC2012_val_00040689_rank889,398,398,0.75396,0
ILSVRC2012_val_00002012_with_ILSVRC2012_val_00026692_rank037,165,165,0.50239,0
ILSVRC2012_val_00002012_with_ILSVRC2012_val_00037028_rank399,742,742,0.7216,0
ILSVRC2012_val_00002012_with_ILSVRC2012_val_00037796_rank230,471,471,0.92654,0
ILSVRC2012_val_00002012_with_ILSVRC2012_val_00007686_rank201,765,765,0.87868,0
ILSVRC2012_val_00002012_with_ILSVRC2012_val_00018767_rank261,171,178,0.95514,2
ILSVRC2012_val_00002012_with_ILSVRC2012_val_00022606_rank101,282,208,0.91461,59
ILSVRC2012_val_00002012_with_ILSVRC2012_val_00022608_rank719,121,121,0.95298,0
ILSVRC2012_val_00002012_with_ILSVRC2012_val_00008563_rank613,473,473,0.27237,0
ILSVRC2012_val_00002012_with_ILSVRC2012_val_00006455_rank311,105,105,0.92124,0
ILSVRC2012_val_00002012_with_ILSVRC2012_val_00025126_rank455,129,129,0.93081,0
ILSVRC2012_val_00002012_with_ILSVRC2012_val_00003564_rank753,839,807,0.65599,118
ILSVRC2012_val_00002012_with_ILSVRC2012_val_00043395_rank612,89,89,0.90497,0
ILSVRC2012_val_00002012_with_ILSVRC2012_val_00025355_rank529,396,396,0.9087,0
ILSVRC2012_val_00002012_with_ILSVRC2012_val_00000933_rank287,65,912,0.15273,110
ILSVRC2012_val_00002012_with_ILSVRC2012_val_00046521_rank421,493,493,0.9416,0
ILSVRC2012_val_00002012_with_ILSVRC2012_val_00023968_rank066,161,161,0.83399,0
ILSVRC2012_val_00002012_with_ILSVRC2012_val_00013014_rank596,871,871,0.90257,0
ILSVRC2012_val_00002012_with_ILSVRC2012_val_00021132_rank818,689,601,0.53952,1
ILSVRC2012_val_00002012_with_ILSVRC2012_val_00038556_rank649,60,63,0.85252,13
ILSVRC2012_val_00002012_with_ILSVRC2012_val_00005117_rank579,325,325,0.86026,0
ILSVRC2012_val_00002012_with_ILSVRC2012_val_00018055_rank119,268,179,0.90756,7
ILSVRC2012_val_00002012_with_ILSVRC2012_val_00023585_rank818,689,797,0.17955,128
ILSVRC2012_val_00002012_with_ILSVRC2012_val_00021626_rank457,380,380,0.92883,0
ILSVRC2012_val_00002012_with_ILSVRC2012_val_00040128_rank223,382,382,0.814,0
ILSVRC2012_val_00002012_with_ILSVRC2012_val_00049365_rank115,768,805,0.44779,1
ILSVRC2012_val_00002012_with_ILSVRC2012_val_00018693_rank965,969,969,0.71033,0
ILSVRC2012_val_00002012_with_ILSVRC2012_val_00008228_rank152,381,381,0.92353,0
ILSVRC2012_val_00002012_with_ILSVRC2012_val_00011967_rank160,294,294,0.83196,0
ILSVRC2012_val_00002012_with_ILSVRC2012_val_00024666_rank713,37,37,0.8787,0
ILSVRC2012_val_00002012_with_ILSVRC2012_val_00039659_rank046,162,162,0.82367,0
ILSVRC2012_val_00002012_with_ILSVRC2012_val_00047121_rank623,20,20,0.8974,0
ILSVRC2012_val_00002012_with_ILSVRC2012_val_00036573_rank868,82,82,0.82764,0
ILSVRC2012_val_00002012_with_ILSVRC2012_val_00022872_rank204,385,385,0.69863,0
ILSVRC2012_val_00002012_with_ILSVRC2012_val_00004704_rank200,597,465,0.22241,4
ILSVRC2012_val_00002012_with_ILSVRC2012_val_00037733_rank571,283,283,0.92747,0
ILSVRC2012_val_00002012_with_ILSVRC2012_val_00034255_rank980,69,69,0.94965,0
ILSVRC2012_val_00002012_with_ILSVRC2012_val_00030326_rank037,165,165,0.87259,0
ILSVRC2012_val_00002012_with_ILSVRC2012_val_00004273_rank756,961,912,0.13532,999
ILSVRC2012_val_00002012_with_ILSVRC2012_val_00002003_rank537,131,131,0.85897,0
ILSVRC2012_val_00002012_with_ILSVRC2012_val_00022117_rank298,808,808,0.9375,0
ILSVRC2012_val_00002012_with_ILSVRC2012_val_00037007_rank985,719,719,0.94988,0
ILSVRC2012_val_00002012_with_ILSVRC2012_val_00011105_rank973,868,868,0.8647,0
ILSVRC2012_val_00002012_with_ILSVRC2012_val_00001683_rank896,684,684,0.92652,0
ILSVRC2012_val_00002012_with_ILSVRC2012_val_00025551_rank133,216,216,0.95633,0
ILSVRC2012_val_00002012_with_ILSVRC2012_val_00001185_rank644,64,64,0.92038,0
ILSVRC2012_val_00002012_with_ILSVRC2012_val_00008291_rank253,653,653,0.93049,0
ILSVRC2012_val_00002012_with_ILSVRC2012_val_00000406_rank530,935,935,0.91967,0
ILSVRC2012_val_00002012_with_ILSVRC2012_val_00017708_rank385,733,609,0.70822,219
ILSVRC2012_val_00002012_with_ILSVRC2012_val_00047613_rank238,787,649,0.51348,204
ILSVRC2012_val_00002012_with_ILSVRC2012_val_00019279_rank457,380,380,0.60586,0
ILSVRC2012_val_00002012_with_ILSVRC2012_val_00014340_rank120,344,344,0.799,0
ILSVRC2012_val_00002012_with_ILSVRC2012_val_00010200_rank461,576,472,0.82184,2
ILSVRC2012_val_00002012_with_ILSVRC2012_val_00045240_rank709,502,502,0.62704,0
ILSVRC2012_val_00002012_with_ILSVRC2012_val_00047139_rank836,589,589,0.88332,0
ILSVRC2012_val_00002012_with_ILSVRC2012_val_00020794_rank663,687,410,0.15829,160
ILSVRC2012_val_00002012_with_ILSVRC2012_val_00035778_rank241,347,347,0.92346,0
ILSVRC2012_val_00002012_with_ILSVRC2012_val_00049657_rank797,124,723,0.53529,368
ILSVRC2012_val_00002012_with_ILSVRC2012_val_00000892_rank251,339,339,0.73065,0
ILSVRC2012_val_00002012_with_ILSVRC2012_val_00022897_rank461,576,637,0.12004,796
ILSVRC2012_val_00002012_with_ILSVRC2012_val_00047193_rank108,291,291,0.8657,0
ILSVRC2012_val_00002012_with_ILSVRC2012_val_00004168_rank299,369,369,0.85395,0
ILSVRC2012_val_00002012_with_ILSVRC2012_val_00018957_rank326,407,407,0.95223,0
ILSVRC2012_val_00002012_with_ILSVRC2012_val_00008603_rank859,503,463,0.34718,48
ILSVRC2012_val_00002012_with_ILSVRC2012_val_00009061_rank192,258,258,0.94852,0
ILSVRC2012_val_00002012_with_ILSVRC2012_val_00009500_rank157,428,428,0.94924,0
ILSVRC2012_val_00002012_with_ILSVRC2012_val_00018185_rank896,684,463,0.09432,997
ILSVRC2012_val_00002012_with_ILSVRC2012_val_00018461_rank510,963,963,0.90769,0
ILSVRC2012_val_00002012_with_ILSVRC2012_val_00013525_rank638,120,120,0.92701,0
ILSVRC2012_val_00002012_with_ILSVRC2012_val_00027074_rank743,35,35,0.84875,0
ILSVRC2012_val_00002012_with_ILSVRC2012_val_00037437_rank801,265,265,0.84138,0
ILSVRC2012_val_00002012_with_ILSVRC2012_val_00012828_rank502,70,74,0.24789,1
ILSVRC2012_val_00002012_with_ILSVRC2012_val_00031415_rank058,206,219,0.53141,61
ILSVRC2012_val_00002012_with_ILSVRC2012_val_00022940_rank487,803,803,0.68274,0
ILSVRC2012_val_00002012_with_ILSVRC2012_val_00022577_rank627,856,866,0.62206,2
ILSVRC2012_val_00002012_with_ILSVRC2012_val_00036066_rank313,31,31,0.70332,0
ILSVRC2012_val_00002012_with_ILSVRC2012_val_00041889_rank857,108,108,0.90392,0
ILSVRC2012_val_00002012_with_ILSVRC2012_val_00015562_rank086,172,172,0.90667,0
ILSVRC2012_val_00002012_with_ILSVRC2012_val_00042447_rank902,849,849,0.94539,0
ILSVRC2012_val_00002012_with_ILSVRC2012_val_00048176_rank905,896,896,0.1263,0
ILSVRC2012_val_00002012_with_ILSVRC2012_val_00014413_rank642,450,80,0.05329,310
ILSVRC2012_val_00002012_with_ILSVRC2012_val_00015787_rank175,701,911,0.10314,483
ILSVRC2012_val_00002012_with_ILSVRC2012_val_00036534_rank411,19,19,0.907,0
ILSVRC2012_val_00002012_with_ILSVRC2012_val_00033886_rank745,739,731,0.21775,67
ILSVRC2012_val_00002012_with_ILSVRC2012_val_00010129_rank855,822,822,0.92068,0
ILSVRC2012_val_00002012_with_ILSVRC2012_val_00001062_rank507,821,912,0.56265,33
ILSVRC2012_val_00002012_with_ILSVRC2012_val_00036703_rank105,154,154,0.62645,0
ILSVRC2012_val_00002012_with_ILSVRC2012_val_00032281_rank335,919,912,0.17325,65
ILSVRC2012_val_00002012_with_ILSVRC2012_val_00014871_rank327,348,348,0.91386,0
ILSVRC2012_val_00002012_with_ILSVRC2012_val_00002348_rank418,993,993,0.92653,0
ILSVRC2012_val_00002012_with_ILSVRC2012_val_00005842_rank138,217,217,0.73522,0
ILSVRC2012_val_00002012_with_ILSVRC2012_val_00006934_rank769,504,725,0.38082,7
ILSVRC2012_val_00002012_with_ILSVRC2012_val_00009645_rank591,375,375,0.91891,0
ILSVRC2012_val_00002012_with_ILSVRC2012_val_00047258_rank721,81,81,0.87931,0
ILSVRC2012_val_00002012_with_ILSVRC2012_val_00012509_rank397,486,486,0.9368,0
ILSVRC2012_val_00002012_with_ILSVRC2012_val_00032238_rank070,805,805,0.91566,0
ILSVRC2012_val_00002012_with_ILSVRC2012_val_00015264_rank623,20,20,0.86953,0
ILSVRC2012_val_00002012_with_ILSVRC2012_val_00049364_rank081,188,188,0.89929,0
ILSVRC2012_val_00002012_with_ILSVRC2012_val_00039989_rank830,636,414,0.30041,2
ILSVRC2012_val_00002012_with_ILSVRC2012_val_00044083_rank547,484,484,0.58912,0
ILSVRC2012_val_00002012_with_ILSVRC2012_val_00030467_rank231,560,723,0.10943,198
ILSVRC2012_val_00002012_with_ILSVRC2012_val_00048024_rank543,145,145,0.94428,0
ILSVRC2012_val_00002012_with_ILSVRC2012_val_00038871_rank275,983,983,0.74974,0
ILSVRC2012_val_00002012_with_ILSVRC2012_val_00008412_rank675,700,700,0.92157,0
ILSVRC2012_val_00002012_with_ILSVRC2012_val_00031361_rank101,282,282,0.83675,0
ILSVRC2012_val_00002012_with_ILSVRC2012_val_00036113_rank936,441,441,0.84165,0
ILSVRC2012_val_00002012_with_ILSVRC2012_val_00047687_rank445,511,511,0.8219,0
ILSVRC2012_val_00002012_with_ILSVRC2012_val_00005958_rank944,968,968,0.50213,0
ILSVRC2012_val_00002012_with_ILSVRC2012_val_00046001_rank317,718,718,0.15701,0
ILSVRC2012_val_00002012_with_ILSVRC2012_val_00003269_rank387,181,181,0.94604,0
ILSVRC2012_val_00002012_with_ILSVRC2012_val_00035589_rank379,763,514,0.92626,8
ILSVRC2012_val_00002012_with_ILSVRC2012_val_00021956_rank297,18,18,0.92788,0
ILSVRC2012_val_00002012_with_ILSVRC2012_val_00034070_rank029,205,224,0.82137,3
ILSVRC2012_val_00002012_with_ILSVRC2012_val_00041643_rank023,269,272,0.80364,2
ILSVRC2012_val_00002012_with_ILSVRC2012_val_00007917_rank384,912,730,0.83513,25
ILSVRC2012_val_00002012_with_ILSVRC2012_val_00002312_rank624,545,545,0.79884,0
ILSVRC2012_val_00002012_with_ILSVRC2012_val_00005038_rank238,787,787,0.91175,0
ILSVRC2012_val_00002012_with_ILSVRC2012_val_00003467_rank850,111,147,0.06731,16
ILSVRC2012_val_00002012_with_ILSVRC2012_val_00016945_rank403,627,627,0.95292,0
ILSVRC2012_val_00002012_with_ILSVRC2012_val_00005913_rank164,346,346,0.92008,0
ILSVRC2012_val_00002012_with_ILSVRC2012_val_00038700_rank642,450,450,0.28737,0
ILSVRC2012_val_00002012_with_ILSVRC2012_val_00016694_rank154,299,299,0.9072,0
ILSVRC2012_val_00002012_with_ILSVRC2012_val_00020578_rank281,127,127,0.92383,0
ILSVRC2012_val_00002012_with_ILSVRC2012_val_00023515_rank159,184,184,0.92541,0
ILSVRC2012_val_00002012_with_ILSVRC2012_val_00027888_rank989,494,494,0.7902,0
ILSVRC2012_val_00002012_with_ILSVRC2012_val_00037692_rank232,391,391,0.91838,0
ILSVRC2012_val_00002012_with_ILSVRC2012_val_00043953_rank702,512,512,0.93124,0
ILSVRC2012_val_00002012_with_ILSVRC2012_val_00043559_rank574,66,66,0.86558,0
ILSVRC2012_val_00002012_with_ILSVRC2012_val_00034626_rank579,325,325,0.86073,0
ILSVRC2012_val_00002012_with_ILSVRC2012_val_00027569_rank966,605,605,0.91432,0
ILSVRC2012_val_00002012_with_ILSVRC2012_val_00017942_rank412,311,311,0.65735,0
ILSVRC2012_val_00002012_with_ILSVRC2012_val_00044557_rank656,54,54,0.43979,0
ILSVRC2012_val_00002012_with_ILSVRC2012_val_00000162_rank640,894,894,0.33902,0
ILSVRC2012_val_00002012_with_ILSVRC2012_val_00044661_rank395,155,155,0.86455,0
ILSVRC2012_val_00002012_with_ILSVRC2012_val_00009873_rank175,701,701,0.73467,0
ILSVRC2012_val_00002012_with_ILSVRC2012_val_00016065_rank792,440,747,0.19917,28
ILSVRC2012_val_00002012_with_ILSVRC2012_val_00023155_rank109,168,168,0.91341,0
ILSVRC2012_val_00002012_with_ILSVRC2012_val_00000246_rank802,349,348,0.7555,1
ILSVRC2012_val_00002012_with_ILSVRC2012_val_00036156_rank978,710,710,0.82799,0
ILSVRC2012_val_00002012_with_ILSVRC2012_val_00049217_rank311,105,105,0.91604,0
ILSVRC2012_val_00002012_with_ILSVRC2012_val_00039821_rank744,482,482,0.29077,0
ILSVRC2012_val_00002012_with_ILSVRC2012_val_00026360_rank681,989,989,0.90226,0
ILSVRC2012_val_00002012_with_ILSVRC2012_val_00013675_rank645,36,36,0.86805,0
ILSVRC2012_val_00002012_with_ILSVRC2012_val_00032724_rank888,75,73,0.64599,1
ILSVRC2012_val_00002012_with_ILSVRC2012_val_00010195_rank315,510,510,0.84527,0
ILSVRC2012_val_00002012_with_ILSVRC2012_val_00024915_rank601,514,514,0.92262,0
ILSVRC2012_val_00002012_with_ILSVRC2012_val_00043262_rank817,642,642,0.9327,0
ILSVRC2012_val_00002012_with_ILSVRC2012_val_00028113_rank302,32,30,0.743,1
ILSVRC2012_val_00002012_with_ILSVRC2012_val_00029330_rank247,552,637,0.06899,480
ILSVRC2012_val_00002012_with_ILSVRC2012_val_00017310_rank454,16,16,0.42547,0
ILSVRC2012_val_00002012_with_ILSVRC2012_val_00045463_rank922,125,125,0.9065,0
ILSVRC2012_val_00002012_with_ILSVRC2012_val_00023835_rank558,674,674,0.91726,0
ILSVRC2012_val_00002012_with_ILSVRC2012_val_00026967_rank283,98,98,0.9005,0
ILSVRC2012_val_00002012_with_ILSVRC2012_val_00000042_rank416,756,756,0.68073,0
ILSVRC2012_val_00002012_with_ILSVRC2012_val_00016246_rank576,474,689,0.17995,22
ILSVRC2012_val_00002012_with_ILSVRC2012_val_00031135_rank001,235,235,0.88339,0
ILSVRC2012_val_00002012_with_ILSVRC2012_val_00023568_rank535,561,561,0.90067,0
ILSVRC2012_val_00002012_with_ILSVRC2012_val_00001946_rank699,590,458,0.76523,472
ILSVRC2012_val_00002012_with_ILSVRC2012_val_00034013_rank281,127,127,0.90945,0
ILSVRC2012_val_00002012_with_ILSVRC2012_val_00042718_rank804,947,947,0.89136,0
ILSVRC2012_val_00002012_with_ILSVRC2012_val_00006034_rank832,531,531,0.78719,0
ILSVRC2012_val_00002012_with_ILSVRC2012_val_00037731_rank154,299,299,0.81671,0
ILSVRC2012_val_00002012_with_ILSVRC2012_val_00037695_rank938,470,470,0.71454,0
ILSVRC2012_val_00002012_with_ILSVRC2012_val_00007174_rank338,371,371,0.91256,0
ILSVRC2012_val_00002012_with_ILSVRC2012_val_00019886_rank397,486,486,0.91739,0
ILSVRC2012_val_00002012_with_ILSVRC2012_val_00031853_rank588,949,949,0.94103,0
ILSVRC2012_val_00002012_with_ILSVRC2012_val_00047874_rank740,885,414,0.40864,36
ILSVRC2012_val_00002012_with_ILSVRC2012_val_00003799_rank639,534,534,0.85289,0
ILSVRC2012_val_00002012_with_ILSVRC2012_val_00022178_rank691,741,741,0.93645,0
ILSVRC2012_val_00002012_with_ILSVRC2012_val_00034774_rank922,125,125,0.41046,0
ILSVRC2012_val_00002012_with_ILSVRC2012_val_00041756_rank071,368,368,0.93638,0
ILSVRC2012_val_00002012_with_ILSVRC2012_val_00016045_rank270,750,797,0.41643,5
ILSVRC2012_val_00002012_with_ILSVRC2012_val_00036383_rank540,930,912,0.06856,824
ILSVRC2012_val_00002012_with_ILSVRC2012_val_00040358_rank269,0,912,0.09468,383
ILSVRC2012_val_00002012_with_ILSVRC2012_val_00011288_rank640,894,894,0.9378,0
ILSVRC2012_val_00002012_with_ILSVRC2012_val_00037015_rank855,822,822,0.93722,0
ILSVRC2012_val_00002012_with_ILSVRC2012_val_00039308_rank619,6,6,0.4537,0
ILSVRC2012_val_00002012_with_ILSVRC2012_val_00017376_rank899,677,587,0.81203,2
ILSVRC2012_val_00002012_with_ILSVRC2012_val_00021717_rank126,734,734,0.48228,0
ILSVRC2012_val_00002012_with_ILSVRC2012_val_00006543_rank186,388,388,0.91852,0
ILSVRC2012_val_00002012_with_ILSVRC2012_val_00006124_rank599,910,910,0.62141,0
ILSVRC2012_val_00002012_with_ILSVRC2012_val_00012235_rank063,167,162,0.88962,2
ILSVRC2012_val_00002012_with_ILSVRC2012_val_00004514_rank458,985,985,0.9192,0
ILSVRC2012_val_00002012_with_ILSVRC2012_val_00025527_rank269,0,912,0.09468,383
ILSVRC2012_val_00002012_with_ILSVRC2012_val_00037267_rank178,830,912,0.36902,524
ILSVRC2012_val_00002012_with_ILSVRC2012_val_00009549_rank659,987,987,0.65976,0
ILSVRC2012_val_00002012_with_ILSVRC2012_val_00023604_rank632,119,348,0.1241,215
ILSVRC2012_val_00002012_with_ILSVRC2012_val_00038498_rank013,236,164,0.77275,18
ILSVRC2012_val_00002012_with_ILSVRC2012_val_00029533_rank981,786,866,0.38038,178
ILSVRC2012_val_00002012_with_ILSVRC2012_val_00007070_rank829,469,469,0.84702,0
ILSVRC2012_val_00002012_with_ILSVRC2012_val_00004174_rank870,769,769,0.82555,0
ILSVRC2012_val_00002012_with_ILSVRC2012_val_00020532_rank555,655,912,0.2038,940
ILSVRC2012_val_00002012_with_ILSVRC2012_val_00011382_rank427,317,317,0.90361,0
ILSVRC2012_val_00002012_with_ILSVRC2012_val_00029045_rank962,528,528,0.93905,0
ILSVRC2012_val_00002012_with_ILSVRC2012_val_00016563_rank580,496,496,0.92538,0
ILSVRC2012_val_00002012_with_ILSVRC2012_val_00027148_rank761,61,61,0.89768,0
ILSVRC2012_val_00002012_with_ILSVRC2012_val_00040049_rank131,336,336,0.60748,0
ILSVRC2012_val_00002012_with_ILSVRC2012_val_00007730_rank357,726,726,0.9232,0
ILSVRC2012_val_00002012_with_ILSVRC2012_val_00009143_rank460,641,457,0.80388,53
ILSVRC2012_val_00002012_with_ILSVRC2012_val_00015447_rank651,942,942,0.92504,0
ILSVRC2012_val_00002012_with_ILSVRC2012_val_00039082_rank884,827,827,0.83498,0
ILSVRC2012_val_00002012_with_ILSVRC2012_val_00040030_rank688,917,764,0.69834,72
ILSVRC2012_val_00002012_with_ILSVRC2012_val_00026462_rank422,139,139,0.89275,0
ILSVRC2012_val_00002012_with_ILSVRC2012_val_00021647_rank581,814,814,0.90516,0
ILSVRC2012_val_00002012_with_ILSVRC2012_val_00021746_rank952,507,507,0.87224,0
ILSVRC2012_val_00002012_with_ILSVRC2012_val_00010484_rank595,320,320,0.86402,0
ILSVRC2012_val_00002012_with_ILSVRC2012_val_00006369_rank826,922,919,0.17331,31
ILSVRC2012_val_00002012_with_ILSVRC2012_val_00042094_rank244,743,743,0.91873,0
ILSVRC2012_val_00002012_with_ILSVRC2012_val_00049700_rank467,751,751,0.88483,0
ILSVRC2012_val_00002012_with_ILSVRC2012_val_00005243_rank749,334,334,0.93264,0
ILSVRC2012_val_00002012_with_ILSVRC2012_val_00027852_rank369,777,733,0.30886,72
ILSVRC2012_val_00002012_with_ILSVRC2012_val_00009014_rank008,249,249,0.96656,0
ILSVRC2012_val_00002012_with_ILSVRC2012_val_00034097_rank897,438,438,0.83238,0
ILSVRC2012_val_00002012_with_ILSVRC2012_val_00006128_rank989,494,912,0.03675,90
ILSVRC2012_val_00002012_with_ILSVRC2012_val_00028573_rank698,86,86,0.66615,0
ILSVRC2012_val_00002012_with_ILSVRC2012_val_00049216_rank625,393,393,0.92431,0
ILSVRC2012_val_00002012_with_ILSVRC2012_val_00009432_rank553,695,695,0.70909,0
ILSVRC2012_val_00002012_with_ILSVRC2012_val_00049029_rank684,767,912,0.17014,995
ILSVRC2012_val_00002012_with_ILSVRC2012_val_00047808_rank012,244,244,0.93689,0
ILSVRC2012_val_00002012_with_ILSVRC2012_val_00045147_rank226,913,879,0.39839,483
ILSVRC2012_val_00002012_with_ILSVRC2012_val_00001558_rank193,764,764,0.60514,0
ILSVRC2012_val_00002012_with_ILSVRC2012_val_00008739_rank107,177,170,0.45844,1
ILSVRC2012_val_00002012_with_ILSVRC2012_val_00030316_rank511,357,357,0.63124,0
ILSVRC2012_val_00002012_with_ILSVRC2012_val_00004911_rank661,588,588,0.91165,0
ILSVRC2012_val_00002012_with_ILSVRC2012_val_00023490_rank478,412,412,0.46865,0
ILSVRC2012_val_00002012_with_ILSVRC2012_val_00015823_rank488,57,57,0.85016,0
ILSVRC2012_val_00002012_with_ILSVRC2012_val_00024460_rank772,955,955,0.92616,0
ILSVRC2012_val_00002012_with_ILSVRC2012_val_00029589_rank336,489,489,0.19814,0
ILSVRC2012_val_00002012_with_ILSVRC2012_val_00041992_rank753,839,839,0.8286,0
ILSVRC2012_val_00002012_with_ILSVRC2012_val_00048008_rank218,128,128,0.7763,0
ILSVRC2012_val_00002012_with_ILSVRC2012_val_00033423_rank963,79,79,0.88957,0
ILSVRC2012_val_00002012_with_ILSVRC2012_val_00041490_rank296,656,609,0.9715,10
ILSVRC2012_val_00002012_with_ILSVRC2012_val_00013101_rank980,69,69,0.94006,0
ILSVRC2012_val_00002012_with_ILSVRC2012_val_00011664_rank822,30,30,0.91899,0
ILSVRC2012_val_00002012_with_ILSVRC2012_val_00032782_rank605,736,736,0.9217,0
ILSVRC2012_val_00002012_with_ILSVRC2012_val_00042985_rank798,544,544,0.91537,0
ILSVRC2012_val_00002012_with_ILSVRC2012_val_00049305_rank827,650,912,0.14104,989
ILSVRC2012_val_00002012_with_ILSVRC2012_val_00005980_rank767,668,668,0.90654,0
ILSVRC2012_val_00002012_with_ILSVRC2012_val_00007184_rank342,148,148,0.11407,0
ILSVRC2012_val_00002012_with_ILSVRC2012_val_00032764_rank706,110,110,0.90818,0
ILSVRC2012_val_00002012_with_ILSVRC2012_val_00041776_rank162,183,183,0.93973,0
ILSVRC2012_val_00002012_with_ILSVRC2012_val_00032264_rank058,206,206,0.27861,0
ILSVRC2012_val_00002012_with_ILSVRC2012_val_00026006_rank943,72,74,0.40034,1
ILSVRC2012_val_00002012_with_ILSVRC2012_val_00006210_rank536,933,933,0.92835,0
ILSVRC2012_val_00002012_with_ILSVRC2012_val_00014360_rank001,235,235,0.95104,0
ILSVRC2012_val_00002012_with_ILSVRC2012_val_00016437_rank241,347,347,0.63418,0
ILSVRC2012_val_00002012_with_ILSVRC2012_val_00004544_rank640,894,637,0.37898,191
ILSVRC2012_val_00002012_with_ILSVRC2012_val_00027833_rank026,207,207,0.57109,0
ILSVRC2012_val_00002012_with_ILSVRC2012_val_00016721_rank196,359,358,0.46494,2
ILSVRC2012_val_00002012_with_ILSVRC2012_val_00022034_rank926,725,725,0.82118,0
ILSVRC2012_val_00002012_with_ILSVRC2012_val_00008767_rank350,555,555,0.91531,0
ILSVRC2012_val_00002012_with_ILSVRC2012_val_00012677_rank489,312,312,0.65879,0
ILSVRC2012_val_00002012_with_ILSVRC2012_val_00013411_rank179,342,342,0.66036,0
ILSVRC2012_val_00002012_with_ILSVRC2012_val_00001830_rank195,142,142,0.25784,0
ILSVRC2012_val_00002012_with_ILSVRC2012_val_00000512_rank940,56,56,0.83801,0
ILSVRC2012_val_00002012_with_ILSVRC2012_val_00012494_rank265,661,661,0.91216,0
ILSVRC2012_val_00002012_with_ILSVRC2012_val_00041350_rank272,518,518,0.93192,0
ILSVRC2012_val_00002012_with_ILSVRC2012_val_00023364_rank904,965,965,0.90906,0
ILSVRC2012_val_00002012_with_ILSVRC2012_val_00022834_rank855,822,822,0.93552,0
ILSVRC2012_val_00002012_with_ILSVRC2012_val_00010634_rank725,51,51,0.94424,0
ILSVRC2012_val_00002012_with_ILSVRC2012_val_00043729_rank908,616,954,0.19582,248
ILSVRC2012_val_00002012_with_ILSVRC2012_val_00006251_rank549,5,5,0.94451,0
ILSVRC2012_val_00002012_with_ILSVRC2012_val_00027952_rank447,735,735,0.9453,0
ILSVRC2012_val_00002012_with_ILSVRC2012_val_00047723_rank637,895,895,0.29213,0
ILSVRC2012_val_00002012_with_ILSVRC2012_val_00037103_rank032,226,226,0.92369,0
ILSVRC2012_val_00002012_with_ILSVRC2012_val_00008425_rank402,427,427,0.86387,0
ILSVRC2012_val_00002012_with_ILSVRC2012_val_00014308_rank314,40,40,0.70402,0
ILSVRC2012_val_00002012_with_ILSVRC2012_val_00014137_rank544,572,572,0.72133,0
ILSVRC2012_val_00002012_with_ILSVRC2012_val_00026189_rank757,404,830,0.5385,122
ILSVRC2012_val_00002012_with_ILSVRC2012_val_00014112_rank770,629,585,0.11155,3
ILSVRC2012_val_00002012_with_ILSVRC2012_val_00025881_rank907,925,925,0.25674,0
ILSVRC2012_val_00002012_with_ILSVRC2012_val_00042174_rank212,495,495,0.7568,0
ILSVRC2012_val_00002012_with_ILSVRC2012_val_00014767_rank610,971,971,0.94386,0
ILSVRC2012_val_00002012_with_ILSVRC2012_val_00014657_rank108,291,291,0.91404,0
ILSVRC2012_val_00002012_with_ILSVRC2012_val_00039341_rank516,954,954,0.94227,0
ILSVRC2012_val_00002012_with_ILSVRC2012_val_00000466_rank260,100,100,0.91443,0
ILSVRC2012_val_00002012_with_ILSVRC2012_val_00030999_rank390,483,483,0.78303,0
ILSVRC2012_val_00002012_with_ILSVRC2012_val_00039371_rank530,935,935,0.83921,0
ILSVRC2012_val_00002012_with_ILSVRC2012_val_00048548_rank725,51,51,0.91066,0
ILSVRC2012_val_00002012_with_ILSVRC2012_val_00004335_rank808,73,73,0.38422,0
ILSVRC2012_val_00002012_with_ILSVRC2012_val_00014179_rank493,411,645,0.11595,152
ILSVRC2012_val_00002012_with_ILSVRC2012_val_00012335_rank155,341,348,0.94725,6
ILSVRC2012_val_00002012_with_ILSVRC2012_val_00032906_rank398,363,363,0.91083,0
ILSVRC2012_val_00002012_with_ILSVRC2012_val_00044380_rank042,240,241,0.73385,1
ILSVRC2012_val_00002012_with_ILSVRC2012_val_00040794_rank254,366,366,0.90505,0
ILSVRC2012_val_00002012_with_ILSVRC2012_val_00011691_rank353,566,566,0.24937,0
ILSVRC2012_val_00002012_with_ILSVRC2012_val_00048682_rank975,530,530,0.89216,0
ILSVRC2012_val_00002012_with_ILSVRC2012_val_00046257_rank312,52,52,0.92263,0
ILSVRC2012_val_00002012_with_ILSVRC2012_val_00039695_rank274,153,153,0.8864,0
ILSVRC2012_val_00002012_with_ILSVRC2012_val_00038054_rank018,273,273,0.89244,0
ILSVRC2012_val_00002012_with_ILSVRC2012_val_00011766_rank743,35,35,0.55151,0
ILSVRC2012_val_00002012_with_ILSVRC2012_val_00042607_rank917,811,811,0.88728,0
ILSVRC2012_val_00002012_with_ILSVRC2012_val_00044808_rank790,419,419,0.79822,0
ILSVRC2012_val_00002012_with_ILSVRC2012_val_00032329_rank292,699,699,0.92522,0
ILSVRC2012_val_00002012_with_ILSVRC2012_val_00045440_rank047,271,225,0.49244,13
ILSVRC2012_val_00002012_with_ILSVRC2012_val_00049773_rank227,33,33,0.81941,0
ILSVRC2012_val_00002012_with_ILSVRC2012_val_00029552_rank488,57,57,0.86645,0
ILSVRC2012_val_00002012_with_ILSVRC2012_val_00045697_rank186,388,388,0.92961,0
ILSVRC2012_val_00002012_with_ILSVRC2012_val_00029930_rank269,0,912,0.09468,383
ILSVRC2012_val_00002012_with_ILSVRC2012_val_00027135_rank135,568,249,0.26954,115
ILSVRC2012_val_00002012_with_ILSVRC2012_val_00030455_rank858,893,446,0.5506,3
ILSVRC2012_val_00002012_with_ILSVRC2012_val_00026527_rank947,784,587,0.90114,2
ILSVRC2012_val_00002012_with_ILSVRC2012_val_00048915_rank068,160,160,0.95582,0
ILSVRC2012_val_00002012_with_ILSVRC2012_val_00009258_rank864,859,859,0.86436,0
ILSVRC2012_val_00002012_with_ILSVRC2012_val_00045722_rank535,561,561,0.91096,0
ILSVRC2012_val_00002012_with_ILSVRC2012_val_00008496_rank005,255,255,0.90817,0
ILSVRC2012_val_00002012_with_ILSVRC2012_val_00002668_rank585,11,11,0.90023,0
ILSVRC2012_val_00002012_with_ILSVRC2012_val_00026003_rank836,589,766,0.42266,545
ILSVRC2012_val_00002012_with_ILSVRC2012_val_00010755_rank209,667,637,0.49271,177
ILSVRC2012_val_00002012_with_ILSVRC2012_val_00039932_rank518,487,807,0.08439,140
ILSVRC2012_val_00002012_with_ILSVRC2012_val_00016264_rank847,138,138,0.93881,0
ILSVRC2012_val_00002012_with_ILSVRC2012_val_00045285_rank859,503,505,0.26603,5
ILSVRC2012_val_00002012_with_ILSVRC2012_val_00019889_rank451,702,733,0.38563,9
ILSVRC2012_val_00002012_with_ILSVRC2012_val_00035341_rank020,159,159,0.68919,0
ILSVRC2012_val_00002012_with_ILSVRC2012_val_00002749_rank015,261,261,0.94044,0
ILSVRC2012_val_00002012_with_ILSVRC2012_val_00039429_rank870,769,912,0.39041,663
ILSVRC2012_val_00002012_with_ILSVRC2012_val_00029895_rank377,691,691,0.93532,0
ILSVRC2012_val_00002012_with_ILSVRC2012_val_00002172_rank612,89,89,0.92305,0
ILSVRC2012_val_00002012_with_ILSVRC2012_val_00031704_rank718,123,88,0.3415,332
ILSVRC2012_val_00002012_with_ILSVRC2012_val_00006977_rank474,405,405,0.91624,0
ILSVRC2012_val_00002012_with_ILSVRC2012_val_00041570_rank054,281,281,0.7255,0
ILSVRC2012_val_00002012_with_ILSVRC2012_val_00033237_rank366,869,735,0.38158,27
ILSVRC2012_val_00002012_with_ILSVRC2012_val_00000286_rank694,728,637,0.14934,235
ILSVRC2012_val_00002012_with_ILSVRC2012_val_00017092_rank072,176,176,0.60946,0
ILSVRC2012_val_00002012_with_ILSVRC2012_val_00032804_rank757,404,404,0.90377,0
ILSVRC2012_val_00002012_with_ILSVRC2012_val_00039098_rank465,618,618,0.90872,0
ILSVRC2012_val_00002012_with_ILSVRC2012_val_00020749_rank630,904,96,0.9085,123
ILSVRC2012_val_00002012_with_ILSVRC2012_val_00028646_rank859,503,503,0.63928,0
ILSVRC2012_val_00002012_with_ILSVRC2012_val_00035258_rank776,823,912,0.20812,864
ILSVRC2012_val_00002012_with_ILSVRC2012_val_00024155_rank588,949,949,0.91399,0
ILSVRC2012_val_00002012_with_ILSVRC2012_val_00003474_rank770,629,629,0.92934,0
ILSVRC2012_val_00002012_with_ILSVRC2012_val_00014896_rank800,546,546,0.88698,0
ILSVRC2012_val_00002012_with_ILSVRC2012_val_00021533_rank900,891,891,0.41243,0
ILSVRC2012_val_00002012_with_ILSVRC2012_val_00028533_rank427,317,317,0.90448,0
ILSVRC2012_val_00002012_with_ILSVRC2012_val_00042835_rank478,412,704,0.36756,6
ILSVRC2012_val_00002012_with_ILSVRC2012_val_00018130_rank751,991,991,0.89229,0
ILSVRC2012_val_00002012_with_ILSVRC2012_val_00005012_rank277,573,621,0.26291,2
ILSVRC2012_val_00002012_with_ILSVRC2012_val_00001734_rank504,902,902,0.29095,0
ILSVRC2012_val_00002012_with_ILSVRC2012_val_00041929_rank031,232,232,0.67035,0
ILSVRC2012_val_00002012_with_ILSVRC2012_val_00010581_rank795,820,820,0.85922,0
ILSVRC2012_val_00002012_with_ILSVRC2012_val_00017980_rank127,157,157,0.93658,0
ILSVRC2012_val_00002012_with_ILSVRC2012_val_00042942_rank197,515,402,0.65781,30
ILSVRC2012_val_00002012_with_ILSVRC2012_val_00013199_rank839,883,725,0.64333,1
ILSVRC2012_val_00002012_with_ILSVRC2012_val_00035048_rank850,111,730,0.53084,347
ILSVRC2012_val_00002012_with_ILSVRC2012_val_00030172_rank620,659,659,0.79494,0
ILSVRC2012_val_00002012_with_ILSVRC2012_val_00009811_rank879,88,88,0.9263,0
ILSVRC2012_val_00002012_with_ILSVRC2012_val_00019065_rank150,792,792,0.91046,0
ILSVRC2012_val_00002012_with_ILSVRC2012_val_00045924_rank928,29,29,0.94055,0
ILSVRC2012_val_00002012_with_ILSVRC2012_val_00046476_rank967,709,637,0.36981,76
ILSVRC2012_val_00002012_with_ILSVRC2012_val_00011421_rank832,531,531,0.76546,0
ILSVRC2012_val_00002012_with_ILSVRC2012_val_00015218_rank752,938,938,0.87391,0
ILSVRC2012_val_00002012_with_ILSVRC2012_val_00026208_rank032,226,226,0.90408,0
ILSVRC2012_val_00002012_with_ILSVRC2012_val_00028337_rank625,393,393,0.17274,0
ILSVRC2012_val_00002012_with_ILSVRC2012_val_00002919_rank834,647,647,0.84978,0
ILSVRC2012_val_00002012_with_ILSVRC2012_val_00038732_rank608,564,564,0.87953,0
ILSVRC2012_val_00002012_with_ILSVRC2012_val_00007107_rank186,388,388,0.89926,0
ILSVRC2012_val_00002012_with_ILSVRC2012_val_00025270_rank385,733,18,0.40891,293
ILSVRC2012_val_00002012_with_ILSVRC2012_val_00029653_rank155,341,341,0.82384,0
ILSVRC2012_val_00002012_with_ILSVRC2012_val_00041799_rank762,386,386,0.86165,0
ILSVRC2012_val_00002012_with_ILSVRC2012_val_00010576_rank439,365,365,0.94456,0
ILSVRC2012_val_00002012_with_ILSVRC2012_val_00038979_rank900,891,891,0.9383,0
ILSVRC2012_val_00002012_with_ILSVRC2012_val_00029709_rank526,12,12,0.62923,0
ILSVRC2012_val_00002012_with_ILSVRC2012_val_00030199_rank009,191,191,0.9734,0
ILSVRC2012_val_00002012_with_ILSVRC2012_val_00015777_rank689,943,943,0.8937,0
ILSVRC2012_val_00002012_with_ILSVRC2012_val_00025394_rank032,226,226,0.80375,0
ILSVRC2012_val_00002012_with_ILSVRC2012_val_00017460_rank931,635,635,0.8791,0
ILSVRC2012_val_00002012_with_ILSVRC2012_val_00023117_rank428,945,945,0.62879,0
ILSVRC2012_val_00002012_with_ILSVRC2012_val_00022341_rank049,213,213,0.92413,0
ILSVRC2012_val_00002012_with_ILSVRC2012_val_00014248_rank410,102,102,0.93226,0
ILSVRC2012_val_00002012_with_ILSVRC2012_val_00049127_rank985,719,719,0.91725,0
ILSVRC2012_val_00002012_with_ILSVRC2012_val_00008539_rank295,370,370,0.91534,0
ILSVRC2012_val_00002012_with_ILSVRC2012_val_00001285_rank446,399,414,0.27762,27
ILSVRC2012_val_00002012_with_ILSVRC2012_val_00030439_rank385,733,733,0.69099,0
ILSVRC2012_val_00002012_with_ILSVRC2012_val_00030595_rank035,260,260,0.88502,0
ILSVRC2012_val_00002012_with_ILSVRC2012_val_00045879_rank152,381,381,0.25784,0
ILSVRC2012_val_00002012_with_ILSVRC2012_val_00029917_rank135,568,568,0.91933,0
ILSVRC2012_val_00002012_with_ILSVRC2012_val_00028804_rank307,793,701,0.76643,205
ILSVRC2012_val_00002012_with_ILSVRC2012_val_00015332_rank825,578,834,0.25462,11
ILSVRC2012_val_00002012_with_ILSVRC2012_val_00047106_rank612,89,89,0.93649,0
ILSVRC2012_val_00002012_with_ILSVRC2012_val_00037072_rank873,800,800,0.94055,0
ILSVRC2012_val_00002012_with_ILSVRC2012_val_00029564_rank908,616,616,0.6856,0
ILSVRC2012_val_00002012_with_ILSVRC2012_val_00020220_rank569,973,973,0.78523,0
ILSVRC2012_val_00002012_with_ILSVRC2012_val_00040903_rank623,20,20,0.88811,0
ILSVRC2012_val_00002012_with_ILSVRC2012_val_00001155_rank180,372,372,0.91516,0
ILSVRC2012_val_00002012_with_ILSVRC2012_val_00011175_rank483,324,324,0.91451,0
ILSVRC2012_val_00002012_with_ILSVRC2012_val_00035591_rank134,295,295,0.9247,0
ILSVRC2012_val_00002012_with_ILSVRC2012_val_00030637_rank036,208,208,0.7533,0
ILSVRC2012_val_00002012_with_ILSVRC2012_val_00039544_rank336,489,489,0.76062,0
ILSVRC2012_val_00002012_with_ILSVRC2012_val_00049077_rank455,129,129,0.91092,0
ILSVRC2012_val_00002012_with_ILSVRC2012_val_00018176_rank964,878,810,0.74675,1
ILSVRC2012_val_00002012_with_ILSVRC2012_val_00048658_rank111,106,106,0.90111,0
ILSVRC2012_val_00002012_with_ILSVRC2012_val_00010243_rank465,618,494,0.2558,79
ILSVRC2012_val_00002012_with_ILSVRC2012_val_00007195_rank701,688,688,0.88722,0
ILSVRC2012_val_00002012_with_ILSVRC2012_val_00045782_rank654,881,881,0.94846,0
ILSVRC2012_val_00002012_with_ILSVRC2012_val_00041379_rank626,53,53,0.5887,0
ILSVRC2012_val_00002012_with_ILSVRC2012_val_00042297_rank778,901,901,0.91065,0
ILSVRC2012_val_00002012_with_ILSVRC2012_val_00011473_rank286,156,156,0.93731,0
ILSVRC2012_val_00002012_with_ILSVRC2012_val_00017442_rank156,210,210,0.74917,0
ILSVRC2012_val_00002012_with_ILSVRC2012_val_00026841_rank178,830,637,0.17291,821
ILSVRC2012_val_00002012_with_ILSVRC2012_val_00047234_rank836,589,589,0.90746,0
ILSVRC2012_val_00002012_with_ILSVRC2012_val_00017737_rank995,749,749,0.37785,0
ILSVRC2012_val_00002012_with_ILSVRC2012_val_00049382_rank272,518,671,0.38062,6
ILSVRC2012_val_00002012_with_ILSVRC2012_val_00027069_rank118,286,286,0.77312,0
ILSVRC2012_val_00002012_with_ILSVRC2012_val_00023829_rank773,828,463,0.41868,29
ILSVRC2012_val_00002012_with_ILSVRC2012_val_00030498_rank507,821,703,0.52958,79
ILSVRC2012_val_00002012_with_ILSVRC2012_val_00026097_rank077,198,229,0.48415,28
ILSVRC2012_val_00002012_with_ILSVRC2012_val_00020356_rank746,41,41,0.45092,0
ILSVRC2012_val_00002012_with_ILSVRC2012_val_00032616_rank752,938,938,0.93485,0
ILSVRC2012_val_00002012_with_ILSVRC2012_val_00026169_rank909,501,636,0.33149,72
ILSVRC2012_val_00002012_with_ILSVRC2012_val_00023346_rank110,221,221,0.77862,0
ILSVRC2012_val_00002012_with_ILSVRC2012_val_00019565_rank955,435,876,0.11739,1
ILSVRC2012_val_00002012_with_ILSVRC2012_val_00002226_rank536,933,923,0.52515,10
ILSVRC2012_val_00002012_with_ILSVRC2012_val_00015612_rank658,770,770,0.81708,0
ILSVRC2012_val_00002012_with_ILSVRC2012_val_00032801_rank991,626,626,0.61546,0
ILSVRC2012_val_00002012_with_ILSVRC2012_val_00021878_rank384,912,912,0.88201,0
ILSVRC2012_val_00002012_with_ILSVRC2012_val_00012607_rank540,930,930,0.80294,0
ILSVRC2012_val_00002012_with_ILSVRC2012_val_00002901_rank218,128,128,0.8166,0
ILSVRC2012_val_00002012_with_ILSVRC2012_val_00035805_rank083,187,187,0.69252,0
ILSVRC2012_val_00002012_with_ILSVRC2012_val_00001475_rank349,45,45,0.92773,0
ILSVRC2012_val_00002012_with_ILSVRC2012_val_00030285_rank130,178,178,0.95954,0
ILSVRC2012_val_00002012_with_ILSVRC2012_val_00024302_rank611,986,986,0.9324,0
ILSVRC2012_val_00002012_with_ILSVRC2012_val_00041806_rank442,466,466,0.34562,0
ILSVRC2012_val_00002012_with_ILSVRC2012_val_00021900_rank557,879,879,0.9208,0
ILSVRC2012_val_00002012_with_ILSVRC2012_val_00042049_rank713,37,34,0.47921,16
ILSVRC2012_val_00002012_with_ILSVRC2012_val_00014852_rank831,740,359,0.31753,155
ILSVRC2012_val_00002012_with_ILSVRC2012_val_00030281_rank402,427,427,0.88806,0
ILSVRC2012_val_00002012_with_ILSVRC2012_val_00043884_rank673,962,962,0.24098,0
ILSVRC2012_val_00002012_with_ILSVRC2012_val_00029520_rank242,458,458,0.90803,0
ILSVRC2012_val_00002012_with_ILSVRC2012_val_00047146_rank059,262,262,0.91807,0
ILSVRC2012_val_00002012_with_ILSVRC2012_val_00034012_rank331,836,637,0.38288,801
ILSVRC2012_val_00002012_with_ILSVRC2012_val_00033088_rank480,101,385,0.72504,1
ILSVRC2012_val_00002012_with_ILSVRC2012_val_00021031_rank622,999,637,0.1858,66
ILSVRC2012_val_00002012_with_ILSVRC2012_val_00003049_rank705,817,751,0.86754,1
ILSVRC2012_val_00002012_with_ILSVRC2012_val_00000285_rank514,906,879,0.0805,515
ILSVRC2012_val_00002012_with_ILSVRC2012_val_00022560_rank544,572,440,0.46082,41
ILSVRC2012_val_00002012_with_ILSVRC2012_val_00009880_rank982,584,584,0.60345,0
ILSVRC2012_val_00002012_with_ILSVRC2012_val_00043942_rank033,104,104,0.92903,0
ILSVRC2012_val_00002012_with_ILSVRC2012_val_00000764_rank350,555,555,0.81268,0
ILSVRC2012_val_00002012_with_ILSVRC2012_val_00036410_rank840,887,735,0.92937,13
ILSVRC2012_val_00002012_with_ILSVRC2012_val_00040104_rank501,47,47,0.90835,0
ILSVRC2012_val_00002012_with_ILSVRC2012_val_00022344_rank112,215,215,0.88757,0
ILSVRC2012_val_00002012_with_ILSVRC2012_val_00032833_rank581,814,814,0.92295,0
ILSVRC2012_val_00002012_with_ILSVRC2012_val_00047486_rank855,822,822,0.94236,0
ILSVRC2012_val_00002012_with_ILSVRC2012_val_00001293_rank854,829,829,0.60413,0
ILSVRC2012_val_00002012_with_ILSVRC2012_val_00027946_rank721,81,81,0.89953,0
ILSVRC2012_val_00002012_with_ILSVRC2012_val_00042683_rank778,901,901,0.92164,0
ILSVRC2012_val_00002012_with_ILSVRC2012_val_00029946_rank076,238,239,0.60781,2
ILSVRC2012_val_00002012_with_ILSVRC2012_val_00003250_rank753,839,637,0.59471,501
ILSVRC2012_val_00002012_with_ILSVRC2012_val_00023389_rank344,575,575,0.91231,0
ILSVRC2012_val_00002012_with_ILSVRC2012_val_00041124_rank285,831,831,0.67738,0
ILSVRC2012_val_00002012_with_ILSVRC2012_val_00047824_rank436,567,567,0.91549,0
ILSVRC2012_val_00002012_with_ILSVRC2012_val_00016829_rank132,379,341,0.34256,484
ILSVRC2012_val_00002012_with_ILSVRC2012_val_00008720_rank804,947,947,0.97234,0
ILSVRC2012_val_00002012_with_ILSVRC2012_val_00027559_rank543,145,145,0.9421,0
ILSVRC2012_val_00002012_with_ILSVRC2012_val_00042830_rank215,116,116,0.92326,0
ILSVRC2012_val_00002012_with_ILSVRC2012_val_00024061_rank756,961,912,0.10266,999
ILSVRC2012_val_00002012_with_ILSVRC2012_val_00013561_rank606,747,747,0.84718,0
ILSVRC2012_val_00002012_with_ILSVRC2012_val_00006161_rank906,377,377,0.90848,0
ILSVRC2012_val_00002012_with_ILSVRC2012_val_00041178_rank069,233,233,0.9427,0
ILSVRC2012_val_00002012_with_ILSVRC2012_val_00041757_rank684,767,695,0.53617,175
ILSVRC2012_val_00002012_with_ILSVRC2012_val_00036393_rank669,664,664,0.38862,0
ILSVRC2012_val_00002012_with_ILSVRC2012_val_00048567_rank207,523,912,0.13489,494
ILSVRC2012_val_00002012_with_ILSVRC2012_val_00027284_rank610,971,909,0.3566,309
ILSVRC2012_val_00002012_with_ILSVRC2012_val_00046546_rank759,789,789,0.79077,0
ILSVRC2012_val_00002012_with_ILSVRC2012_val_00045363_rank049,213,213,0.88452,0
ILSVRC2012_val_00002012_with_ILSVRC2012_val_00048753_rank161,603,603,0.94328,0
ILSVRC2012_val_00002012_with_ILSVRC2012_val_00022392_rank534,59,55,0.42773,1
ILSVRC2012_val_00002012_with_ILSVRC2012_val_00024109_rank539,76,76,0.9008,0
ILSVRC2012_val_00002012_with_ILSVRC2012_val_00009517_rank547,484,23,0.18512,332
ILSVRC2012_val_00002012_with_ILSVRC2012_val_00038531_rank799,840,169,0.25966,845
ILSVRC2012_val_00002012_with_ILSVRC2012_val_00025903_rank129,251,251,0.95028,0
ILSVRC2012_val_00002012_with_ILSVRC2012_val_00033008_rank702,512,908,0.222,305
ILSVRC2012_val_00002012_with_ILSVRC2012_val_00016148_rank036,208,208,0.46578,0
ILSVRC2012_val_00002012_with_ILSVRC2012_val_00032696_rank748,644,912,0.35451,375
ILSVRC2012_val_00002012_with_ILSVRC2012_val_00017272_rank630,904,904,0.8858,0
ILSVRC2012_val_00002012_with_ILSVRC2012_val_00035719_rank062,209,209,0.93026,0
ILSVRC2012_val_00002012_with_ILSVRC2012_val_00003224_rank217,703,253,0.27663,173
ILSVRC2012_val_00002012_with_ILSVRC2012_val_00027685_rank298,808,808,0.9229,0
ILSVRC2012_val_00002012_with_ILSVRC2012_val_00040394_rank505,332,332,0.94599,0
ILSVRC2012_val_00002012_with_ILSVRC2012_val_00008201_rank122,202,202,0.7921,0
ILSVRC2012_val_00002012_with_ILSVRC2012_val_00026951_rank473,931,931,0.86508,0
ILSVRC2012_val_00002012_with_ILSVRC2012_val_00004111_rank726,648,648,0.79087,0
ILSVRC2012_val_00002012_with_ILSVRC2012_val_00021769_rank904,965,965,0.79099,0
ILSVRC2012_val_00002012_with_ILSVRC2012_val_00018076_rank703,112,112,0.81405,0
ILSVRC2012_val_00002012_with_ILSVRC2012_val_00040474_rank364,22,22,0.8953,0
ILSVRC2012_val_00002012_with_ILSVRC2012_val_00044085_rank544,572,572,0.93169,0
ILSVRC2012_val_00002012_with_ILSVRC2012_val_00002908_rank553,695,695,0.90965,0
ILSVRC2012_val_00002012_with_ILSVRC2012_val_00026950_rank541,408,408,0.9118,0
ILSVRC2012_val_00002012_with_ILSVRC2012_val_00003700_rank295,370,370,0.91227,0
ILSVRC2012_val_00002012_with_ILSVRC2012_val_00034215_rank141,367,367,0.9201,0
ILSVRC2012_val_00002012_with_ILSVRC2012_val_00017765_rank095,292,292,0.64644,0
ILSVRC2012_val_00002012_with_ILSVRC2012_val_00003105_rank672,794,794,0.70281,0
ILSVRC2012_val_00002012_with_ILSVRC2012_val_00034853_rank668,672,672,0.87362,0
ILSVRC2012_val_00002012_with_ILSVRC2012_val_00008839_rank397,486,486,0.91841,0
ILSVRC2012_val_00002012_with_ILSVRC2012_val_00034841_rank925,617,617,0.11459,0
ILSVRC2012_val_00002012_with_ILSVRC2012_val_00014975_rank080,267,267,0.87662,0
ILSVRC2012_val_00002012_with_ILSVRC2012_val_00007717_rank157,428,428,0.60353,0
ILSVRC2012_val_00002012_with_ILSVRC2012_val_00007017_rank886,898,898,0.90828,0
ILSVRC2012_val_00002012_with_ILSVRC2012_val_00039107_rank681,989,989,0.93102,0
ILSVRC2012_val_00002012_with_ILSVRC2012_val_00002365_rank039,275,275,0.89864,0
ILSVRC2012_val_00002012_with_ILSVRC2012_val_00042370_rank526,12,12,0.59294,0
ILSVRC2012_val_00002012_with_ILSVRC2012_val_00033902_rank414,847,847,0.89742,0
ILSVRC2012_val_00002012_with_ILSVRC2012_val_00048719_rank393,392,392,0.87823,0
ILSVRC2012_val_00002012_with_ILSVRC2012_val_00036548_rank457,380,380,0.67371,0
ILSVRC2012_val_00002012_with_ILSVRC2012_val_00025435_rank957,28,28,0.93657,0
ILSVRC2012_val_00002012_with_ILSVRC2012_val_00024521_rank064,166,166,0.79067,0
ILSVRC2012_val_00002012_with_ILSVRC2012_val_00001738_rank894,848,637,0.337,168
ILSVRC2012_val_00002012_with_ILSVRC2012_val_00015961_rank968,585,585,0.27042,0
ILSVRC2012_val_00002012_with_ILSVRC2012_val_00021184_rank482,851,851,0.92493,0
ILSVRC2012_val_00002012_with_ILSVRC2012_val_00018325_rank244,743,743,0.26475,0
ILSVRC2012_val_00002012_with_ILSVRC2012_val_00032064_rank017,231,231,0.54974,0
ILSVRC2012_val_00002012_with_ILSVRC2012_val_00002851_rank862,923,923,0.71438,0
ILSVRC2012_val_00002012_with_ILSVRC2012_val_00025099_rank633,900,900,0.91822,0
ILSVRC2012_val_00002012_with_ILSVRC2012_val_00029669_rank582,350,350,0.92329,0
ILSVRC2012_val_00002012_with_ILSVRC2012_val_00033781_rank676,300,300,0.88265,0
ILSVRC2012_val_00002012_with_ILSVRC2012_val_00033242_rank287,65,65,0.85357,0
ILSVRC2012_val_00002012_with_ILSVRC2012_val_00009381_rank439,365,365,0.926,0
ILSVRC2012_val_00002012_with_ILSVRC2012_val_00007419_rank047,271,271,0.90012,0
ILSVRC2012_val_00002012_with_ILSVRC2012_val_00044516_rank897,438,438,0.89752,0
ILSVRC2012_val_00002012_with_ILSVRC2012_val_00003432_rank206,401,401,0.90321,0
ILSVRC2012_val_00002012_with_ILSVRC2012_val_00047688_rank526,12,12,0.87615,0
ILSVRC2012_val_00002012_with_ILSVRC2012_val_00037056_rank415,321,321,0.91832,0
ILSVRC2012_val_00002012_with_ILSVRC2012_val_00014533_rank733,666,666,0.93902,0
ILSVRC2012_val_00002012_with_ILSVRC2012_val_00015089_rank695,914,871,0.34731,2
ILSVRC2012_val_00002012_with_ILSVRC2012_val_00015639_rank920,456,456,0.28725,0
ILSVRC2012_val_00002012_with_ILSVRC2012_val_00037578_rank954,550,550,0.90399,0
ILSVRC2012_val_00002012_with_ILSVRC2012_val_00012221_rank113,253,253,0.91015,0
ILSVRC2012_val_00002012_with_ILSVRC2012_val_00019737_rank427,317,317,0.64122,0
ILSVRC2012_val_00002012_with_ILSVRC2012_val_00022517_rank500,858,637,0.78124,36
ILSVRC2012_val_00002012_with_ILSVRC2012_val_00001675_rank460,641,641,0.93626,0
ILSVRC2012_val_00002012_with_ILSVRC2012_val_00024892_rank981,786,559,0.16882,231
ILSVRC2012_val_00002012_with_ILSVRC2012_val_00040409_rank319,252,252,0.87755,0
ILSVRC2012_val_00002012_with_ILSVRC2012_val_00007973_rank283,98,98,0.89674,0
ILSVRC2012_val_00002012_with_ILSVRC2012_val_00032018_rank085,179,179,0.95912,0
ILSVRC2012_val_00002012_with_ILSVRC2012_val_00048138_rank353,566,566,0.94153,0
ILSVRC2012_val_00002012_with_ILSVRC2012_val_00003074_rank632,119,118,0.60583,3
ILSVRC2012_val_00002012_with_ILSVRC2012_val_00042766_rank858,893,893,0.3686,0
ILSVRC2012_val_00002012_with_ILSVRC2012_val_00008843_rank410,102,102,0.94415,0
ILSVRC2012_val_00002012_with_ILSVRC2012_val_00046805_rank782,685,685,0.92035,0
ILSVRC2012_val_00002012_with_ILSVRC2012_val_00022350_rank645,36,36,0.65217,0
ILSVRC2012_val_00002012_with_ILSVRC2012_val_00012179_rank522,395,395,0.88545,0
ILSVRC2012_val_00002012_with_ILSVRC2012_val_00041910_rank621,403,403,0.91384,0
ILSVRC2012_val_00002012_with_ILSVRC2012_val_00034067_rank745,739,637,0.23846,963
ILSVRC2012_val_00002012_with_ILSVRC2012_val_00020892_rank056,223,205,0.84578,3
ILSVRC2012_val_00002012_with_ILSVRC2012_val_00049479_rank828,632,632,0.92641,0
ILSVRC2012_val_00002012_with_ILSVRC2012_val_00032254_rank491,38,38,0.91374,0
ILSVRC2012_val_00002012_with_ILSVRC2012_val_00019291_rank770,629,629,0.89955,0
ILSVRC2012_val_00002012_with_ILSVRC2012_val_00007428_rank323,542,693,0.6741,50
ILSVRC2012_val_00002012_with_ILSVRC2012_val_00046206_rank172,212,212,0.91263,0
ILSVRC2012_val_00002012_with_ILSVRC2012_val_00017071_rank536,933,933,0.93687,0
ILSVRC2012_val_00002012_with_ILSVRC2012_val_00023921_rank481,722,448,0.33232,417
ILSVRC2012_val_00002012_with_ILSVRC2012_val_00038653_rank327,348,348,0.95006,0
ILSVRC2012_val_00002012_with_ILSVRC2012_val_00041937_rank409,863,863,0.8926,0
ILSVRC2012_val_00002012_with_ILSVRC2012_val_00031741_rank232,391,391,0.90208,0
ILSVRC2012_val_00002012_with_ILSVRC2012_val_00037955_rank969,780,780,0.56216,0
ILSVRC2012_val_00002012_with_ILSVRC2012_val_00024718_rank413,772,772,0.83288,0
ILSVRC2012_val_00002012_with_ILSVRC2012_val_00036834_rank275,983,983,0.73801,0
ILSVRC2012_val_00002012_with_ILSVRC2012_val_00011972_rank672,794,912,0.23406,581
ILSVRC2012_val_00002012_with_ILSVRC2012_val_00041760_rank901,861,861,0.57343,0
ILSVRC2012_val_00002012_with_ILSVRC2012_val_00013332_rank402,427,427,0.86469,0
ILSVRC2012_val_00002012_with_ILSVRC2012_val_00023237_rank418,993,993,0.92631,0
ILSVRC2012_val_00002012_with_ILSVRC2012_val_00004744_rank100,201,201,0.78851,0
ILSVRC2012_val_00002012_with_ILSVRC2012_val_00029274_rank545,752,752,0.88607,0
ILSVRC2012_val_00002012_with_ILSVRC2012_val_00047342_rank014,250,250,0.65383,0
ILSVRC2012_val_00002012_with_ILSVRC2012_val_00016786_rank504,902,902,0.9128,0
ILSVRC2012_val_00002012_with_ILSVRC2012_val_00032290_rank069,233,233,0.87619,0
ILSVRC2012_val_00002012_with_ILSVRC2012_val_00002297_rank172,212,212,0.90134,0
ILSVRC2012_val_00002012_with_ILSVRC2012_val_00027560_rank473,931,931,0.8983,0
ILSVRC2012_val_00002012_with_ILSVRC2012_val_00003920_rank606,747,747,0.27035,0
ILSVRC2012_val_00002012_with_ILSVRC2012_val_00009224_rank113,253,253,0.82135,0
ILSVRC2012_val_00002012_with_ILSVRC2012_val_00011797_rank494,723,723,0.93918,0
ILSVRC2012_val_00002012_with_ILSVRC2012_val_00002821_rank701,688,851,0.93014,12
ILSVRC2012_val_00002012_with_ILSVRC2012_val_00010693_rank002,225,225,0.86866,0
ILSVRC2012_val_00002012_with_ILSVRC2012_val_00004333_rank609,970,350,0.83813,9
ILSVRC2012_val_00002012_with_ILSVRC2012_val_00041787_rank986,599,599,0.91902,0
ILSVRC2012_val_00002012_with_ILSVRC2012_val_00025236_rank628,941,941,0.69886,0
ILSVRC2012_val_00002012_with_ILSVRC2012_val_00017083_rank235,429,429,0.90672,0
ILSVRC2012_val_00002012_with_ILSVRC2012_val_00015305_rank517,753,753,0.92465,0
ILSVRC2012_val_00002012_with_ILSVRC2012_val_00037148_rank654,881,687,0.89831,2
ILSVRC2012_val_00002012_with_ILSVRC2012_val_00021118_rank941,521,521,0.91778,0
ILSVRC2012_val_00002012_with_ILSVRC2012_val_00038837_rank416,756,756,0.88102,0
ILSVRC2012_val_00002012_with_ILSVRC2012_val_00042554_rank823,862,456,0.0433,5
ILSVRC2012_val_00002012_with_ILSVRC2012_val_00044377_rank422,139,139,0.57673,0
ILSVRC2012_val_00002012_with_ILSVRC2012_val_00043045_rank344,575,575,0.91665,0
ILSVRC2012_val_00002012_with_ILSVRC2012_val_00040084_rank200,597,637,0.0558,956
ILSVRC2012_val_00002012_with_ILSVRC2012_val_00002054_rank784,932,932,0.60898,0
ILSVRC2012_val_00002012_with_ILSVRC2012_val_00040805_rank891,316,316,0.92412,0
ILSVRC2012_val_00002012_with_ILSVRC2012_val_00042878_rank543,145,146,0.26617,2
ILSVRC2012_val_00002012_with_ILSVRC2012_val_00018986_rank726,648,648,0.22076,0
ILSVRC2012_val_00002012_with_ILSVRC2012_val_00042164_rank496,554,554,0.91234,0
ILSVRC2012_val_00002012_with_ILSVRC2012_val_00011692_rank803,737,912,0.1463,644
ILSVRC2012_val_00002012_with_ILSVRC2012_val_00027934_rank219,731,731,0.83707,0
ILSVRC2012_val_00002012_with_ILSVRC2012_val_00018031_rank752,938,938,0.92789,0
ILSVRC2012_val_00002012_with_ILSVRC2012_val_00048254_rank127,157,157,0.38658,0
ILSVRC2012_val_00002012_with_ILSVRC2012_val_00014943_rank626,53,53,0.93295,0
ILSVRC2012_val_00002012_with_ILSVRC2012_val_00029783_rank008,249,249,0.94072,0
ILSVRC2012_val_00002012_with_ILSVRC2012_val_00031593_rank418,993,993,0.92052,0
ILSVRC2012_val_00002012_with_ILSVRC2012_val_00038420_rank874,924,924,0.91128,0
ILSVRC2012_val_00002012_with_ILSVRC2012_val_00027180_rank507,821,821,0.74681,0
ILSVRC2012_val_00002012_with_ILSVRC2012_val_00022418_rank455,129,129,0.91481,0
ILSVRC2012_val_00002012_with_ILSVRC2012_val_00026979_rank627,856,856,0.89696,0
ILSVRC2012_val_00002012_with_ILSVRC2012_val_00020681_rank103,185,219,0.67586,46
ILSVRC2012_val_00002012_with_ILSVRC2012_val_00037379_rank979,134,134,0.8889,0
ILSVRC2012_val_00002012_with_ILSVRC2012_val_00035098_rank304,24,24,0.92803,0
ILSVRC2012_val_00002012_with_ILSVRC2012_val_00036746_rank846,604,604,0.79658,0
ILSVRC2012_val_00002012_with_ILSVRC2012_val_00006111_rank217,703,912,0.26658,5
ILSVRC2012_val_00002012_with_ILSVRC2012_val_00037658_rank165,444,444,0.54921,0
ILSVRC2012_val_00002012_with_ILSVRC2012_val_00036175_rank519,559,559,0.89704,0
ILSVRC2012_val_00002012_with_ILSVRC2012_val_00007151_rank591,375,375,0.90249,0
ILSVRC2012_val_00002012_with_ILSVRC2012_val_00048994_rank805,623,744,0.28014,66
ILSVRC2012_val_00002012_with_ILSVRC2012_val_00046444_rank614,533,533,0.78598,0
ILSVRC2012_val_00002012_with_ILSVRC2012_val_00017467_rank728,995,995,0.91975,0
ILSVRC2012_val_00002012_with_ILSVRC2012_val_00027985_rank266,93,93,0.9296,0
ILSVRC2012_val_00002012_with_ILSVRC2012_val_00014320_rank007,234,234,0.83092,0
ILSVRC2012_val_00002012_with_ILSVRC2012_val_00004401_rank987,126,126,0.86819,0
ILSVRC2012_val_00002012_with_ILSVRC2012_val_00018858_rank657,301,301,0.87175,0
ILSVRC2012_val_00002012_with_ILSVRC2012_val_00047366_rank394,612,870,0.43261,2
ILSVRC2012_val_00002012_with_ILSVRC2012_val_00010894_rank563,729,729,0.91879,0
ILSVRC2012_val_00002012_with_ILSVRC2012_val_00028732_rank209,667,667,0.82945,0
ILSVRC2012_val_00002012_with_ILSVRC2012_val_00014737_rank917,811,811,0.97244,0
ILSVRC2012_val_00002012_with_ILSVRC2012_val_00005644_rank229,670,670,0.63603,0
ILSVRC2012_val_00002012_with_ILSVRC2012_val_00014664_rank502,70,70,0.83502,0
ILSVRC2012_val_00002012_with_ILSVRC2012_val_00024856_rank729,832,832,0.37115,0
ILSVRC2012_val_00002012_with_ILSVRC2012_val_00044326_rank792,440,440,0.9359,0
ILSVRC2012_val_00002012_with_ILSVRC2012_val_00003978_rank118,286,286,0.85949,0
ILSVRC2012_val_00002012_with_ILSVRC2012_val_00044561_rank831,740,740,0.93756,0
ILSVRC2012_val_00002012_with_ILSVRC2012_val_00034299_rank788,679,679,0.57101,0
ILSVRC2012_val_00002012_with_ILSVRC2012_val_00039260_rank201,765,765,0.92672,0
ILSVRC2012_val_00002012_with_ILSVRC2012_val_00032944_rank705,817,817,0.95224,0
ILSVRC2012_val_00002012_with_ILSVRC2012_val_00035811_rank060,274,274,0.88028,0
ILSVRC2012_val_00002012_with_ILSVRC2012_val_00046584_rank223,382,382,0.786,0
ILSVRC2012_val_00002012_with_ILSVRC2012_val_00046126_rank613,473,473,0.92121,0
ILSVRC2012_val_00002012_with_ILSVRC2012_val_00039805_rank658,770,770,0.91417,0
ILSVRC2012_val_00002012_with_ILSVRC2012_val_00030359_rank756,961,730,0.43099,792
ILSVRC2012_val_00002012_with_ILSVRC2012_val_00008499_rank978,710,730,0.18899,425
ILSVRC2012_val_00002012_with_ILSVRC2012_val_00022888_rank462,279,279,0.92716,0
ILSVRC2012_val_00002012_with_ILSVRC2012_val_00031302_rank261,171,171,0.48431,0
ILSVRC2012_val_00002012_with_ILSVRC2012_val_00027243_rank252,761,145,0.12497,954
ILSVRC2012_val_00002012_with_ILSVRC2012_val_00047650_rank660,625,625,0.92144,0
ILSVRC2012_val_00002012_with_ILSVRC2012_val_00044761_rank554,87,87,0.94106,0
ILSVRC2012_val_00002012_with_ILSVRC2012_val_00044846_rank003,174,174,0.84444,0
ILSVRC2012_val_00002012_with_ILSVRC2012_val_00005235_rank731,873,873,0.92658,0
ILSVRC2012_val_00002012_with_ILSVRC2012_val_00004549_rank084,199,199,0.82499,0
ILSVRC2012_val_00002012_with_ILSVRC2012_val_00042268_rank593,909,909,0.72486,0
ILSVRC2012_val_00002012_with_ILSVRC2012_val_00021015_rank364,22,22,0.78763,0
ILSVRC2012_val_00002012_with_ILSVRC2012_val_00047213_rank775,907,907,0.87622,0
ILSVRC2012_val_00002012_with_ILSVRC2012_val_00031293_rank120,344,344,0.93767,0
ILSVRC2012_val_00002012_with_ILSVRC2012_val_00030670_rank307,793,947,0.36021,366
ILSVRC2012_val_00002012_with_ILSVRC2012_val_00000886_rank671,940,940,0.90506,0
ILSVRC2012_val_00002012_with_ILSVRC2012_val_00031738_rank285,831,459,0.0971,407
ILSVRC2012_val_00002012_with_ILSVRC2012_val_00011778_rank288,97,97,0.883,0
ILSVRC2012_val_00002012_with_ILSVRC2012_val_00007339_rank725,51,51,0.88727,0
ILSVRC2012_val_00002012_with_ILSVRC2012_val_00002282_rank762,386,386,0.77697,0
ILSVRC2012_val_00002012_with_ILSVRC2012_val_00013414_rank034,246,246,0.9659,0
ILSVRC2012_val_00002012_with_ILSVRC2012_val_00016477_rank854,829,779,0.42016,7
ILSVRC2012_val_00002012_with_ILSVRC2012_val_00034557_rank344,575,609,0.58585,7
ILSVRC2012_val_00002012_with_ILSVRC2012_val_00033252_rank294,353,353,0.86506,0
ILSVRC2012_val_00002012_with_ILSVRC2012_val_00025292_rank135,568,568,0.91018,0
ILSVRC2012_val_00002012_with_ILSVRC2012_val_00021593_rank644,64,64,0.86293,0
ILSVRC2012_val_00002012_with_ILSVRC2012_val_00038867_rank188,204,155,0.83019,1
ILSVRC2012_val_00002012_with_ILSVRC2012_val_00012817_rank056,223,256,0.31368,13
ILSVRC2012_val_00002012_with_ILSVRC2012_val_00018189_rank458,985,985,0.79171,0
ILSVRC2012_val_00002012_with_ILSVRC2012_val_00048861_rank342,148,148,0.87158,0
ILSVRC2012_val_00002012_with_ILSVRC2012_val_00032174_rank797,124,124,0.85066,0
ILSVRC2012_val_00002012_with_ILSVRC2012_val_00025261_rank190,200,200,0.93574,0
ILSVRC2012_val_00002012_with_ILSVRC2012_val_00022189_rank721,81,81,0.87029,0
ILSVRC2012_val_00002012_with_ILSVRC2012_val_00013543_rank776,823,617,0.12843,1
ILSVRC2012_val_00002012_with_ILSVRC2012_val_00031441_rank839,883,899,0.64115,5
ILSVRC2012_val_00002012_with_ILSVRC2012_val_00031341_rank981,786,786,0.93107,0
ILSVRC2012_val_00002012_with_ILSVRC2012_val_00015385_rank633,900,900,0.88437,0
ILSVRC2012_val_00002012_with_ILSVRC2012_val_00013665_rank699,590,590,0.53573,0
ILSVRC2012_val_00002012_with_ILSVRC2012_val_00015701_rank013,236,158,0.88327,23
ILSVRC2012_val_00002012_with_ILSVRC2012_val_00048388_rank166,373,373,0.7364,0
ILSVRC2012_val_00002012_with_ILSVRC2012_val_00013993_rank330,609,609,0.9721,0
ILSVRC2012_val_00002012_with_ILSVRC2012_val_00003912_rank500,858,858,0.93023,0
ILSVRC2012_val_00002012_with_ILSVRC2012_val_00001200_rank642,450,450,0.93528,0
ILSVRC2012_val_00002012_with_ILSVRC2012_val_00013751_rank626,53,912,0.33665,253
ILSVRC2012_val_00002012_with_ILSVRC2012_val_00008049_rank304,24,24,0.92171,0
ILSVRC2012_val_00002012_with_ILSVRC2012_val_00022259_rank090,229,229,0.90753,0
ILSVRC2012_val_00002012_with_ILSVRC2012_val_00026076_rank325,946,946,0.85116,0
ILSVRC2012_val_00002012_with_ILSVRC2012_val_00034274_rank476,318,318,0.91075,0
ILSVRC2012_val_00002012_with_ILSVRC2012_val_00034422_rank935,771,771,0.94404,0
ILSVRC2012_val_00002012_with_ILSVRC2012_val_00047263_rank904,965,965,0.92328,0
ILSVRC2012_val_00002012_with_ILSVRC2012_val_00037875_rank680,835,835,0.3018,0
ILSVRC2012_val_00002012_with_ILSVRC2012_val_00033923_rank126,734,734,0.78972,0
ILSVRC2012_val_00002012_with_ILSVRC2012_val_00042690_rank050,170,175,0.67652,2
ILSVRC2012_val_00002012_with_ILSVRC2012_val_00046153_rank737,374,374,0.27047,0
ILSVRC2012_val_00002012_with_ILSVRC2012_val_00016697_rank080,267,267,0.4039,0
ILSVRC2012_val_00002012_with_ILSVRC2012_val_00014718_rank390,483,483,0.2463,0
ILSVRC2012_val_00002012_with_ILSVRC2012_val_00033504_rank561,948,948,0.92377,0
ILSVRC2012_val_00002012_with_ILSVRC2012_val_00042436_rank415,321,321,0.92903,0
ILSVRC2012_val_00002012_with_ILSVRC2012_val_00003262_rank702,512,512,0.67838,0
ILSVRC2012_val_00002012_with_ILSVRC2012_val_00032389_rank290,23,23,0.89178,0
ILSVRC2012_val_00002012_with_ILSVRC2012_val_00001454_rank888,75,75,0.88823,0
ILSVRC2012_val_00002012_with_ILSVRC2012_val_00010701_rank582,350,350,0.88486,0
ILSVRC2012_val_00002012_with_ILSVRC2012_val_00014726_rank267,843,792,0.75677,37
ILSVRC2012_val_00002012_with_ILSVRC2012_val_00039118_rank682,984,984,0.9336,0
ILSVRC2012_val_00002012_with_ILSVRC2012_val_00016899_rank485,579,579,0.92858,0
ILSVRC2012_val_00002012_with_ILSVRC2012_val_00022258_rank114,522,943,0.0801,233
ILSVRC2012_val_00002012_with_ILSVRC2012_val_00041351_rank050,170,229,0.9527,15
ILSVRC2012_val_00002012_with_ILSVRC2012_val_00029701_rank380,439,912,0.18459,475
ILSVRC2012_val_00002012_with_ILSVRC2012_val_00009151_rank857,108,108,0.88286,0
ILSVRC2012_val_00002012_with_ILSVRC2012_val_00039745_rank074,277,277,0.84666,0
ILSVRC2012_val_00002012_with_ILSVRC2012_val_00025550_rank093,158,180,0.33821,24
ILSVRC2012_val_00002012_with_ILSVRC2012_val_00007883_rank559,643,728,0.29072,69
ILSVRC2012_val_00002012_with_ILSVRC2012_val_00015030_rank023,269,269,0.76001,0
ILSVRC2012_val_00002012_with_ILSVRC2012_val_00024987_rank144,384,105,0.91375,6
ILSVRC2012_val_00002012_with_ILSVRC2012_val_00026589_rank940,56,56,0.93474,0
ILSVRC2012_val_00002012_with_ILSVRC2012_val_00016590_rank513,697,797,0.23981,7
ILSVRC2012_val_00002012_with_ILSVRC2012_val_00036480_rank646,622,622,0.90009,0
ILSVRC2012_val_00002012_with_ILSVRC2012_val_00030160_rank523,795,912,0.15778,156
ILSVRC2012_val_00002012_with_ILSVRC2012_val_00034630_rank838,551,551,0.85992,0
ILSVRC2012_val_00002012_with_ILSVRC2012_val_00005325_rank610,971,73,0.564,795
ILSVRC2012_val_00002012_with_ILSVRC2012_val_00029447_rank655,950,950,0.37802,0
ILSVRC2012_val_00002012_with_ILSVRC2012_val_00036712_rank056,223,227,0.74728,4
ILSVRC2012_val_00002012_with_ILSVRC2012_val_00001697_rank127,157,157,0.88531,0
ILSVRC2012_val_00002012_with_ILSVRC2012_val_00034780_rank360,361,361,0.8937,0
ILSVRC2012_val_00002012_with_ILSVRC2012_val_00001003_rank171,335,335,0.83962,0
ILSVRC2012_val_00002012_with_ILSVRC2012_val_00036829_rank377,691,691,0.91567,0
ILSVRC2012_val_00002012_with_ILSVRC2012_val_00018569_rank445,511,511,0.92607,0
ILSVRC2012_val_00002012_with_ILSVRC2012_val_00043245_rank316,58,60,0.18509,8
ILSVRC2012_val_00002012_with_ILSVRC2012_val_00031638_rank685,314,314,0.88102,0
ILSVRC2012_val_00002012_with_ILSVRC2012_val_00003734_rank031,232,232,0.58167,0
ILSVRC2012_val_00002012_with_ILSVRC2012_val_00034994_rank279,660,609,0.58885,99
ILSVRC2012_val_00002012_with_ILSVRC2012_val_00010956_rank236,211,210,0.51105,5
ILSVRC2012_val_00002012_with_ILSVRC2012_val_00015719_rank634,141,141,0.90174,0
ILSVRC2012_val_00002012_with_ILSVRC2012_val_00005137_rank450,323,323,0.89421,0
ILSVRC2012_val_00002012_with_ILSVRC2012_val_00029158_rank937,783,783,0.88568,0
ILSVRC2012_val_00002012_with_ILSVRC2012_val_00025186_rank938,470,494,0.53123,213
ILSVRC2012_val_00002012_with_ILSVRC2012_val_00043588_rank181,825,825,0.8937,0
ILSVRC2012_val_00002012_with_ILSVRC2012_val_00047757_rank177,194,194,0.92989,0
ILSVRC2012_val_00002012_with_ILSVRC2012_val_00040360_rank633,900,900,0.88062,0
ILSVRC2012_val_00002012_with_ILSVRC2012_val_00019509_rank330,609,609,0.94328,0
ILSVRC2012_val_00002012_with_ILSVRC2012_val_00018250_rank297,18,18,0.93017,0
ILSVRC2012_val_00002012_with_ILSVRC2012_val_00030388_rank358,640,640,0.82032,0
ILSVRC2012_val_00002012_with_ILSVRC2012_val_00025294_rank256,785,912,0.04023,694
ILSVRC2012_val_00002012_with_ILSVRC2012_val_00044178_rank846,604,604,0.93148,0
ILSVRC2012_val_00002012_with_ILSVRC2012_val_00008810_rank722,55,64,0.95175,1
ILSVRC2012_val_00002012_with_ILSVRC2012_val_00000328_rank158,21,21,0.95558,0
ILSVRC2012_val_00002012_with_ILSVRC2012_val_00035225_rank604,615,615,0.91672,0
ILSVRC2012_val_00002012_with_ILSVRC2012_val_00024444_rank397,486,486,0.92619,0
ILSVRC2012_val_00002012_with_ILSVRC2012_val_00036476_rank421,493,493,0.9405,0
ILSVRC2012_val_00002012_with_ILSVRC2012_val_00030702_rank490,96,96,0.92737,0
ILSVRC2012_val_00002012_with_ILSVRC2012_val_00028149_rank739,813,792,0.43861,11
ILSVRC2012_val_00002012_with_ILSVRC2012_val_00013259_rank280,570,570,0.27924,0
ILSVRC2012_val_00002012_with_ILSVRC2012_val_00036075_rank073,257,222,0.9162,1
ILSVRC2012_val_00002012_with_ILSVRC2012_val_00040793_rank939,996,996,0.84438,0
ILSVRC2012_val_00002012_with_ILSVRC2012_val_00000479_rank320,875,875,0.88642,0
ILSVRC2012_val_00002012_with_ILSVRC2012_val_00011808_rank607,77,76,0.37843,1
ILSVRC2012_val_00002012_with_ILSVRC2012_val_00049490_rank655,950,950,0.87051,0
ILSVRC2012_val_00002012_with_ILSVRC2012_val_00024170_rank296,656,609,0.42536,10
ILSVRC2012_val_00002012_with_ILSVRC2012_val_00001525_rank915,657,744,0.2504,1
ILSVRC2012_val_00002012_with_ILSVRC2012_val_00028225_rank313,31,955,0.91044,94
ILSVRC2012_val_00002012_with_ILSVRC2012_val_00047325_rank027,214,214,0.92087,0
ILSVRC2012_val_00002012_with_ILSVRC2012_val_00017330_rank516,954,920,0.192,457
ILSVRC2012_val_00002012_with_ILSVRC2012_val_00030395_rank686,113,113,0.91881,0
ILSVRC2012_val_00002012_with_ILSVRC2012_val_00003556_rank842,298,250,0.09171,949
ILSVRC2012_val_00002012_with_ILSVRC2012_val_00032477_rank335,919,919,0.55292,0
ILSVRC2012_val_00002012_with_ILSVRC2012_val_00015689_rank175,701,701,0.9183,0
ILSVRC2012_val_00002012_with_ILSVRC2012_val_00049817_rank301,658,658,0.91464,0
ILSVRC2012_val_00002012_with_ILSVRC2012_val_00030683_rank646,622,622,0.88032,0
ILSVRC2012_val_00002012_with_ILSVRC2012_val_00040028_rank935,771,771,0.95231,0
ILSVRC2012_val_00002012_with_ILSVRC2012_val_00006116_rank218,128,128,0.89322,0
ILSVRC2012_val_00002012_with_ILSVRC2012_val_00045773_rank115,768,805,0.54084,1
ILSVRC2012_val_00002012_with_ILSVRC2012_val_00015077_rank273,423,423,0.90988,0
ILSVRC2012_val_00002012_with_ILSVRC2012_val_00019375_rank361,558,463,0.21546,868
ILSVRC2012_val_00002012_with_ILSVRC2012_val_00043629_rank040,164,167,0.63431,7
ILSVRC2012_val_00002012_with_ILSVRC2012_val_00035631_rank844,481,481,0.8124,0
ILSVRC2012_val_00002012_with_ILSVRC2012_val_00049722_rank575,302,302,0.85664,0
ILSVRC2012_val_00002012_with_ILSVRC2012_val_00045788_rank823,862,733,0.26709,19
ILSVRC2012_val_00002012_with_ILSVRC2012_val_00029834_rank028,175,175,0.61826,0
ILSVRC2012_val_00002012_with_ILSVRC2012_val_00046379_rank688,917,917,0.5762,0
ILSVRC2012_val_00002012_with_ILSVRC2012_val_00038980_rank929,711,927,0.05822,152
ILSVRC2012_val_00002012_with_ILSVRC2012_val_00018092_rank290,23,23,0.42585,0
ILSVRC2012_val_00002012_with_ILSVRC2012_val_00018910_rank379,763,763,0.92363,0
ILSVRC2012_val_00002012_with_ILSVRC2012_val_00044071_rank639,534,484,0.17554,128
ILSVRC2012_val_00002012_with_ILSVRC2012_val_00024596_rank953,874,874,0.88589,0
ILSVRC2012_val_00002012_with_ILSVRC2012_val_00009956_rank241,347,347,0.93315,0
ILSVRC2012_val_00002012_with_ILSVRC2012_val_00005986_rank800,546,546,0.88256,0
ILSVRC2012_val_00002012_with_ILSVRC2012_val_00004097_rank110,221,221,0.94369,0
ILSVRC2012_val_00002012_with_ILSVRC2012_val_00018161_rank891,316,316,0.93739,0
ILSVRC2012_val_00002012_with_ILSVRC2012_val_00025009_rank533,681,620,0.30464,1
ILSVRC2012_val_00002012_with_ILSVRC2012_val_00008610_rank937,783,783,0.87717,0
ILSVRC2012_val_00002012_with_ILSVRC2012_val_00012516_rank159,184,184,0.90587,0
ILSVRC2012_val_00002012_with_ILSVRC2012_val_00048231_rank277,573,475,0.71306,62
ILSVRC2012_val_00002012_with_ILSVRC2012_val_00025032_rank691,741,741,0.83829,0
ILSVRC2012_val_00002012_with_ILSVRC2012_val_00010812_rank099,852,852,0.91971,0
ILSVRC2012_val_00002012_with_ILSVRC2012_val_00032148_rank142,228,228,0.93647,0
ILSVRC2012_val_00002012_with_ILSVRC2012_val_00004868_rank445,511,817,0.70287,1
ILSVRC2012_val_00002012_with_ILSVRC2012_val_00036429_rank484,547,547,0.8804,0
ILSVRC2012_val_00002012_with_ILSVRC2012_val_00003571_rank996,778,778,0.79971,0
ILSVRC2012_val_00002012_with_ILSVRC2012_val_00045093_rank655,950,950,0.91895,0
ILSVRC2012_val_00002012_with_ILSVRC2012_val_00025536_rank087,242,242,0.7999,0
ILSVRC2012_val_00002012_with_ILSVRC2012_val_00007196_rank223,382,382,0.42889,0
ILSVRC2012_val_00002012_with_ILSVRC2012_val_00042912_rank059,262,262,0.98142,0
ILSVRC2012_val_00002012_with_ILSVRC2012_val_00005236_rank405,977,128,0.51033,211
ILSVRC2012_val_00002012_with_ILSVRC2012_val_00049298_rank074,277,277,0.93564,0
ILSVRC2012_val_00002012_with_ILSVRC2012_val_00000722_rank694,728,728,0.33256,0
ILSVRC2012_val_00002012_with_ILSVRC2012_val_00030734_rank612,89,89,0.92812,0
ILSVRC2012_val_00002012_with_ILSVRC2012_val_00006660_rank952,507,621,0.19546,529
ILSVRC2012_val_00002012_with_ILSVRC2012_val_00006596_rank191,665,665,0.33608,0
ILSVRC2012_val_00002012_with_ILSVRC2012_val_00018856_rank310,430,430,0.89392,0
ILSVRC2012_val_00002012_with_ILSVRC2012_val_00004533_rank503,519,637,0.53339,34
ILSVRC2012_val_00002012_with_ILSVRC2012_val_00023288_rank966,605,605,0.92394,0
ILSVRC2012_val_00002012_with_ILSVRC2012_val_00021051_rank008,249,249,0.93611,0
ILSVRC2012_val_00002012_with_ILSVRC2012_val_00026477_rank795,820,820,0.93418,0
ILSVRC2012_val_00002012_with_ILSVRC2012_val_00033435_rank364,22,22,0.91499,0
ILSVRC2012_val_00002012_with_ILSVRC2012_val_00006281_rank499,431,431,0.59397,0
ILSVRC2012_val_00002012_with_ILSVRC2012_val_00043930_rank897,438,438,0.94937,0
ILSVRC2012_val_00002012_with_ILSVRC2012_val_00037911_rank733,666,463,0.4989,30
ILSVRC2012_val_00002012_with_ILSVRC2012_val_00049383_rank799,840,840,0.85072,0
ILSVRC2012_val_00002012_with_ILSVRC2012_val_00043183_rank203,693,637,0.16289,672
ILSVRC2012_val_00002012_with_ILSVRC2012_val_00025774_rank754,540,540,0.83626,0
ILSVRC2012_val_00002012_with_ILSVRC2012_val_00021362_rank100,201,201,0.80186,0
ILSVRC2012_val_00002012_with_ILSVRC2012_val_00044530_rank170,888,912,0.11405,40
ILSVRC2012_val_00002012_with_ILSVRC2012_val_00048495_rank566,663,483,0.28197,3
ILSVRC2012_val_00002012_with_ILSVRC2012_val_00017518_rank145,539,637,0.55322,81
ILSVRC2012_val_00002012_with_ILSVRC2012_val_00040025_rank260,100,100,0.88811,0
ILSVRC2012_val_00002012_with_ILSVRC2012_val_00034769_rank512,305,305,0.94822,0
ILSVRC2012_val_00002012_with_ILSVRC2012_val_00035290_rank751,991,991,0.57761,0
ILSVRC2012_val_00002012_with_ILSVRC2012_val_00042310_rank266,93,93,0.91778,0
ILSVRC2012_val_00002012_with_ILSVRC2012_val_00049470_rank332,755,807,0.86408,1
ILSVRC2012_val_00002012_with_ILSVRC2012_val_00045977_rank848,714,646,0.6216,563
ILSVRC2012_val_00002012_with_ILSVRC2012_val_00036982_rank574,66,66,0.82314,0
ILSVRC2012_val_00002012_with_ILSVRC2012_val_00010002_rank455,129,129,0.92109,0
ILSVRC2012_val_00002012_with_ILSVRC2012_val_00034454_rank093,158,227,0.58309,16
ILSVRC2012_val_00002012_with_ILSVRC2012_val_00017258_rank392,492,492,0.92196,0
ILSVRC2012_val_00002012_with_ILSVRC2012_val_00014963_rank172,212,212,0.86122,0
ILSVRC2012_val_00002012_with_ILSVRC2012_val_00008314_rank518,487,487,0.8888,0
ILSVRC2012_val_00002012_with_ILSVRC2012_val_00001680_rank584,890,912,0.08816,234
ILSVRC2012_val_00002012_with_ILSVRC2012_val_00033956_rank229,670,670,0.4777,0
ILSVRC2012_val_00002012_with_ILSVRC2012_val_00049897_rank079,331,331,0.94082,0
ILSVRC2012_val_00002012_with_ILSVRC2012_val_00026931_rank280,570,570,0.90867,0
ILSVRC2012_val_00002012_with_ILSVRC2012_val_00018537_rank310,430,448,0.21645,685
ILSVRC2012_val_00002012_with_ILSVRC2012_val_00008252_rank951,964,813,0.90465,36
ILSVRC2012_val_00002012_with_ILSVRC2012_val_00007178_rank011,163,163,0.90427,0
ILSVRC2012_val_00002012_with_ILSVRC2012_val_00033367_rank273,423,423,0.69377,0
ILSVRC2012_val_00002012_with_ILSVRC2012_val_00000084_rank316,58,912,0.48092,133
ILSVRC2012_val_00002012_with_ILSVRC2012_val_00042970_rank502,70,70,0.84268,0
ILSVRC2012_val_00002012_with_ILSVRC2012_val_00045968_rank037,165,165,0.88142,0
ILSVRC2012_val_00002012_with_ILSVRC2012_val_00023788_rank017,231,231,0.76451,0
ILSVRC2012_val_00002012_with_ILSVRC2012_val_00007739_rank896,684,684,0.93831,0
ILSVRC2012_val_00002012_with_ILSVRC2012_val_00034237_rank026,207,207,0.59584,0
ILSVRC2012_val_00002012_with_ILSVRC2012_val_00020555_rank564,952,952,0.9499,0
ILSVRC2012_val_00002012_with_ILSVRC2012_val_00007190_rank025,243,243,0.92454,0
ILSVRC2012_val_00002012_with_ILSVRC2012_val_00049955_rank739,813,813,0.76876,0
ILSVRC2012_val_00002012_with_ILSVRC2012_val_00038723_rank139,621,621,0.92361,0
ILSVRC2012_val_00002012_with_ILSVRC2012_val_00030345_rank908,616,616,0.92281,0
ILSVRC2012_val_00002012_with_ILSVRC2012_val_00028790_rank973,868,868,0.93322,0
ILSVRC2012_val_00002012_with_ILSVRC2012_val_00001548_rank078,173,173,0.91905,0
ILSVRC2012_val_00002012_with_ILSVRC2012_val_00020023_rank129,251,251,0.94442,0
ILSVRC2012_val_00002012_with_ILSVRC2012_val_00005165_rank256,785,428,0.233,442
ILSVRC2012_val_00002012_with_ILSVRC2012_val_00027803_rank476,318,998,0.52925,74
ILSVRC2012_val_00002012_with_ILSVRC2012_val_00016870_rank988,614,879,0.46435,18
ILSVRC2012_val_00002012_with_ILSVRC2012_val_00004283_rank416,756,756,0.7559,0
ILSVRC2012_val_00002012_with_ILSVRC2012_val_00031868_rank261,171,171,0.6898,0
ILSVRC2012_val_00002012_with_ILSVRC2012_val_00010697_rank067,259,259,0.91799,0
ILSVRC2012_val_00002012_with_ILSVRC2012_val_00022211_rank438,83,83,0.9311,0
ILSVRC2012_val_00002012_with_ILSVRC2012_val_00018663_rank764,682,682,0.93363,0
ILSVRC2012_val_00002012_with_ILSVRC2012_val_00033792_rank351,675,675,0.49404,0
ILSVRC2012_val_00002012_with_ILSVRC2012_val_00028100_rank589,857,857,0.87158,0
ILSVRC2012_val_00002012_with_ILSVRC2012_val_00038767_rank604,615,615,0.66043,0
ILSVRC2012_val_00002012_with_ILSVRC2012_val_00019838_rank512,305,733,0.19816,812
ILSVRC2012_val_00002012_with_ILSVRC2012_val_00033912_rank888,75,75,0.89146,0
ILSVRC2012_val_00002012_with_ILSVRC2012_val_00030946_rank301,658,658,0.93246,0
ILSVRC2012_val_00002012_with_ILSVRC2012_val_00023383_rank171,335,335,0.90534,0
ILSVRC2012_val_00002012_with_ILSVRC2012_val_00008088_rank300,436,436,0.85404,0
ILSVRC2012_val_00002012_with_ILSVRC2012_val_00012005_rank720,397,397,0.91292,0
ILSVRC2012_val_00002012_with_ILSVRC2012_val_00026752_rank975,530,530,0.9202,0
ILSVRC2012_val_00002012_with_ILSVRC2012_val_00031652_rank715,806,806,0.76836,0
ILSVRC2012_val_00002012_with_ILSVRC2012_val_00040830_rank206,401,401,0.90545,0
ILSVRC2012_val_00002012_with_ILSVRC2012_val_00011625_rank953,874,874,0.7739,0
ILSVRC2012_val_00002012_with_ILSVRC2012_val_00047728_rank851,850,211,0.94159,376
ILSVRC2012_val_00002012_with_ILSVRC2012_val_00036583_rank292,699,541,0.82785,15
ILSVRC2012_val_00002012_with_ILSVRC2012_val_00036456_rank764,682,448,0.26417,69
ILSVRC2012_val_00002012_with_ILSVRC2012_val_00011181_rank426,307,307,0.82955,0
ILSVRC2012_val_00002012_with_ILSVRC2012_val_00019803_rank865,892,426,0.62209,2
ILSVRC2012_val_00002012_with_ILSVRC2012_val_00018538_rank212,495,648,0.92747,7
ILSVRC2012_val_00002012_with_ILSVRC2012_val_00026649_rank810,845,438,0.24339,5
ILSVRC2012_val_00002012_with_ILSVRC2012_val_00046116_rank348,400,637,0.81406,717
ILSVRC2012_val_00002012_with_ILSVRC2012_val_00018731_rank826,922,458,0.52236,4
ILSVRC2012_val_00002012_with_ILSVRC2012_val_00038268_rank662,569,569,0.94148,0
ILSVRC2012_val_00002012_with_ILSVRC2012_val_00018135_rank629,109,109,0.90295,0
ILSVRC2012_val_00002012_with_ILSVRC2012_val_00029546_rank274,153,153,0.85798,0
ILSVRC2012_val_00002012_with_ILSVRC2012_val_00036097_rank017,231,231,0.49965,0
ILSVRC2012_val_00002012_with_ILSVRC2012_val_00026495_rank193,764,764,0.45388,0
ILSVRC2012_val_00002012_with_ILSVRC2012_val_00027147_rank776,823,635,0.39209,48
ILSVRC2012_val_00002012_with_ILSVRC2012_val_00000746_rank249,586,586,0.93476,0
ILSVRC2012_val_00002012_with_ILSVRC2012_val_00034520_rank826,922,458,0.28691,4
ILSVRC2012_val_00002012_with_ILSVRC2012_val_00009070_rank568,587,587,0.91875,0
ILSVRC2012_val_00002012_with_ILSVRC2012_val_00014548_rank104,355,355,0.91977,0
ILSVRC2012_val_00002012_with_ILSVRC2012_val_00043279_rank279,660,609,0.59288,99
ILSVRC2012_val_00002012_with_ILSVRC2012_val_00008954_rank788,679,428,0.57625,997
ILSVRC2012_val_00002012_with_ILSVRC2012_val_00007622_rank601,514,514,0.93007,0
ILSVRC2012_val_00002012_with_ILSVRC2012_val_00024014_rank475,303,303,0.83641,0
ILSVRC2012_val_00002012_with_ILSVRC2012_val_00048034_rank771,594,594,0.92697,0
ILSVRC2012_val_00002012_with_ILSVRC2012_val_00043456_rank356,136,136,0.77889,0
ILSVRC2012_val_00002012_with_ILSVRC2012_val_00040039_rank464,343,343,0.88651,0
ILSVRC2012_val_00002012_with_ILSVRC2012_val_00015820_rank999,409,409,0.74386,0
ILSVRC2012_val_00002012_with_ILSVRC2012_val_00037070_rank262,7,7,0.89471,0
ILSVRC2012_val_00002012_with_ILSVRC2012_val_00040100_rank324,288,288,0.69793,0
ILSVRC2012_val_00002012_with_ILSVRC2012_val_00007963_rank036,208,208,0.92331,0
ILSVRC2012_val_00002012_with_ILSVRC2012_val_00014059_rank239,327,327,0.89426,0
ILSVRC2012_val_00002012_with_ILSVRC2012_val_00011341_rank856,855,855,0.92996,0
ILSVRC2012_val_00002012_with_ILSVRC2012_val_00028991_rank794,328,328,0.79318,0
ILSVRC2012_val_00002012_with_ILSVRC2012_val_00004974_rank109,168,159,0.78945,1
ILSVRC2012_val_00002012_with_ILSVRC2012_val_00020048_rank509,633,633,0.93209,0
ILSVRC2012_val_00002012_with_ILSVRC2012_val_00008470_rank740,885,448,0.14653,702
ILSVRC2012_val_00002012_with_ILSVRC2012_val_00043072_rank036,208,208,0.93624,0
ILSVRC2012_val_00002012_with_ILSVRC2012_val_00043847_rank786,760,760,0.51632,0
ILSVRC2012_val_00002012_with_ILSVRC2012_val_00021941_rank952,507,507,0.773,0
ILSVRC2012_val_00002012_with_ILSVRC2012_val_00019581_rank066,161,161,0.91885,0
ILSVRC2012_val_00002012_with_ILSVRC2012_val_00026409_rank191,665,665,0.4637,0
ILSVRC2012_val_00002012_with_ILSVRC2012_val_00043957_rank614,533,533,0.91889,0
ILSVRC2012_val_00002012_with_ILSVRC2012_val_00038412_rank696,927,927,0.93461,0
ILSVRC2012_val_00002012_with_ILSVRC2012_val_00006656_rank820,541,541,0.68282,0
ILSVRC2012_val_00002012_with_ILSVRC2012_val_00039136_rank701,688,688,0.95177,0
ILSVRC2012_val_00002012_with_ILSVRC2012_val_00001326_rank202,472,472,0.86482,0
ILSVRC2012_val_00002012_with_ILSVRC2012_val_00015688_rank467,751,751,0.88824,0
ILSVRC2012_val_00002012_with_ILSVRC2012_val_00001910_rank326,407,407,0.89372,0
ILSVRC2012_val_00002012_with_ILSVRC2012_val_00014917_rank187,8,8,0.56434,0
ILSVRC2012_val_00002012_with_ILSVRC2012_val_00024396_rank721,81,81,0.83331,0
ILSVRC2012_val_00002012_with_ILSVRC2012_val_00010886_rank674,600,499,0.84074,101
ILSVRC2012_val_00002012_with_ILSVRC2012_val_00006705_rank772,955,955,0.93178,0
ILSVRC2012_val_00002012_with_ILSVRC2012_val_00038902_rank141,367,367,0.94334,0
ILSVRC2012_val_00002012_with_ILSVRC2012_val_00000728_rank874,924,924,0.72884,0
ILSVRC2012_val_00002012_with_ILSVRC2012_val_00021698_rank964,878,810,0.85032,1
ILSVRC2012_val_00002012_with_ILSVRC2012_val_00015191_rank463,477,477,0.76538,0
ILSVRC2012_val_00002012_with_ILSVRC2012_val_00030926_rank289,3,3,0.89678,0
ILSVRC2012_val_00002012_with_ILSVRC2012_val_00029481_rank258,2,2,0.90719,0
ILSVRC2012_val_00002012_with_ILSVRC2012_val_00027995_rank511,357,637,0.07281,735
ILSVRC2012_val_00002012_with_ILSVRC2012_val_00011448_rank368,42,42,0.11314,0
ILSVRC2012_val_00002012_with_ILSVRC2012_val_00010305_rank886,898,898,0.5591,0
ILSVRC2012_val_00002012_with_ILSVRC2012_val_00041284_rank974,117,117,0.92777,0
ILSVRC2012_val_00002012_with_ILSVRC2012_val_00004192_rank004,248,250,0.55425,1
ILSVRC2012_val_00002012_with_ILSVRC2012_val_00020436_rank932,1,1,0.94829,0
ILSVRC2012_val_00002012_with_ILSVRC2012_val_00005949_rank182,389,389,0.91667,0
ILSVRC2012_val_00002012_with_ILSVRC2012_val_00000031_rank483,324,324,0.88676,0
ILSVRC2012_val_00002012_with_ILSVRC2012_val_00022865_rank549,5,5,0.90796,0
ILSVRC2012_val_00002012_with_ILSVRC2012_val_00001897_rank883,591,591,0.85472,0
ILSVRC2012_val_00002012_with_ILSVRC2012_val_00048277_rank813,122,122,0.91165,0
ILSVRC2012_val_00002012_with_ILSVRC2012_val_00035079_rank170,888,888,0.9435,0
ILSVRC2012_val_00002012_with_ILSVRC2012_val_00028381_rank814,319,319,0.89533,0
ILSVRC2012_val_00002012_with_ILSVRC2012_val_00007325_rank532,690,690,0.49048,0
ILSVRC2012_val_00002012_with_ILSVRC2012_val_00037387_rank449,759,759,0.6353,0
ILSVRC2012_val_00002012_with_ILSVRC2012_val_00041392_rank197,515,515,0.07867,0
ILSVRC2012_val_00002012_with_ILSVRC2012_val_00044904_rank863,190,190,0.83944,0
ILSVRC2012_val_00002012_with_ILSVRC2012_val_00010078_rank762,386,386,0.57975,0
ILSVRC2012_val_00002012_with_ILSVRC2012_val_00017264_rank352,304,305,0.43842,7
ILSVRC2012_val_00002012_with_ILSVRC2012_val_00010031_rank159,184,184,0.89763,0
ILSVRC2012_val_00002012_with_ILSVRC2012_val_00017149_rank832,531,531,0.53708,0
ILSVRC2012_val_00002012_with_ILSVRC2012_val_00013526_rank516,954,428,0.91109,421
ILSVRC2012_val_00002012_with_ILSVRC2012_val_00010765_rank069,233,179,0.41989,45
ILSVRC2012_val_00002012_with_ILSVRC2012_val_00036666_rank241,347,347,0.9342,0
ILSVRC2012_val_00002012_with_ILSVRC2012_val_00039920_rank620,659,659,0.32241,0
ILSVRC2012_val_00002012_with_ILSVRC2012_val_00010990_rank382,137,137,0.90257,0
ILSVRC2012_val_00002012_with_ILSVRC2012_val_00038199_rank360,361,361,0.9077,0
ILSVRC2012_val_00002012_with_ILSVRC2012_val_00043826_rank322,796,879,0.7491,428
ILSVRC2012_val_00002012_with_ILSVRC2012_val_00009910_rank882,115,108,0.47624,3
ILSVRC2012_val_00002012_with_ILSVRC2012_val_00046626_rank529,396,396,0.91677,0
ILSVRC2012_val_00002012_with_ILSVRC2012_val_00019293_rank182,389,389,0.98435,0
ILSVRC2012_val_00002012_with_ILSVRC2012_val_00033899_rank890,662,662,0.58981,0
ILSVRC2012_val_00002012_with_ILSVRC2012_val_00035323_rank629,109,109,0.81547,0
ILSVRC2012_val_00002012_with_ILSVRC2012_val_00011062_rank543,145,145,0.9292,0
ILSVRC2012_val_00002012_with_ILSVRC2012_val_00015752_rank556,390,64,0.6673,33
ILSVRC2012_val_00002012_with_ILSVRC2012_val_00028931_rank179,342,342,0.8176,0
ILSVRC2012_val_00002012_with_ILSVRC2012_val_00025381_rank922,125,125,0.86967,0
ILSVRC2012_val_00002012_with_ILSVRC2012_val_00016932_rank238,787,643,0.83288,14
ILSVRC2012_val_00002012_with_ILSVRC2012_val_00041919_rank302,32,32,0.63852,0
ILSVRC2012_val_00002012_with_ILSVRC2012_val_00006948_rank965,969,473,0.51233,88
ILSVRC2012_val_00002012_with_ILSVRC2012_val_00007634_rank021,263,263,0.84032,0
ILSVRC2012_val_00002012_with_ILSVRC2012_val_00002482_rank647,443,912,0.06451,929
ILSVRC2012_val_00002012_with_ILSVRC2012_val_00005388_rank775,907,427,0.29937,18
ILSVRC2012_val_00002012_with_ILSVRC2012_val_00036496_rank463,477,637,0.19102,404
ILSVRC2012_val_00002012_with_ILSVRC2012_val_00038684_rank104,355,355,0.71139,0
ILSVRC2012_val_00002012_with_ILSVRC2012_val_00009776_rank174,929,929,0.96089,0
ILSVRC2012_val_00002012_with_ILSVRC2012_val_00017835_rank818,689,689,0.54089,0
ILSVRC2012_val_00002012_with_ILSVRC2012_val_00009170_rank249,586,586,0.92938,0
ILSVRC2012_val_00002012_with_ILSVRC2012_val_00024795_rank730,68,66,0.62997,1
ILSVRC2012_val_00002012_with_ILSVRC2012_val_00022334_rank698,86,86,0.73006,0
ILSVRC2012_val_00002012_with_ILSVRC2012_val_00036521_rank437,628,628,0.47877,0
ILSVRC2012_val_00002012_with_ILSVRC2012_val_00030909_rank853,720,720,0.65817,0
ILSVRC2012_val_00002012_with_ILSVRC2012_val_00049008_rank568,587,587,0.87783,0
ILSVRC2012_val_00002012_with_ILSVRC2012_val_00047461_rank350,555,555,0.905,0
ILSVRC2012_val_00002012_with_ILSVRC2012_val_00044402_rank179,342,345,0.43604,19
ILSVRC2012_val_00002012_with_ILSVRC2012_val_00009780_rank662,569,867,0.19822,1
ILSVRC2012_val_00002012_with_ILSVRC2012_val_00029825_rank018,273,273,0.68438,0
ILSVRC2012_val_00002012_with_ILSVRC2012_val_00001189_rank393,392,392,0.9142,0
ILSVRC2012_val_00002012_with_ILSVRC2012_val_00012119_rank531,953,953,0.96176,0
ILSVRC2012_val_00002012_with_ILSVRC2012_val_00005453_rank861,446,637,0.85678,193
ILSVRC2012_val_00002012_with_ILSVRC2012_val_00016702_rank828,632,632,0.92611,0
ILSVRC2012_val_00002012_with_ILSVRC2012_val_00002700_rank442,466,466,0.88613,0
ILSVRC2012_val_00002012_with_ILSVRC2012_val_00003485_rank190,200,200,0.95204,0
ILSVRC2012_val_00002012_with_ILSVRC2012_val_00021239_rank750,15,15,0.85389,0
ILSVRC2012_val_00002012_with_ILSVRC2012_val_00019900_rank579,325,325,0.90768,0
ILSVRC2012_val_00002012_with_ILSVRC2012_val_00043657_rank282,383,383,0.92808,0
ILSVRC2012_val_00002012_with_ILSVRC2012_val_00043883_rank751,991,991,0.89418,0
ILSVRC2012_val_00002012_with_ILSVRC2012_val_00019421_rank869,461,461,0.57126,0
ILSVRC2012_val_00002012_with_ILSVRC2012_val_00029185_rank697,905,797,0.80285,472
ILSVRC2012_val_00002012_with_ILSVRC2012_val_00035702_rank200,597,637,0.17974,956
ILSVRC2012_val_00002012_with_ILSVRC2012_val_00013143_rank724,488,912,0.17066,119
ILSVRC2012_val_00002012_with_ILSVRC2012_val_00043999_rank584,890,722,0.4423,9
ILSVRC2012_val_00002012_with_ILSVRC2012_val_00022931_rank382,137,137,0.92497,0
ILSVRC2012_val_00002012_with_ILSVRC2012_val_00025628_rank105,154,154,0.92179,0
ILSVRC2012_val_00002012_with_ILSVRC2012_val_00036261_rank962,528,528,0.95912,0
ILSVRC2012_val_00002012_with_ILSVRC2012_val_00035383_rank774,798,798,0.91791,0
ILSVRC2012_val_00002012_with_ILSVRC2012_val_00012166_rank847,138,138,0.94057,0
ILSVRC2012_val_00002012_with_ILSVRC2012_val_00010404_rank242,458,458,0.89401,0
ILSVRC2012_val_00002012_with_ILSVRC2012_val_00012241_rank522,395,395,0.93079,0
ILSVRC2012_val_00002012_with_ILSVRC2012_val_00008189_rank143,394,394,0.89914,0
ILSVRC2012_val_00002012_with_ILSVRC2012_val_00022936_rank467,751,751,0.54958,0
ILSVRC2012_val_00002012_with_ILSVRC2012_val_00026050_rank364,22,22,0.88161,0
ILSVRC2012_val_00002012_with_ILSVRC2012_val_00037637_rank228,513,513,0.85395,0
ILSVRC2012_val_00002012_with_ILSVRC2012_val_00044690_rank414,847,847,0.94186,0
ILSVRC2012_val_00002012_with_ILSVRC2012_val_00023469_rank395,155,204,0.4089,1
ILSVRC2012_val_00002012_with_ILSVRC2012_val_00012777_rank976,107,107,0.89895,0
ILSVRC2012_val_00002012_with_ILSVRC2012_val_00039474_rank251,339,339,0.917,0
ILSVRC2012_val_00002012_with_ILSVRC2012_val_00046576_rank535,561,561,0.87614,0
ILSVRC2012_val_00002012_with_ILSVRC2012_val_00044033_rank331,836,566,0.19646,219
ILSVRC2012_val_00002012_with_ILSVRC2012_val_00023842_rank358,640,640,0.95612,0
ILSVRC2012_val_00002012_with_ILSVRC2012_val_00042966_rank173,133,133,0.93954,0
ILSVRC2012_val_00002012_with_ILSVRC2012_val_00018861_rank527,705,705,0.89269,0
ILSVRC2012_val_00002012_with_ILSVRC2012_val_00030039_rank488,57,57,0.36025,0
ILSVRC2012_val_00002012_with_ILSVRC2012_val_00038778_rank557,879,879,0.88222,0
ILSVRC2012_val_00002012_with_ILSVRC2012_val_00027782_rank547,484,484,0.46334,0
ILSVRC2012_val_00002012_with_ILSVRC2012_val_00006385_rank234,351,351,0.9279,0
ILSVRC2012_val_00002012_with_ILSVRC2012_val_00036708_rank842,298,176,0.49705,404
ILSVRC2012_val_00002012_with_ILSVRC2012_val_00013087_rank298,808,515,0.25705,1
ILSVRC2012_val_00002012_with_ILSVRC2012_val_00015500_rank797,124,122,0.49636,2
ILSVRC2012_val_00002012_with_ILSVRC2012_val_00044221_rank555,655,568,0.9361,9
ILSVRC2012_val_00002012_with_ILSVRC2012_val_00047538_rank752,938,938,0.93769,0
ILSVRC2012_val_00002012_with_ILSVRC2012_val_00032555_rank640,894,637,0.40165,191
ILSVRC2012_val_00002012_with_ILSVRC2012_val_00037954_rank846,604,604,0.92873,0
ILSVRC2012_val_00002012_with_ILSVRC2012_val_00019144_rank844,481,446,0.37267,10
ILSVRC2012_val_00002012_with_ILSVRC2012_val_00012773_rank056,223,223,0.90208,0
ILSVRC2012_val_00002012_with_ILSVRC2012_val_00032752_rank530,935,935,0.90821,0
ILSVRC2012_val_00002012_with_ILSVRC2012_val_00035222_rank683,669,669,0.96794,0
ILSVRC2012_val_00002012_with_ILSVRC2012_val_00020127_rank653,757,675,0.20342,4
ILSVRC2012_val_00002012_with_ILSVRC2012_val_00041322_rank661,588,588,0.03207,0
ILSVRC2012_val_00002012_with_ILSVRC2012_val_00031666_rank281,127,127,0.89998,0
ILSVRC2012_val_00002012_with_ILSVRC2012_val_00017505_rank313,31,31,0.90218,0
ILSVRC2012_val_00002012_with_ILSVRC2012_val_00039897_rank503,519,410,0.3162,4
ILSVRC2012_val_00002012_with_ILSVRC2012_val_00039959_rank926,725,725,0.85363,0
ILSVRC2012_val_00002012_with_ILSVRC2012_val_00046808_rank769,504,504,0.5785,0
ILSVRC2012_val_00002012_with_ILSVRC2012_val_00033387_rank734,867,867,0.89797,0
ILSVRC2012_val_00002012_with_ILSVRC2012_val_00023332_rank835,596,587,0.10334,1
ILSVRC2012_val_00002012_with_ILSVRC2012_val_00040233_rank311,105,105,0.86746,0
ILSVRC2012_val_00002012_with_ILSVRC2012_val_00028275_rank043,280,280,0.88434,0
ILSVRC2012_val_00002012_with_ILSVRC2012_val_00044340_rank749,334,334,0.4948,0
ILSVRC2012_val_00002012_with_ILSVRC2012_val_00012566_rank036,208,208,0.81023,0
ILSVRC2012_val_00002012_with_ILSVRC2012_val_00030862_rank471,432,784,0.17098,68
ILSVRC2012_val_00002012_with_ILSVRC2012_val_00036774_rank508,497,448,0.60448,36
ILSVRC2012_val_00002012_with_ILSVRC2012_val_00009837_rank798,544,544,0.92424,0
ILSVRC2012_val_00002012_with_ILSVRC2012_val_00013899_rank376,25,25,0.8993,0
ILSVRC2012_val_00002012_with_ILSVRC2012_val_00037369_rank263,574,574,0.91205,0
ILSVRC2012_val_00002012_with_ILSVRC2012_val_00039009_rank702,512,512,0.81183,0
ILSVRC2012_val_00002012_with_ILSVRC2012_val_00023634_rank058,206,206,0.53307,0
ILSVRC2012_val_00002012_with_ILSVRC2012_val_00003413_rank090,229,229,0.94388,0
ILSVRC2012_val_00002012_with_ILSVRC2012_val_00028696_rank200,597,597,0.92393,0
ILSVRC2012_val_00002012_with_ILSVRC2012_val_00004056_rank025,243,243,0.86252,0
ILSVRC2012_val_00002012_with_ILSVRC2012_val_00011919_rank967,709,879,0.7615,194
ILSVRC2012_val_00002012_with_ILSVRC2012_val_00009651_rank353,566,776,0.10917,3
ILSVRC2012_val_00002012_with_ILSVRC2012_val_00032156_rank415,321,321,0.9174,0
ILSVRC2012_val_00002012_with_ILSVRC2012_val_00045858_rank649,60,54,0.21058,8
ILSVRC2012_val_00002012_with_ILSVRC2012_val_00012238_rank393,392,392,0.92206,0
ILSVRC2012_val_00002012_with_ILSVRC2012_val_00045735_rank048,169,169,0.90133,0
ILSVRC2012_val_00002012_with_ILSVRC2012_val_00042558_rank318,882,162,0.91922,219
ILSVRC2012_val_00002012_with_ILSVRC2012_val_00049538_rank805,623,549,0.56398,7
ILSVRC2012_val_00002012_with_ILSVRC2012_val_00048270_rank374,475,475,0.91648,0
ILSVRC2012_val_00002012_with_ILSVRC2012_val_00008950_rank898,571,571,0.65094,0
ILSVRC2012_val_00002012_with_ILSVRC2012_val_00018977_rank839,883,899,0.51514,5
ILSVRC2012_val_00002012_with_ILSVRC2012_val_00025572_rank485,579,579,0.90815,0
ILSVRC2012_val_00002012_with_ILSVRC2012_val_00022824_rank130,178,178,0.97005,0
ILSVRC2012_val_00002012_with_ILSVRC2012_val_00009538_rank769,504,504,0.90444,0
ILSVRC2012_val_00002012_with_ILSVRC2012_val_00002437_rank469,738,469,0.25151,11
ILSVRC2012_val_00002012_with_ILSVRC2012_val_00042225_rank730,68,68,0.425,0
ILSVRC2012_val_00002012_with_ILSVRC2012_val_00029169_rank619,6,6,0.28269,0
ILSVRC2012_val_00002012_with_ILSVRC2012_val_00048991_rank743,35,35,0.64165,0
ILSVRC2012_val_00002012_with_ILSVRC2012_val_00042553_rank632,119,119,0.52614,0
ILSVRC2012_val_00002012_with_ILSVRC2012_val_00029167_rank861,446,446,0.82768,0
ILSVRC2012_val_00002012_with_ILSVRC2012_val_00046774_rank611,986,986,0.93395,0
ILSVRC2012_val_00002012_with_ILSVRC2012_val_00039254_rank833,686,427,0.5436,5
ILSVRC2012_val_00002012_with_ILSVRC2012_val_00016402_rank482,851,851,0.60498,0
ILSVRC2012_val_00002012_with_ILSVRC2012_val_00039032_rank412,311,311,0.45761,0
ILSVRC2012_val_00002012_with_ILSVRC2012_val_00036048_rank277,573,573,0.46081,0
ILSVRC2012_val_00002012_with_ILSVRC2012_val_00047754_rank464,343,343,0.84188,0
ILSVRC2012_val_00002012_with_ILSVRC2012_val_00006075_rank698,86,86,0.50991,0
ILSVRC2012_val_00002012_with_ILSVRC2012_val_00011320_rank650,39,39,0.91186,0
ILSVRC2012_val_00002012_with_ILSVRC2012_val_00041077_rank380,439,792,0.68718,966
ILSVRC2012_val_00002012_with_ILSVRC2012_val_00026296_rank349,45,45,0.86935,0
ILSVRC2012_val_00002012_with_ILSVRC2012_val_00012196_rank116,195,195,0.90765,0
ILSVRC2012_val_00002012_with_ILSVRC2012_val_00019058_rank542,140,140,0.26768,0
ILSVRC2012_val_00002012_with_ILSVRC2012_val_00043254_rank043,280,280,0.74614,0
ILSVRC2012_val_00002012_with_ILSVRC2012_val_00047725_rank873,800,800,0.93977,0
ILSVRC2012_val_00002012_with_ILSVRC2012_val_00048892_rank131,336,336,0.86435,0
ILSVRC2012_val_00002012_with_ILSVRC2012_val_00005014_rank267,843,843,0.93848,0
ILSVRC2012_val_00002012_with_ILSVRC2012_val_00048686_rank795,820,820,0.87719,0
ILSVRC2012_val_00002012_with_ILSVRC2012_val_00019298_rank555,655,912,0.11477,940
ILSVRC2012_val_00002012_with_ILSVRC2012_val_00048090_rank762,386,385,0.88747,1
ILSVRC2012_val_00002012_with_ILSVRC2012_val_00007601_rank539,76,76,0.56212,0
ILSVRC2012_val_00002012_with_ILSVRC2012_val_00038175_rank277,573,573,0.86194,0
ILSVRC2012_val_00002012_with_ILSVRC2012_val_00045227_rank185,309,309,0.83895,0
ILSVRC2012_val_00002012_with_ILSVRC2012_val_00006425_rank272,518,518,0.93919,0
ILSVRC2012_val_00002012_with_ILSVRC2012_val_00020059_rank302,32,32,0.8861,0
ILSVRC2012_val_00002012_with_ILSVRC2012_val_00007165_rank069,233,233,0.91387,0
ILSVRC2012_val_00002012_with_ILSVRC2012_val_00028027_rank695,914,807,0.24868,40
ILSVRC2012_val_00002012_with_ILSVRC2012_val_00023777_rank674,600,426,0.10072,116
ILSVRC2012_val_00002012_with_ILSVRC2012_val_00009281_rank097,237,236,0.56056,1
ILSVRC2012_val_00002012_with_ILSVRC2012_val_00036134_rank178,830,830,0.93452,0
ILSVRC2012_val_00002012_with_ILSVRC2012_val_00042893_rank241,347,347,0.92376,0
ILSVRC2012_val_00002012_with_ILSVRC2012_val_00048160_rank057,284,284,0.92003,0
ILSVRC2012_val_00002012_with_ILSVRC2012_val_00014938_rank168,715,912,0.11106,907
ILSVRC2012_val_00002012_with_ILSVRC2012_val_00025300_rank759,789,632,0.41003,123
ILSVRC2012_val_00002012_with_ILSVRC2012_val_00006534_rank648,536,723,0.30265,839
ILSVRC2012_val_00002012_with_ILSVRC2012_val_00015557_rank542,140,140,0.92933,0
ILSVRC2012_val_00002012_with_ILSVRC2012_val_00022766_rank235,429,429,0.91899,0
ILSVRC2012_val_00002012_with_ILSVRC2012_val_00019687_rank429,608,636,0.36625,30
ILSVRC2012_val_00002012_with_ILSVRC2012_val_00032104_rank313,31,32,0.46427,1
ILSVRC2012_val_00002012_with_ILSVRC2012_val_00020321_rank302,32,32,0.68806,0
ILSVRC2012_val_00002012_with_ILSVRC2012_val_00029858_rank307,793,6,0.02775,387
ILSVRC2012_val_00002012_with_ILSVRC2012_val_00028062_rank653,757,757,0.91182,0
ILSVRC2012_val_00002012_with_ILSVRC2012_val_00036884_rank315,510,510,0.89955,0
ILSVRC2012_val_00002012_with_ILSVRC2012_val_00008920_rank627,856,856,0.81013,0
ILSVRC2012_val_00002012_with_ILSVRC2012_val_00044999_rank723,352,353,0.64352,1
ILSVRC2012_val_00002012_with_ILSVRC2012_val_00037951_rank282,383,383,0.8928,0
ILSVRC2012_val_00002012_with_ILSVRC2012_val_00003918_rank523,795,456,0.11132,12
ILSVRC2012_val_00002012_with_ILSVRC2012_val_00040282_rank420,957,957,0.91421,0
ILSVRC2012_val_00002012_with_ILSVRC2012_val_00045069_rank903,505,725,0.37699,4
ILSVRC2012_val_00002012_with_ILSVRC2012_val_00002912_rank168,715,448,0.35175,409
ILSVRC2012_val_00002012_with_ILSVRC2012_val_00012622_rank530,935,910,0.61438,38
ILSVRC2012_val_00002012_with_ILSVRC2012_val_00004397_rank124,192,192,0.89657,0
ILSVRC2012_val_00002012_with_ILSVRC2012_val_00012776_rank555,655,747,0.22793,181
ILSVRC2012_val_00002012_with_ILSVRC2012_val_00043428_rank716,49,649,0.50703,182
ILSVRC2012_val_00002012_with_ILSVRC2012_val_00032654_rank984,997,997,0.82074,0
ILSVRC2012_val_00002012_with_ILSVRC2012_val_00012586_rank879,88,88,0.93417,0
ILSVRC2012_val_00002012_with_ILSVRC2012_val_00031616_rank435,732,732,0.93044,0
ILSVRC2012_val_00002012_with_ILSVRC2012_val_00025542_rank186,388,388,0.88771,0
ILSVRC2012_val_00002012_with_ILSVRC2012_val_00035481_rank874,924,924,0.92045,0
ILSVRC2012_val_00002012_with_ILSVRC2012_val_00011173_rank344,575,575,0.91139,0
ILSVRC2012_val_00002012_with_ILSVRC2012_val_00000300_rank072,176,176,0.92972,0
ILSVRC2012_val_00002012_with_ILSVRC2012_val_00034929_rank623,20,20,0.72734,0
ILSVRC2012_val_00002012_with_ILSVRC2012_val_00016628_rank342,148,145,0.09857,9
ILSVRC2012_val_00002012_with_ILSVRC2012_val_00023940_rank708,313,621,0.32812,233
ILSVRC2012_val_00002012_with_ILSVRC2012_val_00032897_rank603,447,463,0.49078,125
ILSVRC2012_val_00002012_with_ILSVRC2012_val_00043880_rank112,215,215,0.93272,0
ILSVRC2012_val_00002012_with_ILSVRC2012_val_00014846_rank916,897,897,0.95054,0
ILSVRC2012_val_00002012_with_ILSVRC2012_val_00038881_rank228,513,870,0.42596,72
ILSVRC2012_val_00002012_with_ILSVRC2012_val_00003709_rank396,779,779,0.94111,0
ILSVRC2012_val_00002012_with_ILSVRC2012_val_00010595_rank897,438,438,0.92273,0
ILSVRC2012_val_00002012_with_ILSVRC2012_val_00003757_rank911,631,637,0.03664,494
ILSVRC2012_val_00002012_with_ILSVRC2012_val_00045003_rank434,557,912,0.1701,62
ILSVRC2012_val_00002012_with_ILSVRC2012_val_00016319_rank053,270,270,0.87635,0
ILSVRC2012_val_00002012_with_ILSVRC2012_val_00045605_rank729,832,494,0.40985,34
ILSVRC2012_val_00002012_with_ILSVRC2012_val_00021236_rank198,50,50,0.92444,0
ILSVRC2012_val_00002012_with_ILSVRC2012_val_00046511_rank621,403,847,0.34004,14
ILSVRC2012_val_00002012_with_ILSVRC2012_val_00030600_rank400,556,556,0.23326,0
ILSVRC2012_val_00002012_with_ILSVRC2012_val_00045861_rank081,188,188,0.40313,0
ILSVRC2012_val_00002012_with_ILSVRC2012_val_00032605_rank788,679,679,0.36991,0
ILSVRC2012_val_00002012_with_ILSVRC2012_val_00033282_rank889,398,398,0.93947,0
ILSVRC2012_val_00002012_with_ILSVRC2012_val_00032400_rank078,173,173,0.8579,0
ILSVRC2012_val_00002012_with_ILSVRC2012_val_00010055_rank233,543,232,0.08863,207
ILSVRC2012_val_00002012_with_ILSVRC2012_val_00017246_rank244,743,912,0.27269,10
ILSVRC2012_val_00002012_with_ILSVRC2012_val_00001781_rank006,227,227,0.94317,0
ILSVRC2012_val_00002012_with_ILSVRC2012_val_00044300_rank961,326,326,0.85913,0
ILSVRC2012_val_00002012_with_ILSVRC2012_val_00016359_rank907,925,925,0.7811,0
ILSVRC2012_val_00002012_with_ILSVRC2012_val_00030408_rank638,120,120,0.76524,0
ILSVRC2012_val_00002012_with_ILSVRC2012_val_00017346_rank488,57,57,0.83855,0
ILSVRC2012_val_00002012_with_ILSVRC2012_val_00011846_rank182,389,389,0.97965,0
ILSVRC2012_val_00002012_with_ILSVRC2012_val_00012140_rank082,241,240,0.45519,1
ILSVRC2012_val_00002012_with_ILSVRC2012_val_00015113_rank079,331,331,0.93953,0
ILSVRC2012_val_00002012_with_ILSVRC2012_val_00038331_rank767,668,668,0.79927,0
ILSVRC2012_val_00002012_with_ILSVRC2012_val_00032672_rank582,350,350,0.90944,0
ILSVRC2012_val_00002012_with_ILSVRC2012_val_00029044_rank694,728,919,0.65736,65
ILSVRC2012_val_00002012_with_ILSVRC2012_val_00002338_rank258,2,2,0.78826,0
ILSVRC2012_val_00002012_with_ILSVRC2012_val_00040992_rank374,475,475,0.92068,0
ILSVRC2012_val_00002012_with_ILSVRC2012_val_00047062_rank041,256,256,0.6746,0
ILSVRC2012_val_00002012_with_ILSVRC2012_val_00041131_rank909,501,501,0.64149,0
ILSVRC2012_val_00002012_with_ILSVRC2012_val_00011530_rank713,37,37,0.89514,0
ILSVRC2012_val_00002012_with_ILSVRC2012_val_00005205_rank204,385,355,0.22152,103
ILSVRC2012_val_00002012_with_ILSVRC2012_val_00005651_rank492,420,420,0.92562,0
ILSVRC2012_val_00002012_with_ILSVRC2012_val_00032112_rank599,910,910,0.72586,0
ILSVRC2012_val_00002012_with_ILSVRC2012_val_00007653_rank584,890,805,0.61476,2
ILSVRC2012_val_00002012_with_ILSVRC2012_val_00001365_rank848,714,723,0.38955,41
ILSVRC2012_val_00002012_with_ILSVRC2012_val_00028229_rank012,244,244,0.95545,0
ILSVRC2012_val_00002012_with_ILSVRC2012_val_00042299_rank475,303,303,0.8063,0
ILSVRC2012_val_00002012_with_ILSVRC2012_val_00009692_rank337,62,67,0.45516,10
ILSVRC2012_val_00002012_with_ILSVRC2012_val_00011888_rank427,317,317,0.88692,0
ILSVRC2012_val_00002012_with_ILSVRC2012_val_00045020_rank884,827,827,0.95935,0
ILSVRC2012_val_00002012_with_ILSVRC2012_val_00019253_rank588,949,949,0.122,0
ILSVRC2012_val_00002012_with_ILSVRC2012_val_00046293_rank920,456,456,0.85898,0
ILSVRC2012_val_00002012_with_ILSVRC2012_val_00024883_rank365,994,994,0.88568,0
ILSVRC2012_val_00002012_with_ILSVRC2012_val_00047398_rank786,760,760,0.94192,0
ILSVRC2012_val_00002012_with_ILSVRC2012_val_00019564_rank980,69,599,0.11961,127
ILSVRC2012_val_00002012_with_ILSVRC2012_val_00026033_rank929,711,711,0.93489,0
ILSVRC2012_val_00002012_with_ILSVRC2012_val_00019986_rank161,603,603,0.94498,0
ILSVRC2012_val_00002012_with_ILSVRC2012_val_00025440_rank659,987,987,0.54501,0
ILSVRC2012_val_00002012_with_ILSVRC2012_val_00040195_rank914,934,934,0.93944,0
ILSVRC2012_val_00002012_with_ILSVRC2012_val_00000940_rank149,103,103,0.88412,0
ILSVRC2012_val_00002012_with_ILSVRC2012_val_00016337_rank445,511,511,0.81034,0
ILSVRC2012_val_00002012_with_ILSVRC2012_val_00039391_rank690,607,607,0.96622,0
ILSVRC2012_val_00002012_with_ILSVRC2012_val_00032668_rank068,160,160,0.88764,0
ILSVRC2012_val_00002012_with_ILSVRC2012_val_00023961_rank876,928,927,0.94018,2
ILSVRC2012_val_00002012_with_ILSVRC2012_val_00008884_rank869,461,524,0.57659,1
ILSVRC2012_val_00002012_with_ILSVRC2012_val_00004298_rank425,360,360,0.91244,0
ILSVRC2012_val_00002012_with_ILSVRC2012_val_00018948_rank528,4,51,0.14262,73
ILSVRC2012_val_00002012_with_ILSVRC2012_val_00019332_rank959,583,583,0.92472,0
ILSVRC2012_val_00002012_with_ILSVRC2012_val_00002631_rank952,507,473,0.25649,30
ILSVRC2012_val_00002012_with_ILSVRC2012_val_00039360_rank961,326,326,0.82842,0
ILSVRC2012_val_00002012_with_ILSVRC2012_val_00034918_rank135,568,568,0.91338,0
ILSVRC2012_val_00002012_with_ILSVRC2012_val_00014460_rank697,905,703,0.89868,225
ILSVRC2012_val_00002012_with_ILSVRC2012_val_00047331_rank103,185,189,0.3144,7
ILSVRC2012_val_00002012_with_ILSVRC2012_val_00033803_rank474,405,405,0.91102,0
ILSVRC2012_val_00002012_with_ILSVRC2012_val_00044204_rank255,491,491,0.92918,0
ILSVRC2012_val_00002012_with_ILSVRC2012_val_00023991_rank430,118,118,0.61385,0
ILSVRC2012_val_00002012_with_ILSVRC2012_val_00029391_rank605,736,736,0.20487,0
ILSVRC2012_val_00002012_with_ILSVRC2012_val_00001016_rank701,688,688,0.92723,0
ILSVRC2012_val_00002012_with_ILSVRC2012_val_00014008_rank185,309,309,0.84494,0
ILSVRC2012_val_00002012_with_ILSVRC2012_val_00046299_rank443,71,71,0.92613,0
ILSVRC2012_val_00002012_with_ILSVRC2012_val_00015975_rank657,301,301,0.92272,0
ILSVRC2012_val_00002012_with_ILSVRC2012_val_00033474_rank271,358,359,0.46861,2
ILSVRC2012_val_00002012_with_ILSVRC2012_val_00021962_rank151,296,296,0.93889,0
ILSVRC2012_val_00002012_with_ILSVRC2012_val_00013196_rank731,873,873,0.79336,0
ILSVRC2012_val_00002012_with_ILSVRC2012_val_00034823_rank077,198,198,0.56991,0
ILSVRC2012_val_00002012_with_ILSVRC2012_val_00026425_rank661,588,588,0.92634,0
ILSVRC2012_val_00002012_with_ILSVRC2012_val_00000121_rank317,718,718,0.35123,0
ILSVRC2012_val_00002012_with_ILSVRC2012_val_00008966_rank058,206,206,0.95747,0
ILSVRC2012_val_00002012_with_ILSVRC2012_val_00017230_rank140,337,337,0.89903,0
ILSVRC2012_val_00002012_with_ILSVRC2012_val_00025830_rank494,723,723,0.93722,0
ILSVRC2012_val_00002012_with_ILSVRC2012_val_00027809_rank477,80,80,0.91114,0
ILSVRC2012_val_00002012_with_ILSVRC2012_val_00033490_rank054,281,285,0.38302,2
ILSVRC2012_val_00002012_with_ILSVRC2012_val_00046662_rank674,600,600,0.54458,0
ILSVRC2012_val_00002012_with_ILSVRC2012_val_00038855_rank401,807,807,0.91358,0
ILSVRC2012_val_00002012_with_ILSVRC2012_val_00012759_rank650,39,43,0.63875,4
ILSVRC2012_val_00002012_with_ILSVRC2012_val_00024996_rank030,465,465,0.92791,0
ILSVRC2012_val_00002012_with_ILSVRC2012_val_00002744_rank473,931,931,0.79285,0
ILSVRC2012_val_00002012_with_ILSVRC2012_val_00043628_rank535,561,561,0.91416,0
ILSVRC2012_val_00002012_with_ILSVRC2012_val_00017033_rank280,570,570,0.87827,0
ILSVRC2012_val_00002012_with_ILSVRC2012_val_00031296_rank580,496,496,0.95001,0
ILSVRC2012_val_00002012_with_ILSVRC2012_val_00005755_rank522,395,395,0.88465,0
ILSVRC2012_val_00002012_with_ILSVRC2012_val_00030930_rank557,879,879,0.92729,0
ILSVRC2012_val_00002012_with_ILSVRC2012_val_00032797_rank215,116,116,0.9428,0
ILSVRC2012_val_00002012_with_ILSVRC2012_val_00031396_rank356,136,136,0.93206,0
ILSVRC2012_val_00002012_with_ILSVRC2012_val_00006609_rank188,204,204,0.87844,0
ILSVRC2012_val_00002012_with_ILSVRC2012_val_00007832_rank596,871,484,0.56225,1
ILSVRC2012_val_00002012_with_ILSVRC2012_val_00038027_rank146,870,870,0.8895,0
ILSVRC2012_val_00002012_with_ILSVRC2012_val_00033298_rank254,366,366,0.91645,0
ILSVRC2012_val_00002012_with_ILSVRC2012_val_00018184_rank699,590,590,0.90554,0
ILSVRC2012_val_00002012_with_ILSVRC2012_val_00034001_rank734,867,569,0.91796,3
ILSVRC2012_val_00002012_with_ILSVRC2012_val_00013749_rank827,650,650,0.10167,0
ILSVRC2012_val_00002012_with_ILSVRC2012_val_00030400_rank283,98,98,0.86562,0
ILSVRC2012_val_00002012_with_ILSVRC2012_val_00018027_rank272,518,518,0.95109,0
ILSVRC2012_val_00002012_with_ILSVRC2012_val_00046975_rank813,122,122,0.91953,0
ILSVRC2012_val_00002012_with_ILSVRC2012_val_00036935_rank322,796,911,0.14322,31
ILSVRC2012_val_00002012_with_ILSVRC2012_val_00018845_rank168,715,715,0.8439,0
ILSVRC2012_val_00002012_with_ILSVRC2012_val_00007577_rank525,706,428,0.30022,85
ILSVRC2012_val_00002012_with_ILSVRC2012_val_00035367_rank528,4,4,0.88697,0
ILSVRC2012_val_00002012_with_ILSVRC2012_val_00049614_rank020,159,178,0.96116,12
ILSVRC2012_val_00002012_with_ILSVRC2012_val_00020102_rank977,899,899,0.25146,0
ILSVRC2012_val_00002012_with_ILSVRC2012_val_00026371_rank661,588,588,0.13389,0
ILSVRC2012_val_00002012_with_ILSVRC2012_val_00045042_rank761,61,61,0.93777,0
ILSVRC2012_val_00002012_with_ILSVRC2012_val_00025570_rank794,328,328,0.94722,0
ILSVRC2012_val_00002012_with_ILSVRC2012_val_00044322_rank861,446,637,0.53575,193
ILSVRC2012_val_00002012_with_ILSVRC2012_val_00004333_rank582,350,350,0.88727,0
ILSVRC2012_val_00002012_with_ILSVRC2012_val_00046836_rank142,228,228,0.95624,0
ILSVRC2012_val_00002012_with_ILSVRC2012_val_00003924_rank403,627,627,0.93541,0
ILSVRC2012_val_00002012_with_ILSVRC2012_val_00046633_rank391,593,764,0.25767,53
ILSVRC2012_val_00002012_with_ILSVRC2012_val_00034812_rank171,335,335,0.92539,0
ILSVRC2012_val_00002012_with_ILSVRC2012_val_00048279_rank775,907,907,0.82788,0
ILSVRC2012_val_00002012_with_ILSVRC2012_val_00007644_rank239,327,327,0.88309,0
ILSVRC2012_val_00002012_with_ILSVRC2012_val_00005737_rank854,829,829,0.90385,0
ILSVRC2012_val_00002012_with_ILSVRC2012_val_00011167_rank185,309,7,0.0905,120
ILSVRC2012_val_00002012_with_ILSVRC2012_val_00038789_rank017,231,231,0.90728,0
ILSVRC2012_val_00002012_with_ILSVRC2012_val_00032957_rank130,178,178,0.94767,0
ILSVRC2012_val_00002012_with_ILSVRC2012_val_00018497_rank515,824,735,0.89032,1
ILSVRC2012_val_00002012_with_ILSVRC2012_val_00029693_rank188,204,200,0.6638,3
ILSVRC2012_val_00002012_with_ILSVRC2012_val_00023959_rank267,843,843,0.50345,0
ILSVRC2012_val_00002012_with_ILSVRC2012_val_00027210_rank481,722,722,0.9059,0
ILSVRC2012_val_00002012_with_ILSVRC2012_val_00046580_rank759,789,789,0.93436,0
ILSVRC2012_val_00002012_with_ILSVRC2012_val_00016194_rank571,283,291,0.12552,23
ILSVRC2012_val_00002012_with_ILSVRC2012_val_00009185_rank847,138,138,0.92583,0
ILSVRC2012_val_00002012_with_ILSVRC2012_val_00009037_rank353,566,566,0.92762,0
ILSVRC2012_val_00002012_with_ILSVRC2012_val_00007245_rank202,472,693,0.39182,1
ILSVRC2012_val_00002012_with_ILSVRC2012_val_00000077_rank020,159,159,0.93604,0
ILSVRC2012_val_00002012_with_ILSVRC2012_val_00010176_rank542,140,140,0.91062,0
ILSVRC2012_val_00002012_with_ILSVRC2012_val_00030761_rank955,435,637,0.16251,449
ILSVRC2012_val_00002012_with_ILSVRC2012_val_00012320_rank682,984,984,0.92454,0
ILSVRC2012_val_00002012_with_ILSVRC2012_val_00047804_rank074,277,277,0.91064,0
ILSVRC2012_val_00002012_with_ILSVRC2012_val_00004492_rank660,625,625,0.93527,0
ILSVRC2012_val_00002012_with_ILSVRC2012_val_00031746_rank769,504,504,0.66079,0
ILSVRC2012_val_00002012_with_ILSVRC2012_val_00033393_rank868,82,82,0.82625,0
ILSVRC2012_val_00002012_with_ILSVRC2012_val_00010627_rank075,180,180,0.83162,0
ILSVRC2012_val_00002012_with_ILSVRC2012_val_00022539_rank325,946,946,0.85533,0
ILSVRC2012_val_00002012_with_ILSVRC2012_val_00034971_rank549,5,5,0.90896,0
ILSVRC2012_val_00002012_with_ILSVRC2012_val_00023228_rank095,292,292,0.46363,0
ILSVRC2012_val_00002012_with_ILSVRC2012_val_00021134_rank235,429,429,0.95587,0
ILSVRC2012_val_00002012_with_ILSVRC2012_val_00022415_rank682,984,984,0.92729,0
ILSVRC2012_val_00002012_with_ILSVRC2012_val_00012501_rank468,721,912,0.11939,934
ILSVRC2012_val_00002012_with_ILSVRC2012_val_00003657_rank839,883,725,0.88285,1
ILSVRC2012_val_00002012_with_ILSVRC2012_val_00006742_rank837,724,882,0.19648,944
ILSVRC2012_val_00002012_with_ILSVRC2012_val_00029003_rank167,981,981,0.92014,0
ILSVRC2012_val_00002012_with_ILSVRC2012_val_00040859_rank698,86,86,0.62007,0
ILSVRC2012_val_00002012_with_ILSVRC2012_val_00023876_rank962,528,528,0.93772,0
ILSVRC2012_val_00002012_with_ILSVRC2012_val_00021274_rank782,685,685,0.91135,0
ILSVRC2012_val_00002012_with_ILSVRC2012_val_00041673_rank026,207,163,0.08235,40
ILSVRC2012_val_00002012_with_ILSVRC2012_val_00043761_rank635,842,830,0.06681,129
ILSVRC2012_val_00002012_with_ILSVRC2012_val_00002071_rank538,14,14,0.9286,0
ILSVRC2012_val_00002012_with_ILSVRC2012_val_00006328_rank538,14,14,0.91096,0
ILSVRC2012_val_00002012_with_ILSVRC2012_val_00019989_rank808,73,73,0.70764,0
ILSVRC2012_val_00002012_with_ILSVRC2012_val_00022967_rank625,393,393,0.88681,0
ILSVRC2012_val_00002012_with_ILSVRC2012_val_00031989_rank906,377,377,0.87212,0
ILSVRC2012_val_00002012_with_ILSVRC2012_val_00033906_rank890,662,662,0.89875,0
ILSVRC2012_val_00002012_with_ILSVRC2012_val_00019100_rank227,33,33,0.93576,0
ILSVRC2012_val_00002012_with_ILSVRC2012_val_00002706_rank044,247,247,0.94258,0
ILSVRC2012_val_00002012_with_ILSVRC2012_val_00041935_rank496,554,912,0.22438,364
ILSVRC2012_val_00002012_with_ILSVRC2012_val_00032903_rank500,858,730,0.39031,138
ILSVRC2012_val_00002012_with_ILSVRC2012_val_00006319_rank763,26,32,0.41989,3
ILSVRC2012_val_00002012_with_ILSVRC2012_val_00042934_rank479,601,689,0.2521,1
ILSVRC2012_val_00002012_with_ILSVRC2012_val_00031471_rank817,642,642,0.9095,0
ILSVRC2012_val_00002012_with_ILSVRC2012_val_00037761_rank194,413,413,0.68466,0
ILSVRC2012_val_00002012_with_ILSVRC2012_val_00006128_rank942,442,947,0.15303,778
ILSVRC2012_val_00002012_with_ILSVRC2012_val_00008143_rank308,872,872,0.75684,0
ILSVRC2012_val_00002012_with_ILSVRC2012_val_00005359_rank322,796,796,0.92934,0
ILSVRC2012_val_00002012_with_ILSVRC2012_val_00027669_rank020,159,159,0.94426,0
ILSVRC2012_val_00002012_with_ILSVRC2012_val_00047949_rank365,994,514,0.06846,841
ILSVRC2012_val_00002012_with_ILSVRC2012_val_00009367_rank845,499,911,0.08515,493
ILSVRC2012_val_00002012_with_ILSVRC2012_val_00021834_rank875,758,758,0.91602,0
ILSVRC2012_val_00002012_with_ILSVRC2012_val_00022155_rank476,318,318,0.91565,0
ILSVRC2012_val_00002012_with_ILSVRC2012_val_00041309_rank812,815,77,0.74465,4
ILSVRC2012_val_00002012_with_ILSVRC2012_val_00031858_rank652,704,704,0.91302,0
ILSVRC2012_val_00002012_with_ILSVRC2012_val_00005126_rank098,245,245,0.8719,0
ILSVRC2012_val_00002012_with_ILSVRC2012_val_00049971_rank959,583,583,0.89333,0
ILSVRC2012_val_00002012_with_ILSVRC2012_val_00035395_rank860,944,944,0.90741,0
ILSVRC2012_val_00002012_with_ILSVRC2012_val_00002329_rank334,297,297,0.85614,0
ILSVRC2012_val_00002012_with_ILSVRC2012_val_00028501_rank216,834,869,0.33575,1
ILSVRC2012_val_00002012_with_ILSVRC2012_val_00017417_rank140,337,337,0.91302,0
ILSVRC2012_val_00002012_with_ILSVRC2012_val_00001629_rank554,87,87,0.91533,0
ILSVRC2012_val_00002012_with_ILSVRC2012_val_00003979_rank409,863,863,0.46291,0
ILSVRC2012_val_00002012_with_ILSVRC2012_val_00020884_rank639,534,534,0.93379,0
ILSVRC2012_val_00002012_with_ILSVRC2012_val_00045937_rank129,251,251,0.93758,0
ILSVRC2012_val_00002012_with_ILSVRC2012_val_00040270_rank469,738,463,0.73593,10
ILSVRC2012_val_00002012_with_ILSVRC2012_val_00034254_rank057,284,284,0.93623,0
ILSVRC2012_val_00002012_with_ILSVRC2012_val_00020106_rank262,7,7,0.90376,0
ILSVRC2012_val_00002012_with_ILSVRC2012_val_00017131_rank873,800,800,0.92966,0
ILSVRC2012_val_00002012_with_ILSVRC2012_val_00046334_rank115,768,768,0.88224,0
ILSVRC2012_val_00002012_with_ILSVRC2012_val_00037230_rank741,152,152,0.91663,0
ILSVRC2012_val_00002012_with_ILSVRC2012_val_00007043_rank537,131,131,0.89048,0
ILSVRC2012_val_00002012_with_ILSVRC2012_val_00044434_rank968,585,585,0.79285,0
ILSVRC2012_val_00002012_with_ILSVRC2012_val_00045352_rank103,185,186,0.59361,1
ILSVRC2012_val_00002012_with_ILSVRC2012_val_00024738_rank930,774,774,0.94927,0
ILSVRC2012_val_00002012_with_ILSVRC2012_val_00046898_rank547,484,871,0.54452,1
ILSVRC2012_val_00002012_with_ILSVRC2012_val_00025482_rank514,906,372,0.56799,583
ILSVRC2012_val_00002012_with_ILSVRC2012_val_00022148_rank459,90,90,0.93306,0
ILSVRC2012_val_00002012_with_ILSVRC2012_val_00036086_rank812,815,74,0.48297,1
ILSVRC2012_val_00002012_with_ILSVRC2012_val_00007737_rank123,293,293,0.93864,0
ILSVRC2012_val_00002012_with_ILSVRC2012_val_00046125_rank915,657,744,0.51082,1
ILSVRC2012_val_00002012_with_ILSVRC2012_val_00026098_rank238,787,787,0.90441,0
ILSVRC2012_val_00002012_with_ILSVRC2012_val_00025339_rank287,65,383,0.59085,118
ILSVRC2012_val_00002012_with_ILSVRC2012_val_00026445_rank062,209,209,0.91693,0
ILSVRC2012_val_00002012_with_ILSVRC2012_val_00020195_rank484,547,547,0.89966,0
ILSVRC2012_val_00002012_with_ILSVRC2012_val_00040389_rank531,953,80,0.25537,924
ILSVRC2012_val_00002012_with_ILSVRC2012_val_00049418_rank450,323,323,0.91385,0
ILSVRC2012_val_00002012_with_ILSVRC2012_val_00046740_rank452,46,39,0.60771,3
ILSVRC2012_val_00002012_with_ILSVRC2012_val_00021366_rank520,315,315,0.85917,0
ILSVRC2012_val_00002012_with_ILSVRC2012_val_00041489_rank712,694,694,0.91186,0
ILSVRC2012_val_00002012_with_ILSVRC2012_val_00004761_rank210,776,776,0.93331,0
ILSVRC2012_val_00002012_with_ILSVRC2012_val_00037993_rank685,314,78,0.26578,13
ILSVRC2012_val_00002012_with_ILSVRC2012_val_00024752_rank935,771,771,0.94861,0
ILSVRC2012_val_00002012_with_ILSVRC2012_val_00024128_rank118,286,286,0.93688,0
ILSVRC2012_val_00002012_with_ILSVRC2012_val_00038162_rank501,47,47,0.94004,0
ILSVRC2012_val_00002012_with_ILSVRC2012_val_00011496_rank209,667,448,0.2773,38
ILSVRC2012_val_00002012_with_ILSVRC2012_val_00011705_rank532,690,345,0.53449,1
ILSVRC2012_val_00002012_with_ILSVRC2012_val_00049618_rank224,356,356,0.82577,0
ILSVRC2012_val_00002012_with_ILSVRC2012_val_00043339_rank653,757,757,0.86186,0
ILSVRC2012_val_00002012_with_ILSVRC2012_val_00002670_rank256,785,637,0.25158,695
ILSVRC2012_val_00002012_with_ILSVRC2012_val_00002139_rank755,988,988,0.92289,0
ILSVRC2012_val_00002012_with_ILSVRC2012_val_00006504_rank810,845,845,0.79828,0
ILSVRC2012_val_00002012_with_ILSVRC2012_val_00018365_rank489,312,312,0.64279,0
ILSVRC2012_val_00002012_with_ILSVRC2012_val_00011165_rank016,264,264,0.82145,0
ILSVRC2012_val_00002012_with_ILSVRC2012_val_00022422_rank183,84,84,0.90641,0
ILSVRC2012_val_00002012_with_ILSVRC2012_val_00020682_rank341,791,791,0.89763,0
ILSVRC2012_val_00002012_with_ILSVRC2012_val_00028404_rank226,913,912,0.30622,140
ILSVRC2012_val_00002012_with_ILSVRC2012_val_00006007_rank932,1,1,0.06605,0
ILSVRC2012_val_00002012_with_ILSVRC2012_val_00026838_rank714,563,563,0.84647,0
ILSVRC2012_val_00002012_with_ILSVRC2012_val_00036755_rank263,574,574,0.94078,0
ILSVRC2012_val_00002012_with_ILSVRC2012_val_00011071_rank632,119,120,0.31628,1
ILSVRC2012_val_00002012_with_ILSVRC2012_val_00022414_rank578,130,130,0.93813,0
ILSVRC2012_val_00002012_with_ILSVRC2012_val_00005828_rank980,69,69,0.94705,0
ILSVRC2012_val_00002012_with_ILSVRC2012_val_00017941_rank712,694,694,0.42181,0
ILSVRC2012_val_00002012_with_ILSVRC2012_val_00040771_rank713,37,37,0.86312,0
ILSVRC2012_val_00002012_with_ILSVRC2012_val_00018618_rank419,44,46,0.51427,3
ILSVRC2012_val_00002012_with_ILSVRC2012_val_00010543_rank518,487,487,0.57217,0
ILSVRC2012_val_00002012_with_ILSVRC2012_val_00025972_rank962,528,528,0.61129,0
ILSVRC2012_val_00002012_with_ILSVRC2012_val_00039525_rank619,6,6,0.8035,0
ILSVRC2012_val_00002012_with_ILSVRC2012_val_00027236_rank384,912,912,0.89148,0
ILSVRC2012_val_00002012_with_ILSVRC2012_val_00039967_rank433,329,329,0.71965,0
ILSVRC2012_val_00002012_with_ILSVRC2012_val_00017435_rank785,713,713,0.909,0
ILSVRC2012_val_00002012_with_ILSVRC2012_val_00017307_rank157,428,428,0.9687,0
ILSVRC2012_val_00002012_with_ILSVRC2012_val_00008272_rank109,168,168,0.86667,0
ILSVRC2012_val_00002012_with_ILSVRC2012_val_00035751_rank744,482,482,0.58746,0
ILSVRC2012_val_00002012_with_ILSVRC2012_val_00029809_rank201,765,765,0.91829,0
ILSVRC2012_val_00002012_with_ILSVRC2012_val_00036918_rank073,257,257,0.90542,0
ILSVRC2012_val_00002012_with_ILSVRC2012_val_00049050_rank273,423,423,0.8952,0
ILSVRC2012_val_00002012_with_ILSVRC2012_val_00026376_rank551,651,410,0.17863,143
ILSVRC2012_val_00002012_with_ILSVRC2012_val_00039966_rank607,77,73,0.68116,3
ILSVRC2012_val_00002012_with_ILSVRC2012_val_00041185_rank104,355,355,0.89459,0
ILSVRC2012_val_00002012_with_ILSVRC2012_val_00049001_rank222,671,671,0.24018,0
ILSVRC2012_val_00002012_with_ILSVRC2012_val_00021649_rank147,652,652,0.43666,0
ILSVRC2012_val_00002012_with_ILSVRC2012_val_00041387_rank094,330,331,0.70332,1
ILSVRC2012_val_00002012_with_ILSVRC2012_val_00047762_rank098,245,245,0.88277,0
ILSVRC2012_val_00002012_with_ILSVRC2012_val_00022780_rank079,331,331,0.92179,0
ILSVRC2012_val_00002012_with_ILSVRC2012_val_00007012_rank710,414,414,0.91883,0
ILSVRC2012_val_00002012_with_ILSVRC2012_val_00038177_rank921,854,854,0.59201,0
ILSVRC2012_val_00002012_with_ILSVRC2012_val_00021301_rank220,468,468,0.89966,0
ILSVRC2012_val_00002012_with_ILSVRC2012_val_00012380_rank041,256,256,0.91776,0
ILSVRC2012_val_00002012_with_ILSVRC2012_val_00019623_rank889,398,398,0.94194,0
ILSVRC2012_val_00002012_with_ILSVRC2012_val_00029183_rank998,696,696,0.91497,0
ILSVRC2012_val_00002012_with_ILSVRC2012_val_00003738_rank987,126,126,0.90531,0
ILSVRC2012_val_00002012_with_ILSVRC2012_val_00000989_rank432,998,998,0.62646,0
ILSVRC2012_val_00002012_with_ILSVRC2012_val_00042709_rank974,117,117,0.93773,0
ILSVRC2012_val_00002012_with_ILSVRC2012_val_00006451_rank071,368,368,0.91844,0
ILSVRC2012_val_00002012_with_ILSVRC2012_val_00014134_rank352,304,304,0.79738,0
ILSVRC2012_val_00002012_with_ILSVRC2012_val_00022718_rank485,579,579,0.92675,0
ILSVRC2012_val_00002012_with_ILSVRC2012_val_00008993_rank243,972,136,0.40076,368
ILSVRC2012_val_00002012_with_ILSVRC2012_val_00002598_rank466,782,664,0.57599,1
ILSVRC2012_val_00002012_with_ILSVRC2012_val_00006519_rank715,806,806,0.50433,0
ILSVRC2012_val_00002012_with_ILSVRC2012_val_00032072_rank183,84,501,0.10034,478
ILSVRC2012_val_00002012_with_ILSVRC2012_val_00044101_rank837,724,780,0.41479,1
ILSVRC2012_val_00002012_with_ILSVRC2012_val_00020155_rank890,662,662,0.93531,0
ILSVRC2012_val_00002012_with_ILSVRC2012_val_00032255_rank298,808,808,0.89747,0
ILSVRC2012_val_00002012_with_ILSVRC2012_val_00032694_rank509,633,448,0.34523,812
ILSVRC2012_val_00002012_with_ILSVRC2012_val_00041631_rank503,519,410,0.44526,4
ILSVRC2012_val_00002012_with_ILSVRC2012_val_00004528_rank344,575,575,0.9316,0
ILSVRC2012_val_00002012_with_ILSVRC2012_val_00000493_rank885,529,529,0.55421,0
ILSVRC2012_val_00002012_with_ILSVRC2012_val_00016827_rank424,422,422,0.63798,0
ILSVRC2012_val_00002012_with_ILSVRC2012_val_00039618_rank746,41,41,0.80181,0
ILSVRC2012_val_00002012_with_ILSVRC2012_val_00015855_rank677,48,48,0.91492,0
ILSVRC2012_val_00002012_with_ILSVRC2012_val_00023928_rank013,236,191,0.38568,29
ILSVRC2012_val_00002012_with_ILSVRC2012_val_00049534_rank039,275,275,0.90041,0
ILSVRC2012_val_00002012_with_ILSVRC2012_val_00009790_rank622,999,637,0.8833,66
ILSVRC2012_val_00002012_with_ILSVRC2012_val_00018132_rank410,102,102,0.93151,0
ILSVRC2012_val_00002012_with_ILSVRC2012_val_00022317_rank925,617,912,0.1967,645
ILSVRC2012_val_00002012_with_ILSVRC2012_val_00048535_rank164,346,346,0.94037,0
ILSVRC2012_val_00002012_with_ILSVRC2012_val_00020363_rank651,942,942,0.90922,0
ILSVRC2012_val_00002012_with_ILSVRC2012_val_00022572_rank514,906,834,0.93041,1
ILSVRC2012_val_00002012_with_ILSVRC2012_val_00041388_rank451,702,637,0.4196,699
ILSVRC2012_val_00002012_with_ILSVRC2012_val_00039814_rank750,15,15,0.88835,0
ILSVRC2012_val_00002012_with_ILSVRC2012_val_00009719_rank104,355,355,0.71887,0
ILSVRC2012_val_00002012_with_ILSVRC2012_val_00009358_rank952,507,369,0.4712,518
ILSVRC2012_val_00002012_with_ILSVRC2012_val_00044941_rank434,557,912,0.10135,62
ILSVRC2012_val_00002012_with_ILSVRC2012_val_00039134_rank890,662,662,0.9611,0
ILSVRC2012_val_00002012_with_ILSVRC2012_val_00047871_rank433,329,329,0.90512,0
ILSVRC2012_val_00002012_with_ILSVRC2012_val_00014009_rank950,27,637,0.05925,430
ILSVRC2012_val_00002012_with_ILSVRC2012_val_00034979_rank792,440,440,0.94164,0
ILSVRC2012_val_00002012_with_ILSVRC2012_val_00006325_rank829,469,469,0.93771,0
ILSVRC2012_val_00002012_with_ILSVRC2012_val_00006722_rank448,149,149,0.85801,0
ILSVRC2012_val_00002012_with_ILSVRC2012_val_00040291_rank133,216,216,0.9327,0
ILSVRC2012_val_00002012_with_ILSVRC2012_val_00038713_rank939,996,996,0.89052,0
ILSVRC2012_val_00002012_with_ILSVRC2012_val_00008225_rank456,939,943,0.73692,1
ILSVRC2012_val_00002012_with_ILSVRC2012_val_00010104_rank536,933,933,0.38877,0
ILSVRC2012_val_00002012_with_ILSVRC2012_val_00046341_rank176,880,600,0.33698,178
ILSVRC2012_val_00002012_with_ILSVRC2012_val_00041270_rank194,413,413,0.82132,0
ILSVRC2012_val_00002012_with_ILSVRC2012_val_00017076_rank564,952,952,0.92996,0
ILSVRC2012_val_00002012_with_ILSVRC2012_val_00009467_rank853,720,448,0.34701,459
ILSVRC2012_val_00002012_with_ILSVRC2012_val_00022812_rank716,49,49,0.87714,0
ILSVRC2012_val_00002012_with_ILSVRC2012_val_00016021_rank444,417,417,0.93944,0
ILSVRC2012_val_00002012_with_ILSVRC2012_val_00020495_rank526,12,12,0.92439,0
ILSVRC2012_val_00002012_with_ILSVRC2012_val_00027883_rank245,649,825,0.43983,1
ILSVRC2012_val_00002012_with_ILSVRC2012_val_00013405_rank611,986,986,0.94436,0
ILSVRC2012_val_00002012_with_ILSVRC2012_val_00008939_rank142,228,228,0.94892,0
ILSVRC2012_val_00002012_with_ILSVRC2012_val_00015023_rank180,372,372,0.90344,0
ILSVRC2012_val_00002012_with_ILSVRC2012_val_00022445_rank380,439,439,0.14198,0
ILSVRC2012_val_00002012_with_ILSVRC2012_val_00028889_rank857,108,108,0.87117,0
ILSVRC2012_val_00002012_with_ILSVRC2012_val_00000367_rank997,592,592,0.89919,0
ILSVRC2012_val_00002012_with_ILSVRC2012_val_00030622_rank313,31,32,0.53778,1
ILSVRC2012_val_00002012_with_ILSVRC2012_val_00017735_rank073,257,257,0.83335,0
ILSVRC2012_val_00002012_with_ILSVRC2012_val_00028680_rank960,745,637,0.46162,323
ILSVRC2012_val_00002012_with_ILSVRC2012_val_00010941_rank043,280,280,0.90504,0
ILSVRC2012_val_00002012_with_ILSVRC2012_val_00011874_rank283,98,98,0.90805,0
ILSVRC2012_val_00002012_with_ILSVRC2012_val_00026131_rank799,840,840,0.95019,0
ILSVRC2012_val_00002012_with_ILSVRC2012_val_00049841_rank004,248,249,0.39773,2
ILSVRC2012_val_00002012_with_ILSVRC2012_val_00037065_rank473,931,931,0.91542,0
ILSVRC2012_val_00002012_with_ILSVRC2012_val_00014254_rank791,387,387,0.93888,0
ILSVRC2012_val_00002012_with_ILSVRC2012_val_00040958_rank857,108,328,0.32115,2
ILSVRC2012_val_00002012_with_ILSVRC2012_val_00010782_rank883,591,591,0.95302,0
ILSVRC2012_val_00002012_with_ILSVRC2012_val_00021414_rank361,558,558,0.43141,0
ILSVRC2012_val_00002012_with_ILSVRC2012_val_00043948_rank774,798,635,0.27181,4
ILSVRC2012_val_00002012_with_ILSVRC2012_val_00039713_rank388,610,610,0.89075,0
ILSVRC2012_val_00002012_with_ILSVRC2012_val_00031377_rank045,193,185,0.39046,4
ILSVRC2012_val_00002012_with_ILSVRC2012_val_00011756_rank294,353,353,0.90337,0
ILSVRC2012_val_00002012_with_ILSVRC2012_val_00023441_rank470,10,10,0.92808,0
ILSVRC2012_val_00002012_with_ILSVRC2012_val_00003375_rank419,44,26,0.51134,4
ILSVRC2012_val_00002012_with_ILSVRC2012_val_00036304_rank330,609,609,0.92152,0
ILSVRC2012_val_00002012_with_ILSVRC2012_val_00015049_rank203,693,472,0.93287,1
ILSVRC2012_val_00002012_with_ILSVRC2012_val_00013596_rank312,52,912,0.50212,74
ILSVRC2012_val_00002012_with_ILSVRC2012_val_00041920_rank220,468,468,0.43876,0
ILSVRC2012_val_00002012_with_ILSVRC2012_val_00010898_rank810,845,637,0.38062,528
ILSVRC2012_val_00002012_with_ILSVRC2012_val_00011446_rank309,17,17,0.93997,0
ILSVRC2012_val_00002012_with_ILSVRC2012_val_00048051_rank010,224,224,0.92661,0
ILSVRC2012_val_00002012_with_ILSVRC2012_val_00011517_rank650,39,39,0.89188,0
ILSVRC2012_val_00002012_with_ILSVRC2012_val_00032758_rank038,272,272,0.89173,0
ILSVRC2012_val_00002012_with_ILSVRC2012_val_00028264_rank053,270,269,0.4282,1
ILSVRC2012_val_00002012_with_ILSVRC2012_val_00037252_rank286,156,156,0.90015,0
ILSVRC2012_val_00002012_with_ILSVRC2012_val_00024934_rank409,863,514,0.48013,18
ILSVRC2012_val_00002012_with_ILSVRC2012_val_00035532_rank101,282,282,0.81679,0
ILSVRC2012_val_00002012_with_ILSVRC2012_val_00016254_rank074,277,277,0.92429,0
ILSVRC2012_val_00002012_with_ILSVRC2012_val_00018635_rank986,599,599,0.9464,0
ILSVRC2012_val_00002012_with_ILSVRC2012_val_00031803_rank804,947,947,0.8143,0
ILSVRC2012_val_00002012_with_ILSVRC2012_val_00013422_rank475,303,303,0.858,0
ILSVRC2012_val_00002012_with_ILSVRC2012_val_00021665_rank996,778,778,0.9328,0
ILSVRC2012_val_00002012_with_ILSVRC2012_val_00024481_rank630,904,904,0.94019,0
ILSVRC2012_val_00002012_with_ILSVRC2012_val_00013387_rank041,256,256,0.93652,0
ILSVRC2012_val_00002012_with_ILSVRC2012_val_00026459_rank972,804,626,0.2695,44
ILSVRC2012_val_00002012_with_ILSVRC2012_val_00017285_rank347,67,67,0.90893,0
ILSVRC2012_val_00002012_with_ILSVRC2012_val_00011043_rank464,343,176,0.15101,247
ILSVRC2012_val_00002012_with_ILSVRC2012_val_00008732_rank249,586,586,0.94703,0
ILSVRC2012_val_00002012_with_ILSVRC2012_val_00019748_rank341,791,791,0.9403,0
ILSVRC2012_val_00002012_with_ILSVRC2012_val_00005514_rank873,800,800,0.88494,0
ILSVRC2012_val_00002012_with_ILSVRC2012_val_00026032_rank444,417,417,0.89868,0
ILSVRC2012_val_00002012_with_ILSVRC2012_val_00045511_rank714,563,563,0.92961,0
ILSVRC2012_val_00002012_with_ILSVRC2012_val_00038921_rank901,861,861,0.70422,0
ILSVRC2012_val_00002012_with_ILSVRC2012_val_00026682_rank947,784,784,0.40532,0
ILSVRC2012_val_00002012_with_ILSVRC2012_val_00042139_rank494,723,723,0.93612,0
ILSVRC2012_val_00002012_with_ILSVRC2012_val_00003722_rank314,40,40,0.73763,0
ILSVRC2012_val_00002012_with_ILSVRC2012_val_00026683_rank592,146,146,0.89364,0
ILSVRC2012_val_00002012_with_ILSVRC2012_val_00046926_rank919,886,886,0.91276,0
ILSVRC2012_val_00002012_with_ILSVRC2012_val_00027807_rank002,225,225,0.92882,0
ILSVRC2012_val_00002012_with_ILSVRC2012_val_00047233_rank436,567,567,0.94308,0
ILSVRC2012_val_00002012_with_ILSVRC2012_val_00016142_rank519,559,559,0.89436,0
ILSVRC2012_val_00002012_with_ILSVRC2012_val_00047800_rank271,358,358,0.75183,0
ILSVRC2012_val_00002012_with_ILSVRC2012_val_00023553_rank105,154,154,0.81046,0
ILSVRC2012_val_00002012_with_ILSVRC2012_val_00003338_rank576,474,474,0.74622,0
ILSVRC2012_val_00002012_with_ILSVRC2012_val_00015261_rank696,927,927,0.94135,0
ILSVRC2012_val_00002012_with_ILSVRC2012_val_00025806_rank297,18,18,0.5998,0
ILSVRC2012_val_00002012_with_ILSVRC2012_val_00047122_rank888,75,73,0.39264,1
ILSVRC2012_val_00002012_with_ILSVRC2012_val_00038540_rank871,809,924,0.65423,9
ILSVRC2012_val_00002012_with_ILSVRC2012_val_00000093_rank254,366,366,0.91381,0
ILSVRC2012_val_00002012_with_ILSVRC2012_val_00019245_rank685,314,314,0.8484,0
ILSVRC2012_val_00002012_with_ILSVRC2012_val_00043007_rank075,180,180,0.73794,0
ILSVRC2012_val_00002012_with_ILSVRC2012_val_00003947_rank224,356,356,0.87844,0
ILSVRC2012_val_00002012_with_ILSVRC2012_val_00047696_rank879,88,88,0.93049,0
ILSVRC2012_val_00002012_with_ILSVRC2012_val_00029268_rank320,875,420,0.7945,9
ILSVRC2012_val_00002012_with_ILSVRC2012_val_00027921_rank574,66,293,0.50954,165
ILSVRC2012_val_00002012_with_ILSVRC2012_val_00040776_rank645,36,36,0.89854,0
ILSVRC2012_val_00002012_with_ILSVRC2012_val_00036906_rank146,870,870,0.9322,0
ILSVRC2012_val_00002012_with_ILSVRC2012_val_00009269_rank175,701,797,0.15321,12
ILSVRC2012_val_00002012_with_ILSVRC2012_val_00018550_rank083,187,187,0.76499,0
ILSVRC2012_val_00002012_with_ILSVRC2012_val_00019688_rank696,927,927,0.92496,0
ILSVRC2012_val_00002012_with_ILSVRC2012_val_00017486_rank101,282,263,0.36881,19
ILSVRC2012_val_00002012_with_ILSVRC2012_val_00026793_rank491,38,38,0.89634,0
ILSVRC2012_val_00002012_with_ILSVRC2012_val_00043469_rank699,590,590,0.9182,0
ILSVRC2012_val_00002012_with_ILSVRC2012_val_00041692_rank485,579,579,0.91141,0
ILSVRC2012_val_00002012_with_ILSVRC2012_val_00030496_rank524,707,707,0.89236,0
ILSVRC2012_val_00002012_with_ILSVRC2012_val_00041529_rank274,153,226,0.28392,97
ILSVRC2012_val_00002012_with_ILSVRC2012_val_00035321_rank102,218,218,0.94073,0
ILSVRC2012_val_00002012_with_ILSVRC2012_val_00031162_rank739,813,813,0.66261,0
ILSVRC2012_val_00002012_with_ILSVRC2012_val_00025306_rank684,767,767,0.91377,0
ILSVRC2012_val_00002012_with_ILSVRC2012_val_00028456_rank447,735,735,0.89922,0
ILSVRC2012_val_00002012_with_ILSVRC2012_val_00034356_rank011,163,163,0.95075,0
ILSVRC2012_val_00002012_with_ILSVRC2012_val_00024032_rank914,934,934,0.94366,0
ILSVRC2012_val_00002012_with_ILSVRC2012_val_00021673_rank978,710,637,0.36478,67
ILSVRC2012_val_00002012_with_ILSVRC2012_val_00026422_rank169,362,362,0.93175,0
ILSVRC2012_val_00002012_with_ILSVRC2012_val_00042373_rank843,773,773,0.84125,0
ILSVRC2012_val_00002012_with_ILSVRC2012_val_00021143_rank983,748,518,0.40239,342
ILSVRC2012_val_00002012_with_ILSVRC2012_val_00012554_rank693,132,134,0.62233,3
ILSVRC2012_val_00002012_with_ILSVRC2012_val_00033730_rank385,733,410,0.68757,648
ILSVRC2012_val_00002012_with_ILSVRC2012_val_00033375_rank174,929,929,0.95205,0
ILSVRC2012_val_00002012_with_ILSVRC2012_val_00002234_rank082,241,241,0.81174,0
ILSVRC2012_val_00002012_with_ILSVRC2012_val_00029235_rank373,463,463,0.94766,0
ILSVRC2012_val_00002012_with_ILSVRC2012_val_00027525_rank913,846,412,0.28809,403
ILSVRC2012_val_00002012_with_ILSVRC2012_val_00033384_rank927,937,937,0.93436,0
ILSVRC2012_val_00002012_with_ILSVRC2012_val_00044119_rank543,145,145,0.94056,0
ILSVRC2012_val_00002012_with_ILSVRC2012_val_00035182_rank116,195,195,0.92854,0
ILSVRC2012_val_00002012_with_ILSVRC2012_val_00027411_rank596,871,895,0.20817,18
ILSVRC2012_val_00002012_with_ILSVRC2012_val_00021824_rank944,968,849,0.54303,6
ILSVRC2012_val_00002012_with_ILSVRC2012_val_00044583_rank568,587,587,0.83812,0
ILSVRC2012_val_00002012_with_ILSVRC2012_val_00023285_rank086,172,172,0.88661,0
ILSVRC2012_val_00002012_with_ILSVRC2012_val_00017677_rank489,312,312,0.57836,0
ILSVRC2012_val_00002012_with_ILSVRC2012_val_00021072_rank520,315,315,0.2926,0
ILSVRC2012_val_00002012_with_ILSVRC2012_val_00025793_rank693,132,134,0.88227,3
ILSVRC2012_val_00002012_with_ILSVRC2012_val_00014019_rank315,510,510,0.93401,0
ILSVRC2012_val_00002012_with_ILSVRC2012_val_00033388_rank373,463,463,0.94555,0
ILSVRC2012_val_00002012_with_ILSVRC2012_val_00045014_rank434,557,912,0.44758,62
ILSVRC2012_val_00002012_with_ILSVRC2012_val_00034125_rank677,48,48,0.81758,0
ILSVRC2012_val_00002012_with_ILSVRC2012_val_00009891_rank647,443,443,0.93348,0
ILSVRC2012_val_00002012_with_ILSVRC2012_val_00041538_rank079,331,331,0.92552,0
ILSVRC2012_val_00002012_with_ILSVRC2012_val_00021012_rank212,495,495,0.49978,0
ILSVRC2012_val_00002012_with_ILSVRC2012_val_00008728_rank931,635,635,0.49927,0
ILSVRC2012_val_00002012_with_ILSVRC2012_val_00022351_rank352,304,303,0.2914,4
ILSVRC2012_val_00002012_with_ILSVRC2012_val_00042041_rank986,599,599,0.86459,0
ILSVRC2012_val_00002012_with_ILSVRC2012_val_00030719_rank722,55,55,0.82638,0
ILSVRC2012_val_00002012_with_ILSVRC2012_val_00012348_rank139,621,621,0.94726,0
ILSVRC2012_val_00002012_with_ILSVRC2012_val_00015116_rank112,215,216,0.90085,6
ILSVRC2012_val_00002012_with_ILSVRC2012_val_00014401_rank996,778,778,0.9203,0
ILSVRC2012_val_00002012_with_ILSVRC2012_val_00038041_rank995,749,912,0.04724,939
ILSVRC2012_val_00002012_with_ILSVRC2012_val_00005056_rank328,43,912,0.17912,173
ILSVRC2012_val_00002012_with_ILSVRC2012_val_00027628_rank597,708,708,0.69058,0
ILSVRC2012_val_00002012_with_ILSVRC2012_val_00009665_rank703,112,112,0.63249,0
ILSVRC2012_val_00002012_with_ILSVRC2012_val_00017577_rank526,12,12,0.91141,0
ILSVRC2012_val_00002012_with_ILSVRC2012_val_00023484_rank467,751,751,0.90631,0
ILSVRC2012_val_00002012_with_ILSVRC2012_val_00003065_rank785,713,713,0.92858,0
ILSVRC2012_val_00002012_with_ILSVRC2012_val_00024268_rank106,9,9,0.9274,0
ILSVRC2012_val_00002012_with_ILSVRC2012_val_00004743_rank886,898,585,0.48886,9
ILSVRC2012_val_00002012_with_ILSVRC2012_val_00001574_rank301,658,658,0.93144,0
ILSVRC2012_val_00002012_with_ILSVRC2012_val_00031701_rank515,824,474,0.51098,2
ILSVRC2012_val_00002012_with_ILSVRC2012_val_00011369_rank693,132,132,0.79629,0
ILSVRC2012_val_00002012_with_ILSVRC2012_val_00031491_rank155,341,341,0.9321,0
ILSVRC2012_val_00002012_with_ILSVRC2012_val_00020745_rank960,745,745,0.92619,0
ILSVRC2012_val_00002012_with_ILSVRC2012_val_00016356_rank925,617,617,0.87346,0
ILSVRC2012_val_00002012_with_ILSVRC2012_val_00041811_rank597,708,708,0.3141,0
ILSVRC2012_val_00002012_with_ILSVRC2012_val_00012406_rank749,334,334,0.89689,0
ILSVRC2012_val_00002012_with_ILSVRC2012_val_00043596_rank628,941,941,0.78295,0
ILSVRC2012_val_00002012_with_ILSVRC2012_val_00045704_rank689,943,943,0.90846,0
ILSVRC2012_val_00002012_with_ILSVRC2012_val_00042807_rank553,695,695,0.31956,0
ILSVRC2012_val_00002012_with_ILSVRC2012_val_00041816_rank225,532,532,0.75933,0
ILSVRC2012_val_00002012_with_ILSVRC2012_val_00036863_rank794,328,328,0.56927,0
ILSVRC2012_val_00002012_with_ILSVRC2012_val_00045050_rank748,644,470,0.89759,2
ILSVRC2012_val_00002012_with_ILSVRC2012_val_00005158_rank814,319,319,0.81043,0
ILSVRC2012_val_00002012_with_ILSVRC2012_val_00001513_rank819,345,345,0.89158,0
ILSVRC2012_val_00002012_with_ILSVRC2012_val_00045338_rank198,50,51,0.14798,50
ILSVRC2012_val_00002012_with_ILSVRC2012_val_00027604_rank870,769,637,0.48439,326
ILSVRC2012_val_00002012_with_ILSVRC2012_val_00001646_rank092,254,254,0.94724,0
ILSVRC2012_val_00002012_with_ILSVRC2012_val_00002678_rank345,147,649,0.81669,46
ILSVRC2012_val_00002012_with_ILSVRC2012_val_00005576_rank623,20,20,0.884,0
ILSVRC2012_val_00002012_with_ILSVRC2012_val_00003664_rank772,955,947,0.59452,67
ILSVRC2012_val_00002012_with_ILSVRC2012_val_00042545_rank519,559,559,0.89455,0
ILSVRC2012_val_00002012_with_ILSVRC2012_val_00010173_rank324,288,290,0.67995,2
ILSVRC2012_val_00002012_with_ILSVRC2012_val_00012553_rank368,42,42,0.91551,0
ILSVRC2012_val_00002012_with_ILSVRC2012_val_00018769_rank359,951,951,0.84569,0
ILSVRC2012_val_00002012_with_ILSVRC2012_val_00018016_rank117,378,378,0.90669,0
ILSVRC2012_val_00002012_with_ILSVRC2012_val_00002800_rank635,842,735,0.39951,149
ILSVRC2012_val_00002012_with_ILSVRC2012_val_00003191_rank423,306,306,0.37758,0
ILSVRC2012_val_00002012_with_ILSVRC2012_val_00001144_rank662,569,569,0.92154,0
ILSVRC2012_val_00002012_with_ILSVRC2012_val_00027005_rank619,6,947,0.09581,176
ILSVRC2012_val_00002012_with_ILSVRC2012_val_00000706_rank790,419,807,0.21078,725
ILSVRC2012_val_00002012_with_ILSVRC2012_val_00026374_rank155,341,341,0.73765,0
ILSVRC2012_val_00002012_with_ILSVRC2012_val_00002555_rank115,768,768,0.75004,0
ILSVRC2012_val_00002012_with_ILSVRC2012_val_00043239_rank899,677,677,0.32618,0
ILSVRC2012_val_00002012_with_ILSVRC2012_val_00045423_rank729,832,832,0.92936,0
ILSVRC2012_val_00002012_with_ILSVRC2012_val_00043320_rank401,807,807,0.92795,0
ILSVRC2012_val_00002012_with_ILSVRC2012_val_00011894_rank497,94,94,0.918,0
ILSVRC2012_val_00002012_with_ILSVRC2012_val_00047763_rank584,890,890,0.80715,0
ILSVRC2012_val_00002012_with_ILSVRC2012_val_00022306_rank624,545,545,0.9227,0
ILSVRC2012_val_00002012_with_ILSVRC2012_val_00040563_rank957,28,28,0.91149,0
ILSVRC2012_val_00002012_with_ILSVRC2012_val_00028256_rank826,922,922,0.64099,0
ILSVRC2012_val_00002012_with_ILSVRC2012_val_00007004_rank637,895,895,0.92817,0
ILSVRC2012_val_00002012_with_ILSVRC2012_val_00045365_rank597,708,912,0.34856,201
ILSVRC2012_val_00002012_with_ILSVRC2012_val_00047200_rank616,698,698,0.39642,0
ILSVRC2012_val_00002012_with_ILSVRC2012_val_00016117_rank152,381,381,0.16876,0
ILSVRC2012_val_00002012_with_ILSVRC2012_val_00008109_rank508,497,448,0.8504,36
ILSVRC2012_val_00002012_with_ILSVRC2012_val_00049949_rank306,602,912,0.13174,239
ILSVRC2012_val_00002012_with_ILSVRC2012_val_00014542_rank014,250,250,0.622,0
ILSVRC2012_val_00002012_with_ILSVRC2012_val_00004473_rank599,910,912,0.08389,960
ILSVRC2012_val_00002012_with_ILSVRC2012_val_00003572_rank423,306,306,0.93644,0
ILSVRC2012_val_00002012_with_ILSVRC2012_val_00030087_rank027,214,214,0.84308,0
ILSVRC2012_val_00002012_with_ILSVRC2012_val_00023911_rank843,773,883,0.2105,13
ILSVRC2012_val_00002012_with_ILSVRC2012_val_00040103_rank404,85,80,0.08485,27
ILSVRC2012_val_00002012_with_ILSVRC2012_val_00043978_rank452,46,912,0.07937,527
ILSVRC2012_val_00002012_with_ILSVRC2012_val_00044112_rank761,61,62,0.46993,1
ILSVRC2012_val_00002012_with_ILSVRC2012_val_00019978_rank259,289,289,0.89443,0
ILSVRC2012_val_00002012_with_ILSVRC2012_val_00005102_rank461,576,576,0.85497,0
ILSVRC2012_val_00002012_with_ILSVRC2012_val_00034309_rank973,868,868,0.77354,0
ILSVRC2012_val_00002012_with_ILSVRC2012_val_00030625_rank447,735,735,0.81639,0
ILSVRC2012_val_00002012_with_ILSVRC2012_val_00042357_rank038,272,272,0.85566,0
ILSVRC2012_val_00002012_with_ILSVRC2012_val_00019664_rank483,324,324,0.91545,0
ILSVRC2012_val_00002012_with_ILSVRC2012_val_00030120_rank812,815,73,0.61138,2
ILSVRC2012_val_00002012_with_ILSVRC2012_val_00031662_rank375,959,959,0.90257,0
ILSVRC2012_val_00002012_with_ILSVRC2012_val_00019555_rank365,994,994,0.86945,0
ILSVRC2012_val_00002012_with_ILSVRC2012_val_00014332_rank113,253,253,0.93909,0
ILSVRC2012_val_00002012_with_ILSVRC2012_val_00026946_rank255,491,491,0.8753,0
ILSVRC2012_val_00002012_with_ILSVRC2012_val_00029026_rank610,971,822,0.26059,184
ILSVRC2012_val_00002012_with_ILSVRC2012_val_00026224_rank527,705,705,0.78112,0
ILSVRC2012_val_00002012_with_ILSVRC2012_val_00036994_rank336,489,381,0.90809,440
ILSVRC2012_val_00002012_with_ILSVRC2012_val_00010123_rank120,344,279,0.05955,149
ILSVRC2012_val_00002012_with_ILSVRC2012_val_00009578_rank047,271,272,0.872,2
ILSVRC2012_val_00002012_with_ILSVRC2012_val_00016853_rank271,358,359,0.54199,2
ILSVRC2012_val_00002012_with_ILSVRC2012_val_00049352_rank163,99,99,0.92941,0
ILSVRC2012_val_00002012_with_ILSVRC2012_val_00041074_rank392,492,492,0.94026,0
ILSVRC2012_val_00002012_with_ILSVRC2012_val_00047186_rank272,518,518,0.94092,0
ILSVRC2012_val_00002012_with_ILSVRC2012_val_00045785_rank454,16,16,0.87896,0
ILSVRC2012_val_00002012_with_ILSVRC2012_val_00005761_rank117,378,378,0.92294,0
ILSVRC2012_val_00002012_with_ILSVRC2012_val_00011419_rank625,393,393,0.81211,0
ILSVRC2012_val_00002012_with_ILSVRC2012_val_00003472_rank979,134,134,0.92254,0
ILSVRC2012_val_00002012_with_ILSVRC2012_val_00041898_rank748,644,644,0.89751,0
ILSVRC2012_val_00002012_with_ILSVRC2012_val_00030875_rank951,964,567,0.12014,23
ILSVRC2012_val_00002012_with_ILSVRC2012_val_00044955_rank216,834,432,0.85734,28
ILSVRC2012_val_00002012_with_ILSVRC2012_val_00019569_rank340,308,308,0.86563,0
ILSVRC2012_val_00002012_with_ILSVRC2012_val_00019000_rank545,752,428,0.095,730
ILSVRC2012_val_00002012_with_ILSVRC2012_val_00003352_rank780,549,637,0.3679,38
ILSVRC2012_val_00002012_with_ILSVRC2012_val_00000163_rank834,647,647,0.9265,0
ILSVRC2012_val_00002012_with_ILSVRC2012_val_00007286_rank460,641,577,0.87616,12
ILSVRC2012_val_00002012_with_ILSVRC2012_val_00035920_rank429,608,596,0.11806,359
ILSVRC2012_val_00002012_with_ILSVRC2012_val_00014303_rank683,669,669,0.77586,0
ILSVRC2012_val_00002012_with_ILSVRC2012_val_00013661_rank625,393,393,0.8644,0
ILSVRC2012_val_00002012_with_ILSVRC2012_val_00022276_rank565,864,864,0.68268,0
ILSVRC2012_val_00002012_with_ILSVRC2012_val_00030368_rank116,195,195,0.33716,0
ILSVRC2012_val_00002012_with_ILSVRC2012_val_00020708_rank053,270,270,0.70434,0
ILSVRC2012_val_00002012_with_ILSVRC2012_val_00010364_rank403,627,627,0.93473,0
ILSVRC2012_val_00002012_with_ILSVRC2012_val_00036796_rank082,241,238,0.71142,2
ILSVRC2012_val_00002012_with_ILSVRC2012_val_00024945_rank696,927,927,0.92607,0
ILSVRC2012_val_00002012_with_ILSVRC2012_val_00034767_rank857,108,102,0.0955,98
ILSVRC2012_val_00002012_with_ILSVRC2012_val_00022283_rank043,280,280,0.87287,0
ILSVRC2012_val_00002012_with_ILSVRC2012_val_00041615_rank988,614,614,0.91331,0
ILSVRC2012_val_00002012_with_ILSVRC2012_val_00025141_rank625,393,393,0.91662,0
ILSVRC2012_val_00002012_with_ILSVRC2012_val_00027424_rank886,898,898,0.84584,0
ILSVRC2012_val_00002012_with_ILSVRC2012_val_00004741_rank954,550,550,0.41652,0
ILSVRC2012_val_00002012_with_ILSVRC2012_val_00031674_rank645,36,36,0.81598,0
ILSVRC2012_val_00002012_with_ILSVRC2012_val_00040203_rank477,80,80,0.90442,0
ILSVRC2012_val_00002012_with_ILSVRC2012_val_00018872_rank023,269,269,0.80491,0
ILSVRC2012_val_00002012_with_ILSVRC2012_val_00011608_rank934,818,632,0.29125,6
ILSVRC2012_val_00002012_with_ILSVRC2012_val_00022136_rank710,414,637,0.23836,70
ILSVRC2012_val_00002012_with_ILSVRC2012_val_00005439_rank446,399,501,0.44172,1
ILSVRC2012_val_00002012_with_ILSVRC2012_val_00012696_rank742,915,448,0.65951,41
ILSVRC2012_val_00002012_with_ILSVRC2012_val_00025933_rank895,459,459,0.95714,0
ILSVRC2012_val_00002012_with_ILSVRC2012_val_00001984_rank351,675,675,0.91118,0
ILSVRC2012_val_00002012_with_ILSVRC2012_val_00030012_rank686,113,113,0.59422,0
ILSVRC2012_val_00002012_with_ILSVRC2012_val_00015394_rank442,466,466,0.86861,0
ILSVRC2012_val_00002012_with_ILSVRC2012_val_00042284_rank534,59,59,0.71485,0
ILSVRC2012_val_00002012_with_ILSVRC2012_val_00004197_rank335,919,859,0.14438,868
ILSVRC2012_val_00002012_with_ILSVRC2012_val_00049168_rank423,306,178,0.31947,625
ILSVRC2012_val_00002012_with_ILSVRC2012_val_00015185_rank624,545,545,0.90915,0
ILSVRC2012_val_00002012_with_ILSVRC2012_val_00036654_rank848,714,714,0.94504,0
ILSVRC2012_val_00002012_with_ILSVRC2012_val_00012414_rank749,334,334,0.90455,0
ILSVRC2012_val_00002012_with_ILSVRC2012_val_00028950_rank552,478,637,0.88432,32
ILSVRC2012_val_00002012_with_ILSVRC2012_val_00003252_rank913,846,846,0.50927,0
ILSVRC2012_val_00002012_with_ILSVRC2012_val_00021628_rank341,791,791,0.86679,0
ILSVRC2012_val_00002012_with_ILSVRC2012_val_00041291_rank207,523,523,0.6224,0
ILSVRC2012_val_00002012_with_ILSVRC2012_val_00033742_rank667,992,992,0.72842,0
ILSVRC2012_val_00002012_with_ILSVRC2012_val_00025849_rank975,530,781,0.74515,4
ILSVRC2012_val_00002012_with_ILSVRC2012_val_00022937_rank452,46,46,0.53157,0
ILSVRC2012_val_00002012_with_ILSVRC2012_val_00002882_rank041,256,256,0.93965,0
ILSVRC2012_val_00002012_with_ILSVRC2012_val_00040586_rank882,115,443,0.15482,428
ILSVRC2012_val_00002012_with_ILSVRC2012_val_00001985_rank638,120,120,0.94859,0
ILSVRC2012_val_00002012_with_ILSVRC2012_val_00027576_rank095,292,292,0.5373,0
ILSVRC2012_val_00002012_with_ILSVRC2012_val_00025677_rank067,259,259,0.90392,0
ILSVRC2012_val_00002012_with_ILSVRC2012_val_00001207_rank700,654,654,0.90948,0
ILSVRC2012_val_00002012_with_ILSVRC2012_val_00046273_rank040,164,210,0.29522,3
ILSVRC2012_val_00002012_with_ILSVRC2012_val_00009002_rank423,306,306,0.9251,0
ILSVRC2012_val_00002012_with_ILSVRC2012_val_00020600_rank369,777,428,0.48742,847
ILSVRC2012_val_00002012_with_ILSVRC2012_val_00046297_rank054,281,281,0.61966,0
ILSVRC2012_val_00002012_with_ILSVRC2012_val_00034174_rank276,63,63,0.92396,0
ILSVRC2012_val_00002012_with_ILSVRC2012_val_00027780_rank002,225,225,0.93919,0
ILSVRC2012_val_00002012_with_ILSVRC2012_val_00022158_rank265,661,661,0.89498,0
ILSVRC2012_val_00002012_with_ILSVRC2012_val_00026465_rank309,17,17,0.93284,0
ILSVRC2012_val_00002012_with_ILSVRC2012_val_00032444_rank931,635,635,0.96973,0
ILSVRC2012_val_00002012_with_ILSVRC2012_val_00047896_rank098,245,245,0.92214,0
ILSVRC2012_val_00002012_with_ILSVRC2012_val_00044666_rank024,676,676,0.9351,0
ILSVRC2012_val_00002012_with_ILSVRC2012_val_00021337_rank615,78,78,0.9162,0
ILSVRC2012_val_00002012_with_ILSVRC2012_val_00047428_rank447,735,735,0.88267,0
ILSVRC2012_val_00002012_with_ILSVRC2012_val_00014097_rank346,143,99,0.19241,19
ILSVRC2012_val_00002012_with_ILSVRC2012_val_00017393_rank961,326,326,0.89222,0
ILSVRC2012_val_00002012_with_ILSVRC2012_val_00023845_rank263,574,574,0.7088,0
ILSVRC2012_val_00002012_with_ILSVRC2012_val_00048884_rank920,456,456,0.83755,0
ILSVRC2012_val_00002012_with_ILSVRC2012_val_00039070_rank809,426,426,0.92567,0
ILSVRC2012_val_00002012_with_ILSVRC2012_val_00035146_rank669,664,664,0.33552,0
ILSVRC2012_val_00002012_with_ILSVRC2012_val_00039964_rank868,82,82,0.78606,0
ILSVRC2012_val_00002012_with_ILSVRC2012_val_00027748_rank494,723,723,0.92261,0
ILSVRC2012_val_00002012_with_ILSVRC2012_val_00035553_rank162,183,183,0.83269,0
ILSVRC2012_val_00002012_with_ILSVRC2012_val_00022109_rank089,239,239,0.80894,0
ILSVRC2012_val_00002012_with_ILSVRC2012_val_00028816_rank695,914,410,0.14936,393
ILSVRC2012_val_00002012_with_ILSVRC2012_val_00013264_rank166,373,373,0.77745,0
ILSVRC2012_val_00002012_with_ILSVRC2012_val_00038320_rank835,596,499,0.27875,2
ILSVRC2012_val_00002012_with_ILSVRC2012_val_00018511_rank578,130,130,0.94133,0
ILSVRC2012_val_00002012_with_ILSVRC2012_val_00039292_rank517,753,753,0.91793,0
ILSVRC2012_val_00002012_with_ILSVRC2012_val_00025885_rank944,968,721,0.82232,92
ILSVRC2012_val_00002012_with_ILSVRC2012_val_00004345_rank304,24,24,0.92215,0
ILSVRC2012_val_00002012_with_ILSVRC2012_val_00037937_rank929,711,711,0.6884,0
ILSVRC2012_val_00002012_with_ILSVRC2012_val_00031260_rank457,380,380,0.40727,0
ILSVRC2012_val_00002012_with_ILSVRC2012_val_00024219_rank324,288,288,0.83583,0
ILSVRC2012_val_00002012_with_ILSVRC2012_val_00019505_rank733,666,666,0.68463,0
ILSVRC2012_val_00002012_with_ILSVRC2012_val_00022143_rank481,722,722,0.91345,0
ILSVRC2012_val_00002012_with_ILSVRC2012_val_00043336_rank487,803,803,0.76605,0
ILSVRC2012_val_00002012_with_ILSVRC2012_val_00028164_rank552,478,478,0.71482,0
ILSVRC2012_val_00002012_with_ILSVRC2012_val_00046990_rank760,889,365,0.14705,746
ILSVRC2012_val_00002012_with_ILSVRC2012_val_00025513_rank630,904,807,0.62079,7
ILSVRC2012_val_00002012_with_ILSVRC2012_val_00009539_rank053,270,269,0.44119,1
ILSVRC2012_val_00002012_with_ILSVRC2012_val_00015534_rank513,697,697,0.86127,0
ILSVRC2012_val_00002012_with_ILSVRC2012_val_00040495_rank332,755,755,0.75747,0
ILSVRC2012_val_00002012_with_ILSVRC2012_val_00043605_rank076,238,239,0.81136,2
ILSVRC2012_val_00002012_with_ILSVRC2012_val_00028806_rank876,928,928,0.91515,0
ILSVRC2012_val_00002012_with_ILSVRC2012_val_00004475_rank268,802,802,0.90913,0
ILSVRC2012_val_00002012_with_ILSVRC2012_val_00021249_rank052,230,231,0.63516,1
ILSVRC2012_val_00002012_with_ILSVRC2012_val_00029126_rank250,290,290,0.92202,0
ILSVRC2012_val_00002012_with_ILSVRC2012_val_00019783_rank681,989,989,0.92244,0
ILSVRC2012_val_00002012_with_ILSVRC2012_val_00031219_rank092,254,254,0.90314,0
ILSVRC2012_val_00002012_with_ILSVRC2012_val_00006431_rank088,276,276,0.92329,0
ILSVRC2012_val_00002012_with_ILSVRC2012_val_00040364_rank807,437,440,0.12132,220
ILSVRC2012_val_00002012_with_ILSVRC2012_val_00037772_rank153,354,354,0.90593,0
ILSVRC2012_val_00002012_with_ILSVRC2012_val_00030041_rank882,115,115,0.63827,0
ILSVRC2012_val_00002012_with_ILSVRC2012_val_00002252_rank784,932,932,0.92753,0
ILSVRC2012_val_00002012_with_ILSVRC2012_val_00022541_rank577,517,517,0.84958,0
ILSVRC2012_val_00002012_with_ILSVRC2012_val_00020649_rank708,313,313,0.16488,0
ILSVRC2012_val_00002012_with_ILSVRC2012_val_00037158_rank935,771,771,0.9117,0
ILSVRC2012_val_00002012_with_ILSVRC2012_val_00000103_rank308,872,872,0.59897,0
ILSVRC2012_val_00002012_with_ILSVRC2012_val_00007905_rank667,992,992,0.75614,0
ILSVRC2012_val_00002012_with_ILSVRC2012_val_00001673_rank953,874,874,0.54626,0
ILSVRC2012_val_00002012_with_ILSVRC2012_val_00041408_rank640,894,894,0.90583,0
ILSVRC2012_val_00002012_with_ILSVRC2012_val_00015763_rank181,825,825,0.93175,0
ILSVRC2012_val_00002012_with_ILSVRC2012_val_00045648_rank498,74,815,0.4654,3
ILSVRC2012_val_00002012_with_ILSVRC2012_val_00024202_rank167,981,429,0.8985,1
ILSVRC2012_val_00002012_with_ILSVRC2012_val_00039871_rank973,868,953,0.12568,98
ILSVRC2012_val_00002012_with_ILSVRC2012_val_00032280_rank080,267,181,0.77614,4
ILSVRC2012_val_00002012_with_ILSVRC2012_val_00028216_rank899,677,677,0.93355,0
ILSVRC2012_val_00002012_with_ILSVRC2012_val_00001854_rank449,759,759,0.87068,0
ILSVRC2012_val_00002012_with_ILSVRC2012_val_00037298_rank504,902,902,0.92976,0
ILSVRC2012_val_00002012_with_ILSVRC2012_val_00004965_rank430,118,428,0.14781,488
ILSVRC2012_val_00002012_with_ILSVRC2012_val_00049335_rank806,746,912,0.34876,610
ILSVRC2012_val_00002012_with_ILSVRC2012_val_00021098_rank516,954,950,0.54144,1
ILSVRC2012_val_00002012_with_ILSVRC2012_val_00012982_rank182,389,389,0.61672,0
ILSVRC2012_val_00002012_with_ILSVRC2012_val_00021206_rank159,184,184,0.82857,0
ILSVRC2012_val_00002012_with_ILSVRC2012_val_00001360_rank164,346,346,0.87957,0
ILSVRC2012_val_00002012_with_ILSVRC2012_val_00012653_rank731,873,873,0.9093,0
ILSVRC2012_val_00002012_with_ILSVRC2012_val_00032815_rank230,471,471,0.85025,0
ILSVRC2012_val_00002012_with_ILSVRC2012_val_00040289_rank152,381,374,0.62815,7
ILSVRC2012_val_00002012_with_ILSVRC2012_val_00047202_rank127,157,157,0.93953,0
ILSVRC2012_val_00002012_with_ILSVRC2012_val_00035409_rank489,312,73,0.35884,39
ILSVRC2012_val_00002012_with_ILSVRC2012_val_00023644_rank823,862,132,0.51926,311
ILSVRC2012_val_00002012_with_ILSVRC2012_val_00032569_rank566,663,913,0.87805,56
ILSVRC2012_val_00002012_with_ILSVRC2012_val_00023307_rank088,276,276,0.91585,0
ILSVRC2012_val_00002012_with_ILSVRC2012_val_00012503_rank269,0,912,0.09468,383
ILSVRC2012_val_00002012_with_ILSVRC2012_val_00020803_rank182,389,389,0.91508,0
ILSVRC2012_val_00002012_with_ILSVRC2012_val_00004490_rank953,874,874,0.47987,0
ILSVRC2012_val_00002012_with_ILSVRC2012_val_00009921_rank054,281,285,0.73218,2
ILSVRC2012_val_00002012_with_ILSVRC2012_val_00018203_rank773,828,828,0.32689,0
ILSVRC2012_val_00002012_with_ILSVRC2012_val_00019142_rank292,699,699,0.89534,0
ILSVRC2012_val_00002012_with_ILSVRC2012_val_00035773_rank817,642,642,0.94706,0
ILSVRC2012_val_00002012_with_ILSVRC2012_val_00049344_rank011,163,234,0.59014,12
ILSVRC2012_val_00002012_with_ILSVRC2012_val_00035739_rank773,828,828,0.91133,0
ILSVRC2012_val_00002012_with_ILSVRC2012_val_00040475_rank923,936,936,0.91939,0
ILSVRC2012_val_00002012_with_ILSVRC2012_val_00015507_rank541,408,847,0.32943,1
ILSVRC2012_val_00002012_with_ILSVRC2012_val_00047690_rank038,272,355,0.30573,151
ILSVRC2012_val_00002012_with_ILSVRC2012_val_00019316_rank913,846,619,0.59614,1
ILSVRC2012_val_00002012_with_ILSVRC2012_val_00021181_rank104,355,355,0.90137,0
ILSVRC2012_val_00002012_with_ILSVRC2012_val_00038908_rank742,915,915,0.92455,0
ILSVRC2012_val_00002012_with_ILSVRC2012_val_00018999_rank390,483,448,0.13029,101
ILSVRC2012_val_00002012_with_ILSVRC2012_val_00035609_rank072,176,176,0.95975,0
ILSVRC2012_val_00002012_with_ILSVRC2012_val_00001740_rank239,327,327,0.91029,0
ILSVRC2012_val_00002012_with_ILSVRC2012_val_00003934_rank506,457,637,0.48703,809
ILSVRC2012_val_00002012_with_ILSVRC2012_val_00034933_rank189,219,219,0.85906,0
ILSVRC2012_val_00002012_with_ILSVRC2012_val_00002990_rank597,708,708,0.55467,0
ILSVRC2012_val_00002012_with_ILSVRC2012_val_00007901_rank910,485,761,0.92268,8
ILSVRC2012_val_00002012_with_ILSVRC2012_val_00008566_rank554,87,87,0.93181,0
ILSVRC2012_val_00002012_with_ILSVRC2012_val_00036125_rank158,21,21,0.932,0
ILSVRC2012_val_00002012_with_ILSVRC2012_val_00008000_rank190,200,200,0.88693,0
ILSVRC2012_val_00002012_with_ILSVRC2012_val_00028271_rank809,426,426,0.94002,0
ILSVRC2012_val_00002012_with_ILSVRC2012_val_00020403_rank063,167,167,0.46357,0
ILSVRC2012_val_00002012_with_ILSVRC2012_val_00023620_rank129,251,251,0.93545,0
ILSVRC2012_val_00002012_with_ILSVRC2012_val_00012853_rank763,26,40,0.23749,19
ILSVRC2012_val_00002012_with_ILSVRC2012_val_00003196_rank017,231,231,0.84632,0
ILSVRC2012_val_00002012_with_ILSVRC2012_val_00000368_rank691,741,741,0.92741,0
ILSVRC2012_val_00002012_with_ILSVRC2012_val_00002210_rank662,569,569,0.93461,0
ILSVRC2012_val_00002012_with_ILSVRC2012_val_00038689_rank229,670,670,0.59904,0
ILSVRC2012_val_00002012_with_ILSVRC2012_val_00027712_rank451,702,702,0.88473,0
ILSVRC2012_val_00002012_with_ILSVRC2012_val_00029711_rank839,883,899,0.21639,5
ILSVRC2012_val_00002012_with_ILSVRC2012_val_00015721_rank452,46,40,0.5194,1
ILSVRC2012_val_00002012_with_ILSVRC2012_val_00016468_rank461,576,576,0.55299,0
ILSVRC2012_val_00002012_with_ILSVRC2012_val_00028179_rank933,464,912,0.09286,649
ILSVRC2012_val_00002012_with_ILSVRC2012_val_00049769_rank217,703,703,0.90422,0
ILSVRC2012_val_00002012_with_ILSVRC2012_val_00015404_rank436,567,443,0.4964,253
ILSVRC2012_val_00002012_with_ILSVRC2012_val_00018485_rank703,112,112,0.87581,0
ILSVRC2012_val_00002012_with_ILSVRC2012_val_00032342_rank231,560,560,0.9313,0
ILSVRC2012_val_00002012_with_ILSVRC2012_val_00034250_rank585,11,11,0.88882,0
ILSVRC2012_val_00002012_with_ILSVRC2012_val_00036987_rank692,790,951,0.32688,96
ILSVRC2012_val_00002012_with_ILSVRC2012_val_00035575_rank663,687,687,0.87238,0
ILSVRC2012_val_00002012_with_ILSVRC2012_val_00013866_rank492,420,546,0.4771,2
ILSVRC2012_val_00002012_with_ILSVRC2012_val_00046881_rank037,165,165,0.86705,0
ILSVRC2012_val_00002012_with_ILSVRC2012_val_00042326_rank729,832,832,0.72724,0
ILSVRC2012_val_00002012_with_ILSVRC2012_val_00039327_rank728,995,995,0.92217,0
ILSVRC2012_val_00002012_with_ILSVRC2012_val_00039411_rank776,823,823,0.36024,0
ILSVRC2012_val_00002012_with_ILSVRC2012_val_00011772_rank415,321,321,0.89851,0
ILSVRC2012_val_00002012_with_ILSVRC2012_val_00023186_rank303,553,553,0.9292,0
ILSVRC2012_val_00002012_with_ILSVRC2012_val_00035896_rank830,636,636,0.53118,0
ILSVRC2012_val_00002012_with_ILSVRC2012_val_00047678_rank507,821,821,0.2485,0
ILSVRC2012_val_00002012_with_ILSVRC2012_val_00040171_rank635,842,701,0.39116,47
ILSVRC2012_val_00002012_with_ILSVRC2012_val_00006135_rank509,633,544,0.52681,429
ILSVRC2012_val_00002012_with_ILSVRC2012_val_00024266_rank723,352,352,0.77645,0
ILSVRC2012_val_00002012_with_ILSVRC2012_val_00002447_rank462,279,279,0.93824,0
ILSVRC2012_val_00002012_with_ILSVRC2012_val_00036596_rank804,947,947,0.74144,0
ILSVRC2012_val_00002012_with_ILSVRC2012_val_00038966_rank845,499,559,0.26179,192
ILSVRC2012_val_00002012_with_ILSVRC2012_val_00021028_rank394,612,612,0.90972,0
ILSVRC2012_val_00002012_with_ILSVRC2012_val_00001325_rank731,873,873,0.92992,0
ILSVRC2012_val_00002012_with_ILSVRC2012_val_00040708_rank011,163,163,0.92255,0
ILSVRC2012_val_00002012_with_ILSVRC2012_val_00035372_rank327,348,211,0.30124,417
ILSVRC2012_val_00002012_with_ILSVRC2012_val_00011953_rank366,869,869,0.51416,0
ILSVRC2012_val_00002012_with_ILSVRC2012_val_00025921_rank359,951,951,0.65444,0
ILSVRC2012_val_00002012_with_ILSVRC2012_val_00036532_rank747,990,990,0.92544,0
ILSVRC2012_val_00002012_with_ILSVRC2012_val_00014126_rank443,71,71,0.88928,0
ILSVRC2012_val_00002012_with_ILSVRC2012_val_00015205_rank189,219,219,0.82996,0
ILSVRC2012_val_00002012_with_ILSVRC2012_val_00044167_rank887,606,606,0.94468,0
ILSVRC2012_val_00002012_with_ILSVRC2012_val_00017667_rank629,109,109,0.64475,0
ILSVRC2012_val_00002012_with_ILSVRC2012_val_00007344_rank406,114,355,0.10754,477
ILSVRC2012_val_00002012_with_ILSVRC2012_val_00009627_rank905,896,501,0.20563,505
ILSVRC2012_val_00002012_with_ILSVRC2012_val_00004825_rank030,465,847,0.32555,21
ILSVRC2012_val_00002012_with_ILSVRC2012_val_00008562_rank169,362,362,0.93699,0
ILSVRC2012_val_00002012_with_ILSVRC2012_val_00017810_rank646,622,622,0.70272,0
ILSVRC2012_val_00002012_with_ILSVRC2012_val_00029907_rank437,628,913,0.82211,12
ILSVRC2012_val_00002012_with_ILSVRC2012_val_00017267_rank944,968,947,0.67343,99
ILSVRC2012_val_00002012_with_ILSVRC2012_val_00021670_rank139,621,621,0.8645,0
ILSVRC2012_val_00002012_with_ILSVRC2012_val_00042272_rank902,849,849,0.94764,0
ILSVRC2012_val_00002012_with_ILSVRC2012_val_00034944_rank827,650,427,0.19669,988
ILSVRC2012_val_00002012_with_ILSVRC2012_val_00012395_rank159,184,184,0.63422,0
ILSVRC2012_val_00002012_with_ILSVRC2012_val_00038521_rank843,773,818,0.50188,233
ILSVRC2012_val_00002012_with_ILSVRC2012_val_00021806_rank961,326,326,0.38418,0
ILSVRC2012_val_00002012_with_ILSVRC2012_val_00032874_rank338,371,191,0.10852,415
ILSVRC2012_val_00002012_with_ILSVRC2012_val_00041052_rank885,529,529,0.58011,0
ILSVRC2012_val_00002012_with_ILSVRC2012_val_00026616_rank764,682,682,0.89221,0
ILSVRC2012_val_00002012_with_ILSVRC2012_val_00026566_rank624,545,545,0.9443,0
ILSVRC2012_val_00002012_with_ILSVRC2012_val_00045289_rank880,338,361,0.5265,5
ILSVRC2012_val_00002012_with_ILSVRC2012_val_00013010_rank551,651,530,0.45851,17
ILSVRC2012_val_00002012_with_ILSVRC2012_val_00019589_rank043,280,280,0.85269,0
ILSVRC2012_val_00002012_with_ILSVRC2012_val_00004852_rank801,265,267,0.4127,2
ILSVRC2012_val_00002012_with_ILSVRC2012_val_00033647_rank729,832,494,0.5383,34
ILSVRC2012_val_00002012_with_ILSVRC2012_val_00007446_rank028,175,175,0.88436,0
ILSVRC2012_val_00002012_with_ILSVRC2012_val_00017224_rank671,940,940,0.81508,0
ILSVRC2012_val_00002012_with_ILSVRC2012_val_00030655_rank872,775,348,0.04572,958
ILSVRC2012_val_00002012_with_ILSVRC2012_val_00033766_rank121,189,189,0.70756,0
ILSVRC2012_val_00002012_with_ILSVRC2012_val_00039556_rank066,161,161,0.88833,0
ILSVRC2012_val_00002012_with_ILSVRC2012_val_00022634_rank428,945,945,0.5846,0
ILSVRC2012_val_00002012_with_ILSVRC2012_val_00033962_rank583,92,92,0.90063,0
ILSVRC2012_val_00002012_with_ILSVRC2012_val_00023618_rank669,664,664,0.45515,0
ILSVRC2012_val_00002012_with_ILSVRC2012_val_00006532_rank891,316,316,0.95001,0
ILSVRC2012_val_00002012_with_ILSVRC2012_val_00019119_rank125,285,285,0.51094,0
ILSVRC2012_val_00002012_with_ILSVRC2012_val_00045458_rank597,708,708,0.54464,0
ILSVRC2012_val_00002012_with_ILSVRC2012_val_00036166_rank312,52,390,0.29589,24
ILSVRC2012_val_00002012_with_ILSVRC2012_val_00039513_rank039,275,275,0.90721,0
ILSVRC2012_val_00002012_with_ILSVRC2012_val_00034025_rank044,247,247,0.89645,0
ILSVRC2012_val_00002012_with_ILSVRC2012_val_00018935_rank961,326,326,0.72664,0
ILSVRC2012_val_00002012_with_ILSVRC2012_val_00030402_rank096,196,196,0.70141,0
ILSVRC2012_val_00002012_with_ILSVRC2012_val_00040392_rank726,648,648,0.70966,0
ILSVRC2012_val_00002012_with_ILSVRC2012_val_00045705_rank668,672,672,0.80166,0
ILSVRC2012_val_00002012_with_ILSVRC2012_val_00028514_rank012,244,244,0.95101,0
ILSVRC2012_val_00002012_with_ILSVRC2012_val_00026051_rank067,259,259,0.86299,0
ILSVRC2012_val_00002012_with_ILSVRC2012_val_00041763_rank499,431,431,0.91646,0
ILSVRC2012_val_00002012_with_ILSVRC2012_val_00045487_rank045,193,193,0.56692,0
ILSVRC2012_val_00002012_with_ILSVRC2012_val_00040381_rank055,151,173,0.90139,10
ILSVRC2012_val_00002012_with_ILSVRC2012_val_00038271_rank115,768,293,0.11328,234
ILSVRC2012_val_00002012_with_ILSVRC2012_val_00031087_rank833,686,818,0.70195,105
ILSVRC2012_val_00002012_with_ILSVRC2012_val_00008388_rank382,137,137,0.92705,0
ILSVRC2012_val_00002012_with_ILSVRC2012_val_00014250_rank039,275,275,0.9135,0
ILSVRC2012_val_00002012_with_ILSVRC2012_val_00021139_rank477,80,80,0.90807,0
ILSVRC2012_val_00002012_with_ILSVRC2012_val_00021186_rank938,470,470,0.24663,0
ILSVRC2012_val_00002012_with_ILSVRC2012_val_00020896_rank559,643,643,0.88653,0
ILSVRC2012_val_00002012_with_ILSVRC2012_val_00047832_rank257,34,6,0.26706,6
ILSVRC2012_val_00002012_with_ILSVRC2012_val_00033321_rank176,880,870,0.60563,3
ILSVRC2012_val_00002012_with_ILSVRC2012_val_00011394_rank009,191,191,0.96902,0
ILSVRC2012_val_00002012_with_ILSVRC2012_val_00044045_rank348,400,465,0.26516,11
ILSVRC2012_val_00002012_with_ILSVRC2012_val_00025646_rank636,410,410,0.94693,0
ILSVRC2012_val_00002012_with_ILSVRC2012_val_00024667_rank907,925,925,0.90478,0
ILSVRC2012_val_00002012_with_ILSVRC2012_val_00001640_rank294,353,353,0.56838,0
ILSVRC2012_val_00002012_with_ILSVRC2012_val_00026730_rank035,260,260,0.84172,0
ILSVRC2012_val_00002012_with_ILSVRC2012_val_00045228_rank939,996,996,0.32435,0
ILSVRC2012_val_00002012_with_ILSVRC2012_val_00001809_rank734,867,675,0.83844,2
ILSVRC2012_val_00002012_with_ILSVRC2012_val_00007310_rank581,814,814,0.87954,0
ILSVRC2012_val_00002012_with_ILSVRC2012_val_00007246_rank073,257,257,0.16302,0
ILSVRC2012_val_00002012_with_ILSVRC2012_val_00034195_rank371,595,595,0.59829,0
ILSVRC2012_val_00002012_with_ILSVRC2012_val_00032137_rank941,521,521,0.80945,0
ILSVRC2012_val_00002012_with_ILSVRC2012_val_00012001_rank385,733,912,0.67415,33
ILSVRC2012_val_00002012_with_ILSVRC2012_val_00008953_rank700,654,654,0.96055,0
ILSVRC2012_val_00002012_with_ILSVRC2012_val_00019036_rank721,81,81,0.82177,0
ILSVRC2012_val_00002012_with_ILSVRC2012_val_00023146_rank650,39,39,0.81617,0
ILSVRC2012_val_00002012_with_ILSVRC2012_val_00012512_rank303,553,553,0.91153,0
ILSVRC2012_val_00002012_with_ILSVRC2012_val_00012555_rank600,645,723,0.64116,5
ILSVRC2012_val_00002012_with_ILSVRC2012_val_00013084_rank673,962,962,0.87976,0
ILSVRC2012_val_00002012_with_ILSVRC2012_val_00029616_rank766,322,322,0.94282,0
ILSVRC2012_val_00002012_with_ILSVRC2012_val_00012291_rank274,153,153,0.92573,0
ILSVRC2012_val_00002012_with_ILSVRC2012_val_00006438_rank216,834,681,0.58252,27
ILSVRC2012_val_00002012_with_ILSVRC2012_val_00025041_rank557,879,807,0.83055,305
ILSVRC2012_val_00002012_with_ILSVRC2012_val_00021599_rank061,197,197,0.88496,0
ILSVRC2012_val_00002012_with_ILSVRC2012_val_00021035_rank088,276,276,0.90244,0
ILSVRC2012_val_00002012_with_ILSVRC2012_val_00019937_rank462,279,279,0.48571,0
ILSVRC2012_val_00002012_with_ILSVRC2012_val_00047549_rank660,625,625,0.8637,0
ILSVRC2012_val_00002012_with_ILSVRC2012_val_00009188_rank458,985,985,0.90832,0
ILSVRC2012_val_00002012_with_ILSVRC2012_val_00024271_rank998,696,696,0.93037,0
ILSVRC2012_val_00002012_with_ILSVRC2012_val_00033715_rank480,101,101,0.5561,0
ILSVRC2012_val_00002012_with_ILSVRC2012_val_00000357_rank403,627,627,0.884,0
ILSVRC2012_val_00002012_with_ILSVRC2012_val_00028069_rank947,784,477,0.63754,1
ILSVRC2012_val_00002012_with_ILSVRC2012_val_00003845_rank592,146,146,0.84704,0
ILSVRC2012_val_00002012_with_ILSVRC2012_val_00010087_rank072,176,176,0.96198,0
ILSVRC2012_val_00002012_with_ILSVRC2012_val_00030204_rank408,630,630,0.93631,0
ILSVRC2012_val_00002012_with_ILSVRC2012_val_00021997_rank358,640,640,0.94874,0
ILSVRC2012_val_00002012_with_ILSVRC2012_val_00032941_rank787,956,956,0.93186,0
ILSVRC2012_val_00002012_with_ILSVRC2012_val_00024203_rank806,746,746,0.88211,0
ILSVRC2012_val_00002012_with_ILSVRC2012_val_00014015_rank388,610,610,0.81693,0
ILSVRC2012_val_00002012_with_ILSVRC2012_val_00044880_rank755,988,988,0.88361,0
ILSVRC2012_val_00002012_with_ILSVRC2012_val_00047828_rank516,954,954,0.81214,0
ILSVRC2012_val_00002012_with_ILSVRC2012_val_00001119_rank838,551,551,0.9437,0
ILSVRC2012_val_00002012_with_ILSVRC2012_val_00021156_rank202,472,472,0.93717,0
ILSVRC2012_val_00002012_with_ILSVRC2012_val_00017686_rank832,531,531,0.83476,0
ILSVRC2012_val_00002012_with_ILSVRC2012_val_00018379_rank517,753,753,0.90539,0
ILSVRC2012_val_00002012_with_ILSVRC2012_val_00013791_rank755,988,988,0.91575,0
ILSVRC2012_val_00002012_with_ILSVRC2012_val_00012624_rank357,726,726,0.91148,0
ILSVRC2012_val_00002012_with_ILSVRC2012_val_00030620_rank177,194,194,0.78362,0
ILSVRC2012_val_00002012_with_ILSVRC2012_val_00023704_rank424,422,471,0.18038,24
ILSVRC2012_val_00002012_with_ILSVRC2012_val_00004677_rank932,1,1,0.35962,0
ILSVRC2012_val_00002012_with_ILSVRC2012_val_00036119_rank222,671,671,0.87824,0
ILSVRC2012_val_00002012_with_ILSVRC2012_val_00015045_rank619,6,730,0.1853,205
ILSVRC2012_val_00002012_with_ILSVRC2012_val_00048299_rank730,68,66,0.52848,1
ILSVRC2012_val_00002012_with_ILSVRC2012_val_00001161_rank239,327,327,0.89241,0
ILSVRC2012_val_00002012_with_ILSVRC2012_val_00016886_rank086,172,172,0.53423,0
ILSVRC2012_val_00002012_with_ILSVRC2012_val_00017668_rank212,495,648,0.70892,7
ILSVRC2012_val_00002012_with_ILSVRC2012_val_00047845_rank649,60,912,0.45634,45
ILSVRC2012_val_00002012_with_ILSVRC2012_val_00047919_rank016,264,264,0.8764,0
ILSVRC2012_val_00002012_with_ILSVRC2012_val_00034482_rank750,15,15,0.86005,0
ILSVRC2012_val_00002012_with_ILSVRC2012_val_00038250_rank158,21,21,0.9293,0
ILSVRC2012_val_00002012_with_ILSVRC2012_val_00014322_rank991,626,481,0.36552,74
ILSVRC2012_val_00002012_with_ILSVRC2012_val_00049376_rank441,833,833,0.92956,0
ILSVRC2012_val_00002012_with_ILSVRC2012_val_00029069_rank615,78,78,0.86228,0
ILSVRC2012_val_00002012_with_ILSVRC2012_val_00037005_rank462,279,279,0.84577,0
ILSVRC2012_val_00002012_with_ILSVRC2012_val_00030623_rank730,68,66,0.26552,1
ILSVRC2012_val_00002012_with_ILSVRC2012_val_00005241_rank724,488,488,0.62337,0
ILSVRC2012_val_00002012_with_ILSVRC2012_val_00047505_rank199,797,797,0.98325,0
ILSVRC2012_val_00002012_with_ILSVRC2012_val_00045517_rank755,988,988,0.91959,0
ILSVRC2012_val_00002012_with_ILSVRC2012_val_00034587_rank488,57,57,0.91185,0
ILSVRC2012_val_00002012_with_ILSVRC2012_val_00020540_rank547,484,871,0.79424,1
ILSVRC2012_val_00002012_with_ILSVRC2012_val_00003919_rank616,698,698,0.8892,0
ILSVRC2012_val_00002012_with_ILSVRC2012_val_00032324_rank144,384,384,0.92233,0
ILSVRC2012_val_00002012_with_ILSVRC2012_val_00048726_rank421,493,493,0.62874,0
ILSVRC2012_val_00002012_with_ILSVRC2012_val_00034840_rank743,35,35,0.6463,0
ILSVRC2012_val_00002012_with_ILSVRC2012_val_00031128_rank575,302,305,0.6419,2
ILSVRC2012_val_00002012_with_ILSVRC2012_val_00003605_rank262,7,7,0.91651,0
ILSVRC2012_val_00002012_with_ILSVRC2012_val_00028674_rank031,232,232,0.64935,0
ILSVRC2012_val_00002012_with_ILSVRC2012_val_00004148_rank064,166,166,0.3324,0
ILSVRC2012_val_00002012_with_ILSVRC2012_val_00028139_rank158,21,21,0.94199,0
ILSVRC2012_val_00002012_with_ILSVRC2012_val_00021052_rank013,236,236,0.87309,0
ILSVRC2012_val_00002012_with_ILSVRC2012_val_00014755_rank025,243,243,0.92142,0
ILSVRC2012_val_00002012_with_ILSVRC2012_val_00015214_rank937,783,740,0.10365,6
ILSVRC2012_val_00002012_with_ILSVRC2012_val_00036518_rank620,659,659,0.91779,0
ILSVRC2012_val_00002012_with_ILSVRC2012_val_00045761_rank932,1,1,0.90649,0
ILSVRC2012_val_00002012_with_ILSVRC2012_val_00012449_rank523,795,912,0.13685,156
ILSVRC2012_val_00002012_with_ILSVRC2012_val_00001728_rank950,27,27,0.87755,0
ILSVRC2012_val_00002012_with_ILSVRC2012_val_00002194_rank031,232,184,0.47286,193
ILSVRC2012_val_00002012_with_ILSVRC2012_val_00030490_rank211,853,879,0.33362,95
ILSVRC2012_val_00002012_with_ILSVRC2012_val_00000851_rank840,887,400,0.41537,2
ILSVRC2012_val_00002012_with_ILSVRC2012_val_00046739_rank022,182,182,0.93173,0
ILSVRC2012_val_00002012_with_ILSVRC2012_val_00041156_rank151,296,296,0.92578,0
ILSVRC2012_val_00002012_with_ILSVRC2012_val_00047069_rank460,641,641,0.94468,0
ILSVRC2012_val_00002012_with_ILSVRC2012_val_00032982_rank260,100,100,0.91381,0
ILSVRC2012_val_00002012_with_ILSVRC2012_val_00047156_rank537,131,131,0.92149,0
ILSVRC2012_val_00002012_with_ILSVRC2012_val_00039287_rank805,623,623,0.32819,0
ILSVRC2012_val_00002012_with_ILSVRC2012_val_00011036_rank137,150,256,0.12484,116
ILSVRC2012_val_00002012_with_ILSVRC2012_val_00045632_rank687,920,920,0.93812,0
ILSVRC2012_val_00002012_with_ILSVRC2012_val_00003522_rank087,242,242,0.93676,0
ILSVRC2012_val_00002012_with_ILSVRC2012_val_00027986_rank583,92,94,0.91964,4
ILSVRC2012_val_00002012_with_ILSVRC2012_val_00048035_rank299,369,369,0.89443,0
ILSVRC2012_val_00002012_with_ILSVRC2012_val_00033794_rank441,833,833,0.90157,0
ILSVRC2012_val_00002012_with_ILSVRC2012_val_00026031_rank147,652,586,0.82243,5
ILSVRC2012_val_00002012_with_ILSVRC2012_val_00025986_rank786,760,760,0.9413,0
ILSVRC2012_val_00002012_with_ILSVRC2012_val_00024711_rank787,956,937,0.20904,28
ILSVRC2012_val_00002012_with_ILSVRC2012_val_00048696_rank415,321,321,0.92295,0
ILSVRC2012_val_00002012_with_ILSVRC2012_val_00023847_rank413,772,772,0.92517,0
ILSVRC2012_val_00002012_with_ILSVRC2012_val_00049214_rank900,891,891,0.87738,0
ILSVRC2012_val_00002012_with_ILSVRC2012_val_00034276_rank413,772,772,0.83334,0
ILSVRC2012_val_00002012_with_ILSVRC2012_val_00014676_rank424,422,422,0.14639,0
ILSVRC2012_val_00002012_with_ILSVRC2012_val_00001609_rank820,541,541,0.85693,0
ILSVRC2012_val_00002012_with_ILSVRC2012_val_00001769_rank206,401,401,0.67677,0
ILSVRC2012_val_00002012_with_ILSVRC2012_val_00036579_rank323,542,542,0.65658,0
ILSVRC2012_val_00002012_with_ILSVRC2012_val_00035906_rank736,866,866,0.93368,0
ILSVRC2012_val_00002012_with_ILSVRC2012_val_00009973_rank428,945,945,0.93023,0
ILSVRC2012_val_00002012_with_ILSVRC2012_val_00010995_rank571,283,283,0.95255,0
ILSVRC2012_val_00002012_with_ILSVRC2012_val_00044740_rank884,827,827,0.75659,0
ILSVRC2012_val_00002012_with_ILSVRC2012_val_00004598_rank797,124,124,0.86862,0
ILSVRC2012_val_00002012_with_ILSVRC2012_val_00000542_rank323,542,699,0.51562,26
ILSVRC2012_val_00002012_with_ILSVRC2012_val_00041832_rank438,83,83,0.8584,0
ILSVRC2012_val_00002012_with_ILSVRC2012_val_00032634_rank070,805,805,0.91688,0
ILSVRC2012_val_00002012_with_ILSVRC2012_val_00018439_rank943,72,74,0.37535,1
ILSVRC2012_val_00002012_with_ILSVRC2012_val_00009029_rank610,971,971,0.94637,0
ILSVRC2012_val_00002012_with_ILSVRC2012_val_00004213_rank787,956,956,0.91362,0
ILSVRC2012_val_00002012_with_ILSVRC2012_val_00049616_rank606,747,747,0.72333,0
ILSVRC2012_val_00002012_with_ILSVRC2012_val_00039661_rank888,75,73,0.39645,1
ILSVRC2012_val_00002012_with_ILSVRC2012_val_00017616_rank180,372,372,0.88315,0
ILSVRC2012_val_00002012_with_ILSVRC2012_val_00017512_rank114,522,455,0.50735,297
ILSVRC2012_val_00002012_with_ILSVRC2012_val_00044897_rank130,178,178,0.94772,0
ILSVRC2012_val_00002012_with_ILSVRC2012_val_00020027_rank157,428,428,0.95411,0
ILSVRC2012_val_00002012_with_ILSVRC2012_val_00003210_rank688,917,919,0.28316,39
ILSVRC2012_val_00002012_with_ILSVRC2012_val_00000179_rank251,339,339,0.84751,0
ILSVRC2012_val_00002012_with_ILSVRC2012_val_00020431_rank967,709,709,0.73069,0
ILSVRC2012_val_00002012_with_ILSVRC2012_val_00028423_rank303,553,553,0.94789,0
ILSVRC2012_val_00002012_with_ILSVRC2012_val_00011249_rank411,19,10,0.92287,6
ILSVRC2012_val_00002012_with_ILSVRC2012_val_00014243_rank600,645,733,0.31552,4
ILSVRC2012_val_00002012_with_ILSVRC2012_val_00006658_rank786,760,760,0.95213,0
ILSVRC2012_val_00002012_with_ILSVRC2012_val_00014941_rank284,402,402,0.85907,0
ILSVRC2012_val_00002012_with_ILSVRC2012_val_00024604_rank400,556,912,0.1746,52
ILSVRC2012_val_00002012_with_ILSVRC2012_val_00012946_rank971,826,826,0.91377,0
ILSVRC2012_val_00002012_with_ILSVRC2012_val_00030646_rank820,541,541,0.85346,0
ILSVRC2012_val_00002012_with_ILSVRC2012_val_00028408_rank092,254,254,0.89078,0
ILSVRC2012_val_00002012_with_ILSVRC2012_val_00027479_rank536,933,933,0.88795,0
ILSVRC2012_val_00002012_with_ILSVRC2012_val_00015555_rank619,6,6,0.80519,0
ILSVRC2012_val_00002012_with_ILSVRC2012_val_00024566_rank022,182,182,0.92765,0
ILSVRC2012_val_00002012_with_ILSVRC2012_val_00027024_rank137,150,150,0.92814,0
ILSVRC2012_val_00002012_with_ILSVRC2012_val_00023233_rank969,780,780,0.85897,0
ILSVRC2012_val_00002012_with_ILSVRC2012_val_00014069_rank626,53,912,0.20707,253
ILSVRC2012_val_00002012_with_ILSVRC2012_val_00038370_rank252,761,761,0.91956,0
ILSVRC2012_val_00002012_with_ILSVRC2012_val_00005888_rank655,950,950,0.88303,0
ILSVRC2012_val_00002012_with_ILSVRC2012_val_00031141_rank351,675,675,0.83169,0
ILSVRC2012_val_00002012_with_ILSVRC2012_val_00003267_rank022,182,182,0.56565,0
ILSVRC2012_val_00002012_with_ILSVRC2012_val_00040952_rank042,240,240,0.79774,0
ILSVRC2012_val_00002012_with_ILSVRC2012_val_00027226_rank054,281,281,0.67292,0
ILSVRC2012_val_00002012_with_ILSVRC2012_val_00045332_rank785,713,713,0.91169,0
ILSVRC2012_val_00002012_with_ILSVRC2012_val_00008930_rank096,196,196,0.93823,0
ILSVRC2012_val_00002012_with_ILSVRC2012_val_00048693_rank038,272,272,0.91982,0
ILSVRC2012_val_00002012_with_ILSVRC2012_val_00040081_rank812,815,815,0.24634,0
ILSVRC2012_val_00002012_with_ILSVRC2012_val_00008227_rank635,842,879,0.93159,55
ILSVRC2012_val_00002012_with_ILSVRC2012_val_00004732_rank933,464,600,0.14805,28
ILSVRC2012_val_00002012_with_ILSVRC2012_val_00044780_rank884,827,827,0.82172,0
ILSVRC2012_val_00002012_with_ILSVRC2012_val_00049854_rank517,753,753,0.8957,0
ILSVRC2012_val_00002012_with_ILSVRC2012_val_00038295_rank557,879,645,0.17909,67
ILSVRC2012_val_00002012_with_ILSVRC2012_val_00016508_rank081,188,191,0.48522,4
ILSVRC2012_val_00002012_with_ILSVRC2012_val_00049559_rank799,840,912,0.10709,926
ILSVRC2012_val_00002012_with_ILSVRC2012_val_00013278_rank092,254,254,0.93868,0
ILSVRC2012_val_00002012_with_ILSVRC2012_val_00015807_rank274,153,153,0.75114,0
ILSVRC2012_val_00002012_with_ILSVRC2012_val_00014624_rank388,610,610,0.88003,0
ILSVRC2012_val_00002012_with_ILSVRC2012_val_00017475_rank754,540,540,0.77827,0
ILSVRC2012_val_00002012_with_ILSVRC2012_val_00036077_rank963,79,79,0.87223,0
ILSVRC2012_val_00002012_with_ILSVRC2012_val_00008682_rank591,375,375,0.91674,0
ILSVRC2012_val_00002012_with_ILSVRC2012_val_00048074_rank306,602,733,0.22403,5
ILSVRC2012_val_00002012_with_ILSVRC2012_val_00044664_rank700,654,654,0.65589,0
ILSVRC2012_val_00002012_with_ILSVRC2012_val_00011474_rank928,29,0,0.26291,17
ILSVRC2012_val_00002012_with_ILSVRC2012_val_00036466_rank511,357,298,0.40581,6
ILSVRC2012_val_00002012_with_ILSVRC2012_val_00038614_rank195,142,142,0.90587,0
ILSVRC2012_val_00002012_with_ILSVRC2012_val_00008280_rank809,426,426,0.89996,0
ILSVRC2012_val_00002012_with_ILSVRC2012_val_00048855_rank166,373,373,0.90383,0
ILSVRC2012_val_00002012_with_ILSVRC2012_val_00035272_rank428,945,945,0.91017,0
ILSVRC2012_val_00002012_with_ILSVRC2012_val_00010821_rank903,505,505,0.77437,0
ILSVRC2012_val_00002012_with_ILSVRC2012_val_00012476_rank332,755,755,0.7237,0
ILSVRC2012_val_00002012_with_ILSVRC2012_val_00020307_rank782,685,685,0.91625,0
ILSVRC2012_val_00002012_with_ILSVRC2012_val_00031053_rank607,77,73,0.34132,3
ILSVRC2012_val_00002012_with_ILSVRC2012_val_00037111_rank387,181,181,0.92501,0
ILSVRC2012_val_00002012_with_ILSVRC2012_val_00021731_rank174,929,929,0.92382,0
ILSVRC2012_val_00002012_with_ILSVRC2012_val_00041863_rank995,749,749,0.92298,0
ILSVRC2012_val_00002012_with_ILSVRC2012_val_00048249_rank235,429,429,0.81787,0
ILSVRC2012_val_00002012_with_ILSVRC2012_val_00009774_rank044,247,247,0.90918,0
ILSVRC2012_val_00002012_with_ILSVRC2012_val_00029338_rank870,769,769,0.12889,0
ILSVRC2012_val_00002012_with_ILSVRC2012_val_00014874_rank914,934,934,0.93653,0
ILSVRC2012_val_00002012_with_ILSVRC2012_val_00016559_rank439,365,365,0.96091,0
ILSVRC2012_val_00002012_with_ILSVRC2012_val_00024356_rank047,271,271,0.92217,0
ILSVRC2012_val_00002012_with_ILSVRC2012_val_00046323_rank422,139,139,0.89695,0
ILSVRC2012_val_00002012_with_ILSVRC2012_val_00024619_rank115,768,768,0.37695,0
ILSVRC2012_val_00002012_with_ILSVRC2012_val_00022679_rank396,779,779,0.51245,0
ILSVRC2012_val_00002012_with_ILSVRC2012_val_00000131_rank268,802,802,0.88769,0
ILSVRC2012_val_00002012_with_ILSVRC2012_val_00048674_rank243,972,825,0.34386,13
ILSVRC2012_val_00002012_with_ILSVRC2012_val_00017047_rank784,932,932,0.80184,0
ILSVRC2012_val_00002012_with_ILSVRC2012_val_00035291_rank986,599,599,0.84255,0
ILSVRC2012_val_00002012_with_ILSVRC2012_val_00019402_rank051,186,151,0.19994,14
ILSVRC2012_val_00002012_with_ILSVRC2012_val_00028351_rank314,40,40,0.54825,0
ILSVRC2012_val_00002012_with_ILSVRC2012_val_00007116_rank003,174,174,0.83139,0
ILSVRC2012_val_00002012_with_ILSVRC2012_val_00014909_rank483,324,324,0.91877,0
ILSVRC2012_val_00002012_with_ILSVRC2012_val_00031579_rank357,726,726,0.29781,0
ILSVRC2012_val_00002012_with_ILSVRC2012_val_00038580_rank190,200,200,0.94843,0
ILSVRC2012_val_00002012_with_ILSVRC2012_val_00022051_rank589,857,112,0.28968,498
ILSVRC2012_val_00002012_with_ILSVRC2012_val_00035025_rank962,528,528,0.94725,0
ILSVRC2012_val_00002012_with_ILSVRC2012_val_00000593_rank693,132,129,0.90029,2
ILSVRC2012_val_00002012_with_ILSVRC2012_val_00009877_rank076,238,238,0.4066,0
ILSVRC2012_val_00002012_with_ILSVRC2012_val_00047612_rank514,906,834,0.27035,1
ILSVRC2012_val_00002012_with_ILSVRC2012_val_00049973_rank134,295,295,0.93302,0
ILSVRC2012_val_00002012_with_ILSVRC2012_val_00048010_rank442,466,466,0.9074,0
ILSVRC2012_val_00002012_with_ILSVRC2012_val_00002714_rank121,189,191,0.72112,2
ILSVRC2012_val_00002012_with_ILSVRC2012_val_00042574_rank785,713,742,0.53485,1
ILSVRC2012_val_00002012_with_ILSVRC2012_val_00046677_rank422,139,139,0.89685,0
ILSVRC2012_val_00002012_with_ILSVRC2012_val_00001307_rank598,717,717,0.9191,0
ILSVRC2012_val_00002012_with_ILSVRC2012_val_00015816_rank240,716,912,0.66881,1
ILSVRC2012_val_00002012_with_ILSVRC2012_val_00023373_rank276,63,63,0.9006,0
ILSVRC2012_val_00002012_with_ILSVRC2012_val_00010432_rank805,623,623,0.03959,0
ILSVRC2012_val_00002012_with_ILSVRC2012_val_00018287_rank493,411,792,0.78473,765
ILSVRC2012_val_00002012_with_ILSVRC2012_val_00031959_rank676,300,300,0.89349,0
ILSVRC2012_val_00002012_with_ILSVRC2012_val_00034571_rank066,161,161,0.9243,0
ILSVRC2012_val_00002012_with_ILSVRC2012_val_00047753_rank187,8,8,0.84691,0
ILSVRC2012_val_00002012_with_ILSVRC2012_val_00002484_rank021,263,263,0.38762,0
ILSVRC2012_val_00002012_with_ILSVRC2012_val_00003833_rank404,85,85,0.91627,0
ILSVRC2012_val_00002012_with_ILSVRC2012_val_00048667_rank679,434,434,0.43939,0
ILSVRC2012_val_00002012_with_ILSVRC2012_val_00039881_rank800,546,546,0.85638,0
ILSVRC2012_val_00002012_with_ILSVRC2012_val_00008330_rank141,367,367,0.9273,0
ILSVRC2012_val_00002012_with_ILSVRC2012_val_00011024_rank172,212,212,0.59115,0
ILSVRC2012_val_00002012_with_ILSVRC2012_val_00044966_rank612,89,89,0.93667,0
ILSVRC2012_val_00002012_with_ILSVRC2012_val_00025680_rank130,178,178,0.92377,0
ILSVRC2012_val_00002012_with_ILSVRC2012_val_00024072_rank387,181,181,0.94255,0
ILSVRC2012_val_00002012_with_ILSVRC2012_val_00011322_rank089,239,239,0.7056,0
ILSVRC2012_val_00002012_with_ILSVRC2012_val_00013479_rank004,248,269,0.67746,6
ILSVRC2012_val_00002012_with_ILSVRC2012_val_00023221_rank300,436,436,0.92542,0
ILSVRC2012_val_00002012_with_ILSVRC2012_val_00047615_rank209,667,667,0.75883,0
ILSVRC2012_val_00002012_with_ILSVRC2012_val_00015414_rank522,395,395,0.76798,0
ILSVRC2012_val_00002012_with_ILSVRC2012_val_00043759_rank244,743,807,0.65307,145
ILSVRC2012_val_00002012_with_ILSVRC2012_val_00028485_rank795,820,820,0.80488,0
ILSVRC2012_val_00002012_with_ILSVRC2012_val_00002483_rank128,340,340,0.96316,0
ILSVRC2012_val_00002012_with_ILSVRC2012_val_00029947_rank328,43,43,0.92996,0
ILSVRC2012_val_00002012_with_ILSVRC2012_val_00014991_rank346,143,143,0.93154,0
ILSVRC2012_val_00002012_with_ILSVRC2012_val_00020252_rank654,881,579,0.91582,1
ILSVRC2012_val_00002012_with_ILSVRC2012_val_00027219_rank069,233,233,0.34597,0
ILSVRC2012_val_00002012_with_ILSVRC2012_val_00024683_rank802,349,349,0.78369,0
ILSVRC2012_val_00002012_with_ILSVRC2012_val_00046096_rank634,141,141,0.91794,0
ILSVRC2012_val_00002012_with_ILSVRC2012_val_00041339_rank052,230,230,0.87885,0
ILSVRC2012_val_00002012_with_ILSVRC2012_val_00047815_rank399,742,742,0.91807,0
ILSVRC2012_val_00002012_with_ILSVRC2012_val_00010082_rank097,237,237,0.88566,0
ILSVRC2012_val_00002012_with_ILSVRC2012_val_00008134_rank299,369,369,0.89991,0
ILSVRC2012_val_00002012_with_ILSVRC2012_val_00049152_rank666,310,310,0.87433,0
ILSVRC2012_val_00002012_with_ILSVRC2012_val_00048486_rank089,239,239,0.36896,0
ILSVRC2012_val_00002012_with_ILSVRC2012_val_00024207_rank825,578,578,0.23285,0
ILSVRC2012_val_00002012_with_ILSVRC2012_val_00024164_rank957,28,28,0.8865,0
ILSVRC2012_val_00002012_with_ILSVRC2012_val_00013522_rank983,748,748,0.50154,0
ILSVRC2012_val_00002012_with_ILSVRC2012_val_00027445_rank052,230,250,0.31894,16
ILSVRC2012_val_00002012_with_ILSVRC2012_val_00003772_rank310,430,430,0.70012,0
ILSVRC2012_val_00002012_with_ILSVRC2012_val_00017499_rank148,220,220,0.94257,0
ILSVRC2012_val_00002012_with_ILSVRC2012_val_00037224_rank938,470,470,0.31066,0
ILSVRC2012_val_00002012_with_ILSVRC2012_val_00046510_rank870,769,769,0.84986,0
ILSVRC2012_val_00002012_with_ILSVRC2012_val_00043749_rank181,825,825,0.95735,0
ILSVRC2012_val_00002012_with_ILSVRC2012_val_00006551_rank916,897,209,0.16685,618
ILSVRC2012_val_00002012_with_ILSVRC2012_val_00029655_rank683,669,824,0.18068,268
ILSVRC2012_val_00002012_with_ILSVRC2012_val_00035376_rank683,669,669,0.8945,0
ILSVRC2012_val_00002012_with_ILSVRC2012_val_00026491_rank225,532,730,0.94248,154
ILSVRC2012_val_00002012_with_ILSVRC2012_val_00024650_rank228,513,513,0.8828,0
ILSVRC2012_val_00002012_with_ILSVRC2012_val_00002804_rank325,946,946,0.69056,0
ILSVRC2012_val_00002012_with_ILSVRC2012_val_00001395_rank199,797,797,0.92058,0
ILSVRC2012_val_00002012_with_ILSVRC2012_val_00045344_rank435,732,732,0.91405,0
ILSVRC2012_val_00002012_with_ILSVRC2012_val_00022753_rank086,172,172,0.57602,0
ILSVRC2012_val_00002012_with_ILSVRC2012_val_00026795_rank165,444,444,0.90705,0
ILSVRC2012_val_00002012_with_ILSVRC2012_val_00004480_rank517,753,753,0.50119,0
ILSVRC2012_val_00002012_with_ILSVRC2012_val_00046335_rank210,776,776,0.90885,0
ILSVRC2012_val_00002012_with_ILSVRC2012_val_00041709_rank902,849,719,0.68652,6
ILSVRC2012_val_00002012_with_ILSVRC2012_val_00049759_rank975,530,530,0.8146,0
ILSVRC2012_val_00002012_with_ILSVRC2012_val_00022691_rank554,87,87,0.91767,0
ILSVRC2012_val_00002012_with_ILSVRC2012_val_00025597_rank738,613,613,0.87332,0
ILSVRC2012_val_00002012_with_ILSVRC2012_val_00021159_rank265,661,661,0.92085,0
ILSVRC2012_val_00002012_with_ILSVRC2012_val_00029851_rank509,633,567,0.12874,74
ILSVRC2012_val_00002012_with_ILSVRC2012_val_00016102_rank566,663,497,0.29366,2
ILSVRC2012_val_00002012_with_ILSVRC2012_val_00017823_rank075,180,180,0.46769,0
ILSVRC2012_val_00002012_with_ILSVRC2012_val_00043576_rank223,382,382,0.81341,0
ILSVRC2012_val_00002012_with_ILSVRC2012_val_00001439_rank587,333,333,0.91871,0
ILSVRC2012_val_00002012_with_ILSVRC2012_val_00008287_rank281,127,127,0.8988,0
ILSVRC2012_val_00002012_with_ILSVRC2012_val_00006911_rank178,830,701,0.66129,27
ILSVRC2012_val_00002012_with_ILSVRC2012_val_00004022_rank432,998,941,0.72852,31
ILSVRC2012_val_00002012_with_ILSVRC2012_val_00015541_rank396,779,779,0.937,0
ILSVRC2012_val_00002012_with_ILSVRC2012_val_00034487_rank875,758,758,0.85865,0
ILSVRC2012_val_00002012_with_ILSVRC2012_val_00009552_rank279,660,660,0.82976,0
ILSVRC2012_val_00002012_with_ILSVRC2012_val_00049220_rank271,358,358,0.46334,0
ILSVRC2012_val_00002012_with_ILSVRC2012_val_00010151_rank595,320,320,0.86108,0
ILSVRC2012_val_00002012_with_ILSVRC2012_val_00039940_rank674,600,600,0.42989,0
ILSVRC2012_val_00002012_with_ILSVRC2012_val_00012976_rank480,101,101,0.78979,0
ILSVRC2012_val_00002012_with_ILSVRC2012_val_00033563_rank570,673,556,0.15127,816
ILSVRC2012_val_00002012_with_ILSVRC2012_val_00009001_rank660,625,625,0.9338,0
ILSVRC2012_val_00002012_with_ILSVRC2012_val_00015348_rank633,900,900,0.88354,0
ILSVRC2012_val_00002012_with_ILSVRC2012_val_00014374_rank319,252,197,0.72503,8
ILSVRC2012_val_00002012_with_ILSVRC2012_val_00007641_rank691,741,741,0.92414,0
ILSVRC2012_val_00002012_with_ILSVRC2012_val_00001317_rank206,401,637,0.41286,463
ILSVRC2012_val_00002012_with_ILSVRC2012_val_00016132_rank334,297,297,0.63906,0
ILSVRC2012_val_00002012_with_ILSVRC2012_val_00048842_rank021,263,247,0.87512,25
ILSVRC2012_val_00002012_with_ILSVRC2012_val_00020383_rank312,52,390,0.48333,24
ILSVRC2012_val_00002012_with_ILSVRC2012_val_00012192_rank647,443,443,0.92237,0
ILSVRC2012_val_00002012_with_ILSVRC2012_val_00011143_rank450,323,323,0.91255,0
ILSVRC2012_val_00002012_with_ILSVRC2012_val_00049448_rank276,63,63,0.20559,0
ILSVRC2012_val_00002012_with_ILSVRC2012_val_00018510_rank515,824,735,0.62608,1
ILSVRC2012_val_00002012_with_ILSVRC2012_val_00040911_rank900,891,891,0.93207,0
ILSVRC2012_val_00002012_with_ILSVRC2012_val_00022340_rank544,572,966,0.85826,2
ILSVRC2012_val_00002012_with_ILSVRC2012_val_00032715_rank527,705,637,0.33579,187
ILSVRC2012_val_00002012_with_ILSVRC2012_val_00039290_rank982,584,723,0.30713,12
ILSVRC2012_val_00002012_with_ILSVRC2012_val_00013652_rank275,983,983,0.69142,0
ILSVRC2012_val_00002012_with_ILSVRC2012_val_00039324_rank992,712,310,0.53641,58
ILSVRC2012_val_00002012_with_ILSVRC2012_val_00043487_rank986,599,599,0.91134,0
ILSVRC2012_val_00002012_with_ILSVRC2012_val_00032105_rank374,475,475,0.8861,0
ILSVRC2012_val_00002012_with_ILSVRC2012_val_00032840_rank556,390,824,0.22878,436
ILSVRC2012_val_00002012_with_ILSVRC2012_val_00024135_rank546,425,425,0.94164,0
ILSVRC2012_val_00002012_with_ILSVRC2012_val_00045442_rank891,316,316,0.92648,0
ILSVRC2012_val_00002012_with_ILSVRC2012_val_00013779_rank977,899,637,0.40999,168
ILSVRC2012_val_00002012_with_ILSVRC2012_val_00029041_rank293,364,364,0.90476,0
ILSVRC2012_val_00002012_with_ILSVRC2012_val_00032265_rank412,311,311,0.69477,0
ILSVRC2012_val_00002012_with_ILSVRC2012_val_00034967_rank506,457,457,0.87996,0
ILSVRC2012_val_00002012_with_ILSVRC2012_val_00016481_rank278,520,520,0.93213,0
ILSVRC2012_val_00002012_with_ILSVRC2012_val_00039693_rank691,741,881,0.51929,54
ILSVRC2012_val_00002012_with_ILSVRC2012_val_00009702_rank744,482,481,0.47853,2
ILSVRC2012_val_00002012_with_ILSVRC2012_val_00002582_rank595,320,320,0.87962,0
ILSVRC2012_val_00002012_with_ILSVRC2012_val_00004286_rank887,606,606,0.90637,0
ILSVRC2012_val_00002012_with_ILSVRC2012_val_00003476_rank818,689,775,0.10294,4
ILSVRC2012_val_00002012_with_ILSVRC2012_val_00028737_rank174,929,929,0.56062,0
ILSVRC2012_val_00002012_with_ILSVRC2012_val_00027974_rank250,290,290,0.83081,0
ILSVRC2012_val_00002012_with_ILSVRC2012_val_00030581_rank884,827,827,0.8861,0
ILSVRC2012_val_00002012_with_ILSVRC2012_val_00020710_rank158,21,21,0.96861,0
ILSVRC2012_val_00002012_with_ILSVRC2012_val_00023796_rank497,94,94,0.91649,0
ILSVRC2012_val_00002012_with_ILSVRC2012_val_00042823_rank384,912,348,0.7782,246
ILSVRC2012_val_00002012_with_ILSVRC2012_val_00004485_rank669,664,651,0.939,21
ILSVRC2012_val_00002012_with_ILSVRC2012_val_00007075_rank039,275,275,0.8911,0
ILSVRC2012_val_00002012_with_ILSVRC2012_val_00035685_rank471,432,764,0.47007,15
ILSVRC2012_val_00002012_with_ILSVRC2012_val_00009336_rank091,278,278,0.54756,0
ILSVRC2012_val_00002012_with_ILSVRC2012_val_00008107_rank147,652,652,0.51896,0
ILSVRC2012_val_00002012_with_ILSVRC2012_val_00000298_rank644,64,64,0.86294,0
ILSVRC2012_val_00002012_with_ILSVRC2012_val_00001615_rank689,943,943,0.93776,0
ILSVRC2012_val_00002012_with_ILSVRC2012_val_00021311_rank320,875,566,0.37652,3
ILSVRC2012_val_00002012_with_ILSVRC2012_val_00046976_rank928,29,29,0.9046,0
ILSVRC2012_val_00002012_with_ILSVRC2012_val_00007501_rank014,250,250,0.38689,0
ILSVRC2012_val_00002012_with_ILSVRC2012_val_00011464_rank784,932,932,0.91615,0
ILSVRC2012_val_00002012_with_ILSVRC2012_val_00018051_rank193,764,295,0.3703,247
ILSVRC2012_val_00002012_with_ILSVRC2012_val_00017635_rank657,301,301,0.91418,0
ILSVRC2012_val_00002012_with_ILSVRC2012_val_00049469_rank310,430,988,0.30204,328
ILSVRC2012_val_00002012_with_ILSVRC2012_val_00023426_rank439,365,365,0.25017,0
ILSVRC2012_val_00002012_with_ILSVRC2012_val_00042517_rank531,953,953,0.93931,0
ILSVRC2012_val_00002012_with_ILSVRC2012_val_00046456_rank141,367,179,0.39345,49
ILSVRC2012_val_00002012_with_ILSVRC2012_val_00013094_rank236,211,211,0.89165,0
ILSVRC2012_val_00002012_with_ILSVRC2012_val_00030431_rank497,94,94,0.93247,0
ILSVRC2012_val_00002012_with_ILSVRC2012_val_00002581_rank872,775,797,0.66771,49
ILSVRC2012_val_00002012_with_ILSVRC2012_val_00006448_rank186,388,388,0.89901,0
ILSVRC2012_val_00002012_with_ILSVRC2012_val_00026458_rank128,340,340,0.93773,0
ILSVRC2012_val_00002012_with_ILSVRC2012_val_00032924_rank308,872,872,0.38813,0
ILSVRC2012_val_00002012_with_ILSVRC2012_val_00028399_rank353,566,566,0.92805,0
ILSVRC2012_val_00002012_with_ILSVRC2012_val_00020984_rank959,583,583,0.24246,0
ILSVRC2012_val_00002012_with_ILSVRC2012_val_00020652_rank352,304,304,0.65728,0
ILSVRC2012_val_00002012_with_ILSVRC2012_val_00020830_rank133,216,212,0.42137,2
ILSVRC2012_val_00002012_with_ILSVRC2012_val_00040924_rank226,913,913,0.93384,0
ILSVRC2012_val_00002012_with_ILSVRC2012_val_00014212_rank610,971,971,0.93915,0
ILSVRC2012_val_00002012_with_ILSVRC2012_val_00045576_rank170,888,888,0.95849,0
ILSVRC2012_val_00002012_with_ILSVRC2012_val_00038985_rank509,633,633,0.11814,0
ILSVRC2012_val_00002012_with_ILSVRC2012_val_00017711_rank156,210,210,0.8883,0
ILSVRC2012_val_00002012_with_ILSVRC2012_val_00001295_rank323,542,733,0.36672,36
ILSVRC2012_val_00002012_with_ILSVRC2012_val_00000516_rank436,567,567,0.77994,0
ILSVRC2012_val_00002012_with_ILSVRC2012_val_00021013_rank800,546,546,0.91128,0
ILSVRC2012_val_00002012_with_ILSVRC2012_val_00012813_rank216,834,552,0.62577,29
ILSVRC2012_val_00002012_with_ILSVRC2012_val_00008126_rank642,450,407,0.10715,42
ILSVRC2012_val_00002012_with_ILSVRC2012_val_00046657_rank387,181,181,0.95278,0
ILSVRC2012_val_00002012_with_ILSVRC2012_val_00039612_rank426,307,307,0.94943,0
ILSVRC2012_val_00002012_with_ILSVRC2012_val_00001412_rank994,418,456,0.39382,245
ILSVRC2012_val_00002012_with_ILSVRC2012_val_00048370_rank121,189,189,0.90259,0
ILSVRC2012_val_00002012_with_ILSVRC2012_val_00017895_rank536,933,933,0.92676,0
ILSVRC2012_val_00002012_with_ILSVRC2012_val_00030917_rank581,814,408,0.95836,3
ILSVRC2012_val_00002012_with_ILSVRC2012_val_00026633_rank507,821,821,0.76089,0
ILSVRC2012_val_00002012_with_ILSVRC2012_val_00035852_rank596,871,871,0.91893,0
ILSVRC2012_val_00002012_with_ILSVRC2012_val_00023963_rank252,761,761,0.55962,0
ILSVRC2012_val_00002012_with_ILSVRC2012_val_00020438_rank055,151,151,0.41538,0
ILSVRC2012_val_00002012_with_ILSVRC2012_val_00005950_rank566,663,448,0.63226,271
ILSVRC2012_val_00002012_with_ILSVRC2012_val_00018233_rank123,293,293,0.93244,0
ILSVRC2012_val_00002012_with_ILSVRC2012_val_00003188_rank699,590,590,0.85862,0
ILSVRC2012_val_00002012_with_ILSVRC2012_val_00011123_rank720,397,397,0.92486,0
ILSVRC2012_val_00002012_with_ILSVRC2012_val_00028140_rank565,864,864,0.8505,0
ILSVRC2012_val_00002012_with_ILSVRC2012_val_00011922_rank638,120,120,0.91679,0
ILSVRC2012_val_00002012_with_ILSVRC2012_val_00000882_rank188,204,200,0.55591,3
ILSVRC2012_val_00002012_with_ILSVRC2012_val_00028500_rank084,199,199,0.91212,0
ILSVRC2012_val_00002012_with_ILSVRC2012_val_00028725_rank113,253,253,0.92967,0
ILSVRC2012_val_00002012_with_ILSVRC2012_val_00044358_rank604,615,615,0.96678,0
ILSVRC2012_val_00002012_with_ILSVRC2012_val_00013587_rank228,513,513,0.70214,0
ILSVRC2012_val_00002012_with_ILSVRC2012_val_00046413_rank294,353,353,0.75802,0
ILSVRC2012_val_00002012_with_ILSVRC2012_val_00006568_rank966,605,605,0.92984,0
ILSVRC2012_val_00002012_with_ILSVRC2012_val_00025720_rank002,225,225,0.89784,0
ILSVRC2012_val_00002012_with_ILSVRC2012_val_00019467_rank512,305,305,0.86104,0
ILSVRC2012_val_00002012_with_ILSVRC2012_val_00042636_rank392,492,637,0.25181,10
ILSVRC2012_val_00002012_with_ILSVRC2012_val_00047780_rank377,691,691,0.2751,0
ILSVRC2012_val_00002012_with_ILSVRC2012_val_00037763_rank759,789,789,0.92234,0
ILSVRC2012_val_00002012_with_ILSVRC2012_val_00022523_rank883,591,591,0.18134,0
ILSVRC2012_val_00002012_with_ILSVRC2012_val_00022809_rank724,488,490,0.41963,4
ILSVRC2012_val_00002012_with_ILSVRC2012_val_00024318_rank300,436,436,0.91788,0
ILSVRC2012_val_00002012_with_ILSVRC2012_val_00034480_rank317,718,703,0.07645,32
ILSVRC2012_val_00002012_with_ILSVRC2012_val_00006102_rank845,499,499,0.9013,0
ILSVRC2012_val_00002012_with_ILSVRC2012_val_00023193_rank416,756,898,0.11593,52
ILSVRC2012_val_00002012_with_ILSVRC2012_val_00006802_rank825,578,578,0.39891,0
ILSVRC2012_val_00002012_with_ILSVRC2012_val_00034167_rank734,867,867,0.82722,0
ILSVRC2012_val_00002012_with_ILSVRC2012_val_00015058_rank901,861,731,0.89105,7
ILSVRC2012_val_00002012_with_ILSVRC2012_val_00005998_rank878,287,287,0.91867,0
ILSVRC2012_val_00002012_with_ILSVRC2012_val_00006021_rank161,603,603,0.92108,0
ILSVRC2012_val_00002012_with_ILSVRC2012_val_00017201_rank242,458,458,0.76346,0
ILSVRC2012_val_00002012_with_ILSVRC2012_val_00043156_rank1000,903,903,0.76287,0
ILSVRC2012_val_00002012_with_ILSVRC2012_val_00037691_rank973,868,868,0.92347,0
ILSVRC2012_val_00002012_with_ILSVRC2012_val_00037964_rank533,681,527,0.37361,2
ILSVRC2012_val_00002012_with_ILSVRC2012_val_00035552_rank021,263,253,0.33639,4
ILSVRC2012_val_00002012_with_ILSVRC2012_val_00042811_rank685,314,78,0.65074,13
ILSVRC2012_val_00002012_with_ILSVRC2012_val_00035561_rank180,372,256,0.48645,181
ILSVRC2012_val_00002012_with_ILSVRC2012_val_00021229_rank075,180,180,0.72405,0
ILSVRC2012_val_00002012_with_ILSVRC2012_val_00009461_rank132,379,381,0.8252,1
ILSVRC2012_val_00002012_with_ILSVRC2012_val_00037212_rank439,365,365,0.94958,0
ILSVRC2012_val_00002012_with_ILSVRC2012_val_00020996_rank715,806,806,0.84239,0
ILSVRC2012_val_00002012_with_ILSVRC2012_val_00002157_rank719,121,121,0.81374,0
ILSVRC2012_val_00002012_with_ILSVRC2012_val_00049507_rank253,653,653,0.94813,0
ILSVRC2012_val_00002012_with_ILSVRC2012_val_00044526_rank481,722,722,0.91993,0
ILSVRC2012_val_00002012_with_ILSVRC2012_val_00041659_rank314,40,40,0.56057,0
ILSVRC2012_val_00002012_with_ILSVRC2012_val_00005457_rank116,195,195,0.90333,0
ILSVRC2012_val_00002012_with_ILSVRC2012_val_00042086_rank141,367,367,0.92743,0
ILSVRC2012_val_00002012_with_ILSVRC2012_val_00005879_rank688,917,917,0.73281,0
ILSVRC2012_val_00002012_with_ILSVRC2012_val_00000147_rank801,265,265,0.34152,0
ILSVRC2012_val_00002012_with_ILSVRC2012_val_00017311_rank023,269,269,0.82108,0
ILSVRC2012_val_00002012_with_ILSVRC2012_val_00015331_rank228,513,513,0.86218,0
ILSVRC2012_val_00002012_with_ILSVRC2012_val_00004250_rank440,524,524,0.44437,0
ILSVRC2012_val_00002012_with_ILSVRC2012_val_00016309_rank654,881,881,0.9341,0
ILSVRC2012_val_00002012_with_ILSVRC2012_val_00031482_rank272,518,518,0.9497,0
ILSVRC2012_val_00002012_with_ILSVRC2012_val_00041341_rank018,273,273,0.92889,0
ILSVRC2012_val_00002012_with_ILSVRC2012_val_00000079_rank028,175,175,0.86762,0
ILSVRC2012_val_00002012_with_ILSVRC2012_val_00016037_rank695,914,410,0.32205,393
ILSVRC2012_val_00002012_with_ILSVRC2012_val_00037233_rank356,136,136,0.9126,0
ILSVRC2012_val_00002012_with_ILSVRC2012_val_00035335_rank544,572,572,0.92387,0
ILSVRC2012_val_00002012_with_ILSVRC2012_val_00039285_rank680,835,835,0.73298,0
ILSVRC2012_val_00002012_with_ILSVRC2012_val_00000154_rank882,115,115,0.86645,0
ILSVRC2012_val_00002012_with_ILSVRC2012_val_00023464_rank943,72,72,0.52263,0
ILSVRC2012_val_00002012_with_ILSVRC2012_val_00037889_rank512,305,305,0.80462,0
ILSVRC2012_val_00002012_with_ILSVRC2012_val_00016273_rank239,327,327,0.30243,0
ILSVRC2012_val_00002012_with_ILSVRC2012_val_00015762_rank940,56,56,0.86144,0
ILSVRC2012_val_00002012_with_ILSVRC2012_val_00001327_rank618,978,774,0.51245,371
ILSVRC2012_val_00002012_with_ILSVRC2012_val_00049233_rank899,677,677,0.81699,0
ILSVRC2012_val_00002012_with_ILSVRC2012_val_00017253_rank721,81,81,0.92816,0
ILSVRC2012_val_00002012_with_ILSVRC2012_val_00032395_rank606,747,637,0.72,183
ILSVRC2012_val_00002012_with_ILSVRC2012_val_00003323_rank823,862,448,0.52,390
ILSVRC2012_val_00002012_with_ILSVRC2012_val_00010815_rank787,956,956,0.7661,0
ILSVRC2012_val_00002012_with_ILSVRC2012_val_00005045_rank822,30,30,0.91479,0
ILSVRC2012_val_00002012_with_ILSVRC2012_val_00028860_rank576,474,824,0.17528,2
ILSVRC2012_val_00002012_with_ILSVRC2012_val_00048878_rank959,583,912,0.54017,328
ILSVRC2012_val_00002012_with_ILSVRC2012_val_00043411_rank904,965,965,0.81568,0
ILSVRC2012_val_00002012_with_ILSVRC2012_val_00036597_rank160,294,294,0.93142,0
ILSVRC2012_val_00002012_with_ILSVRC2012_val_00022688_rank592,146,169,0.77881,140
ILSVRC2012_val_00002012_with_ILSVRC2012_val_00042149_rank992,712,807,0.40545,69
ILSVRC2012_val_00002012_with_ILSVRC2012_val_00045117_rank964,878,878,0.62554,0
ILSVRC2012_val_00002012_with_ILSVRC2012_val_00024533_rank019,222,207,0.41344,3
ILSVRC2012_val_00002012_with_ILSVRC2012_val_00035192_rank259,289,289,0.918,0
ILSVRC2012_val_00002012_with_ILSVRC2012_val_00006693_rank695,914,914,0.3169,0
ILSVRC2012_val_00002012_with_ILSVRC2012_val_00045758_rank179,342,342,0.82051,0
ILSVRC2012_val_00002012_with_ILSVRC2012_val_00047335_rank597,708,637,0.21053,172
ILSVRC2012_val_00002012_with_ILSVRC2012_val_00000036_rank840,887,887,0.86872,0
ILSVRC2012_val_00002012_with_ILSVRC2012_val_00014305_rank936,441,440,0.8217,1
ILSVRC2012_val_00002012_with_ILSVRC2012_val_00016536_rank197,515,515,0.29946,0
ILSVRC2012_val_00002012_with_ILSVRC2012_val_00016772_rank997,592,632,0.30337,34
ILSVRC2012_val_00002012_with_ILSVRC2012_val_00037535_rank295,370,370,0.90457,0
ILSVRC2012_val_00002012_with_ILSVRC2012_val_00039229_rank803,737,737,0.88582,0
ILSVRC2012_val_00002012_with_ILSVRC2012_val_00019431_rank985,719,719,0.94564,0
ILSVRC2012_val_00002012_with_ILSVRC2012_val_00020500_rank296,656,717,0.61534,8
ILSVRC2012_val_00002012_with_ILSVRC2012_val_00032547_rank638,120,120,0.92287,0
ILSVRC2012_val_00002012_with_ILSVRC2012_val_00011738_rank057,284,284,0.95253,0
ILSVRC2012_val_00002012_with_ILSVRC2012_val_00043082_rank834,647,647,0.91084,0
ILSVRC2012_val_00002012_with_ILSVRC2012_val_00046943_rank143,394,394,0.91251,0
ILSVRC2012_val_00002012_with_ILSVRC2012_val_00011927_rank677,48,341,0.36121,188
ILSVRC2012_val_00002012_with_ILSVRC2012_val_00013029_rank659,987,950,0.6821,23
ILSVRC2012_val_00002012_with_ILSVRC2012_val_00025639_rank284,402,402,0.89354,0
ILSVRC2012_val_00002012_with_ILSVRC2012_val_00008986_rank571,283,283,0.95484,0
ILSVRC2012_val_00002012_with_ILSVRC2012_val_00019099_rank132,379,295,0.44507,20
ILSVRC2012_val_00002012_with_ILSVRC2012_val_00014613_rank544,572,907,0.37548,7
ILSVRC2012_val_00002012_with_ILSVRC2012_val_00002470_rank253,653,653,0.94432,0
ILSVRC2012_val_00002012_with_ILSVRC2012_val_00027431_rank563,729,729,0.85384,0
ILSVRC2012_val_00002012_with_ILSVRC2012_val_00037086_rank568,587,587,0.92991,0
ILSVRC2012_val_00002012_with_ILSVRC2012_val_00014698_rank319,252,252,0.61713,0
ILSVRC2012_val_00002012_with_ILSVRC2012_val_00037609_rank037,165,234,0.85964,3
ILSVRC2012_val_00002012_with_ILSVRC2012_val_00031326_rank339,526,527,0.38918,1
ILSVRC2012_val_00002012_with_ILSVRC2012_val_00047878_rank470,10,10,0.9269,0
ILSVRC2012_val_00002012_with_ILSVRC2012_val_00038736_rank404,85,85,0.92219,0
ILSVRC2012_val_00002012_with_ILSVRC2012_val_00036852_rank242,458,458,0.91564,0
ILSVRC2012_val_00002012_with_ILSVRC2012_val_00023661_rank015,261,261,0.94234,0
ILSVRC2012_val_00002012_with_ILSVRC2012_val_00015936_rank688,917,410,0.81839,784
ILSVRC2012_val_00002012_with_ILSVRC2012_val_00040959_rank914,934,934,0.93186,0
ILSVRC2012_val_00002012_with_ILSVRC2012_val_00038567_rank015,261,261,0.93016,0
ILSVRC2012_val_00002012_with_ILSVRC2012_val_00048257_rank257,34,33,0.58772,1
ILSVRC2012_val_00002012_with_ILSVRC2012_val_00045886_rank535,561,561,0.89323,0
ILSVRC2012_val_00002012_with_ILSVRC2012_val_00032695_rank939,996,996,0.85436,0
ILSVRC2012_val_00002012_with_ILSVRC2012_val_00026172_rank608,564,564,0.9086,0
ILSVRC2012_val_00002012_with_ILSVRC2012_val_00043329_rank994,418,733,0.60919,150
ILSVRC2012_val_00002012_with_ILSVRC2012_val_00040816_rank837,724,724,0.34185,0
ILSVRC2012_val_00002012_with_ILSVRC2012_val_00002765_rank830,636,263,0.20261,962
ILSVRC2012_val_00002012_with_ILSVRC2012_val_00013163_rank194,413,413,0.59435,0
ILSVRC2012_val_00002012_with_ILSVRC2012_val_00049278_rank819,345,345,0.92901,0
ILSVRC2012_val_00002012_with_ILSVRC2012_val_00025834_rank330,609,609,0.93864,0
ILSVRC2012_val_00002012_with_ILSVRC2012_val_00004589_rank665,611,611,0.92783,0
ILSVRC2012_val_00002012_with_ILSVRC2012_val_00009375_rank278,520,564,0.67105,6
ILSVRC2012_val_00002012_with_ILSVRC2012_val_00028974_rank966,605,605,0.93019,0
ILSVRC2012_val_00002012_with_ILSVRC2012_val_00025494_rank799,840,792,0.45301,4
ILSVRC2012_val_00002012_with_ILSVRC2012_val_00028278_rank859,503,503,0.93787,0
ILSVRC2012_val_00002012_with_ILSVRC2012_val_00046498_rank334,297,297,0.89026,0
ILSVRC2012_val_00002012_with_ILSVRC2012_val_00006582_rank950,27,27,0.8435,0
ILSVRC2012_val_00002012_with_ILSVRC2012_val_00025968_rank814,319,319,0.93175,0
ILSVRC2012_val_00002012_with_ILSVRC2012_val_00031784_rank842,298,298,0.92918,0
ILSVRC2012_val_00002012_with_ILSVRC2012_val_00003507_rank570,673,637,0.39818,930
ILSVRC2012_val_00002012_with_ILSVRC2012_val_00040080_rank359,951,951,0.89998,0
ILSVRC2012_val_00002012_with_ILSVRC2012_val_00028107_rank187,8,8,0.73523,0
ILSVRC2012_val_00002012_with_ILSVRC2012_val_00007755_rank263,574,574,0.94403,0
ILSVRC2012_val_00002012_with_ILSVRC2012_val_00045689_rank577,517,912,0.16095,982
ILSVRC2012_val_00002012_with_ILSVRC2012_val_00034362_rank780,549,46,0.27793,414
ILSVRC2012_val_00002012_with_ILSVRC2012_val_00043483_rank183,84,84,0.90042,0
ILSVRC2012_val_00002012_with_ILSVRC2012_val_00032576_rank334,297,297,0.9393,0
ILSVRC2012_val_00002012_with_ILSVRC2012_val_00013484_rank289,3,3,0.91864,0
ILSVRC2012_val_00002012_with_ILSVRC2012_val_00033164_rank089,239,239,0.90906,0
ILSVRC2012_val_00002012_with_ILSVRC2012_val_00001188_rank665,611,611,0.66656,0
ILSVRC2012_val_00002012_with_ILSVRC2012_val_00016296_rank291,462,448,0.62556,40
ILSVRC2012_val_00002012_with_ILSVRC2012_val_00006863_rank681,989,989,0.91971,0
ILSVRC2012_val_00002012_with_ILSVRC2012_val_00000063_rank976,107,452,0.1313,229
ILSVRC2012_val_00002012_with_ILSVRC2012_val_00004654_rank614,533,533,0.43385,0
ILSVRC2012_val_00002012_with_ILSVRC2012_val_00013686_rank326,407,407,0.92684,0
ILSVRC2012_val_00002012_with_ILSVRC2012_val_00023132_rank998,696,696,0.9621,0
ILSVRC2012_val_00002012_with_ILSVRC2012_val_00036117_rank108,291,291,0.89731,0
ILSVRC2012_val_00002012_with_ILSVRC2012_val_00006806_rank679,434,434,0.57781,0
ILSVRC2012_val_00002012_with_ILSVRC2012_val_00011660_rank355,449,660,0.25347,4
ILSVRC2012_val_00002012_with_ILSVRC2012_val_00042624_rank185,309,309,0.89946,0
ILSVRC2012_val_00002012_with_ILSVRC2012_val_00024140_rank906,377,378,0.57555,3
ILSVRC2012_val_00002012_with_ILSVRC2012_val_00028327_rank523,795,428,0.17881,671
ILSVRC2012_val_00002012_with_ILSVRC2012_val_00032007_rank877,727,727,0.92151,0
ILSVRC2012_val_00002012_with_ILSVRC2012_val_00012901_rank042,240,240,0.91719,0
ILSVRC2012_val_00002012_with_ILSVRC2012_val_00010227_rank229,670,670,0.61954,0
ILSVRC2012_val_00002012_with_ILSVRC2012_val_00040137_rank265,661,661,0.94051,0
ILSVRC2012_val_00002012_with_ILSVRC2012_val_00018066_rank403,627,627,0.92732,0
ILSVRC2012_val_00002012_with_ILSVRC2012_val_00024858_rank094,330,330,0.79447,0
ILSVRC2012_val_00002012_with_ILSVRC2012_val_00049537_rank366,869,869,0.89995,0
ILSVRC2012_val_00002012_with_ILSVRC2012_val_00012142_rank731,873,637,0.2279,266
ILSVRC2012_val_00002012_with_ILSVRC2012_val_00013470_rank284,402,402,0.94281,0
ILSVRC2012_val_00002012_with_ILSVRC2012_val_00008301_rank329,453,453,0.52127,0
ILSVRC2012_val_00002012_with_ILSVRC2012_val_00021607_rank423,306,306,0.93371,0
ILSVRC2012_val_00002012_with_ILSVRC2012_val_00030789_rank700,654,654,0.95972,0
ILSVRC2012_val_00002012_with_ILSVRC2012_val_00016882_rank440,524,787,0.63671,3
ILSVRC2012_val_00002012_with_ILSVRC2012_val_00024506_rank806,746,622,0.32997,1
ILSVRC2012_val_00002012_with_ILSVRC2012_val_00005148_rank997,592,919,0.15877,151
ILSVRC2012_val_00002012_with_ILSVRC2012_val_00010468_rank233,543,543,0.90339,0
ILSVRC2012_val_00002012_with_ILSVRC2012_val_00011547_rank513,697,697,0.7228,0
ILSVRC2012_val_00002012_with_ILSVRC2012_val_00018813_rank232,391,391,0.91404,0
ILSVRC2012_val_00002012_with_ILSVRC2012_val_00037849_rank680,835,835,0.88329,0
ILSVRC2012_val_00002012_with_ILSVRC2012_val_00000891_rank784,932,932,0.92261,0
ILSVRC2012_val_00002012_with_ILSVRC2012_val_00044457_rank829,469,469,0.74329,0
ILSVRC2012_val_00002012_with_ILSVRC2012_val_00023655_rank327,348,348,0.95367,0
ILSVRC2012_val_00002012_with_ILSVRC2012_val_00039754_rank667,992,992,0.84321,0
ILSVRC2012_val_00002012_with_ILSVRC2012_val_00028406_rank972,804,804,0.97008,0
ILSVRC2012_val_00002012_with_ILSVRC2012_val_00007982_rank724,488,616,0.41354,2
ILSVRC2012_val_00002012_with_ILSVRC2012_val_00029514_rank469,738,211,0.89839,307
ILSVRC2012_val_00002012_with_ILSVRC2012_val_00020883_rank524,707,637,0.26706,6
ILSVRC2012_val_00002012_with_ILSVRC2012_val_00002661_rank437,628,628,0.92292,0
ILSVRC2012_val_00002012_with_ILSVRC2012_val_00002231_rank337,62,62,0.4852,0
ILSVRC2012_val_00002012_with_ILSVRC2012_val_00032146_rank311,105,105,0.91887,0
ILSVRC2012_val_00002012_with_ILSVRC2012_val_00042598_rank885,529,842,0.31256,3
ILSVRC2012_val_00002012_with_ILSVRC2012_val_00013856_rank087,242,242,0.90257,0
ILSVRC2012_val_00002012_with_ILSVRC2012_val_00017166_rank221,448,448,0.93237,0
ILSVRC2012_val_00002012_with_ILSVRC2012_val_00030433_rank003,174,174,0.93702,0
ILSVRC2012_val_00002012_with_ILSVRC2012_val_00049791_rank244,743,743,0.74473,0
ILSVRC2012_val_00002012_with_ILSVRC2012_val_00020052_rank364,22,22,0.89585,0
ILSVRC2012_val_00002012_with_ILSVRC2012_val_00006843_rank388,610,402,0.80338,56
ILSVRC2012_val_00002012_with_ILSVRC2012_val_00018932_rank251,339,339,0.90911,0
ILSVRC2012_val_00002012_with_ILSVRC2012_val_00049074_rank960,745,745,0.93113,0
ILSVRC2012_val_00002012_with_ILSVRC2012_val_00048761_rank102,218,212,0.86628,10
ILSVRC2012_val_00002012_with_ILSVRC2012_val_00035337_rank234,351,351,0.93265,0
ILSVRC2012_val_00002012_with_ILSVRC2012_val_00004859_rank304,24,24,0.91895,0
ILSVRC2012_val_00002012_with_ILSVRC2012_val_00006530_rank565,864,609,0.91898,8
ILSVRC2012_val_00002012_with_ILSVRC2012_val_00022764_rank502,70,815,0.32147,10
ILSVRC2012_val_00002012_with_ILSVRC2012_val_00012202_rank233,543,398,0.61891,13
ILSVRC2012_val_00002012_with_ILSVRC2012_val_00042007_rank700,654,654,0.61046,0
ILSVRC2012_val_00002012_with_ILSVRC2012_val_00009463_rank420,957,957,0.9138,0
ILSVRC2012_val_00002012_with_ILSVRC2012_val_00040124_rank652,704,704,0.90823,0
ILSVRC2012_val_00002012_with_ILSVRC2012_val_00022783_rank792,440,440,0.89746,0
ILSVRC2012_val_00002012_with_ILSVRC2012_val_00022442_rank583,92,92,0.88645,0
ILSVRC2012_val_00002012_with_ILSVRC2012_val_00022370_rank348,400,667,0.9261,1
ILSVRC2012_val_00002012_with_ILSVRC2012_val_00014323_rank616,698,698,0.9025,0
ILSVRC2012_val_00002012_with_ILSVRC2012_val_00045103_rank204,385,385,0.59187,0
ILSVRC2012_val_00002012_with_ILSVRC2012_val_00004871_rank999,409,398,0.47161,512
ILSVRC2012_val_00002012_with_ILSVRC2012_val_00005662_rank001,235,235,0.9479,0
ILSVRC2012_val_00002012_with_ILSVRC2012_val_00021082_rank145,539,637,0.38182,81
ILSVRC2012_val_00002012_with_ILSVRC2012_val_00038094_rank147,652,652,0.28786,0
ILSVRC2012_val_00002012_with_ILSVRC2012_val_00048135_rank374,475,475,0.84099,0
ILSVRC2012_val_00002012_with_ILSVRC2012_val_00004272_rank254,366,366,0.91155,0
ILSVRC2012_val_00002012_with_ILSVRC2012_val_00049976_rank360,361,361,0.91128,0
ILSVRC2012_val_00002012_with_ILSVRC2012_val_00046825_rank319,252,252,0.89476,0
ILSVRC2012_val_00002012_with_ILSVRC2012_val_00019962_rank124,192,192,0.89318,0
ILSVRC2012_val_00002012_with_ILSVRC2012_val_00044263_rank875,758,758,0.62684,0
ILSVRC2012_val_00002012_with_ILSVRC2012_val_00046686_rank873,800,800,0.82161,0
ILSVRC2012_val_00002012_with_ILSVRC2012_val_00017441_rank260,100,100,0.93008,0
ILSVRC2012_val_00002012_with_ILSVRC2012_val_00004952_rank616,698,698,0.88488,0
ILSVRC2012_val_00002012_with_ILSVRC2012_val_00007906_rank051,186,186,0.8986,0
ILSVRC2012_val_00002012_with_ILSVRC2012_val_00036557_rank556,390,17,0.47462,156
ILSVRC2012_val_00002012_with_ILSVRC2012_val_00042588_rank425,360,337,0.92038,1
ILSVRC2012_val_00002012_with_ILSVRC2012_val_00019531_rank289,3,3,0.3088,0
ILSVRC2012_val_00002012_with_ILSVRC2012_val_00008306_rank740,885,885,0.69964,0
ILSVRC2012_val_00002012_with_ILSVRC2012_val_00041267_rank250,290,288,0.7402,1
ILSVRC2012_val_00002012_with_ILSVRC2012_val_00012244_rank1000,903,903,0.07397,0
ILSVRC2012_val_00002012_with_ILSVRC2012_val_00010047_rank118,286,286,0.93614,0
ILSVRC2012_val_00002012_with_ILSVRC2012_val_00006931_rank457,380,380,0.57545,0
ILSVRC2012_val_00002012_with_ILSVRC2012_val_00007912_rank411,19,374,0.22471,98
ILSVRC2012_val_00002012_with_ILSVRC2012_val_00012355_rank643,266,267,0.50971,2
ILSVRC2012_val_00002012_with_ILSVRC2012_val_00012051_rank774,798,912,0.14787,323
ILSVRC2012_val_00002012_with_ILSVRC2012_val_00006229_rank913,846,846,0.28868,0
ILSVRC2012_val_00002012_with_ILSVRC2012_val_00025453_rank355,449,425,0.48476,3
ILSVRC2012_val_00002012_with_ILSVRC2012_val_00032723_rank809,426,426,0.94854,0
ILSVRC2012_val_00002012_with_ILSVRC2012_val_00001010_rank950,27,27,0.59344,0
ILSVRC2012_val_00002012_with_ILSVRC2012_val_00049568_rank470,10,10,0.91701,0
ILSVRC2012_val_00002012_with_ILSVRC2012_val_00013728_rank100,201,220,0.29947,90
ILSVRC2012_val_00002012_with_ILSVRC2012_val_00026021_rank404,85,85,0.90733,0
ILSVRC2012_val_00002012_with_ILSVRC2012_val_00013556_rank739,813,813,0.73547,0
ILSVRC2012_val_00002012_with_ILSVRC2012_val_00001089_rank956,508,730,0.89003,768
ILSVRC2012_val_00002012_with_ILSVRC2012_val_00031215_rank506,457,457,0.89867,0
ILSVRC2012_val_00002012_with_ILSVRC2012_val_00002861_rank883,591,591,0.81309,0
ILSVRC2012_val_00002012_with_ILSVRC2012_val_00010811_rank607,77,77,0.78439,0
ILSVRC2012_val_00002012_with_ILSVRC2012_val_00016597_rank862,923,923,0.35786,0
ILSVRC2012_val_00002012_with_ILSVRC2012_val_00024331_rank727,680,912,0.07913,497
ILSVRC2012_val_00002012_with_ILSVRC2012_val_00026714_rank500,858,410,0.83143,56
ILSVRC2012_val_00002012_with_ILSVRC2012_val_00000995_rank335,919,919,0.81413,0
ILSVRC2012_val_00002012_with_ILSVRC2012_val_00021775_rank220,468,468,0.81718,0
ILSVRC2012_val_00002012_with_ILSVRC2012_val_00024645_rank878,287,287,0.92066,0
ILSVRC2012_val_00002012_with_ILSVRC2012_val_00002097_rank189,219,219,0.90811,0
ILSVRC2012_val_00002012_with_ILSVRC2012_val_00049229_rank064,166,166,0.56457,0
ILSVRC2012_val_00002012_with_ILSVRC2012_val_00003559_rank339,526,526,0.1927,0
ILSVRC2012_val_00002012_with_ILSVRC2012_val_00049944_rank654,881,881,0.92496,0
ILSVRC2012_val_00002012_with_ILSVRC2012_val_00049398_rank921,854,458,0.22295,874
ILSVRC2012_val_00002012_with_ILSVRC2012_val_00026469_rank668,672,672,0.85374,0
ILSVRC2012_val_00002012_with_ILSVRC2012_val_00028636_rank439,365,365,0.92353,0
ILSVRC2012_val_00002012_with_ILSVRC2012_val_00045403_rank611,986,986,0.11108,0
ILSVRC2012_val_00002012_with_ILSVRC2012_val_00034666_rank501,47,47,0.92647,0
ILSVRC2012_val_00002012_with_ILSVRC2012_val_00008328_rank391,593,730,0.69543,985
ILSVRC2012_val_00002012_with_ILSVRC2012_val_00026956_rank056,223,223,0.89285,0
ILSVRC2012_val_00002012_with_ILSVRC2012_val_00025254_rank429,608,4,0.19764,407
ILSVRC2012_val_00002012_with_ILSVRC2012_val_00002768_rank834,647,637,0.44816,756
ILSVRC2012_val_00002012_with_ILSVRC2012_val_00021109_rank716,49,49,0.93044,0
ILSVRC2012_val_00002012_with_ILSVRC2012_val_00034141_rank834,647,463,0.63023,18
ILSVRC2012_val_00002012_with_ILSVRC2012_val_00022049_rank775,907,966,0.51923,1
ILSVRC2012_val_00002012_with_ILSVRC2012_val_00031362_rank941,521,521,0.93948,0
ILSVRC2012_val_00002012_with_ILSVRC2012_val_00048597_rank709,502,502,0.93441,0
ILSVRC2012_val_00002012_with_ILSVRC2012_val_00028106_rank331,836,444,0.17275,232
ILSVRC2012_val_00002012_with_ILSVRC2012_val_00039001_rank715,806,806,0.50569,0
ILSVRC2012_val_00002012_with_ILSVRC2012_val_00029435_rank162,183,197,0.93437,2
ILSVRC2012_val_00002012_with_ILSVRC2012_val_00034116_rank206,401,401,0.5652,0
ILSVRC2012_val_00002012_with_ILSVRC2012_val_00020345_rank792,440,440,0.95705,0
ILSVRC2012_val_00002012_with_ILSVRC2012_val_00006368_rank914,934,934,0.9321,0
ILSVRC2012_val_00002012_with_ILSVRC2012_val_00018386_rank851,850,850,0.95738,0
ILSVRC2012_val_00002012_with_ILSVRC2012_val_00027249_rank663,687,687,0.87254,0
ILSVRC2012_val_00002012_with_ILSVRC2012_val_00003312_rank211,853,853,0.90098,0
ILSVRC2012_val_00002012_with_ILSVRC2012_val_00028683_rank078,173,173,0.90579,0
ILSVRC2012_val_00002012_with_ILSVRC2012_val_00008804_rank652,704,704,0.91534,0
ILSVRC2012_val_00002012_with_ILSVRC2012_val_00045688_rank885,529,146,0.33282,582
ILSVRC2012_val_00002012_with_ILSVRC2012_val_00040578_rank606,747,747,0.93847,0
ILSVRC2012_val_00002012_with_ILSVRC2012_val_00029381_rank045,193,186,0.49996,3
ILSVRC2012_val_00002012_with_ILSVRC2012_val_00049432_rank973,868,868,0.36685,0
ILSVRC2012_val_00002012_with_ILSVRC2012_val_00024707_rank420,957,879,0.68578,503
ILSVRC2012_val_00002012_with_ILSVRC2012_val_00009923_rank346,143,143,0.93553,0
ILSVRC2012_val_00002012_with_ILSVRC2012_val_00028198_rank650,39,39,0.91634,0
ILSVRC2012_val_00002012_with_ILSVRC2012_val_00028016_rank096,196,196,0.90367,0
ILSVRC2012_val_00002012_with_ILSVRC2012_val_00030865_rank314,40,40,0.60646,0
ILSVRC2012_val_00002012_with_ILSVRC2012_val_00001386_rank224,356,356,0.24217,0
ILSVRC2012_val_00002012_with_ILSVRC2012_val_00041032_rank687,920,920,0.38096,0
ILSVRC2012_val_00002012_with_ILSVRC2012_val_00015314_rank561,948,948,0.82175,0
ILSVRC2012_val_00002012_with_ILSVRC2012_val_00036397_rank152,381,381,0.93584,0
ILSVRC2012_val_00002012_with_ILSVRC2012_val_00039906_rank414,847,847,0.92187,0
ILSVRC2012_val_00002012_with_ILSVRC2012_val_00032919_rank420,957,957,0.95304,0
ILSVRC2012_val_00002012_with_ILSVRC2012_val_00038475_rank232,391,391,0.91174,0
ILSVRC2012_val_00002012_with_ILSVRC2012_val_00017929_rank275,983,723,0.94635,609
ILSVRC2012_val_00002012_with_ILSVRC2012_val_00007430_rank148,220,220,0.93981,0
ILSVRC2012_val_00002012_with_ILSVRC2012_val_00001311_rank165,444,444,0.90012,0
ILSVRC2012_val_00002012_with_ILSVRC2012_val_00000864_rank767,668,668,0.86244,0
ILSVRC2012_val_00002012_with_ILSVRC2012_val_00016949_rank508,497,497,0.71107,0
ILSVRC2012_val_00002012_with_ILSVRC2012_val_00007812_rank221,448,912,0.08016,26
ILSVRC2012_val_00002012_with_ILSVRC2012_val_00008443_rank895,459,459,0.94557,0
ILSVRC2012_val_00002012_with_ILSVRC2012_val_00014745_rank027,214,214,0.93213,0
ILSVRC2012_val_00002012_with_ILSVRC2012_val_00024385_rank622,999,242,0.32238,240
ILSVRC2012_val_00002012_with_ILSVRC2012_val_00006410_rank295,370,370,0.92444,0
ILSVRC2012_val_00002012_with_ILSVRC2012_val_00026914_rank844,481,481,0.8342,0
ILSVRC2012_val_00002012_with_ILSVRC2012_val_00029683_rank091,278,278,0.88082,0
ILSVRC2012_val_00002012_with_ILSVRC2012_val_00026301_rank351,675,675,0.94545,0
ILSVRC2012_val_00002012_with_ILSVRC2012_val_00013512_rank246,13,10,0.90267,2
ILSVRC2012_val_00002012_with_ILSVRC2012_val_00045786_rank202,472,472,0.79699,0
ILSVRC2012_val_00002012_with_ILSVRC2012_val_00032676_rank818,689,689,0.88344,0
ILSVRC2012_val_00002012_with_ILSVRC2012_val_00040902_rank895,459,459,0.93109,0
ILSVRC2012_val_00002012_with_ILSVRC2012_val_00012464_rank217,703,703,0.93146,0
ILSVRC2012_val_00002012_with_ILSVRC2012_val_00004275_rank451,702,494,0.81885,34
ILSVRC2012_val_00002012_with_ILSVRC2012_val_00027644_rank804,947,125,0.16245,91
ILSVRC2012_val_00002012_with_ILSVRC2012_val_00003829_rank911,631,631,0.64909,0
ILSVRC2012_val_00002012_with_ILSVRC2012_val_00024662_rank147,652,410,0.08402,267
ILSVRC2012_val_00002012_with_ILSVRC2012_val_00043176_rank646,622,622,0.91938,0
ILSVRC2012_val_00002012_with_ILSVRC2012_val_00035617_rank986,599,599,0.8614,0
ILSVRC2012_val_00002012_with_ILSVRC2012_val_00038013_rank727,680,912,0.16627,497
ILSVRC2012_val_00002012_with_ILSVRC2012_val_00047523_rank342,148,146,0.24711,13
ILSVRC2012_val_00002012_with_ILSVRC2012_val_00032218_rank885,529,692,0.23827,39
ILSVRC2012_val_00002012_with_ILSVRC2012_val_00012457_rank118,286,286,0.94161,0
ILSVRC2012_val_00002012_with_ILSVRC2012_val_00029738_rank071,368,368,0.7567,0
ILSVRC2012_val_00002012_with_ILSVRC2012_val_00021263_rank613,473,473,0.95643,0
ILSVRC2012_val_00002012_with_ILSVRC2012_val_00036952_rank919,886,886,0.80771,0
ILSVRC2012_val_00002012_with_ILSVRC2012_val_00002633_rank634,141,141,0.91533,0
ILSVRC2012_val_00002012_with_ILSVRC2012_val_00008931_rank426,307,307,0.88117,0
ILSVRC2012_val_00002012_with_ILSVRC2012_val_00001220_rank844,481,481,0.86207,0
ILSVRC2012_val_00002012_with_ILSVRC2012_val_00009235_rank692,790,790,0.87527,0
ILSVRC2012_val_00002012_with_ILSVRC2012_val_00030412_rank050,170,177,0.24575,1
ILSVRC2012_val_00002012_with_ILSVRC2012_val_00033291_rank805,623,872,0.74447,95
ILSVRC2012_val_00002012_with_ILSVRC2012_val_00007957_rank033,104,104,0.93133,0
ILSVRC2012_val_00002012_with_ILSVRC2012_val_00034771_rank007,234,214,0.4393,3
ILSVRC2012_val_00002012_with_ILSVRC2012_val_00027674_rank195,142,142,0.828,0
ILSVRC2012_val_00002012_with_ILSVRC2012_val_00044948_rank587,333,338,0.94483,1
ILSVRC2012_val_00002012_with_ILSVRC2012_val_00014117_rank049,213,213,0.86344,0
ILSVRC2012_val_00002012_with_ILSVRC2012_val_00019696_rank104,355,355,0.38738,0
ILSVRC2012_val_00002012_with_ILSVRC2012_val_00010165_rank782,685,685,0.91151,0
ILSVRC2012_val_00002012_with_ILSVRC2012_val_00033869_rank099,852,912,0.06749,208
ILSVRC2012_val_00002012_with_ILSVRC2012_val_00000088_rank957,28,28,0.59992,0
ILSVRC2012_val_00002012_with_ILSVRC2012_val_00011042_rank179,342,342,0.68886,0
ILSVRC2012_val_00002012_with_ILSVRC2012_val_00038340_rank622,999,700,0.63309,1
ILSVRC2012_val_00002012_with_ILSVRC2012_val_00015250_rank621,403,403,0.90364,0
ILSVRC2012_val_00002012_with_ILSVRC2012_val_00012350_rank946,683,432,0.91004,1
ILSVRC2012_val_00002012_with_ILSVRC2012_val_00006893_rank636,410,410,0.93251,0
ILSVRC2012_val_00002012_with_ILSVRC2012_val_00011074_rank766,322,322,0.93357,0
ILSVRC2012_val_00002012_with_ILSVRC2012_val_00047023_rank221,448,637,0.52862,1
ILSVRC2012_val_00002012_with_ILSVRC2012_val_00001108_rank534,59,912,0.45515,105
ILSVRC2012_val_00002012_with_ILSVRC2012_val_00028362_rank434,557,733,0.14416,1
ILSVRC2012_val_00002012_with_ILSVRC2012_val_00044701_rank036,208,208,0.93442,0
ILSVRC2012_val_00002012_with_ILSVRC2012_val_00017164_rank018,273,273,0.90014,0
ILSVRC2012_val_00002012_with_ILSVRC2012_val_00016423_rank303,553,553,0.58374,0
ILSVRC2012_val_00002012_with_ILSVRC2012_val_00009727_rank881,619,619,0.76207,0
ILSVRC2012_val_00002012_with_ILSVRC2012_val_00045385_rank840,887,348,0.22995,267
ILSVRC2012_val_00002012_with_ILSVRC2012_val_00027444_rank232,391,391,0.9109,0
ILSVRC2012_val_00002012_with_ILSVRC2012_val_00031176_rank268,802,802,0.84469,0
ILSVRC2012_val_00002012_with_ILSVRC2012_val_00023047_rank484,547,547,0.7603,0
ILSVRC2012_val_00002012_with_ILSVRC2012_val_00045234_rank404,85,85,0.92353,0
ILSVRC2012_val_00002012_with_ILSVRC2012_val_00045988_rank883,591,591,0.30967,0
ILSVRC2012_val_00002012_with_ILSVRC2012_val_00014453_rank500,858,858,0.92466,0
ILSVRC2012_val_00002012_with_ILSVRC2012_val_00049400_rank099,852,852,0.89938,0
ILSVRC2012_val_00002012_with_ILSVRC2012_val_00022877_rank896,684,684,0.92272,0
ILSVRC2012_val_00002012_with_ILSVRC2012_val_00023050_rank697,905,807,0.89768,107
ILSVRC2012_val_00002012_with_ILSVRC2012_val_00008260_rank964,878,810,0.847,1
ILSVRC2012_val_00002012_with_ILSVRC2012_val_00012318_rank019,222,222,0.92911,0
ILSVRC2012_val_00002012_with_ILSVRC2012_val_00032738_rank142,228,228,0.95963,0
ILSVRC2012_val_00002012_with_ILSVRC2012_val_00029387_rank094,330,330,0.76246,0
ILSVRC2012_val_00002012_with_ILSVRC2012_val_00031581_rank408,630,630,0.93716,0
ILSVRC2012_val_00002012_with_ILSVRC2012_val_00047192_rank811,451,637,0.8045,976
ILSVRC2012_val_00002012_with_ILSVRC2012_val_00000388_rank492,420,420,0.93073,0
ILSVRC2012_val_00002012_with_ILSVRC2012_val_00022750_rank823,862,862,0.2452,0
ILSVRC2012_val_00002012_with_ILSVRC2012_val_00047097_rank991,626,626,0.86412,0
ILSVRC2012_val_00002012_with_ILSVRC2012_val_00029781_rank559,643,643,0.85396,0
ILSVRC2012_val_00002012_with_ILSVRC2012_val_00046137_rank071,368,368,0.93216,0
ILSVRC2012_val_00002012_with_ILSVRC2012_val_00015307_rank027,214,214,0.89705,0
ILSVRC2012_val_00002012_with_ILSVRC2012_val_00022724_rank984,997,947,0.24389,1
ILSVRC2012_val_00002012_with_ILSVRC2012_val_00027632_rank923,936,936,0.91916,0
ILSVRC2012_val_00002012_with_ILSVRC2012_val_00031956_rank694,728,412,0.84529,3
ILSVRC2012_val_00002012_with_ILSVRC2012_val_00032736_rank952,507,507,0.89215,0
ILSVRC2012_val_00002012_with_ILSVRC2012_val_00015088_rank799,840,840,0.91968,0
ILSVRC2012_val_00002012_with_ILSVRC2012_val_00045054_rank735,135,135,0.91011,0
ILSVRC2012_val_00002012_with_ILSVRC2012_val_00042054_rank834,647,647,0.81292,0
ILSVRC2012_val_00002012_with_ILSVRC2012_val_00029598_rank923,936,936,0.91468,0
ILSVRC2012_val_00002012_with_ILSVRC2012_val_00034688_rank476,318,318,0.93854,0
ILSVRC2012_val_00002012_with_ILSVRC2012_val_00007311_rank637,895,895,0.85542,0
ILSVRC2012_val_00002012_with_ILSVRC2012_val_00033575_rank376,25,25,0.85888,0
ILSVRC2012_val_00002012_with_ILSVRC2012_val_00019244_rank576,474,474,0.44179,0
ILSVRC2012_val_00002012_with_ILSVRC2012_val_00002526_rank835,596,410,0.20425,159
ILSVRC2012_val_00002012_with_ILSVRC2012_val_00029422_rank997,592,592,0.70676,0
ILSVRC2012_val_00002012_with_ILSVRC2012_val_00015022_rank512,305,305,0.9418,0
ILSVRC2012_val_00002012_with_ILSVRC2012_val_00039297_rank593,909,909,0.92463,0
ILSVRC2012_val_00002012_with_ILSVRC2012_val_00018352_rank371,595,595,0.36371,0
ILSVRC2012_val_00002012_with_ILSVRC2012_val_00000582_rank845,499,499,0.95009,0
ILSVRC2012_val_00002012_with_ILSVRC2012_val_00039671_rank718,123,123,0.48559,0
ILSVRC2012_val_00002012_with_ILSVRC2012_val_00044878_rank478,412,412,0.67048,0
ILSVRC2012_val_00002012_with_ILSVRC2012_val_00028908_rank119,268,268,0.8875,0
ILSVRC2012_val_00002012_with_ILSVRC2012_val_00044328_rank137,150,150,0.89688,0
ILSVRC2012_val_00002012_with_ILSVRC2012_val_00004248_rank061,197,197,0.67313,0
ILSVRC2012_val_00002012_with_ILSVRC2012_val_00026200_rank658,770,770,0.93443,0
ILSVRC2012_val_00002012_with_ILSVRC2012_val_00012523_rank543,145,145,0.93197,0
ILSVRC2012_val_00002012_with_ILSVRC2012_val_00021175_rank569,973,973,0.16744,0
ILSVRC2012_val_00002012_with_ILSVRC2012_val_00018056_rank732,577,577,0.64838,0
ILSVRC2012_val_00002012_with_ILSVRC2012_val_00040873_rank291,462,462,0.87187,0
ILSVRC2012_val_00002012_with_ILSVRC2012_val_00009556_rank089,239,244,0.58125,7
ILSVRC2012_val_00002012_with_ILSVRC2012_val_00032737_rank154,299,299,0.8665,0
ILSVRC2012_val_00002012_with_ILSVRC2012_val_00046768_rank008,249,249,0.92821,0
ILSVRC2012_val_00002012_with_ILSVRC2012_val_00020400_rank744,482,482,0.39504,0
ILSVRC2012_val_00002012_with_ILSVRC2012_val_00040610_rank751,991,991,0.4374,0
ILSVRC2012_val_00002012_with_ILSVRC2012_val_00037271_rank211,853,428,0.9595,108
ILSVRC2012_val_00002012_with_ILSVRC2012_val_00018028_rank040,164,164,0.85219,0
ILSVRC2012_val_00002012_with_ILSVRC2012_val_00003372_rank374,475,475,0.91336,0
ILSVRC2012_val_00002012_with_ILSVRC2012_val_00006342_rank974,117,117,0.91002,0
ILSVRC2012_val_00002012_with_ILSVRC2012_val_00013808_rank634,141,141,0.92306,0
ILSVRC2012_val_00002012_with_ILSVRC2012_val_00021410_rank947,784,912,0.15007,592
ILSVRC2012_val_00002012_with_ILSVRC2012_val_00026922_rank598,717,717,0.86254,0
ILSVRC2012_val_00002012_with_ILSVRC2012_val_00011671_rank983,748,748,0.9057,0
ILSVRC2012_val_00002012_with_ILSVRC2012_val_00024157_rank873,800,800,0.92089,0
ILSVRC2012_val_00002012_with_ILSVRC2012_val_00035138_rank522,395,395,0.7146,0
ILSVRC2012_val_00002012_with_ILSVRC2012_val_00046802_rank583,92,92,0.91531,0
ILSVRC2012_val_00002012_with_ILSVRC2012_val_00023258_rank520,315,315,0.31017,0
ILSVRC2012_val_00002012_with_ILSVRC2012_val_00047983_rank137,150,345,0.34116,83
ILSVRC2012_val_00002012_with_ILSVRC2012_val_00039541_rank503,519,956,0.2627,257
ILSVRC2012_val_00002012_with_ILSVRC2012_val_00001451_rank704,565,565,0.92031,0
ILSVRC2012_val_00002012_with_ILSVRC2012_val_00022673_rank279,660,660,0.93558,0
ILSVRC2012_val_00002012_with_ILSVRC2012_val_00042850_rank511,357,359,0.44827,5
ILSVRC2012_val_00002012_with_ILSVRC2012_val_00022815_rank861,446,446,0.15776,0
ILSVRC2012_val_00002012_with_ILSVRC2012_val_00018628_rank481,722,722,0.38316,0
ILSVRC2012_val_00002012_with_ILSVRC2012_val_00023200_rank788,679,488,0.50686,1
ILSVRC2012_val_00002012_with_ILSVRC2012_val_00049789_rank598,717,864,0.34947,3
ILSVRC2012_val_00002012_with_ILSVRC2012_val_00014999_rank335,919,919,0.91765,0
ILSVRC2012_val_00002012_with_ILSVRC2012_val_00025154_rank747,990,990,0.93466,0
ILSVRC2012_val_00002012_with_ILSVRC2012_val_00030295_rank967,709,709,0.97261,0
ILSVRC2012_val_00002012_with_ILSVRC2012_val_00020128_rank110,221,221,0.55637,0
ILSVRC2012_val_00002012_with_ILSVRC2012_val_00016613_rank445,511,511,0.92392,0
ILSVRC2012_val_00002012_with_ILSVRC2012_val_00000858_rank977,899,725,0.61747,1
ILSVRC2012_val_00002012_with_ILSVRC2012_val_00007390_rank497,94,94,0.92639,0
ILSVRC2012_val_00002012_with_ILSVRC2012_val_00034202_rank936,441,441,0.92176,0
ILSVRC2012_val_00002012_with_ILSVRC2012_val_00031324_rank818,689,601,0.40064,1
ILSVRC2012_val_00002012_with_ILSVRC2012_val_00033884_rank023,269,269,0.80824,0
ILSVRC2012_val_00002012_with_ILSVRC2012_val_00007693_rank589,857,857,0.93909,0
ILSVRC2012_val_00002012_with_ILSVRC2012_val_00005057_rank145,539,539,0.42317,0
ILSVRC2012_val_00002012_with_ILSVRC2012_val_00035774_rank258,2,2,0.87137,0
ILSVRC2012_val_00002012_with_ILSVRC2012_val_00023577_rank156,210,210,0.45028,0
ILSVRC2012_val_00002012_with_ILSVRC2012_val_00005862_rank300,436,609,0.46625,8
ILSVRC2012_val_00002012_with_ILSVRC2012_val_00007347_rank877,727,727,0.87689,0
ILSVRC2012_val_00002012_with_ILSVRC2012_val_00028510_rank827,650,546,0.65394,11
ILSVRC2012_val_00002012_with_ILSVRC2012_val_00037520_rank908,616,616,0.94674,0
ILSVRC2012_val_00002012_with_ILSVRC2012_val_00011950_rank369,777,777,0.74329,0
ILSVRC2012_val_00002012_with_ILSVRC2012_val_00008712_rank791,387,387,0.91989,0
ILSVRC2012_val_00002012_with_ILSVRC2012_val_00039712_rank458,985,309,0.10798,1
ILSVRC2012_val_00002012_with_ILSVRC2012_val_00035223_rank258,2,2,0.89403,0
ILSVRC2012_val_00002012_with_ILSVRC2012_val_00030378_rank991,626,637,0.62093,361
ILSVRC2012_val_00002012_with_ILSVRC2012_val_00009534_rank001,235,235,0.95957,0
ILSVRC2012_val_00002012_with_ILSVRC2012_val_00039559_rank496,554,625,0.33735,5
ILSVRC2012_val_00002012_with_ILSVRC2012_val_00004588_rank247,552,552,0.90893,0
ILSVRC2012_val_00002012_with_ILSVRC2012_val_00034300_rank570,673,526,0.64136,5
ILSVRC2012_val_00002012_with_ILSVRC2012_val_00000431_rank220,468,468,0.90453,0
ILSVRC2012_val_00002012_with_ILSVRC2012_val_00034068_rank537,131,131,0.29239,0
ILSVRC2012_val_00002012_with_ILSVRC2012_val_00018214_rank616,698,694,0.90318,86
ILSVRC2012_val_00002012_with_ILSVRC2012_val_00035063_rank808,73,76,0.81525,7
ILSVRC2012_val_00002012_with_ILSVRC2012_val_00022600_rank854,829,595,0.43515,57
ILSVRC2012_val_00002012_with_ILSVRC2012_val_00004669_rank448,149,149,0.92893,0
ILSVRC2012_val_00002012_with_ILSVRC2012_val_00046375_rank951,964,964,0.80472,0
ILSVRC2012_val_00002012_with_ILSVRC2012_val_00028260_rank149,103,103,0.89301,0
ILSVRC2012_val_00002012_with_ILSVRC2012_val_00030258_rank406,114,114,0.91957,0
ILSVRC2012_val_00002012_with_ILSVRC2012_val_00002159_rank890,662,662,0.89454,0
ILSVRC2012_val_00002012_with_ILSVRC2012_val_00024431_rank124,192,213,0.30125,201
ILSVRC2012_val_00002012_with_ILSVRC2012_val_00045030_rank396,779,779,0.92179,0
ILSVRC2012_val_00002012_with_ILSVRC2012_val_00002024_rank261,171,171,0.60816,0
ILSVRC2012_val_00002012_with_ILSVRC2012_val_00047073_rank163,99,99,0.91407,0
ILSVRC2012_val_00002012_with_ILSVRC2012_val_00018743_rank123,293,293,0.94884,0
ILSVRC2012_val_00002012_with_ILSVRC2012_val_00015272_rank679,434,434,0.76222,0
ILSVRC2012_val_00002012_with_ILSVRC2012_val_00007172_rank195,142,142,0.91892,0
ILSVRC2012_val_00002012_with_ILSVRC2012_val_00002164_rank150,792,792,0.80758,0
ILSVRC2012_val_00002012_with_ILSVRC2012_val_00015208_rank447,735,735,0.45025,0
ILSVRC2012_val_00002012_with_ILSVRC2012_val_00032277_rank096,196,200,0.88111,15
ILSVRC2012_val_00002012_with_ILSVRC2012_val_00049843_rank541,408,408,0.96153,0
ILSVRC2012_val_00002012_with_ILSVRC2012_val_00004282_rank039,275,275,0.89822,0
ILSVRC2012_val_00002012_with_ILSVRC2012_val_00025286_rank830,636,414,0.06592,2
ILSVRC2012_val_00002012_with_ILSVRC2012_val_00013710_rank432,998,998,0.38143,0
ILSVRC2012_val_00002012_with_ILSVRC2012_val_00011202_rank119,268,268,0.67048,0
ILSVRC2012_val_00002012_with_ILSVRC2012_val_00001554_rank170,888,888,0.89351,0
ILSVRC2012_val_00002012_with_ILSVRC2012_val_00044424_rank293,364,368,0.38973,7
ILSVRC2012_val_00002012_with_ILSVRC2012_val_00005495_rank087,242,242,0.7985,0
ILSVRC2012_val_00002012_with_ILSVRC2012_val_00031977_rank443,71,71,0.86414,0
ILSVRC2012_val_00002012_with_ILSVRC2012_val_00036135_rank699,590,590,0.80655,0
ILSVRC2012_val_00002012_with_ILSVRC2012_val_00020328_rank617,452,735,0.11927,17
ILSVRC2012_val_00002012_with_ILSVRC2012_val_00024419_rank176,880,633,0.6277,642
ILSVRC2012_val_00002012_with_ILSVRC2012_val_00005244_rank763,26,38,0.64101,7
ILSVRC2012_val_00002012_with_ILSVRC2012_val_00048187_rank155,341,341,0.94333,0
ILSVRC2012_val_00002012_with_ILSVRC2012_val_00031313_rank662,569,569,0.8628,0
ILSVRC2012_val_00002012_with_ILSVRC2012_val_00035680_rank863,190,188,0.68861,2
ILSVRC2012_val_00002012_with_ILSVRC2012_val_00005362_rank465,618,284,0.76308,261
ILSVRC2012_val_00002012_with_ILSVRC2012_val_00008985_rank617,452,452,0.25693,0
ILSVRC2012_val_00002012_with_ILSVRC2012_val_00039629_rank221,448,448,0.94044,0
ILSVRC2012_val_00002012_with_ILSVRC2012_val_00003763_rank930,774,774,0.92271,0
ILSVRC2012_val_00002012_with_ILSVRC2012_val_00045433_rank171,335,331,0.50674,4
ILSVRC2012_val_00002012_with_ILSVRC2012_val_00029912_rank688,917,917,0.79418,0
ILSVRC2012_val_00002012_with_ILSVRC2012_val_00037999_rank045,193,193,0.86681,0
ILSVRC2012_val_00002012_with_ILSVRC2012_val_00033634_rank034,246,251,0.87093,4
ILSVRC2012_val_00002012_with_ILSVRC2012_val_00022557_rank532,690,690,0.51544,0
ILSVRC2012_val_00002012_with_ILSVRC2012_val_00013475_rank034,246,246,0.91737,0
ILSVRC2012_val_00002012_with_ILSVRC2012_val_00012062_rank471,432,432,0.85018,0
ILSVRC2012_val_00002012_with_ILSVRC2012_val_00026232_rank208,95,95,0.89892,0
ILSVRC2012_val_00002012_with_ILSVRC2012_val_00026254_rank692,790,790,0.44694,0
ILSVRC2012_val_00002012_with_ILSVRC2012_val_00030180_rank751,991,991,0.9218,0
ILSVRC2012_val_00002012_with_ILSVRC2012_val_00043642_rank375,959,923,0.07158,1
ILSVRC2012_val_00002012_with_ILSVRC2012_val_00023339_rank430,118,119,0.84682,2
ILSVRC2012_val_00002012_with_ILSVRC2012_val_00020716_rank878,287,287,0.92267,0
ILSVRC2012_val_00002012_with_ILSVRC2012_val_00025016_rank690,607,607,0.93325,0
ILSVRC2012_val_00002012_with_ILSVRC2012_val_00018563_rank730,68,68,0.35164,0
ILSVRC2012_val_00002012_with_ILSVRC2012_val_00003160_rank713,37,51,0.28341,140
ILSVRC2012_val_00002012_with_ILSVRC2012_val_00032273_rank180,372,372,0.7437,0
ILSVRC2012_val_00002012_with_ILSVRC2012_val_00018075_rank932,1,1,0.92145,0
ILSVRC2012_val_00002012_with_ILSVRC2012_val_00004087_rank243,972,649,0.57433,7
ILSVRC2012_val_00002012_with_ILSVRC2012_val_00025175_rank320,875,875,0.76112,0
ILSVRC2012_val_00002012_with_ILSVRC2012_val_00028610_rank223,382,382,0.81454,0
ILSVRC2012_val_00002012_with_ILSVRC2012_val_00011158_rank314,40,39,0.27866,12
ILSVRC2012_val_00002012_with_ILSVRC2012_val_00025188_rank426,307,307,0.94438,0
ILSVRC2012_val_00002012_with_ILSVRC2012_val_00012189_rank235,429,429,0.92805,0
ILSVRC2012_val_00002012_with_ILSVRC2012_val_00028679_rank502,70,73,0.325,3
ILSVRC2012_val_00002012_with_ILSVRC2012_val_00049316_rank302,32,32,0.90141,0
ILSVRC2012_val_00002012_with_ILSVRC2012_val_00009545_rank853,720,720,0.9577,0
ILSVRC2012_val_00002012_with_ILSVRC2012_val_00016231_rank704,565,565,0.79926,0
ILSVRC2012_val_00002012_with_ILSVRC2012_val_00027373_rank029,205,208,0.78553,5
ILSVRC2012_val_00002012_with_ILSVRC2012_val_00022994_rank968,585,440,0.43522,48
ILSVRC2012_val_00002012_with_ILSVRC2012_val_00002914_rank519,559,559,0.88907,0
ILSVRC2012_val_00002012_with_ILSVRC2012_val_00005444_rank613,473,473,0.91117,0
ILSVRC2012_val_00002012_with_ILSVRC2012_val_00042795_rank318,882,882,0.86803,0
ILSVRC2012_val_00002012_with_ILSVRC2012_val_00026255_rank279,660,660,0.87389,0
ILSVRC2012_val_00002012_with_ILSVRC2012_val_00005448_rank394,612,612,0.93256,0
ILSVRC2012_val_00002012_with_ILSVRC2012_val_00018955_rank728,995,995,0.9333,0
ILSVRC2012_val_00002012_with_ILSVRC2012_val_00036542_rank295,370,370,0.88397,0
ILSVRC2012_val_00002012_with_ILSVRC2012_val_00028322_rank121,189,189,0.96152,0
ILSVRC2012_val_00002012_with_ILSVRC2012_val_00045070_rank311,105,105,0.92982,0
ILSVRC2012_val_00002012_with_ILSVRC2012_val_00020674_rank255,491,491,0.92294,0
ILSVRC2012_val_00002012_with_ILSVRC2012_val_00049856_rank024,676,249,0.89742,131
ILSVRC2012_val_00002012_with_ILSVRC2012_val_00029500_rank928,29,29,0.8959,0
ILSVRC2012_val_00002012_with_ILSVRC2012_val_00038059_rank686,113,113,0.93113,0
ILSVRC2012_val_00002012_with_ILSVRC2012_val_00046499_rank269,0,912,0.09468,383
ILSVRC2012_val_00002012_with_ILSVRC2012_val_00029939_rank250,290,288,0.5389,1
ILSVRC2012_val_00002012_with_ILSVRC2012_val_00039439_rank055,151,151,0.92866,0
ILSVRC2012_val_00002012_with_ILSVRC2012_val_00021425_rank390,483,483,0.88382,0
ILSVRC2012_val_00002012_with_ILSVRC2012_val_00023212_rank128,340,291,0.72375,15
ILSVRC2012_val_00002012_with_ILSVRC2012_val_00048220_rank736,866,866,0.9168,0
ILSVRC2012_val_00002012_with_ILSVRC2012_val_00016483_rank054,281,281,0.51226,0
ILSVRC2012_val_00002012_with_ILSVRC2012_val_00012394_rank395,155,155,0.82294,0
ILSVRC2012_val_00002012_with_ILSVRC2012_val_00025629_rank118,286,286,0.93708,0
ILSVRC2012_val_00002012_with_ILSVRC2012_val_00008155_rank208,95,95,0.90144,0
ILSVRC2012_val_00002012_with_ILSVRC2012_val_00035701_rank627,856,471,0.81494,14
ILSVRC2012_val_00002012_with_ILSVRC2012_val_00026493_rank798,544,544,0.90104,0
ILSVRC2012_val_00002012_with_ILSVRC2012_val_00046484_rank970,812,494,0.16683,84
ILSVRC2012_val_00002012_with_ILSVRC2012_val_00023028_rank689,943,943,0.89691,0
ILSVRC2012_val_00002012_with_ILSVRC2012_val_00024644_rank752,938,938,0.93714,0
ILSVRC2012_val_00002012_with_ILSVRC2012_val_00001374_rank428,945,945,0.88976,0
ILSVRC2012_val_00002012_with_ILSVRC2012_val_00000664_rank437,628,536,0.17856,2
ILSVRC2012_val_00002012_with_ILSVRC2012_val_00040351_rank735,135,135,0.90186,0
ILSVRC2012_val_00002012_with_ILSVRC2012_val_00014754_rank954,550,550,0.90941,0
ILSVRC2012_val_00002012_with_ILSVRC2012_val_00011737_rank723,352,352,0.81792,0
ILSVRC2012_val_00002012_with_ILSVRC2012_val_00007996_rank366,869,869,0.79455,0
ILSVRC2012_val_00002012_with_ILSVRC2012_val_00005847_rank386,958,958,0.86655,0
ILSVRC2012_val_00002012_with_ILSVRC2012_val_00000990_rank794,328,328,0.80388,0
ILSVRC2012_val_00002012_with_ILSVRC2012_val_00003526_rank422,139,139,0.88568,0
ILSVRC2012_val_00002012_with_ILSVRC2012_val_00040691_rank954,550,448,0.53398,660
ILSVRC2012_val_00002012_with_ILSVRC2012_val_00040400_rank189,219,219,0.84993,0
ILSVRC2012_val_00002012_with_ILSVRC2012_val_00005429_rank850,111,730,0.51325,347
ILSVRC2012_val_00002012_with_ILSVRC2012_val_00034304_rank807,437,637,0.48779,112
ILSVRC2012_val_00002012_with_ILSVRC2012_val_00014719_rank075,180,180,0.88677,0
ILSVRC2012_val_00002012_with_ILSVRC2012_val_00015585_rank194,413,413,0.25982,0
ILSVRC2012_val_00002012_with_ILSVRC2012_val_00005672_rank207,523,523,0.94134,0
ILSVRC2012_val_00002012_with_ILSVRC2012_val_00045371_rank792,440,440,0.931,0
ILSVRC2012_val_00002012_with_ILSVRC2012_val_00041128_rank833,686,686,0.88965,0
ILSVRC2012_val_00002012_with_ILSVRC2012_val_00027328_rank492,420,807,0.6207,311
ILSVRC2012_val_00002012_with_ILSVRC2012_val_00009089_rank332,755,755,0.91832,0
ILSVRC2012_val_00002012_with_ILSVRC2012_val_00033846_rank846,604,604,0.93524,0
ILSVRC2012_val_00002012_with_ILSVRC2012_val_00044649_rank963,79,79,0.92485,0
ILSVRC2012_val_00002012_with_ILSVRC2012_val_00022125_rank003,174,174,0.91529,0
ILSVRC2012_val_00002012_with_ILSVRC2012_val_00024541_rank276,63,63,0.91706,0
ILSVRC2012_val_00002012_with_ILSVRC2012_val_00036240_rank044,247,247,0.92639,0
ILSVRC2012_val_00002012_with_ILSVRC2012_val_00014144_rank998,696,912,0.18136,839
ILSVRC2012_val_00002012_with_ILSVRC2012_val_00007937_rank644,64,64,0.88518,0
ILSVRC2012_val_00002012_with_ILSVRC2012_val_00048923_rank653,757,757,0.75982,0
ILSVRC2012_val_00002012_with_ILSVRC2012_val_00026266_rank138,217,212,0.6487,4
ILSVRC2012_val_00002012_with_ILSVRC2012_val_00006460_rank490,96,96,0.92424,0
ILSVRC2012_val_00002012_with_ILSVRC2012_val_00014844_rank527,705,654,0.12994,6
ILSVRC2012_val_00002012_with_ILSVRC2012_val_00006182_rank920,456,456,0.8772,0
ILSVRC2012_val_00002012_with_ILSVRC2012_val_00019017_rank790,419,448,0.08492,654
ILSVRC2012_val_00002012_with_ILSVRC2012_val_00021755_rank685,314,766,0.42475,111
ILSVRC2012_val_00002012_with_ILSVRC2012_val_00047888_rank350,555,569,0.89024,5
ILSVRC2012_val_00002012_with_ILSVRC2012_val_00018073_rank433,329,115,0.44057,3
ILSVRC2012_val_00002012_with_ILSVRC2012_val_00039991_rank492,420,420,0.93717,0
ILSVRC2012_val_00002012_with_ILSVRC2012_val_00006858_rank999,409,409,0.69234,0
ILSVRC2012_val_00002012_with_ILSVRC2012_val_00014937_rank774,798,458,0.71922,13
ILSVRC2012_val_00002012_with_ILSVRC2012_val_00030437_rank882,115,5,0.36972,22
ILSVRC2012_val_00002012_with_ILSVRC2012_val_00010041_rank143,394,149,0.75854,10
ILSVRC2012_val_00002012_with_ILSVRC2012_val_00032581_rank121,189,191,0.95229,2
ILSVRC2012_val_00002012_with_ILSVRC2012_val_00022028_rank204,385,385,0.82083,0
ILSVRC2012_val_00002012_with_ILSVRC2012_val_00002679_rank488,57,912,0.33741,84
ILSVRC2012_val_00002012_with_ILSVRC2012_val_00001622_rank663,687,687,0.937,0
ILSVRC2012_val_00002012_with_ILSVRC2012_val_00019129_rank117,378,378,0.62326,0
ILSVRC2012_val_00002012_with_ILSVRC2012_val_00008438_rank380,439,738,0.32629,282
ILSVRC2012_val_00002012_with_ILSVRC2012_val_00020911_rank320,875,448,0.90436,796
ILSVRC2012_val_00002012_with_ILSVRC2012_val_00030332_rank456,939,938,0.70319,9
ILSVRC2012_val_00002012_with_ILSVRC2012_val_00026268_rank366,869,869,0.89221,0
ILSVRC2012_val_00002012_with_ILSVRC2012_val_00022271_rank315,510,510,0.93923,0
ILSVRC2012_val_00002012_with_ILSVRC2012_val_00024300_rank433,329,329,0.89561,0
ILSVRC2012_val_00002012_with_ILSVRC2012_val_00007496_rank696,927,927,0.93021,0
ILSVRC2012_val_00002012_with_ILSVRC2012_val_00031700_rank253,653,653,0.93964,0
ILSVRC2012_val_00002012_with_ILSVRC2012_val_00009308_rank807,437,437,0.87602,0
ILSVRC2012_val_00002012_with_ILSVRC2012_val_00049449_rank785,713,713,0.92993,0
ILSVRC2012_val_00002012_with_ILSVRC2012_val_00004170_rank838,551,551,0.49049,0
ILSVRC2012_val_00002012_with_ILSVRC2012_val_00019964_rank847,138,138,0.92295,0
ILSVRC2012_val_00002012_with_ILSVRC2012_val_00029313_rank004,248,249,0.61015,2
ILSVRC2012_val_00002012_with_ILSVRC2012_val_00004452_rank898,571,571,0.4298,0
ILSVRC2012_val_00002012_with_ILSVRC2012_val_00007651_rank634,141,141,0.91267,0
ILSVRC2012_val_00002012_with_ILSVRC2012_val_00005614_rank450,323,323,0.92747,0
ILSVRC2012_val_00002012_with_ILSVRC2012_val_00049441_rank478,412,728,0.23938,8
ILSVRC2012_val_00002012_with_ILSVRC2012_val_00010547_rank566,663,698,0.64903,1
ILSVRC2012_val_00002012_with_ILSVRC2012_val_00037130_rank128,340,340,0.95057,0
ILSVRC2012_val_00002012_with_ILSVRC2012_val_00000755_rank728,995,995,0.95508,0
ILSVRC2012_val_00002012_with_ILSVRC2012_val_00035284_rank582,350,350,0.88615,0
ILSVRC2012_val_00002012_with_ILSVRC2012_val_00010224_rank305,781,781,0.94334,0
ILSVRC2012_val_00002012_with_ILSVRC2012_val_00015911_rank819,345,345,0.91329,0
ILSVRC2012_val_00002012_with_ILSVRC2012_val_00034049_rank678,203,203,0.66813,0
ILSVRC2012_val_00002012_with_ILSVRC2012_val_00021293_rank652,704,704,0.91737,0
ILSVRC2012_val_00002012_with_ILSVRC2012_val_00046285_rank208,95,95,0.88404,0
ILSVRC2012_val_00002012_with_ILSVRC2012_val_00015628_rank924,754,605,0.3613,9
ILSVRC2012_val_00002012_with_ILSVRC2012_val_00044275_rank124,192,192,0.9528,0
ILSVRC2012_val_00002012_with_ILSVRC2012_val_00030188_rank842,298,209,0.48688,128
ILSVRC2012_val_00002012_with_ILSVRC2012_val_00049409_rank617,452,911,0.25912,30
ILSVRC2012_val_00002012_with_ILSVRC2012_val_00035797_rank575,302,302,0.85181,0
ILSVRC2012_val_00002012_with_ILSVRC2012_val_00026395_rank802,349,348,0.61443,1
ILSVRC2012_val_00002012_with_ILSVRC2012_val_00048145_rank034,246,172,0.5191,3
ILSVRC2012_val_00002012_with_ILSVRC2012_val_00007857_rank247,552,552,0.83959,0
ILSVRC2012_val_00002012_with_ILSVRC2012_val_00042219_rank962,528,528,0.95734,0
ILSVRC2012_val_00002012_with_ILSVRC2012_val_00014020_rank373,463,192,0.58954,851
ILSVRC2012_val_00002012_with_ILSVRC2012_val_00022285_rank331,836,885,0.39814,582
ILSVRC2012_val_00002012_with_ILSVRC2012_val_00010902_rank068,160,160,0.93825,0
ILSVRC2012_val_00002012_with_ILSVRC2012_val_00048019_rank759,789,789,0.92676,0
ILSVRC2012_val_00002012_with_ILSVRC2012_val_00029258_rank616,698,698,0.34712,0
ILSVRC2012_val_00002012_with_ILSVRC2012_val_00002839_rank756,961,636,0.17032,901
ILSVRC2012_val_00002012_with_ILSVRC2012_val_00010413_rank530,935,938,0.06962,2
ILSVRC2012_val_00002012_with_ILSVRC2012_val_00032170_rank921,854,854,0.9181,0
ILSVRC2012_val_00002012_with_ILSVRC2012_val_00005482_rank676,300,300,0.87955,0
ILSVRC2012_val_00002012_with_ILSVRC2012_val_00048579_rank588,949,992,0.39759,15
ILSVRC2012_val_00002012_with_ILSVRC2012_val_00046321_rank924,754,482,0.39272,1
ILSVRC2012_val_00002012_with_ILSVRC2012_val_00030962_rank478,412,412,0.82552,0
ILSVRC2012_val_00002012_with_ILSVRC2012_val_00039148_rank484,547,547,0.89169,0
ILSVRC2012_val_00002012_with_ILSVRC2012_val_00041864_rank567,91,91,0.90918,0
ILSVRC2012_val_00002012_with_ILSVRC2012_val_00009840_rank504,902,653,0.77325,233
ILSVRC2012_val_00002012_with_ILSVRC2012_val_00025726_rank172,212,172,0.20816,75
ILSVRC2012_val_00002012_with_ILSVRC2012_val_00048728_rank747,990,990,0.92325,0
ILSVRC2012_val_00002012_with_ILSVRC2012_val_00007089_rank214,678,912,0.2784,607
ILSVRC2012_val_00002012_with_ILSVRC2012_val_00048723_rank097,237,237,0.82873,0
ILSVRC2012_val_00002012_with_ILSVRC2012_val_00001686_rank016,264,264,0.71482,0
ILSVRC2012_val_00002012_with_ILSVRC2012_val_00038774_rank340,308,308,0.84966,0
ILSVRC2012_val_00002012_with_ILSVRC2012_val_00031787_rank059,262,262,0.95421,0
ILSVRC2012_val_00002012_with_ILSVRC2012_val_00021972_rank506,457,912,0.09772,875
ILSVRC2012_val_00002012_with_ILSVRC2012_val_00024118_rank293,364,282,0.09616,330
ILSVRC2012_val_00002012_with_ILSVRC2012_val_00005787_rank633,900,637,0.56403,93
ILSVRC2012_val_00002012_with_ILSVRC2012_val_00000243_rank214,678,515,0.2347,33
ILSVRC2012_val_00002012_with_ILSVRC2012_val_00036303_rank855,822,822,0.88546,0
ILSVRC2012_val_00002012_with_ILSVRC2012_val_00022996_rank098,245,245,0.92981,0
ILSVRC2012_val_00002012_with_ILSVRC2012_val_00010146_rank726,648,648,0.76046,0
ILSVRC2012_val_00002012_with_ILSVRC2012_val_00008289_rank974,117,117,0.93352,0
ILSVRC2012_val_00002012_with_ILSVRC2012_val_00011727_rank421,493,493,0.77803,0
ILSVRC2012_val_00002012_with_ILSVRC2012_val_00043767_rank599,910,637,0.42695,840
ILSVRC2012_val_00002012_with_ILSVRC2012_val_00004846_rank057,284,596,0.93384,978
ILSVRC2012_val_00002012_with_ILSVRC2012_val_00009057_rank048,169,169,0.87545,0
ILSVRC2012_val_00002012_with_ILSVRC2012_val_00001179_rank382,137,137,0.9001,0
ILSVRC2012_val_00002012_with_ILSVRC2012_val_00033273_rank908,616,996,0.10653,622
ILSVRC2012_val_00002012_with_ILSVRC2012_val_00046907_rank540,930,930,0.93962,0
ILSVRC2012_val_00002012_with_ILSVRC2012_val_00041393_rank236,211,211,0.94895,0
ILSVRC2012_val_00002012_with_ILSVRC2012_val_00037327_rank024,676,730,0.27474,75
ILSVRC2012_val_00002012_with_ILSVRC2012_val_00005144_rank291,462,462,0.87007,0
ILSVRC2012_val_00002012_with_ILSVRC2012_val_00043334_rank048,169,169,0.89094,0
ILSVRC2012_val_00002012_with_ILSVRC2012_val_00005406_rank515,824,728,0.19269,196
ILSVRC2012_val_00002012_with_ILSVRC2012_val_00006894_rank226,913,913,0.90161,0
ILSVRC2012_val_00002012_with_ILSVRC2012_val_00025546_rank737,374,374,0.90311,0
ILSVRC2012_val_00002012_with_ILSVRC2012_val_00010560_rank513,697,697,0.927,0
ILSVRC2012_val_00002012_with_ILSVRC2012_val_00010692_rank767,668,668,0.91679,0
ILSVRC2012_val_00002012_with_ILSVRC2012_val_00000867_rank801,265,265,0.73855,0
ILSVRC2012_val_00002012_with_ILSVRC2012_val_00003581_rank561,948,948,0.93163,0
ILSVRC2012_val_00002012_with_ILSVRC2012_val_00012354_rank574,66,66,0.89467,0
ILSVRC2012_val_00002012_with_ILSVRC2012_val_00014249_rank563,729,519,0.18951,49
ILSVRC2012_val_00002012_with_ILSVRC2012_val_00046784_rank575,302,303,0.85856,3
ILSVRC2012_val_00002012_with_ILSVRC2012_val_00014776_rank284,402,402,0.90106,0
ILSVRC2012_val_00002012_with_ILSVRC2012_val_00002573_rank061,197,179,0.39156,51
ILSVRC2012_val_00002012_with_ILSVRC2012_val_00048957_rank722,55,55,0.84134,0
ILSVRC2012_val_00002012_with_ILSVRC2012_val_00007285_rank605,736,736,0.40784,0
ILSVRC2012_val_00002012_with_ILSVRC2012_val_00040454_rank060,274,274,0.38463,0
ILSVRC2012_val_00002012_with_ILSVRC2012_val_00016619_rank555,655,842,0.6534,24
ILSVRC2012_val_00002012_with_ILSVRC2012_val_00039707_rank944,968,968,0.88711,0
ILSVRC2012_val_00002012_with_ILSVRC2012_val_00017154_rank201,765,797,0.92791,226
ILSVRC2012_val_00002012_with_ILSVRC2012_val_00027633_rank549,5,5,0.9691,0
ILSVRC2012_val_00002012_with_ILSVRC2012_val_00023691_rank809,426,426,0.93282,0
ILSVRC2012_val_00002012_with_ILSVRC2012_val_00040386_rank032,226,226,0.87661,0
ILSVRC2012_val_00002012_with_ILSVRC2012_val_00014058_rank177,194,194,0.9326,0
ILSVRC2012_val_00002012_with_ILSVRC2012_val_00042834_rank047,271,271,0.92698,0
ILSVRC2012_val_00002012_with_ILSVRC2012_val_00023297_rank896,684,684,0.71348,0
ILSVRC2012_val_00002012_with_ILSVRC2012_val_00006463_rank309,17,17,0.92723,0
ILSVRC2012_val_00002012_with_ILSVRC2012_val_00018723_rank732,577,577,0.90571,0
ILSVRC2012_val_00002012_with_ILSVRC2012_val_00029940_rank895,459,428,0.38364,567
ILSVRC2012_val_00002012_with_ILSVRC2012_val_00048685_rank510,963,963,0.89742,0
ILSVRC2012_val_00002012_with_ILSVRC2012_val_00044978_rank046,162,162,0.88459,0
ILSVRC2012_val_00002012_with_ILSVRC2012_val_00048837_rank813,122,122,0.78243,0
ILSVRC2012_val_00002012_with_ILSVRC2012_val_00027214_rank380,439,735,0.26634,263
ILSVRC2012_val_00002012_with_ILSVRC2012_val_00007028_rank428,945,945,0.88968,0
ILSVRC2012_val_00002012_with_ILSVRC2012_val_00029815_rank925,617,617,0.89872,0
ILSVRC2012_val_00002012_with_ILSVRC2012_val_00030621_rank523,795,912,0.06096,156
ILSVRC2012_val_00002012_with_ILSVRC2012_val_00034619_rank016,264,263,0.48581,1
ILSVRC2012_val_00002012_with_ILSVRC2012_val_00000826_rank902,849,849,0.89627,0
ILSVRC2012_val_00002012_with_ILSVRC2012_val_00042575_rank911,631,448,0.74561,741
ILSVRC2012_val_00002012_with_ILSVRC2012_val_00035209_rank719,121,121,0.53116,0
ILSVRC2012_val_00002012_with_ILSVRC2012_val_00018402_rank361,558,558,0.70779,0
ILSVRC2012_val_00002012_with_ILSVRC2012_val_00041173_rank579,325,325,0.8072,0
ILSVRC2012_val_00002012_with_ILSVRC2012_val_00005733_rank567,91,91,0.91106,0
ILSVRC2012_val_00002012_with_ILSVRC2012_val_00007399_rank345,147,723,0.15952,772
ILSVRC2012_val_00002012_with_ILSVRC2012_val_00032638_rank667,992,992,0.83743,0
ILSVRC2012_val_00002012_with_ILSVRC2012_val_00037934_rank923,936,936,0.94179,0
ILSVRC2012_val_00002012_with_ILSVRC2012_val_00039553_rank101,282,282,0.4613,0
ILSVRC2012_val_00002012_with_ILSVRC2012_val_00008718_rank888,75,73,0.56108,1
ILSVRC2012_val_00002012_with_ILSVRC2012_val_00019895_rank686,113,113,0.89729,0
ILSVRC2012_val_00002012_with_ILSVRC2012_val_00003412_rank516,954,954,0.72761,0
ILSVRC2012_val_00002012_with_ILSVRC2012_val_00019630_rank376,25,25,0.87931,0
ILSVRC2012_val_00002012_with_ILSVRC2012_val_00046048_rank087,242,242,0.92431,0
ILSVRC2012_val_00002012_with_ILSVRC2012_val_00018835_rank063,167,167,0.84699,0
ILSVRC2012_val_00002012_with_ILSVRC2012_val_00024887_rank127,157,157,0.93411,0
ILSVRC2012_val_00002012_with_ILSVRC2012_val_00023057_rank126,734,654,0.43548,2
ILSVRC2012_val_00002012_with_ILSVRC2012_val_00018781_rank399,742,742,0.25163,0
ILSVRC2012_val_00002012_with_ILSVRC2012_val_00049647_rank305,781,781,0.75582,0
ILSVRC2012_val_00002012_with_ILSVRC2012_val_00028480_rank128,340,340,0.95199,0
ILSVRC2012_val_00002012_with_ILSVRC2012_val_00030053_rank230,471,471,0.90742,0
ILSVRC2012_val_00002012_with_ILSVRC2012_val_00045122_rank651,942,942,0.9042,0
ILSVRC2012_val_00002012_with_ILSVRC2012_val_00007040_rank226,913,913,0.88086,0
ILSVRC2012_val_00002012_with_ILSVRC2012_val_00014156_rank394,612,612,0.89582,0
ILSVRC2012_val_00002012_with_ILSVRC2012_val_00035588_rank871,809,738,0.56962,57
ILSVRC2012_val_00002012_with_ILSVRC2012_val_00023178_rank811,451,451,0.44544,0
ILSVRC2012_val_00002012_with_ILSVRC2012_val_00037554_rank848,714,714,0.94124,0
ILSVRC2012_val_00002012_with_ILSVRC2012_val_00029119_rank552,478,478,0.82798,0
ILSVRC2012_val_00002012_with_ILSVRC2012_val_00010796_rank642,450,450,0.89628,0
ILSVRC2012_val_00002012_with_ILSVRC2012_val_00042137_rank844,481,481,0.85896,0
ILSVRC2012_val_00002012_with_ILSVRC2012_val_00039846_rank241,347,347,0.91111,0
ILSVRC2012_val_00002012_with_ILSVRC2012_val_00001319_rank843,773,505,0.68348,2
ILSVRC2012_val_00002012_with_ILSVRC2012_val_00037434_rank709,502,502,0.92368,0
ILSVRC2012_val_00002012_with_ILSVRC2012_val_00005534_rank214,678,678,0.35362,0
ILSVRC2012_val_00002012_with_ILSVRC2012_val_00006185_rank587,333,333,0.91615,0
ILSVRC2012_val_00002012_with_ILSVRC2012_val_00003832_rank110,221,221,0.92807,0
ILSVRC2012_val_00002012_with_ILSVRC2012_val_00032772_rank603,447,447,0.93755,0
ILSVRC2012_val_00002012_with_ILSVRC2012_val_00005798_rank705,817,581,0.35695,4
ILSVRC2012_val_00002012_with_ILSVRC2012_val_00008307_rank576,474,911,0.44695,3
ILSVRC2012_val_00002012_with_ILSVRC2012_val_00004659_rank987,126,314,0.58141,7
ILSVRC2012_val_00002012_with_ILSVRC2012_val_00048126_rank661,588,790,0.47402,1
ILSVRC2012_val_00002012_with_ILSVRC2012_val_00021863_rank946,683,744,0.17942,82
ILSVRC2012_val_00002012_with_ILSVRC2012_val_00017552_rank475,303,303,0.48253,0
ILSVRC2012_val_00002012_with_ILSVRC2012_val_00009979_rank644,64,64,0.88294,0
ILSVRC2012_val_00002012_with_ILSVRC2012_val_00047118_rank154,299,299,0.85381,0
ILSVRC2012_val_00002012_with_ILSVRC2012_val_00026156_rank548,376,376,0.90409,0
ILSVRC2012_val_00002012_with_ILSVRC2012_val_00047072_rank856,855,855,0.64556,0
ILSVRC2012_val_00002012_with_ILSVRC2012_val_00010099_rank081,188,188,0.92609,0
ILSVRC2012_val_00002012_with_ILSVRC2012_val_00010612_rank080,267,265,0.4862,2
ILSVRC2012_val_00002012_with_ILSVRC2012_val_00001135_rank493,411,411,0.86454,0
ILSVRC2012_val_00002012_with_ILSVRC2012_val_00022325_rank161,603,603,0.82988,0
ILSVRC2012_val_00002012_with_ILSVRC2012_val_00034444_rank889,398,398,0.86274,0
ILSVRC2012_val_00002012_with_ILSVRC2012_val_00027551_rank358,640,640,0.64773,0
ILSVRC2012_val_00002012_with_ILSVRC2012_val_00044743_rank083,187,185,0.45104,6
ILSVRC2012_val_00002012_with_ILSVRC2012_val_00016761_rank672,794,794,0.77972,0
ILSVRC2012_val_00002012_with_ILSVRC2012_val_00012057_rank843,773,773,0.79617,0
ILSVRC2012_val_00002012_with_ILSVRC2012_val_00023574_rank203,693,830,0.27626,163
ILSVRC2012_val_00002012_with_ILSVRC2012_val_00011728_rank055,151,151,0.94391,0
ILSVRC2012_val_00002012_with_ILSVRC2012_val_00020151_rank742,915,915,0.97421,0
ILSVRC2012_val_00002012_with_ILSVRC2012_val_00026587_rank988,614,614,0.96433,0
ILSVRC2012_val_00002012_with_ILSVRC2012_val_00007284_rank208,95,95,0.90297,0
ILSVRC2012_val_00002012_with_ILSVRC2012_val_00005533_rank617,452,463,0.13929,81
ILSVRC2012_val_00002012_with_ILSVRC2012_val_00047017_rank092,254,254,0.94773,0
ILSVRC2012_val_00002012_with_ILSVRC2012_val_00021214_rank113,253,253,0.90159,0
ILSVRC2012_val_00002012_with_ILSVRC2012_val_00002574_rank901,861,861,0.53963,0
ILSVRC2012_val_00002012_with_ILSVRC2012_val_00021905_rank932,1,1,0.94981,0
ILSVRC2012_val_00002012_with_ILSVRC2012_val_00039178_rank425,360,360,0.88883,0
ILSVRC2012_val_00002012_with_ILSVRC2012_val_00012194_rank832,531,826,0.6601,1
ILSVRC2012_val_00002012_with_ILSVRC2012_val_00000735_rank455,129,129,0.91026,0
ILSVRC2012_val_00002012_with_ILSVRC2012_val_00022839_rank984,997,997,0.69102,0
ILSVRC2012_val_00002012_with_ILSVRC2012_val_00024391_rank753,839,730,0.63543,397
ILSVRC2012_val_00002012_with_ILSVRC2012_val_00034420_rank098,245,245,0.62154,0
ILSVRC2012_val_00002012_with_ILSVRC2012_val_00024617_rank680,835,835,0.87882,0
ILSVRC2012_val_00002012_with_ILSVRC2012_val_00042699_rank091,278,278,0.42049,0
ILSVRC2012_val_00002012_with_ILSVRC2012_val_00003131_rank769,504,504,0.86223,0
ILSVRC2012_val_00002012_with_ILSVRC2012_val_00044392_rank253,653,653,0.94186,0
ILSVRC2012_val_00002012_with_ILSVRC2012_val_00014403_rank035,260,260,0.87474,0
ILSVRC2012_val_00002012_with_ILSVRC2012_val_00027796_rank960,745,745,0.52251,0
ILSVRC2012_val_00002012_with_ILSVRC2012_val_00042395_rank540,930,930,0.93688,0
ILSVRC2012_val_00002012_with_ILSVRC2012_val_00035655_rank794,328,328,0.94245,0
ILSVRC2012_val_00002012_with_ILSVRC2012_val_00046309_rank240,716,716,0.85808,0
ILSVRC2012_val_00002012_with_ILSVRC2012_val_00014050_rank395,155,155,0.5654,0
ILSVRC2012_val_00002012_with_ILSVRC2012_val_00044384_rank287,65,65,0.95969,0
ILSVRC2012_val_00002012_with_ILSVRC2012_val_00030760_rank953,874,874,0.80861,0
ILSVRC2012_val_00002012_with_ILSVRC2012_val_00005526_rank381,841,447,0.68844,80
ILSVRC2012_val_00002012_with_ILSVRC2012_val_00011749_rank741,152,152,0.90347,0
ILSVRC2012_val_00002012_with_ILSVRC2012_val_00006028_rank388,610,610,0.92491,0
ILSVRC2012_val_00002012_with_ILSVRC2012_val_00022362_rank926,725,725,0.45963,0
ILSVRC2012_val_00002012_with_ILSVRC2012_val_00015383_rank515,824,824,0.84518,0
ILSVRC2012_val_00002012_with_ILSVRC2012_val_00008190_rank996,778,778,0.90698,0
ILSVRC2012_val_00002012_with_ILSVRC2012_val_00015941_rank371,595,595,0.68307,0
ILSVRC2012_val_00002012_with_ILSVRC2012_val_00046566_rank900,891,891,0.94227,0
ILSVRC2012_val_00002012_with_ILSVRC2012_val_00011643_rank857,108,108,0.90416,0
ILSVRC2012_val_00002012_with_ILSVRC2012_val_00040335_rank863,190,190,0.92177,0
ILSVRC2012_val_00002012_with_ILSVRC2012_val_00029928_rank780,549,549,0.25708,0
ILSVRC2012_val_00002012_with_ILSVRC2012_val_00002548_rank933,464,464,0.46001,0
ILSVRC2012_val_00002012_with_ILSVRC2012_val_00005256_rank449,759,759,0.51774,0
ILSVRC2012_val_00002012_with_ILSVRC2012_val_00019792_rank673,962,962,0.58499,0
ILSVRC2012_val_00002012_with_ILSVRC2012_val_00001759_rank945,816,816,0.91598,0
ILSVRC2012_val_00002012_with_ILSVRC2012_val_00016779_rank257,34,24,0.08694,669
ILSVRC2012_val_00002012_with_ILSVRC2012_val_00025167_rank003,174,174,0.87479,0
ILSVRC2012_val_00002012_with_ILSVRC2012_val_00001240_rank945,816,816,0.80385,0
ILSVRC2012_val_00002012_with_ILSVRC2012_val_00040105_rank068,160,160,0.93798,0
ILSVRC2012_val_00002012_with_ILSVRC2012_val_00000679_rank615,78,78,0.91287,0
ILSVRC2012_val_00002012_with_ILSVRC2012_val_00047381_rank926,725,696,0.21216,108
ILSVRC2012_val_00002012_with_ILSVRC2012_val_00004885_rank027,214,214,0.92547,0
ILSVRC2012_val_00002012_with_ILSVRC2012_val_00041716_rank659,987,987,0.46631,0
ILSVRC2012_val_00002012_with_ILSVRC2012_val_00023993_rank605,736,736,0.89841,0
ILSVRC2012_val_00002012_with_ILSVRC2012_val_00004448_rank347,67,67,0.55945,0
ILSVRC2012_val_00002012_with_ILSVRC2012_val_00015772_rank200,597,597,0.88097,0
ILSVRC2012_val_00002012_with_ILSVRC2012_val_00036623_rank416,756,412,0.4998,3
ILSVRC2012_val_00002012_with_ILSVRC2012_val_00049147_rank319,252,262,0.60777,1
ILSVRC2012_val_00002012_with_ILSVRC2012_val_00001712_rank464,343,348,0.49203,25
ILSVRC2012_val_00002012_with_ILSVRC2012_val_00042651_rank168,715,912,0.09191,907
ILSVRC2012_val_00002012_with_ILSVRC2012_val_00002072_rank125,285,285,0.42446,0
ILSVRC2012_val_00002012_with_ILSVRC2012_val_00015427_rank077,198,196,0.64937,2
ILSVRC2012_val_00002012_with_ILSVRC2012_val_00044067_rank646,622,637,0.7512,92
ILSVRC2012_val_00002012_with_ILSVRC2012_val_00019223_rank668,672,672,0.55368,0
ILSVRC2012_val_00002012_with_ILSVRC2012_val_00015553_rank624,545,545,0.76035,0
ILSVRC2012_val_00002012_with_ILSVRC2012_val_00041431_rank891,316,316,0.90934,0
ILSVRC2012_val_00002012_with_ILSVRC2012_val_00029495_rank750,15,15,0.89235,0
ILSVRC2012_val_00002012_with_ILSVRC2012_val_00016443_rank023,269,269,0.83888,0
ILSVRC2012_val_00002012_with_ILSVRC2012_val_00012834_rank177,194,194,0.85648,0
ILSVRC2012_val_00002012_with_ILSVRC2012_val_00003034_rank388,610,443,0.73918,7
ILSVRC2012_val_00002012_with_ILSVRC2012_val_00025640_rank289,3,3,0.82156,0
ILSVRC2012_val_00002012_with_ILSVRC2012_val_00047518_rank009,191,191,0.95242,0
ILSVRC2012_val_00002012_with_ILSVRC2012_val_00008277_rank469,738,469,0.82085,11
ILSVRC2012_val_00002012_with_ILSVRC2012_val_00003913_rank690,607,607,0.92912,0
ILSVRC2012_val_00002012_with_ILSVRC2012_val_00021265_rank923,936,936,0.92063,0
ILSVRC2012_val_00002012_with_ILSVRC2012_val_00012102_rank666,310,301,0.89165,1
ILSVRC2012_val_00002012_with_ILSVRC2012_val_00030157_rank030,465,465,0.27742,0
ILSVRC2012_val_00002012_with_ILSVRC2012_val_00033350_rank282,383,383,0.81546,0
ILSVRC2012_val_00002012_with_ILSVRC2012_val_00016217_rank344,575,575,0.92678,0
ILSVRC2012_val_00002012_with_ILSVRC2012_val_00025010_rank997,592,592,0.88663,0
ILSVRC2012_val_00002012_with_ILSVRC2012_val_00045187_rank860,944,944,0.67301,0
ILSVRC2012_val_00002012_with_ILSVRC2012_val_00007109_rank162,183,183,0.86457,0
ILSVRC2012_val_00002012_with_ILSVRC2012_val_00040542_rank603,447,447,0.95344,0
ILSVRC2012_val_00002012_with_ILSVRC2012_val_00039896_rank945,816,816,0.48898,0
ILSVRC2012_val_00002012_with_ILSVRC2012_val_00033488_rank527,705,912,0.75453,138
ILSVRC2012_val_00002012_with_ILSVRC2012_val_00038761_rank040,164,210,0.83166,3
ILSVRC2012_val_00002012_with_ILSVRC2012_val_00042703_rank735,135,135,0.9275,0
ILSVRC2012_val_00002012_with_ILSVRC2012_val_00005686_rank714,563,637,0.09077,939
ILSVRC2012_val_00002012_with_ILSVRC2012_val_00030744_rank458,985,912,0.06761,448
ILSVRC2012_val_00002012_with_ILSVRC2012_val_00044162_rank517,753,753,0.70793,0
ILSVRC2012_val_00002012_with_ILSVRC2012_val_00002612_rank487,803,866,0.57824,2
ILSVRC2012_val_00002012_with_ILSVRC2012_val_00001141_rank286,156,218,0.51443,1
ILSVRC2012_val_00002012_with_ILSVRC2012_val_00013689_rank149,103,103,0.88202,0
ILSVRC2012_val_00002012_with_ILSVRC2012_val_00038942_rank175,701,701,0.88187,0
ILSVRC2012_val_00002012_with_ILSVRC2012_val_00041942_rank326,407,407,0.83502,0
ILSVRC2012_val_00002012_with_ILSVRC2012_val_00026734_rank369,777,730,0.17663,161
ILSVRC2012_val_00002012_with_ILSVRC2012_val_00005318_rank993,582,945,0.49113,20
ILSVRC2012_val_00002012_with_ILSVRC2012_val_00035216_rank1000,903,850,0.21427,34
ILSVRC2012_val_00002012_with_ILSVRC2012_val_00030778_rank708,313,912,0.14828,722
ILSVRC2012_val_00002012_with_ILSVRC2012_val_00001081_rank738,613,613,0.85191,0
ILSVRC2012_val_00002012_with_ILSVRC2012_val_00040500_rank858,893,636,0.37949,5
ILSVRC2012_val_00002012_with_ILSVRC2012_val_00028280_rank670,637,637,0.95599,0
ILSVRC2012_val_00002012_with_ILSVRC2012_val_00033229_rank825,578,501,0.10601,8
ILSVRC2012_val_00002012_with_ILSVRC2012_val_00049770_rank171,335,335,0.89276,0
ILSVRC2012_val_00002012_with_ILSVRC2012_val_00020296_rank070,805,805,0.88817,0
ILSVRC2012_val_00002012_with_ILSVRC2012_val_00010282_rank593,909,909,0.41308,0
ILSVRC2012_val_00002012_with_ILSVRC2012_val_00046356_rank459,90,90,0.93521,0
ILSVRC2012_val_00002012_with_ILSVRC2012_val_00003333_rank776,823,869,0.46105,102
ILSVRC2012_val_00002012_with_ILSVRC2012_val_00034934_rank009,191,191,0.96043,0
ILSVRC2012_val_00002012_with_ILSVRC2012_val_00046393_rank262,7,7,0.87364,0
ILSVRC2012_val_00002012_with_ILSVRC2012_val_00041412_rank614,533,533,0.92843,0
ILSVRC2012_val_00002012_with_ILSVRC2012_val_00034844_rank614,533,533,0.95787,0
ILSVRC2012_val_00002012_with_ILSVRC2012_val_00018579_rank858,893,893,0.36832,0
ILSVRC2012_val_00002012_with_ILSVRC2012_val_00034752_rank561,948,948,0.91769,0
ILSVRC2012_val_00002012_with_ILSVRC2012_val_00034954_rank352,304,302,0.40196,3
ILSVRC2012_val_00002012_with_ILSVRC2012_val_00049658_rank392,492,492,0.93014,0
ILSVRC2012_val_00002012_with_ILSVRC2012_val_00041978_rank285,831,831,0.5747,0
ILSVRC2012_val_00002012_with_ILSVRC2012_val_00003148_rank559,643,293,0.08625,984
ILSVRC2012_val_00002012_with_ILSVRC2012_val_00034755_rank518,487,487,0.71064,0
ILSVRC2012_val_00002012_with_ILSVRC2012_val_00030075_rank234,351,351,0.92423,0
ILSVRC2012_val_00002012_with_ILSVRC2012_val_00004841_rank963,79,79,0.91057,0
ILSVRC2012_val_00002012_with_ILSVRC2012_val_00035327_rank307,793,701,0.20265,205
ILSVRC2012_val_00002012_with_ILSVRC2012_val_00015890_rank995,749,386,0.1576,776
ILSVRC2012_val_00002012_with_ILSVRC2012_val_00027530_rank458,985,985,0.91471,0
ILSVRC2012_val_00002012_with_ILSVRC2012_val_00003618_rank331,836,879,0.1774,49
ILSVRC2012_val_00002012_with_ILSVRC2012_val_00013381_rank046,162,166,0.34896,2
ILSVRC2012_val_00002012_with_ILSVRC2012_val_00025006_rank019,222,222,0.69717,0
ILSVRC2012_val_00002012_with_ILSVRC2012_val_00016010_rank830,636,636,0.87337,0
ILSVRC2012_val_00002012_with_ILSVRC2012_val_00018171_rank308,872,834,0.09448,152
ILSVRC2012_val_00002012_with_ILSVRC2012_val_00022604_rank413,772,870,0.23309,632
ILSVRC2012_val_00002012_with_ILSVRC2012_val_00043215_rank245,649,649,0.94497,0
ILSVRC2012_val_00002012_with_ILSVRC2012_val_00018700_rank598,717,717,0.57856,0
ILSVRC2012_val_00002012_with_ILSVRC2012_val_00019928_rank604,615,704,0.4605,188
ILSVRC2012_val_00002012_with_ILSVRC2012_val_00024545_rank491,38,38,0.24807,0
ILSVRC2012_val_00002012_with_ILSVRC2012_val_00047098_rank767,668,637,0.4225,651
ILSVRC2012_val_00002012_with_ILSVRC2012_val_00041133_rank103,185,191,0.82765,29
ILSVRC2012_val_00002012_with_ILSVRC2012_val_00043442_rank006,227,227,0.87838,0
ILSVRC2012_val_00002012_with_ILSVRC2012_val_00017297_rank440,524,524,0.49082,0
ILSVRC2012_val_00002012_with_ILSVRC2012_val_00039189_rank340,308,308,0.92579,0
ILSVRC2012_val_00002012_with_ILSVRC2012_val_00014555_rank992,712,712,0.93694,0
ILSVRC2012_val_00002012_with_ILSVRC2012_val_00006760_rank595,320,319,0.93108,1
ILSVRC2012_val_00002012_with_ILSVRC2012_val_00003228_rank787,956,956,0.92107,0
ILSVRC2012_val_00002012_with_ILSVRC2012_val_00024565_rank499,431,520,0.66298,2
ILSVRC2012_val_00002012_with_ILSVRC2012_val_00036748_rank291,462,462,0.92282,0
ILSVRC2012_val_00002012_with_ILSVRC2012_val_00045589_rank290,23,23,0.839,0
ILSVRC2012_val_00002012_with_ILSVRC2012_val_00022951_rank749,334,334,0.82695,0
ILSVRC2012_val_00002012_with_ILSVRC2012_val_00013207_rank580,496,496,0.9482,0
ILSVRC2012_val_00002012_with_ILSVRC2012_val_00009408_rank679,434,728,0.29426,279
ILSVRC2012_val_00002012_with_ILSVRC2012_val_00037593_rank097,237,237,0.67792,0
ILSVRC2012_val_00002012_with_ILSVRC2012_val_00016467_rank185,309,309,0.92204,0
ILSVRC2012_val_00002012_with_ILSVRC2012_val_00028133_rank557,879,879,0.89398,0
ILSVRC2012_val_00002012_with_ILSVRC2012_val_00043284_rank704,565,565,0.9386,0
ILSVRC2012_val_00002012_with_ILSVRC2012_val_00031510_rank694,728,728,0.3006,0
ILSVRC2012_val_00002012_with_ILSVRC2012_val_00026181_rank520,315,912,0.23667,704
ILSVRC2012_val_00002012_with_ILSVRC2012_val_00011141_rank005,255,255,0.91493,0
ILSVRC2012_val_00002012_with_ILSVRC2012_val_00017422_rank191,665,665,0.85091,0
ILSVRC2012_val_00002012_with_ILSVRC2012_val_00040836_rank061,197,197,0.83987,0
ILSVRC2012_val_00002012_with_ILSVRC2012_val_00007157_rank976,107,107,0.94113,0
ILSVRC2012_val_00002012_with_ILSVRC2012_val_00034465_rank129,251,251,0.93346,0
ILSVRC2012_val_00002012_with_ILSVRC2012_val_00000609_rank345,147,637,0.7276,897
ILSVRC2012_val_00002012_with_ILSVRC2012_val_00033860_rank463,477,477,0.85415,0
ILSVRC2012_val_00002012_with_ILSVRC2012_val_00046929_rank970,812,812,0.94351,0
ILSVRC2012_val_00002012_with_ILSVRC2012_val_00001276_rank770,629,629,0.8754,0
ILSVRC2012_val_00002012_with_ILSVRC2012_val_00028628_rank125,285,285,0.72887,0
ILSVRC2012_val_00002012_with_ILSVRC2012_val_00011488_rank346,143,98,0.83477,4
ILSVRC2012_val_00002012_with_ILSVRC2012_val_00001731_rank444,417,417,0.89626,0
ILSVRC2012_val_00002012_with_ILSVRC2012_val_00015171_rank811,451,451,0.92612,0
ILSVRC2012_val_00002012_with_ILSVRC2012_val_00046971_rank757,404,404,0.90403,0
ILSVRC2012_val_00002012_with_ILSVRC2012_val_00006287_rank563,729,519,0.74694,49
ILSVRC2012_val_00002012_with_ILSVRC2012_val_00041491_rank294,353,353,0.91387,0
ILSVRC2012_val_00002012_with_ILSVRC2012_val_00023308_rank822,30,30,0.92774,0
ILSVRC2012_val_00002012_with_ILSVRC2012_val_00034970_rank649,60,54,0.33524,8
ILSVRC2012_val_00002012_with_ILSVRC2012_val_00025423_rank188,204,204,0.61291,0
ILSVRC2012_val_00002012_with_ILSVRC2012_val_00026805_rank347,67,67,0.78656,0
ILSVRC2012_val_00002012_with_ILSVRC2012_val_00004434_rank078,173,173,0.90199,0
ILSVRC2012_val_00002012_with_ILSVRC2012_val_00005367_rank710,414,636,0.85953,1
ILSVRC2012_val_00002012_with_ILSVRC2012_val_00026410_rank772,955,955,0.93771,0
ILSVRC2012_val_00002012_with_ILSVRC2012_val_00020697_rank527,705,705,0.89519,0
ILSVRC2012_val_00002012_with_ILSVRC2012_val_00035897_rank598,717,717,0.95693,0
ILSVRC2012_val_00002012_with_ILSVRC2012_val_00045673_rank666,310,310,0.90651,0
ILSVRC2012_val_00002012_with_ILSVRC2012_val_00044625_rank791,387,387,0.9193,0
ILSVRC2012_val_00002012_with_ILSVRC2012_val_00010259_rank472,516,516,0.9094,0
ILSVRC2012_val_00002012_with_ILSVRC2012_val_00011073_rank328,43,43,0.91192,0
ILSVRC2012_val_00002012_with_ILSVRC2012_val_00046757_rank480,101,386,0.85611,2
ILSVRC2012_val_00002012_with_ILSVRC2012_val_00047441_rank671,940,940,0.92229,0
ILSVRC2012_val_00002012_with_ILSVRC2012_val_00049111_rank591,375,375,0.80735,0
ILSVRC2012_val_00002012_with_ILSVRC2012_val_00035080_rank539,76,76,0.91792,0
ILSVRC2012_val_00002012_with_ILSVRC2012_val_00022497_rank811,451,451,0.92718,0
ILSVRC2012_val_00002012_with_ILSVRC2012_val_00001987_rank498,74,74,0.15287,0
ILSVRC2012_val_00002012_with_ILSVRC2012_val_00015129_rank636,410,410,0.8571,0
ILSVRC2012_val_00002012_with_ILSVRC2012_val_00037278_rank692,790,790,0.85546,0
ILSVRC2012_val_00002012_with_ILSVRC2012_val_00042333_rank909,501,501,0.82367,0
ILSVRC2012_val_00002012_with_ILSVRC2012_val_00019232_rank440,524,524,0.62826,0
ILSVRC2012_val_00002012_with_ILSVRC2012_val_00031599_rank112,215,215,0.88782,0
ILSVRC2012_val_00002012_with_ILSVRC2012_val_00011682_rank156,210,210,0.9345,0
ILSVRC2012_val_00002012_with_ILSVRC2012_val_00034313_rank399,742,742,0.93432,0
ILSVRC2012_val_00002012_with_ILSVRC2012_val_00048677_rank747,990,990,0.93247,0
ILSVRC2012_val_00002012_with_ILSVRC2012_val_00022907_rank762,386,386,0.52564,0
ILSVRC2012_val_00002012_with_ILSVRC2012_val_00042933_rank548,376,376,0.91945,0
ILSVRC2012_val_00002012_with_ILSVRC2012_val_00043598_rank190,200,200,0.7039,0
ILSVRC2012_val_00002012_with_ILSVRC2012_val_00028335_rank782,685,685,0.92157,0
ILSVRC2012_val_00002012_with_ILSVRC2012_val_00036209_rank305,781,781,0.80504,0
ILSVRC2012_val_00002012_with_ILSVRC2012_val_00016167_rank608,564,564,0.64043,0
ILSVRC2012_val_00002012_with_ILSVRC2012_val_00017068_rank183,84,84,0.9231,0
ILSVRC2012_val_00002012_with_ILSVRC2012_val_00007099_rank435,732,732,0.90428,0
ILSVRC2012_val_00002012_with_ILSVRC2012_val_00013099_rank146,870,870,0.7423,0
ILSVRC2012_val_00002012_with_ILSVRC2012_val_00042731_rank018,273,273,0.92604,0
ILSVRC2012_val_00002012_with_ILSVRC2012_val_00040709_rank727,680,680,0.71363,0
ILSVRC2012_val_00002012_with_ILSVRC2012_val_00013971_rank236,211,168,0.24659,2
ILSVRC2012_val_00002012_with_ILSVRC2012_val_00005590_rank746,41,41,0.43532,0
ILSVRC2012_val_00002012_with_ILSVRC2012_val_00043009_rank086,172,172,0.88945,0
ILSVRC2012_val_00002012_with_ILSVRC2012_val_00033343_rank288,97,97,0.81937,0
ILSVRC2012_val_00002012_with_ILSVRC2012_val_00006514_rank766,322,326,0.49209,1
ILSVRC2012_val_00002012_with_ILSVRC2012_val_00014872_rank070,805,805,0.93885,0
ILSVRC2012_val_00002012_with_ILSVRC2012_val_00000082_rank068,160,160,0.95215,0
ILSVRC2012_val_00002012_with_ILSVRC2012_val_00003127_rank513,697,697,0.95356,0
ILSVRC2012_val_00002012_with_ILSVRC2012_val_00018477_rank974,117,117,0.92895,0
ILSVRC2012_val_00002012_with_ILSVRC2012_val_00017658_rank447,735,735,0.9149,0
ILSVRC2012_val_00002012_with_ILSVRC2012_val_00036004_rank047,271,271,0.92283,0
ILSVRC2012_val_00002012_with_ILSVRC2012_val_00010222_rank107,177,170,0.49789,1
ILSVRC2012_val_00002012_with_ILSVRC2012_val_00018585_rank277,573,573,0.8639,0
ILSVRC2012_val_00002012_with_ILSVRC2012_val_00013031_rank518,487,487,0.17167,0
ILSVRC2012_val_00002012_with_ILSVRC2012_val_00046241_rank565,864,864,0.70295,0
ILSVRC2012_val_00002012_with_ILSVRC2012_val_00015076_rank085,179,179,0.92216,0
ILSVRC2012_val_00002012_with_ILSVRC2012_val_00043807_rank831,740,740,0.69504,0
ILSVRC2012_val_00002012_with_ILSVRC2012_val_00017975_rank309,17,17,0.93295,0
ILSVRC2012_val_00002012_with_ILSVRC2012_val_00007850_rank063,167,167,0.95411,0
ILSVRC2012_val_00002012_with_ILSVRC2012_val_00034069_rank031,232,232,0.74856,0
ILSVRC2012_val_00002012_with_ILSVRC2012_val_00038472_rank909,501,501,0.90251,0
ILSVRC2012_val_00002012_with_ILSVRC2012_val_00036726_rank210,776,776,0.91122,0
ILSVRC2012_val_00002012_with_ILSVRC2012_val_00017780_rank375,959,959,0.95032,0
ILSVRC2012_val_00002012_with_ILSVRC2012_val_00019821_rank027,214,214,0.90387,0
ILSVRC2012_val_00002012_with_ILSVRC2012_val_00004138_rank869,461,524,0.49205,1
ILSVRC2012_val_00002012_with_ILSVRC2012_val_00042762_rank965,969,463,0.2829,582
ILSVRC2012_val_00002012_with_ILSVRC2012_val_00008315_rank833,686,686,0.87135,0
ILSVRC2012_val_00002012_with_ILSVRC2012_val_00015530_rank984,997,997,0.67252,0
ILSVRC2012_val_00002012_with_ILSVRC2012_val_00013380_rank825,578,448,0.31092,749
ILSVRC2012_val_00002012_with_ILSVRC2012_val_00037405_rank945,816,816,0.95664,0
ILSVRC2012_val_00002012_with_ILSVRC2012_val_00011884_rank410,102,102,0.93477,0
ILSVRC2012_val_00002012_with_ILSVRC2012_val_00036823_rank299,369,369,0.61621,0
ILSVRC2012_val_00002012_with_ILSVRC2012_val_00042438_rank520,315,315,0.72319,0
ILSVRC2012_val_00002012_with_ILSVRC2012_val_00048901_rank589,857,637,0.29311,174
ILSVRC2012_val_00002012_with_ILSVRC2012_val_00020641_rank858,893,637,0.62657,92
ILSVRC2012_val_00002012_with_ILSVRC2012_val_00022487_rank561,948,948,0.92848,0
ILSVRC2012_val_00002012_with_ILSVRC2012_val_00023679_rank398,363,363,0.91068,0
ILSVRC2012_val_00002012_with_ILSVRC2012_val_00048245_rank614,533,533,0.91118,0
ILSVRC2012_val_00002012_with_ILSVRC2012_val_00012098_rank970,812,812,0.94138,0
ILSVRC2012_val_00002012_with_ILSVRC2012_val_00047001_rank196,359,358,0.48359,2
ILSVRC2012_val_00002012_with_ILSVRC2012_val_00002173_rank322,796,796,0.81244,0
ILSVRC2012_val_00002012_with_ILSVRC2012_val_00008242_rank929,711,711,0.73602,0
ILSVRC2012_val_00002012_with_ILSVRC2012_val_00010395_rank716,49,50,0.49402,1
ILSVRC2012_val_00002012_with_ILSVRC2012_val_00026248_rank578,130,130,0.92225,0
ILSVRC2012_val_00002012_with_ILSVRC2012_val_00039763_rank604,615,615,0.53621,0
ILSVRC2012_val_00002012_with_ILSVRC2012_val_00006350_rank134,295,295,0.93209,0
ILSVRC2012_val_00002012_with_ILSVRC2012_val_00044544_rank316,58,61,0.1979,22
ILSVRC2012_val_00002012_with_ILSVRC2012_val_00020769_rank987,126,126,0.89462,0
ILSVRC2012_val_00002012_with_ILSVRC2012_val_00027466_rank451,702,733,0.17771,9
ILSVRC2012_val_00002012_with_ILSVRC2012_val_00030543_rank531,953,953,0.97005,0
ILSVRC2012_val_00002012_with_ILSVRC2012_val_00002632_rank851,850,912,0.08006,899
ILSVRC2012_val_00002012_with_ILSVRC2012_val_00017559_rank425,360,360,0.17797,0
ILSVRC2012_val_00002012_with_ILSVRC2012_val_00010676_rank445,511,511,0.80123,0
ILSVRC2012_val_00002012_with_ILSVRC2012_val_00019038_rank750,15,15,0.87543,0
ILSVRC2012_val_00002012_with_ILSVRC2012_val_00010809_rank546,425,425,0.92025,0
ILSVRC2012_val_00002012_with_ILSVRC2012_val_00038326_rank052,230,162,0.81285,14
ILSVRC2012_val_00002012_with_ILSVRC2012_val_00023652_rank802,349,348,0.5438,1
ILSVRC2012_val_00002012_with_ILSVRC2012_val_00022064_rank373,463,463,0.9211,0
ILSVRC2012_val_00002012_with_ILSVRC2012_val_00009081_rank140,337,337,0.90505,0
ILSVRC2012_val_00002012_with_ILSVRC2012_val_00017963_rank716,49,49,0.86924,0
ILSVRC2012_val_00002012_with_ILSVRC2012_val_00029048_rank607,77,76,0.64539,1
ILSVRC2012_val_00002012_with_ILSVRC2012_val_00005425_rank191,665,665,0.84244,0
ILSVRC2012_val_00002012_with_ILSVRC2012_val_00028894_rank234,351,351,0.92016,0
ILSVRC2012_val_00002012_with_ILSVRC2012_val_00001327_rank429,608,843,0.30323,61
ILSVRC2012_val_00002012_with_ILSVRC2012_val_00043922_rank150,792,596,0.34134,3
ILSVRC2012_val_00002012_with_ILSVRC2012_val_00033368_rank749,334,334,0.86845,0
ILSVRC2012_val_00002012_with_ILSVRC2012_val_00037367_rank656,54,54,0.93455,0
ILSVRC2012_val_00002012_with_ILSVRC2012_val_00045126_rank531,953,953,0.92332,0
ILSVRC2012_val_00002012_with_ILSVRC2012_val_00045183_rank850,111,68,0.22462,32
ILSVRC2012_val_00002012_with_ILSVRC2012_val_00048747_rank646,622,622,0.92613,0
ILSVRC2012_val_00002012_with_ILSVRC2012_val_00006434_rank898,571,571,0.94088,0
ILSVRC2012_val_00002012_with_ILSVRC2012_val_00017339_rank140,337,337,0.75235,0
ILSVRC2012_val_00002012_with_ILSVRC2012_val_00027665_rank965,969,631,0.43369,15
ILSVRC2012_val_00002012_with_ILSVRC2012_val_00041669_rank626,53,53,0.61574,0
ILSVRC2012_val_00002012_with_ILSVRC2012_val_00018456_rank337,62,61,0.68848,1
ILSVRC2012_val_00002012_with_ILSVRC2012_val_00000906_rank617,452,452,0.63562,0
ILSVRC2012_val_00002012_with_ILSVRC2012_val_00012031_rank670,637,637,0.9374,0
ILSVRC2012_val_00002012_with_ILSVRC2012_val_00014438_rank030,465,465,0.92248,0
ILSVRC2012_val_00002012_with_ILSVRC2012_val_00037818_rank267,843,843,0.9223,0
ILSVRC2012_val_00002012_with_ILSVRC2012_val_00047296_rank414,847,847,0.94039,0
ILSVRC2012_val_00002012_with_ILSVRC2012_val_00010384_rank671,940,940,0.92548,0
ILSVRC2012_val_00002012_with_ILSVRC2012_val_00031306_rank643,266,265,0.65558,1
ILSVRC2012_val_00002012_with_ILSVRC2012_val_00017413_rank496,554,912,0.12658,364
ILSVRC2012_val_00002012_with_ILSVRC2012_val_00002922_rank289,3,2,0.4555,1
ILSVRC2012_val_00002012_with_ILSVRC2012_val_00030762_rank435,732,732,0.48404,0
ILSVRC2012_val_00002012_with_ILSVRC2012_val_00032017_rank172,212,212,0.89333,0
ILSVRC2012_val_00002012_with_ILSVRC2012_val_00003248_rank140,337,337,0.68284,0
ILSVRC2012_val_00002012_with_ILSVRC2012_val_00031813_rank907,925,925,0.89333,0
ILSVRC2012_val_00002012_with_ILSVRC2012_val_00010952_rank426,307,307,0.93589,0
ILSVRC2012_val_00002012_with_ILSVRC2012_val_00023909_rank123,293,293,0.93374,0
ILSVRC2012_val_00002012_with_ILSVRC2012_val_00046506_rank391,593,413,0.12731,112
ILSVRC2012_val_00002012_with_ILSVRC2012_val_00036405_rank475,303,303,0.84645,0
ILSVRC2012_val_00002012_with_ILSVRC2012_val_00036372_rank628,941,941,0.92685,0
ILSVRC2012_val_00002012_with_ILSVRC2012_val_00043722_rank720,397,397,0.90689,0
ILSVRC2012_val_00002012_with_ILSVRC2012_val_00007790_rank964,878,912,0.19368,467
ILSVRC2012_val_00002012_with_ILSVRC2012_val_00033779_rank772,955,955,0.91187,0
ILSVRC2012_val_00002012_with_ILSVRC2012_val_00024914_rank266,93,93,0.90062,0
ILSVRC2012_val_00002012_with_ILSVRC2012_val_00015210_rank006,227,227,0.91765,0
ILSVRC2012_val_00002012_with_ILSVRC2012_val_00005153_rank906,377,377,0.89403,0
ILSVRC2012_val_00002012_with_ILSVRC2012_val_00004456_rank504,902,902,0.86235,0
ILSVRC2012_val_00002012_with_ILSVRC2012_val_00046355_rank463,477,696,0.16628,29
ILSVRC2012_val_00002012_with_ILSVRC2012_val_00030994_rank869,461,524,0.47931,1
ILSVRC2012_val_00002012_with_ILSVRC2012_val_00008080_rank581,814,814,0.82807,0
ILSVRC2012_val_00002012_with_ILSVRC2012_val_00038118_rank248,144,144,0.92822,0
ILSVRC2012_val_00002012_with_ILSVRC2012_val_00025942_rank878,287,287,0.94507,0
ILSVRC2012_val_00002012_with_ILSVRC2012_val_00017360_rank598,717,717,0.89742,0
ILSVRC2012_val_00002012_with_ILSVRC2012_val_00005956_rank440,524,637,0.17074,201
ILSVRC2012_val_00002012_with_ILSVRC2012_val_00020588_rank601,514,514,0.9461,0
ILSVRC2012_val_00002012_with_ILSVRC2012_val_00012396_rank310,430,747,0.69634,14
ILSVRC2012_val_00002012_with_ILSVRC2012_val_00004671_rank741,152,152,0.42095,0
ILSVRC2012_val_00002012_with_ILSVRC2012_val_00019275_rank660,625,625,0.92864,0
ILSVRC2012_val_00002012_with_ILSVRC2012_val_00018675_rank368,42,42,0.91789,0
ILSVRC2012_val_00002012_with_ILSVRC2012_val_00022231_rank178,830,830,0.89545,0
ILSVRC2012_val_00002012_with_ILSVRC2012_val_00040831_rank461,576,576,0.51749,0
ILSVRC2012_val_00002012_with_ILSVRC2012_val_00017032_rank218,128,128,0.70284,0
ILSVRC2012_val_00002012_with_ILSVRC2012_val_00024263_rank279,660,448,0.94938,67
ILSVRC2012_val_00002012_with_ILSVRC2012_val_00024985_rank803,737,737,0.93374,0
ILSVRC2012_val_00002012_with_ILSVRC2012_val_00010293_rank372,876,912,0.20303,126
ILSVRC2012_val_00002012_with_ILSVRC2012_val_00003475_rank974,117,117,0.92635,0
ILSVRC2012_val_00002012_with_ILSVRC2012_val_00003222_rank416,756,756,0.64102,0
ILSVRC2012_val_00002012_with_ILSVRC2012_val_00038733_rank923,936,936,0.75935,0
ILSVRC2012_val_00002012_with_ILSVRC2012_val_00036248_rank014,250,250,0.57094,0
ILSVRC2012_val_00002012_with_ILSVRC2012_val_00022122_rank040,164,164,0.859,0
ILSVRC2012_val_00002012_with_ILSVRC2012_val_00044027_rank101,282,282,0.7163,0
ILSVRC2012_val_00002012_with_ILSVRC2012_val_00040119_rank179,342,342,0.79474,0
ILSVRC2012_val_00002012_with_ILSVRC2012_val_00001288_rank612,89,89,0.92568,0
ILSVRC2012_val_00002012_with_ILSVRC2012_val_00011405_rank621,403,573,0.08629,142
ILSVRC2012_val_00002012_with_ILSVRC2012_val_00007740_rank001,235,235,0.95764,0
ILSVRC2012_val_00002012_with_ILSVRC2012_val_00018578_rank345,147,147,0.64152,0
ILSVRC2012_val_00002012_with_ILSVRC2012_val_00018760_rank652,704,704,0.90053,0
ILSVRC2012_val_00002012_with_ILSVRC2012_val_00002274_rank481,722,992,0.29677,388
ILSVRC2012_val_00002012_with_ILSVRC2012_val_00005561_rank339,526,637,0.14822,136
ILSVRC2012_val_00002012_with_ILSVRC2012_val_00002900_rank681,989,989,0.92752,0
ILSVRC2012_val_00002012_with_ILSVRC2012_val_00003439_rank859,503,463,0.42966,48
ILSVRC2012_val_00002012_with_ILSVRC2012_val_00009232_rank443,71,71,0.9689,0
ILSVRC2012_val_00002012_with_ILSVRC2012_val_00037807_rank708,313,313,0.8501,0
ILSVRC2012_val_00002012_with_ILSVRC2012_val_00034178_rank528,4,4,0.91474,0
ILSVRC2012_val_00002012_with_ILSVRC2012_val_00030232_rank951,964,964,0.88568,0
ILSVRC2012_val_00002012_with_ILSVRC2012_val_00027792_rank679,434,636,0.43638,177
ILSVRC2012_val_00002012_with_ILSVRC2012_val_00043822_rank132,379,295,0.23853,20
ILSVRC2012_val_00002012_with_ILSVRC2012_val_00013135_rank533,681,730,0.78709,917
ILSVRC2012_val_00002012_with_ILSVRC2012_val_00017409_rank722,55,55,0.88553,0
ILSVRC2012_val_00002012_with_ILSVRC2012_val_00016039_rank161,603,603,0.93749,0
ILSVRC2012_val_00002012_with_ILSVRC2012_val_00041516_rank480,101,385,0.76013,1
ILSVRC2012_val_00002012_with_ILSVRC2012_val_00008829_rank644,64,64,0.84407,0
ILSVRC2012_val_00002012_with_ILSVRC2012_val_00046075_rank921,854,854,0.57717,0
ILSVRC2012_val_00002012_with_ILSVRC2012_val_00017000_rank954,550,550,0.91212,0
ILSVRC2012_val_00002012_with_ILSVRC2012_val_00043127_rank462,279,279,0.8093,0
ILSVRC2012_val_00002012_with_ILSVRC2012_val_00021517_rank831,740,459,0.9086,469
ILSVRC2012_val_00002012_with_ILSVRC2012_val_00038638_rank567,91,91,0.91691,0
ILSVRC2012_val_00002012_with_ILSVRC2012_val_00046343_rank225,532,532,0.32377,0
ILSVRC2012_val_00002012_with_ILSVRC2012_val_00002302_rank076,238,238,0.84962,0
ILSVRC2012_val_00002012_with_ILSVRC2012_val_00000293_rank269,0,912,0.09468,383
ILSVRC2012_val_00002012_with_ILSVRC2012_val_00009843_rank791,387,387,0.93689,0
ILSVRC2012_val_00002012_with_ILSVRC2012_val_00039102_rank847,138,138,0.93361,0
ILSVRC2012_val_00002012_with_ILSVRC2012_val_00029556_rank946,683,683,0.76679,0
ILSVRC2012_val_00002012_with_ILSVRC2012_val_00018701_rank015,261,261,0.91735,0
ILSVRC2012_val_00002012_with_ILSVRC2012_val_00034385_rank945,816,816,0.94324,0
ILSVRC2012_val_00002012_with_ILSVRC2012_val_00015899_rank260,100,100,0.91204,0
ILSVRC2012_val_00002012_with_ILSVRC2012_val_00019535_rank076,238,238,0.75829,0
ILSVRC2012_val_00002012_with_ILSVRC2012_val_00020078_rank628,941,941,0.90337,0
ILSVRC2012_val_00002012_with_ILSVRC2012_val_00041624_rank935,771,664,0.24419,9
ILSVRC2012_val_00002012_with_ILSVRC2012_val_00010972_rank806,746,768,0.09097,33
ILSVRC2012_val_00002012_with_ILSVRC2012_val_00002421_rank760,889,889,0.91016,0
ILSVRC2012_val_00002012_with_ILSVRC2012_val_00043018_rank111,106,106,0.86608,0
ILSVRC2012_val_00002012_with_ILSVRC2012_val_00005947_rank575,302,302,0.84944,0
ILSVRC2012_val_00002012_with_ILSVRC2012_val_00034730_rank983,748,893,0.45689,1
ILSVRC2012_val_00002012_with_ILSVRC2012_val_00032902_rank615,78,78,0.91037,0
ILSVRC2012_val_00002012_with_ILSVRC2012_val_00029751_rank026,207,207,0.86552,0
ILSVRC2012_val_00002012_with_ILSVRC2012_val_00023169_rank654,881,881,0.50681,0
ILSVRC2012_val_00002012_with_ILSVRC2012_val_00029493_rank971,826,826,0.91197,0
ILSVRC2012_val_00002012_with_ILSVRC2012_val_00048258_rank533,681,681,0.67944,0
ILSVRC2012_val_00002012_with_ILSVRC2012_val_00029517_rank369,777,730,0.25552,161
ILSVRC2012_val_00002012_with_ILSVRC2012_val_00004470_rank243,972,912,0.13347,153
ILSVRC2012_val_00002012_with_ILSVRC2012_val_00020241_rank381,841,797,0.2675,11
ILSVRC2012_val_00002012_with_ILSVRC2012_val_00037821_rank850,111,912,0.09742,458
ILSVRC2012_val_00002012_with_ILSVRC2012_val_00019520_rank733,666,666,0.92801,0
ILSVRC2012_val_00002012_with_ILSVRC2012_val_00036636_rank601,514,514,0.65845,0
ILSVRC2012_val_00002012_with_ILSVRC2012_val_00042490_rank827,650,21,0.16203,338
ILSVRC2012_val_00002012_with_ILSVRC2012_val_00019948_rank408,630,630,0.9562,0
ILSVRC2012_val_00002012_with_ILSVRC2012_val_00003923_rank988,614,637,0.26091,213
ILSVRC2012_val_00002012_with_ILSVRC2012_val_00003957_rank288,97,97,0.85184,0
ILSVRC2012_val_00002012_with_ILSVRC2012_val_00017878_rank599,910,618,0.48068,2
ILSVRC2012_val_00002012_with_ILSVRC2012_val_00015770_rank079,331,331,0.94487,0
ILSVRC2012_val_00002012_with_ILSVRC2012_val_00033817_rank502,70,73,0.2791,3
ILSVRC2012_val_00002012_with_ILSVRC2012_val_00021345_rank183,84,84,0.87262,0
ILSVRC2012_val_00002012_with_ILSVRC2012_val_00018807_rank443,71,71,0.93124,0
ILSVRC2012_val_00002012_with_ILSVRC2012_val_00026549_rank181,825,912,0.44552,3
ILSVRC2012_val_00002012_with_ILSVRC2012_val_00023680_rank196,359,359,0.70873,0
ILSVRC2012_val_00002012_with_ILSVRC2012_val_00006362_rank145,539,539,0.42271,0
ILSVRC2012_val_00002012_with_ILSVRC2012_val_00016131_rank967,709,418,0.7842,4
ILSVRC2012_val_00002012_with_ILSVRC2012_val_00008300_rank293,364,364,0.71996,0
ILSVRC2012_val_00002012_with_ILSVRC2012_val_00019214_rank390,483,483,0.90843,0
ILSVRC2012_val_00002012_with_ILSVRC2012_val_00026419_rank357,726,726,0.89072,0
ILSVRC2012_val_00002012_with_ILSVRC2012_val_00040304_rank681,989,989,0.91253,0
ILSVRC2012_val_00002012_with_ILSVRC2012_val_00009419_rank567,91,91,0.92075,0
ILSVRC2012_val_00002012_with_ILSVRC2012_val_00014856_rank655,950,950,0.89454,0
ILSVRC2012_val_00002012_with_ILSVRC2012_val_00037587_rank805,623,747,0.31957,509
ILSVRC2012_val_00002012_with_ILSVRC2012_val_00015922_rank623,20,20,0.89453,0
ILSVRC2012_val_00002012_with_ILSVRC2012_val_00026464_rank617,452,616,0.20842,69
ILSVRC2012_val_00002012_with_ILSVRC2012_val_00033616_rank943,72,72,0.5116,0
ILSVRC2012_val_00002012_with_ILSVRC2012_val_00007226_rank924,754,848,0.46115,2
ILSVRC2012_val_00002012_with_ILSVRC2012_val_00041115_rank006,227,227,0.58647,0
ILSVRC2012_val_00002012_with_ILSVRC2012_val_00030699_rank106,9,9,0.92167,0
ILSVRC2012_val_00002012_with_ILSVRC2012_val_00030425_rank285,831,831,0.45636,0
ILSVRC2012_val_00002012_with_ILSVRC2012_val_00045685_rank877,727,727,0.90994,0
ILSVRC2012_val_00002012_with_ILSVRC2012_val_00043427_rank920,456,912,0.20512,226
ILSVRC2012_val_00002012_with_ILSVRC2012_val_00038073_rank589,857,857,0.95706,0
ILSVRC2012_val_00002012_with_ILSVRC2012_val_00023672_rank329,453,453,0.35221,0
ILSVRC2012_val_00002012_with_ILSVRC2012_val_00045173_rank911,631,631,0.61739,0
ILSVRC2012_val_00002012_with_ILSVRC2012_val_00022745_rank879,88,88,0.8939,0
ILSVRC2012_val_00002012_with_ILSVRC2012_val_00010838_rank181,825,825,0.83458,0
ILSVRC2012_val_00002012_with_ILSVRC2012_val_00001473_rank120,344,344,0.9337,0
ILSVRC2012_val_00002012_with_ILSVRC2012_val_00019073_rank266,93,93,0.9073,0
ILSVRC2012_val_00002012_with_ILSVRC2012_val_00010879_rank381,841,841,0.87826,0
ILSVRC2012_val_00002012_with_ILSVRC2012_val_00018736_rank005,255,255,0.9399,0
ILSVRC2012_val_00002012_with_ILSVRC2012_val_00037603_rank391,593,593,0.92335,0
ILSVRC2012_val_00002012_with_ILSVRC2012_val_00030462_rank861,446,446,0.70047,0
ILSVRC2012_val_00002012_with_ILSVRC2012_val_00024540_rank738,613,613,0.8813,0
ILSVRC2012_val_00002012_with_ILSVRC2012_val_00045413_rank295,370,370,0.84167,0
ILSVRC2012_val_00002012_with_ILSVRC2012_val_00016851_rank114,522,522,0.22597,0
ILSVRC2012_val_00002012_with_ILSVRC2012_val_00049845_rank352,304,304,0.7107,0
ILSVRC2012_val_00002012_with_ILSVRC2012_val_00011003_rank339,526,730,0.78592,722
ILSVRC2012_val_00002012_with_ILSVRC2012_val_00027579_rank052,230,230,0.87286,0
ILSVRC2012_val_00002012_with_ILSVRC2012_val_00041137_rank062,209,209,0.92617,0
ILSVRC2012_val_00002012_with_ILSVRC2012_val_00011842_rank989,494,494,0.8642,0
ILSVRC2012_val_00002012_with_ILSVRC2012_val_00046442_rank929,711,711,0.7437,0
ILSVRC2012_val_00002012_with_ILSVRC2012_val_00036289_rank987,126,126,0.94044,0
ILSVRC2012_val_00002012_with_ILSVRC2012_val_00022575_rank985,719,719,0.85591,0
ILSVRC2012_val_00002012_with_ILSVRC2012_val_00035123_rank106,9,9,0.93664,0
ILSVRC2012_val_00002012_with_ILSVRC2012_val_00032006_rank254,366,367,0.29499,1
ILSVRC2012_val_00002012_with_ILSVRC2012_val_00004432_rank601,514,514,0.94144,0
ILSVRC2012_val_00002012_with_ILSVRC2012_val_00009243_rank832,531,637,0.31084,662
ILSVRC2012_val_00002012_with_ILSVRC2012_val_00027363_rank248,144,144,0.93815,0
ILSVRC2012_val_00002012_with_ILSVRC2012_val_00045882_rank301,658,658,0.89342,0
ILSVRC2012_val_00002012_with_ILSVRC2012_val_00047052_rank578,130,130,0.95855,0
ILSVRC2012_val_00002012_with_ILSVRC2012_val_00014567_rank745,739,739,0.89854,0
ILSVRC2012_val_00002012_with_ILSVRC2012_val_00029768_rank982,584,912,0.09375,558
ILSVRC2012_val_00002012_with_ILSVRC2012_val_00032621_rank629,109,109,0.89957,0
ILSVRC2012_val_00002012_with_ILSVRC2012_val_00007495_rank256,785,637,0.42728,695
ILSVRC2012_val_00002012_with_ILSVRC2012_val_00026600_rank498,74,74,0.74311,0
ILSVRC2012_val_00002012_with_ILSVRC2012_val_00005884_rank556,390,390,0.93147,0
ILSVRC2012_val_00002012_with_ILSVRC2012_val_00044131_rank854,829,829,0.8715,0
ILSVRC2012_val_00002012_with_ILSVRC2012_val_00037971_rank831,740,740,0.76217,0
ILSVRC2012_val_00002012_with_ILSVRC2012_val_00000416_rank627,856,866,0.51285,2
ILSVRC2012_val_00002012_with_ILSVRC2012_val_00043258_rank868,82,82,0.81691,0
ILSVRC2012_val_00002012_with_ILSVRC2012_val_00019667_rank898,571,637,0.37125,4
ILSVRC2012_val_00002012_with_ILSVRC2012_val_00019461_rank703,112,363,0.68834,68
ILSVRC2012_val_00002012_with_ILSVRC2012_val_00046117_rank338,371,381,0.53967,9
ILSVRC2012_val_00002012_with_ILSVRC2012_val_00035577_rank125,285,287,0.28071,4
ILSVRC2012_val_00002012_with_ILSVRC2012_val_00026198_rank233,543,543,0.80962,0
ILSVRC2012_val_00002012_with_ILSVRC2012_val_00008726_rank074,277,277,0.65492,0
ILSVRC2012_val_00002012_with_ILSVRC2012_val_00043945_rank132,379,369,0.81244,3
ILSVRC2012_val_00002012_with_ILSVRC2012_val_00049800_rank105,154,154,0.88831,0
ILSVRC2012_val_00002012_with_ILSVRC2012_val_00008288_rank357,726,726,0.89685,0
ILSVRC2012_val_00002012_with_ILSVRC2012_val_00015539_rank904,965,965,0.89373,0
ILSVRC2012_val_00002012_with_ILSVRC2012_val_00049004_rank107,177,177,0.93428,0
ILSVRC2012_val_00002012_with_ILSVRC2012_val_00006126_rank876,928,960,0.66007,1
ILSVRC2012_val_00002012_with_ILSVRC2012_val_00044883_rank207,523,723,0.55764,159
ILSVRC2012_val_00002012_with_ILSVRC2012_val_00007018_rank249,586,586,0.95178,0
ILSVRC2012_val_00002012_with_ILSVRC2012_val_00029793_rank146,870,870,0.9457,0
ILSVRC2012_val_00002012_with_ILSVRC2012_val_00025879_rank813,122,122,0.91266,0
ILSVRC2012_val_00002012_with_ILSVRC2012_val_00041700_rank007,234,234,0.89824,0
ILSVRC2012_val_00002012_with_ILSVRC2012_val_00005731_rank212,495,637,0.55827,315
ILSVRC2012_val_00002012_with_ILSVRC2012_val_00011825_rank955,435,285,0.35203,353
ILSVRC2012_val_00002012_with_ILSVRC2012_val_00028220_rank108,291,291,0.85417,0
ILSVRC2012_val_00002012_with_ILSVRC2012_val_00023129_rank128,340,340,0.94074,0
ILSVRC2012_val_00002012_with_ILSVRC2012_val_00009328_rank941,521,521,0.79777,0
ILSVRC2012_val_00002012_with_ILSVRC2012_val_00025729_rank676,300,304,0.68229,3
ILSVRC2012_val_00002012_with_ILSVRC2012_val_00021026_rank966,605,637,0.32417,314
ILSVRC2012_val_00002012_with_ILSVRC2012_val_00046459_rank886,898,898,0.78008,0
ILSVRC2012_val_00002012_with_ILSVRC2012_val_00020169_rank014,250,250,0.45916,0
ILSVRC2012_val_00002012_with_ILSVRC2012_val_00047939_rank476,318,318,0.93292,0
ILSVRC2012_val_00002012_with_ILSVRC2012_val_00048798_rank682,984,984,0.93129,0
ILSVRC2012_val_00002012_with_ILSVRC2012_val_00022629_rank080,267,267,0.89453,0
ILSVRC2012_val_00002012_with_ILSVRC2012_val_00007718_rank744,482,482,0.53905,0
ILSVRC2012_val_00002012_with_ILSVRC2012_val_00022613_rank559,643,723,0.42548,193
ILSVRC2012_val_00002012_with_ILSVRC2012_val_00027650_rank604,615,912,0.24222,880
ILSVRC2012_val_00002012_with_ILSVRC2012_val_00003329_rank540,930,930,0.90448,0
ILSVRC2012_val_00002012_with_ILSVRC2012_val_00040378_rank318,882,637,0.35976,252
ILSVRC2012_val_00002012_with_ILSVRC2012_val_00015207_rank800,546,546,0.87452,0
ILSVRC2012_val_00002012_with_ILSVRC2012_val_00034707_rank551,651,651,0.92339,0
ILSVRC2012_val_00002012_with_ILSVRC2012_val_00008620_rank837,724,724,0.88314,0
ILSVRC2012_val_00002012_with_ILSVRC2012_val_00014912_rank093,158,158,0.54072,0
ILSVRC2012_val_00002012_with_ILSVRC2012_val_00047941_rank645,36,37,0.62681,2
ILSVRC2012_val_00002012_with_ILSVRC2012_val_00041634_rank406,114,63,0.79482,79
ILSVRC2012_val_00002012_with_ILSVRC2012_val_00020055_rank702,512,512,0.93297,0
ILSVRC2012_val_00002012_with_ILSVRC2012_val_00029516_rank738,613,613,0.90916,0
ILSVRC2012_val_00002012_with_ILSVRC2012_val_00027143_rank913,846,619,0.91682,1
ILSVRC2012_val_00002012_with_ILSVRC2012_val_00007990_rank193,764,652,0.78592,5
ILSVRC2012_val_00002012_with_ILSVRC2012_val_00000097_rank094,330,330,0.77073,0
ILSVRC2012_val_00002012_with_ILSVRC2012_val_00047144_rank587,333,333,0.92776,0
ILSVRC2012_val_00002012_with_ILSVRC2012_val_00010585_rank804,947,947,0.90658,0
ILSVRC2012_val_00002012_with_ILSVRC2012_val_00044580_rank337,62,62,0.56591,0
ILSVRC2012_val_00002012_with_ILSVRC2012_val_00042133_rank045,193,193,0.91836,0
ILSVRC2012_val_00002012_with_ILSVRC2012_val_00048965_rank413,772,875,0.71668,29
ILSVRC2012_val_00002012_with_ILSVRC2012_val_00031272_rank663,687,687,0.92049,0
ILSVRC2012_val_00002012_with_ILSVRC2012_val_00031971_rank811,451,73,0.15107,99
ILSVRC2012_val_00002012_with_ILSVRC2012_val_00001518_rank335,919,18,0.798,114
ILSVRC2012_val_00002012_with_ILSVRC2012_val_00045892_rank890,662,662,0.37189,0
ILSVRC2012_val_00002012_with_ILSVRC2012_val_00012019_rank946,683,432,0.56265,1
ILSVRC2012_val_00002012_with_ILSVRC2012_val_00008135_rank173,133,133,0.93989,0
ILSVRC2012_val_00002012_with_ILSVRC2012_val_00042887_rank035,260,260,0.93309,0
ILSVRC2012_val_00002012_with_ILSVRC2012_val_00008094_rank123,293,293,0.92481,0
ILSVRC2012_val_00002012_with_ILSVRC2012_val_00046834_rank620,659,659,0.80121,0
ILSVRC2012_val_00002012_with_ILSVRC2012_val_00014150_rank798,544,544,0.92516,0
ILSVRC2012_val_00002012_with_ILSVRC2012_val_00025239_rank955,435,514,0.16371,702
ILSVRC2012_val_00002012_with_ILSVRC2012_val_00004466_rank329,453,453,0.89332,0
ILSVRC2012_val_00002012_with_ILSVRC2012_val_00016741_rank360,361,361,0.25706,0
ILSVRC2012_val_00002012_with_ILSVRC2012_val_00001408_rank034,246,246,0.9456,0
ILSVRC2012_val_00002012_with_ILSVRC2012_val_00049801_rank342,148,148,0.90102,0
ILSVRC2012_val_00002012_with_ILSVRC2012_val_00008074_rank737,374,374,0.69716,0
ILSVRC2012_val_00002012_with_ILSVRC2012_val_00017745_rank377,691,818,0.1913,31
ILSVRC2012_val_00002012_with_ILSVRC2012_val_00010309_rank062,209,209,0.92709,0
ILSVRC2012_val_00002012_with_ILSVRC2012_val_00024043_rank109,168,159,0.69966,1
ILSVRC2012_val_00002012_with_ILSVRC2012_val_00035172_rank571,283,283,0.94245,0
ILSVRC2012_val_00002012_with_ILSVRC2012_val_00013397_rank534,59,59,0.76931,0
ILSVRC2012_val_00002012_with_ILSVRC2012_val_00044882_rank119,268,268,0.65897,0
ILSVRC2012_val_00002012_with_ILSVRC2012_val_00027322_rank058,206,206,0.78734,0
ILSVRC2012_val_00002012_with_ILSVRC2012_val_00004640_rank365,994,994,0.82283,0
ILSVRC2012_val_00002012_with_ILSVRC2012_val_00016347_rank528,4,4,0.91928,0
ILSVRC2012_val_00002012_with_ILSVRC2012_val_00048286_rank376,25,114,0.32701,7
ILSVRC2012_val_00002012_with_ILSVRC2012_val_00042891_rank351,675,609,0.87985,28
ILSVRC2012_val_00002012_with_ILSVRC2012_val_00044670_rank494,723,723,0.91824,0
ILSVRC2012_val_00002012_with_ILSVRC2012_val_00018259_rank214,678,73,0.03237,448
ILSVRC2012_val_00002012_with_ILSVRC2012_val_00004548_rank138,217,217,0.68785,0
ILSVRC2012_val_00002012_with_ILSVRC2012_val_00018372_rank245,649,649,0.95617,0
ILSVRC2012_val_00002012_with_ILSVRC2012_val_00018975_rank165,444,444,0.91645,0
ILSVRC2012_val_00002012_with_ILSVRC2012_val_00006195_rank187,8,8,0.87292,0
ILSVRC2012_val_00002012_with_ILSVRC2012_val_00018827_rank133,216,216,0.93949,0
ILSVRC2012_val_00002012_with_ILSVRC2012_val_00029366_rank320,875,456,0.47109,53
ILSVRC2012_val_00002012_with_ILSVRC2012_val_00046074_rank808,73,73,0.54098,0
ILSVRC2012_val_00002012_with_ILSVRC2012_val_00040571_rank687,920,912,0.13517,214
ILSVRC2012_val_00002012_with_ILSVRC2012_val_00000599_rank046,162,162,0.90895,0
ILSVRC2012_val_00002012_with_ILSVRC2012_val_00023231_rank025,243,243,0.86907,0
ILSVRC2012_val_00002012_with_ILSVRC2012_val_00021991_rank002,225,225,0.93056,0
ILSVRC2012_val_00002012_with_ILSVRC2012_val_00048488_rank156,210,210,0.641,0
ILSVRC2012_val_00002012_with_ILSVRC2012_val_00015875_rank778,901,901,0.56835,0
ILSVRC2012_val_00002012_with_ILSVRC2012_val_00031622_rank169,362,362,0.95558,0
ILSVRC2012_val_00002012_with_ILSVRC2012_val_00025555_rank673,962,931,0.24949,22
ILSVRC2012_val_00002012_with_ILSVRC2012_val_00000075_rank477,80,80,0.92112,0
ILSVRC2012_val_00002012_with_ILSVRC2012_val_00040551_rank802,349,349,0.70258,0
ILSVRC2012_val_00002012_with_ILSVRC2012_val_00045094_rank188,204,204,0.94476,0
ILSVRC2012_val_00002012_with_ILSVRC2012_val_00017085_rank500,858,488,0.71843,58
ILSVRC2012_val_00002012_with_ILSVRC2012_val_00000198_rank454,16,97,0.36558,157
ILSVRC2012_val_00002012_with_ILSVRC2012_val_00006355_rank390,483,448,0.64691,101
ILSVRC2012_val_00002012_with_ILSVRC2012_val_00004287_rank077,198,198,0.52807,0
ILSVRC2012_val_00002012_with_ILSVRC2012_val_00043520_rank487,803,803,0.86578,0
ILSVRC2012_val_00002012_with_ILSVRC2012_val_00000356_rank578,130,130,0.90781,0
ILSVRC2012_val_00002012_with_ILSVRC2012_val_00000941_rank940,56,56,0.86807,0
ILSVRC2012_val_00002012_with_ILSVRC2012_val_00006871_rank988,614,614,0.91297,0
ILSVRC2012_val_00002012_with_ILSVRC2012_val_00001903_rank924,754,754,0.82765,0
ILSVRC2012_val_00002012_with_ILSVRC2012_val_00016586_rank153,354,354,0.91402,0
ILSVRC2012_val_00002012_with_ILSVRC2012_val_00049119_rank822,30,30,0.92458,0
ILSVRC2012_val_00002012_with_ILSVRC2012_val_00039834_rank359,951,951,0.91447,0
ILSVRC2012_val_00002012_with_ILSVRC2012_val_00020907_rank257,34,912,0.13387,521
ILSVRC2012_val_00002012_with_ILSVRC2012_val_00004937_rank401,807,637,0.76296,305
ILSVRC2012_val_00002012_with_ILSVRC2012_val_00023602_rank266,93,93,0.89817,0
ILSVRC2012_val_00002012_with_ILSVRC2012_val_00034709_rank652,704,704,0.91528,0
ILSVRC2012_val_00002012_with_ILSVRC2012_val_00024348_rank608,564,564,0.6823,0
ILSVRC2012_val_00002012_with_ILSVRC2012_val_00013968_rank373,463,463,0.96765,0
ILSVRC2012_val_00002012_with_ILSVRC2012_val_00039380_rank437,628,628,0.84808,0
ILSVRC2012_val_00002012_with_ILSVRC2012_val_00011120_rank950,27,38,0.28505,9
ILSVRC2012_val_00002012_with_ILSVRC2012_val_00017659_rank564,952,948,0.90536,4
ILSVRC2012_val_00002012_with_ILSVRC2012_val_00039577_rank170,888,888,0.91305,0
ILSVRC2012_val_00002012_with_ILSVRC2012_val_00017464_rank242,458,458,0.92222,0
ILSVRC2012_val_00002012_with_ILSVRC2012_val_00014730_rank022,182,182,0.89146,0
ILSVRC2012_val_00002012_with_ILSVRC2012_val_00009435_rank059,262,262,0.93487,0
ILSVRC2012_val_00002012_with_ILSVRC2012_val_00018647_rank639,534,534,0.92642,0
ILSVRC2012_val_00002012_with_ILSVRC2012_val_00008959_rank229,670,670,0.66065,0
ILSVRC2012_val_00002012_with_ILSVRC2012_val_00044477_rank238,787,787,0.88159,0
ILSVRC2012_val_00002012_with_ILSVRC2012_val_00028781_rank933,464,695,0.34554,12
ILSVRC2012_val_00002012_with_ILSVRC2012_val_00046158_rank064,166,162,0.76117,3
ILSVRC2012_val_00002012_with_ILSVRC2012_val_00006184_rank837,724,913,0.56373,2
ILSVRC2012_val_00002012_with_ILSVRC2012_val_00046987_rank222,671,671,0.96794,0
ILSVRC2012_val_00002012_with_ILSVRC2012_val_00047243_rank316,58,58,0.60666,0
ILSVRC2012_val_00002012_with_ILSVRC2012_val_00039746_rank506,457,457,0.93358,0
ILSVRC2012_val_00002012_with_ILSVRC2012_val_00036455_rank716,49,49,0.89986,0
ILSVRC2012_val_00002012_with_ILSVRC2012_val_00018411_rank323,542,912,0.49355,737
ILSVRC2012_val_00002012_with_ILSVRC2012_val_00018121_rank107,177,177,0.92042,0
ILSVRC2012_val_00002012_with_ILSVRC2012_val_00021985_rank326,407,407,0.94643,0
ILSVRC2012_val_00002012_with_ILSVRC2012_val_00046231_rank595,320,319,0.77506,1
ILSVRC2012_val_00002012_with_ILSVRC2012_val_00038727_rank353,566,566,0.90936,0
ILSVRC2012_val_00002012_with_ILSVRC2012_val_00016567_rank122,202,202,0.82432,0
ILSVRC2012_val_00002012_with_ILSVRC2012_val_00027595_rank221,448,448,0.92337,0
ILSVRC2012_val_00002012_with_ILSVRC2012_val_00033712_rank430,118,119,0.40972,2
ILSVRC2012_val_00002012_with_ILSVRC2012_val_00019424_rank345,147,149,0.27552,4
ILSVRC2012_val_00002012_with_ILSVRC2012_val_00039220_rank542,140,140,0.94044,0
ILSVRC2012_val_00002012_with_ILSVRC2012_val_00033787_rank901,861,428,0.29749,800
ILSVRC2012_val_00002012_with_ILSVRC2012_val_00019367_rank916,897,897,0.9107,0
ILSVRC2012_val_00002012_with_ILSVRC2012_val_00048479_rank795,820,820,0.93924,0
ILSVRC2012_val_00002012_with_ILSVRC2012_val_00027488_rank761,61,61,0.84587,0
ILSVRC2012_val_00002012_with_ILSVRC2012_val_00013071_rank114,522,992,0.41895,21
ILSVRC2012_val_00002012_with_ILSVRC2012_val_00015662_rank774,798,410,0.19697,217
ILSVRC2012_val_00002012_with_ILSVRC2012_val_00024412_rank926,725,725,0.59854,0
ILSVRC2012_val_00002012_with_ILSVRC2012_val_00045245_rank033,104,104,0.97947,0
ILSVRC2012_val_00002012_with_ILSVRC2012_val_00014554_rank298,808,828,0.85744,66
ILSVRC2012_val_00002012_with_ILSVRC2012_val_00029641_rank294,353,353,0.93044,0
ILSVRC2012_val_00002012_with_ILSVRC2012_val_00012477_rank830,636,414,0.17063,2
ILSVRC2012_val_00002012_with_ILSVRC2012_val_00048824_rank583,92,92,0.88695,0
ILSVRC2012_val_00002012_with_ILSVRC2012_val_00044449_rank207,523,912,0.54066,494
ILSVRC2012_val_00002012_with_ILSVRC2012_val_00002989_rank042,240,241,0.39205,1
ILSVRC2012_val_00002012_with_ILSVRC2012_val_00020529_rank482,851,851,0.91858,0
ILSVRC2012_val_00002012_with_ILSVRC2012_val_00011957_rank865,892,409,0.58157,1
ILSVRC2012_val_00002012_with_ILSVRC2012_val_00013468_rank620,659,659,0.9251,0
ILSVRC2012_val_00002012_with_ILSVRC2012_val_00004773_rank902,849,849,0.90077,0
ILSVRC2012_val_00002012_with_ILSVRC2012_val_00048940_rank151,296,181,0.37855,51
ILSVRC2012_val_00002012_with_ILSVRC2012_val_00007703_rank925,617,617,0.81336,0
ILSVRC2012_val_00002012_with_ILSVRC2012_val_00025358_rank853,720,720,0.92396,0
ILSVRC2012_val_00002012_with_ILSVRC2012_val_00012819_rank501,47,47,0.93251,0
ILSVRC2012_val_00002012_with_ILSVRC2012_val_00048136_rank978,710,710,0.88855,0
ILSVRC2012_val_00002012_with_ILSVRC2012_val_00019761_rank558,674,674,0.85794,0
ILSVRC2012_val_00002012_with_ILSVRC2012_val_00001777_rank063,167,166,0.54303,1
ILSVRC2012_val_00002012_with_ILSVRC2012_val_00023767_rank292,699,699,0.81992,0
ILSVRC2012_val_00002012_with_ILSVRC2012_val_00041125_rank268,802,670,0.16313,5
ILSVRC2012_val_00002012_with_ILSVRC2012_val_00020951_rank898,571,571,0.92977,0
ILSVRC2012_val_00002012_with_ILSVRC2012_val_00043961_rank446,399,399,0.7467,0
ILSVRC2012_val_00002012_with_ILSVRC2012_val_00037418_rank450,323,323,0.92343,0
ILSVRC2012_val_00002012_with_ILSVRC2012_val_00013251_rank236,211,211,0.94638,0
ILSVRC2012_val_00002012_with_ILSVRC2012_val_00031171_rank526,12,12,0.90499,0
ILSVRC2012_val_00002012_with_ILSVRC2012_val_00009223_rank692,790,790,0.72426,0
ILSVRC2012_val_00002012_with_ILSVRC2012_val_00018549_rank967,709,709,0.64365,0
ILSVRC2012_val_00002012_with_ILSVRC2012_val_00041627_rank556,390,390,0.37412,0
ILSVRC2012_val_00002012_with_ILSVRC2012_val_00049650_rank059,262,262,0.77318,0
ILSVRC2012_val_00002012_with_ILSVRC2012_val_00001057_rank629,109,912,0.11335,825
ILSVRC2012_val_00002012_with_ILSVRC2012_val_00032838_rank418,993,993,0.92682,0
ILSVRC2012_val_00002012_with_ILSVRC2012_val_00009306_rank920,456,173,0.12791,442
ILSVRC2012_val_00002012_with_ILSVRC2012_val_00000821_rank797,124,124,0.2384,0
ILSVRC2012_val_00002012_with_ILSVRC2012_val_00024223_rank386,958,958,0.87414,0
ILSVRC2012_val_00002012_with_ILSVRC2012_val_00047881_rank265,661,661,0.93946,0
ILSVRC2012_val_00002012_with_ILSVRC2012_val_00023770_rank523,795,795,0.17091,0
ILSVRC2012_val_00002012_with_ILSVRC2012_val_00025049_rank926,725,725,0.90213,0
ILSVRC2012_val_00002012_with_ILSVRC2012_val_00040724_rank448,149,149,0.88393,0
ILSVRC2012_val_00002012_with_ILSVRC2012_val_00005369_rank151,296,296,0.94067,0
ILSVRC2012_val_00002012_with_ILSVRC2012_val_00046910_rank771,594,594,0.93549,0
ILSVRC2012_val_00002012_with_ILSVRC2012_val_00005266_rank290,23,143,0.43847,27
ILSVRC2012_val_00002012_with_ILSVRC2012_val_00018086_rank876,928,173,0.06575,533
ILSVRC2012_val_00002012_with_ILSVRC2012_val_00002546_rank015,261,261,0.92876,0
ILSVRC2012_val_00002012_with_ILSVRC2012_val_00019530_rank709,502,502,0.96475,0
ILSVRC2012_val_00002012_with_ILSVRC2012_val_00022976_rank301,658,235,0.94266,477
ILSVRC2012_val_00002012_with_ILSVRC2012_val_00003070_rank501,47,47,0.92705,0
ILSVRC2012_val_00002012_with_ILSVRC2012_val_00041081_rank129,251,251,0.92839,0
ILSVRC2012_val_00002012_with_ILSVRC2012_val_00006528_rank809,426,426,0.95276,0
ILSVRC2012_val_00002012_with_ILSVRC2012_val_00025500_rank140,337,337,0.92317,0
ILSVRC2012_val_00002012_with_ILSVRC2012_val_00049905_rank215,116,116,0.8598,0
ILSVRC2012_val_00002012_with_ILSVRC2012_val_00019465_rank524,707,707,0.75021,0
ILSVRC2012_val_00002012_with_ILSVRC2012_val_00017117_rank010,224,224,0.56719,0
ILSVRC2012_val_00002012_with_ILSVRC2012_val_00004467_rank199,797,797,0.94177,0
ILSVRC2012_val_00002012_with_ILSVRC2012_val_00039456_rank325,946,824,0.11804,526
ILSVRC2012_val_00002012_with_ILSVRC2012_val_00003623_rank007,234,234,0.83146,0
ILSVRC2012_val_00002012_with_ILSVRC2012_val_00039436_rank482,851,851,0.90574,0
ILSVRC2012_val_00002012_with_ILSVRC2012_val_00002894_rank524,707,707,0.78559,0
ILSVRC2012_val_00002012_with_ILSVRC2012_val_00041289_rank449,759,759,0.90111,0
ILSVRC2012_val_00002012_with_ILSVRC2012_val_00024104_rank732,577,577,0.87385,0
ILSVRC2012_val_00002012_with_ILSVRC2012_val_00001012_rank165,444,671,0.18706,1
ILSVRC2012_val_00002012_with_ILSVRC2012_val_00042405_rank814,319,319,0.84864,0
ILSVRC2012_val_00002012_with_ILSVRC2012_val_00008292_rank757,404,404,0.87053,0
ILSVRC2012_val_00002012_with_ILSVRC2012_val_00000743_rank400,556,703,0.70916,158
ILSVRC2012_val_00002012_with_ILSVRC2012_val_00003969_rank951,964,947,0.45855,35
ILSVRC2012_val_00002012_with_ILSVRC2012_val_00001142_rank567,91,91,0.93397,0
ILSVRC2012_val_00002012_with_ILSVRC2012_val_00014957_rank801,265,265,0.76189,0
ILSVRC2012_val_00002012_with_ILSVRC2012_val_00025047_rank158,21,21,0.90464,0
ILSVRC2012_val_00002012_with_ILSVRC2012_val_00009796_rank605,736,736,0.9121,0
ILSVRC2012_val_00002012_with_ILSVRC2012_val_00015865_rank992,712,712,0.90417,0
ILSVRC2012_val_00002012_with_ILSVRC2012_val_00028570_rank459,90,90,0.92754,0
ILSVRC2012_val_00002012_with_ILSVRC2012_val_00015637_rank493,411,411,0.86753,0
ILSVRC2012_val_00002012_with_ILSVRC2012_val_00021709_rank248,144,144,0.92998,0
ILSVRC2012_val_00002012_with_ILSVRC2012_val_00049642_rank102,218,218,0.91814,0
ILSVRC2012_val_00002012_with_ILSVRC2012_val_00043101_rank235,429,429,0.92377,0
ILSVRC2012_val_00002012_with_ILSVRC2012_val_00047519_rank305,781,781,0.39081,0
ILSVRC2012_val_00002012_with_ILSVRC2012_val_00011420_rank454,16,16,0.74426,0
ILSVRC2012_val_00002012_with_ILSVRC2012_val_00049093_rank490,96,96,0.92239,0
ILSVRC2012_val_00002012_with_ILSVRC2012_val_00015410_rank246,13,13,0.91482,0
ILSVRC2012_val_00002012_with_ILSVRC2012_val_00030709_rank780,549,919,0.65902,111
ILSVRC2012_val_00002012_with_ILSVRC2012_val_00026987_rank982,584,850,0.35493,209
ILSVRC2012_val_00002012_with_ILSVRC2012_val_00003922_rank066,161,161,0.92535,0
ILSVRC2012_val_00002012_with_ILSVRC2012_val_00044103_rank505,332,332,0.90703,0
ILSVRC2012_val_00002012_with_ILSVRC2012_val_00002008_rank754,540,540,0.86793,0
ILSVRC2012_val_00002012_with_ILSVRC2012_val_00033683_rank085,179,179,0.95854,0
ILSVRC2012_val_00002012_with_ILSVRC2012_val_00019969_rank248,144,144,0.92174,0
ILSVRC2012_val_00002012_with_ILSVRC2012_val_00040306_rank402,427,756,0.49439,1
ILSVRC2012_val_00002012_with_ILSVRC2012_val_00031067_rank665,611,947,0.70379,270
ILSVRC2012_val_00002012_with_ILSVRC2012_val_00000411_rank084,199,199,0.157,0
ILSVRC2012_val_00002012_with_ILSVRC2012_val_00025479_rank049,213,213,0.89351,0
ILSVRC2012_val_00002012_with_ILSVRC2012_val_00025066_rank148,220,220,0.96488,0
ILSVRC2012_val_00002012_with_ILSVRC2012_val_00021868_rank724,488,488,0.16973,0
ILSVRC2012_val_00002012_with_ILSVRC2012_val_00048913_rank943,72,72,0.62506,0
ILSVRC2012_val_00002012_with_ILSVRC2012_val_00015882_rank965,969,969,0.60798,0
ILSVRC2012_val_00002012_with_ILSVRC2012_val_00038807_rank780,549,549,0.53138,0
ILSVRC2012_val_00002012_with_ILSVRC2012_val_00012835_rank464,343,343,0.8869,0
ILSVRC2012_val_00002012_with_ILSVRC2012_val_00039319_rank917,811,637,0.45831,384
ILSVRC2012_val_00002012_with_ILSVRC2012_val_00033379_rank922,125,125,0.77409,0
ILSVRC2012_val_00002012_with_ILSVRC2012_val_00045996_rank909,501,887,0.37818,7
ILSVRC2012_val_00002012_with_ILSVRC2012_val_00023962_rank995,749,749,0.26238,0
ILSVRC2012_val_00002012_with_ILSVRC2012_val_00012959_rank872,775,775,0.95548,0
ILSVRC2012_val_00002012_with_ILSVRC2012_val_00002023_rank470,10,10,0.91568,0
ILSVRC2012_val_00002012_with_ILSVRC2012_val_00046890_rank551,651,651,0.93776,0
ILSVRC2012_val_00002012_with_ILSVRC2012_val_00036171_rank263,574,574,0.94212,0
ILSVRC2012_val_00002012_with_ILSVRC2012_val_00023541_rank085,179,179,0.94989,0
ILSVRC2012_val_00002012_with_ILSVRC2012_val_00032279_rank941,521,521,0.69698,0
ILSVRC2012_val_00002012_with_ILSVRC2012_val_00035480_rank096,196,196,0.44776,0
ILSVRC2012_val_00002012_with_ILSVRC2012_val_00012159_rank733,666,666,0.91757,0
ILSVRC2012_val_00002012_with_ILSVRC2012_val_00028124_rank211,853,853,0.86324,0
ILSVRC2012_val_00002012_with_ILSVRC2012_val_00023445_rank842,298,348,0.84507,98
ILSVRC2012_val_00002012_with_ILSVRC2012_val_00013895_rank819,345,984,0.17713,135
ILSVRC2012_val_00002012_with_ILSVRC2012_val_00046207_rank160,294,294,0.95207,0
ILSVRC2012_val_00002012_with_ILSVRC2012_val_00020120_rank204,385,385,0.8673,0
ILSVRC2012_val_00002012_with_ILSVRC2012_val_00031844_rank270,750,797,0.76061,5
ILSVRC2012_val_00002012_with_ILSVRC2012_val_00012426_rank570,673,526,0.32566,5
ILSVRC2012_val_00002012_with_ILSVRC2012_val_00027623_rank647,443,591,0.17442,6
ILSVRC2012_val_00002012_with_ILSVRC2012_val_00040114_rank678,203,226,0.50511,286
ILSVRC2012_val_00002012_with_ILSVRC2012_val_00022885_rank704,565,565,0.86412,0
ILSVRC2012_val_00002012_with_ILSVRC2012_val_00043613_rank968,585,631,0.18562,1
ILSVRC2012_val_00002012_with_ILSVRC2012_val_00045929_rank493,411,411,0.36655,0
ILSVRC2012_val_00002012_with_ILSVRC2012_val_00022952_rank135,568,568,0.88646,0
ILSVRC2012_val_00002012_with_ILSVRC2012_val_00028881_rank050,170,170,0.76527,0
ILSVRC2012_val_00002012_with_ILSVRC2012_val_00025297_rank715,806,806,0.84797,0
ILSVRC2012_val_00002012_with_ILSVRC2012_val_00008110_rank203,693,693,0.76076,0
ILSVRC2012_val_00002012_with_ILSVRC2012_val_00044145_rank254,366,366,0.88961,0
ILSVRC2012_val_00002012_with_ILSVRC2012_val_00040821_rank819,345,345,0.50171,0
ILSVRC2012_val_00002012_with_ILSVRC2012_val_00014054_rank653,757,757,0.72429,0
ILSVRC2012_val_00002012_with_ILSVRC2012_val_00044135_rank032,226,200,0.62195,2
ILSVRC2012_val_00002012_with_ILSVRC2012_val_00045455_rank114,522,448,0.0752,155
ILSVRC2012_val_00002012_with_ILSVRC2012_val_00023533_rank049,213,213,0.92867,0
ILSVRC2012_val_00002012_with_ILSVRC2012_val_00015035_rank225,532,532,0.57886,0
ILSVRC2012_val_00002012_with_ILSVRC2012_val_00034951_rank096,196,196,0.88156,0
ILSVRC2012_val_00002012_with_ILSVRC2012_val_00021242_rank251,339,339,0.88354,0
ILSVRC2012_val_00002012_with_ILSVRC2012_val_00015007_rank510,963,963,0.91526,0
ILSVRC2012_val_00002012_with_ILSVRC2012_val_00037024_rank698,86,86,0.58648,0
ILSVRC2012_val_00002012_with_ILSVRC2012_val_00004904_rank706,110,110,0.8371,0
ILSVRC2012_val_00002012_with_ILSVRC2012_val_00031695_rank421,493,553,0.41401,3
ILSVRC2012_val_00002012_with_ILSVRC2012_val_00026662_rank153,354,354,0.26041,0
ILSVRC2012_val_00002012_with_ILSVRC2012_val_00018984_rank429,608,594,0.1602,229
ILSVRC2012_val_00002012_with_ILSVRC2012_val_00005708_rank491,38,38,0.588,0
ILSVRC2012_val_00002012_with_ILSVRC2012_val_00025346_rank446,399,459,0.09106,44
ILSVRC2012_val_00002012_with_ILSVRC2012_val_00034647_rank368,42,42,0.18868,0
ILSVRC2012_val_00002012_with_ILSVRC2012_val_00000245_rank922,125,125,0.9013,0
ILSVRC2012_val_00002012_with_ILSVRC2012_val_00045990_rank687,920,920,0.90747,0
ILSVRC2012_val_00002012_with_ILSVRC2012_val_00038413_rank131,336,336,0.91326,0
ILSVRC2012_val_00002012_with_ILSVRC2012_val_00043311_rank704,565,565,0.8827,0
ILSVRC2012_val_00002012_with_ILSVRC2012_val_00020144_rank204,385,385,0.843,0
ILSVRC2012_val_00002012_with_ILSVRC2012_val_00019810_rank173,133,133,0.92293,0
ILSVRC2012_val_00002012_with_ILSVRC2012_val_00022902_rank306,602,733,0.59783,5
ILSVRC2012_val_00002012_with_ILSVRC2012_val_00037820_rank048,169,169,0.89558,0
ILSVRC2012_val_00002012_with_ILSVRC2012_val_00006852_rank672,794,794,0.79994,0
ILSVRC2012_val_00002012_with_ILSVRC2012_val_00026482_rank094,330,330,0.59876,0
ILSVRC2012_val_00002012_with_ILSVRC2012_val_00046905_rank371,595,595,0.66271,0
ILSVRC2012_val_00002012_with_ILSVRC2012_val_00039750_rank197,515,515,0.95247,0
ILSVRC2012_val_00002012_with_ILSVRC2012_val_00017100_rank961,326,325,0.64598,3
ILSVRC2012_val_00002012_with_ILSVRC2012_val_00029318_rank149,103,103,0.7679,0
ILSVRC2012_val_00002012_with_ILSVRC2012_val_00039162_rank603,447,637,0.92503,103
ILSVRC2012_val_00002012_with_ILSVRC2012_val_00045530_rank755,988,988,0.90063,0
ILSVRC2012_val_00002012_with_ILSVRC2012_val_00049223_rank829,469,637,0.08705,243
ILSVRC2012_val_00002012_with_ILSVRC2012_val_00028332_rank085,179,179,0.95224,0
ILSVRC2012_val_00002012_with_ILSVRC2012_val_00014445_rank800,546,546,0.30293,0
ILSVRC2012_val_00002012_with_ILSVRC2012_val_00018542_rank702,512,512,0.90142,0
ILSVRC2012_val_00002012_with_ILSVRC2012_val_00032242_rank930,774,774,0.92762,0
ILSVRC2012_val_00002012_with_ILSVRC2012_val_00036354_rank490,96,96,0.92111,0
ILSVRC2012_val_00002012_with_ILSVRC2012_val_00042087_rank826,922,922,0.64074,0
ILSVRC2012_val_00002012_with_ILSVRC2012_val_00005832_rank580,496,496,0.95241,0
ILSVRC2012_val_00002012_with_ILSVRC2012_val_00044494_rank728,995,995,0.91311,0
ILSVRC2012_val_00002012_with_ILSVRC2012_val_00020926_rank105,154,154,0.90906,0
ILSVRC2012_val_00002012_with_ILSVRC2012_val_00036206_rank745,739,883,0.3787,57
ILSVRC2012_val_00002012_with_ILSVRC2012_val_00021203_rank722,55,59,0.78734,2
ILSVRC2012_val_00002012_with_ILSVRC2012_val_00043253_rank519,559,559,0.90873,0
ILSVRC2012_val_00002012_with_ILSVRC2012_val_00000196_rank529,396,396,0.91725,0
ILSVRC2012_val_00002012_with_ILSVRC2012_val_00034334_rank072,176,176,0.93077,0
ILSVRC2012_val_00002012_with_ILSVRC2012_val_00028741_rank989,494,577,0.06192,1
ILSVRC2012_val_00002012_with_ILSVRC2012_val_00001693_rank110,221,221,0.93086,0
ILSVRC2012_val_00002012_with_ILSVRC2012_val_00015522_rank874,924,924,0.91407,0
ILSVRC2012_val_00002012_with_ILSVRC2012_val_00046138_rank478,412,412,0.80325,0
ILSVRC2012_val_00002012_with_ILSVRC2012_val_00038770_rank808,73,74,0.92711,1
ILSVRC2012_val_00002012_with_ILSVRC2012_val_00005174_rank100,201,201,0.91158,0
ILSVRC2012_val_00002012_with_ILSVRC2012_val_00041035_rank806,746,912,0.37034,610
ILSVRC2012_val_00002012_with_ILSVRC2012_val_00017535_rank103,185,185,0.9238,0
ILSVRC2012_val_00002012_with_ILSVRC2012_val_00016863_rank742,915,915,0.92175,0
ILSVRC2012_val_00002012_with_ILSVRC2012_val_00027819_rank153,354,354,0.90093,0
ILSVRC2012_val_00002012_with_ILSVRC2012_val_00044017_rank357,726,726,0.92063,0
ILSVRC2012_val_00002012_with_ILSVRC2012_val_00041551_rank009,191,191,0.63006,0
ILSVRC2012_val_00002012_with_ILSVRC2012_val_00022413_rank401,807,757,0.92766,9
ILSVRC2012_val_00002012_with_ILSVRC2012_val_00018855_rank706,110,110,0.90716,0
ILSVRC2012_val_00002012_with_ILSVRC2012_val_00009268_rank191,665,665,0.9216,0
ILSVRC2012_val_00002012_with_ILSVRC2012_val_00003679_rank621,403,428,0.29487,841
ILSVRC2012_val_00002012_with_ILSVRC2012_val_00047409_rank921,854,637,0.23656,410
ILSVRC2012_val_00002012_with_ILSVRC2012_val_00017879_rank052,230,230,0.80976,0
ILSVRC2012_val_00002012_with_ILSVRC2012_val_00001969_rank877,727,727,0.91838,0
ILSVRC2012_val_00002012_with_ILSVRC2012_val_00047316_rank284,402,402,0.28673,0
ILSVRC2012_val_00002012_with_ILSVRC2012_val_00047574_rank539,76,76,0.93148,0
ILSVRC2012_val_00002012_with_ILSVRC2012_val_00049358_rank874,924,924,0.92783,0
ILSVRC2012_val_00002012_with_ILSVRC2012_val_00043590_rank960,745,745,0.9165,0
ILSVRC2012_val_00002012_with_ILSVRC2012_val_00006516_rank198,50,50,0.91541,0
ILSVRC2012_val_00002012_with_ILSVRC2012_val_00031181_rank754,540,448,0.06256,912
ILSVRC2012_val_00002012_with_ILSVRC2012_val_00043703_rank733,666,666,0.61386,0
ILSVRC2012_val_00002012_with_ILSVRC2012_val_00034952_rank402,427,427,0.6748,0
ILSVRC2012_val_00002012_with_ILSVRC2012_val_00007312_rank477,80,80,0.88188,0
ILSVRC2012_val_00002012_with_ILSVRC2012_val_00032959_rank138,217,217,0.85494,0
ILSVRC2012_val_00002012_with_ILSVRC2012_val_00009655_rank916,897,897,0.95241,0
ILSVRC2012_val_00002012_with_ILSVRC2012_val_00037933_rank615,78,78,0.92535,0
ILSVRC2012_val_00002012_with_ILSVRC2012_val_00047103_rank057,284,284,0.92746,0
ILSVRC2012_val_00002012_with_ILSVRC2012_val_00021341_rank283,98,98,0.77861,0
ILSVRC2012_val_00002012_with_ILSVRC2012_val_00004128_rank981,786,786,0.92477,0
ILSVRC2012_val_00002012_with_ILSVRC2012_val_00006572_rank683,669,669,0.57435,0
ILSVRC2012_val_00002012_with_ILSVRC2012_val_00018633_rank812,815,807,0.51638,116
ILSVRC2012_val_00002012_with_ILSVRC2012_val_00029428_rank240,716,716,0.87792,0
ILSVRC2012_val_00002012_with_ILSVRC2012_val_00003018_rank756,961,929,0.0478,61
ILSVRC2012_val_00002012_with_ILSVRC2012_val_00004995_rank026,207,219,0.90689,4
ILSVRC2012_val_00002012_with_ILSVRC2012_val_00009697_rank632,119,39,0.88843,26
ILSVRC2012_val_00002012_with_ILSVRC2012_val_00035726_rank497,94,94,0.92285,0
ILSVRC2012_val_00002012_with_ILSVRC2012_val_00035338_rank856,855,452,0.08821,190
ILSVRC2012_val_00002012_with_ILSVRC2012_val_00007845_rank338,371,371,0.93171,0
ILSVRC2012_val_00002012_with_ILSVRC2012_val_00001331_rank947,784,744,0.6007,133
ILSVRC2012_val_00002012_with_ILSVRC2012_val_00017037_rank228,513,447,0.69643,41
ILSVRC2012_val_00002012_with_ILSVRC2012_val_00025368_rank639,534,791,0.32209,17
ILSVRC2012_val_00002012_with_ILSVRC2012_val_00030440_rank748,644,723,0.87027,23
ILSVRC2012_val_00002012_with_ILSVRC2012_val_00008692_rank629,109,109,0.08343,0
ILSVRC2012_val_00002012_with_ILSVRC2012_val_00018762_rank090,229,229,0.94366,0
ILSVRC2012_val_00002012_with_ILSVRC2012_val_00034998_rank529,396,340,0.75123,28
ILSVRC2012_val_00002012_with_ILSVRC2012_val_00026055_rank938,470,470,0.92637,0
ILSVRC2012_val_00002012_with_ILSVRC2012_val_00012178_rank364,22,23,0.90045,2
ILSVRC2012_val_00002012_with_ILSVRC2012_val_00040197_rank667,992,992,0.79395,0
ILSVRC2012_val_00002012_with_ILSVRC2012_val_00028283_rank706,110,110,0.92199,0
ILSVRC2012_val_00002012_with_ILSVRC2012_val_00024798_rank727,680,354,0.82079,599
ILSVRC2012_val_00002012_with_ILSVRC2012_val_00024924_rank987,126,126,0.88013,0
ILSVRC2012_val_00002012_with_ILSVRC2012_val_00022883_rank348,400,400,0.80247,0
ILSVRC2012_val_00002012_with_ILSVRC2012_val_00031457_rank355,449,425,0.24239,3
ILSVRC2012_val_00002012_with_ILSVRC2012_val_00042497_rank838,551,541,0.34874,69
ILSVRC2012_val_00002012_with_ILSVRC2012_val_00006581_rank510,963,963,0.82464,0
ILSVRC2012_val_00002012_with_ILSVRC2012_val_00032643_rank281,127,127,0.88572,0
ILSVRC2012_val_00002012_with_ILSVRC2012_val_00019446_rank327,348,348,0.95567,0
ILSVRC2012_val_00002012_with_ILSVRC2012_val_00017302_rank960,745,745,0.91137,0
ILSVRC2012_val_00002012_with_ILSVRC2012_val_00030243_rank665,611,723,0.88117,54
ILSVRC2012_val_00002012_with_ILSVRC2012_val_00047355_rank231,560,518,0.55924,3
ILSVRC2012_val_00002012_with_ILSVRC2012_val_00023613_rank628,941,941,0.89144,0
ILSVRC2012_val_00002012_with_ILSVRC2012_val_00022725_rank035,260,260,0.92494,0
ILSVRC2012_val_00002012_with_ILSVRC2012_val_00035928_rank860,944,946,0.8767,1
ILSVRC2012_val_00002012_with_ILSVRC2012_val_00049138_rank921,854,448,0.54048,994
ILSVRC2012_val_00002012_with_ILSVRC2012_val_00030662_rank356,136,136,0.91188,0
ILSVRC2012_val_00002012_with_ILSVRC2012_val_00047810_rank940,56,61,0.68568,1
ILSVRC2012_val_00002012_with_ILSVRC2012_val_00017897_rank379,763,763,0.92217,0
ILSVRC2012_val_00002012_with_ILSVRC2012_val_00023440_rank187,8,217,0.47457,119
ILSVRC2012_val_00002012_with_ILSVRC2012_val_00004190_rank117,378,378,0.88331,0
ILSVRC2012_val_00002012_with_ILSVRC2012_val_00038584_rank532,690,690,0.30747,0
ILSVRC2012_val_00002012_with_ILSVRC2012_val_00008759_rank409,863,863,0.79501,0
ILSVRC2012_val_00002012_with_ILSVRC2012_val_00045319_rank301,658,806,0.62738,1
ILSVRC2012_val_00002012_with_ILSVRC2012_val_00025001_rank006,227,227,0.94201,0
ILSVRC2012_val_00002012_with_ILSVRC2012_val_00021461_rank549,5,5,0.65791,0
ILSVRC2012_val_00002012_with_ILSVRC2012_val_00018149_rank340,308,308,0.90141,0
ILSVRC2012_val_00002012_with_ILSVRC2012_val_00038134_rank791,387,387,0.93318,0
ILSVRC2012_val_00002012_with_ILSVRC2012_val_00020627_rank215,116,116,0.92573,0
ILSVRC2012_val_00002012_with_ILSVRC2012_val_00027204_rank398,363,363,0.9238,0
ILSVRC2012_val_00002012_with_ILSVRC2012_val_00035476_rank336,489,86,0.5759,269
ILSVRC2012_val_00002012_with_ILSVRC2012_val_00019001_rank225,532,730,0.38322,154
ILSVRC2012_val_00002012_with_ILSVRC2012_val_00037790_rank141,367,367,0.94569,0
ILSVRC2012_val_00002012_with_ILSVRC2012_val_00031554_rank778,901,901,0.93001,0
ILSVRC2012_val_00002012_with_ILSVRC2012_val_00030233_rank132,379,381,0.46604,1
ILSVRC2012_val_00002012_with_ILSVRC2012_val_00011926_rank603,447,447,0.78216,0
ILSVRC2012_val_00002012_with_ILSVRC2012_val_00046069_rank227,33,33,0.91333,0
ILSVRC2012_val_00002012_with_ILSVRC2012_val_00043967_rank899,677,677,0.91481,0
ILSVRC2012_val_00002012_with_ILSVRC2012_val_00049485_rank085,179,179,0.94538,0
ILSVRC2012_val_00002012_with_ILSVRC2012_val_00004112_rank382,137,137,0.91067,0
ILSVRC2012_val_00002012_with_ILSVRC2012_val_00033969_rank134,295,295,0.86604,0
ILSVRC2012_val_00002012_with_ILSVRC2012_val_00029192_rank450,323,323,0.91213,0
ILSVRC2012_val_00002012_with_ILSVRC2012_val_00018605_rank703,112,112,0.25851,0
ILSVRC2012_val_00002012_with_ILSVRC2012_val_00016838_rank785,713,713,0.93255,0
ILSVRC2012_val_00002012_with_ILSVRC2012_val_00043512_rank171,335,335,0.89014,0
ILSVRC2012_val_00002012_with_ILSVRC2012_val_00007894_rank285,831,831,0.82516,0
ILSVRC2012_val_00002012_with_ILSVRC2012_val_00010203_rank409,863,733,0.14046,1
ILSVRC2012_val_00002012_with_ILSVRC2012_val_00004445_rank329,453,453,0.90032,0
ILSVRC2012_val_00002012_with_ILSVRC2012_val_00029220_rank689,943,943,0.87392,0
ILSVRC2012_val_00002012_with_ILSVRC2012_val_00046668_rank134,295,295,0.91703,0
ILSVRC2012_val_00002012_with_ILSVRC2012_val_00034921_rank666,310,310,0.90552,0
ILSVRC2012_val_00002012_with_ILSVRC2012_val_00019051_rank736,866,866,0.95362,0
ILSVRC2012_val_00002012_with_ILSVRC2012_val_00038265_rank198,50,50,0.90916,0
ILSVRC2012_val_00002012_with_ILSVRC2012_val_00037970_rank044,247,247,0.86188,0
ILSVRC2012_val_00002012_with_ILSVRC2012_val_00038949_rank953,874,874,0.86578,0
ILSVRC2012_val_00002012_with_ILSVRC2012_val_00035593_rank498,74,74,0.42779,0
ILSVRC2012_val_00002012_with_ILSVRC2012_val_00048474_rank468,721,721,0.93286,0
ILSVRC2012_val_00002012_with_ILSVRC2012_val_00006272_rank810,845,744,0.57126,60
ILSVRC2012_val_00002012_with_ILSVRC2012_val_00034104_rank350,555,555,0.78817,0
ILSVRC2012_val_00002012_with_ILSVRC2012_val_00029379_rank820,541,541,0.86379,0
ILSVRC2012_val_00002012_with_ILSVRC2012_val_00033955_rank278,520,520,0.89136,0
ILSVRC2012_val_00002012_with_ILSVRC2012_val_00011861_rank963,79,79,0.93434,0
ILSVRC2012_val_00002012_with_ILSVRC2012_val_00038573_rank778,901,901,0.90353,0
ILSVRC2012_val_00002012_with_ILSVRC2012_val_00009913_rank540,930,930,0.88927,0
ILSVRC2012_val_00002012_with_ILSVRC2012_val_00001011_rank999,409,409,0.68181,0
ILSVRC2012_val_00002012_with_ILSVRC2012_val_00014296_rank152,381,369,0.66368,5
ILSVRC2012_val_00002012_with_ILSVRC2012_val_00015642_rank732,577,577,0.41743,0
ILSVRC2012_val_00002012_with_ILSVRC2012_val_00038499_rank875,758,670,0.26154,71
ILSVRC2012_val_00002012_with_ILSVRC2012_val_00044553_rank060,274,274,0.91375,0
ILSVRC2012_val_00002012_with_ILSVRC2012_val_00023290_rank329,453,453,0.56542,0
ILSVRC2012_val_00002012_with_ILSVRC2012_val_00024017_rank820,541,541,0.93087,0
ILSVRC2012_val_00002012_with_ILSVRC2012_val_00011555_rank055,151,173,0.34724,10
ILSVRC2012_val_00002012_with_ILSVRC2012_val_00044818_rank387,181,181,0.95403,0
ILSVRC2012_val_00002012_with_ILSVRC2012_val_00031927_rank534,59,59,0.71574,0
ILSVRC2012_val_00002012_with_ILSVRC2012_val_00047027_rank887,606,606,0.88908,0
ILSVRC2012_val_00002012_with_ILSVRC2012_val_00019198_rank248,144,144,0.9391,0
ILSVRC2012_val_00002012_with_ILSVRC2012_val_00003041_rank995,749,637,0.26756,707
ILSVRC2012_val_00002012_with_ILSVRC2012_val_00029371_rank673,962,962,0.80204,0
ILSVRC2012_val_00002012_with_ILSVRC2012_val_00010452_rank611,986,986,0.90736,0
ILSVRC2012_val_00002012_with_ILSVRC2012_val_00005836_rank638,120,120,0.85286,0
ILSVRC2012_val_00002012_with_ILSVRC2012_val_00012970_rank386,958,856,0.35521,7
ILSVRC2012_val_00002012_with_ILSVRC2012_val_00018208_rank767,668,668,0.91785,0
ILSVRC2012_val_00002012_with_ILSVRC2012_val_00039723_rank565,864,864,0.75297,0
ILSVRC2012_val_00002012_with_ILSVRC2012_val_00004478_rank697,905,859,0.16483,377
ILSVRC2012_val_00002012_with_ILSVRC2012_val_00024149_rank593,909,909,0.90295,0
ILSVRC2012_val_00002012_with_ILSVRC2012_val_00025701_rank980,69,69,0.93156,0
ILSVRC2012_val_00002012_with_ILSVRC2012_val_00044271_rank509,633,633,0.86089,0
ILSVRC2012_val_00002012_with_ILSVRC2012_val_00016209_rank905,896,794,0.47914,7
ILSVRC2012_val_00002012_with_ILSVRC2012_val_00009309_rank436,567,567,0.79061,0
ILSVRC2012_val_00002012_with_ILSVRC2012_val_00028121_rank305,781,409,0.55321,21
ILSVRC2012_val_00002012_with_ILSVRC2012_val_00010722_rank081,188,188,0.78855,0
ILSVRC2012_val_00002012_with_ILSVRC2012_val_00037496_rank876,928,928,0.87799,0
ILSVRC2012_val_00002012_with_ILSVRC2012_val_00006765_rank752,938,938,0.93323,0
ILSVRC2012_val_00002012_with_ILSVRC2012_val_00048265_rank879,88,88,0.93512,0
ILSVRC2012_val_00002012_with_ILSVRC2012_val_00037642_rank448,149,149,0.88486,0
ILSVRC2012_val_00002012_with_ILSVRC2012_val_00042403_rank937,783,783,0.94755,0
ILSVRC2012_val_00002012_with_ILSVRC2012_val_00029423_rank931,635,635,0.90743,0
ILSVRC2012_val_00002012_with_ILSVRC2012_val_00030860_rank878,287,287,0.55589,0
ILSVRC2012_val_00002012_with_ILSVRC2012_val_00016476_rank470,10,10,0.90775,0
ILSVRC2012_val_00002012_with_ILSVRC2012_val_00012229_rank349,45,45,0.93393,0
ILSVRC2012_val_00002012_with_ILSVRC2012_val_00008998_rank864,859,859,0.92004,0
ILSVRC2012_val_00002012_with_ILSVRC2012_val_00034537_rank355,449,637,0.71131,203
ILSVRC2012_val_00002012_with_ILSVRC2012_val_00046015_rank735,135,135,0.90852,0
ILSVRC2012_val_00002012_with_ILSVRC2012_val_00020275_rank282,383,383,0.91411,0
ILSVRC2012_val_00002012_with_ILSVRC2012_val_00035555_rank283,98,98,0.8871,0
ILSVRC2012_val_00002012_with_ILSVRC2012_val_00008071_rank880,338,338,0.9449,0
ILSVRC2012_val_00002012_with_ILSVRC2012_val_00039830_rank736,866,866,0.93945,0
ILSVRC2012_val_00002012_with_ILSVRC2012_val_00044595_rank991,626,912,0.15934,997
ILSVRC2012_val_00002012_with_ILSVRC2012_val_00019729_rank251,339,339,0.8701,0
ILSVRC2012_val_00002012_with_ILSVRC2012_val_00009067_rank360,361,361,0.89532,0
ILSVRC2012_val_00002012_with_ILSVRC2012_val_00004784_rank143,394,394,0.77586,0
ILSVRC2012_val_00002012_with_ILSVRC2012_val_00028572_rank087,242,242,0.90719,0
ILSVRC2012_val_00002012_with_ILSVRC2012_val_00016794_rank297,18,18,0.86171,0
ILSVRC2012_val_00002012_with_ILSVRC2012_val_00008282_rank049,213,213,0.34537,0
ILSVRC2012_val_00002012_with_ILSVRC2012_val_00047914_rank470,10,10,0.91958,0
ILSVRC2012_val_00002012_with_ILSVRC2012_val_00005600_rank214,678,463,0.25879,472
ILSVRC2012_val_00002012_with_ILSVRC2012_val_00013042_rank828,632,632,0.91764,0
ILSVRC2012_val_00002012_with_ILSVRC2012_val_00009974_rank490,96,96,0.89347,0
ILSVRC2012_val_00002012_with_ILSVRC2012_val_00014244_rank846,604,604,0.93005,0
ILSVRC2012_val_00002012_with_ILSVRC2012_val_00017676_rank112,215,215,0.89577,0
ILSVRC2012_val_00002012_with_ILSVRC2012_val_00045416_rank751,991,991,0.11292,0
ILSVRC2012_val_00002012_with_ILSVRC2012_val_00028361_rank858,893,748,0.62623,1
ILSVRC2012_val_00002012_with_ILSVRC2012_val_00032497_rank392,492,492,0.95554,0
ILSVRC2012_val_00002012_with_ILSVRC2012_val_00043097_rank448,149,149,0.92251,0
ILSVRC2012_val_00002012_with_ILSVRC2012_val_00039790_rank697,905,637,0.26864,591
ILSVRC2012_val_00002012_with_ILSVRC2012_val_00004142_rank541,408,847,0.58204,1
ILSVRC2012_val_00002012_with_ILSVRC2012_val_00041071_rank674,600,488,0.44389,1
ILSVRC2012_val_00002012_with_ILSVRC2012_val_00017214_rank201,765,765,0.9389,0
ILSVRC2012_val_00002012_with_ILSVRC2012_val_00043849_rank199,797,797,0.88435,0
ILSVRC2012_val_00002012_with_ILSVRC2012_val_00025673_rank670,637,637,0.15004,0
ILSVRC2012_val_00002012_with_ILSVRC2012_val_00036379_rank192,258,258,0.95756,0
ILSVRC2012_val_00002012_with_ILSVRC2012_val_00047766_rank739,813,813,0.91756,0
ILSVRC2012_val_00002012_with_ILSVRC2012_val_00019580_rank936,441,441,0.81383,0
ILSVRC2012_val_00002012_with_ILSVRC2012_val_00032116_rank651,942,942,0.53118,0
ILSVRC2012_val_00002012_with_ILSVRC2012_val_00022038_rank732,577,577,0.8187,0
ILSVRC2012_val_00002012_with_ILSVRC2012_val_00007561_rank763,26,26,0.91633,0
ILSVRC2012_val_00002012_with_ILSVRC2012_val_00031403_rank180,372,362,0.44538,58
ILSVRC2012_val_00002012_with_ILSVRC2012_val_00028057_rank611,986,986,0.46068,0
ILSVRC2012_val_00002012_with_ILSVRC2012_val_00046396_rank381,841,841,0.92742,0
ILSVRC2012_val_00002012_with_ILSVRC2012_val_00024430_rank854,829,829,0.78094,0
ILSVRC2012_val_00002012_with_ILSVRC2012_val_00015338_rank863,190,229,0.37804,7
ILSVRC2012_val_00002012_with_ILSVRC2012_val_00035489_rank346,143,143,0.93964,0
ILSVRC2012_val_00002012_with_ILSVRC2012_val_00041535_rank346,143,143,0.93692,0
ILSVRC2012_val_00002012_with_ILSVRC2012_val_00019475_rank846,604,604,0.92436,0
ILSVRC2012_val_00002012_with_ILSVRC2012_val_00000805_rank775,907,907,0.63312,0
ILSVRC2012_val_00002012_with_ILSVRC2012_val_00026178_rank195,142,142,0.90208,0
ILSVRC2012_val_00002012_with_ILSVRC2012_val_00004667_rank472,516,516,0.91594,0
ILSVRC2012_val_00002012_with_ILSVRC2012_val_00029365_rank693,132,134,0.92048,3
ILSVRC2012_val_00002012_with_ILSVRC2012_val_00048714_rank943,72,72,0.55589,0
ILSVRC2012_val_00002012_with_ILSVRC2012_val_00036373_rank997,592,674,0.24078,65
ILSVRC2012_val_00002012_with_ILSVRC2012_val_00008862_rank448,149,149,0.95591,0
ILSVRC2012_val_00002012_with_ILSVRC2012_val_00029757_rank803,737,851,0.38736,182
ILSVRC2012_val_00002012_with_ILSVRC2012_val_00012504_rank898,571,571,0.91424,0
ILSVRC2012_val_00002012_with_ILSVRC2012_val_00004376_rank386,958,958,0.75026,0
ILSVRC2012_val_00002012_with_ILSVRC2012_val_00013849_rank456,939,939,0.81611,0
ILSVRC2012_val_00002012_with_ILSVRC2012_val_00004829_rank070,805,768,0.93808,1
ILSVRC2012_val_00002012_with_ILSVRC2012_val_00039827_rank679,434,591,0.06715,2
ILSVRC2012_val_00002012_with_ILSVRC2012_val_00006782_rank397,486,486,0.90095,0
ILSVRC2012_val_00002012_with_ILSVRC2012_val_00010081_rank424,422,18,0.17702,827
ILSVRC2012_val_00002012_with_ILSVRC2012_val_00017362_rank456,939,939,0.94181,0
ILSVRC2012_val_00002012_with_ILSVRC2012_val_00000528_rank477,80,80,0.90508,0
ILSVRC2012_val_00002012_with_ILSVRC2012_val_00030537_rank185,309,309,0.46898,0
ILSVRC2012_val_00002012_with_ILSVRC2012_val_00035693_rank600,645,428,0.14516,201
ILSVRC2012_val_00002012_with_ILSVRC2012_val_00045660_rank938,470,470,0.52429,0
ILSVRC2012_val_00002012_with_ILSVRC2012_val_00026215_rank360,361,361,0.73098,0
ILSVRC2012_val_00002012_with_ILSVRC2012_val_00013925_rank662,569,569,0.93616,0
ILSVRC2012_val_00002012_with_ILSVRC2012_val_00024567_rank130,178,178,0.58735,0
ILSVRC2012_val_00002012_with_ILSVRC2012_val_00030190_rank434,557,448,0.08139,85
ILSVRC2012_val_00002012_with_ILSVRC2012_val_00007763_rank461,576,448,0.16214,859
ILSVRC2012_val_00002012_with_ILSVRC2012_val_00039413_rank753,839,839,0.87872,0
ILSVRC2012_val_00002012_with_ILSVRC2012_val_00018089_rank773,828,818,0.59099,65
ILSVRC2012_val_00002012_with_ILSVRC2012_val_00043831_rank860,944,944,0.63478,0
ILSVRC2012_val_00002012_with_ILSVRC2012_val_00044792_rank558,674,674,0.9245,0
ILSVRC2012_val_00002012_with_ILSVRC2012_val_00023934_rank690,607,607,0.93485,0
ILSVRC2012_val_00002012_with_ILSVRC2012_val_00011151_rank670,637,637,0.94311,0
ILSVRC2012_val_00002012_with_ILSVRC2012_val_00045666_rank176,880,880,0.95773,0
ILSVRC2012_val_00002012_with_ILSVRC2012_val_00047286_rank399,742,742,0.75339,0
ILSVRC2012_val_00002012_with_ILSVRC2012_val_00031507_rank677,48,48,0.92796,0
ILSVRC2012_val_00002012_with_ILSVRC2012_val_00030351_rank705,817,817,0.82876,0
ILSVRC2012_val_00002012_with_ILSVRC2012_val_00048229_rank208,95,95,0.88891,0
ILSVRC2012_val_00002012_with_ILSVRC2012_val_00027291_rank969,780,780,0.77975,0
ILSVRC2012_val_00002012_with_ILSVRC2012_val_00024022_rank690,607,607,0.93397,0
ILSVRC2012_val_00002012_with_ILSVRC2012_val_00009733_rank170,888,888,0.95255,0
ILSVRC2012_val_00002012_with_ILSVRC2012_val_00011356_rank261,171,171,0.5608,0
ILSVRC2012_val_00002012_with_ILSVRC2012_val_00036565_rank580,496,496,0.93259,0
ILSVRC2012_val_00002012_with_ILSVRC2012_val_00035864_rank296,656,656,0.36424,0
ILSVRC2012_val_00002012_with_ILSVRC2012_val_00037832_rank814,319,319,0.94056,0
ILSVRC2012_val_00002012_with_ILSVRC2012_val_00048616_rank994,418,637,0.24373,536
ILSVRC2012_val_00002012_with_ILSVRC2012_val_00039699_rank678,203,203,0.89987,0
ILSVRC2012_val_00002012_with_ILSVRC2012_val_00001762_rank005,255,255,0.91266,0
ILSVRC2012_val_00002012_with_ILSVRC2012_val_00008116_rank566,663,448,0.72907,271
ILSVRC2012_val_00002012_with_ILSVRC2012_val_00044903_rank266,93,93,0.93369,0
ILSVRC2012_val_00002012_with_ILSVRC2012_val_00045720_rank159,184,226,0.93042,22
ILSVRC2012_val_00002012_with_ILSVRC2012_val_00022153_rank167,981,981,0.75724,0
ILSVRC2012_val_00002012_with_ILSVRC2012_val_00027555_rank567,91,91,0.91731,0
ILSVRC2012_val_00002012_with_ILSVRC2012_val_00043248_rank473,931,931,0.90294,0
ILSVRC2012_val_00002012_with_ILSVRC2012_val_00038572_rank410,102,102,0.92665,0
ILSVRC2012_val_00002012_with_ILSVRC2012_val_00000547_rank163,99,99,0.90459,0
ILSVRC2012_val_00002012_with_ILSVRC2012_val_00035845_rank984,997,947,0.43421,1
ILSVRC2012_val_00002012_with_ILSVRC2012_val_00029799_rank016,264,264,0.74409,0
ILSVRC2012_val_00002012_with_ILSVRC2012_val_00039742_rank936,441,441,0.88986,0
ILSVRC2012_val_00002012_with_ILSVRC2012_val_00003384_rank350,555,555,0.92159,0
ILSVRC2012_val_00002012_with_ILSVRC2012_val_00040065_rank146,870,870,0.78573,0
ILSVRC2012_val_00002012_with_ILSVRC2012_val_00018104_rank310,430,79,0.16211,366
ILSVRC2012_val_00002012_with_ILSVRC2012_val_00017839_rank106,9,9,0.93251,0
ILSVRC2012_val_00002012_with_ILSVRC2012_val_00047125_rank046,162,162,0.85831,0
ILSVRC2012_val_00002012_with_ILSVRC2012_val_00030084_rank872,775,448,0.03454,778
ILSVRC2012_val_00002012_with_ILSVRC2012_val_00036163_rank969,780,780,0.82221,0
ILSVRC2012_val_00002012_with_ILSVRC2012_val_00009704_rank972,804,804,0.52192,0
ILSVRC2012_val_00002012_with_ILSVRC2012_val_00033310_rank274,153,222,0.3211,22
ILSVRC2012_val_00002012_with_ILSVRC2012_val_00022985_rank252,761,761,0.90853,0
ILSVRC2012_val_00002012_with_ILSVRC2012_val_00030355_rank709,502,502,0.94397,0
ILSVRC2012_val_00002012_with_ILSVRC2012_val_00040788_rank250,290,290,0.90364,0
ILSVRC2012_val_00002012_with_ILSVRC2012_val_00028812_rank725,51,51,0.83157,0
ILSVRC2012_val_00002012_with_ILSVRC2012_val_00022744_rank224,356,356,0.84455,0
ILSVRC2012_val_00002012_with_ILSVRC2012_val_00027205_rank684,767,807,0.61813,499
ILSVRC2012_val_00002012_with_ILSVRC2012_val_00043974_rank084,199,199,0.7505,0
ILSVRC2012_val_00002012_with_ILSVRC2012_val_00025532_rank511,357,209,0.28986,62
ILSVRC2012_val_00002012_with_ILSVRC2012_val_00004374_rank022,182,182,0.92969,0
ILSVRC2012_val_00002012_with_ILSVRC2012_val_00038581_rank772,955,955,0.93427,0
ILSVRC2012_val_00002012_with_ILSVRC2012_val_00045267_rank358,640,640,0.89818,0
ILSVRC2012_val_00002012_with_ILSVRC2012_val_00040476_rank907,925,809,0.91536,1
ILSVRC2012_val_00002012_with_ILSVRC2012_val_00015420_rank161,603,603,0.9522,0
ILSVRC2012_val_00002012_with_ILSVRC2012_val_00046776_rank012,244,244,0.95145,0
ILSVRC2012_val_00002012_with_ILSVRC2012_val_00029288_rank144,384,384,0.91493,0
ILSVRC2012_val_00002012_with_ILSVRC2012_val_00010290_rank116,195,195,0.78603,0
ILSVRC2012_val_00002012_with_ILSVRC2012_val_00026142_rank167,981,981,0.56766,0
ILSVRC2012_val_00002012_with_ILSVRC2012_val_00024285_rank968,585,463,0.19978,599
ILSVRC2012_val_00002012_with_ILSVRC2012_val_00034268_rank212,495,637,0.2857,315
ILSVRC2012_val_00002012_with_ILSVRC2012_val_00022427_rank186,388,850,0.48965,26
ILSVRC2012_val_00002012_with_ILSVRC2012_val_00001048_rank380,439,145,0.1892,37
ILSVRC2012_val_00002012_with_ILSVRC2012_val_00007669_rank280,570,570,0.87368,0
ILSVRC2012_val_00002012_with_ILSVRC2012_val_00021550_rank659,987,987,0.93889,0
ILSVRC2012_val_00002012_with_ILSVRC2012_val_00041031_rank097,237,237,0.90395,0
ILSVRC2012_val_00002012_with_ILSVRC2012_val_00024216_rank078,173,173,0.87868,0
ILSVRC2012_val_00002012_with_ILSVRC2012_val_00017766_rank048,169,169,0.90973,0
ILSVRC2012_val_00002012_with_ILSVRC2012_val_00033050_rank850,111,912,0.38754,458
ILSVRC2012_val_00002012_with_ILSVRC2012_val_00039154_rank545,752,752,0.88301,0
ILSVRC2012_val_00002012_with_ILSVRC2012_val_00028758_rank081,188,188,0.71735,0
ILSVRC2012_val_00002012_with_ILSVRC2012_val_00037335_rank839,883,883,0.43382,0
ILSVRC2012_val_00002012_with_ILSVRC2012_val_00015903_rank585,11,11,0.91652,0
ILSVRC2012_val_00002012_with_ILSVRC2012_val_00024340_rank175,701,701,0.86239,0
ILSVRC2012_val_00002012_with_ILSVRC2012_val_00026871_rank810,845,901,0.25373,883
ILSVRC2012_val_00002012_with_ILSVRC2012_val_00010071_rank164,346,346,0.47523,0
ILSVRC2012_val_00002012_with_ILSVRC2012_val_00016503_rank732,577,577,0.74777,0
ILSVRC2012_val_00002012_with_ILSVRC2012_val_00036041_rank505,332,332,0.77692,0
ILSVRC2012_val_00002012_with_ILSVRC2012_val_00043825_rank068,160,160,0.76143,0
ILSVRC2012_val_00002012_with_ILSVRC2012_val_00010246_rank682,984,984,0.9288,0
ILSVRC2012_val_00002012_with_ILSVRC2012_val_00045945_rank686,113,113,0.92168,0
ILSVRC2012_val_00002012_with_ILSVRC2012_val_00005162_rank902,849,849,0.96819,0
ILSVRC2012_val_00002012_with_ILSVRC2012_val_00018289_rank862,923,923,0.82198,0
ILSVRC2012_val_00002012_with_ILSVRC2012_val_00024349_rank234,351,351,0.92042,0
ILSVRC2012_val_00002012_with_ILSVRC2012_val_00042125_rank957,28,28,0.92251,0
ILSVRC2012_val_00002012_with_ILSVRC2012_val_00001602_rank474,405,405,0.93473,0
ILSVRC2012_val_00002012_with_ILSVRC2012_val_00008007_rank165,444,444,0.93648,0
ILSVRC2012_val_00002012_with_ILSVRC2012_val_00010375_rank555,655,655,0.58702,0
ILSVRC2012_val_00002012_with_ILSVRC2012_val_00016976_rank051,186,186,0.79717,0
ILSVRC2012_val_00002012_with_ILSVRC2012_val_00032054_rank924,754,848,0.55423,2
ILSVRC2012_val_00002012_with_ILSVRC2012_val_00046992_rank434,557,733,0.62762,1
ILSVRC2012_val_00002012_with_ILSVRC2012_val_00004555_rank501,47,47,0.94861,0
ILSVRC2012_val_00002012_with_ILSVRC2012_val_00047021_rank123,293,293,0.92826,0
ILSVRC2012_val_00002012_with_ILSVRC2012_val_00039364_rank829,469,469,0.71453,0
ILSVRC2012_val_00002012_with_ILSVRC2012_val_00010321_rank303,553,637,0.48152,16
ILSVRC2012_val_00002012_with_ILSVRC2012_val_00009008_rank665,611,611,0.93804,0
ILSVRC2012_val_00002012_with_ILSVRC2012_val_00018246_rank220,468,468,0.64602,0
ILSVRC2012_val_00002012_with_ILSVRC2012_val_00042492_rank871,809,925,0.81656,1
ILSVRC2012_val_00002012_with_ILSVRC2012_val_00030101_rank708,313,313,0.25934,0
ILSVRC2012_val_00002012_with_ILSVRC2012_val_00012063_rank230,471,603,0.39295,16
ILSVRC2012_val_00002012_with_ILSVRC2012_val_00035057_rank553,695,695,0.95583,0
ILSVRC2012_val_00002012_with_ILSVRC2012_val_00028477_rank090,229,229,0.96558,0
ILSVRC2012_val_00002012_with_ILSVRC2012_val_00041428_rank513,697,447,0.12931,975
ILSVRC2012_val_00002012_with_ILSVRC2012_val_00017002_rank328,43,43,0.94619,0
ILSVRC2012_val_00002012_with_ILSVRC2012_val_00033191_rank884,827,827,0.75272,0
ILSVRC2012_val_00002012_with_ILSVRC2012_val_00041171_rank356,136,136,0.66329,0
ILSVRC2012_val_00002012_with_ILSVRC2012_val_00015189_rank029,205,208,0.71975,5
ILSVRC2012_val_00002012_with_ILSVRC2012_val_00020358_rank341,791,588,0.21749,39
ILSVRC2012_val_00002012_with_ILSVRC2012_val_00040743_rank162,183,183,0.91208,0
ILSVRC2012_val_00002012_with_ILSVRC2012_val_00011541_rank368,42,42,0.87229,0
ILSVRC2012_val_00002012_with_ILSVRC2012_val_00032748_rank606,747,747,0.96144,0
ILSVRC2012_val_00002012_with_ILSVRC2012_val_00027099_rank669,664,851,0.601,3
ILSVRC2012_val_00002012_with_ILSVRC2012_val_00001945_rank613,473,473,0.6659,0
ILSVRC2012_val_00002012_with_ILSVRC2012_val_00026543_rank524,707,707,0.89744,0
ILSVRC2012_val_00002012_with_ILSVRC2012_val_00046489_rank337,62,62,0.87017,0
ILSVRC2012_val_00002012_with_ILSVRC2012_val_00011268_rank219,731,730,0.65845,623
ILSVRC2012_val_00002012_with_ILSVRC2012_val_00005366_rank819,345,345,0.85995,0
ILSVRC2012_val_00002012_with_ILSVRC2012_val_00029195_rank322,796,6,0.35353,866
ILSVRC2012_val_00002012_with_ILSVRC2012_val_00040752_rank223,382,331,0.35088,223
ILSVRC2012_val_00002012_with_ILSVRC2012_val_00004554_rank290,23,23,0.90321,0
ILSVRC2012_val_00002012_with_ILSVRC2012_val_00013255_rank766,322,324,0.78969,3
ILSVRC2012_val_00002012_with_ILSVRC2012_val_00008643_rank934,818,818,0.93029,0
ILSVRC2012_val_00002012_with_ILSVRC2012_val_00015631_rank289,3,3,0.35208,0
ILSVRC2012_val_00002012_with_ILSVRC2012_val_00007160_rank930,774,774,0.32456,0
ILSVRC2012_val_00002012_with_ILSVRC2012_val_00044779_rank385,733,912,0.24501,33
ILSVRC2012_val_00002012_with_ILSVRC2012_val_00027718_rank308,872,872,0.702,0
ILSVRC2012_val_00002012_with_ILSVRC2012_val_00042394_rank064,166,167,0.49377,1
ILSVRC2012_val_00002012_with_ILSVRC2012_val_00007086_rank089,239,239,0.85763,0
ILSVRC2012_val_00002012_with_ILSVRC2012_val_00013879_rank440,524,524,0.61428,0
ILSVRC2012_val_00002012_with_ILSVRC2012_val_00034663_rank145,539,919,0.20828,26
ILSVRC2012_val_00002012_with_ILSVRC2012_val_00017477_rank256,785,730,0.24883,524
ILSVRC2012_val_00002012_with_ILSVRC2012_val_00008323_rank680,835,649,0.20765,13
ILSVRC2012_val_00002012_with_ILSVRC2012_val_00049638_rank489,312,311,0.63336,1
ILSVRC2012_val_00002012_with_ILSVRC2012_val_00026154_rank025,243,243,0.86458,0
ILSVRC2012_val_00002012_with_ILSVRC2012_val_00004527_rank280,570,518,0.5558,7
ILSVRC2012_val_00002012_with_ILSVRC2012_val_00028043_rank341,791,580,0.31132,62
ILSVRC2012_val_00002012_with_ILSVRC2012_val_00014927_rank452,46,46,0.28241,0
ILSVRC2012_val_00002012_with_ILSVRC2012_val_00043146_rank903,505,637,0.36916,420
ILSVRC2012_val_00002012_with_ILSVRC2012_val_00008752_rank192,258,258,0.95007,0
ILSVRC2012_val_00002012_with_ILSVRC2012_val_00041652_rank975,530,530,0.92442,0
ILSVRC2012_val_00002012_with_ILSVRC2012_val_00024888_rank077,198,198,0.65509,0
ILSVRC2012_val_00002012_with_ILSVRC2012_val_00023579_rank366,869,869,0.84868,0
ILSVRC2012_val_00002012_with_ILSVRC2012_val_00046188_rank856,855,855,0.24841,0
ILSVRC2012_val_00002012_with_ILSVRC2012_val_00000452_rank126,734,734,0.91727,0
ILSVRC2012_val_00002012_with_ILSVRC2012_val_00037699_rank244,743,912,0.1303,10
ILSVRC2012_val_00002012_with_ILSVRC2012_val_00036763_rank151,296,296,0.93077,0
ILSVRC2012_val_00002012_with_ILSVRC2012_val_00036626_rank946,683,275,0.1119,866
ILSVRC2012_val_00002012_with_ILSVRC2012_val_00010721_rank519,559,559,0.67261,0
ILSVRC2012_val_00002012_with_ILSVRC2012_val_00038884_rank077,198,198,0.75123,0
ILSVRC2012_val_00002012_with_ILSVRC2012_val_00049020_rank976,107,107,0.86819,0
ILSVRC2012_val_00002012_with_ILSVRC2012_val_00033260_rank787,956,956,0.92067,0
ILSVRC2012_val_00002012_with_ILSVRC2012_val_00039679_rank959,583,583,0.65106,0
ILSVRC2012_val_00002012_with_ILSVRC2012_val_00015174_rank033,104,104,0.95202,0
ILSVRC2012_val_00002012_with_ILSVRC2012_val_00003987_rank879,88,88,0.94446,0
ILSVRC2012_val_00002012_with_ILSVRC2012_val_00044827_rank906,377,377,0.87215,0
ILSVRC2012_val_00002012_with_ILSVRC2012_val_00038434_rank029,205,205,0.8458,0
ILSVRC2012_val_00002012_with_ILSVRC2012_val_00018129_rank558,674,637,0.85177,291
ILSVRC2012_val_00002012_with_ILSVRC2012_val_00006506_rank435,732,732,0.92036,0
ILSVRC2012_val_00002012_with_ILSVRC2012_val_00004268_rank909,501,74,0.06887,646
ILSVRC2012_val_00002012_with_ILSVRC2012_val_00017132_rank062,209,209,0.9306,0
ILSVRC2012_val_00002012_with_ILSVRC2012_val_00036997_rank038,272,272,0.39137,0
ILSVRC2012_val_00002012_with_ILSVRC2012_val_00003211_rank252,761,761,0.92247,0
ILSVRC2012_val_00002012_with_ILSVRC2012_val_00012924_rank001,235,235,0.915,0
ILSVRC2012_val_00002012_with_ILSVRC2012_val_00035871_rank143,394,138,0.0627,302
ILSVRC2012_val_00002012_with_ILSVRC2012_val_00025030_rank887,606,606,0.94294,0
ILSVRC2012_val_00002012_with_ILSVRC2012_val_00012530_rank342,148,148,0.23246,0
ILSVRC2012_val_00002012_with_ILSVRC2012_val_00015595_rank216,834,457,0.93765,3
ILSVRC2012_val_00002012_with_ILSVRC2012_val_00001978_rank435,732,732,0.94788,0
ILSVRC2012_val_00002012_with_ILSVRC2012_val_00045032_rank734,867,637,0.33869,86
ILSVRC2012_val_00002012_with_ILSVRC2012_val_00045501_rank255,491,491,0.93007,0
ILSVRC2012_val_00002012_with_ILSVRC2012_val_00034377_rank603,447,447,0.93253,0
ILSVRC2012_val_00002012_with_ILSVRC2012_val_00030915_rank075,180,180,0.76059,0
ILSVRC2012_val_00002012_with_ILSVRC2012_val_00043798_rank328,43,43,0.89322,0
ILSVRC2012_val_00002012_with_ILSVRC2012_val_00005628_rank259,289,288,0.64882,1
ILSVRC2012_val_00002012_with_ILSVRC2012_val_00011390_rank570,673,526,0.36469,5
ILSVRC2012_val_00002012_with_ILSVRC2012_val_00004783_rank207,523,523,0.83751,0
ILSVRC2012_val_00002012_with_ILSVRC2012_val_00029113_rank978,710,750,0.83152,431
ILSVRC2012_val_00002012_with_ILSVRC2012_val_00032061_rank822,30,30,0.9083,0
ILSVRC2012_val_00002012_with_ILSVRC2012_val_00011432_rank453,467,766,0.87619,4
ILSVRC2012_val_00002012_with_ILSVRC2012_val_00049621_rank410,102,102,0.97031,0
ILSVRC2012_val_00002012_with_ILSVRC2012_val_00015069_rank722,55,64,0.54342,1
ILSVRC2012_val_00002012_with_ILSVRC2012_val_00023008_rank927,937,937,0.72803,0
ILSVRC2012_val_00002012_with_ILSVRC2012_val_00025800_rank556,390,390,0.90254,0
ILSVRC2012_val_00002012_with_ILSVRC2012_val_00016025_rank361,558,733,0.66193,89
ILSVRC2012_val_00002012_with_ILSVRC2012_val_00037823_rank253,653,653,0.94881,0
ILSVRC2012_val_00002012_with_ILSVRC2012_val_00015822_rank672,794,448,0.95792,864
ILSVRC2012_val_00002012_with_ILSVRC2012_val_00035945_rank596,871,733,0.18191,68
ILSVRC2012_val_00002012_with_ILSVRC2012_val_00023588_rank701,688,688,0.61541,0
ILSVRC2012_val_00002012_with_ILSVRC2012_val_00017554_rank010,224,224,0.94936,0
ILSVRC2012_val_00002012_with_ILSVRC2012_val_00040222_rank042,240,240,0.94774,0
ILSVRC2012_val_00002012_with_ILSVRC2012_val_00045579_rank701,688,688,0.91457,0
ILSVRC2012_val_00002012_with_ILSVRC2012_val_00009893_rank484,547,829,0.91803,4
ILSVRC2012_val_00002012_with_ILSVRC2012_val_00006860_rank406,114,114,0.26785,0
ILSVRC2012_val_00002012_with_ILSVRC2012_val_00047648_rank083,187,187,0.3298,0
ILSVRC2012_val_00002012_with_ILSVRC2012_val_00045756_rank790,419,637,0.13222,542
ILSVRC2012_val_00002012_with_ILSVRC2012_val_00030189_rank771,594,594,0.94209,0
ILSVRC2012_val_00002012_with_ILSVRC2012_val_00010951_rank831,740,740,0.9144,0
ILSVRC2012_val_00002012_with_ILSVRC2012_val_00049771_rank216,834,834,0.95787,0
ILSVRC2012_val_00002012_with_ILSVRC2012_val_00009414_rank899,677,783,0.36212,1
ILSVRC2012_val_00002012_with_ILSVRC2012_val_00038566_rank548,376,376,0.91551,0
ILSVRC2012_val_00002012_with_ILSVRC2012_val_00047651_rank825,578,797,0.179,44
ILSVRC2012_val_00002012_with_ILSVRC2012_val_00023560_rank703,112,112,0.89643,0
ILSVRC2012_val_00002012_with_ILSVRC2012_val_00025568_rank977,899,725,0.71698,1
ILSVRC2012_val_00002012_with_ILSVRC2012_val_00005390_rank090,229,229,0.95057,0
ILSVRC2012_val_00002012_with_ILSVRC2012_val_00044231_rank100,201,201,0.53743,0
ILSVRC2012_val_00002012_with_ILSVRC2012_val_00027338_rank291,462,462,0.94399,0
ILSVRC2012_val_00002012_with_ILSVRC2012_val_00025538_rank468,721,523,0.60568,127
ILSVRC2012_val_00002012_with_ILSVRC2012_val_00028967_rank145,539,919,0.87714,26
ILSVRC2012_val_00002012_with_ILSVRC2012_val_00033268_rank116,195,195,0.82153,0
ILSVRC2012_val_00002012_with_ILSVRC2012_val_00004070_rank577,517,733,0.16871,31
ILSVRC2012_val_00002012_with_ILSVRC2012_val_00006643_rank684,767,912,0.08563,995
ILSVRC2012_val_00002012_with_ILSVRC2012_val_00005328_rank868,82,82,0.74919,0
ILSVRC2012_val_00002012_with_ILSVRC2012_val_00049285_rank076,238,238,0.84951,0
ILSVRC2012_val_00002012_with_ILSVRC2012_val_00018358_rank324,288,288,0.81846,0
ILSVRC2012_val_00002012_with_ILSVRC2012_val_00031413_rank533,681,491,0.85987,586
ILSVRC2012_val_00002012_with_ILSVRC2012_val_00044572_rank856,855,855,0.91187,0
ILSVRC2012_val_00002012_with_ILSVRC2012_val_00033935_rank569,973,649,0.3145,327
ILSVRC2012_val_00002012_with_ILSVRC2012_val_00026800_rank401,807,807,0.93418,0
ILSVRC2012_val_00002012_with_ILSVRC2012_val_00027717_rank426,307,307,0.76541,0
ILSVRC2012_val_00002012_with_ILSVRC2012_val_00010522_rank316,58,58,0.75409,0
ILSVRC2012_val_00002012_with_ILSVRC2012_val_00029427_rank425,360,360,0.66907,0
ILSVRC2012_val_00002012_with_ILSVRC2012_val_00033509_rank508,497,448,0.79965,36
ILSVRC2012_val_00002012_with_ILSVRC2012_val_00014569_rank771,594,594,0.94885,0
ILSVRC2012_val_00002012_with_ILSVRC2012_val_00022330_rank018,273,273,0.87521,0
ILSVRC2012_val_00002012_with_ILSVRC2012_val_00049280_rank094,330,331,0.93197,1
ILSVRC2012_val_00002012_with_ILSVRC2012_val_00002835_rank860,944,944,0.92417,0
ILSVRC2012_val_00002012_with_ILSVRC2012_val_00028673_rank313,31,32,0.6825,1
ILSVRC2012_val_00002012_with_ILSVRC2012_val_00046786_rank250,290,290,0.91818,0
ILSVRC2012_val_00002012_with_ILSVRC2012_val_00047830_rank904,965,114,0.37715,569
ILSVRC2012_val_00002012_with_ILSVRC2012_val_00009570_rank093,158,227,0.77467,16
ILSVRC2012_val_00002012_with_ILSVRC2012_val_00005822_rank970,812,744,0.59183,3
ILSVRC2012_val_00002012_with_ILSVRC2012_val_00015710_rank050,170,181,0.69612,17
ILSVRC2012_val_00002012_with_ILSVRC2012_val_00027027_rank861,446,446,0.89296,0
ILSVRC2012_val_00002012_with_ILSVRC2012_val_00002977_rank437,628,408,0.38063,58
ILSVRC2012_val_00002012_with_ILSVRC2012_val_00038783_rank836,589,589,0.92958,0
ILSVRC2012_val_00002012_with_ILSVRC2012_val_00024579_rank971,826,826,0.54672,0
ILSVRC2012_val_00002012_with_ILSVRC2012_val_00045674_rank162,183,196,0.53678,14
ILSVRC2012_val_00002012_with_ILSVRC2012_val_00006160_rank449,759,447,0.12531,3
ILSVRC2012_val_00002012_with_ILSVRC2012_val_00031615_rank729,832,832,0.92419,0
ILSVRC2012_val_00002012_with_ILSVRC2012_val_00036186_rank423,306,303,0.18455,3
ILSVRC2012_val_00002012_with_ILSVRC2012_val_00005481_rank067,259,259,0.88305,0
ILSVRC2012_val_00002012_with_ILSVRC2012_val_00018557_rank742,915,915,0.9371,0
ILSVRC2012_val_00002012_with_ILSVRC2012_val_00024354_rank706,110,591,0.07321,564
ILSVRC2012_val_00002012_with_ILSVRC2012_val_00043025_rank169,362,362,0.94799,0
ILSVRC2012_val_00002012_with_ILSVRC2012_val_00023179_rank387,181,181,0.95468,0
ILSVRC2012_val_00002012_with_ILSVRC2012_val_00032386_rank715,806,608,0.79878,12
ILSVRC2012_val_00002012_with_ILSVRC2012_val_00016454_rank469,738,738,0.36127,0
ILSVRC2012_val_00002012_with_ILSVRC2012_val_00011201_rank361,558,558,0.24822,0
ILSVRC2012_val_00002012_with_ILSVRC2012_val_00018022_rank475,303,303,0.6919,0
ILSVRC2012_val_00002012_with_ILSVRC2012_val_00034242_rank411,19,19,0.92441,0
ILSVRC2012_val_00002012_with_ILSVRC2012_val_00018074_rank222,671,671,0.79734,0
ILSVRC2012_val_00002012_with_ILSVRC2012_val_00014312_rank349,45,45,0.90943,0
ILSVRC2012_val_00002012_with_ILSVRC2012_val_00033118_rank934,818,912,0.17172,994
ILSVRC2012_val_00002012_with_ILSVRC2012_val_00007623_rank724,488,695,0.45057,1
ILSVRC2012_val_00002012_with_ILSVRC2012_val_00021304_rank835,596,596,0.74926,0
ILSVRC2012_val_00002012_with_ILSVRC2012_val_00013126_rank148,220,220,0.95106,0
ILSVRC2012_val_00002012_with_ILSVRC2012_val_00007452_rank032,226,200,0.85101,2
ILSVRC2012_val_00002012_with_ILSVRC2012_val_00044487_rank806,746,912,0.12234,610
ILSVRC2012_val_00002012_with_ILSVRC2012_val_00011007_rank811,451,451,0.86414,0
ILSVRC2012_val_00002012_with_ILSVRC2012_val_00019534_rank864,859,859,0.95053,0
ILSVRC2012_val_00002012_with_ILSVRC2012_val_00002742_rank325,946,946,0.8196,0
ILSVRC2012_val_00002012_with_ILSVRC2012_val_00002183_rank710,414,414,0.92463,0
ILSVRC2012_val_00002012_with_ILSVRC2012_val_00020978_rank071,368,368,0.93014,0
ILSVRC2012_val_00002012_with_ILSVRC2012_val_00012794_rank969,780,807,0.22428,67
ILSVRC2012_val_00002012_with_ILSVRC2012_val_00008907_rank149,103,103,0.90346,0
ILSVRC2012_val_00002012_with_ILSVRC2012_val_00038603_rank308,872,447,0.9589,4
ILSVRC2012_val_00002012_with_ILSVRC2012_val_00018012_rank742,915,915,0.18297,0
ILSVRC2012_val_00002012_with_ILSVRC2012_val_00033968_rank803,737,737,0.52012,0
ILSVRC2012_val_00002012_with_ILSVRC2012_val_00036242_rank775,907,907,0.40517,0
ILSVRC2012_val_00002012_with_ILSVRC2012_val_00021155_rank013,236,236,0.9323,0
ILSVRC2012_val_00002012_with_ILSVRC2012_val_00044320_rank480,101,385,0.73954,1
ILSVRC2012_val_00002012_with_ILSVRC2012_val_00026242_rank236,211,211,0.92612,0
ILSVRC2012_val_00002012_with_ILSVRC2012_val_00026778_rank643,266,219,0.66872,8
ILSVRC2012_val_00002012_with_ILSVRC2012_val_00031383_rank621,403,833,0.50816,3
ILSVRC2012_val_00002012_with_ILSVRC2012_val_00005973_rank754,540,540,0.8988,0
ILSVRC2012_val_00002012_with_ILSVRC2012_val_00018237_rank330,609,609,0.78562,0
ILSVRC2012_val_00002012_with_ILSVRC2012_val_00041458_rank880,338,338,0.92115,0
ILSVRC2012_val_00002012_with_ILSVRC2012_val_00025970_rank122,202,202,0.75909,0
ILSVRC2012_val_00002012_with_ILSVRC2012_val_00048927_rank692,790,790,0.90057,0
ILSVRC2012_val_00002012_with_ILSVRC2012_val_00002939_rank725,51,51,0.93813,0
ILSVRC2012_val_00002012_with_ILSVRC2012_val_00027281_rank195,142,142,0.91166,0
ILSVRC2012_val_00002012_with_ILSVRC2012_val_00024333_rank298,808,808,0.94561,0
ILSVRC2012_val_00002012_with_ILSVRC2012_val_00006517_rank545,752,752,0.48776,0
ILSVRC2012_val_00002012_with_ILSVRC2012_val_00001261_rank168,715,652,0.41998,4
ILSVRC2012_val_00002012_with_ILSVRC2012_val_00005871_rank267,843,843,0.17091,0
ILSVRC2012_val_00002012_with_ILSVRC2012_val_00022758_rank686,113,113,0.90279,0
ILSVRC2012_val_00002012_with_ILSVRC2012_val_00022133_rank004,248,249,0.50534,2
ILSVRC2012_val_00002012_with_ILSVRC2012_val_00001246_rank669,664,161,0.09909,820
ILSVRC2012_val_00002012_with_ILSVRC2012_val_00016787_rank483,324,324,0.91234,0
ILSVRC2012_val_00002012_with_ILSVRC2012_val_00049192_rank647,443,443,0.91414,0
ILSVRC2012_val_00002012_with_ILSVRC2012_val_00020631_rank222,671,671,0.94004,0
ILSVRC2012_val_00002012_with_ILSVRC2012_val_00014931_rank111,106,850,0.43426,131
ILSVRC2012_val_00002012_with_ILSVRC2012_val_00037032_rank324,288,288,0.84018,0
ILSVRC2012_val_00002012_with_ILSVRC2012_val_00048758_rank972,804,912,0.13134,817
ILSVRC2012_val_00002012_with_ILSVRC2012_val_00013181_rank547,484,621,0.16103,244
ILSVRC2012_val_00002012_with_ILSVRC2012_val_00001993_rank756,961,619,0.12812,333
ILSVRC2012_val_00002012_with_ILSVRC2012_val_00007956_rank951,964,964,0.59657,0
ILSVRC2012_val_00002012_with_ILSVRC2012_val_00009771_rank139,621,621,0.91788,0
ILSVRC2012_val_00002012_with_ILSVRC2012_val_00029833_rank845,499,499,0.92257,0
ILSVRC2012_val_00002012_with_ILSVRC2012_val_00032461_rank817,642,642,0.93383,0
ILSVRC2012_val_00002012_with_ILSVRC2012_val_00031747_rank119,268,268,0.95112,0
ILSVRC2012_val_00002012_with_ILSVRC2012_val_00045479_rank880,338,338,0.9213,0
ILSVRC2012_val_00002012_with_ILSVRC2012_val_00046522_rank232,391,391,0.90639,0
ILSVRC2012_val_00002012_with_ILSVRC2012_val_00032952_rank842,298,298,0.9411,0
ILSVRC2012_val_00002012_with_ILSVRC2012_val_00030963_rank002,225,225,0.87761,0
ILSVRC2012_val_00002012_with_ILSVRC2012_val_00001972_rank820,541,541,0.91933,0
ILSVRC2012_val_00002012_with_ILSVRC2012_val_00033188_rank797,124,124,0.85078,0
ILSVRC2012_val_00002012_with_ILSVRC2012_val_00028165_rank053,270,270,0.89908,0
ILSVRC2012_val_00002012_with_ILSVRC2012_val_00021792_rank988,614,614,0.76465,0
ILSVRC2012_val_00002012_with_ILSVRC2012_val_00013604_rank097,237,237,0.90592,0
ILSVRC2012_val_00002012_with_ILSVRC2012_val_00012964_rank361,558,733,0.31113,89
ILSVRC2012_val_00002012_with_ILSVRC2012_val_00030735_rank780,549,478,0.22812,4
ILSVRC2012_val_00002012_with_ILSVRC2012_val_00010423_rank214,678,678,0.16057,0
ILSVRC2012_val_00002012_with_ILSVRC2012_val_00033523_rank584,890,541,0.55859,739
ILSVRC2012_val_00002012_with_ILSVRC2012_val_00034698_rank564,952,952,0.92355,0
ILSVRC2012_val_00002012_with_ILSVRC2012_val_00046897_rank261,171,171,0.91661,0
ILSVRC2012_val_00002012_with_ILSVRC2012_val_00040591_rank194,413,764,0.45513,1
ILSVRC2012_val_00002012_with_ILSVRC2012_val_00025965_rank221,448,448,0.94905,0
ILSVRC2012_val_00002012_with_ILSVRC2012_val_00049527_rank871,809,925,0.65791,1
ILSVRC2012_val_00002012_with_ILSVRC2012_val_00018010_rank887,606,606,0.88936,0
ILSVRC2012_val_00002012_with_ILSVRC2012_val_00029197_rank872,775,735,0.41511,16
ILSVRC2012_val_00002012_with_ILSVRC2012_val_00036141_rank169,362,362,0.94334,0
ILSVRC2012_val_00002012_with_ILSVRC2012_val_00038460_rank318,882,882,0.94208,0
ILSVRC2012_val_00002012_with_ILSVRC2012_val_00039863_rank026,207,219,0.8445,4
ILSVRC2012_val_00002012_with_ILSVRC2012_val_00040552_rank504,902,902,0.86677,0
ILSVRC2012_val_00002012_with_ILSVRC2012_val_00019168_rank919,886,886,0.92417,0
ILSVRC2012_val_00002012_with_ILSVRC2012_val_00005593_rank689,943,943,0.25923,0
ILSVRC2012_val_00002012_with_ILSVRC2012_val_00015897_rank095,292,292,0.71644,0
ILSVRC2012_val_00002012_with_ILSVRC2012_val_00000960_rank712,694,694,0.47464,0
ILSVRC2012_val_00002012_with_ILSVRC2012_val_00047161_rank760,889,889,0.74076,0
ILSVRC2012_val_00002012_with_ILSVRC2012_val_00011889_rank708,313,313,0.92045,0
ILSVRC2012_val_00002012_with_ILSVRC2012_val_00009859_rank415,321,321,0.92639,0
ILSVRC2012_val_00002012_with_ILSVRC2012_val_00018952_rank976,107,397,0.40167,13
ILSVRC2012_val_00002012_with_ILSVRC2012_val_00000403_rank315,510,510,0.92436,0
ILSVRC2012_val_00002012_with_ILSVRC2012_val_00001886_rank985,719,719,0.96075,0
ILSVRC2012_val_00002012_with_ILSVRC2012_val_00002876_rank474,405,912,0.15126,424
ILSVRC2012_val_00002012_with_ILSVRC2012_val_00046778_rank312,52,63,0.22509,16
ILSVRC2012_val_00002012_with_ILSVRC2012_val_00005316_rank874,924,923,0.74475,5
ILSVRC2012_val_00002012_with_ILSVRC2012_val_00011799_rank381,841,610,0.75567,1
ILSVRC2012_val_00002012_with_ILSVRC2012_val_00036849_rank349,45,45,0.65679,0
ILSVRC2012_val_00002012_with_ILSVRC2012_val_00043609_rank817,642,642,0.90089,0
ILSVRC2012_val_00002012_with_ILSVRC2012_val_00018703_rank678,203,203,0.70729,0
ILSVRC2012_val_00002012_with_ILSVRC2012_val_00024546_rank155,341,341,0.92034,0
