dataset_id,actual_class_index,prediction_class_index,prediction_probability,prediction_distance
ILSVRC2012_val_00036342_with_ILSVRC2012_val_00001311_rank914,444,444,0.97227,0
ILSVRC2012_val_00036342_with_ILSVRC2012_val_00010943_rank592,260,356,0.24227,519
ILSVRC2012_val_00036342_with_ILSVRC2012_val_00034195_rank455,595,595,0.5529,0
ILSVRC2012_val_00036342_with_ILSVRC2012_val_00035814_rank142,28,695,0.1812,288
ILSVRC2012_val_00036342_with_ILSVRC2012_val_00023208_rank033,148,367,0.05304,625
ILSVRC2012_val_00036342_with_ILSVRC2012_val_00012982_rank318,389,389,0.46956,0
ILSVRC2012_val_00036342_with_ILSVRC2012_val_00029816_rank104,276,367,0.04092,151
ILSVRC2012_val_00036342_with_ILSVRC2012_val_00025666_rank632,881,579,0.37865,1
ILSVRC2012_val_00036342_with_ILSVRC2012_val_00005992_rank386,821,695,0.19001,528
ILSVRC2012_val_00036342_with_ILSVRC2012_val_00036480_rank430,622,227,0.02943,836
ILSVRC2012_val_00036342_with_ILSVRC2012_val_00023013_rank471,306,306,0.76886,0
ILSVRC2012_val_00036342_with_ILSVRC2012_val_00023583_rank273,118,119,0.28572,2
ILSVRC2012_val_00036342_with_ILSVRC2012_val_00039553_rank078,282,282,0.74184,0
ILSVRC2012_val_00036342_with_ILSVRC2012_val_00005153_rank054,377,377,0.82866,0
ILSVRC2012_val_00036342_with_ILSVRC2012_val_00030395_rank277,113,113,0.78187,0
ILSVRC2012_val_00036342_with_ILSVRC2012_val_00043192_rank657,907,626,0.11217,55
ILSVRC2012_val_00036342_with_ILSVRC2012_val_00045371_rank861,440,440,0.98268,0
ILSVRC2012_val_00036342_with_ILSVRC2012_val_00039613_rank847,600,345,0.0642,554
ILSVRC2012_val_00036342_with_ILSVRC2012_val_00022445_rank889,439,576,0.03662,53
ILSVRC2012_val_00036342_with_ILSVRC2012_val_00017314_rank959,882,882,0.30338,0
ILSVRC2012_val_00036342_with_ILSVRC2012_val_00008301_rank673,453,454,0.3887,4
ILSVRC2012_val_00036342_with_ILSVRC2012_val_00045019_rank159,63,367,0.04095,158
ILSVRC2012_val_00036342_with_ILSVRC2012_val_00029111_rank312,110,367,0.04095,703
ILSVRC2012_val_00036342_with_ILSVRC2012_val_00037933_rank357,78,78,0.99821,0
ILSVRC2012_val_00036342_with_ILSVRC2012_val_00009230_rank838,652,667,0.25986,35
ILSVRC2012_val_00036342_with_ILSVRC2012_val_00043957_rank415,533,533,0.80116,0
ILSVRC2012_val_00036342_with_ILSVRC2012_val_00034377_rank877,447,447,0.9978,0
ILSVRC2012_val_00036342_with_ILSVRC2012_val_00013173_rank423,154,154,0.73381,0
ILSVRC2012_val_00036342_with_ILSVRC2012_val_00032235_rank269,1,1,0.96873,0
ILSVRC2012_val_00036342_with_ILSVRC2012_val_00027458_rank791,486,367,0.04162,543
ILSVRC2012_val_00036342_with_ILSVRC2012_val_00001991_rank671,831,700,0.35316,77
ILSVRC2012_val_00036342_with_ILSVRC2012_val_00047001_rank018,359,356,0.75709,1
ILSVRC2012_val_00036342_with_ILSVRC2012_val_00028281_rank506,672,197,0.0801,317
ILSVRC2012_val_00036342_with_ILSVRC2012_val_00024571_rank025,145,145,0.93237,0
ILSVRC2012_val_00036342_with_ILSVRC2012_val_00011215_rank996,418,367,0.04095,925
ILSVRC2012_val_00036342_with_ILSVRC2012_val_00020141_rank156,33,47,0.36512,70
ILSVRC2012_val_00036342_with_ILSVRC2012_val_00010500_rank467,249,249,0.83784,0
ILSVRC2012_val_00036342_with_ILSVRC2012_val_00003244_rank648,605,626,0.13198,15
ILSVRC2012_val_00036342_with_ILSVRC2012_val_00038991_rank294,225,273,0.63215,7
ILSVRC2012_val_00036342_with_ILSVRC2012_val_00022654_rank841,656,656,0.2193,0
ILSVRC2012_val_00036342_with_ILSVRC2012_val_00013870_rank323,42,42,0.78048,0
ILSVRC2012_val_00036342_with_ILSVRC2012_val_00006664_rank592,260,373,0.13601,107
ILSVRC2012_val_00036342_with_ILSVRC2012_val_00041008_rank073,343,343,0.96229,0
ILSVRC2012_val_00036342_with_ILSVRC2012_val_00015896_rank665,473,473,0.41272,0
ILSVRC2012_val_00036342_with_ILSVRC2012_val_00033251_rank739,405,405,0.95502,0
ILSVRC2012_val_00036342_with_ILSVRC2012_val_00006285_rank732,817,817,0.9174,0
ILSVRC2012_val_00036342_with_ILSVRC2012_val_00026052_rank851,657,733,0.18707,58
ILSVRC2012_val_00036342_with_ILSVRC2012_val_00043454_rank1000,494,494,0.59454,0
ILSVRC2012_val_00036342_with_ILSVRC2012_val_00021591_rank962,667,667,0.90491,0
ILSVRC2012_val_00036342_with_ILSVRC2012_val_00036701_rank506,672,879,0.38849,8
ILSVRC2012_val_00036342_with_ILSVRC2012_val_00028827_rank067,330,331,0.54144,1
ILSVRC2012_val_00036342_with_ILSVRC2012_val_00011566_rank715,708,136,0.0308,643
ILSVRC2012_val_00036342_with_ILSVRC2012_val_00024223_rank311,958,338,0.06759,95
ILSVRC2012_val_00036342_with_ILSVRC2012_val_00000837_rank200,19,19,0.9882,0
ILSVRC2012_val_00036342_with_ILSVRC2012_val_00003883_rank760,903,903,0.3443,0
ILSVRC2012_val_00036342_with_ILSVRC2012_val_00044358_rank952,615,529,0.14204,16
ILSVRC2012_val_00036342_with_ILSVRC2012_val_00025937_rank400,95,95,0.80082,0
ILSVRC2012_val_00036342_with_ILSVRC2012_val_00026142_rank586,981,981,0.51493,0
ILSVRC2012_val_00036342_with_ILSVRC2012_val_00016721_rank018,359,356,0.3833,1
ILSVRC2012_val_00036342_with_ILSVRC2012_val_00025089_rank747,315,315,0.80955,0
ILSVRC2012_val_00036342_with_ILSVRC2012_val_00045169_rank940,478,632,0.15043,238
ILSVRC2012_val_00036342_with_ILSVRC2012_val_00048439_rank210,216,216,0.96719,0
ILSVRC2012_val_00036342_with_ILSVRC2012_val_00049249_rank486,993,993,0.73437,0
ILSVRC2012_val_00036342_with_ILSVRC2012_val_00032668_rank398,160,265,0.60196,44
ILSVRC2012_val_00036342_with_ILSVRC2012_val_00026937_rank399,211,211,0.57951,0
ILSVRC2012_val_00036342_with_ILSVRC2012_val_00013779_rank572,899,344,0.09708,463
ILSVRC2012_val_00036342_with_ILSVRC2012_val_00019293_rank318,389,395,0.19239,2
ILSVRC2012_val_00036342_with_ILSVRC2012_val_00020540_rank371,484,450,0.05009,186
ILSVRC2012_val_00036342_with_ILSVRC2012_val_00024718_rank966,772,367,0.04115,668
ILSVRC2012_val_00036342_with_ILSVRC2012_val_00033740_rank223,997,997,0.87063,0
ILSVRC2012_val_00036342_with_ILSVRC2012_val_00041211_rank112,390,38,0.58493,70
ILSVRC2012_val_00036342_with_ILSVRC2012_val_00016258_rank316,51,341,0.28933,58
ILSVRC2012_val_00036342_with_ILSVRC2012_val_00016660_rank715,708,695,0.10198,954
ILSVRC2012_val_00036342_with_ILSVRC2012_val_00015045_rank071,6,344,0.10868,32
ILSVRC2012_val_00036342_with_ILSVRC2012_val_00040777_rank341,53,53,0.36439,0
ILSVRC2012_val_00036342_with_ILSVRC2012_val_00019535_rank531,238,367,0.04114,142
ILSVRC2012_val_00036342_with_ILSVRC2012_val_00017937_rank354,214,214,0.83818,0
ILSVRC2012_val_00036342_with_ILSVRC2012_val_00004428_rank891,949,949,0.94063,0
ILSVRC2012_val_00036342_with_ILSVRC2012_val_00026493_rank428,544,544,0.89213,0
ILSVRC2012_val_00036342_with_ILSVRC2012_val_00011471_rank408,965,106,0.07237,136
ILSVRC2012_val_00036342_with_ILSVRC2012_val_00030190_rank811,557,367,0.04095,645
ILSVRC2012_val_00036342_with_ILSVRC2012_val_00001057_rank228,109,367,0.04095,411
ILSVRC2012_val_00036342_with_ILSVRC2012_val_00045154_rank958,823,823,0.57586,0
ILSVRC2012_val_00036342_with_ILSVRC2012_val_00001114_rank224,8,8,0.95491,0
ILSVRC2012_val_00036342_with_ILSVRC2012_val_00023034_rank125,333,341,0.539,72
ILSVRC2012_val_00036342_with_ILSVRC2012_val_00009915_rank620,474,658,0.62125,4
ILSVRC2012_val_00036342_with_ILSVRC2012_val_00014224_rank362,653,849,0.42304,19
ILSVRC2012_val_00036342_with_ILSVRC2012_val_00003920_rank846,747,367,0.04095,811
ILSVRC2012_val_00036342_with_ILSVRC2012_val_00046655_rank118,383,383,0.76735,0
ILSVRC2012_val_00036342_with_ILSVRC2012_val_00043849_rank623,797,499,0.27779,297
ILSVRC2012_val_00036342_with_ILSVRC2012_val_00049614_rank706,159,178,0.30386,12
ILSVRC2012_val_00036342_with_ILSVRC2012_val_00020922_rank116,116,63,0.63454,178
ILSVRC2012_val_00036342_with_ILSVRC2012_val_00015694_rank122,217,356,0.64933,100
ILSVRC2012_val_00036342_with_ILSVRC2012_val_00015120_rank273,118,996,0.0556,42
ILSVRC2012_val_00036342_with_ILSVRC2012_val_00029637_rank642,563,563,0.99011,0
ILSVRC2012_val_00036342_with_ILSVRC2012_val_00002136_rank714,835,835,0.81028,0
ILSVRC2012_val_00036342_with_ILSVRC2012_val_00033509_rank636,497,23,0.06165,145
ILSVRC2012_val_00036342_with_ILSVRC2012_val_00040040_rank131,207,207,0.32893,0
ILSVRC2012_val_00036342_with_ILSVRC2012_val_00005270_rank864,982,163,0.04431,829
ILSVRC2012_val_00036342_with_ILSVRC2012_val_00033268_rank068,195,195,0.34256,0
ILSVRC2012_val_00036342_with_ILSVRC2012_val_00044064_rank742,716,253,0.06401,679
ILSVRC2012_val_00036342_with_ILSVRC2012_val_00046341_rank960,880,600,0.32611,178
ILSVRC2012_val_00036342_with_ILSVRC2012_val_00044006_rank378,962,962,0.28487,0
ILSVRC2012_val_00036342_with_ILSVRC2012_val_00041942_rank950,407,654,0.30947,3
ILSVRC2012_val_00036342_with_ILSVRC2012_val_00002768_rank787,647,695,0.13274,854
ILSVRC2012_val_00036342_with_ILSVRC2012_val_00005534_rank942,678,381,0.08037,810
ILSVRC2012_val_00036342_with_ILSVRC2012_val_00046246_rank658,450,450,0.71541,0
ILSVRC2012_val_00036342_with_ILSVRC2012_val_00045937_rank235,251,251,0.97662,0
ILSVRC2012_val_00036342_with_ILSVRC2012_val_00002742_rank305,946,946,0.77363,0
ILSVRC2012_val_00036342_with_ILSVRC2012_val_00039474_rank690,339,173,0.33943,9
ILSVRC2012_val_00036342_with_ILSVRC2012_val_00008529_rank976,804,804,0.1085,0
ILSVRC2012_val_00036342_with_ILSVRC2012_val_00040672_rank782,613,613,0.89242,0
ILSVRC2012_val_00036342_with_ILSVRC2012_val_00011265_rank593,957,968,0.48292,203
ILSVRC2012_val_00036342_with_ILSVRC2012_val_00004691_rank138,114,367,0.04095,742
ILSVRC2012_val_00036342_with_ILSVRC2012_val_00046214_rank211,363,363,0.98577,0
ILSVRC2012_val_00036342_with_ILSVRC2012_val_00014017_rank414,951,951,0.66987,0
ILSVRC2012_val_00036342_with_ILSVRC2012_val_00017075_rank449,243,416,0.28131,217
ILSVRC2012_val_00036342_with_ILSVRC2012_val_00001624_rank610,257,344,0.23753,571
ILSVRC2012_val_00036342_with_ILSVRC2012_val_00020910_rank492,56,56,0.39332,0
ILSVRC2012_val_00036342_with_ILSVRC2012_val_00045587_rank939,735,735,0.23502,0
ILSVRC2012_val_00036342_with_ILSVRC2012_val_00045497_rank560,481,791,0.11944,483
ILSVRC2012_val_00036342_with_ILSVRC2012_val_00044605_rank536,163,163,0.52811,0
ILSVRC2012_val_00036342_with_ILSVRC2012_val_00009095_rank237,616,616,0.9899,0
ILSVRC2012_val_00036342_with_ILSVRC2012_val_00025738_rank159,63,63,0.96504,0
ILSVRC2012_val_00036342_with_ILSVRC2012_val_00034241_rank917,846,846,0.71177,0
ILSVRC2012_val_00036342_with_ILSVRC2012_val_00022600_rank704,829,829,0.17791,0
ILSVRC2012_val_00036342_with_ILSVRC2012_val_00037587_rank419,623,677,0.78127,73
ILSVRC2012_val_00036342_with_ILSVRC2012_val_00029892_rank639,645,412,0.04845,779
ILSVRC2012_val_00036342_with_ILSVRC2012_val_00045861_rank534,188,265,0.25096,41
ILSVRC2012_val_00036342_with_ILSVRC2012_val_00008353_rank963,520,448,0.35121,661
ILSVRC2012_val_00036342_with_ILSVRC2012_val_00013689_rank006,103,103,0.35543,0
ILSVRC2012_val_00036342_with_ILSVRC2012_val_00005316_rank490,924,923,0.49582,5
ILSVRC2012_val_00036342_with_ILSVRC2012_val_00014360_rank483,235,235,0.96294,0
ILSVRC2012_val_00036342_with_ILSVRC2012_val_00045440_rank180,271,221,0.09163,214
ILSVRC2012_val_00036342_with_ILSVRC2012_val_00022750_rank901,862,862,0.52066,0
ILSVRC2012_val_00036342_with_ILSVRC2012_val_00038584_rank606,690,345,0.11528,1
ILSVRC2012_val_00036342_with_ILSVRC2012_val_00024862_rank728,942,367,0.04097,674
ILSVRC2012_val_00036342_with_ILSVRC2012_val_00049111_rank084,375,375,0.54134,0
ILSVRC2012_val_00036342_with_ILSVRC2012_val_00010952_rank437,307,26,0.18491,49
ILSVRC2012_val_00036342_with_ILSVRC2012_val_00007755_rank804,574,574,0.99907,0
ILSVRC2012_val_00036342_with_ILSVRC2012_val_00013264_rank055,373,367,0.04095,11
ILSVRC2012_val_00036342_with_ILSVRC2012_val_00040743_rank391,183,183,0.98379,0
ILSVRC2012_val_00036342_with_ILSVRC2012_val_00026124_rank521,703,703,0.91572,0
ILSVRC2012_val_00036342_with_ILSVRC2012_val_00014384_rank729,940,96,0.48064,180
ILSVRC2012_val_00036342_with_ILSVRC2012_val_00002334_rank034,370,373,0.38556,5
ILSVRC2012_val_00036342_with_ILSVRC2012_val_00031383_rank265,403,403,0.25807,0
ILSVRC2012_val_00036342_with_ILSVRC2012_val_00029801_rank470,70,70,0.41304,0
ILSVRC2012_val_00036342_with_ILSVRC2012_val_00007277_rank417,604,604,0.9364,0
ILSVRC2012_val_00036342_with_ILSVRC2012_val_00019948_rank848,630,630,0.31068,0
ILSVRC2012_val_00036342_with_ILSVRC2012_val_00034454_rank946,158,237,0.34988,3
ILSVRC2012_val_00036342_with_ILSVRC2012_val_00009784_rank250,229,196,0.76014,25
ILSVRC2012_val_00036342_with_ILSVRC2012_val_00048135_rank865,475,475,0.87341,0
ILSVRC2012_val_00036342_with_ILSVRC2012_val_00008038_rank337,309,311,0.28985,22
ILSVRC2012_val_00036342_with_ILSVRC2012_val_00006146_rank132,155,265,0.20319,8
ILSVRC2012_val_00036342_with_ILSVRC2012_val_00034524_rank765,658,419,0.12504,49
ILSVRC2012_val_00036342_with_ILSVRC2012_val_00049253_rank071,6,5,0.618,1
ILSVRC2012_val_00036342_with_ILSVRC2012_val_00043311_rank868,565,565,0.61506,0
ILSVRC2012_val_00036342_with_ILSVRC2012_val_00031396_rank076,136,136,0.98486,0
ILSVRC2012_val_00036342_with_ILSVRC2012_val_00010701_rank059,350,350,0.97025,0
ILSVRC2012_val_00036342_with_ILSVRC2012_val_00047051_rank696,681,695,0.04835,960
ILSVRC2012_val_00036342_with_ILSVRC2012_val_00031485_rank801,671,870,0.16292,11
ILSVRC2012_val_00036342_with_ILSVRC2012_val_00007812_rank501,448,367,0.04103,500
ILSVRC2012_val_00036342_with_ILSVRC2012_val_00044119_rank025,145,145,0.99697,0
ILSVRC2012_val_00036342_with_ILSVRC2012_val_00037230_rank243,152,344,0.16042,695
ILSVRC2012_val_00036342_with_ILSVRC2012_val_00029080_rank844,466,674,0.13515,890
ILSVRC2012_val_00036342_with_ILSVRC2012_val_00038107_rank946,158,158,0.67414,0
ILSVRC2012_val_00036342_with_ILSVRC2012_val_00026601_rank705,794,344,0.0318,597
ILSVRC2012_val_00036342_with_ILSVRC2012_val_00022410_rank857,714,714,0.46384,0
ILSVRC2012_val_00036342_with_ILSVRC2012_val_00030365_rank004,150,150,0.203,0
ILSVRC2012_val_00036342_with_ILSVRC2012_val_00012564_rank312,110,329,0.75353,2
ILSVRC2012_val_00036342_with_ILSVRC2012_val_00017071_rank411,933,933,0.64918,0
ILSVRC2012_val_00036342_with_ILSVRC2012_val_00001972_rank771,541,541,0.93666,0
ILSVRC2012_val_00036342_with_ILSVRC2012_val_00005165_rank689,785,367,0.04095,401
ILSVRC2012_val_00036342_with_ILSVRC2012_val_00013659_rank475,874,757,0.3115,7
ILSVRC2012_val_00036342_with_ILSVRC2012_val_00016757_rank977,157,151,0.38927,7
ILSVRC2012_val_00036342_with_ILSVRC2012_val_00034268_rank446,495,367,0.04095,667
ILSVRC2012_val_00036342_with_ILSVRC2012_val_00003227_rank444,176,171,0.38349,9
ILSVRC2012_val_00036342_with_ILSVRC2012_val_00023427_rank695,609,609,0.81287,0
ILSVRC2012_val_00036342_with_ILSVRC2012_val_00046676_rank893,750,367,0.23177,919
ILSVRC2012_val_00036342_with_ILSVRC2012_val_00021700_rank077,983,801,0.08974,1
ILSVRC2012_val_00036342_with_ILSVRC2012_val_00003262_rank947,512,367,0.11925,887
ILSVRC2012_val_00036342_with_ILSVRC2012_val_00040809_rank164,178,367,0.04095,360
ILSVRC2012_val_00036342_with_ILSVRC2012_val_00026137_rank719,426,426,0.30591,0
ILSVRC2012_val_00036342_with_ILSVRC2012_val_00021062_rank553,895,546,0.05549,601
ILSVRC2012_val_00036342_with_ILSVRC2012_val_00010203_rank687,863,562,0.05775,13
ILSVRC2012_val_00036342_with_ILSVRC2012_val_00005148_rank627,592,338,0.09249,843
ILSVRC2012_val_00036342_with_ILSVRC2012_val_00022839_rank223,997,947,0.53559,1
ILSVRC2012_val_00036342_with_ILSVRC2012_val_00049968_rank760,903,265,0.03455,40
ILSVRC2012_val_00036342_with_ILSVRC2012_val_00022422_rank239,84,84,0.86225,0
ILSVRC2012_val_00036342_with_ILSVRC2012_val_00011474_rank191,29,29,0.93275,0
ILSVRC2012_val_00036342_with_ILSVRC2012_val_00036163_rank292,780,367,0.04095,720
ILSVRC2012_val_00036342_with_ILSVRC2012_val_00002032_rank944,577,422,0.34348,16
ILSVRC2012_val_00036342_with_ILSVRC2012_val_00026010_rank379,16,367,0.04095,460
ILSVRC2012_val_00036342_with_ILSVRC2012_val_00022392_rank783,59,59,0.64902,0
ILSVRC2012_val_00036342_with_ILSVRC2012_val_00039436_rank498,851,851,0.9436,0
ILSVRC2012_val_00036342_with_ILSVRC2012_val_00007246_rank610,257,222,0.08274,1
ILSVRC2012_val_00036342_with_ILSVRC2012_val_00040776_rank105,36,36,0.91979,0
ILSVRC2012_val_00036342_with_ILSVRC2012_val_00035152_rank570,651,771,0.22849,15
ILSVRC2012_val_00036342_with_ILSVRC2012_val_00026452_rank510,111,195,0.03301,903
ILSVRC2012_val_00036342_with_ILSVRC2012_val_00041128_rank327,686,686,0.92467,0
ILSVRC2012_val_00036342_with_ILSVRC2012_val_00002990_rank715,708,367,0.04095,386
ILSVRC2012_val_00036342_with_ILSVRC2012_val_00041173_rank575,325,325,0.45736,0
ILSVRC2012_val_00036342_with_ILSVRC2012_val_00040280_rank949,954,96,0.23577,24
ILSVRC2012_val_00036342_with_ILSVRC2012_val_00014076_rank193,25,25,0.88711,0
ILSVRC2012_val_00036342_with_ILSVRC2012_val_00013278_rank186,254,254,0.93916,0
ILSVRC2012_val_00036342_with_ILSVRC2012_val_00040242_rank053,22,22,0.47065,0
ILSVRC2012_val_00036342_with_ILSVRC2012_val_00042274_rank008,294,373,0.06029,39
ILSVRC2012_val_00036342_with_ILSVRC2012_val_00013526_rank949,954,367,0.04095,489
ILSVRC2012_val_00036342_with_ILSVRC2012_val_00043845_rank329,262,262,0.81308,0
ILSVRC2012_val_00036342_with_ILSVRC2012_val_00015116_rank574,215,218,0.41909,1
ILSVRC2012_val_00036342_with_ILSVRC2012_val_00014322_rank653,626,481,0.87627,74
ILSVRC2012_val_00036342_with_ILSVRC2012_val_00042879_rank113,385,365,0.15748,8
ILSVRC2012_val_00036342_with_ILSVRC2012_val_00001604_rank798,423,367,0.04095,423
ILSVRC2012_val_00036342_with_ILSVRC2012_val_00003734_rank149,232,231,0.53931,1
ILSVRC2012_val_00036342_with_ILSVRC2012_val_00024009_rank967,832,448,0.50164,47
ILSVRC2012_val_00036342_with_ILSVRC2012_val_00048646_rank608,668,562,0.37848,33
ILSVRC2012_val_00036342_with_ILSVRC2012_val_00014782_rank148,380,227,0.06749,285
ILSVRC2012_val_00036342_with_ILSVRC2012_val_00002075_rank778,529,377,0.19409,503
ILSVRC2012_val_00036342_with_ILSVRC2012_val_00006026_rank284,628,628,0.85315,0
ILSVRC2012_val_00036342_with_ILSVRC2012_val_00012759_rank190,39,43,0.53371,4
ILSVRC2012_val_00036342_with_ILSVRC2012_val_00013508_rank152,179,268,0.40495,13
ILSVRC2012_val_00036342_with_ILSVRC2012_val_00049198_rank551,165,367,0.04095,48
ILSVRC2012_val_00036342_with_ILSVRC2012_val_00029153_rank171,61,344,0.54569,220
ILSVRC2012_val_00036342_with_ILSVRC2012_val_00038470_rank806,561,920,0.19817,64
ILSVRC2012_val_00036342_with_ILSVRC2012_val_00047845_rank489,60,54,0.63472,8
ILSVRC2012_val_00036342_with_ILSVRC2012_val_00035292_rank038,295,295,0.56049,0
ILSVRC2012_val_00036342_with_ILSVRC2012_val_00015631_rank146,3,904,0.0849,553
ILSVRC2012_val_00036342_with_ILSVRC2012_val_00049734_rank756,428,428,0.97202,0
ILSVRC2012_val_00036342_with_ILSVRC2012_val_00012700_rank778,529,367,0.04118,485
ILSVRC2012_val_00036342_with_ILSVRC2012_val_00009395_rank957,650,657,0.17506,145
ILSVRC2012_val_00036342_with_ILSVRC2012_val_00032663_rank151,62,60,0.44421,3
ILSVRC2012_val_00036342_with_ILSVRC2012_val_00026922_rank496,717,436,0.56284,1
ILSVRC2012_val_00036342_with_ILSVRC2012_val_00047975_rank462,929,929,0.27486,0
ILSVRC2012_val_00036342_with_ILSVRC2012_val_00000024_rank713,727,727,0.98433,0
ILSVRC2012_val_00036342_with_ILSVRC2012_val_00032364_rank738,883,695,0.30837,934
ILSVRC2012_val_00036342_with_ILSVRC2012_val_00025047_rank128,21,21,0.28285,0
ILSVRC2012_val_00036342_with_ILSVRC2012_val_00021155_rank487,236,367,0.04095,116
ILSVRC2012_val_00036342_with_ILSVRC2012_val_00002192_rank177,129,367,0.04095,723
ILSVRC2012_val_00036342_with_ILSVRC2012_val_00040709_rank662,680,680,0.17457,0
ILSVRC2012_val_00036342_with_ILSVRC2012_val_00047871_rank130,329,329,0.99265,0
ILSVRC2012_val_00036342_with_ILSVRC2012_val_00041412_rank415,533,539,0.41122,12
ILSVRC2012_val_00036342_with_ILSVRC2012_val_00026587_rank953,614,614,0.95645,0
ILSVRC2012_val_00036342_with_ILSVRC2012_val_00014092_rank073,343,356,0.18207,642
ILSVRC2012_val_00036342_with_ILSVRC2012_val_00003307_rank672,596,341,0.12493,416
ILSVRC2012_val_00036342_with_ILSVRC2012_val_00033019_rank355,853,853,0.52778,0
ILSVRC2012_val_00036342_with_ILSVRC2012_val_00013604_rank257,237,367,0.04095,98
ILSVRC2012_val_00036342_with_ILSVRC2012_val_00043613_rank814,585,631,0.2783,1
ILSVRC2012_val_00036342_with_ILSVRC2012_val_00005482_rank368,300,119,0.30997,66
ILSVRC2012_val_00036342_with_ILSVRC2012_val_00001574_rank765,658,658,0.56929,0
ILSVRC2012_val_00036342_with_ILSVRC2012_val_00002210_rank621,569,569,0.80209,0
ILSVRC2012_val_00036342_with_ILSVRC2012_val_00029350_rank355,853,853,0.74785,0
ILSVRC2012_val_00036342_with_ILSVRC2012_val_00031053_rank127,77,119,0.26809,32
ILSVRC2012_val_00036342_with_ILSVRC2012_val_00002536_rank688,18,16,0.16323,8
ILSVRC2012_val_00036342_with_ILSVRC2012_val_00007178_rank536,163,163,0.97829,0
ILSVRC2012_val_00036342_with_ILSVRC2012_val_00008668_rank314,47,47,0.99571,0
ILSVRC2012_val_00036342_with_ILSVRC2012_val_00008340_rank731,721,289,0.23225,834
ILSVRC2012_val_00036342_with_ILSVRC2012_val_00024271_rank659,696,367,0.04095,791
ILSVRC2012_val_00036342_with_ILSVRC2012_val_00024306_rank599,873,873,0.35951,0
ILSVRC2012_val_00036342_with_ILSVRC2012_val_00009079_rank415,533,824,0.33306,6
ILSVRC2012_val_00036342_with_ILSVRC2012_val_00020982_rank521,703,703,0.3613,0
ILSVRC2012_val_00036342_with_ILSVRC2012_val_00049380_rank999,719,719,0.96476,0
ILSVRC2012_val_00036342_with_ILSVRC2012_val_00017258_rank494,492,519,0.32128,2
ILSVRC2012_val_00036342_with_ILSVRC2012_val_00000274_rank800,920,96,0.26925,155
ILSVRC2012_val_00036342_with_ILSVRC2012_val_00022211_rank166,83,83,0.54672,0
ILSVRC2012_val_00036342_with_ILSVRC2012_val_00025545_rank624,687,687,0.99743,0
ILSVRC2012_val_00036342_with_ILSVRC2012_val_00046511_rank265,403,50,0.11588,99
ILSVRC2012_val_00036342_with_ILSVRC2012_val_00037112_rank809,436,436,0.69319,0
ILSVRC2012_val_00036342_with_ILSVRC2012_val_00013543_rank958,823,367,0.04095,594
ILSVRC2012_val_00036342_with_ILSVRC2012_val_00003957_rank030,97,97,0.9926,0
ILSVRC2012_val_00036342_with_ILSVRC2012_val_00022228_rank854,736,722,0.09573,2
ILSVRC2012_val_00036342_with_ILSVRC2012_val_00014363_rank041,287,287,0.99341,0
ILSVRC2012_val_00036342_with_ILSVRC2012_val_00024999_rank794,597,597,0.88893,0
ILSVRC2012_val_00036342_with_ILSVRC2012_val_00047672_rank651,579,579,0.97045,0
ILSVRC2012_val_00036342_with_ILSVRC2012_val_00004974_rank509,168,168,0.53479,0
ILSVRC2012_val_00036342_with_ILSVRC2012_val_00047656_rank316,51,356,0.35046,651
ILSVRC2012_val_00036342_with_ILSVRC2012_val_00033715_rank333,101,367,0.04095,30
ILSVRC2012_val_00036342_with_ILSVRC2012_val_00044718_rank122,217,219,0.88098,5
ILSVRC2012_val_00036342_with_ILSVRC2012_val_00049527_rank768,809,809,0.40389,0
ILSVRC2012_val_00036342_with_ILSVRC2012_val_00027363_rank046,144,144,0.92026,0
ILSVRC2012_val_00036342_with_ILSVRC2012_val_00047605_rank539,635,778,0.51118,16
ILSVRC2012_val_00036342_with_ILSVRC2012_val_00023959_rank879,843,562,0.09346,117
ILSVRC2012_val_00036342_with_ILSVRC2012_val_00003958_rank143,353,274,0.23439,13
ILSVRC2012_val_00036342_with_ILSVRC2012_val_00027602_rank387,96,367,0.04095,55
ILSVRC2012_val_00036342_with_ILSVRC2012_val_00011664_rank057,30,30,0.94279,0
ILSVRC2012_val_00036342_with_ILSVRC2012_val_00000217_rank379,16,367,0.05675,460
ILSVRC2012_val_00036342_with_ILSVRC2012_val_00026581_rank631,812,674,0.18372,178
ILSVRC2012_val_00036342_with_ILSVRC2012_val_00048489_rank952,615,367,0.04095,689
ILSVRC2012_val_00036342_with_ILSVRC2012_val_00040830_rank843,401,703,0.74653,30
ILSVRC2012_val_00036342_with_ILSVRC2012_val_00018660_rank183,24,367,0.04095,80
ILSVRC2012_val_00036342_with_ILSVRC2012_val_00034158_rank527,894,789,0.03219,8
ILSVRC2012_val_00036342_with_ILSVRC2012_val_00040495_rank678,755,363,0.31125,180
ILSVRC2012_val_00036342_with_ILSVRC2012_val_00041919_rank264,32,43,0.19542,19
ILSVRC2012_val_00036342_with_ILSVRC2012_val_00043974_rank331,199,196,0.46393,3
ILSVRC2012_val_00036342_with_ILSVRC2012_val_00018957_rank950,407,407,0.6966,0
ILSVRC2012_val_00036342_with_ILSVRC2012_val_00030351_rank732,817,817,0.28684,0
ILSVRC2012_val_00036342_with_ILSVRC2012_val_00032522_rank232,241,241,0.678,0
ILSVRC2012_val_00036342_with_ILSVRC2012_val_00001740_rank187,327,327,0.98771,0
ILSVRC2012_val_00036342_with_ILSVRC2012_val_00016400_rank377,611,499,0.20908,554
ILSVRC2012_val_00036342_with_ILSVRC2012_val_00010351_rank284,628,576,0.93993,38
ILSVRC2012_val_00036342_with_ILSVRC2012_val_00015148_rank074,367,367,0.83335,0
ILSVRC2012_val_00036342_with_ILSVRC2012_val_00009333_rank743,763,344,0.10109,826
ILSVRC2012_val_00036342_with_ILSVRC2012_val_00011692_rank730,737,367,0.15492,692
ILSVRC2012_val_00036342_with_ILSVRC2012_val_00024346_rank554,425,425,0.81822,0
ILSVRC2012_val_00036342_with_ILSVRC2012_val_00006674_rank849,642,344,0.03203,599
ILSVRC2012_val_00036342_with_ILSVRC2012_val_00030281_rank481,427,463,0.22645,3
ILSVRC2012_val_00036342_with_ILSVRC2012_val_00002132_rank011,299,367,0.04095,158
ILSVRC2012_val_00036342_with_ILSVRC2012_val_00034756_rank492,56,56,0.66888,0
ILSVRC2012_val_00036342_with_ILSVRC2012_val_00027876_rank811,557,367,0.26783,645
ILSVRC2012_val_00036342_with_ILSVRC2012_val_00028280_rank979,637,87,0.14938,796
ILSVRC2012_val_00036342_with_ILSVRC2012_val_00034051_rank436,392,392,0.98419,0
ILSVRC2012_val_00036342_with_ILSVRC2012_val_00028581_rank730,737,674,0.07719,752
ILSVRC2012_val_00036342_with_ILSVRC2012_val_00010949_rank856,748,748,0.16247,0
ILSVRC2012_val_00036342_with_ILSVRC2012_val_00043904_rank138,114,114,0.96627,0
ILSVRC2012_val_00036342_with_ILSVRC2012_val_00010246_rank702,984,984,0.98526,0
ILSVRC2012_val_00036342_with_ILSVRC2012_val_00029113_rank579,710,626,0.41891,7
ILSVRC2012_val_00036342_with_ILSVRC2012_val_00025096_rank201,65,367,0.04095,477
ILSVRC2012_val_00036342_with_ILSVRC2012_val_00014112_rank805,629,367,0.04095,430
ILSVRC2012_val_00036342_with_ILSVRC2012_val_00023297_rank785,684,99,0.76209,413
ILSVRC2012_val_00036342_with_ILSVRC2012_val_00040129_rank880,89,89,0.99549,0
ILSVRC2012_val_00036342_with_ILSVRC2012_val_00004859_rank183,24,24,0.98489,0
ILSVRC2012_val_00036342_with_ILSVRC2012_val_00016659_rank623,797,879,0.72256,93
ILSVRC2012_val_00036342_with_ILSVRC2012_val_00043384_rank535,682,448,0.22166,69
ILSVRC2012_val_00036342_with_ILSVRC2012_val_00036994_rank796,489,84,0.18827,206
ILSVRC2012_val_00036342_with_ILSVRC2012_val_00037634_rank488,265,265,0.84608,0
ILSVRC2012_val_00036342_with_ILSVRC2012_val_00027587_rank685,889,904,0.05319,249
ILSVRC2012_val_00036342_with_ILSVRC2012_val_00008341_rank642,563,563,0.7646,0
ILSVRC2012_val_00036342_with_ILSVRC2012_val_00048915_rank398,160,367,0.04095,208
ILSVRC2012_val_00036342_with_ILSVRC2012_val_00016885_rank983,892,808,0.18154,477
ILSVRC2012_val_00036342_with_ILSVRC2012_val_00040335_rank238,190,190,0.54136,0
ILSVRC2012_val_00036342_with_ILSVRC2012_val_00040000_rank139,82,367,0.04095,366
ILSVRC2012_val_00036342_with_ILSVRC2012_val_00022929_rank764,670,870,0.60274,5
ILSVRC2012_val_00036342_with_ILSVRC2012_val_00035395_rank557,944,944,0.95202,0
ILSVRC2012_val_00036342_with_ILSVRC2012_val_00010914_rank599,873,873,0.09902,0
ILSVRC2012_val_00036342_with_ILSVRC2012_val_00016302_rank860,263,263,0.66519,0
ILSVRC2012_val_00036342_with_ILSVRC2012_val_00047588_rank820,555,555,0.88499,0
ILSVRC2012_val_00036342_with_ILSVRC2012_val_00040381_rank291,151,253,0.09388,15
ILSVRC2012_val_00036342_with_ILSVRC2012_val_00026156_rank339,376,376,0.83547,0
ILSVRC2012_val_00036342_with_ILSVRC2012_val_00008920_rank425,856,866,0.35771,2
ILSVRC2012_val_00036342_with_ILSVRC2012_val_00047518_rank209,191,189,0.45045,1
ILSVRC2012_val_00036342_with_ILSVRC2012_val_00042064_rank606,690,603,0.57724,2
ILSVRC2012_val_00036342_with_ILSVRC2012_val_00002290_rank799,570,344,0.175,894
ILSVRC2012_val_00036342_with_ILSVRC2012_val_00044580_rank151,62,61,0.7949,1
ILSVRC2012_val_00036342_with_ILSVRC2012_val_00031641_rank949,954,954,0.98378,0
ILSVRC2012_val_00036342_with_ILSVRC2012_val_00040859_rank221,86,86,0.84461,0
ILSVRC2012_val_00036342_with_ILSVRC2012_val_00023679_rank211,363,363,0.99939,0
ILSVRC2012_val_00036342_with_ILSVRC2012_val_00039807_rank132,155,155,0.88416,0
ILSVRC2012_val_00036342_with_ILSVRC2012_val_00029767_rank908,332,332,0.92778,0
ILSVRC2012_val_00036342_with_ILSVRC2012_val_00023835_rank300,674,367,0.04095,557
ILSVRC2012_val_00036342_with_ILSVRC2012_val_00005964_rank497,847,847,0.6681,0
ILSVRC2012_val_00036342_with_ILSVRC2012_val_00023935_rank077,983,898,0.04138,451
ILSVRC2012_val_00036342_with_ILSVRC2012_val_00040803_rank289,85,85,0.86948,0
ILSVRC2012_val_00036342_with_ILSVRC2012_val_00020052_rank053,22,22,0.92412,0
ILSVRC2012_val_00036342_with_ILSVRC2012_val_00006738_rank598,751,751,0.88892,0
ILSVRC2012_val_00036342_with_ILSVRC2012_val_00015269_rank200,19,96,0.21037,63
ILSVRC2012_val_00036342_with_ILSVRC2012_val_00017246_rank871,743,695,0.0946,2
ILSVRC2012_val_00036342_with_ILSVRC2012_val_00027086_rank347,222,258,0.37322,2
ILSVRC2012_val_00036342_with_ILSVRC2012_val_00035138_rank170,395,38,0.79244,61
ILSVRC2012_val_00036342_with_ILSVRC2012_val_00045285_rank541,503,711,0.15672,14
ILSVRC2012_val_00036342_with_ILSVRC2012_val_00028284_rank260,45,45,0.94743,0
ILSVRC2012_val_00036342_with_ILSVRC2012_val_00003475_rank274,117,117,0.99387,0
ILSVRC2012_val_00036342_with_ILSVRC2012_val_00026789_rank992,740,512,0.05944,27
ILSVRC2012_val_00036342_with_ILSVRC2012_val_00033162_rank289,85,85,0.98625,0
ILSVRC2012_val_00036342_with_ILSVRC2012_val_00020881_rank624,687,753,0.18248,37
ILSVRC2012_val_00036342_with_ILSVRC2012_val_00004465_rank764,670,670,0.47033,0
ILSVRC2012_val_00036342_with_ILSVRC2012_val_00044067_rank430,622,433,0.13467,73
ILSVRC2012_val_00036342_with_ILSVRC2012_val_00039292_rank831,753,753,0.8309,0
ILSVRC2012_val_00036342_with_ILSVRC2012_val_00016890_rank134,256,360,0.65922,107
ILSVRC2012_val_00036342_with_ILSVRC2012_val_00018935_rank298,326,326,0.8582,0
ILSVRC2012_val_00036342_with_ILSVRC2012_val_00002271_rank286,354,274,0.3574,156
ILSVRC2012_val_00036342_with_ILSVRC2012_val_00002312_rank964,545,545,0.99041,0
ILSVRC2012_val_00036342_with_ILSVRC2012_val_00028286_rank154,995,995,0.91593,0
ILSVRC2012_val_00036342_with_ILSVRC2012_val_00027993_rank716,411,463,0.12022,130
ILSVRC2012_val_00036342_with_ILSVRC2012_val_00049172_rank540,526,782,0.39227,15
ILSVRC2012_val_00036342_with_ILSVRC2012_val_00002921_rank212,227,227,0.36984,0
ILSVRC2012_val_00036342_with_ILSVRC2012_val_00035553_rank391,183,360,0.48532,384
ILSVRC2012_val_00036342_with_ILSVRC2012_val_00034929_rank019,20,20,0.94512,0
ILSVRC2012_val_00036342_with_ILSVRC2012_val_00008770_rank012,336,360,0.28203,13
ILSVRC2012_val_00036342_with_ILSVRC2012_val_00026950_rank290,408,408,0.84235,0
ILSVRC2012_val_00036342_with_ILSVRC2012_val_00000309_rank837,934,934,0.92482,0
ILSVRC2012_val_00036342_with_ILSVRC2012_val_00010408_rank954,775,775,0.65551,0
ILSVRC2012_val_00036342_with_ILSVRC2012_val_00008676_rank031,292,292,0.72852,0
ILSVRC2012_val_00036342_with_ILSVRC2012_val_00039338_rank861,440,440,0.88295,0
ILSVRC2012_val_00036342_with_ILSVRC2012_val_00030295_rank884,709,593,0.13131,24
ILSVRC2012_val_00036342_with_ILSVRC2012_val_00018003_rank457,313,313,0.77551,0
ILSVRC2012_val_00036342_with_ILSVRC2012_val_00046784_rank326,302,303,0.9475,3
ILSVRC2012_val_00036342_with_ILSVRC2012_val_00012898_rank021,106,360,0.80893,14
ILSVRC2012_val_00036342_with_ILSVRC2012_val_00013484_rank146,3,3,0.95949,0
ILSVRC2012_val_00036342_with_ILSVRC2012_val_00029271_rank954,775,31,0.27499,311
ILSVRC2012_val_00036342_with_ILSVRC2012_val_00007191_rank611,834,667,0.37688,19
ILSVRC2012_val_00036342_with_ILSVRC2012_val_00005234_rank052,104,360,0.25675,44
ILSVRC2012_val_00036342_with_ILSVRC2012_val_00044863_rank638,857,423,0.06921,6
ILSVRC2012_val_00036342_with_ILSVRC2012_val_00034482_rank381,15,15,0.89574,0
ILSVRC2012_val_00036342_with_ILSVRC2012_val_00023269_rank480,724,724,0.31802,0
ILSVRC2012_val_00036342_with_ILSVRC2012_val_00009534_rank483,235,235,0.67418,0
ILSVRC2012_val_00036342_with_ILSVRC2012_val_00037548_rank629,859,606,0.71426,9
ILSVRC2012_val_00036342_with_ILSVRC2012_val_00048669_rank065,335,356,0.86663,10
ILSVRC2012_val_00036342_with_ILSVRC2012_val_00038934_rank369,573,573,0.13325,0
ILSVRC2012_val_00036342_with_ILSVRC2012_val_00015007_rank548,963,963,0.97503,0
ILSVRC2012_val_00036342_with_ILSVRC2012_val_00020926_rank423,154,178,0.51236,517
ILSVRC2012_val_00036342_with_ILSVRC2012_val_00003027_rank808,868,868,0.51271,0
ILSVRC2012_val_00036342_with_ILSVRC2012_val_00017051_rank671,831,726,0.31875,121
ILSVRC2012_val_00036342_with_ILSVRC2012_val_00019688_rank517,927,927,0.99905,0
ILSVRC2012_val_00036342_with_ILSVRC2012_val_00009923_rank083,143,143,0.96644,0
ILSVRC2012_val_00036342_with_ILSVRC2012_val_00029235_rank376,463,463,0.35857,0
ILSVRC2012_val_00036342_with_ILSVRC2012_val_00024967_rank329,262,262,0.18314,0
ILSVRC2012_val_00036342_with_ILSVRC2012_val_00047484_rank001,360,360,0.43698,0
ILSVRC2012_val_00036342_with_ILSVRC2012_val_00001560_rank698,522,805,0.06436,3
ILSVRC2012_val_00036342_with_ILSVRC2012_val_00008116_rank680,663,367,0.04095,832
ILSVRC2012_val_00036342_with_ILSVRC2012_val_00024285_rank814,585,18,0.05369,905
ILSVRC2012_val_00036342_with_ILSVRC2012_val_00017691_rank819,886,692,0.17494,11
ILSVRC2012_val_00036342_with_ILSVRC2012_val_00015816_rank742,716,23,0.08842,202
ILSVRC2012_val_00036342_with_ILSVRC2012_val_00026800_rank916,807,807,0.99336,0
ILSVRC2012_val_00036342_with_ILSVRC2012_val_00043040_rank595,887,36,0.05587,727
ILSVRC2012_val_00036342_with_ILSVRC2012_val_00048548_rank316,51,51,0.92914,0
ILSVRC2012_val_00036342_with_ILSVRC2012_val_00006790_rank139,82,367,0.04095,366
ILSVRC2012_val_00036342_with_ILSVRC2012_val_00037731_rank011,299,360,0.41257,6
ILSVRC2012_val_00036342_with_ILSVRC2012_val_00022316_rank578,836,852,0.12078,337
ILSVRC2012_val_00036342_with_ILSVRC2012_val_00022307_rank627,592,592,0.55259,0
ILSVRC2012_val_00036342_with_ILSVRC2012_val_00025440_rank529,987,998,0.54936,1
ILSVRC2012_val_00036342_with_ILSVRC2012_val_00003299_rank432,361,361,0.57036,0
ILSVRC2012_val_00036342_with_ILSVRC2012_val_00028781_rank882,464,464,0.23087,0
ILSVRC2012_val_00036342_with_ILSVRC2012_val_00002598_rank453,782,527,0.24436,3
ILSVRC2012_val_00036342_with_ILSVRC2012_val_00013287_rank258,248,289,0.3412,82
ILSVRC2012_val_00036342_with_ILSVRC2012_val_00033316_rank233,472,14,0.18346,352
ILSVRC2012_val_00036342_with_ILSVRC2012_val_00007817_rank717,507,508,0.42198,84
ILSVRC2012_val_00036342_with_ILSVRC2012_val_00021251_rank764,670,695,0.1774,126
ILSVRC2012_val_00036342_with_ILSVRC2012_val_00022744_rank005,356,341,0.02981,213
ILSVRC2012_val_00036342_with_ILSVRC2012_val_00000768_rank368,300,562,0.04977,843
ILSVRC2012_val_00036342_with_ILSVRC2012_val_00035730_rank559,793,87,0.06872,70
ILSVRC2012_val_00036342_with_ILSVRC2012_val_00044506_rank724,824,824,0.41496,0
ILSVRC2012_val_00036342_with_ILSVRC2012_val_00029582_rank689,785,428,0.0659,442
ILSVRC2012_val_00036342_with_ILSVRC2012_val_00038521_rank613,773,626,0.39831,15
ILSVRC2012_val_00036342_with_ILSVRC2012_val_00028864_rank651,579,367,0.04118,487
ILSVRC2012_val_00036342_with_ILSVRC2012_val_00043687_rank075,371,371,0.70373,0
ILSVRC2012_val_00036342_with_ILSVRC2012_val_00034771_rank247,234,234,0.43554,0
ILSVRC2012_val_00036342_with_ILSVRC2012_val_00012253_rank074,367,367,0.67725,0
ILSVRC2012_val_00036342_with_ILSVRC2012_val_00030368_rank068,195,195,0.42731,0
ILSVRC2012_val_00036342_with_ILSVRC2012_val_00001903_rank701,754,593,0.34818,73
ILSVRC2012_val_00036342_with_ILSVRC2012_val_00022231_rank867,830,830,0.53312,0
ILSVRC2012_val_00036342_with_ILSVRC2012_val_00020884_rank921,534,412,0.12079,85
ILSVRC2012_val_00036342_with_ILSVRC2012_val_00037327_rank918,676,488,0.18927,357
ILSVRC2012_val_00036342_with_ILSVRC2012_val_00030915_rank310,180,180,0.54125,0
ILSVRC2012_val_00036342_with_ILSVRC2012_val_00002284_rank218,5,5,0.66199,0
ILSVRC2012_val_00036342_with_ILSVRC2012_val_00034487_rank773,758,695,0.13288,51
ILSVRC2012_val_00036342_with_ILSVRC2012_val_00036404_rank591,711,593,0.06308,281
ILSVRC2012_val_00036342_with_ILSVRC2012_val_00027719_rank519,941,90,0.08551,123
ILSVRC2012_val_00036342_with_ILSVRC2012_val_00000989_rank686,998,998,0.28664,0
ILSVRC2012_val_00036342_with_ILSVRC2012_val_00038371_rank004,150,21,0.09834,147
ILSVRC2012_val_00036342_with_ILSVRC2012_val_00028816_rank245,914,449,0.12995,11
ILSVRC2012_val_00036342_with_ILSVRC2012_val_00029616_rank406,322,322,0.88281,0
ILSVRC2012_val_00036342_with_ILSVRC2012_val_00015795_rank157,74,93,0.05984,114
ILSVRC2012_val_00036342_with_ILSVRC2012_val_00018010_rank824,606,606,0.97982,0
ILSVRC2012_val_00036342_with_ILSVRC2012_val_00003267_rank189,182,367,0.04103,145
ILSVRC2012_val_00036342_with_ILSVRC2012_val_00049490_rank585,950,945,0.28299,9
ILSVRC2012_val_00036342_with_ILSVRC2012_val_00016206_rank996,418,367,0.04047,925
ILSVRC2012_val_00036342_with_ILSVRC2012_val_00027085_rank767,816,462,0.07907,18
ILSVRC2012_val_00036342_with_ILSVRC2012_val_00042101_rank196,540,367,0.10301,385
ILSVRC2012_val_00036342_with_ILSVRC2012_val_00036796_rank232,241,240,0.47864,1
ILSVRC2012_val_00036342_with_ILSVRC2012_val_00014287_rank661,482,482,0.56905,0
ILSVRC2012_val_00036342_with_ILSVRC2012_val_00044841_rank535,682,562,0.15356,10
ILSVRC2012_val_00036342_with_ILSVRC2012_val_00044830_rank777,917,365,0.10317,425
ILSVRC2012_val_00036342_with_ILSVRC2012_val_00026853_rank517,927,927,0.99689,0
ILSVRC2012_val_00036342_with_ILSVRC2012_val_00010401_rank853,779,779,0.98842,0
ILSVRC2012_val_00036342_with_ILSVRC2012_val_00010441_rank219,355,355,0.87193,0
ILSVRC2012_val_00036342_with_ILSVRC2012_val_00007116_rank320,174,367,0.04091,281
ILSVRC2012_val_00036342_with_ILSVRC2012_val_00005020_rank002,337,337,0.99111,0
ILSVRC2012_val_00036342_with_ILSVRC2012_val_00027709_rank510,111,338,0.06069,925
ILSVRC2012_val_00036342_with_ILSVRC2012_val_00040852_rank179,368,368,0.16383,0
ILSVRC2012_val_00036342_with_ILSVRC2012_val_00031361_rank078,282,282,0.68024,0
ILSVRC2012_val_00036342_with_ILSVRC2012_val_00001762_rank522,255,255,0.98662,0
ILSVRC2012_val_00036342_with_ILSVRC2012_val_00010338_rank777,917,367,0.04095,245
ILSVRC2012_val_00036342_with_ILSVRC2012_val_00040992_rank865,475,475,0.99319,0
ILSVRC2012_val_00036342_with_ILSVRC2012_val_00003193_rank047,387,387,0.94306,0
ILSVRC2012_val_00036342_with_ILSVRC2012_val_00013704_rank496,717,717,0.6793,0
ILSVRC2012_val_00036342_with_ILSVRC2012_val_00039863_rank131,207,219,0.6821,4
ILSVRC2012_val_00036342_with_ILSVRC2012_val_00040683_rank920,796,369,0.08607,259
ILSVRC2012_val_00036342_with_ILSVRC2012_val_00007070_rank633,469,469,0.46337,0
ILSVRC2012_val_00036342_with_ILSVRC2012_val_00037447_rank003,357,357,0.57129,0
ILSVRC2012_val_00036342_with_ILSVRC2012_val_00002365_rank110,275,275,0.99109,0
ILSVRC2012_val_00036342_with_ILSVRC2012_val_00028114_rank746,683,310,0.08601,256
ILSVRC2012_val_00036342_with_ILSVRC2012_val_00033703_rank691,247,227,0.09476,276
ILSVRC2012_val_00036342_with_ILSVRC2012_val_00016551_rank703,728,93,0.24508,600
ILSVRC2012_val_00036342_with_ILSVRC2012_val_00047946_rank878,487,367,0.04095,493
ILSVRC2012_val_00036342_with_ILSVRC2012_val_00026489_rank296,318,363,0.14397,631
ILSVRC2012_val_00036342_with_ILSVRC2012_val_00012752_rank167,273,227,0.16669,5
ILSVRC2012_val_00036342_with_ILSVRC2012_val_00004831_rank828,627,627,0.9965,0
ILSVRC2012_val_00036342_with_ILSVRC2012_val_00027314_rank581,412,674,0.38285,88
ILSVRC2012_val_00036342_with_ILSVRC2012_val_00016376_rank559,793,93,0.12706,837
ILSVRC2012_val_00036342_with_ILSVRC2012_val_00047000_rank418,68,66,0.77757,1
ILSVRC2012_val_00036342_with_ILSVRC2012_val_00003871_rank352,352,353,0.32693,1
ILSVRC2012_val_00036342_with_ILSVRC2012_val_00026160_rank540,526,549,0.07573,60
ILSVRC2012_val_00036342_with_ILSVRC2012_val_00047827_rank688,18,18,0.98822,0
ILSVRC2012_val_00036342_with_ILSVRC2012_val_00024124_rank887,861,148,0.07233,633
ILSVRC2012_val_00036342_with_ILSVRC2012_val_00024891_rank233,472,472,0.15954,0
ILSVRC2012_val_00036342_with_ILSVRC2012_val_00034762_rank133,833,833,0.97539,0
ILSVRC2012_val_00036342_with_ILSVRC2012_val_00030172_rank839,659,367,0.04095,407
ILSVRC2012_val_00036342_with_ILSVRC2012_val_00029744_rank350,57,63,0.50853,18
ILSVRC2012_val_00036342_with_ILSVRC2012_val_00033134_rank029,50,50,0.95571,0
ILSVRC2012_val_00036342_with_ILSVRC2012_val_00016231_rank868,565,565,0.99176,0
ILSVRC2012_val_00036342_with_ILSVRC2012_val_00039955_rank792,770,770,0.16195,0
ILSVRC2012_val_00036342_with_ILSVRC2012_val_00021640_rank428,544,567,0.7261,1
ILSVRC2012_val_00036342_with_ILSVRC2012_val_00020045_rank369,573,310,0.17741,498
ILSVRC2012_val_00036342_with_ILSVRC2012_val_00027003_rank993,608,695,0.03435,167
ILSVRC2012_val_00036342_with_ILSVRC2012_val_00046600_rank608,668,913,0.66851,112
ILSVRC2012_val_00036342_with_ILSVRC2012_val_00044760_rank437,307,307,0.95167,0
ILSVRC2012_val_00036342_with_ILSVRC2012_val_00009628_rank811,557,879,0.12206,35
ILSVRC2012_val_00036342_with_ILSVRC2012_val_00015602_rank461,774,676,0.25671,16
ILSVRC2012_val_00036342_with_ILSVRC2012_val_00038792_rank933,398,398,0.99992,0
ILSVRC2012_val_00036342_with_ILSVRC2012_val_00009223_rank869,790,674,0.18747,59
ILSVRC2012_val_00036342_with_ILSVRC2012_val_00042357_rank103,272,274,0.69897,7
ILSVRC2012_val_00036342_with_ILSVRC2012_val_00004298_rank001,360,360,0.87364,0
ILSVRC2012_val_00036342_with_ILSVRC2012_val_00049856_rank918,676,374,0.09342,732
ILSVRC2012_val_00036342_with_ILSVRC2012_val_00027143_rank917,846,619,0.78613,1
ILSVRC2012_val_00036342_with_ILSVRC2012_val_00002194_rank149,232,71,0.2518,546
ILSVRC2012_val_00036342_with_ILSVRC2012_val_00014683_rank457,313,313,0.96458,0
ILSVRC2012_val_00036342_with_ILSVRC2012_val_00040512_rank841,656,654,0.52892,2
ILSVRC2012_val_00036342_with_ILSVRC2012_val_00025568_rank572,899,725,0.32375,1
ILSVRC2012_val_00036342_with_ILSVRC2012_val_00003988_rank938,697,840,0.13718,65
ILSVRC2012_val_00036342_with_ILSVRC2012_val_00012181_rank331,199,367,0.0426,125
ILSVRC2012_val_00036342_with_ILSVRC2012_val_00042094_rank871,743,743,0.35262,0
ILSVRC2012_val_00036342_with_ILSVRC2012_val_00000264_rank410,694,694,0.99543,0
ILSVRC2012_val_00036342_with_ILSVRC2012_val_00041864_rank160,91,367,0.04095,149
ILSVRC2012_val_00036342_with_ILSVRC2012_val_00022077_rank282,878,695,0.07032,507
ILSVRC2012_val_00036342_with_ILSVRC2012_val_00019995_rank923,869,834,0.42071,1
ILSVRC2012_val_00036342_with_ILSVRC2012_val_00026031_rank838,652,847,0.91497,3
ILSVRC2012_val_00036342_with_ILSVRC2012_val_00028127_rank602,435,562,0.06729,31
ILSVRC2012_val_00036342_with_ILSVRC2012_val_00049445_rank879,843,189,0.28754,379
ILSVRC2012_val_00036342_with_ILSVRC2012_val_00010545_rank317,55,64,0.40945,1
ILSVRC2012_val_00036342_with_ILSVRC2012_val_00030390_rank777,917,367,0.04095,245
ILSVRC2012_val_00036342_with_ILSVRC2012_val_00040304_rank353,989,989,0.06329,0
ILSVRC2012_val_00036342_with_ILSVRC2012_val_00000829_rank447,586,763,0.61833,108
ILSVRC2012_val_00036342_with_ILSVRC2012_val_00038265_rank029,50,50,0.98296,0
ILSVRC2012_val_00036342_with_ILSVRC2012_val_00016794_rank688,18,367,0.04904,148
ILSVRC2012_val_00036342_with_ILSVRC2012_val_00021517_rank992,740,677,0.19071,69
ILSVRC2012_val_00036342_with_ILSVRC2012_val_00046554_rank744,968,968,0.34857,0
ILSVRC2012_val_00036342_with_ILSVRC2012_val_00022931_rank023,137,137,0.93652,0
ILSVRC2012_val_00036342_with_ILSVRC2012_val_00046524_rank297,7,367,0.04095,144
ILSVRC2012_val_00036342_with_ILSVRC2012_val_00010009_rank567,803,575,0.27515,63
ILSVRC2012_val_00036342_with_ILSVRC2012_val_00038020_rank169,396,396,0.99086,0
ILSVRC2012_val_00036342_with_ILSVRC2012_val_00007323_rank141,80,80,0.43589,0
ILSVRC2012_val_00036342_with_ILSVRC2012_val_00019670_rank792,770,770,0.33416,0
ILSVRC2012_val_00036342_with_ILSVRC2012_val_00041138_rank285,437,733,0.03481,53
ILSVRC2012_val_00036342_with_ILSVRC2012_val_00021510_rank677,549,549,0.99642,0
ILSVRC2012_val_00036342_with_ILSVRC2012_val_00034491_rank593,957,957,0.95393,0
ILSVRC2012_val_00036342_with_ILSVRC2012_val_00045684_rank483,235,235,0.52347,0
ILSVRC2012_val_00036342_with_ILSVRC2012_val_00030371_rank260,45,38,0.60389,2
ILSVRC2012_val_00036342_with_ILSVRC2012_val_00021868_rank511,488,341,0.0954,641
ILSVRC2012_val_00036342_with_ILSVRC2012_val_00014243_rank639,645,367,0.04095,256
ILSVRC2012_val_00036342_with_ILSVRC2012_val_00026565_rank757,528,528,0.61806,0
ILSVRC2012_val_00036342_with_ILSVRC2012_val_00020996_rank530,806,806,0.96917,0
ILSVRC2012_val_00036342_with_ILSVRC2012_val_00029851_rank634,633,18,0.80759,377
ILSVRC2012_val_00036342_with_ILSVRC2012_val_00011158_rank356,40,43,0.12512,13
ILSVRC2012_val_00036342_with_ILSVRC2012_val_00022540_rank849,642,642,0.99237,0
ILSVRC2012_val_00036342_with_ILSVRC2012_val_00038653_rank145,348,185,0.14744,361
ILSVRC2012_val_00036342_with_ILSVRC2012_val_00020729_rank931,771,695,0.45765,10
ILSVRC2012_val_00036342_with_ILSVRC2012_val_00022766_rank758,429,429,0.98281,0
ILSVRC2012_val_00036342_with_ILSVRC2012_val_00015951_rank590,786,786,0.30184,0
ILSVRC2012_val_00036342_with_ILSVRC2012_val_00030543_rank754,953,953,0.6163,0
ILSVRC2012_val_00036342_with_ILSVRC2012_val_00037566_rank824,606,606,0.9987,0
ILSVRC2012_val_00036342_with_ILSVRC2012_val_00038538_rank148,380,246,0.15129,373
ILSVRC2012_val_00036342_with_ILSVRC2012_val_00016646_rank228,109,84,0.37739,40
ILSVRC2012_val_00036342_with_ILSVRC2012_val_00006405_rank846,747,463,0.47363,91
ILSVRC2012_val_00036342_with_ILSVRC2012_val_00038447_rank804,574,574,0.68623,0
ILSVRC2012_val_00036342_with_ILSVRC2012_val_00012490_rank841,656,656,0.47389,0
ILSVRC2012_val_00036342_with_ILSVRC2012_val_00018866_rank472,246,172,0.90445,3
ILSVRC2012_val_00036342_with_ILSVRC2012_val_00022036_rank395,172,173,0.54202,3
ILSVRC2012_val_00036342_with_ILSVRC2012_val_00008074_rank095,374,374,0.24724,0
ILSVRC2012_val_00036342_with_ILSVRC2012_val_00038947_rank935,644,644,0.23485,0
ILSVRC2012_val_00036342_with_ILSVRC2012_val_00002666_rank613,773,828,0.7636,46
ILSVRC2012_val_00036342_with_ILSVRC2012_val_00044548_rank149,232,232,0.19726,0
ILSVRC2012_val_00036342_with_ILSVRC2012_val_00012189_rank758,429,429,0.40892,0
ILSVRC2012_val_00036342_with_ILSVRC2012_val_00046759_rank294,225,225,0.32503,0
ILSVRC2012_val_00036342_with_ILSVRC2012_val_00030902_rank319,308,341,0.26051,762
ILSVRC2012_val_00036342_with_ILSVRC2012_val_00013084_rank378,962,935,0.61003,1
ILSVRC2012_val_00036342_with_ILSVRC2012_val_00013542_rank667,518,367,0.15263,229
ILSVRC2012_val_00036342_with_ILSVRC2012_val_00038517_rank976,804,804,0.99618,0
ILSVRC2012_val_00036342_with_ILSVRC2012_val_00000308_rank571,607,607,0.90793,0
ILSVRC2012_val_00036342_with_ILSVRC2012_val_00046125_rank851,657,367,0.06001,761
ILSVRC2012_val_00036342_with_ILSVRC2012_val_00023186_rank817,553,695,0.17996,118
ILSVRC2012_val_00036342_with_ILSVRC2012_val_00028680_rank565,745,674,0.07649,117
ILSVRC2012_val_00036342_with_ILSVRC2012_val_00023940_rank457,313,313,0.99039,0
ILSVRC2012_val_00036342_with_ILSVRC2012_val_00008094_rank093,293,293,0.9369,0
ILSVRC2012_val_00036342_with_ILSVRC2012_val_00010165_rank288,685,837,0.15206,145
ILSVRC2012_val_00036342_with_ILSVRC2012_val_00031227_rank426,303,307,0.64313,1
ILSVRC2012_val_00036342_with_ILSVRC2012_val_00004588_rank873,552,552,0.95189,0
ILSVRC2012_val_00036342_with_ILSVRC2012_val_00032833_rank244,814,814,0.99574,0
ILSVRC2012_val_00036342_with_ILSVRC2012_val_00025259_rank502,679,679,0.34796,0
ILSVRC2012_val_00036342_with_ILSVRC2012_val_00043796_rank259,198,196,0.76575,2
ILSVRC2012_val_00036342_with_ILSVRC2012_val_00039146_rank588,203,373,0.08864,329
ILSVRC2012_val_00036342_with_ILSVRC2012_val_00039287_rank419,623,748,0.16047,82
ILSVRC2012_val_00036342_with_ILSVRC2012_val_00037922_rank919,890,722,0.2951,9
ILSVRC2012_val_00036342_with_ILSVRC2012_val_00030227_rank925,898,840,0.16496,326
ILSVRC2012_val_00036342_with_ILSVRC2012_val_00010452_rank392,986,986,0.80653,0
ILSVRC2012_val_00036342_with_ILSVRC2012_val_00007152_rank810,311,311,0.44095,0
ILSVRC2012_val_00036342_with_ILSVRC2012_val_00006184_rank480,724,367,0.04095,481
ILSVRC2012_val_00036342_with_ILSVRC2012_val_00046502_rank636,497,743,0.3022,97
ILSVRC2012_val_00036342_with_ILSVRC2012_val_00038580_rank397,200,204,0.49975,1
ILSVRC2012_val_00036342_with_ILSVRC2012_val_00031413_rank696,681,491,0.79536,586
ILSVRC2012_val_00036342_with_ILSVRC2012_val_00009306_rank982,456,313,0.54624,21
ILSVRC2012_val_00036342_with_ILSVRC2012_val_00049389_rank045,289,289,0.94469,0
ILSVRC2012_val_00036342_with_ILSVRC2012_val_00029556_rank746,683,367,0.04095,719
ILSVRC2012_val_00036342_with_ILSVRC2012_val_00004066_rank703,728,728,0.88726,0
ILSVRC2012_val_00036342_with_ILSVRC2012_val_00030214_rank579,710,412,0.2996,43
ILSVRC2012_val_00036342_with_ILSVRC2012_val_00011475_rank554,425,425,0.80792,0
ILSVRC2012_val_00036342_with_ILSVRC2012_val_00034841_rank835,617,341,0.06524,337
ILSVRC2012_val_00036342_with_ILSVRC2012_val_00046757_rank333,101,386,0.49889,2
ILSVRC2012_val_00036342_with_ILSVRC2012_val_00026424_rank571,607,607,0.94146,0
ILSVRC2012_val_00036342_with_ILSVRC2012_val_00007099_rank655,732,732,0.98766,0
ILSVRC2012_val_00036342_with_ILSVRC2012_val_00024985_rank730,737,737,0.37613,0
ILSVRC2012_val_00036342_with_ILSVRC2012_val_00003409_rank286,354,354,0.99287,0
ILSVRC2012_val_00036342_with_ILSVRC2012_val_00026851_rank305,946,367,0.04095,331
ILSVRC2012_val_00036342_with_ILSVRC2012_val_00028806_rank324,928,961,0.63719,6
ILSVRC2012_val_00036342_with_ILSVRC2012_val_00031467_rank303,37,314,0.37206,35
ILSVRC2012_val_00036342_with_ILSVRC2012_val_00016443_rank048,269,286,0.18397,18
ILSVRC2012_val_00036342_with_ILSVRC2012_val_00024644_rank683,938,938,0.80481,0
ILSVRC2012_val_00036342_with_ILSVRC2012_val_00046626_rank169,396,396,0.29975,0
ILSVRC2012_val_00036342_with_ILSVRC2012_val_00039866_rank054,377,373,0.73277,10
ILSVRC2012_val_00036342_with_ILSVRC2012_val_00003200_rank168,510,344,0.32782,139
ILSVRC2012_val_00036342_with_ILSVRC2012_val_00007343_rank022,100,100,0.99655,0
ILSVRC2012_val_00036342_with_ILSVRC2012_val_00021014_rank637,560,306,0.10011,423
ILSVRC2012_val_00036342_with_ILSVRC2012_val_00030207_rank716,411,695,0.12541,980
ILSVRC2012_val_00036342_with_ILSVRC2012_val_00031162_rank943,813,501,0.05519,235
ILSVRC2012_val_00036342_with_ILSVRC2012_val_00039892_rank871,743,703,0.26716,534
ILSVRC2012_val_00036342_with_ILSVRC2012_val_00006168_rank232,241,241,0.39483,0
ILSVRC2012_val_00036342_with_ILSVRC2012_val_00042891_rank866,675,843,0.14239,529
ILSVRC2012_val_00036342_with_ILSVRC2012_val_00003616_rank189,182,182,0.50694,0
ILSVRC2012_val_00036342_with_ILSVRC2012_val_00006331_rank215,26,29,0.35772,5
ILSVRC2012_val_00036342_with_ILSVRC2012_val_00049344_rank536,163,234,0.45598,12
ILSVRC2012_val_00036342_with_ILSVRC2012_val_00028125_rank895,723,723,0.98488,0
ILSVRC2012_val_00036342_with_ILSVRC2012_val_00007423_rank022,100,100,0.99375,0
ILSVRC2012_val_00036342_with_ILSVRC2012_val_00005361_rank608,668,562,0.26114,33
ILSVRC2012_val_00036342_with_ILSVRC2012_val_00043608_rank731,721,455,0.95946,76
ILSVRC2012_val_00036342_with_ILSVRC2012_val_00033397_rank661,482,593,0.28064,56
ILSVRC2012_val_00036342_with_ILSVRC2012_val_00049298_rank061,277,277,0.78667,0
ILSVRC2012_val_00036342_with_ILSVRC2012_val_00000384_rank485,621,621,0.22057,0
ILSVRC2012_val_00036342_with_ILSVRC2012_val_00025408_rank346,669,367,0.04095,192
ILSVRC2012_val_00036342_with_ILSVRC2012_val_00006061_rank927,765,703,0.16855,6
ILSVRC2012_val_00036342_with_ILSVRC2012_val_00019198_rank046,144,144,0.97462,0
ILSVRC2012_val_00036342_with_ILSVRC2012_val_00042498_rank761,760,760,0.12284,0
ILSVRC2012_val_00036342_with_ILSVRC2012_val_00013000_rank959,882,171,0.63249,375
ILSVRC2012_val_00036342_with_ILSVRC2012_val_00023903_rank718,502,502,0.21582,0
ILSVRC2012_val_00036342_with_ILSVRC2012_val_00027273_rank402,849,868,0.27279,26
ILSVRC2012_val_00036342_with_ILSVRC2012_val_00013114_rank692,939,939,0.90849,0
ILSVRC2012_val_00036342_with_ILSVRC2012_val_00039991_rank605,420,420,0.99797,0
ILSVRC2012_val_00036342_with_ILSVRC2012_val_00012777_rank174,107,107,0.36851,0
ILSVRC2012_val_00036342_with_ILSVRC2012_val_00004683_rank034,370,370,0.72798,0
ILSVRC2012_val_00036342_with_ILSVRC2012_val_00018176_rank282,878,878,0.76657,0
ILSVRC2012_val_00036342_with_ILSVRC2012_val_00021148_rank992,740,740,0.07977,0
ILSVRC2012_val_00036342_with_ILSVRC2012_val_00049301_rank116,116,116,0.99787,0
ILSVRC2012_val_00036342_with_ILSVRC2012_val_00045660_rank652,470,470,0.55594,0
ILSVRC2012_val_00036342_with_ILSVRC2012_val_00032860_rank244,814,450,0.22502,38
ILSVRC2012_val_00036342_with_ILSVRC2012_val_00002651_rank933,398,398,0.99477,0
ILSVRC2012_val_00036342_with_ILSVRC2012_val_00027049_rank809,436,468,0.15729,6
ILSVRC2012_val_00036342_with_ILSVRC2012_val_00041564_rank064,131,367,0.04095,120
ILSVRC2012_val_00036342_with_ILSVRC2012_val_00000844_rank780,699,699,0.22053,0
ILSVRC2012_val_00036342_with_ILSVRC2012_val_00026086_rank281,250,250,0.66706,0
ILSVRC2012_val_00036342_with_ILSVRC2012_val_00017780_rank390,959,959,0.11317,0
ILSVRC2012_val_00036342_with_ILSVRC2012_val_00016221_rank952,615,439,0.50542,62
ILSVRC2012_val_00036342_with_ILSVRC2012_val_00026172_rank710,564,674,0.09157,553
ILSVRC2012_val_00036342_with_ILSVRC2012_val_00028628_rank108,285,285,0.41861,0
ILSVRC2012_val_00036342_with_ILSVRC2012_val_00039443_rank225,54,54,0.2732,0
ILSVRC2012_val_00036342_with_ILSVRC2012_val_00034752_rank708,948,948,0.8639,0
ILSVRC2012_val_00036342_with_ILSVRC2012_val_00003736_rank422,558,367,0.04093,201
ILSVRC2012_val_00036342_with_ILSVRC2012_val_00006350_rank038,295,295,0.82903,0
ILSVRC2012_val_00036342_with_ILSVRC2012_val_00025921_rank414,951,951,0.825,0
ILSVRC2012_val_00036342_with_ILSVRC2012_val_00007561_rank215,26,26,0.8797,0
ILSVRC2012_val_00036342_with_ILSVRC2012_val_00036863_rank140,328,462,0.08958,356
ILSVRC2012_val_00036342_with_ILSVRC2012_val_00024691_rank131,207,219,0.65622,4
ILSVRC2012_val_00036342_with_ILSVRC2012_val_00021934_rank257,237,367,0.04095,98
ILSVRC2012_val_00036342_with_ILSVRC2012_val_00021958_rank855,584,876,0.10983,617
ILSVRC2012_val_00036342_with_ILSVRC2012_val_00035591_rank038,295,295,0.29358,0
ILSVRC2012_val_00036342_with_ILSVRC2012_val_00034480_rank287,718,843,0.42724,477
ILSVRC2012_val_00036342_with_ILSVRC2012_val_00042272_rank402,849,849,0.85746,0
ILSVRC2012_val_00036342_with_ILSVRC2012_val_00017851_rank254,128,88,0.53451,80
ILSVRC2012_val_00036342_with_ILSVRC2012_val_00024684_rank555,41,41,0.57982,0
ILSVRC2012_val_00036342_with_ILSVRC2012_val_00000056_rank852,468,468,0.95379,0
ILSVRC2012_val_00036342_with_ILSVRC2012_val_00010238_rank283,153,204,0.78142,1
ILSVRC2012_val_00036342_with_ILSVRC2012_val_00001385_rank164,178,178,0.99417,0
ILSVRC2012_val_00036342_with_ILSVRC2012_val_00019989_rank129,73,73,0.59344,0
ILSVRC2012_val_00036342_with_ILSVRC2012_val_00006281_rank699,431,431,0.87236,0
ILSVRC2012_val_00036342_with_ILSVRC2012_val_00049800_rank423,154,254,0.10065,10
ILSVRC2012_val_00036342_with_ILSVRC2012_val_00003041_rank772,749,618,0.18882,70
ILSVRC2012_val_00036342_with_ILSVRC2012_val_00037204_rank553,895,895,0.84923,0
ILSVRC2012_val_00036342_with_ILSVRC2012_val_00033532_rank858,543,344,0.4439,338
ILSVRC2012_val_00036342_with_ILSVRC2012_val_00035552_rank860,263,253,0.30768,4
ILSVRC2012_val_00036342_with_ILSVRC2012_val_00012515_rank534,188,188,0.46142,0
ILSVRC2012_val_00036342_with_ILSVRC2012_val_00012555_rank639,645,42,0.34446,749
ILSVRC2012_val_00036342_with_ILSVRC2012_val_00033775_rank473,201,201,0.1771,0
ILSVRC2012_val_00036342_with_ILSVRC2012_val_00017676_rank574,215,215,0.53869,0
ILSVRC2012_val_00036342_with_ILSVRC2012_val_00019451_rank087,378,378,0.62311,0
ILSVRC2012_val_00036342_with_ILSVRC2012_val_00036496_rank825,477,367,0.04095,834
ILSVRC2012_val_00036342_with_ILSVRC2012_val_00020697_rank596,705,674,0.56052,999
ILSVRC2012_val_00036342_with_ILSVRC2012_val_00032871_rank508,304,303,0.63928,4
ILSVRC2012_val_00036342_with_ILSVRC2012_val_00003938_rank234,245,356,0.2704,233
ILSVRC2012_val_00036342_with_ILSVRC2012_val_00046671_rank712,845,845,0.99761,0
ILSVRC2012_val_00036342_with_ILSVRC2012_val_00015911_rank226,345,356,0.33408,276
ILSVRC2012_val_00036342_with_ILSVRC2012_val_00002905_rank697,822,541,0.83977,1
ILSVRC2012_val_00036342_with_ILSVRC2012_val_00005878_rank694,660,706,0.56359,9
ILSVRC2012_val_00036342_with_ILSVRC2012_val_00011103_rank907,531,531,0.71055,0
ILSVRC2012_val_00036342_with_ILSVRC2012_val_00037692_rank275,391,43,0.2317,643
ILSVRC2012_val_00036342_with_ILSVRC2012_val_00040030_rank777,917,696,0.58068,186
ILSVRC2012_val_00036342_with_ILSVRC2012_val_00045648_rank157,74,74,0.72452,0
ILSVRC2012_val_00036342_with_ILSVRC2012_val_00037708_rank781,910,910,0.49443,0
ILSVRC2012_val_00036342_with_ILSVRC2012_val_00008420_rank363,14,86,0.25019,40
ILSVRC2012_val_00036342_with_ILSVRC2012_val_00048747_rank430,622,722,0.04898,28
ILSVRC2012_val_00036342_with_ILSVRC2012_val_00011097_rank586,981,981,0.94772,0
ILSVRC2012_val_00036342_with_ILSVRC2012_val_00037682_rank822,601,367,0.04095,754
ILSVRC2012_val_00036342_with_ILSVRC2012_val_00028679_rank470,70,70,0.44824,0
ILSVRC2012_val_00036342_with_ILSVRC2012_val_00047906_rank507,820,820,0.90277,0
ILSVRC2012_val_00036342_with_ILSVRC2012_val_00006221_rank388,81,81,0.7014,0
ILSVRC2012_val_00036342_with_ILSVRC2012_val_00024414_rank081,346,346,0.34074,0
ILSVRC2012_val_00036342_with_ILSVRC2012_val_00009635_rank515,310,120,0.14563,37
ILSVRC2012_val_00036342_with_ILSVRC2012_val_00046521_rank674,493,493,0.69959,0
ILSVRC2012_val_00036342_with_ILSVRC2012_val_00021796_rank752,351,367,0.04095,730
ILSVRC2012_val_00036342_with_ILSVRC2012_val_00040784_rank026,290,290,0.749,0
ILSVRC2012_val_00036342_with_ILSVRC2012_val_00043963_rank020,334,334,0.62817,0
ILSVRC2012_val_00036342_with_ILSVRC2012_val_00000127_rank352,352,353,0.50274,1
ILSVRC2012_val_00036342_with_ILSVRC2012_val_00013217_rank382,756,36,0.15725,620
ILSVRC2012_val_00036342_with_ILSVRC2012_val_00013333_rank080,149,149,0.166,0
ILSVRC2012_val_00036342_with_ILSVRC2012_val_00026445_rank066,209,209,0.44897,0
ILSVRC2012_val_00036342_with_ILSVRC2012_val_00015404_rank566,567,723,0.11454,961
ILSVRC2012_val_00036342_with_ILSVRC2012_val_00035856_rank116,116,116,0.99707,0
ILSVRC2012_val_00036342_with_ILSVRC2012_val_00033782_rank085,297,295,0.42413,1
ILSVRC2012_val_00036342_with_ILSVRC2012_val_00017826_rank656,688,688,0.98229,0
ILSVRC2012_val_00036342_with_ILSVRC2012_val_00021497_rank029,50,562,0.08615,65
ILSVRC2012_val_00036342_with_ILSVRC2012_val_00031805_rank798,423,367,0.04095,423
ILSVRC2012_val_00036342_with_ILSVRC2012_val_00021697_rank650,186,186,0.55884,0
ILSVRC2012_val_00036342_with_ILSVRC2012_val_00045029_rank047,387,387,0.94161,0
ILSVRC2012_val_00036342_with_ILSVRC2012_val_00025385_rank338,991,108,0.37247,6
ILSVRC2012_val_00036342_with_ILSVRC2012_val_00028571_rank101,119,124,0.71252,7
ILSVRC2012_val_00036342_with_ILSVRC2012_val_00038913_rank041,287,287,0.98564,0
ILSVRC2012_val_00036342_with_ILSVRC2012_val_00007260_rank401,603,603,0.9256,0
ILSVRC2012_val_00036342_with_ILSVRC2012_val_00000103_rank997,872,872,0.228,0
ILSVRC2012_val_00036342_with_ILSVRC2012_val_00029281_rank348,185,367,0.04095,630
ILSVRC2012_val_00036342_with_ILSVRC2012_val_00010010_rank653,626,893,0.67615,28
ILSVRC2012_val_00036342_with_ILSVRC2012_val_00033766_rank491,189,189,0.94505,0
ILSVRC2012_val_00036342_with_ILSVRC2012_val_00004210_rank478,314,314,0.89455,0
ILSVRC2012_val_00036342_with_ILSVRC2012_val_00035891_rank251,224,356,0.16247,234
ILSVRC2012_val_00036342_with_ILSVRC2012_val_00041246_rank803,875,367,0.04095,868
ILSVRC2012_val_00036342_with_ILSVRC2012_val_00020105_rank682,677,367,0.04096,265
ILSVRC2012_val_00036342_with_ILSVRC2012_val_00014567_rank463,739,739,0.98651,0
ILSVRC2012_val_00036342_with_ILSVRC2012_val_00048545_rank980,891,367,0.04095,732
ILSVRC2012_val_00036342_with_ILSVRC2012_val_00027069_rank013,286,286,0.61962,0
ILSVRC2012_val_00036342_with_ILSVRC2012_val_00011346_rank878,487,754,0.09355,14
ILSVRC2012_val_00036342_with_ILSVRC2012_val_00039396_rank548,963,963,0.97145,0
ILSVRC2012_val_00036342_with_ILSVRC2012_val_00010356_rank391,183,183,0.68545,0
ILSVRC2012_val_00036342_with_ILSVRC2012_val_00012194_rank907,531,531,0.85771,0
ILSVRC2012_val_00036342_with_ILSVRC2012_val_00003978_rank013,286,356,0.26185,57
ILSVRC2012_val_00036342_with_ILSVRC2012_val_00026283_rank234,245,265,0.30061,35
ILSVRC2012_val_00036342_with_ILSVRC2012_val_00008444_rank411,933,356,0.07739,929
ILSVRC2012_val_00036342_with_ILSVRC2012_val_00020903_rank402,849,849,0.77197,0
ILSVRC2012_val_00036342_with_ILSVRC2012_val_00017213_rank862,781,781,0.91344,0
ILSVRC2012_val_00036342_with_ILSVRC2012_val_00037956_rank682,677,369,0.07541,666
ILSVRC2012_val_00036342_with_ILSVRC2012_val_00030617_rank896,761,695,0.22782,337
ILSVRC2012_val_00036342_with_ILSVRC2012_val_00030239_rank294,225,173,0.21774,13
ILSVRC2012_val_00036342_with_ILSVRC2012_val_00014745_rank354,214,214,0.37905,0
ILSVRC2012_val_00036342_with_ILSVRC2012_val_00041997_rank506,672,672,0.71634,0
ILSVRC2012_val_00036342_with_ILSVRC2012_val_00048653_rank879,843,344,0.21573,298
ILSVRC2012_val_00036342_with_ILSVRC2012_val_00028908_rank267,268,268,0.68064,0
ILSVRC2012_val_00036342_with_ILSVRC2012_val_00003979_rank687,863,8,0.11265,634
ILSVRC2012_val_00036342_with_ILSVRC2012_val_00024666_rank303,37,37,0.81623,0
ILSVRC2012_val_00036342_with_ILSVRC2012_val_00039455_rank783,59,381,0.12972,200
ILSVRC2012_val_00036342_with_ILSVRC2012_val_00007850_rank405,167,172,0.46021,20
ILSVRC2012_val_00036342_with_ILSVRC2012_val_00026566_rank964,545,545,0.70095,0
ILSVRC2012_val_00036342_with_ILSVRC2012_val_00029533_rank590,786,428,0.05279,626
ILSVRC2012_val_00036342_with_ILSVRC2012_val_00001662_rank303,37,36,0.61302,2
ILSVRC2012_val_00036342_with_ILSVRC2012_val_00040310_rank064,131,131,0.9641,0
ILSVRC2012_val_00036342_with_ILSVRC2012_val_00018916_rank421,162,162,0.82166,0
ILSVRC2012_val_00036342_with_ILSVRC2012_val_00046000_rank555,41,41,0.95913,0
ILSVRC2012_val_00036342_with_ILSVRC2012_val_00049141_rank200,19,93,0.32477,45
ILSVRC2012_val_00036342_with_ILSVRC2012_val_00014555_rank450,712,868,0.94727,33
ILSVRC2012_val_00036342_with_ILSVRC2012_val_00017766_rank435,169,356,0.88938,158
ILSVRC2012_val_00036342_with_ILSVRC2012_val_00024557_rank155,125,61,0.20233,41
ILSVRC2012_val_00036342_with_ILSVRC2012_val_00001993_rank484,961,367,0.04117,627
ILSVRC2012_val_00036342_with_ILSVRC2012_val_00009961_rank842,514,367,0.04095,535
ILSVRC2012_val_00036342_with_ILSVRC2012_val_00039106_rank314,47,47,0.98674,0
ILSVRC2012_val_00036342_with_ILSVRC2012_val_00039408_rank068,195,195,0.72092,0
ILSVRC2012_val_00036342_with_ILSVRC2012_val_00024219_rank099,288,288,0.79525,0
ILSVRC2012_val_00036342_with_ILSVRC2012_val_00016039_rank401,603,271,0.16302,407
ILSVRC2012_val_00036342_with_ILSVRC2012_val_00014362_rank381,15,85,0.24452,11
ILSVRC2012_val_00036342_with_ILSVRC2012_val_00011756_rank143,353,367,0.04095,219
ILSVRC2012_val_00036342_with_ILSVRC2012_val_00049611_rank326,302,302,0.66654,0
ILSVRC2012_val_00036342_with_ILSVRC2012_val_00029834_rank090,175,202,0.45359,33
ILSVRC2012_val_00036342_with_ILSVRC2012_val_00031412_rank922,571,695,0.13957,77
ILSVRC2012_val_00036342_with_ILSVRC2012_val_00046158_rank544,166,163,0.55499,14
ILSVRC2012_val_00036342_with_ILSVRC2012_val_00037181_rank367,324,311,0.23318,22
ILSVRC2012_val_00036342_with_ILSVRC2012_val_00047103_rank049,284,367,0.04095,820
ILSVRC2012_val_00036342_with_ILSVRC2012_val_00016132_rank085,297,295,0.38167,1
ILSVRC2012_val_00036342_with_ILSVRC2012_val_00020769_rank343,126,126,0.33364,0
ILSVRC2012_val_00036342_with_ILSVRC2012_val_00036818_rank711,852,852,0.87935,0
ILSVRC2012_val_00036342_with_ILSVRC2012_val_00025701_rank213,69,69,0.82169,0
ILSVRC2012_val_00036342_with_ILSVRC2012_val_00037372_rank526,496,496,0.90376,0
ILSVRC2012_val_00036342_with_ILSVRC2012_val_00042447_rank402,849,849,0.7927,0
ILSVRC2012_val_00036342_with_ILSVRC2012_val_00010978_rank539,635,440,0.30334,403
ILSVRC2012_val_00036342_with_ILSVRC2012_val_00038751_rank467,249,249,0.6222,0
ILSVRC2012_val_00036342_with_ILSVRC2012_val_00018444_rank424,715,87,0.12852,321
ILSVRC2012_val_00036342_with_ILSVRC2012_val_00008197_rank281,250,195,0.25233,36
ILSVRC2012_val_00036342_with_ILSVRC2012_val_00005593_rank664,943,31,0.13137,41
ILSVRC2012_val_00036342_with_ILSVRC2012_val_00032173_rank208,483,695,0.64963,175
ILSVRC2012_val_00036342_with_ILSVRC2012_val_00028713_rank269,1,1,0.93618,0
ILSVRC2012_val_00036342_with_ILSVRC2012_val_00021480_rank924,902,367,0.04095,471
ILSVRC2012_val_00036342_with_ILSVRC2012_val_00046888_rank500,742,674,0.16814,106
ILSVRC2012_val_00036342_with_ILSVRC2012_val_00010079_rank545,791,367,0.05867,572
ILSVRC2012_val_00036342_with_ILSVRC2012_val_00043657_rank118,383,356,0.20196,120
ILSVRC2012_val_00036342_with_ILSVRC2012_val_00039932_rank878,487,620,0.33699,21
ILSVRC2012_val_00036342_with_ILSVRC2012_val_00006515_rank375,547,547,0.56776,0
ILSVRC2012_val_00036342_with_ILSVRC2012_val_00015652_rank311,958,562,0.18837,148
ILSVRC2012_val_00036342_with_ILSVRC2012_val_00008189_rank119,394,394,0.56278,0
ILSVRC2012_val_00036342_with_ILSVRC2012_val_00039629_rank501,448,448,0.93344,0
ILSVRC2012_val_00036342_with_ILSVRC2012_val_00009419_rank160,91,96,0.60169,13
ILSVRC2012_val_00036342_with_ILSVRC2012_val_00033208_rank875,515,596,0.07131,49
ILSVRC2012_val_00036342_with_ILSVRC2012_val_00042180_rank326,302,314,0.20755,6
ILSVRC2012_val_00036342_with_ILSVRC2012_val_00001969_rank713,727,727,0.93098,0
ILSVRC2012_val_00036342_with_ILSVRC2012_val_00040715_rank922,571,377,0.09764,754
ILSVRC2012_val_00036342_with_ILSVRC2012_val_00015348_rank617,900,840,0.07178,763
ILSVRC2012_val_00036342_with_ILSVRC2012_val_00003813_rank556,402,6,0.39888,453
ILSVRC2012_val_00036342_with_ILSVRC2012_val_00040689_rank933,398,398,0.99438,0
ILSVRC2012_val_00036342_with_ILSVRC2012_val_00022133_rank258,248,248,0.3132,0
ILSVRC2012_val_00036342_with_ILSVRC2012_val_00006174_rank203,270,279,0.4519,2
ILSVRC2012_val_00036342_with_ILSVRC2012_val_00027175_rank647,519,519,0.90668,0
ILSVRC2012_val_00036342_with_ILSVRC2012_val_00003756_rank576,848,848,0.34774,0
ILSVRC2012_val_00036342_with_ILSVRC2012_val_00044457_rank633,469,469,0.11118,0
ILSVRC2012_val_00036342_with_ILSVRC2012_val_00010564_rank436,392,392,0.9885,0
ILSVRC2012_val_00036342_with_ILSVRC2012_val_00020555_rank468,952,952,0.9976,0
ILSVRC2012_val_00036342_with_ILSVRC2012_val_00033962_rank393,92,356,0.05705,272
ILSVRC2012_val_00036342_with_ILSVRC2012_val_00027416_rank455,595,595,0.0783,0
ILSVRC2012_val_00036342_with_ILSVRC2012_val_00041124_rank671,831,831,0.98048,0
ILSVRC2012_val_00036342_with_ILSVRC2012_val_00047850_rank180,271,338,0.32197,351
ILSVRC2012_val_00036342_with_ILSVRC2012_val_00003467_rank510,111,749,0.35586,182
ILSVRC2012_val_00036342_with_ILSVRC2012_val_00005950_rank680,663,634,0.15613,110
ILSVRC2012_val_00036342_with_ILSVRC2012_val_00014323_rank549,698,698,0.80656,0
ILSVRC2012_val_00036342_with_ILSVRC2012_val_00036397_rank088,381,381,0.46648,0
ILSVRC2012_val_00036342_with_ILSVRC2012_val_00024648_rank440,471,764,0.43194,5
ILSVRC2012_val_00036342_with_ILSVRC2012_val_00004280_rank225,54,54,0.48002,0
ILSVRC2012_val_00036342_with_ILSVRC2012_val_00017538_rank496,717,717,0.53836,0
ILSVRC2012_val_00036342_with_ILSVRC2012_val_00015615_rank731,721,721,0.9625,0
ILSVRC2012_val_00036342_with_ILSVRC2012_val_00026464_rank788,452,367,0.04134,506
ILSVRC2012_val_00036342_with_ILSVRC2012_val_00008306_rank755,837,840,0.1536,764
ILSVRC2012_val_00036342_with_ILSVRC2012_val_00047200_rank549,698,694,0.20677,86
ILSVRC2012_val_00036342_with_ILSVRC2012_val_00009658_rank669,666,896,0.26928,10
ILSVRC2012_val_00036342_with_ILSVRC2012_val_00002826_rank657,907,868,0.26509,106
ILSVRC2012_val_00036342_with_ILSVRC2012_val_00015756_rank213,69,367,0.041,392
ILSVRC2012_val_00036342_with_ILSVRC2012_val_00020127_rank807,757,864,0.14565,18
ILSVRC2012_val_00036342_with_ILSVRC2012_val_00031850_rank858,543,695,0.09996,137
ILSVRC2012_val_00036342_with_ILSVRC2012_val_00027308_rank586,981,981,0.35782,0
ILSVRC2012_val_00036342_with_ILSVRC2012_val_00004470_rank370,972,428,0.22566,614
ILSVRC2012_val_00036342_with_ILSVRC2012_val_00038467_rank452,985,562,0.13185,426
ILSVRC2012_val_00036342_with_ILSVRC2012_val_00027594_rank781,910,813,0.07288,1
ILSVRC2012_val_00036342_with_ILSVRC2012_val_00012223_rank289,85,85,0.98846,0
ILSVRC2012_val_00036342_with_ILSVRC2012_val_00010263_rank735,556,367,0.04095,928
ILSVRC2012_val_00036342_with_ILSVRC2012_val_00034184_rank195,171,171,0.9377,0
ILSVRC2012_val_00036342_with_ILSVRC2012_val_00007757_rank155,125,344,0.40672,149
ILSVRC2012_val_00036342_with_ILSVRC2012_val_00044135_rank890,226,160,0.25641,5
ILSVRC2012_val_00036342_with_ILSVRC2012_val_00005172_rank191,29,38,0.63632,7
ILSVRC2012_val_00036342_with_ILSVRC2012_val_00032454_rank916,807,584,0.05181,881
ILSVRC2012_val_00036342_with_ILSVRC2012_val_00015166_rank268,340,340,0.94855,0
ILSVRC2012_val_00036342_with_ILSVRC2012_val_00001622_rank624,687,687,0.99574,0
ILSVRC2012_val_00036342_with_ILSVRC2012_val_00031549_rank464,491,491,0.99906,0
ILSVRC2012_val_00036342_with_ILSVRC2012_val_00042257_rank893,750,208,0.03994,184
ILSVRC2012_val_00036342_with_ILSVRC2012_val_00044865_rank648,605,695,0.1873,161
ILSVRC2012_val_00036342_with_ILSVRC2012_val_00021972_rank459,457,723,0.94383,86
ILSVRC2012_val_00036342_with_ILSVRC2012_val_00008756_rank037,140,293,0.11847,120
ILSVRC2012_val_00036342_with_ILSVRC2012_val_00002302_rank531,238,236,0.35089,10
ILSVRC2012_val_00036342_with_ILSVRC2012_val_00024354_rank312,110,367,0.04095,703
ILSVRC2012_val_00036342_with_ILSVRC2012_val_00024480_rank464,491,491,0.96096,0
ILSVRC2012_val_00036342_with_ILSVRC2012_val_00024981_rank347,222,181,0.7309,11
ILSVRC2012_val_00036342_with_ILSVRC2012_val_00001609_rank771,541,541,0.67422,0
ILSVRC2012_val_00036342_with_ILSVRC2012_val_00017460_rank539,635,835,0.44187,3
ILSVRC2012_val_00036342_with_ILSVRC2012_val_00047622_rank052,104,104,0.91561,0
ILSVRC2012_val_00036342_with_ILSVRC2012_val_00002496_rank202,121,121,0.97246,0
ILSVRC2012_val_00036342_with_ILSVRC2012_val_00020994_rank156,33,367,0.04086,438
ILSVRC2012_val_00036342_with_ILSVRC2012_val_00019039_rank469,725,344,0.1034,831
ILSVRC2012_val_00036342_with_ILSVRC2012_val_00004273_rank484,961,125,0.35474,91
ILSVRC2012_val_00036342_with_ILSVRC2012_val_00007982_rank511,488,616,0.32889,2
ILSVRC2012_val_00036342_with_ILSVRC2012_val_00043253_rank894,559,559,0.24652,0
ILSVRC2012_val_00036342_with_ILSVRC2012_val_00000880_rank295,17,367,0.03586,178
ILSVRC2012_val_00036342_with_ILSVRC2012_val_00002501_rank003,357,357,0.69437,0
ILSVRC2012_val_00036342_with_ILSVRC2012_val_00022608_rank202,121,121,0.12591,0
ILSVRC2012_val_00036342_with_ILSVRC2012_val_00010192_rank404,317,317,0.98787,0
ILSVRC2012_val_00036342_with_ILSVRC2012_val_00039148_rank375,547,547,0.6446,0
ILSVRC2012_val_00036342_with_ILSVRC2012_val_00028165_rank203,270,279,0.45157,2
ILSVRC2012_val_00036342_with_ILSVRC2012_val_00018994_rank211,363,363,0.7466,0
ILSVRC2012_val_00036342_with_ILSVRC2012_val_00034658_rank590,786,786,0.08615,0
ILSVRC2012_val_00036342_with_ILSVRC2012_val_00035190_rank839,659,659,0.57693,0
ILSVRC2012_val_00036342_with_ILSVRC2012_val_00003562_rank545,791,791,0.60327,0
ILSVRC2012_val_00036342_with_ILSVRC2012_val_00033439_rank032,102,367,0.04092,205
ILSVRC2012_val_00036342_with_ILSVRC2012_val_00032436_rank699,431,367,0.09168,693
ILSVRC2012_val_00036342_with_ILSVRC2012_val_00047069_rank899,641,641,0.73244,0
ILSVRC2012_val_00036342_with_ILSVRC2012_val_00008843_rank032,102,102,0.90708,0
ILSVRC2012_val_00036342_with_ILSVRC2012_val_00021260_rank982,456,367,0.04095,583
ILSVRC2012_val_00036342_with_ILSVRC2012_val_00009906_rank360,802,14,0.28546,664
ILSVRC2012_val_00036342_with_ILSVRC2012_val_00011405_rank265,403,764,0.21626,103
ILSVRC2012_val_00036342_with_ILSVRC2012_val_00039767_rank095,374,852,0.72309,740
ILSVRC2012_val_00036342_with_ILSVRC2012_val_00019005_rank929,655,96,0.06339,616
ILSVRC2012_val_00036342_with_ILSVRC2012_val_00023991_rank273,118,118,0.68885,0
ILSVRC2012_val_00036342_with_ILSVRC2012_val_00037978_rank452,985,985,0.54212,0
ILSVRC2012_val_00036342_with_ILSVRC2012_val_00020641_rank740,893,893,0.11103,0
ILSVRC2012_val_00036342_with_ILSVRC2012_val_00034356_rank536,163,367,0.04118,152
ILSVRC2012_val_00036342_with_ILSVRC2012_val_00019362_rank092,338,338,0.82478,0
ILSVRC2012_val_00036342_with_ILSVRC2012_val_00022947_rank104,276,276,0.97333,0
ILSVRC2012_val_00036342_with_ILSVRC2012_val_00030702_rank387,96,96,0.99629,0
ILSVRC2012_val_00036342_with_ILSVRC2012_val_00038607_rank898,840,840,0.99821,0
ILSVRC2012_val_00036342_with_ILSVRC2012_val_00017364_rank284,628,628,0.88017,0
ILSVRC2012_val_00036342_with_ILSVRC2012_val_00021910_rank353,989,502,0.19632,929
ILSVRC2012_val_00036342_with_ILSVRC2012_val_00004594_rank133,833,833,0.90045,0
ILSVRC2012_val_00036342_with_ILSVRC2012_val_00044875_rank451,164,164,0.57687,0
ILSVRC2012_val_00036342_with_ILSVRC2012_val_00047800_rank010,358,356,0.33988,1
ILSVRC2012_val_00036342_with_ILSVRC2012_val_00040474_rank053,22,22,0.96592,0
ILSVRC2012_val_00036342_with_ILSVRC2012_val_00028437_rank882,464,464,0.89462,0
ILSVRC2012_val_00036342_with_ILSVRC2012_val_00026823_rank130,329,344,0.27448,55
ILSVRC2012_val_00036342_with_ILSVRC2012_val_00024331_rank662,680,332,0.20485,101
ILSVRC2012_val_00036342_with_ILSVRC2012_val_00025507_rank262,11,11,0.99505,0
ILSVRC2012_val_00036342_with_ILSVRC2012_val_00020380_rank212,227,227,0.87338,0
ILSVRC2012_val_00036342_with_ILSVRC2012_val_00027267_rank444,176,171,0.38255,9
ILSVRC2012_val_00036342_with_ILSVRC2012_val_00037864_rank364,550,504,0.38828,7
ILSVRC2012_val_00036342_with_ILSVRC2012_val_00027341_rank662,680,265,0.52912,277
ILSVRC2012_val_00036342_with_ILSVRC2012_val_00025915_rank667,518,367,0.04695,229
ILSVRC2012_val_00036342_with_ILSVRC2012_val_00042994_rank826,441,344,0.03361,767
ILSVRC2012_val_00036342_with_ILSVRC2012_val_00000229_rank120,35,36,0.23026,2
ILSVRC2012_val_00036342_with_ILSVRC2012_val_00005708_rank512,38,38,0.88131,0
ILSVRC2012_val_00036342_with_ILSVRC2012_val_00033373_rank228,109,109,0.92564,0
ILSVRC2012_val_00036342_with_ILSVRC2012_val_00006962_rank743,763,764,0.93108,2
ILSVRC2012_val_00036342_with_ILSVRC2012_val_00010665_rank320,174,174,0.9356,0
ILSVRC2012_val_00036342_with_ILSVRC2012_val_00011902_rank145,348,348,0.59745,0
ILSVRC2012_val_00036342_with_ILSVRC2012_val_00032396_rank084,375,361,0.53293,19
ILSVRC2012_val_00036342_with_ILSVRC2012_val_00044475_rank317,55,55,0.58808,0
ILSVRC2012_val_00036342_with_ILSVRC2012_val_00023417_rank168,510,510,0.88716,0
ILSVRC2012_val_00036342_with_ILSVRC2012_val_00023418_rank956,521,521,0.90229,0
ILSVRC2012_val_00036342_with_ILSVRC2012_val_00016435_rank826,441,441,0.24739,0
ILSVRC2012_val_00036342_with_ILSVRC2012_val_00024031_rank978,462,367,0.04075,671
ILSVRC2012_val_00036342_with_ILSVRC2012_val_00030672_rank044,141,141,0.8732,0
ILSVRC2012_val_00036342_with_ILSVRC2012_val_00040648_rank704,829,562,0.07592,84
ILSVRC2012_val_00036342_with_ILSVRC2012_val_00030157_rank897,465,678,0.37646,10
ILSVRC2012_val_00036342_with_ILSVRC2012_val_00003213_rank014,362,362,0.99652,0
ILSVRC2012_val_00036342_with_ILSVRC2012_val_00025777_rank872,417,367,0.03579,455
ILSVRC2012_val_00036342_with_ILSVRC2012_val_00029922_rank695,609,436,0.23983,1
ILSVRC2012_val_00036342_with_ILSVRC2012_val_00038573_rank981,901,901,0.555,0
ILSVRC2012_val_00036342_with_ILSVRC2012_val_00038000_rank865,475,475,0.94521,0
ILSVRC2012_val_00036342_with_ILSVRC2012_val_00030723_rank618,517,776,0.09731,70
ILSVRC2012_val_00036342_with_ILSVRC2012_val_00002183_rank821,414,367,0.04095,845
ILSVRC2012_val_00036342_with_ILSVRC2012_val_00008154_rank178,372,372,0.18167,0
ILSVRC2012_val_00036342_with_ILSVRC2012_val_00026349_rank810,311,312,0.87544,1
ILSVRC2012_val_00036342_with_ILSVRC2012_val_00028332_rank152,179,180,0.27082,1
ILSVRC2012_val_00036342_with_ILSVRC2012_val_00006495_rank435,169,169,0.83005,0
ILSVRC2012_val_00036342_with_ILSVRC2012_val_00033370_rank538,741,741,0.79405,0
ILSVRC2012_val_00036342_with_ILSVRC2012_val_00027995_rank003,357,61,0.20233,473
ILSVRC2012_val_00036342_with_ILSVRC2012_val_00035756_rank719,426,426,0.90032,0
ILSVRC2012_val_00036342_with_ILSVRC2012_val_00044987_rank260,45,227,0.06559,969
ILSVRC2012_val_00036342_with_ILSVRC2012_val_00000764_rank820,555,864,0.30305,1
ILSVRC2012_val_00036342_with_ILSVRC2012_val_00022028_rank113,385,385,0.73113,0
ILSVRC2012_val_00036342_with_ILSVRC2012_val_00007965_rank527,894,519,0.61315,27
ILSVRC2012_val_00036342_with_ILSVRC2012_val_00002023_rank345,10,10,0.99313,0
ILSVRC2012_val_00036342_with_ILSVRC2012_val_00048488_rank114,210,210,0.79947,0
ILSVRC2012_val_00036342_with_ILSVRC2012_val_00039906_rank497,847,847,0.96043,0
ILSVRC2012_val_00036342_with_ILSVRC2012_val_00005266_rank550,23,367,0.04095,40
ILSVRC2012_val_00036342_with_ILSVRC2012_val_00036097_rank454,231,231,0.54026,0
ILSVRC2012_val_00036342_with_ILSVRC2012_val_00003637_rank288,685,835,0.08679,131
ILSVRC2012_val_00036342_with_ILSVRC2012_val_00003341_rank073,343,343,0.96352,0
ILSVRC2012_val_00036342_with_ILSVRC2012_val_00002248_rank989,610,904,0.11692,568
ILSVRC2012_val_00036342_with_ILSVRC2012_val_00026660_rank322,990,990,0.99952,0
ILSVRC2012_val_00036342_with_ILSVRC2012_val_00033692_rank963,520,516,0.29899,1
ILSVRC2012_val_00036342_with_ILSVRC2012_val_00001985_rank192,120,120,0.61779,0
ILSVRC2012_val_00036342_with_ILSVRC2012_val_00002223_rank587,640,640,0.23833,0
ILSVRC2012_val_00036342_with_ILSVRC2012_val_00028275_rank147,280,280,0.50449,0
ILSVRC2012_val_00036342_with_ILSVRC2012_val_00001412_rank996,418,563,0.16434,1
ILSVRC2012_val_00036342_with_ILSVRC2012_val_00042503_rank759,734,407,0.19388,1
ILSVRC2012_val_00036342_with_ILSVRC2012_val_00044923_rank285,437,738,0.04066,634
ILSVRC2012_val_00036342_with_ILSVRC2012_val_00004598_rank336,124,121,0.28467,6
ILSVRC2012_val_00036342_with_ILSVRC2012_val_00036695_rank732,817,817,0.47035,0
ILSVRC2012_val_00036342_with_ILSVRC2012_val_00006982_rank902,722,88,0.05079,549
ILSVRC2012_val_00036342_with_ILSVRC2012_val_00011919_rank884,709,709,0.37006,0
ILSVRC2012_val_00036342_with_ILSVRC2012_val_00031431_rank447,586,586,0.9778,0
ILSVRC2012_val_00036342_with_ILSVRC2012_val_00037367_rank225,54,54,0.89247,0
ILSVRC2012_val_00036342_with_ILSVRC2012_val_00043883_rank338,991,991,0.93238,0
ILSVRC2012_val_00036342_with_ILSVRC2012_val_00045487_rank514,193,201,0.48446,1
ILSVRC2012_val_00036342_with_ILSVRC2012_val_00042398_rank386,821,618,0.40627,277
ILSVRC2012_val_00036342_with_ILSVRC2012_val_00039078_rank504,321,367,0.04626,255
ILSVRC2012_val_00036342_with_ILSVRC2012_val_00044779_rank906,733,898,0.1132,371
ILSVRC2012_val_00036342_with_ILSVRC2012_val_00019279_rank148,380,377,0.52145,1
ILSVRC2012_val_00036342_with_ILSVRC2012_val_00017092_rank444,176,181,0.47583,15
ILSVRC2012_val_00036342_with_ILSVRC2012_val_00028107_rank224,8,356,0.09862,417
ILSVRC2012_val_00036342_with_ILSVRC2012_val_00018149_rank319,308,308,0.93069,0
ILSVRC2012_val_00036342_with_ILSVRC2012_val_00049729_rank401,603,365,0.11079,154
ILSVRC2012_val_00036342_with_ILSVRC2012_val_00030317_rank967,832,377,0.05433,980
ILSVRC2012_val_00036342_with_ILSVRC2012_val_00034670_rank192,120,120,0.61452,0
ILSVRC2012_val_00036342_with_ILSVRC2012_val_00004533_rank647,519,695,0.13295,162
ILSVRC2012_val_00036342_with_ILSVRC2012_val_00004528_rank973,575,428,0.22566,53
ILSVRC2012_val_00036342_with_ILSVRC2012_val_00001273_rank957,650,616,0.07867,246
ILSVRC2012_val_00036342_with_ILSVRC2012_val_00017942_rank810,311,311,0.744,0
ILSVRC2012_val_00036342_with_ILSVRC2012_val_00019565_rank602,435,876,0.56063,1
ILSVRC2012_val_00036342_with_ILSVRC2012_val_00009665_rank975,112,112,0.53671,0
ILSVRC2012_val_00036342_with_ILSVRC2012_val_00010055_rank858,543,357,0.14386,539
ILSVRC2012_val_00036342_with_ILSVRC2012_val_00004316_rank295,17,17,0.65446,0
ILSVRC2012_val_00036342_with_ILSVRC2012_val_00026951_rank335,931,996,0.27419,81
ILSVRC2012_val_00036342_with_ILSVRC2012_val_00014610_rank722,858,858,0.92072,0
ILSVRC2012_val_00036342_with_ILSVRC2012_val_00044595_rank653,626,845,0.07607,24
ILSVRC2012_val_00036342_with_ILSVRC2012_val_00022994_rank814,585,695,0.35697,258
ILSVRC2012_val_00036342_with_ILSVRC2012_val_00044314_rank516,316,316,0.78935,0
ILSVRC2012_val_00036342_with_ILSVRC2012_val_00017267_rank744,968,808,0.86152,83
ILSVRC2012_val_00036342_with_ILSVRC2012_val_00023541_rank152,179,179,0.71559,0
ILSVRC2012_val_00036342_with_ILSVRC2012_val_00020711_rank983,892,367,0.03835,892
ILSVRC2012_val_00036342_with_ILSVRC2012_val_00022076_rank363,14,14,0.99779,0
ILSVRC2012_val_00036342_with_ILSVRC2012_val_00043327_rank494,492,499,0.10669,325
ILSVRC2012_val_00036342_with_ILSVRC2012_val_00013710_rank686,998,315,0.38256,33
ILSVRC2012_val_00036342_with_ILSVRC2012_val_00046393_rank297,7,7,0.91593,0
ILSVRC2012_val_00036342_with_ILSVRC2012_val_00032737_rank011,299,299,0.70827,0
ILSVRC2012_val_00036342_with_ILSVRC2012_val_00042299_rank426,303,314,0.39896,9
ILSVRC2012_val_00036342_with_ILSVRC2012_val_00027717_rank437,307,313,0.37808,39
ILSVRC2012_val_00036342_with_ILSVRC2012_val_00043176_rank430,622,622,0.999,0
ILSVRC2012_val_00036342_with_ILSVRC2012_val_00032476_rank653,626,904,0.08382,199
ILSVRC2012_val_00036342_with_ILSVRC2012_val_00046248_rank277,113,113,0.98287,0
ILSVRC2012_val_00036342_with_ILSVRC2012_val_00034800_rank857,714,714,0.20121,0
ILSVRC2012_val_00036342_with_ILSVRC2012_val_00017584_rank976,804,836,0.07329,627
ILSVRC2012_val_00036342_with_ILSVRC2012_val_00000164_rank859,504,504,0.89866,0
ILSVRC2012_val_00036342_with_ILSVRC2012_val_00007589_rank810,311,311,0.63799,0
ILSVRC2012_val_00036342_with_ILSVRC2012_val_00024769_rank256,72,367,0.04095,602
ILSVRC2012_val_00036342_with_ILSVRC2012_val_00042103_rank178,372,373,0.83558,1
ILSVRC2012_val_00036342_with_ILSVRC2012_val_00034192_rank308,319,319,0.73535,0
ILSVRC2012_val_00036342_with_ILSVRC2012_val_00020524_rank763,511,817,0.5508,1
ILSVRC2012_val_00036342_with_ILSVRC2012_val_00009697_rank101,119,39,0.6073,26
ILSVRC2012_val_00036342_with_ILSVRC2012_val_00029603_rank713,727,412,0.15446,157
ILSVRC2012_val_00036342_with_ILSVRC2012_val_00047155_rank285,437,448,0.1883,49
ILSVRC2012_val_00036342_with_ILSVRC2012_val_00010176_rank037,140,140,0.51508,0
ILSVRC2012_val_00036342_with_ILSVRC2012_val_00049591_rank983,892,426,0.55171,2
ILSVRC2012_val_00036342_with_ILSVRC2012_val_00008610_rank663,783,783,0.79597,0
ILSVRC2012_val_00036342_with_ILSVRC2012_val_00033638_rank622,945,945,0.88927,0
ILSVRC2012_val_00036342_with_ILSVRC2012_val_00045263_rank309,90,90,0.9988,0
ILSVRC2012_val_00036342_with_ILSVRC2012_val_00025346_rank904,399,171,0.07628,931
ILSVRC2012_val_00036342_with_ILSVRC2012_val_00048570_rank471,306,306,0.96713,0
ILSVRC2012_val_00036342_with_ILSVRC2012_val_00047146_rank329,262,262,0.61598,0
ILSVRC2012_val_00036342_with_ILSVRC2012_val_00032924_rank997,872,761,0.4742,97
ILSVRC2012_val_00036342_with_ILSVRC2012_val_00029371_rank378,962,962,0.31153,0
ILSVRC2012_val_00036342_with_ILSVRC2012_val_00002712_rank757,528,606,0.07573,7
ILSVRC2012_val_00036342_with_ILSVRC2012_val_00000287_rank719,426,426,0.99768,0
ILSVRC2012_val_00036342_with_ILSVRC2012_val_00007446_rank090,175,189,0.52791,10
ILSVRC2012_val_00036342_with_ILSVRC2012_val_00010602_rank316,51,268,0.22863,28
ILSVRC2012_val_00036342_with_ILSVRC2012_val_00047574_rank100,76,76,0.95571,0
ILSVRC2012_val_00036342_with_ILSVRC2012_val_00022306_rank964,545,545,0.97736,0
ILSVRC2012_val_00036342_with_ILSVRC2012_val_00046614_rank533,438,692,0.20361,228
ILSVRC2012_val_00036342_with_ILSVRC2012_val_00011723_rank252,825,539,0.8652,110
ILSVRC2012_val_00036342_with_ILSVRC2012_val_00035372_rank145,348,314,0.13938,491
ILSVRC2012_val_00036342_with_ILSVRC2012_val_00025665_rank203,270,367,0.04095,190
ILSVRC2012_val_00036342_with_ILSVRC2012_val_00028043_rank545,791,791,0.82138,0
ILSVRC2012_val_00036342_with_ILSVRC2012_val_00009393_rank109,132,134,0.34987,3
ILSVRC2012_val_00036342_with_ILSVRC2012_val_00041889_rank144,108,108,0.80377,0
ILSVRC2012_val_00036342_with_ILSVRC2012_val_00043637_rank714,835,835,0.99782,0
ILSVRC2012_val_00036342_with_ILSVRC2012_val_00027488_rank171,61,61,0.36717,0
ILSVRC2012_val_00036342_with_ILSVRC2012_val_00041198_rank782,613,722,0.04633,59
ILSVRC2012_val_00036342_with_ILSVRC2012_val_00048991_rank120,35,35,0.46909,0
ILSVRC2012_val_00036342_with_ILSVRC2012_val_00027854_rank718,502,502,0.86718,0
ILSVRC2012_val_00036342_with_ILSVRC2012_val_00008767_rank820,555,555,0.99063,0
ILSVRC2012_val_00036342_with_ILSVRC2012_val_00028737_rank462,929,929,0.47178,0
ILSVRC2012_val_00036342_with_ILSVRC2012_val_00014374_rank280,252,196,0.39181,3
ILSVRC2012_val_00036342_with_ILSVRC2012_val_00026432_rank668,842,17,0.12142,806
ILSVRC2012_val_00036342_with_ILSVRC2012_val_00029783_rank467,249,249,0.43173,0
ILSVRC2012_val_00036342_with_ILSVRC2012_val_00033071_rank533,438,50,0.0836,874
ILSVRC2012_val_00036342_with_ILSVRC2012_val_00048723_rank257,237,236,0.34059,1
ILSVRC2012_val_00036342_with_ILSVRC2012_val_00024987_rank546,384,373,0.25553,39
ILSVRC2012_val_00036342_with_ILSVRC2012_val_00019479_rank759,734,471,0.2614,198
ILSVRC2012_val_00036342_with_ILSVRC2012_val_00021249_rank885,230,377,0.42115,143
ILSVRC2012_val_00036342_with_ILSVRC2012_val_00004569_rank531,238,238,0.83812,0
ILSVRC2012_val_00036342_with_ILSVRC2012_val_00026189_rank340,404,584,0.04337,311
ILSVRC2012_val_00036342_with_ILSVRC2012_val_00048125_rank610,257,341,0.53461,91
ILSVRC2012_val_00036342_with_ILSVRC2012_val_00033940_rank657,907,738,0.05321,441
ILSVRC2012_val_00036342_with_ILSVRC2012_val_00029119_rank940,478,478,0.51876,0
ILSVRC2012_val_00036342_with_ILSVRC2012_val_00015030_rank048,269,269,0.27604,0
ILSVRC2012_val_00036342_with_ILSVRC2012_val_00012354_rank240,66,66,0.88396,0
ILSVRC2012_val_00036342_with_ILSVRC2012_val_00048461_rank571,607,607,0.99576,0
ILSVRC2012_val_00036342_with_ILSVRC2012_val_00010096_rank975,112,112,0.66348,0
ILSVRC2012_val_00036342_with_ILSVRC2012_val_00005186_rank177,129,129,0.99627,0
ILSVRC2012_val_00036342_with_ILSVRC2012_val_00011141_rank522,255,255,0.77121,0
ILSVRC2012_val_00036342_with_ILSVRC2012_val_00035791_rank734,413,313,0.10407,302
ILSVRC2012_val_00036342_with_ILSVRC2012_val_00026169_rank445,501,287,0.22091,537
ILSVRC2012_val_00036342_with_ILSVRC2012_val_00038659_rank403,568,568,0.7938,0
ILSVRC2012_val_00036342_with_ILSVRC2012_val_00032391_rank814,585,631,0.68458,1
ILSVRC2012_val_00036342_with_ILSVRC2012_val_00018075_rank269,1,1,0.99222,0
ILSVRC2012_val_00036342_with_ILSVRC2012_val_00018282_rank923,869,367,0.04095,838
ILSVRC2012_val_00036342_with_ILSVRC2012_val_00009929_rank902,722,344,0.06822,888
ILSVRC2012_val_00036342_with_ILSVRC2012_val_00015787_rank619,701,695,0.10002,597
ILSVRC2012_val_00036342_with_ILSVRC2012_val_00005436_rank693,828,618,0.19358,1
ILSVRC2012_val_00036342_with_ILSVRC2012_val_00041396_rank970,818,171,0.07014,747
ILSVRC2012_val_00036342_with_ILSVRC2012_val_00039197_rank513,971,562,0.05445,2
ILSVRC2012_val_00036342_with_ILSVRC2012_val_00010925_rank308,319,88,0.08377,70
ILSVRC2012_val_00036342_with_ILSVRC2012_val_00038165_rank933,398,398,0.99995,0
ILSVRC2012_val_00036342_with_ILSVRC2012_val_00037870_rank305,946,946,0.90191,0
ILSVRC2012_val_00036342_with_ILSVRC2012_val_00047549_rank278,625,625,0.46411,0
ILSVRC2012_val_00036342_with_ILSVRC2012_val_00022350_rank105,36,47,0.40504,33
ILSVRC2012_val_00036342_with_ILSVRC2012_val_00005528_rank901,862,367,0.04095,342
ILSVRC2012_val_00036342_with_ILSVRC2012_val_00037907_rank150,228,189,0.37022,38
ILSVRC2012_val_00036342_with_ILSVRC2012_val_00045249_rank830,259,259,0.73248,0
ILSVRC2012_val_00036342_with_ILSVRC2012_val_00019783_rank353,989,989,0.97801,0
ILSVRC2012_val_00036342_with_ILSVRC2012_val_00000244_rank926,764,562,0.05419,976
ILSVRC2012_val_00036342_with_ILSVRC2012_val_00040186_rank411,933,931,0.30618,2
ILSVRC2012_val_00036342_with_ILSVRC2012_val_00009607_rank369,573,751,0.75607,1
ILSVRC2012_val_00036342_with_ILSVRC2012_val_00019956_rank182,973,973,0.13591,0
ILSVRC2012_val_00036342_with_ILSVRC2012_val_00030378_rank653,626,919,0.21116,186
ILSVRC2012_val_00036342_with_ILSVRC2012_val_00048458_rank959,882,756,0.04826,51
ILSVRC2012_val_00036342_with_ILSVRC2012_val_00035459_rank488,265,367,0.04098,323
ILSVRC2012_val_00036342_with_ILSVRC2012_val_00026956_rank302,223,183,0.13292,59
ILSVRC2012_val_00036342_with_ILSVRC2012_val_00036774_rank636,497,367,0.0408,885
ILSVRC2012_val_00036342_with_ILSVRC2012_val_00001686_rank261,264,195,0.79453,14
ILSVRC2012_val_00036342_with_ILSVRC2012_val_00010603_rank119,394,84,0.2162,579
ILSVRC2012_val_00036342_with_ILSVRC2012_val_00012116_rank883,704,367,0.04095,916
ILSVRC2012_val_00036342_with_ILSVRC2012_val_00047328_rank174,107,107,0.18266,0
ILSVRC2012_val_00036342_with_ILSVRC2012_val_00034979_rank861,440,440,0.95074,0
ILSVRC2012_val_00036342_with_ILSVRC2012_val_00041516_rank333,101,344,0.12937,8
ILSVRC2012_val_00036342_with_ILSVRC2012_val_00022704_rank351,618,367,0.04095,705
ILSVRC2012_val_00036342_with_ILSVRC2012_val_00024537_rank625,593,491,0.17006,224
ILSVRC2012_val_00036342_with_ILSVRC2012_val_00009073_rank355,853,562,0.30139,514
ILSVRC2012_val_00036342_with_ILSVRC2012_val_00006711_rank306,134,312,0.39224,350
ILSVRC2012_val_00036342_with_ILSVRC2012_val_00015805_rank607,936,852,0.31596,60
ILSVRC2012_val_00036342_with_ILSVRC2012_val_00012202_rank858,543,367,0.04165,533
ILSVRC2012_val_00036342_with_ILSVRC2012_val_00042833_rank479,192,192,0.75291,0
ILSVRC2012_val_00036342_with_ILSVRC2012_val_00012009_rank194,992,992,0.7166,0
ILSVRC2012_val_00036342_with_ILSVRC2012_val_00015586_rank564,776,367,0.04095,308
ILSVRC2012_val_00036342_with_ILSVRC2012_val_00012318_rank347,222,222,0.24556,0
ILSVRC2012_val_00036342_with_ILSVRC2012_val_00027789_rank069,331,331,0.88637,0
ILSVRC2012_val_00036342_with_ILSVRC2012_val_00014126_rank332,71,71,0.99924,0
ILSVRC2012_val_00036342_with_ILSVRC2012_val_00031888_rank793,446,868,0.81242,54
ILSVRC2012_val_00036342_with_ILSVRC2012_val_00005518_rank960,880,677,0.093,707
ILSVRC2012_val_00036342_with_ILSVRC2012_val_00042747_rank764,670,670,0.34769,0
ILSVRC2012_val_00036342_with_ILSVRC2012_val_00031977_rank332,71,367,0.04095,393
ILSVRC2012_val_00036342_with_ILSVRC2012_val_00026805_rank181,67,67,0.91838,0
ILSVRC2012_val_00036342_with_ILSVRC2012_val_00007010_rank095,374,373,0.20724,2
ILSVRC2012_val_00036342_with_ILSVRC2012_val_00028375_rank989,610,879,0.08378,326
ILSVRC2012_val_00036342_with_ILSVRC2012_val_00001913_rank424,715,367,0.07588,413
ILSVRC2012_val_00036342_with_ILSVRC2012_val_00019703_rank953,614,614,0.73056,0
ILSVRC2012_val_00036342_with_ILSVRC2012_val_00000825_rank023,137,16,0.14969,62
ILSVRC2012_val_00036342_with_ILSVRC2012_val_00002900_rank353,989,989,0.93585,0
ILSVRC2012_val_00036342_with_ILSVRC2012_val_00030651_rank031,292,292,0.71294,0
ILSVRC2012_val_00036342_with_ILSVRC2012_val_00025965_rank501,448,448,0.76537,0
ILSVRC2012_val_00036342_with_ILSVRC2012_val_00030083_rank544,166,166,0.81747,0
ILSVRC2012_val_00036342_with_ILSVRC2012_val_00043493_rank499,905,367,0.04095,418
ILSVRC2012_val_00036342_with_ILSVRC2012_val_00048798_rank702,984,984,0.94323,0
ILSVRC2012_val_00036342_with_ILSVRC2012_val_00042087_rank438,922,458,0.12044,4
ILSVRC2012_val_00036342_with_ILSVRC2012_val_00041816_rank460,532,579,0.12988,9
ILSVRC2012_val_00036342_with_ILSVRC2012_val_00041957_rank081,346,346,0.40462,0
ILSVRC2012_val_00036342_with_ILSVRC2012_val_00006410_rank034,370,370,0.98569,0
ILSVRC2012_val_00036342_with_ILSVRC2012_val_00018874_rank799,570,367,0.04095,345
ILSVRC2012_val_00036342_with_ILSVRC2012_val_00019993_rank255,649,499,0.14517,904
ILSVRC2012_val_00036342_with_ILSVRC2012_val_00032414_rank468,952,533,0.12039,183
ILSVRC2012_val_00036342_with_ILSVRC2012_val_00031695_rank674,493,526,0.08545,9
ILSVRC2012_val_00036342_with_ILSVRC2012_val_00023777_rank847,600,600,0.15512,0
ILSVRC2012_val_00036342_with_ILSVRC2012_val_00011813_rank845,589,367,0.04077,345
ILSVRC2012_val_00036342_with_ILSVRC2012_val_00026556_rank043,139,139,0.96331,0
ILSVRC2012_val_00036342_with_ILSVRC2012_val_00014311_rank585,950,950,0.95318,0
ILSVRC2012_val_00036342_with_ILSVRC2012_val_00023900_rank909,612,612,0.99564,0
ILSVRC2012_val_00036342_with_ILSVRC2012_val_00044846_rank320,174,195,0.17263,42
ILSVRC2012_val_00036342_with_ILSVRC2012_val_00014773_rank049,284,284,0.85789,0
ILSVRC2012_val_00036342_with_ILSVRC2012_val_00031292_rank800,920,920,0.83719,0
ILSVRC2012_val_00036342_with_ILSVRC2012_val_00000420_rank393,92,93,0.71171,10
ILSVRC2012_val_00036342_with_ILSVRC2012_val_00013399_rank435,169,188,0.20245,13
ILSVRC2012_val_00036342_with_ILSVRC2012_val_00037916_rank786,242,242,0.8215,0
ILSVRC2012_val_00036342_with_ILSVRC2012_val_00007949_rank858,543,543,0.85164,0
ILSVRC2012_val_00036342_with_ILSVRC2012_val_00040307_rank703,728,999,0.11647,6
ILSVRC2012_val_00036342_with_ILSVRC2012_val_00045117_rank282,878,878,0.96267,0
ILSVRC2012_val_00036342_with_ILSVRC2012_val_00040383_rank888,808,94,0.07225,567
ILSVRC2012_val_00036342_with_ILSVRC2012_val_00018378_rank853,779,779,0.99596,0
ILSVRC2012_val_00036342_with_ILSVRC2012_val_00040578_rank846,747,747,0.09017,0
ILSVRC2012_val_00036342_with_ILSVRC2012_val_00041098_rank860,263,263,0.85611,0
ILSVRC2012_val_00036342_with_ILSVRC2012_val_00008227_rank272,433,145,0.06118,137
ILSVRC2012_val_00036342_with_ILSVRC2012_val_00012291_rank283,153,153,0.52624,0
ILSVRC2012_val_00036342_with_ILSVRC2012_val_00030991_rank091,349,349,0.45877,0
ILSVRC2012_val_00036342_with_ILSVRC2012_val_00047455_rank098,281,282,0.37073,1
ILSVRC2012_val_00036342_with_ILSVRC2012_val_00046187_rank761,760,367,0.04095,972
ILSVRC2012_val_00036342_with_ILSVRC2012_val_00015922_rank019,20,20,0.99472,0
ILSVRC2012_val_00036342_with_ILSVRC2012_val_00045893_rank153,382,377,0.28294,4
ILSVRC2012_val_00036342_with_ILSVRC2012_val_00044045_rank905,400,18,0.11032,272
ILSVRC2012_val_00036342_with_ILSVRC2012_val_00044883_rank995,523,523,0.62348,0
ILSVRC2012_val_00036342_with_ILSVRC2012_val_00000995_rank936,919,919,0.21692,0
ILSVRC2012_val_00036342_with_ILSVRC2012_val_00027712_rank991,702,199,0.11146,835
ILSVRC2012_val_00036342_with_ILSVRC2012_val_00036261_rank757,528,528,0.98815,0
ILSVRC2012_val_00036342_with_ILSVRC2012_val_00032400_rank477,173,367,0.04041,897
ILSVRC2012_val_00036342_with_ILSVRC2012_val_00007676_rank098,281,287,0.52233,4
ILSVRC2012_val_00036342_with_ILSVRC2012_val_00044651_rank895,723,367,0.04095,989
ILSVRC2012_val_00036342_with_ILSVRC2012_val_00048523_rank334,75,367,0.04095,584
ILSVRC2012_val_00036342_with_ILSVRC2012_val_00037710_rank016,98,36,0.1614,178
ILSVRC2012_val_00036342_with_ILSVRC2012_val_00030636_rank614,798,642,0.34601,144
ILSVRC2012_val_00036342_with_ILSVRC2012_val_00036520_rank138,114,290,0.09601,108
ILSVRC2012_val_00036342_with_ILSVRC2012_val_00032067_rank055,373,367,0.04095,11
ILSVRC2012_val_00036342_with_ILSVRC2012_val_00014528_rank932,499,344,0.03851,300
ILSVRC2012_val_00036342_with_ILSVRC2012_val_00013181_rank371,484,87,0.15935,884
ILSVRC2012_val_00036342_with_ILSVRC2012_val_00031785_rank358,212,212,0.41346,0
ILSVRC2012_val_00036342_with_ILSVRC2012_val_00043691_rank773,758,306,0.30421,584
ILSVRC2012_val_00036342_with_ILSVRC2012_val_00006586_rank487,236,159,0.25575,5
ILSVRC2012_val_00036342_with_ILSVRC2012_val_00003875_rank312,110,88,0.27284,723
ILSVRC2012_val_00036342_with_ILSVRC2012_val_00041535_rank083,143,143,0.99583,0
ILSVRC2012_val_00036342_with_ILSVRC2012_val_00037405_rank767,816,703,0.04291,831
ILSVRC2012_val_00036342_with_ILSVRC2012_val_00029907_rank284,628,562,0.40789,79
ILSVRC2012_val_00036342_with_ILSVRC2012_val_00042637_rank179,368,368,0.61051,0
ILSVRC2012_val_00036342_with_ILSVRC2012_val_00027328_rank605,420,420,0.08187,0
ILSVRC2012_val_00036342_with_ILSVRC2012_val_00013276_rank888,808,618,0.35305,147
ILSVRC2012_val_00036342_with_ILSVRC2012_val_00025416_rank621,569,569,0.64922,0
ILSVRC2012_val_00036342_with_ILSVRC2012_val_00018027_rank667,518,518,0.90307,0
ILSVRC2012_val_00036342_with_ILSVRC2012_val_00019671_rank231,233,233,0.14657,0
ILSVRC2012_val_00036342_with_ILSVRC2012_val_00033096_rank642,563,563,0.05432,0
ILSVRC2012_val_00036342_with_ILSVRC2012_val_00008643_rank970,818,695,0.12655,227
ILSVRC2012_val_00036342_with_ILSVRC2012_val_00032160_rank472,246,367,0.04105,375
ILSVRC2012_val_00036342_with_ILSVRC2012_val_00032445_rank115,196,196,0.88838,0
ILSVRC2012_val_00036342_with_ILSVRC2012_val_00016358_rank572,899,117,0.20112,217
ILSVRC2012_val_00036342_with_ILSVRC2012_val_00027419_rank082,2,4,0.4977,2
ILSVRC2012_val_00036342_with_ILSVRC2012_val_00010108_rank590,786,695,0.31414,212
ILSVRC2012_val_00036342_with_ILSVRC2012_val_00039260_rank927,765,765,0.35803,0
ILSVRC2012_val_00036342_with_ILSVRC2012_val_00016345_rank848,630,314,0.33147,63
ILSVRC2012_val_00036342_with_ILSVRC2012_val_00006894_rank173,913,344,0.14468,122
ILSVRC2012_val_00036342_with_ILSVRC2012_val_00030439_rank906,733,367,0.04095,236
ILSVRC2012_val_00036342_with_ILSVRC2012_val_00000648_rank306,134,84,0.29199,18
ILSVRC2012_val_00036342_with_ILSVRC2012_val_00012634_rank804,574,367,0.08364,693
ILSVRC2012_val_00036342_with_ILSVRC2012_val_00044642_rank243,152,85,0.67665,653
ILSVRC2012_val_00036342_with_ILSVRC2012_val_00025922_rank837,934,934,0.85375,0
ILSVRC2012_val_00036342_with_ILSVRC2012_val_00024268_rank188,9,9,0.95479,0
ILSVRC2012_val_00036342_with_ILSVRC2012_val_00038558_rank265,403,677,0.26087,793
ILSVRC2012_val_00036342_with_ILSVRC2012_val_00028741_rank1000,494,469,0.44454,41
ILSVRC2012_val_00036342_with_ILSVRC2012_val_00041375_rank139,82,82,0.8733,0
ILSVRC2012_val_00036342_with_ILSVRC2012_val_00030699_rank188,9,9,0.99067,0
ILSVRC2012_val_00036342_with_ILSVRC2012_val_00021101_rank865,475,475,0.96175,0
ILSVRC2012_val_00036342_with_ILSVRC2012_val_00005188_rank420,393,393,0.95165,0
ILSVRC2012_val_00036342_with_ILSVRC2012_val_00028725_rank881,253,253,0.3652,0
ILSVRC2012_val_00036342_with_ILSVRC2012_val_00005787_rank617,900,904,0.05996,723
ILSVRC2012_val_00036342_with_ILSVRC2012_val_00039424_rank499,905,580,0.21152,32
ILSVRC2012_val_00036342_with_ILSVRC2012_val_00037527_rank384,988,988,0.70463,0
ILSVRC2012_val_00036342_with_ILSVRC2012_val_00049238_rank376,463,367,0.04095,424
ILSVRC2012_val_00036342_with_ILSVRC2012_val_00016452_rank639,645,412,0.06487,779
ILSVRC2012_val_00036342_with_ILSVRC2012_val_00007389_rank111,105,356,0.2115,508
ILSVRC2012_val_00036342_with_ILSVRC2012_val_00039513_rank110,275,275,0.99588,0
ILSVRC2012_val_00036342_with_ILSVRC2012_val_00006756_rank585,950,950,0.9388,0
ILSVRC2012_val_00036342_with_ILSVRC2012_val_00045499_rank826,441,968,0.178,9
ILSVRC2012_val_00036342_with_ILSVRC2012_val_00022109_rank204,239,240,0.67157,2
ILSVRC2012_val_00036342_with_ILSVRC2012_val_00012235_rank405,167,162,0.61596,2
ILSVRC2012_val_00036342_with_ILSVRC2012_val_00003353_rank256,72,72,0.41221,0
ILSVRC2012_val_00036342_with_ILSVRC2012_val_00003034_rank989,610,879,0.29585,326
ILSVRC2012_val_00036342_with_ILSVRC2012_val_00041411_rank679,410,448,0.07828,3
ILSVRC2012_val_00036342_with_ILSVRC2012_val_00036049_rank915,854,462,0.56323,79
ILSVRC2012_val_00036342_with_ILSVRC2012_val_00039615_rank959,882,695,0.09229,506
ILSVRC2012_val_00036342_with_ILSVRC2012_val_00046566_rank980,891,367,0.04095,732
ILSVRC2012_val_00036342_with_ILSVRC2012_val_00035389_rank253,13,13,0.7636,0
ILSVRC2012_val_00036342_with_ILSVRC2012_val_00035367_rank097,4,723,0.16439,265
ILSVRC2012_val_00036342_with_ILSVRC2012_val_00048160_rank049,284,284,0.99274,0
ILSVRC2012_val_00036342_with_ILSVRC2012_val_00042787_rank028,388,388,0.96786,0
ILSVRC2012_val_00036342_with_ILSVRC2012_val_00040114_rank588,203,367,0.04095,892
ILSVRC2012_val_00036342_with_ILSVRC2012_val_00006007_rank269,1,111,0.15588,164
ILSVRC2012_val_00036342_with_ILSVRC2012_val_00049214_rank980,891,891,0.99794,0
ILSVRC2012_val_00036342_with_ILSVRC2012_val_00009367_rank932,499,367,0.03161,645
ILSVRC2012_val_00036342_with_ILSVRC2012_val_00008282_rank198,213,208,0.90867,85
ILSVRC2012_val_00036342_with_ILSVRC2012_val_00030878_rank380,138,138,0.97579,0
ILSVRC2012_val_00036342_with_ILSVRC2012_val_00015260_rank743,763,763,0.99767,0
ILSVRC2012_val_00036342_with_ILSVRC2012_val_00023618_rank774,664,664,0.55542,0
ILSVRC2012_val_00036342_with_ILSVRC2012_val_00019555_rank197,994,120,0.56452,12
ILSVRC2012_val_00036342_with_ILSVRC2012_val_00049208_rank803,875,870,0.73926,500
ILSVRC2012_val_00036342_with_ILSVRC2012_val_00033843_rank320,174,174,0.92901,0
ILSVRC2012_val_00036342_with_ILSVRC2012_val_00043948_rank614,798,798,0.73563,0
ILSVRC2012_val_00036342_with_ILSVRC2012_val_00029481_rank082,2,3,0.61405,1
ILSVRC2012_val_00036342_with_ILSVRC2012_val_00046488_rank587,640,835,0.14827,4
ILSVRC2012_val_00036342_with_ILSVRC2012_val_00028203_rank987,530,596,0.55156,837
ILSVRC2012_val_00036342_with_ILSVRC2012_val_00047687_rank763,511,511,0.39148,0
ILSVRC2012_val_00036342_with_ILSVRC2012_val_00042068_rank055,373,356,0.59447,69
ILSVRC2012_val_00036342_with_ILSVRC2012_val_00039556_rank242,161,161,0.59718,0
ILSVRC2012_val_00036342_with_ILSVRC2012_val_00020055_rank947,512,877,0.06585,225
ILSVRC2012_val_00036342_with_ILSVRC2012_val_00019595_rank375,547,547,0.43843,0
ILSVRC2012_val_00036342_with_ILSVRC2012_val_00005241_rank511,488,488,0.44137,0
ILSVRC2012_val_00036342_with_ILSVRC2012_val_00019710_rank191,29,344,0.36666,115
ILSVRC2012_val_00036342_with_ILSVRC2012_val_00015244_rank242,161,171,0.30873,17
ILSVRC2012_val_00036342_with_ILSVRC2012_val_00044649_rank396,79,79,0.99805,0
ILSVRC2012_val_00036342_with_ILSVRC2012_val_00012175_rank735,556,412,0.15592,87
ILSVRC2012_val_00036342_with_ILSVRC2012_val_00021370_rank522,255,262,0.86862,22
ILSVRC2012_val_00036342_with_ILSVRC2012_val_00006328_rank363,14,367,0.04095,138
ILSVRC2012_val_00036342_with_ILSVRC2012_val_00035820_rank691,247,171,0.35048,994
ILSVRC2012_val_00036342_with_ILSVRC2012_val_00048667_rank293,434,840,0.46213,30
ILSVRC2012_val_00036342_with_ILSVRC2012_val_00034703_rank593,957,957,0.589,0
ILSVRC2012_val_00036342_with_ILSVRC2012_val_00015954_rank956,521,469,0.13225,14
ILSVRC2012_val_00036342_with_ILSVRC2012_val_00028076_rank024,58,314,0.05763,230
ILSVRC2012_val_00036342_with_ILSVRC2012_val_00002574_rank887,861,562,0.40295,644
ILSVRC2012_val_00036342_with_ILSVRC2012_val_00001777_rank405,167,166,0.2852,1
ILSVRC2012_val_00036342_with_ILSVRC2012_val_00047176_rank854,736,736,0.56294,0
ILSVRC2012_val_00036342_with_ILSVRC2012_val_00020210_rank969,738,580,0.09038,2
ILSVRC2012_val_00036342_with_ILSVRC2012_val_00019494_rank455,595,595,0.33403,0
ILSVRC2012_val_00036342_with_ILSVRC2012_val_00036198_rank552,661,586,0.12673,1
ILSVRC2012_val_00036342_with_ILSVRC2012_val_00048888_rank037,140,140,0.95224,0
ILSVRC2012_val_00036342_with_ILSVRC2012_val_00041488_rank305,946,946,0.83877,0
ILSVRC2012_val_00036342_with_ILSVRC2012_val_00012710_rank440,471,471,0.95913,0
ILSVRC2012_val_00036342_with_ILSVRC2012_val_00041379_rank341,53,60,0.28731,5
ILSVRC2012_val_00036342_with_ILSVRC2012_val_00041378_rank067,330,331,0.22064,1
ILSVRC2012_val_00036342_with_ILSVRC2012_val_00035023_rank151,62,61,0.72254,1
ILSVRC2012_val_00036342_with_ILSVRC2012_val_00029448_rank744,968,968,0.5696,0
ILSVRC2012_val_00036342_with_ILSVRC2012_val_00033423_rank396,79,395,0.4353,189
ILSVRC2012_val_00036342_with_ILSVRC2012_val_00041832_rank166,83,16,0.18543,69
ILSVRC2012_val_00036342_with_ILSVRC2012_val_00032808_rank643,969,967,0.18599,3
ILSVRC2012_val_00036342_with_ILSVRC2012_val_00047332_rank807,757,757,0.96357,0
ILSVRC2012_val_00036342_with_ILSVRC2012_val_00025769_rank876,866,870,0.39568,22
ILSVRC2012_val_00036342_with_ILSVRC2012_val_00039635_rank715,708,338,0.11266,910
ILSVRC2012_val_00036342_with_ILSVRC2012_val_00003981_rank396,79,79,0.30565,0
ILSVRC2012_val_00036342_with_ILSVRC2012_val_00003726_rank137,208,208,0.25151,0
ILSVRC2012_val_00036342_with_ILSVRC2012_val_00031103_rank512,38,38,0.71361,0
ILSVRC2012_val_00036342_with_ILSVRC2012_val_00045207_rank509,168,211,0.82886,3
ILSVRC2012_val_00036342_with_ILSVRC2012_val_00010171_rank190,39,39,0.80941,0
ILSVRC2012_val_00036342_with_ILSVRC2012_val_00008816_rank019,20,20,0.98373,0
ILSVRC2012_val_00036342_with_ILSVRC2012_val_00030355_rank718,502,502,0.6025,0
ILSVRC2012_val_00036342_with_ILSVRC2012_val_00010934_rank821,414,414,0.18174,0
ILSVRC2012_val_00036342_with_ILSVRC2012_val_00016858_rank323,42,50,0.76452,37
ILSVRC2012_val_00036342_with_ILSVRC2012_val_00038562_rank787,647,647,0.9785,0
ILSVRC2012_val_00036342_with_ILSVRC2012_val_00047398_rank761,760,674,0.03504,223
ILSVRC2012_val_00036342_with_ILSVRC2012_val_00046376_rank717,507,695,0.50823,1
ILSVRC2012_val_00036342_with_ILSVRC2012_val_00016361_rank966,772,584,0.52258,1
ILSVRC2012_val_00036342_with_ILSVRC2012_val_00041131_rank445,501,367,0.04095,763
ILSVRC2012_val_00036342_with_ILSVRC2012_val_00017305_rank485,621,674,0.037,111
ILSVRC2012_val_00036342_with_ILSVRC2012_val_00006448_rank028,388,388,0.55431,0
ILSVRC2012_val_00036342_with_ILSVRC2012_val_00014896_rank789,546,367,0.04075,535
ILSVRC2012_val_00036342_with_ILSVRC2012_val_00017671_rank795,805,48,0.74534,629
ILSVRC2012_val_00036342_with_ILSVRC2012_val_00015342_rank705,794,412,0.11503,585
ILSVRC2012_val_00036342_with_ILSVRC2012_val_00017481_rank133,833,833,0.84909,0
ILSVRC2012_val_00036342_with_ILSVRC2012_val_00027800_rank758,429,429,0.98987,0
ILSVRC2012_val_00036342_with_ILSVRC2012_val_00008280_rank719,426,426,0.97129,0
ILSVRC2012_val_00036342_with_ILSVRC2012_val_00007012_rank821,414,63,0.35839,968
ILSVRC2012_val_00036342_with_ILSVRC2012_val_00034760_rank043,139,139,0.99297,0
ILSVRC2012_val_00036342_with_ILSVRC2012_val_00014334_rank248,850,806,0.07407,8
ILSVRC2012_val_00036342_with_ILSVRC2012_val_00003384_rank820,555,555,0.60299,0
ILSVRC2012_val_00036342_with_ILSVRC2012_val_00038219_rank934,419,338,0.03023,563
ILSVRC2012_val_00036342_with_ILSVRC2012_val_00036666_rank161,347,347,0.91432,0
ILSVRC2012_val_00036342_with_ILSVRC2012_val_00014937_rank614,798,769,0.16213,1
ILSVRC2012_val_00036342_with_ILSVRC2012_val_00044796_rank530,806,806,0.45534,0
ILSVRC2012_val_00036342_with_ILSVRC2012_val_00013183_rank192,120,120,0.74445,0
ILSVRC2012_val_00036342_with_ILSVRC2012_val_00017086_rank900,841,199,0.06811,528
ILSVRC2012_val_00036342_with_ILSVRC2012_val_00013366_rank304,554,625,0.15846,5
ILSVRC2012_val_00036342_with_ILSVRC2012_val_00011288_rank527,894,894,0.71313,0
ILSVRC2012_val_00036342_with_ILSVRC2012_val_00041233_rank204,239,240,0.42646,2
ILSVRC2012_val_00036342_with_ILSVRC2012_val_00012026_rank491,189,189,0.82527,0
ILSVRC2012_val_00036342_with_ILSVRC2012_val_00044735_rank401,603,603,0.97781,0
ILSVRC2012_val_00036342_with_ILSVRC2012_val_00004118_rank256,72,344,0.04495,917
ILSVRC2012_val_00036342_with_ILSVRC2012_val_00042841_rank810,311,367,0.04095,590
ILSVRC2012_val_00036342_with_ILSVRC2012_val_00044392_rank362,653,653,0.98679,0
ILSVRC2012_val_00036342_with_ILSVRC2012_val_00006920_rank232,241,241,0.95056,0
ILSVRC2012_val_00036342_with_ILSVRC2012_val_00009811_rank389,88,367,0.04095,132
ILSVRC2012_val_00036342_with_ILSVRC2012_val_00045304_rank106,365,341,0.39293,69
ILSVRC2012_val_00036342_with_ILSVRC2012_val_00023972_rank565,745,471,0.3602,44
ILSVRC2012_val_00036342_with_ILSVRC2012_val_00035921_rank092,338,333,0.09225,1
ILSVRC2012_val_00036342_with_ILSVRC2012_val_00036906_rank601,870,367,0.04009,338
ILSVRC2012_val_00036342_with_ILSVRC2012_val_00031331_rank694,660,448,0.3603,67
ILSVRC2012_val_00036342_with_ILSVRC2012_val_00042394_rank544,166,376,0.08151,113
ILSVRC2012_val_00036342_with_ILSVRC2012_val_00041339_rank885,230,230,0.78171,0
ILSVRC2012_val_00036342_with_ILSVRC2012_val_00048567_rank995,523,367,0.04095,686
ILSVRC2012_val_00036342_with_ILSVRC2012_val_00027199_rank676,516,618,0.31557,154
ILSVRC2012_val_00036342_with_ILSVRC2012_val_00049838_rank882,464,464,0.98829,0
ILSVRC2012_val_00036342_with_ILSVRC2012_val_00032798_rank521,703,703,0.57159,0
ILSVRC2012_val_00036342_with_ILSVRC2012_val_00019446_rank145,348,373,0.33755,91
ILSVRC2012_val_00036342_with_ILSVRC2012_val_00006732_rank794,597,597,0.83156,0
ILSVRC2012_val_00036342_with_ILSVRC2012_val_00025808_rank875,515,475,0.04169,40
ILSVRC2012_val_00036342_with_ILSVRC2012_val_00007349_rank701,754,485,0.56562,5
ILSVRC2012_val_00036342_with_ILSVRC2012_val_00002137_rank119,394,367,0.04095,743
ILSVRC2012_val_00036342_with_ILSVRC2012_val_00031842_rank292,780,363,0.30847,524
ILSVRC2012_val_00036342_with_ILSVRC2012_val_00005879_rank777,917,367,0.04095,245
ILSVRC2012_val_00036342_with_ILSVRC2012_val_00037811_rank449,243,159,0.34053,3
ILSVRC2012_val_00036342_with_ILSVRC2012_val_00013419_rank786,242,367,0.04095,155
ILSVRC2012_val_00036342_with_ILSVRC2012_val_00013256_rank177,129,129,0.99619,0
ILSVRC2012_val_00036342_with_ILSVRC2012_val_00049003_rank390,959,959,0.96674,0
ILSVRC2012_val_00036342_with_ILSVRC2012_val_00016375_rank892,729,729,0.98954,0
ILSVRC2012_val_00036342_with_ILSVRC2012_val_00044558_rank845,589,589,0.91847,0
ILSVRC2012_val_00036342_with_ILSVRC2012_val_00040870_rank092,338,344,0.0676,325
ILSVRC2012_val_00036342_with_ILSVRC2012_val_00025527_rank543,0,367,0.04095,492
ILSVRC2012_val_00036342_with_ILSVRC2012_val_00034557_rank973,575,367,0.04091,951
ILSVRC2012_val_00036342_with_ILSVRC2012_val_00040111_rank720,648,338,0.24362,546
ILSVRC2012_val_00036342_with_ILSVRC2012_val_00043488_rank884,709,876,0.29537,410
ILSVRC2012_val_00036342_with_ILSVRC2012_val_00023520_rank144,108,108,0.18078,0
ILSVRC2012_val_00036342_with_ILSVRC2012_val_00027635_rank845,589,695,0.33154,950
ILSVRC2012_val_00036342_with_ILSVRC2012_val_00035183_rank089,99,99,0.9399,0
ILSVRC2012_val_00036342_with_ILSVRC2012_val_00037314_rank994,632,632,0.99001,0
ILSVRC2012_val_00036342_with_ILSVRC2012_val_00014977_rank044,141,141,0.97253,0
ILSVRC2012_val_00036342_with_ILSVRC2012_val_00041932_rank813,551,458,0.30108,218
ILSVRC2012_val_00036342_with_ILSVRC2012_val_00030466_rank478,314,314,0.99813,0
ILSVRC2012_val_00036342_with_ILSVRC2012_val_00008046_rank011,299,299,0.97538,0
ILSVRC2012_val_00036342_with_ILSVRC2012_val_00036799_rank940,478,703,0.12047,907
ILSVRC2012_val_00036342_with_ILSVRC2012_val_00049986_rank834,430,367,0.04095,149
ILSVRC2012_val_00036342_with_ILSVRC2012_val_00015721_rank413,46,315,0.54909,11
ILSVRC2012_val_00036342_with_ILSVRC2012_val_00038457_rank650,186,186,0.86427,0
ILSVRC2012_val_00036342_with_ILSVRC2012_val_00003510_rank867,830,576,0.14094,296
ILSVRC2012_val_00036342_with_ILSVRC2012_val_00033854_rank113,385,385,0.76612,0
ILSVRC2012_val_00036342_with_ILSVRC2012_val_00011547_rank938,697,591,0.20928,84
ILSVRC2012_val_00036342_with_ILSVRC2012_val_00031497_rank917,846,314,0.40018,530
ILSVRC2012_val_00036342_with_ILSVRC2012_val_00016886_rank395,172,171,0.50453,1
ILSVRC2012_val_00036342_with_ILSVRC2012_val_00037783_rank775,451,367,0.04095,979
ILSVRC2012_val_00036342_with_ILSVRC2012_val_00005213_rank096,397,397,0.87436,0
ILSVRC2012_val_00036342_with_ILSVRC2012_val_00035449_rank637,560,945,0.05129,416
ILSVRC2012_val_00036342_with_ILSVRC2012_val_00048254_rank977,157,151,0.94296,7
ILSVRC2012_val_00036342_with_ILSVRC2012_val_00014413_rank658,450,8,0.13297,529
ILSVRC2012_val_00036342_with_ILSVRC2012_val_00031269_rank333,101,344,0.27871,8
ILSVRC2012_val_00036342_with_ILSVRC2012_val_00000833_rank475,874,36,0.17494,953
ILSVRC2012_val_00036342_with_ILSVRC2012_val_00010631_rank892,729,729,0.32727,0
ILSVRC2012_val_00036342_with_ILSVRC2012_val_00033790_rank131,207,207,0.69742,0
ILSVRC2012_val_00036342_with_ILSVRC2012_val_00040610_rank338,991,996,0.92577,1
ILSVRC2012_val_00036342_with_ILSVRC2012_val_00037973_rank202,121,121,0.67324,0
ILSVRC2012_val_00036342_with_ILSVRC2012_val_00047764_rank410,694,694,0.98965,0
ILSVRC2012_val_00036342_with_ILSVRC2012_val_00042991_rank709,594,367,0.04733,352
ILSVRC2012_val_00036342_with_ILSVRC2012_val_00043079_rank104,276,276,0.34912,0
ILSVRC2012_val_00036342_with_ILSVRC2012_val_00018769_rank414,951,951,0.53958,0
ILSVRC2012_val_00036342_with_ILSVRC2012_val_00005477_rank609,443,463,0.0409,264
ILSVRC2012_val_00036342_with_ILSVRC2012_val_00038984_rank752,351,353,0.67113,2
ILSVRC2012_val_00036342_with_ILSVRC2012_val_00041483_rank987,530,530,0.98498,0
ILSVRC2012_val_00036342_with_ILSVRC2012_val_00049219_rank837,934,934,0.47108,0
ILSVRC2012_val_00036342_with_ILSVRC2012_val_00040203_rank141,80,80,0.61986,0
ILSVRC2012_val_00036342_with_ILSVRC2012_val_00035781_rank090,175,201,0.23307,37
ILSVRC2012_val_00036342_with_ILSVRC2012_val_00038099_rank523,759,759,0.39926,0
ILSVRC2012_val_00036342_with_ILSVRC2012_val_00017014_rank728,942,808,0.04065,770
ILSVRC2012_val_00036342_with_ILSVRC2012_val_00000721_rank996,418,623,0.05306,3
ILSVRC2012_val_00036342_with_ILSVRC2012_val_00020241_rank900,841,189,0.05846,472
ILSVRC2012_val_00036342_with_ILSVRC2012_val_00020803_rank318,389,395,0.83773,2
ILSVRC2012_val_00036342_with_ILSVRC2012_val_00017810_rank430,622,622,0.99041,0
ILSVRC2012_val_00036342_with_ILSVRC2012_val_00036211_rank667,518,367,0.04095,229
ILSVRC2012_val_00036342_with_ILSVRC2012_val_00040658_rank307,52,63,0.31367,16
ILSVRC2012_val_00036342_with_ILSVRC2012_val_00012192_rank609,443,367,0.04095,646
ILSVRC2012_val_00036342_with_ILSVRC2012_val_00039723_rank641,864,864,0.95648,0
ILSVRC2012_val_00036342_with_ILSVRC2012_val_00048505_rank100,76,76,0.86855,0
ILSVRC2012_val_00036342_with_ILSVRC2012_val_00019976_rank351,618,618,0.11832,0
ILSVRC2012_val_00036342_with_ILSVRC2012_val_00002902_rank875,515,579,0.10635,255
ILSVRC2012_val_00036342_with_ILSVRC2012_val_00026398_rank763,511,817,0.37716,1
ILSVRC2012_val_00036342_with_ILSVRC2012_val_00034366_rank557,944,944,0.9971,0
ILSVRC2012_val_00036342_with_ILSVRC2012_val_00002215_rank713,727,727,0.86637,0
ILSVRC2012_val_00036342_with_ILSVRC2012_val_00010941_rank147,280,280,0.99394,0
ILSVRC2012_val_00036342_with_ILSVRC2012_val_00000720_rank852,468,817,0.43196,10
ILSVRC2012_val_00036342_with_ILSVRC2012_val_00008797_rank968,542,433,0.08319,476
ILSVRC2012_val_00036342_with_ILSVRC2012_val_00032623_rank061,277,277,0.76955,0
ILSVRC2012_val_00036342_with_ILSVRC2012_val_00042269_rank327,686,686,0.33048,0
ILSVRC2012_val_00036342_with_ILSVRC2012_val_00038744_rank518,932,932,0.79409,0
ILSVRC2012_val_00036342_with_ILSVRC2012_val_00018693_rank643,969,367,0.04095,788
ILSVRC2012_val_00036342_with_ILSVRC2012_val_00018543_rank365,996,996,0.9955,0
ILSVRC2012_val_00036342_with_ILSVRC2012_val_00038284_rank714,835,835,0.90149,0
ILSVRC2012_val_00036342_with_ILSVRC2012_val_00031558_rank763,511,479,0.25553,6
ILSVRC2012_val_00036342_with_ILSVRC2012_val_00043818_rank991,702,306,0.25087,498
ILSVRC2012_val_00036342_with_ILSVRC2012_val_00030973_rank837,934,868,0.2398,84
ILSVRC2012_val_00036342_with_ILSVRC2012_val_00023261_rank785,684,684,0.87421,0
ILSVRC2012_val_00036342_with_ILSVRC2012_val_00005954_rank343,126,126,0.7502,0
ILSVRC2012_val_00036342_with_ILSVRC2012_val_00008511_rank681,925,809,0.5551,1
ILSVRC2012_val_00036342_with_ILSVRC2012_val_00038560_rank649,713,478,0.06647,14
ILSVRC2012_val_00036342_with_ILSVRC2012_val_00036070_rank125,333,338,0.95542,1
ILSVRC2012_val_00036342_with_ILSVRC2012_val_00027070_rank016,98,138,0.22441,32
ILSVRC2012_val_00036342_with_ILSVRC2012_val_00034551_rank110,275,275,0.95531,0
ILSVRC2012_val_00036342_with_ILSVRC2012_val_00043884_rank378,962,367,0.04114,939
ILSVRC2012_val_00036342_with_ILSVRC2012_val_00024820_rank704,829,468,0.09212,9
ILSVRC2012_val_00036342_with_ILSVRC2012_val_00004325_rank257,237,367,0.03986,98
ILSVRC2012_val_00036342_with_ILSVRC2012_val_00048065_rank370,972,377,0.07561,767
ILSVRC2012_val_00036342_with_ILSVRC2012_val_00044516_rank533,438,438,0.67862,0
ILSVRC2012_val_00036342_with_ILSVRC2012_val_00046116_rank905,400,367,0.04095,255
ILSVRC2012_val_00036342_with_ILSVRC2012_val_00009008_rank377,611,265,0.04948,515
ILSVRC2012_val_00036342_with_ILSVRC2012_val_00019869_rank547,323,367,0.04095,540
ILSVRC2012_val_00036342_with_ILSVRC2012_val_00043254_rank147,280,357,0.44973,30
ILSVRC2012_val_00036342_with_ILSVRC2012_val_00029546_rank283,153,153,0.94231,0
ILSVRC2012_val_00036342_with_ILSVRC2012_val_00029779_rank616,885,365,0.03802,676
ILSVRC2012_val_00036342_with_ILSVRC2012_val_00045122_rank728,942,684,0.04477,105
ILSVRC2012_val_00036342_with_ILSVRC2012_val_00017402_rank643,969,122,0.06989,63
ILSVRC2012_val_00036342_with_ILSVRC2012_val_00049376_rank133,833,833,0.61545,0
ILSVRC2012_val_00036342_with_ILSVRC2012_val_00001579_rank707,867,586,0.18895,28
ILSVRC2012_val_00036342_with_ILSVRC2012_val_00001408_rank472,246,246,0.89858,0
ILSVRC2012_val_00036342_with_ILSVRC2012_val_00008150_rank903,778,778,0.7351,0
ILSVRC2012_val_00036342_with_ILSVRC2012_val_00046413_rank143,353,113,0.11284,254
ILSVRC2012_val_00036342_with_ILSVRC2012_val_00019706_rank858,543,36,0.20381,513
ILSVRC2012_val_00036342_with_ILSVRC2012_val_00031813_rank681,925,809,0.44601,1
ILSVRC2012_val_00036342_with_ILSVRC2012_val_00004248_rank561,197,189,0.14249,31
ILSVRC2012_val_00036342_with_ILSVRC2012_val_00034940_rank813,551,551,0.1142,0
ILSVRC2012_val_00036342_with_ILSVRC2012_val_00024884_rank253,13,367,0.04095,129
ILSVRC2012_val_00036342_with_ILSVRC2012_val_00031440_rank891,949,949,0.97463,0
ILSVRC2012_val_00036342_with_ILSVRC2012_val_00023231_rank449,243,243,0.71083,0
ILSVRC2012_val_00036342_with_ILSVRC2012_val_00009679_rank139,82,82,0.61128,0
ILSVRC2012_val_00036342_with_ILSVRC2012_val_00030963_rank294,225,314,0.07028,368
ILSVRC2012_val_00036342_with_ILSVRC2012_val_00039356_rank856,748,904,0.04588,292
ILSVRC2012_val_00036342_with_ILSVRC2012_val_00005318_rank670,582,469,0.17817,386
ILSVRC2012_val_00036342_with_ILSVRC2012_val_00026946_rank464,491,16,0.11321,760
ILSVRC2012_val_00036342_with_ILSVRC2012_val_00015605_rank070,274,274,0.92868,0
ILSVRC2012_val_00036342_with_ILSVRC2012_val_00017009_rank382,756,738,0.09528,2
ILSVRC2012_val_00036342_with_ILSVRC2012_val_00019654_rank468,952,952,0.38722,0
ILSVRC2012_val_00036342_with_ILSVRC2012_val_00045344_rank655,732,344,0.06708,693
ILSVRC2012_val_00036342_with_ILSVRC2012_val_00044279_rank415,533,539,0.19351,12
ILSVRC2012_val_00036342_with_ILSVRC2012_val_00039043_rank228,109,109,0.73054,0
ILSVRC2012_val_00036342_with_ILSVRC2012_val_00033332_rank615,631,695,0.03726,735
ILSVRC2012_val_00036342_with_ILSVRC2012_val_00036443_rank136,194,194,0.78794,0
ILSVRC2012_val_00036342_with_ILSVRC2012_val_00043097_rank080,149,149,0.11272,0
ILSVRC2012_val_00036342_with_ILSVRC2012_val_00012171_rank881,253,253,0.46674,0
ILSVRC2012_val_00036342_with_ILSVRC2012_val_00021878_rank840,912,618,0.08711,769
ILSVRC2012_val_00036342_with_ILSVRC2012_val_00015307_rank354,214,214,0.523,0
ILSVRC2012_val_00036342_with_ILSVRC2012_val_00039066_rank424,715,367,0.04095,413
ILSVRC2012_val_00036342_with_ILSVRC2012_val_00043185_rank745,879,879,0.89525,0
ILSVRC2012_val_00036342_with_ILSVRC2012_val_00047489_rank979,637,637,0.80909,0
ILSVRC2012_val_00036342_with_ILSVRC2012_val_00015414_rank170,395,395,0.94626,0
ILSVRC2012_val_00036342_with_ILSVRC2012_val_00034444_rank933,398,367,0.04095,411
ILSVRC2012_val_00036342_with_ILSVRC2012_val_00002811_rank111,105,105,0.92354,0
ILSVRC2012_val_00036342_with_ILSVRC2012_val_00034954_rank508,304,314,0.77573,13
ILSVRC2012_val_00036342_with_ILSVRC2012_val_00029930_rank543,0,367,0.04095,492
ILSVRC2012_val_00036342_with_ILSVRC2012_val_00043478_rank699,431,367,0.04095,693
ILSVRC2012_val_00036342_with_ILSVRC2012_val_00038295_rank745,879,971,0.16433,12
ILSVRC2012_val_00036342_with_ILSVRC2012_val_00027921_rank240,66,54,0.3301,2
ILSVRC2012_val_00036342_with_ILSVRC2012_val_00035577_rank108,285,288,0.48829,9
ILSVRC2012_val_00036342_with_ILSVRC2012_val_00040392_rank720,648,519,0.09464,38
ILSVRC2012_val_00036342_with_ILSVRC2012_val_00027141_rank527,894,367,0.04095,966
ILSVRC2012_val_00036342_with_ILSVRC2012_val_00036877_rank892,729,367,0.04095,972
ILSVRC2012_val_00036342_with_ILSVRC2012_val_00043519_rank427,720,720,0.78541,0
ILSVRC2012_val_00036342_with_ILSVRC2012_val_00008620_rank480,724,576,0.33793,23
ILSVRC2012_val_00036342_with_ILSVRC2012_val_00015883_rank425,856,870,0.90872,70
ILSVRC2012_val_00036342_with_ILSVRC2012_val_00042437_rank969,738,38,0.31717,130
ILSVRC2012_val_00036342_with_ILSVRC2012_val_00045541_rank549,698,491,0.59588,940
ILSVRC2012_val_00036342_with_ILSVRC2012_val_00006948_rank643,969,473,0.5529,88
ILSVRC2012_val_00036342_with_ILSVRC2012_val_00049147_rank280,252,186,0.54353,44
ILSVRC2012_val_00036342_with_ILSVRC2012_val_00009570_rank946,158,227,0.3254,16
ILSVRC2012_val_00036342_with_ILSVRC2012_val_00007419_rank180,271,271,0.96754,0
ILSVRC2012_val_00036342_with_ILSVRC2012_val_00015422_rank604,707,367,0.04095,410
ILSVRC2012_val_00036342_with_ILSVRC2012_val_00037999_rank514,193,274,0.49661,48
ILSVRC2012_val_00036342_with_ILSVRC2012_val_00028655_rank011,299,299,0.78657,0
ILSVRC2012_val_00036342_with_ILSVRC2012_val_00013157_rank288,685,685,0.60649,0
ILSVRC2012_val_00036342_with_ILSVRC2012_val_00002861_rank948,591,868,0.20154,12
ILSVRC2012_val_00036342_with_ILSVRC2012_val_00024270_rank023,137,137,0.49486,0
ILSVRC2012_val_00036342_with_ILSVRC2012_val_00024932_rank080,149,14,0.05443,206
ILSVRC2012_val_00036342_with_ILSVRC2012_val_00006447_rank179,368,189,0.22982,305
ILSVRC2012_val_00036342_with_ILSVRC2012_val_00037032_rank099,288,288,0.58592,0
ILSVRC2012_val_00036342_with_ILSVRC2012_val_00033732_rank983,892,892,0.31707,0
ILSVRC2012_val_00036342_with_ILSVRC2012_val_00044543_rank209,191,191,0.40033,0
ILSVRC2012_val_00036342_with_ILSVRC2012_val_00035906_rank876,866,96,0.07958,500
ILSVRC2012_val_00036342_with_ILSVRC2012_val_00043628_rank806,561,306,0.23211,831
ILSVRC2012_val_00036342_with_ILSVRC2012_val_00049337_rank760,903,29,0.68501,297
ILSVRC2012_val_00036342_with_ILSVRC2012_val_00021997_rank587,640,640,0.50016,0
ILSVRC2012_val_00036342_with_ILSVRC2012_val_00001185_rank205,64,64,0.95312,0
ILSVRC2012_val_00036342_with_ILSVRC2012_val_00030486_rank599,873,576,0.86088,33
ILSVRC2012_val_00036342_with_ILSVRC2012_val_00033291_rank419,623,313,0.09941,485
ILSVRC2012_val_00036342_with_ILSVRC2012_val_00002670_rank689,785,367,0.04095,401
ILSVRC2012_val_00036342_with_ILSVRC2012_val_00004168_rank063,369,369,0.22219,0
ILSVRC2012_val_00036342_with_ILSVRC2012_val_00033788_rank478,314,314,0.97721,0
ILSVRC2012_val_00036342_with_ILSVRC2012_val_00036557_rank112,390,390,0.24803,0
ILSVRC2012_val_00036342_with_ILSVRC2012_val_00032443_rank478,314,1,0.23888,43
ILSVRC2012_val_00036342_with_ILSVRC2012_val_00012251_rank203,270,377,0.14887,175
ILSVRC2012_val_00036342_with_ILSVRC2012_val_00005731_rank446,495,478,0.06993,156
ILSVRC2012_val_00036342_with_ILSVRC2012_val_00001558_rank926,764,413,0.52969,1
ILSVRC2012_val_00036342_with_ILSVRC2012_val_00035509_rank818,769,692,0.11781,71
ILSVRC2012_val_00036342_with_ILSVRC2012_val_00017362_rank692,939,939,0.60722,0
ILSVRC2012_val_00036342_with_ILSVRC2012_val_00049109_rank808,868,868,0.43494,0
ILSVRC2012_val_00036342_with_ILSVRC2012_val_00033580_rank345,10,10,0.97134,0
ILSVRC2012_val_00036342_with_ILSVRC2012_val_00017115_rank747,315,315,0.67974,0
ILSVRC2012_val_00036342_with_ILSVRC2012_val_00032117_rank186,254,254,0.87678,0
ILSVRC2012_val_00036342_with_ILSVRC2012_val_00011496_rank962,667,88,0.07456,123
ILSVRC2012_val_00036342_with_ILSVRC2012_val_00005533_rank788,452,100,0.76731,738
ILSVRC2012_val_00036342_with_ILSVRC2012_val_00020381_rank300,674,843,0.73714,298
ILSVRC2012_val_00036342_with_ILSVRC2012_val_00048813_rank526,496,496,0.96429,0
ILSVRC2012_val_00036342_with_ILSVRC2012_val_00020368_rank277,113,113,0.97928,0
ILSVRC2012_val_00036342_with_ILSVRC2012_val_00012271_rank111,105,105,0.89977,0
ILSVRC2012_val_00036342_with_ILSVRC2012_val_00046763_rank008,294,294,0.8313,0
ILSVRC2012_val_00036342_with_ILSVRC2012_val_00032174_rank336,124,71,0.30098,7
ILSVRC2012_val_00036342_with_ILSVRC2012_val_00008432_rank546,384,384,0.51368,0
ILSVRC2012_val_00036342_with_ILSVRC2012_val_00031411_rank210,216,216,0.60795,0
ILSVRC2012_val_00036342_with_ILSVRC2012_val_00026675_rank136,194,194,0.8274,0
ILSVRC2012_val_00036342_with_ILSVRC2012_val_00027348_rank544,166,164,0.6543,2
ILSVRC2012_val_00036342_with_ILSVRC2012_val_00015688_rank598,751,751,0.95874,0
ILSVRC2012_val_00036342_with_ILSVRC2012_val_00008833_rank255,649,69,0.12588,42
ILSVRC2012_val_00036342_with_ILSVRC2012_val_00035409_rank495,312,303,0.94115,7
ILSVRC2012_val_00036342_with_ILSVRC2012_val_00028860_rank620,474,344,0.34661,209
ILSVRC2012_val_00036342_with_ILSVRC2012_val_00019475_rank417,604,604,0.94464,0
ILSVRC2012_val_00036342_with_ILSVRC2012_val_00001979_rank009,344,344,0.99431,0
ILSVRC2012_val_00036342_with_ILSVRC2012_val_00040947_rank234,245,245,0.94862,0
ILSVRC2012_val_00036342_with_ILSVRC2012_val_00024088_rank969,738,695,0.12062,563
ILSVRC2012_val_00036342_with_ILSVRC2012_val_00034804_rank062,221,367,0.04095,157
ILSVRC2012_val_00036342_with_ILSVRC2012_val_00045183_rank510,111,60,0.21775,87
ILSVRC2012_val_00036342_with_ILSVRC2012_val_00006477_rank595,887,887,0.95723,0
ILSVRC2012_val_00036342_with_ILSVRC2012_val_00028577_rank225,54,54,0.4078,0
ILSVRC2012_val_00036342_with_ILSVRC2012_val_00016945_rank828,627,627,0.9682,0
ILSVRC2012_val_00036342_with_ILSVRC2012_val_00015772_rank794,597,597,0.25945,0
ILSVRC2012_val_00036342_with_ILSVRC2012_val_00036141_rank014,362,362,0.99425,0
ILSVRC2012_val_00036342_with_ILSVRC2012_val_00008487_rank315,204,194,0.26476,18
ILSVRC2012_val_00036342_with_ILSVRC2012_val_00046137_rank179,368,356,0.15864,133
ILSVRC2012_val_00036342_with_ILSVRC2012_val_00017012_rank142,28,12,0.11591,393
ILSVRC2012_val_00036342_with_ILSVRC2012_val_00001480_rank221,86,367,0.04095,614
ILSVRC2012_val_00036342_with_ILSVRC2012_val_00004496_rank950,407,407,0.74908,0
ILSVRC2012_val_00036342_with_ILSVRC2012_val_00005125_rank155,125,125,0.72684,0
ILSVRC2012_val_00036342_with_ILSVRC2012_val_00042329_rank892,729,729,0.25052,0
ILSVRC2012_val_00036342_with_ILSVRC2012_val_00001896_rank422,558,367,0.04106,201
ILSVRC2012_val_00036342_with_ILSVRC2012_val_00036814_rank934,419,419,0.20637,0
ILSVRC2012_val_00036342_with_ILSVRC2012_val_00000538_rank812,896,896,0.76027,0
ILSVRC2012_val_00036342_with_ILSVRC2012_val_00041480_rank836,258,265,0.10649,49
ILSVRC2012_val_00036342_with_ILSVRC2012_val_00036026_rank119,394,394,0.96847,0
ILSVRC2012_val_00036342_with_ILSVRC2012_val_00040233_rank111,105,373,0.15336,37
ILSVRC2012_val_00036342_with_ILSVRC2012_val_00009549_rank529,987,987,0.67265,0
ILSVRC2012_val_00036342_with_ILSVRC2012_val_00023215_rank804,574,344,0.34306,640
ILSVRC2012_val_00036342_with_ILSVRC2012_val_00041377_rank836,258,258,0.39012,0
ILSVRC2012_val_00036342_with_ILSVRC2012_val_00002804_rank305,946,946,0.80967,0
ILSVRC2012_val_00036342_with_ILSVRC2012_val_00042777_rank185,693,562,0.09156,153
ILSVRC2012_val_00036342_with_ILSVRC2012_val_00037578_rank364,550,872,0.4898,29
ILSVRC2012_val_00036342_with_ILSVRC2012_val_00038181_rank471,306,315,0.17808,77
ILSVRC2012_val_00036342_with_ILSVRC2012_val_00025292_rank403,568,850,0.51403,6
ILSVRC2012_val_00036342_with_ILSVRC2012_val_00000864_rank608,668,367,0.05006,479
ILSVRC2012_val_00036342_with_ILSVRC2012_val_00031146_rank408,965,868,0.22687,197
ILSVRC2012_val_00036342_with_ILSVRC2012_val_00022370_rank905,400,667,0.1333,1
ILSVRC2012_val_00036342_with_ILSVRC2012_val_00006649_rank134,256,367,0.04095,124
ILSVRC2012_val_00036342_with_ILSVRC2012_val_00045024_rank700,777,879,0.39872,311
ILSVRC2012_val_00036342_with_ILSVRC2012_val_00043586_rank711,852,852,0.46072,0
ILSVRC2012_val_00036342_with_ILSVRC2012_val_00047566_rank263,244,244,0.55846,0
ILSVRC2012_val_00036342_with_ILSVRC2012_val_00032654_rank223,997,947,0.09958,1
ILSVRC2012_val_00036342_with_ILSVRC2012_val_00014554_rank888,808,36,0.07966,781
ILSVRC2012_val_00036342_with_ILSVRC2012_val_00032211_rank806,561,561,0.9926,0
ILSVRC2012_val_00036342_with_ILSVRC2012_val_00014708_rank908,332,341,0.16354,71
ILSVRC2012_val_00036342_with_ILSVRC2012_val_00021722_rank571,607,607,0.97371,0
ILSVRC2012_val_00036342_with_ILSVRC2012_val_00021028_rank909,612,367,0.04095,672
ILSVRC2012_val_00036342_with_ILSVRC2012_val_00005038_rank910,787,367,0.04095,431
ILSVRC2012_val_00036342_with_ILSVRC2012_val_00022117_rank888,808,808,0.59321,0
ILSVRC2012_val_00036342_with_ILSVRC2012_val_00039543_rank079,205,208,0.45586,5
ILSVRC2012_val_00036342_with_ILSVRC2012_val_00010926_rank498,851,827,0.52231,28
ILSVRC2012_val_00036342_with_ILSVRC2012_val_00047427_rank945,578,367,0.0408,868
ILSVRC2012_val_00036342_with_ILSVRC2012_val_00016904_rank594,572,966,0.2699,2
ILSVRC2012_val_00036342_with_ILSVRC2012_val_00047896_rank234,245,367,0.46632,153
ILSVRC2012_val_00036342_with_ILSVRC2012_val_00001223_rank210,216,216,0.43557,0
ILSVRC2012_val_00036342_with_ILSVRC2012_val_00016423_rank817,553,367,0.04095,695
ILSVRC2012_val_00036342_with_ILSVRC2012_val_00028953_rank803,875,618,0.34709,74
ILSVRC2012_val_00036342_with_ILSVRC2012_val_00013463_rank209,191,191,0.28266,0
ILSVRC2012_val_00036342_with_ILSVRC2012_val_00025543_rank239,84,84,0.99588,0
ILSVRC2012_val_00036342_with_ILSVRC2012_val_00012179_rank170,395,395,0.28418,0
ILSVRC2012_val_00036342_with_ILSVRC2012_val_00006033_rank431,539,539,0.99128,0
ILSVRC2012_val_00036342_with_ILSVRC2012_val_00026181_rank747,315,59,0.41567,16
ILSVRC2012_val_00036342_with_ILSVRC2012_val_00037579_rank274,117,117,0.98122,0
ILSVRC2012_val_00036342_with_ILSVRC2012_val_00034844_rank415,533,533,0.83887,0
ILSVRC2012_val_00036342_with_ILSVRC2012_val_00049642_rank328,218,218,0.97347,0
ILSVRC2012_val_00036342_with_ILSVRC2012_val_00028241_rank547,323,323,0.99057,0
ILSVRC2012_val_00036342_with_ILSVRC2012_val_00045109_rank706,159,367,0.04183,994
ILSVRC2012_val_00036342_with_ILSVRC2012_val_00008530_rank282,878,539,0.83362,514
ILSVRC2012_val_00036342_with_ILSVRC2012_val_00002857_rank063,369,369,0.64858,0
ILSVRC2012_val_00036342_with_ILSVRC2012_val_00035593_rank157,74,73,0.33588,2
ILSVRC2012_val_00036342_with_ILSVRC2012_val_00001395_rank623,797,367,0.04095,666
ILSVRC2012_val_00036342_with_ILSVRC2012_val_00036508_rank806,561,561,0.93511,0
ILSVRC2012_val_00036342_with_ILSVRC2012_val_00034313_rank500,742,742,0.84395,0
ILSVRC2012_val_00036342_with_ILSVRC2012_val_00028664_rank216,44,38,0.26759,2
ILSVRC2012_val_00036342_with_ILSVRC2012_val_00007584_rank829,956,367,0.04095,289
ILSVRC2012_val_00036342_with_ILSVRC2012_val_00018283_rank390,959,959,0.96126,0
ILSVRC2012_val_00036342_with_ILSVRC2012_val_00009179_rank290,408,428,0.28859,106
ILSVRC2012_val_00036342_with_ILSVRC2012_val_00020334_rank455,595,595,0.60905,0
ILSVRC2012_val_00036342_with_ILSVRC2012_val_00003619_rank585,950,950,0.9949,0
ILSVRC2012_val_00036342_with_ILSVRC2012_val_00043900_rank459,457,457,0.93333,0
ILSVRC2012_val_00036342_with_ILSVRC2012_val_00025076_rank884,709,674,0.15279,134
ILSVRC2012_val_00036342_with_ILSVRC2012_val_00025579_rank993,608,608,0.39534,0
ILSVRC2012_val_00036342_with_ILSVRC2012_val_00005110_rank369,573,573,0.67523,0
ILSVRC2012_val_00036342_with_ILSVRC2012_val_00021355_rank399,211,211,0.36378,0
ILSVRC2012_val_00036342_with_ILSVRC2012_val_00031303_rank814,585,507,0.33795,96
ILSVRC2012_val_00036342_with_ILSVRC2012_val_00045812_rank196,540,840,0.2123,350
ILSVRC2012_val_00036342_with_ILSVRC2012_val_00023518_rank529,987,738,0.17082,301
ILSVRC2012_val_00036342_with_ILSVRC2012_val_00020255_rank344,505,505,0.85808,0
ILSVRC2012_val_00036342_with_ILSVRC2012_val_00013402_rank025,145,145,0.99762,0
ILSVRC2012_val_00036342_with_ILSVRC2012_val_00043942_rank052,104,287,0.99683,18
ILSVRC2012_val_00036342_with_ILSVRC2012_val_00011448_rank323,42,42,0.5486,0
ILSVRC2012_val_00036342_with_ILSVRC2012_val_00032959_rank122,217,217,0.97437,0
ILSVRC2012_val_00036342_with_ILSVRC2012_val_00020809_rank135,341,367,0.04095,41
ILSVRC2012_val_00036342_with_ILSVRC2012_val_00039410_rank951,811,367,0.04095,490
ILSVRC2012_val_00036342_with_ILSVRC2012_val_00029593_rank789,546,546,0.38703,0
ILSVRC2012_val_00036342_with_ILSVRC2012_val_00036434_rank319,308,308,0.80665,0
ILSVRC2012_val_00036342_with_ILSVRC2012_val_00012735_rank007,298,337,0.64108,59
ILSVRC2012_val_00036342_with_ILSVRC2012_val_00006128_rank955,442,36,0.11708,835
ILSVRC2012_val_00036342_with_ILSVRC2012_val_00032830_rank109,132,132,0.64676,0
ILSVRC2012_val_00036342_with_ILSVRC2012_val_00013556_rank943,813,813,0.20873,0
ILSVRC2012_val_00036342_with_ILSVRC2012_val_00021499_rank504,321,321,0.99199,0
ILSVRC2012_val_00036342_with_ILSVRC2012_val_00012079_rank045,289,289,0.7239,0
ILSVRC2012_val_00036342_with_ILSVRC2012_val_00008035_rank109,132,367,0.04095,584
ILSVRC2012_val_00036342_with_ILSVRC2012_val_00018185_rank785,684,341,0.17095,535
ILSVRC2012_val_00036342_with_ILSVRC2012_val_00032489_rank983,892,409,0.43443,1
ILSVRC2012_val_00036342_with_ILSVRC2012_val_00017117_rank251,224,297,0.06727,25
ILSVRC2012_val_00036342_with_ILSVRC2012_val_00006722_rank080,149,344,0.17957,10
ILSVRC2012_val_00036342_with_ILSVRC2012_val_00000326_rank018,359,338,0.49881,12
ILSVRC2012_val_00036342_with_ILSVRC2012_val_00018340_rank424,715,341,0.16402,882
ILSVRC2012_val_00036342_with_ILSVRC2012_val_00032262_rank462,929,245,0.21626,254
ILSVRC2012_val_00036342_with_ILSVRC2012_val_00033510_rank083,143,143,0.99121,0
ILSVRC2012_val_00036342_with_ILSVRC2012_val_00041595_rank363,14,14,0.97531,0
ILSVRC2012_val_00036342_with_ILSVRC2012_val_00021746_rank717,507,507,0.93977,0
ILSVRC2012_val_00036342_with_ILSVRC2012_val_00044449_rank995,523,341,0.04682,238
ILSVRC2012_val_00036342_with_ILSVRC2012_val_00046104_rank704,829,829,0.96767,0
ILSVRC2012_val_00036342_with_ILSVRC2012_val_00036280_rank971,422,344,0.03503,557
ILSVRC2012_val_00036342_with_ILSVRC2012_val_00025909_rank216,44,367,0.04095,511
ILSVRC2012_val_00036342_with_ILSVRC2012_val_00024120_rank819,886,886,0.91831,0
ILSVRC2012_val_00036342_with_ILSVRC2012_val_00036904_rank564,776,776,0.12769,0
ILSVRC2012_val_00036342_with_ILSVRC2012_val_00017947_rank096,397,38,0.55673,41
ILSVRC2012_val_00036342_with_ILSVRC2012_val_00003155_rank350,57,57,0.41552,0
ILSVRC2012_val_00036342_with_ILSVRC2012_val_00048546_rank187,327,327,0.97066,0
ILSVRC2012_val_00036342_with_ILSVRC2012_val_00018036_rank309,90,90,0.99583,0
ILSVRC2012_val_00036342_with_ILSVRC2012_val_00022362_rank469,725,849,0.73088,3
ILSVRC2012_val_00036342_with_ILSVRC2012_val_00018663_rank535,682,367,0.04095,666
ILSVRC2012_val_00036342_with_ILSVRC2012_val_00011091_rank660,768,367,0.04095,482
ILSVRC2012_val_00036342_with_ILSVRC2012_val_00004374_rank189,182,182,0.65925,0
ILSVRC2012_val_00036342_with_ILSVRC2012_val_00041692_rank651,579,367,0.04095,487
ILSVRC2012_val_00036342_with_ILSVRC2012_val_00003507_rank453,782,463,0.05615,435
ILSVRC2012_val_00036342_with_ILSVRC2012_val_00013251_rank399,211,211,0.97263,0
ILSVRC2012_val_00036342_with_ILSVRC2012_val_00001754_rank591,711,367,0.04095,880
ILSVRC2012_val_00036342_with_ILSVRC2012_val_00009830_rank075,371,373,0.77312,4
ILSVRC2012_val_00036342_with_ILSVRC2012_val_00045833_rank452,985,985,0.99288,0
ILSVRC2012_val_00036342_with_ILSVRC2012_val_00006540_rank244,814,344,0.09528,69
ILSVRC2012_val_00036342_with_ILSVRC2012_val_00027674_rank058,142,142,0.67046,0
ILSVRC2012_val_00036342_with_ILSVRC2012_val_00001977_rank419,623,749,0.31276,5
ILSVRC2012_val_00036342_with_ILSVRC2012_val_00010045_rank756,428,428,0.9846,0
ILSVRC2012_val_00036342_with_ILSVRC2012_val_00048409_rank948,591,591,0.66921,0
ILSVRC2012_val_00036342_with_ILSVRC2012_val_00008640_rank218,5,5,0.99507,0
ILSVRC2012_val_00036342_with_ILSVRC2012_val_00012020_rank978,462,113,0.21383,441
ILSVRC2012_val_00036342_with_ILSVRC2012_val_00018357_rank247,234,234,0.69105,0
ILSVRC2012_val_00036342_with_ILSVRC2012_val_00021717_rank759,734,734,0.57858,0
ILSVRC2012_val_00036342_with_ILSVRC2012_val_00006355_rank208,483,562,0.12329,24
ILSVRC2012_val_00036342_with_ILSVRC2012_val_00016076_rank397,200,367,0.04095,374
ILSVRC2012_val_00036342_with_ILSVRC2012_val_00049233_rank682,677,470,0.22432,135
ILSVRC2012_val_00036342_with_ILSVRC2012_val_00004744_rank473,201,211,0.9563,92
ILSVRC2012_val_00036342_with_ILSVRC2012_val_00021811_rank390,959,923,0.25115,1
ILSVRC2012_val_00036342_with_ILSVRC2012_val_00005056_rank050,43,43,0.7776,0
ILSVRC2012_val_00036342_with_ILSVRC2012_val_00020937_rank637,560,367,0.16311,413
ILSVRC2012_val_00036342_with_ILSVRC2012_val_00028156_rank300,674,37,0.10438,411
ILSVRC2012_val_00036342_with_ILSVRC2012_val_00003922_rank242,161,356,0.14338,95
ILSVRC2012_val_00036342_with_ILSVRC2012_val_00025041_rank745,879,879,0.46691,0
ILSVRC2012_val_00036342_with_ILSVRC2012_val_00010634_rank316,51,51,0.50745,0
ILSVRC2012_val_00036342_with_ILSVRC2012_val_00006128_rank1000,494,562,0.19319,75
ILSVRC2012_val_00036342_with_ILSVRC2012_val_00027819_rank286,354,354,0.98878,0
ILSVRC2012_val_00036342_with_ILSVRC2012_val_00049910_rank587,640,835,0.70926,4
ILSVRC2012_val_00036342_with_ILSVRC2012_val_00043474_rank514,193,187,0.64623,2
ILSVRC2012_val_00036342_with_ILSVRC2012_val_00030097_rank487,236,227,0.11525,6
ILSVRC2012_val_00036342_with_ILSVRC2012_val_00010506_rank362,653,720,0.38849,17
ILSVRC2012_val_00036342_with_ILSVRC2012_val_00011332_rank708,948,948,0.928,0
ILSVRC2012_val_00036342_with_ILSVRC2012_val_00034746_rank410,694,612,0.09019,88
ILSVRC2012_val_00036342_with_ILSVRC2012_val_00044559_rank950,407,407,0.85839,0
ILSVRC2012_val_00036342_with_ILSVRC2012_val_00010151_rank366,320,313,0.24761,6
ILSVRC2012_val_00036342_with_ILSVRC2012_val_00009651_rank762,566,367,0.04339,895
ILSVRC2012_val_00036342_with_ILSVRC2012_val_00033384_rank723,937,937,0.97469,0
ILSVRC2012_val_00036342_with_ILSVRC2012_val_00019119_rank108,285,285,0.49881,0
ILSVRC2012_val_00036342_with_ILSVRC2012_val_00024919_rank609,443,443,0.24767,0
ILSVRC2012_val_00036342_with_ILSVRC2012_val_00024654_rank520,590,592,0.33198,27
ILSVRC2012_val_00036342_with_ILSVRC2012_val_00036473_rank219,355,367,0.0398,233
ILSVRC2012_val_00036342_with_ILSVRC2012_val_00042513_rank145,348,348,0.90959,0
ILSVRC2012_val_00036342_with_ILSVRC2012_val_00024128_rank013,286,286,0.99051,0
ILSVRC2012_val_00036342_with_ILSVRC2012_val_00029284_rank148,380,380,0.88548,0
ILSVRC2012_val_00036342_with_ILSVRC2012_val_00022597_rank053,22,21,0.80644,1
ILSVRC2012_val_00036342_with_ILSVRC2012_val_00027431_rank892,729,492,0.128,194
ILSVRC2012_val_00036342_with_ILSVRC2012_val_00034697_rank756,428,73,0.12162,347
ILSVRC2012_val_00036342_with_ILSVRC2012_val_00037597_rank842,514,367,0.04095,535
ILSVRC2012_val_00036342_with_ILSVRC2012_val_00000553_rank074,367,367,0.04095,0
ILSVRC2012_val_00036342_with_ILSVRC2012_val_00021985_rank950,407,407,0.97882,0
ILSVRC2012_val_00036342_with_ILSVRC2012_val_00035588_rank768,809,618,0.36545,5
ILSVRC2012_val_00036342_with_ILSVRC2012_val_00028052_rank222,202,184,0.55856,1
ILSVRC2012_val_00036342_with_ILSVRC2012_val_00039010_rank451,164,164,0.72157,0
ILSVRC2012_val_00036342_with_ILSVRC2012_val_00044243_rank517,927,927,0.42587,0
ILSVRC2012_val_00036342_with_ILSVRC2012_val_00017047_rank518,932,868,0.52169,124
ILSVRC2012_val_00036342_with_ILSVRC2012_val_00041031_rank257,237,237,0.48427,0
ILSVRC2012_val_00036342_with_ILSVRC2012_val_00024612_rank366,320,462,0.40739,268
ILSVRC2012_val_00036342_with_ILSVRC2012_val_00041137_rank066,209,209,0.96349,0
ILSVRC2012_val_00036342_with_ILSVRC2012_val_00020652_rank508,304,302,0.42518,3
ILSVRC2012_val_00036342_with_ILSVRC2012_val_00020618_rank936,919,539,0.58754,57
ILSVRC2012_val_00036342_with_ILSVRC2012_val_00026824_rank401,603,603,0.25278,0
ILSVRC2012_val_00036342_with_ILSVRC2012_val_00027833_rank131,207,154,0.5434,9
ILSVRC2012_val_00036342_with_ILSVRC2012_val_00020908_rank947,512,512,0.22743,0
ILSVRC2012_val_00036342_with_ILSVRC2012_val_00013242_rank699,431,431,0.86025,0
ILSVRC2012_val_00036342_with_ILSVRC2012_val_00022729_rank537,904,904,0.50404,0
ILSVRC2012_val_00036342_with_ILSVRC2012_val_00005163_rank900,841,843,0.70746,220
ILSVRC2012_val_00036342_with_ILSVRC2012_val_00020128_rank062,221,367,0.04095,157
ILSVRC2012_val_00036342_with_ILSVRC2012_val_00034921_rank515,310,303,0.3912,8
ILSVRC2012_val_00036342_with_ILSVRC2012_val_00017224_rank729,940,398,0.82074,433
ILSVRC2012_val_00036342_with_ILSVRC2012_val_00047120_rank800,920,695,0.13371,235
ILSVRC2012_val_00036342_with_ILSVRC2012_val_00034087_rank324,928,928,0.2998,0
ILSVRC2012_val_00036342_with_ILSVRC2012_val_00003571_rank903,778,223,0.07493,979
ILSVRC2012_val_00036342_with_ILSVRC2012_val_00020702_rank807,757,654,0.36852,2
ILSVRC2012_val_00036342_with_ILSVRC2012_val_00026255_rank694,660,367,0.04468,927
ILSVRC2012_val_00036342_with_ILSVRC2012_val_00046124_rank115,196,196,0.7324,0
ILSVRC2012_val_00036342_with_ILSVRC2012_val_00043442_rank212,227,367,0.04095,154
ILSVRC2012_val_00036342_with_ILSVRC2012_val_00009151_rank144,108,108,0.49956,0
ILSVRC2012_val_00036342_with_ILSVRC2012_val_00023574_rank185,693,472,0.38637,1
ILSVRC2012_val_00036342_with_ILSVRC2012_val_00031661_rank921,534,519,0.24601,94
ILSVRC2012_val_00036342_with_ILSVRC2012_val_00004054_rank644,513,513,0.179,0
ILSVRC2012_val_00036342_with_ILSVRC2012_val_00005425_rank779,665,665,0.08329,0
ILSVRC2012_val_00036342_with_ILSVRC2012_val_00015450_rank306,134,134,0.31603,0
ILSVRC2012_val_00036342_with_ILSVRC2012_val_00047920_rank021,106,106,0.87958,0
ILSVRC2012_val_00036342_with_ILSVRC2012_val_00035937_rank875,515,562,0.06779,723
ILSVRC2012_val_00036342_with_ILSVRC2012_val_00010031_rank482,184,184,0.75058,0
ILSVRC2012_val_00036342_with_ILSVRC2012_val_00035186_rank130,329,367,0.04169,930
ILSVRC2012_val_00036342_with_ILSVRC2012_val_00002184_rank311,958,344,0.22318,99
ILSVRC2012_val_00036342_with_ILSVRC2012_val_00010547_rank680,663,743,0.18727,11
ILSVRC2012_val_00036342_with_ILSVRC2012_val_00041099_rank668,842,842,0.19224,0
ILSVRC2012_val_00036342_with_ILSVRC2012_val_00020400_rank661,482,482,0.47306,0
ILSVRC2012_val_00036342_with_ILSVRC2012_val_00033804_rank707,867,867,0.81307,0
ILSVRC2012_val_00036342_with_ILSVRC2012_val_00046442_rank591,711,551,0.4295,4
ILSVRC2012_val_00036342_with_ILSVRC2012_val_00032696_rank935,644,338,0.07154,458
ILSVRC2012_val_00036342_with_ILSVRC2012_val_00002391_rank679,410,695,0.34945,334
ILSVRC2012_val_00036342_with_ILSVRC2012_val_00012964_rank422,558,558,0.83192,0
ILSVRC2012_val_00036342_with_ILSVRC2012_val_00016016_rank206,130,130,0.99819,0
ILSVRC2012_val_00036342_with_ILSVRC2012_val_00010747_rank047,387,387,0.99744,0
ILSVRC2012_val_00036342_with_ILSVRC2012_val_00045416_rank338,991,991,0.06035,0
ILSVRC2012_val_00036342_with_ILSVRC2012_val_00010995_rank162,283,283,0.97645,0
ILSVRC2012_val_00036342_with_ILSVRC2012_val_00000542_rank968,542,644,0.26,4
ILSVRC2012_val_00036342_with_ILSVRC2012_val_00008907_rank006,103,103,0.99085,0
ILSVRC2012_val_00036342_with_ILSVRC2012_val_00015639_rank982,456,344,0.05091,479
ILSVRC2012_val_00036342_with_ILSVRC2012_val_00033841_rank106,365,8,0.37416,96
ILSVRC2012_val_00036342_with_ILSVRC2012_val_00038578_rank094,386,344,0.05674,6
ILSVRC2012_val_00036342_with_ILSVRC2012_val_00027021_rank327,686,686,0.59107,0
ILSVRC2012_val_00036342_with_ILSVRC2012_val_00020500_rank841,656,468,0.0986,7
ILSVRC2012_val_00036342_with_ILSVRC2012_val_00020195_rank375,547,547,0.97617,0
ILSVRC2012_val_00036342_with_ILSVRC2012_val_00036589_rank127,77,367,0.07767,456
ILSVRC2012_val_00036342_with_ILSVRC2012_val_00021702_rank771,541,572,0.29551,52
ILSVRC2012_val_00036342_with_ILSVRC2012_val_00011117_rank252,825,825,0.25304,0
ILSVRC2012_val_00036342_with_ILSVRC2012_val_00007495_rank689,785,813,0.12631,51
ILSVRC2012_val_00036342_with_ILSVRC2012_val_00005236_rank441,977,144,0.14394,56
ILSVRC2012_val_00036342_with_ILSVRC2012_val_00000990_rank140,328,328,0.99087,0
ILSVRC2012_val_00036342_with_ILSVRC2012_val_00019578_rank057,30,30,0.97358,0
ILSVRC2012_val_00036342_with_ILSVRC2012_val_00030539_rank477,173,341,0.78903,81
ILSVRC2012_val_00036342_with_ILSVRC2012_val_00047125_rank421,162,162,0.54527,0
ILSVRC2012_val_00036342_with_ILSVRC2012_val_00042395_rank568,930,930,0.80682,0
ILSVRC2012_val_00036342_with_ILSVRC2012_val_00041115_rank212,227,227,0.41667,0
ILSVRC2012_val_00036342_with_ILSVRC2012_val_00027829_rank489,60,600,0.13268,94
ILSVRC2012_val_00036342_with_ILSVRC2012_val_00002159_rank532,662,662,0.83899,0
ILSVRC2012_val_00036342_with_ILSVRC2012_val_00012703_rank641,864,864,0.9182,0
ILSVRC2012_val_00036342_with_ILSVRC2012_val_00035079_rank349,888,462,0.64092,722
ILSVRC2012_val_00036342_with_ILSVRC2012_val_00013479_rank258,248,279,0.31643,14
ILSVRC2012_val_00036342_with_ILSVRC2012_val_00040394_rank908,332,341,0.92199,71
ILSVRC2012_val_00036342_with_ILSVRC2012_val_00016339_rank802,915,632,0.68223,880
ILSVRC2012_val_00036342_with_ILSVRC2012_val_00007364_rank523,759,622,0.10792,2
ILSVRC2012_val_00036342_with_ILSVRC2012_val_00007876_rank842,514,514,0.61415,0
ILSVRC2012_val_00036342_with_ILSVRC2012_val_00048783_rank222,202,265,0.3802,35
ILSVRC2012_val_00036342_with_ILSVRC2012_val_00028538_rank681,925,925,0.93131,0
ILSVRC2012_val_00036342_with_ILSVRC2012_val_00030936_rank368,300,14,0.0411,74
ILSVRC2012_val_00036342_with_ILSVRC2012_val_00040888_rank995,523,542,0.14564,14
ILSVRC2012_val_00036342_with_ILSVRC2012_val_00029158_rank663,783,367,0.04095,219
ILSVRC2012_val_00036342_with_ILSVRC2012_val_00046683_rank302,223,284,0.53589,32
ILSVRC2012_val_00036342_with_ILSVRC2012_val_00041998_rank158,219,220,0.88207,1
ILSVRC2012_val_00036342_with_ILSVRC2012_val_00035137_rank113,385,268,0.54584,21
ILSVRC2012_val_00036342_with_ILSVRC2012_val_00013101_rank213,69,367,0.04095,392
ILSVRC2012_val_00036342_with_ILSVRC2012_val_00004174_rank818,769,647,0.62935,9
ILSVRC2012_val_00036342_with_ILSVRC2012_val_00033395_rank822,601,887,0.13267,10
ILSVRC2012_val_00036342_with_ILSVRC2012_val_00010409_rank262,11,11,0.99603,0
ILSVRC2012_val_00036342_with_ILSVRC2012_val_00016902_rank068,195,195,0.93882,0
ILSVRC2012_val_00036342_with_ILSVRC2012_val_00024826_rank658,450,450,0.99468,0
ILSVRC2012_val_00036342_with_ILSVRC2012_val_00010002_rank177,129,129,0.75434,0
ILSVRC2012_val_00036342_with_ILSVRC2012_val_00028050_rank079,205,227,0.10013,22
ILSVRC2012_val_00036342_with_ILSVRC2012_val_00000459_rank821,414,85,0.05053,770
ILSVRC2012_val_00036342_with_ILSVRC2012_val_00020247_rank687,863,344,0.30636,327
ILSVRC2012_val_00036342_with_ILSVRC2012_val_00015823_rank350,57,57,0.80302,0
ILSVRC2012_val_00036342_with_ILSVRC2012_val_00026243_rank484,961,695,0.18598,967
ILSVRC2012_val_00036342_with_ILSVRC2012_val_00013871_rank638,857,857,0.22104,0
ILSVRC2012_val_00036342_with_ILSVRC2012_val_00026649_rank712,845,845,0.10094,0
ILSVRC2012_val_00036342_with_ILSVRC2012_val_00043067_rank084,375,375,0.59167,0
ILSVRC2012_val_00036342_with_ILSVRC2012_val_00015214_rank663,783,562,0.39524,461
ILSVRC2012_val_00036342_with_ILSVRC2012_val_00044343_rank099,288,288,0.57269,0
ILSVRC2012_val_00036342_with_ILSVRC2012_val_00022271_rank168,510,510,0.43422,0
ILSVRC2012_val_00036342_with_ILSVRC2012_val_00025699_rank877,447,447,0.9967,0
ILSVRC2012_val_00036342_with_ILSVRC2012_val_00047105_rank156,33,43,0.29578,126
ILSVRC2012_val_00036342_with_ILSVRC2012_val_00043945_rank172,379,367,0.49466,15
ILSVRC2012_val_00036342_with_ILSVRC2012_val_00018618_rank216,44,367,0.04095,511
ILSVRC2012_val_00036342_with_ILSVRC2012_val_00045719_rank963,520,529,0.08217,8
ILSVRC2012_val_00036342_with_ILSVRC2012_val_00042050_rank919,890,805,0.30952,2
ILSVRC2012_val_00036342_with_ILSVRC2012_val_00007157_rank174,107,433,0.13464,170
ILSVRC2012_val_00036342_with_ILSVRC2012_val_00039709_rank836,258,258,0.59624,0
ILSVRC2012_val_00036342_with_ILSVRC2012_val_00001569_rank383,839,718,0.27964,2
ILSVRC2012_val_00036342_with_ILSVRC2012_val_00011394_rank209,191,184,0.15024,2
ILSVRC2012_val_00036342_with_ILSVRC2012_val_00012083_rank905,400,367,0.04095,255
ILSVRC2012_val_00036342_with_ILSVRC2012_val_00008817_rank800,920,920,0.17892,0
ILSVRC2012_val_00036342_with_ILSVRC2012_val_00006117_rank649,713,713,0.96865,0
ILSVRC2012_val_00036342_with_ILSVRC2012_val_00035350_rank929,655,439,0.32851,62
ILSVRC2012_val_00036342_with_ILSVRC2012_val_00040873_rank978,462,50,0.12782,900
ILSVRC2012_val_00036342_with_ILSVRC2012_val_00028283_rank312,110,110,0.96091,0
ILSVRC2012_val_00036342_with_ILSVRC2012_val_00045044_rank175,220,219,0.19371,3
ILSVRC2012_val_00036342_with_ILSVRC2012_val_00047278_rank182,973,328,0.18849,12
ILSVRC2012_val_00036342_with_ILSVRC2012_val_00001421_rank426,303,303,0.44653,0
ILSVRC2012_val_00036342_with_ILSVRC2012_val_00031701_rank724,824,608,0.09514,20
ILSVRC2012_val_00036342_with_ILSVRC2012_val_00011815_rank417,604,604,0.99612,0
ILSVRC2012_val_00036342_with_ILSVRC2012_val_00015777_rank664,943,943,0.35593,0
ILSVRC2012_val_00036342_with_ILSVRC2012_val_00048174_rank085,297,297,0.47365,0
ILSVRC2012_val_00036342_with_ILSVRC2012_val_00005422_rank707,867,586,0.25099,28
ILSVRC2012_val_00036342_with_ILSVRC2012_val_00022492_rank051,135,135,0.9543,0
ILSVRC2012_val_00036342_with_ILSVRC2012_val_00009873_rank619,701,199,0.06384,955
ILSVRC2012_val_00036342_with_ILSVRC2012_val_00044304_rank600,583,135,0.2505,800
ILSVRC2012_val_00036342_with_ILSVRC2012_val_00044855_rank465,31,367,0.04095,269
ILSVRC2012_val_00036342_with_ILSVRC2012_val_00005537_rank846,747,412,0.14573,87
ILSVRC2012_val_00036342_with_ILSVRC2012_val_00030581_rank577,827,367,0.04108,742
ILSVRC2012_val_00036342_with_ILSVRC2012_val_00039693_rank538,741,462,0.06031,137
ILSVRC2012_val_00036342_with_ILSVRC2012_val_00020596_rank035,48,48,0.99289,0
ILSVRC2012_val_00036342_with_ILSVRC2012_val_00007614_rank708,948,948,0.98259,0
ILSVRC2012_val_00036342_with_ILSVRC2012_val_00034772_rank285,437,367,0.04095,854
ILSVRC2012_val_00036342_with_ILSVRC2012_val_00011682_rank114,210,210,0.97741,0
ILSVRC2012_val_00036342_with_ILSVRC2012_val_00025743_rank567,803,595,0.11545,10
ILSVRC2012_val_00036342_with_ILSVRC2012_val_00025656_rank876,866,866,0.53908,0
ILSVRC2012_val_00036342_with_ILSVRC2012_val_00027409_rank896,761,487,0.59276,1
ILSVRC2012_val_00036342_with_ILSVRC2012_val_00026995_rank084,375,367,0.04095,12
ILSVRC2012_val_00036342_with_ILSVRC2012_val_00049830_rank040,342,342,0.64083,0
ILSVRC2012_val_00036342_with_ILSVRC2012_val_00010259_rank676,516,516,0.97909,0
ILSVRC2012_val_00036342_with_ILSVRC2012_val_00042574_rank649,713,485,0.41389,21
ILSVRC2012_val_00036342_with_ILSVRC2012_val_00028683_rank477,173,171,0.35694,6
ILSVRC2012_val_00036342_with_ILSVRC2012_val_00049618_rank005,356,367,0.04095,310
ILSVRC2012_val_00036342_with_ILSVRC2012_val_00031747_rank267,268,268,0.99399,0
ILSVRC2012_val_00036342_with_ILSVRC2012_val_00002338_rank082,2,904,0.08662,465
ILSVRC2012_val_00036342_with_ILSVRC2012_val_00030231_rank805,629,551,0.3736,1
ILSVRC2012_val_00036342_with_ILSVRC2012_val_00029825_rank167,273,274,0.4367,4
ILSVRC2012_val_00036342_with_ILSVRC2012_val_00002173_rank920,796,367,0.25766,77
ILSVRC2012_val_00036342_with_ILSVRC2012_val_00020710_rank128,21,87,0.67286,23
ILSVRC2012_val_00036342_with_ILSVRC2012_val_00021374_rank859,504,968,0.55781,1
ILSVRC2012_val_00036342_with_ILSVRC2012_val_00016246_rank620,474,369,0.10867,794
ILSVRC2012_val_00036342_with_ILSVRC2012_val_00035696_rank298,326,344,0.04649,407
ILSVRC2012_val_00036342_with_ILSVRC2012_val_00040903_rank019,20,20,0.87476,0
ILSVRC2012_val_00036342_with_ILSVRC2012_val_00017422_rank779,665,670,0.49692,1
ILSVRC2012_val_00036342_with_ILSVRC2012_val_00042193_rank107,133,133,0.21391,0
ILSVRC2012_val_00036342_with_ILSVRC2012_val_00004490_rank475,874,705,0.48244,3
ILSVRC2012_val_00036342_with_ILSVRC2012_val_00031329_rank475,874,874,0.76509,0
ILSVRC2012_val_00036342_with_ILSVRC2012_val_00036041_rank908,332,332,0.99834,0
ILSVRC2012_val_00036342_with_ILSVRC2012_val_00024902_rank123,291,282,0.56058,36
ILSVRC2012_val_00036342_with_ILSVRC2012_val_00026736_rank706,159,184,0.28912,15
ILSVRC2012_val_00036342_with_ILSVRC2012_val_00028292_rank158,219,219,0.95631,0
ILSVRC2012_val_00036342_with_ILSVRC2012_val_00030931_rank644,513,870,0.1897,72
ILSVRC2012_val_00036342_with_ILSVRC2012_val_00013563_rank062,221,265,0.56933,22
ILSVRC2012_val_00036342_with_ILSVRC2012_val_00028991_rank140,328,328,0.98615,0
ILSVRC2012_val_00036342_with_ILSVRC2012_val_00036558_rank579,710,710,0.4909,0
ILSVRC2012_val_00036342_with_ILSVRC2012_val_00004861_rank020,334,213,0.08073,195
ILSVRC2012_val_00036342_with_ILSVRC2012_val_00045891_rank038,295,295,0.63753,0
ILSVRC2012_val_00036342_with_ILSVRC2012_val_00003799_rank921,534,534,0.25626,0
ILSVRC2012_val_00036342_with_ILSVRC2012_val_00031370_rank010,358,358,0.41733,0
ILSVRC2012_val_00036342_with_ILSVRC2012_val_00008442_rank941,700,999,0.80349,1
ILSVRC2012_val_00036342_with_ILSVRC2012_val_00044984_rank800,920,920,0.15773,0
ILSVRC2012_val_00036342_with_ILSVRC2012_val_00012382_rank374,746,367,0.0628,433
ILSVRC2012_val_00036342_with_ILSVRC2012_val_00047192_rank775,451,695,0.17805,107
ILSVRC2012_val_00036342_with_ILSVRC2012_val_00023063_rank585,950,950,0.98189,0
ILSVRC2012_val_00036342_with_ILSVRC2012_val_00005536_rank396,79,71,0.32324,1
ILSVRC2012_val_00036342_with_ILSVRC2012_val_00026053_rank282,878,878,0.47026,0
ILSVRC2012_val_00036342_with_ILSVRC2012_val_00047690_rank103,272,50,0.31401,230
ILSVRC2012_val_00036342_with_ILSVRC2012_val_00016903_rank958,823,676,0.12939,296
ILSVRC2012_val_00036342_with_ILSVRC2012_val_00032218_rank778,529,199,0.03134,409
ILSVRC2012_val_00036342_with_ILSVRC2012_val_00037424_rank622,945,945,0.99701,0
ILSVRC2012_val_00036342_with_ILSVRC2012_val_00004401_rank343,126,8,0.071,821
ILSVRC2012_val_00036342_with_ILSVRC2012_val_00048176_rank812,896,999,0.3347,8
ILSVRC2012_val_00036342_with_ILSVRC2012_val_00036597_rank008,294,294,0.86718,0
ILSVRC2012_val_00036342_with_ILSVRC2012_val_00027530_rank452,985,985,0.47084,0
ILSVRC2012_val_00036342_with_ILSVRC2012_val_00048133_rank351,618,562,0.1278,106
ILSVRC2012_val_00036342_with_ILSVRC2012_val_00025287_rank396,79,79,0.7316,0
ILSVRC2012_val_00036342_with_ILSVRC2012_val_00009143_rank899,641,616,0.52368,138
ILSVRC2012_val_00036342_with_ILSVRC2012_val_00009988_rank206,130,130,0.16364,0
ILSVRC2012_val_00036342_with_ILSVRC2012_val_00002878_rank358,212,212,0.74923,0
ILSVRC2012_val_00036342_with_ILSVRC2012_val_00031306_rank313,266,265,0.62881,1
ILSVRC2012_val_00036342_with_ILSVRC2012_val_00019798_rank502,679,44,0.45382,333
ILSVRC2012_val_00036342_with_ILSVRC2012_val_00048955_rank238,190,188,0.43148,2
ILSVRC2012_val_00036342_with_ILSVRC2012_val_00032825_rank796,489,50,0.105,105
ILSVRC2012_val_00036342_with_ILSVRC2012_val_00036457_rank380,138,138,0.95266,0
ILSVRC2012_val_00036342_with_ILSVRC2012_val_00029106_rank759,734,440,0.15449,481
ILSVRC2012_val_00036342_with_ILSVRC2012_val_00013791_rank384,988,988,0.98837,0
ILSVRC2012_val_00036342_with_ILSVRC2012_val_00033535_rank773,758,113,0.3717,255
ILSVRC2012_val_00036342_with_ILSVRC2012_val_00019839_rank988,602,344,0.0477,841
ILSVRC2012_val_00036342_with_ILSVRC2012_val_00025652_rank472,246,246,0.67729,0
ILSVRC2012_val_00036342_with_ILSVRC2012_val_00019748_rank545,791,791,0.98907,0
ILSVRC2012_val_00036342_with_ILSVRC2012_val_00044545_rank792,770,770,0.41691,0
ILSVRC2012_val_00036342_with_ILSVRC2012_val_00023274_rank502,679,367,0.04091,760
ILSVRC2012_val_00036342_with_ILSVRC2012_val_00038101_rank697,822,822,0.90546,0
ILSVRC2012_val_00036342_with_ILSVRC2012_val_00006931_rank148,380,377,0.14801,1
ILSVRC2012_val_00036342_with_ILSVRC2012_val_00012333_rank710,564,367,0.04095,401
ILSVRC2012_val_00036342_with_ILSVRC2012_val_00021186_rank652,470,470,0.23352,0
ILSVRC2012_val_00036342_with_ILSVRC2012_val_00014101_rank302,223,223,0.94218,0
ILSVRC2012_val_00036342_with_ILSVRC2012_val_00043262_rank849,642,642,0.89857,0
ILSVRC2012_val_00036342_with_ILSVRC2012_val_00029751_rank131,207,207,0.6142,0
ILSVRC2012_val_00036342_with_ILSVRC2012_val_00002282_rank094,386,386,0.44822,0
ILSVRC2012_val_00036342_with_ILSVRC2012_val_00043245_rank024,58,38,0.39091,92
ILSVRC2012_val_00036342_with_ILSVRC2012_val_00007739_rank785,684,684,0.99806,0
ILSVRC2012_val_00036342_with_ILSVRC2012_val_00007883_rank827,643,367,0.1522,110
ILSVRC2012_val_00036342_with_ILSVRC2012_val_00020217_rank339,376,367,0.04095,61
ILSVRC2012_val_00036342_with_ILSVRC2012_val_00034823_rank259,198,367,0.04095,112
ILSVRC2012_val_00036342_with_ILSVRC2012_val_00027040_rank808,868,868,0.81549,0
ILSVRC2012_val_00036342_with_ILSVRC2012_val_00014320_rank247,234,237,0.51847,4
ILSVRC2012_val_00036342_with_ILSVRC2012_val_00046740_rank413,46,46,0.49548,0
ILSVRC2012_val_00036342_with_ILSVRC2012_val_00036604_rank480,724,833,0.21383,12
ILSVRC2012_val_00036342_with_ILSVRC2012_val_00015689_rank619,701,879,0.30066,6
ILSVRC2012_val_00036342_with_ILSVRC2012_val_00003469_rank878,487,487,0.34209,0
ILSVRC2012_val_00036342_with_ILSVRC2012_val_00028840_rank459,457,290,0.20538,638
ILSVRC2012_val_00036342_with_ILSVRC2012_val_00030876_rank250,229,229,0.51038,0
ILSVRC2012_val_00036342_with_ILSVRC2012_val_00030010_rank141,80,23,0.21038,10
ILSVRC2012_val_00036342_with_ILSVRC2012_val_00003684_rank734,413,413,0.86254,0
ILSVRC2012_val_00036342_with_ILSVRC2012_val_00009910_rank249,115,115,0.09298,0
ILSVRC2012_val_00036342_with_ILSVRC2012_val_00008869_rank731,721,721,0.44048,0
ILSVRC2012_val_00036342_with_ILSVRC2012_val_00037070_rank297,7,7,0.93589,0
ILSVRC2012_val_00036342_with_ILSVRC2012_val_00001161_rank187,327,327,0.77285,0
ILSVRC2012_val_00036342_with_ILSVRC2012_val_00043978_rank413,46,40,0.38063,1
ILSVRC2012_val_00036342_with_ILSVRC2012_val_00016209_rank812,896,11,0.89245,439
ILSVRC2012_val_00036342_with_ILSVRC2012_val_00031128_rank326,302,326,0.32438,36
ILSVRC2012_val_00036342_with_ILSVRC2012_val_00013501_rank836,258,367,0.04095,707
ILSVRC2012_val_00036342_with_ILSVRC2012_val_00002269_rank838,652,413,0.39253,7
ILSVRC2012_val_00036342_with_ILSVRC2012_val_00045152_rank801,671,587,0.08936,674
ILSVRC2012_val_00036342_with_ILSVRC2012_val_00002658_rank043,139,139,0.90167,0
ILSVRC2012_val_00036342_with_ILSVRC2012_val_00045798_rank853,779,779,0.98043,0
ILSVRC2012_val_00036342_with_ILSVRC2012_val_00007995_rank645,122,122,0.51795,0
ILSVRC2012_val_00036342_with_ILSVRC2012_val_00020830_rank210,216,212,0.74045,2
ILSVRC2012_val_00036342_with_ILSVRC2012_val_00001152_rank592,260,260,0.99437,0
ILSVRC2012_val_00036342_with_ILSVRC2012_val_00014737_rank951,811,753,0.61408,1
ILSVRC2012_val_00036342_with_ILSVRC2012_val_00042761_rank552,661,695,0.12485,904
ILSVRC2012_val_00036342_with_ILSVRC2012_val_00020496_rank740,893,539,0.23075,29
ILSVRC2012_val_00036342_with_ILSVRC2012_val_00027290_rank509,168,159,0.60995,1
ILSVRC2012_val_00036342_with_ILSVRC2012_val_00016483_rank098,281,281,0.54819,0
ILSVRC2012_val_00036342_with_ILSVRC2012_val_00006802_rank945,578,562,0.75583,238
ILSVRC2012_val_00036342_with_ILSVRC2012_val_00042475_rank070,274,367,0.04095,157
ILSVRC2012_val_00036342_with_ILSVRC2012_val_00041964_rank999,719,719,0.97525,0
ILSVRC2012_val_00036342_with_ILSVRC2012_val_00049077_rank177,129,129,0.99686,0
ILSVRC2012_val_00036342_with_ILSVRC2012_val_00010338_rank458,921,855,0.58634,117
ILSVRC2012_val_00036342_with_ILSVRC2012_val_00049448_rank159,63,52,0.75695,7
ILSVRC2012_val_00036342_with_ILSVRC2012_val_00038976_rank108,285,282,0.51632,2
ILSVRC2012_val_00036342_with_ILSVRC2012_val_00017037_rank644,513,778,0.52193,311
ILSVRC2012_val_00036342_with_ILSVRC2012_val_00046907_rank568,930,930,0.97024,0
ILSVRC2012_val_00036342_with_ILSVRC2012_val_00013384_rank571,607,607,0.99819,0
ILSVRC2012_val_00036342_with_ILSVRC2012_val_00004358_rank397,200,186,0.30372,39
ILSVRC2012_val_00036342_with_ILSVRC2012_val_00005798_rank732,817,817,0.87958,0
ILSVRC2012_val_00036342_with_ILSVRC2012_val_00003761_rank731,721,868,0.20416,29
ILSVRC2012_val_00036342_with_ILSVRC2012_val_00031179_rank056,34,61,0.57471,122
ILSVRC2012_val_00036342_with_ILSVRC2012_val_00010529_rank857,714,714,0.49222,0
ILSVRC2012_val_00036342_with_ILSVRC2012_val_00021723_rank012,336,367,0.04095,116
ILSVRC2012_val_00036342_with_ILSVRC2012_val_00047289_rank830,259,231,0.13524,13
ILSVRC2012_val_00036342_with_ILSVRC2012_val_00009458_rank196,540,562,0.18924,326
ILSVRC2012_val_00036342_with_ILSVRC2012_val_00002637_rank497,847,847,0.86223,0
ILSVRC2012_val_00036342_with_ILSVRC2012_val_00048299_rank418,68,66,0.45038,1
ILSVRC2012_val_00036342_with_ILSVRC2012_val_00039285_rank714,835,367,0.21953,524
ILSVRC2012_val_00036342_with_ILSVRC2012_val_00020058_rank086,177,177,0.96171,0
ILSVRC2012_val_00036342_with_ILSVRC2012_val_00035164_rank147,280,356,0.12384,23
ILSVRC2012_val_00036342_with_ILSVRC2012_val_00019505_rank669,666,61,0.20332,149
ILSVRC2012_val_00036342_with_ILSVRC2012_val_00047888_rank820,555,569,0.77879,5
ILSVRC2012_val_00036342_with_ILSVRC2012_val_00039258_rank607,936,936,0.90317,0
ILSVRC2012_val_00036342_with_ILSVRC2012_val_00042225_rank418,68,68,0.50802,0
ILSVRC2012_val_00036342_with_ILSVRC2012_val_00028702_rank066,209,184,0.40294,14
ILSVRC2012_val_00036342_with_ILSVRC2012_val_00039697_rank091,349,350,0.58569,2
ILSVRC2012_val_00036342_with_ILSVRC2012_val_00007590_rank772,749,94,0.27826,238
ILSVRC2012_val_00036342_with_ILSVRC2012_val_00044625_rank047,387,387,0.99773,0
ILSVRC2012_val_00036342_with_ILSVRC2012_val_00040462_rank623,797,797,0.911,0
ILSVRC2012_val_00036342_with_ILSVRC2012_val_00019291_rank805,629,629,0.97516,0
ILSVRC2012_val_00036342_with_ILSVRC2012_val_00016420_rank251,224,367,0.04103,38
ILSVRC2012_val_00036342_with_ILSVRC2012_val_00018515_rank669,666,876,0.35595,93
ILSVRC2012_val_00036342_with_ILSVRC2012_val_00042607_rank951,811,195,0.51585,151
ILSVRC2012_val_00036342_with_ILSVRC2012_val_00026753_rank923,869,843,0.12492,953
ILSVRC2012_val_00036342_with_ILSVRC2012_val_00030974_rank573,906,199,0.02657,258
ILSVRC2012_val_00036342_with_ILSVRC2012_val_00029369_rank480,724,314,0.21868,540
ILSVRC2012_val_00036342_with_ILSVRC2012_val_00016107_rank603,923,969,0.16845,39
ILSVRC2012_val_00036342_with_ILSVRC2012_val_00041857_rank556,402,459,0.07712,264
ILSVRC2012_val_00036342_with_ILSVRC2012_val_00039058_rank032,102,102,0.7871,0
ILSVRC2012_val_00036342_with_ILSVRC2012_val_00022883_rank905,400,400,0.68754,0
ILSVRC2012_val_00036342_with_ILSVRC2012_val_00006534_rank184,536,367,0.04095,928
ILSVRC2012_val_00036342_with_ILSVRC2012_val_00011846_rank318,389,389,0.89429,0
ILSVRC2012_val_00036342_with_ILSVRC2012_val_00030671_rank650,186,184,0.34774,8
ILSVRC2012_val_00036342_with_ILSVRC2012_val_00017185_rank270,27,26,0.4547,1
ILSVRC2012_val_00036342_with_ILSVRC2012_val_00023113_rank488,265,189,0.39,8
ILSVRC2012_val_00036342_with_ILSVRC2012_val_00014079_rank916,807,367,0.04095,654
ILSVRC2012_val_00036342_with_ILSVRC2012_val_00038384_rank829,956,956,0.99912,0
ILSVRC2012_val_00036342_with_ILSVRC2012_val_00010809_rank554,425,876,0.27686,218
ILSVRC2012_val_00036342_with_ILSVRC2012_val_00018731_rank438,922,458,0.60462,4
ILSVRC2012_val_00036342_with_ILSVRC2012_val_00045363_rank198,213,213,0.23732,0
ILSVRC2012_val_00036342_with_ILSVRC2012_val_00030533_rank382,756,367,0.04095,697
ILSVRC2012_val_00036342_with_ILSVRC2012_val_00019429_rank089,99,94,0.11215,237
ILSVRC2012_val_00036342_with_ILSVRC2012_val_00017307_rank756,428,870,0.09212,2
ILSVRC2012_val_00036342_with_ILSVRC2012_val_00041892_rank271,123,123,0.32024,0
ILSVRC2012_val_00036342_with_ILSVRC2012_val_00031652_rank530,806,806,0.94305,0
ILSVRC2012_val_00036342_with_ILSVRC2012_val_00016117_rank088,381,381,0.62806,0
ILSVRC2012_val_00036342_with_ILSVRC2012_val_00037029_rank766,752,752,0.85256,0
ILSVRC2012_val_00036342_with_ILSVRC2012_val_00033411_rank346,669,728,0.15113,24
ILSVRC2012_val_00036342_with_ILSVRC2012_val_00004186_rank189,182,182,0.79271,0
ILSVRC2012_val_00036342_with_ILSVRC2012_val_00001327_rank993,608,774,0.33198,6
ILSVRC2012_val_00036342_with_ILSVRC2012_val_00029898_rank322,990,990,0.87226,0
ILSVRC2012_val_00036342_with_ILSVRC2012_val_00031257_rank802,915,915,0.99902,0
ILSVRC2012_val_00036342_with_ILSVRC2012_val_00026795_rank914,444,444,0.96365,0
ILSVRC2012_val_00036342_with_ILSVRC2012_val_00011738_rank049,284,284,0.97619,0
ILSVRC2012_val_00036342_with_ILSVRC2012_val_00040641_rank491,189,201,0.65657,21
ILSVRC2012_val_00036342_with_ILSVRC2012_val_00003653_rank710,564,367,0.04403,401
ILSVRC2012_val_00036342_with_ILSVRC2012_val_00041171_rank076,136,16,0.13297,40
ILSVRC2012_val_00036342_with_ILSVRC2012_val_00038288_rank393,92,92,0.98927,0
ILSVRC2012_val_00036342_with_ILSVRC2012_val_00026628_rank599,873,743,0.16015,60
ILSVRC2012_val_00036342_with_ILSVRC2012_val_00021132_rank646,689,904,0.13407,119
ILSVRC2012_val_00036342_with_ILSVRC2012_val_00003457_rank743,763,763,0.92923,0
ILSVRC2012_val_00036342_with_ILSVRC2012_val_00035018_rank852,468,468,0.9872,0
ILSVRC2012_val_00036342_with_ILSVRC2012_val_00020067_rank767,816,338,0.08714,83
ILSVRC2012_val_00036342_with_ILSVRC2012_val_00035764_rank435,169,367,0.06252,221
ILSVRC2012_val_00036342_with_ILSVRC2012_val_00000374_rank789,546,546,0.48958,0
ILSVRC2012_val_00036342_with_ILSVRC2012_val_00017490_rank190,39,47,0.77576,5
ILSVRC2012_val_00036342_with_ILSVRC2012_val_00027579_rank885,230,231,0.38104,1
ILSVRC2012_val_00036342_with_ILSVRC2012_val_00005873_rank361,94,94,0.98312,0
ILSVRC2012_val_00036342_with_ILSVRC2012_val_00035179_rank554,425,580,0.06913,15
ILSVRC2012_val_00036342_with_ILSVRC2012_val_00046484_rank631,812,971,0.23848,801
ILSVRC2012_val_00036342_with_ILSVRC2012_val_00033925_rank547,323,323,0.98911,0
ILSVRC2012_val_00036342_with_ILSVRC2012_val_00007558_rank201,65,65,0.94263,0
ILSVRC2012_val_00036342_with_ILSVRC2012_val_00035893_rank706,159,159,0.65535,0
ILSVRC2012_val_00036342_with_ILSVRC2012_val_00022000_rank069,331,331,0.58391,0
ILSVRC2012_val_00036342_with_ILSVRC2012_val_00001231_rank486,993,993,0.91434,0
ILSVRC2012_val_00036342_with_ILSVRC2012_val_00012773_rank302,223,208,0.32842,17
ILSVRC2012_val_00036342_with_ILSVRC2012_val_00035381_rank514,193,201,0.2677,1
ILSVRC2012_val_00036342_with_ILSVRC2012_val_00008385_rank839,659,579,0.16522,865
ILSVRC2012_val_00036342_with_ILSVRC2012_val_00010781_rank1000,494,367,0.04095,722
ILSVRC2012_val_00036342_with_ILSVRC2012_val_00028337_rank420,393,361,0.12424,752
ILSVRC2012_val_00036342_with_ILSVRC2012_val_00018028_rank451,164,367,0.04095,93
ILSVRC2012_val_00036342_with_ILSVRC2012_val_00044876_rank028,388,388,0.92256,0
ILSVRC2012_val_00036342_with_ILSVRC2012_val_00007042_rank370,972,23,0.04678,109
ILSVRC2012_val_00036342_with_ILSVRC2012_val_00019881_rank403,568,367,0.04095,225
ILSVRC2012_val_00036342_with_ILSVRC2012_val_00014825_rank027,279,279,0.99616,0
ILSVRC2012_val_00036342_with_ILSVRC2012_val_00018287_rank716,411,356,0.03523,989
ILSVRC2012_val_00036342_with_ILSVRC2012_val_00014156_rank909,612,870,0.69594,2
ILSVRC2012_val_00036342_with_ILSVRC2012_val_00030232_rank434,964,964,0.76642,0
ILSVRC2012_val_00036342_with_ILSVRC2012_val_00005158_rank308,319,315,0.20288,16
ILSVRC2012_val_00036342_with_ILSVRC2012_val_00027744_rank414,951,950,0.77083,1
ILSVRC2012_val_00036342_with_ILSVRC2012_val_00029288_rank546,384,368,0.38473,7
ILSVRC2012_val_00036342_with_ILSVRC2012_val_00016850_rank703,728,16,0.19593,804
ILSVRC2012_val_00036342_with_ILSVRC2012_val_00040987_rank072,146,129,0.59593,15
ILSVRC2012_val_00036342_with_ILSVRC2012_val_00018190_rank553,895,657,0.54137,4
ILSVRC2012_val_00036342_with_ILSVRC2012_val_00007738_rank169,396,396,0.99364,0
ILSVRC2012_val_00036342_with_ILSVRC2012_val_00036083_rank861,440,367,0.04095,839
ILSVRC2012_val_00036342_with_ILSVRC2012_val_00027746_rank697,822,361,0.10027,767
ILSVRC2012_val_00036342_with_ILSVRC2012_val_00016173_rank039,366,367,0.31389,1
ILSVRC2012_val_00036342_with_ILSVRC2012_val_00015519_rank493,897,199,0.1125,730
ILSVRC2012_val_00036342_with_ILSVRC2012_val_00045379_rank010,358,358,0.31328,0
ILSVRC2012_val_00036342_with_ILSVRC2012_val_00021085_rank379,16,16,0.9876,0
ILSVRC2012_val_00036342_with_ILSVRC2012_val_00041846_rank809,436,436,0.80761,0
ILSVRC2012_val_00036342_with_ILSVRC2012_val_00003343_rank723,937,344,0.13516,503
ILSVRC2012_val_00036342_with_ILSVRC2012_val_00002585_rank370,972,562,0.22678,113
ILSVRC2012_val_00036342_with_ILSVRC2012_val_00015704_rank106,365,616,0.18787,64
ILSVRC2012_val_00036342_with_ILSVRC2012_val_00011573_rank251,224,227,0.25725,23
ILSVRC2012_val_00036342_with_ILSVRC2012_val_00029747_rank402,849,849,0.90404,0
ILSVRC2012_val_00036342_with_ILSVRC2012_val_00037297_rank357,78,76,0.12467,22
ILSVRC2012_val_00036342_with_ILSVRC2012_val_00000886_rank729,940,940,0.32028,0
ILSVRC2012_val_00036342_with_ILSVRC2012_val_00027407_rank980,891,606,0.79847,6
ILSVRC2012_val_00036342_with_ILSVRC2012_val_00032843_rank880,89,344,0.11905,515
ILSVRC2012_val_00036342_with_ILSVRC2012_val_00001536_rank298,326,326,0.907,0
ILSVRC2012_val_00036342_with_ILSVRC2012_val_00044690_rank497,847,847,0.96708,0
ILSVRC2012_val_00036342_with_ILSVRC2012_val_00013120_rank091,349,348,0.5094,1
ILSVRC2012_val_00036342_with_ILSVRC2012_val_00023871_rank108,285,285,0.44271,0
ILSVRC2012_val_00036342_with_ILSVRC2012_val_00011700_rank799,570,412,0.22813,149
ILSVRC2012_val_00036342_with_ILSVRC2012_val_00000706_rank934,419,419,0.3978,0
ILSVRC2012_val_00036342_with_ILSVRC2012_val_00029426_rank278,625,625,0.99919,0
ILSVRC2012_val_00036342_with_ILSVRC2012_val_00047802_rank793,446,367,0.04723,948
ILSVRC2012_val_00036342_with_ILSVRC2012_val_00045501_rank464,491,491,0.9991,0
ILSVRC2012_val_00036342_with_ILSVRC2012_val_00004407_rank395,172,171,0.54975,1
ILSVRC2012_val_00036342_with_ILSVRC2012_val_00019092_rank227,305,73,0.11088,182
ILSVRC2012_val_00036342_with_ILSVRC2012_val_00003574_rank004,150,150,0.92944,0
ILSVRC2012_val_00036342_with_ILSVRC2012_val_00045470_rank825,477,695,0.10539,236
ILSVRC2012_val_00036342_with_ILSVRC2012_val_00028746_rank063,369,367,0.04095,2
ILSVRC2012_val_00036342_with_ILSVRC2012_val_00002189_rank460,532,674,0.18698,632
ILSVRC2012_val_00036342_with_ILSVRC2012_val_00004243_rank262,11,11,0.99818,0
ILSVRC2012_val_00036342_with_ILSVRC2012_val_00023615_rank281,250,250,0.65614,0
ILSVRC2012_val_00036342_with_ILSVRC2012_val_00004424_rank843,401,401,0.73221,0
ILSVRC2012_val_00036342_with_ILSVRC2012_val_00002581_rank954,775,459,0.46239,22
ILSVRC2012_val_00036342_with_ILSVRC2012_val_00014548_rank219,355,355,0.90287,0
ILSVRC2012_val_00036342_with_ILSVRC2012_val_00016312_rank752,351,350,0.6219,5
ILSVRC2012_val_00036342_with_ILSVRC2012_val_00034453_rank173,913,913,0.35713,0
ILSVRC2012_val_00036342_with_ILSVRC2012_val_00035306_rank1000,494,85,0.05159,370
ILSVRC2012_val_00036342_with_ILSVRC2012_val_00028100_rank638,857,476,0.12641,24
ILSVRC2012_val_00036342_with_ILSVRC2012_val_00029502_rank956,521,463,0.05464,30
ILSVRC2012_val_00036342_with_ILSVRC2012_val_00043808_rank239,84,367,0.04095,125
ILSVRC2012_val_00036342_with_ILSVRC2012_val_00046309_rank742,716,912,0.22349,1
ILSVRC2012_val_00036342_with_ILSVRC2012_val_00018019_rank446,495,367,0.07579,667
ILSVRC2012_val_00036342_with_ILSVRC2012_val_00009710_rank364,550,674,0.33648,576
ILSVRC2012_val_00036342_with_ILSVRC2012_val_00019531_rank146,3,149,0.17023,3
ILSVRC2012_val_00036342_with_ILSVRC2012_val_00016263_rank149,232,344,0.15675,347
ILSVRC2012_val_00036342_with_ILSVRC2012_val_00038652_rank091,349,344,0.25619,241
ILSVRC2012_val_00036342_with_ILSVRC2012_val_00030590_rank058,142,142,0.86457,0
ILSVRC2012_val_00036342_with_ILSVRC2012_val_00036852_rank429,458,458,0.99525,0
ILSVRC2012_val_00036342_with_ILSVRC2012_val_00031746_rank859,504,809,0.12422,6
ILSVRC2012_val_00036342_with_ILSVRC2012_val_00025806_rank688,18,18,0.082,0
ILSVRC2012_val_00036342_with_ILSVRC2012_val_00024278_rank983,892,835,0.80545,11
ILSVRC2012_val_00036342_with_ILSVRC2012_val_00024924_rank343,126,50,0.09664,645
ILSVRC2012_val_00036342_with_ILSVRC2012_val_00008300_rank042,364,23,0.09957,146
ILSVRC2012_val_00036342_with_ILSVRC2012_val_00009935_rank669,666,344,0.05388,444
ILSVRC2012_val_00036342_with_ILSVRC2012_val_00012394_rank132,155,155,0.88383,0
ILSVRC2012_val_00036342_with_ILSVRC2012_val_00022178_rank538,741,539,0.71538,1
ILSVRC2012_val_00036342_with_ILSVRC2012_val_00023060_rank728,942,942,0.97688,0
ILSVRC2012_val_00036342_with_ILSVRC2012_val_00043784_rank352,352,274,0.07147,7
ILSVRC2012_val_00036342_with_ILSVRC2012_val_00023441_rank345,10,10,0.99624,0
ILSVRC2012_val_00036342_with_ILSVRC2012_val_00028251_rank371,484,871,0.22668,1
ILSVRC2012_val_00036342_with_ILSVRC2012_val_00042555_rank600,583,594,0.37229,4
ILSVRC2012_val_00036342_with_ILSVRC2012_val_00019045_rank076,136,136,0.99405,0
ILSVRC2012_val_00036342_with_ILSVRC2012_val_00035450_rank270,27,38,0.56244,9
ILSVRC2012_val_00036342_with_ILSVRC2012_val_00038626_rank786,242,180,0.3694,2
ILSVRC2012_val_00036342_with_ILSVRC2012_val_00025502_rank330,935,935,0.86328,0
ILSVRC2012_val_00036342_with_ILSVRC2012_val_00041318_rank493,897,897,0.94641,0
ILSVRC2012_val_00036342_with_ILSVRC2012_val_00007554_rank042,364,93,0.04989,51
ILSVRC2012_val_00036342_with_ILSVRC2012_val_00024604_rank735,556,703,0.88098,158
ILSVRC2012_val_00036342_with_ILSVRC2012_val_00023445_rank007,298,298,0.82869,0
ILSVRC2012_val_00036342_with_ILSVRC2012_val_00012530_rank033,148,148,0.37793,0
ILSVRC2012_val_00036342_with_ILSVRC2012_val_00027699_rank134,256,367,0.04095,124
ILSVRC2012_val_00036342_with_ILSVRC2012_val_00008926_rank482,184,184,0.48164,0
ILSVRC2012_val_00036342_with_ILSVRC2012_val_00000008_rank416,415,344,0.20969,622
ILSVRC2012_val_00036342_with_ILSVRC2012_val_00017633_rank639,645,677,0.07507,777
ILSVRC2012_val_00036342_with_ILSVRC2012_val_00042912_rank329,262,344,0.11653,841
ILSVRC2012_val_00036342_with_ILSVRC2012_val_00036683_rank382,756,367,0.05973,697
ILSVRC2012_val_00036342_with_ILSVRC2012_val_00001317_rank843,401,813,0.04829,183
ILSVRC2012_val_00036342_with_ILSVRC2012_val_00019938_rank450,712,712,0.9972,0
ILSVRC2012_val_00036342_with_ILSVRC2012_val_00006463_rank295,17,17,0.99656,0
ILSVRC2012_val_00036342_with_ILSVRC2012_val_00045757_rank791,486,367,0.04095,543
ILSVRC2012_val_00036342_with_ILSVRC2012_val_00021052_rank487,236,236,0.57471,0
ILSVRC2012_val_00036342_with_ILSVRC2012_val_00006606_rank502,679,367,0.04113,760
ILSVRC2012_val_00036342_with_ILSVRC2012_val_00016899_rank651,579,579,0.98471,0
ILSVRC2012_val_00036342_with_ILSVRC2012_val_00034207_rank059,350,350,0.54528,0
ILSVRC2012_val_00036342_with_ILSVRC2012_val_00010585_rank359,947,947,0.7872,0
ILSVRC2012_val_00036342_with_ILSVRC2012_val_00007399_rank017,147,183,0.02702,68
ILSVRC2012_val_00036342_with_ILSVRC2012_val_00034951_rank115,196,196,0.54337,0
ILSVRC2012_val_00036342_with_ILSVRC2012_val_00044228_rank296,318,315,0.45668,6
ILSVRC2012_val_00036342_with_ILSVRC2012_val_00023307_rank104,276,276,0.99032,0
ILSVRC2012_val_00036342_with_ILSVRC2012_val_00047263_rank408,965,367,0.04095,645
ILSVRC2012_val_00036342_with_ILSVRC2012_val_00007284_rank400,95,367,0.04973,220
ILSVRC2012_val_00036342_with_ILSVRC2012_val_00011517_rank190,39,49,0.71242,11
ILSVRC2012_val_00036342_with_ILSVRC2012_val_00005429_rank510,111,381,0.0648,808
ILSVRC2012_val_00036342_with_ILSVRC2012_val_00010189_rank851,657,845,0.2379,48
ILSVRC2012_val_00036342_with_ILSVRC2012_val_00026409_rank779,665,125,0.08477,702
ILSVRC2012_val_00036342_with_ILSVRC2012_val_00025239_rank602,435,445,0.19543,23
ILSVRC2012_val_00036342_with_ILSVRC2012_val_00041627_rank112,390,356,0.12925,271
ILSVRC2012_val_00036342_with_ILSVRC2012_val_00032559_rank925,898,898,0.4639,0
ILSVRC2012_val_00036342_with_ILSVRC2012_val_00020565_rank529,987,998,0.85807,1
ILSVRC2012_val_00036342_with_ILSVRC2012_val_00036068_rank240,66,61,0.46226,12
ILSVRC2012_val_00036342_with_ILSVRC2012_val_00018826_rank258,248,341,0.35057,352
ILSVRC2012_val_00036342_with_ILSVRC2012_val_00045358_rank291,151,171,0.37874,5
ILSVRC2012_val_00036342_with_ILSVRC2012_val_00021629_rank729,940,940,0.96182,0
ILSVRC2012_val_00036342_with_ILSVRC2012_val_00000438_rank731,721,721,0.10782,0
ILSVRC2012_val_00036342_with_ILSVRC2012_val_00037338_rank554,425,425,0.38351,0
ILSVRC2012_val_00036342_with_ILSVRC2012_val_00032542_rank729,940,940,0.94705,0
ILSVRC2012_val_00036342_with_ILSVRC2012_val_00012385_rank757,528,528,0.98847,0
ILSVRC2012_val_00036342_with_ILSVRC2012_val_00047121_rank019,20,20,0.65375,0
ILSVRC2012_val_00036342_with_ILSVRC2012_val_00023399_rank701,754,754,0.38266,0
ILSVRC2012_val_00036342_with_ILSVRC2012_val_00027056_rank135,341,341,0.96418,0
ILSVRC2012_val_00036342_with_ILSVRC2012_val_00040534_rank521,703,703,0.83011,0
ILSVRC2012_val_00036342_with_ILSVRC2012_val_00002341_rank327,686,686,0.85328,0
ILSVRC2012_val_00036342_with_ILSVRC2012_val_00012853_rank215,26,367,0.04094,923
ILSVRC2012_val_00036342_with_ILSVRC2012_val_00045483_rank255,649,596,0.11078,274
ILSVRC2012_val_00036342_with_ILSVRC2012_val_00009645_rank084,375,367,0.04095,12
ILSVRC2012_val_00036342_with_ILSVRC2012_val_00031457_rank163,449,748,0.36807,702
ILSVRC2012_val_00036342_with_ILSVRC2012_val_00038076_rank827,643,643,0.5604,0
ILSVRC2012_val_00036342_with_ILSVRC2012_val_00002876_rank739,405,5,0.10661,305
ILSVRC2012_val_00036342_with_ILSVRC2012_val_00012624_rank325,726,674,0.18658,12
ILSVRC2012_val_00036342_with_ILSVRC2012_val_00004753_rank179,368,377,0.85308,21
ILSVRC2012_val_00036342_with_ILSVRC2012_val_00005454_rank081,346,346,0.96562,0
ILSVRC2012_val_00036342_with_ILSVRC2012_val_00035315_rank398,160,221,0.27907,8
ILSVRC2012_val_00036342_with_ILSVRC2012_val_00047939_rank296,318,318,0.998,0
ILSVRC2012_val_00036342_with_ILSVRC2012_val_00025849_rank987,530,781,0.51819,4
ILSVRC2012_val_00036342_with_ILSVRC2012_val_00034721_rank869,790,790,0.10902,0
ILSVRC2012_val_00036342_with_ILSVRC2012_val_00029493_rank961,826,826,0.85571,0
ILSVRC2012_val_00036342_with_ILSVRC2012_val_00008388_rank023,137,137,0.77897,0
ILSVRC2012_val_00036342_with_ILSVRC2012_val_00035467_rank431,539,539,0.92438,0
ILSVRC2012_val_00036342_with_ILSVRC2012_val_00042391_rank263,244,244,0.90163,0
ILSVRC2012_val_00036342_with_ILSVRC2012_val_00016074_rank439,261,356,0.35716,146
ILSVRC2012_val_00036342_with_ILSVRC2012_val_00036331_rank687,863,749,0.17768,475
ILSVRC2012_val_00036342_with_ILSVRC2012_val_00011432_rank476,467,49,0.14106,414
ILSVRC2012_val_00036342_with_ILSVRC2012_val_00018701_rank439,261,261,0.99208,0
ILSVRC2012_val_00036342_with_ILSVRC2012_val_00038966_rank932,499,171,0.13905,466
ILSVRC2012_val_00036342_with_ILSVRC2012_val_00033488_rank596,705,367,0.04095,517
ILSVRC2012_val_00036342_with_ILSVRC2012_val_00015466_rank403,568,499,0.08623,645
ILSVRC2012_val_00036342_with_ILSVRC2012_val_00043240_rank130,329,329,0.82096,0
ILSVRC2012_val_00036342_with_ILSVRC2012_val_00005600_rank942,678,381,0.06272,810
ILSVRC2012_val_00036342_with_ILSVRC2012_val_00027155_rank374,746,421,0.0245,481
ILSVRC2012_val_00036342_with_ILSVRC2012_val_00029070_rank030,97,97,0.86806,0
ILSVRC2012_val_00036342_with_ILSVRC2012_val_00024356_rank180,271,274,0.55163,3
ILSVRC2012_val_00036342_with_ILSVRC2012_val_00041849_rank913,459,459,0.95687,0
ILSVRC2012_val_00036342_with_ILSVRC2012_val_00013277_rank253,13,13,0.99593,0
ILSVRC2012_val_00036342_with_ILSVRC2012_val_00021082_rank431,539,338,0.19567,263
ILSVRC2012_val_00036342_with_ILSVRC2012_val_00025997_rank325,726,726,0.82934,0
ILSVRC2012_val_00036342_with_ILSVRC2012_val_00019104_rank474,588,588,0.46811,0
ILSVRC2012_val_00036342_with_ILSVRC2012_val_00038855_rank916,807,807,0.84679,0
ILSVRC2012_val_00036342_with_ILSVRC2012_val_00035802_rank931,771,771,0.95957,0
ILSVRC2012_val_00036342_with_ILSVRC2012_val_00019838_rank227,305,344,0.05771,175
ILSVRC2012_val_00036342_with_ILSVRC2012_val_00000544_rank507,820,586,0.73724,16
ILSVRC2012_val_00036342_with_ILSVRC2012_val_00000692_rank471,306,367,0.56037,812
ILSVRC2012_val_00036342_with_ILSVRC2012_val_00025270_rank906,733,626,0.04722,665
ILSVRC2012_val_00036342_with_ILSVRC2012_val_00021334_rank101,119,119,0.5239,0
ILSVRC2012_val_00036342_with_ILSVRC2012_val_00004661_rank296,318,64,0.45803,39
ILSVRC2012_val_00036342_with_ILSVRC2012_val_00037235_rank271,123,303,0.31044,27
ILSVRC2012_val_00036342_with_ILSVRC2012_val_00009984_rank137,208,208,0.37673,0
ILSVRC2012_val_00036342_with_ILSVRC2012_val_00039918_rank271,123,314,0.4069,26
ILSVRC2012_val_00036342_with_ILSVRC2012_val_00022136_rank821,414,367,0.04095,845
ILSVRC2012_val_00036342_with_ILSVRC2012_val_00016863_rank802,915,381,0.087,389
ILSVRC2012_val_00036342_with_ILSVRC2012_val_00012464_rank521,703,703,0.9923,0
ILSVRC2012_val_00036342_with_ILSVRC2012_val_00034653_rank526,496,367,0.04095,933
ILSVRC2012_val_00036342_with_ILSVRC2012_val_00009952_rank789,546,546,0.9739,0
ILSVRC2012_val_00036342_with_ILSVRC2012_val_00039098_rank351,618,618,0.96511,0
ILSVRC2012_val_00036342_with_ILSVRC2012_val_00030213_rank259,198,196,0.49437,2
ILSVRC2012_val_00036342_with_ILSVRC2012_val_00043825_rank398,160,160,0.60033,0
ILSVRC2012_val_00036342_with_ILSVRC2012_val_00010815_rank829,956,367,0.04137,289
ILSVRC2012_val_00036342_with_ILSVRC2012_val_00042074_rank960,880,836,0.22534,776
ILSVRC2012_val_00036342_with_ILSVRC2012_val_00004041_rank411,933,933,0.83402,0
ILSVRC2012_val_00036342_with_ILSVRC2012_val_00026757_rank088,381,365,0.35052,13
ILSVRC2012_val_00036342_with_ILSVRC2012_val_00008636_rank010,358,357,0.67274,3
ILSVRC2012_val_00036342_with_ILSVRC2012_val_00021983_rank156,33,33,0.52664,0
ILSVRC2012_val_00036342_with_ILSVRC2012_val_00014742_rank778,529,344,0.84056,253
ILSVRC2012_val_00036342_with_ILSVRC2012_val_00029886_rank097,4,5,0.21677,5
ILSVRC2012_val_00036342_with_ILSVRC2012_val_00019345_rank009,344,344,0.99937,0
ILSVRC2012_val_00036342_with_ILSVRC2012_val_00032715_rank596,705,840,0.30935,960
ILSVRC2012_val_00036342_with_ILSVRC2012_val_00041304_rank572,899,899,0.15389,0
ILSVRC2012_val_00036342_with_ILSVRC2012_val_00028660_rank233,472,472,0.81595,0
ILSVRC2012_val_00036342_with_ILSVRC2012_val_00039742_rank826,441,367,0.04095,932
ILSVRC2012_val_00036342_with_ILSVRC2012_val_00023289_rank294,225,367,0.04624,324
ILSVRC2012_val_00036342_with_ILSVRC2012_val_00014046_rank379,16,367,0.04095,460
ILSVRC2012_val_00036342_with_ILSVRC2012_val_00011453_rank202,121,121,0.93124,0
ILSVRC2012_val_00036342_with_ILSVRC2012_val_00020797_rank918,676,80,0.08749,457
ILSVRC2012_val_00036342_with_ILSVRC2012_val_00011808_rank127,77,77,0.38612,0
ILSVRC2012_val_00036342_with_ILSVRC2012_val_00039297_rank635,909,909,0.51801,0
ILSVRC2012_val_00036342_with_ILSVRC2012_val_00040208_rank026,290,290,0.92707,0
ILSVRC2012_val_00036342_with_ILSVRC2012_val_00039505_rank534,188,188,0.85982,0
ILSVRC2012_val_00036342_with_ILSVRC2012_val_00023008_rank723,937,937,0.8619,0
ILSVRC2012_val_00036342_with_ILSVRC2012_val_00043489_rank549,698,403,0.48633,40
ILSVRC2012_val_00036342_with_ILSVRC2012_val_00038271_rank660,768,356,0.5158,802
ILSVRC2012_val_00036342_with_ILSVRC2012_val_00007479_rank277,113,113,0.98008,0
ILSVRC2012_val_00036342_with_ILSVRC2012_val_00046990_rank685,889,367,0.04095,228
ILSVRC2012_val_00036342_with_ILSVRC2012_val_00048924_rank555,41,40,0.598,8
ILSVRC2012_val_00036342_with_ILSVRC2012_val_00033242_rank201,65,65,0.62993,0
ILSVRC2012_val_00036342_with_ILSVRC2012_val_00015367_rank781,910,618,0.52712,2
ILSVRC2012_val_00036342_with_ILSVRC2012_val_00016997_rank936,919,919,0.23744,0
ILSVRC2012_val_00036342_with_ILSVRC2012_val_00003101_rank036,49,49,0.89566,0
ILSVRC2012_val_00036342_with_ILSVRC2012_val_00027204_rank211,363,344,0.99289,26
ILSVRC2012_val_00036342_with_ILSVRC2012_val_00041260_rank018,359,356,0.70466,1
ILSVRC2012_val_00036342_with_ILSVRC2012_val_00000240_rank991,702,367,0.0412,176
ILSVRC2012_val_00036342_with_ILSVRC2012_val_00004485_rank774,664,530,0.11261,25
ILSVRC2012_val_00036342_with_ILSVRC2012_val_00030709_rank677,549,879,0.08019,80
ILSVRC2012_val_00036342_with_ILSVRC2012_val_00022325_rank401,603,603,0.69369,0
ILSVRC2012_val_00036342_with_ILSVRC2012_val_00011408_rank557,944,944,0.91844,0
ILSVRC2012_val_00036342_with_ILSVRC2012_val_00007018_rank447,586,586,0.81244,0
ILSVRC2012_val_00036342_with_ILSVRC2012_val_00017695_rank324,928,840,0.18043,741
ILSVRC2012_val_00036342_with_ILSVRC2012_val_00044489_rank978,462,840,0.17596,1
ILSVRC2012_val_00036342_with_ILSVRC2012_val_00020589_rank204,239,240,0.52652,2
ILSVRC2012_val_00036342_with_ILSVRC2012_val_00009699_rank346,669,367,0.04095,192
ILSVRC2012_val_00036342_with_ILSVRC2012_val_00002653_rank223,997,997,0.75491,0
ILSVRC2012_val_00036342_with_ILSVRC2012_val_00032547_rank192,120,130,0.64056,122
ILSVRC2012_val_00036342_with_ILSVRC2012_val_00010543_rank878,487,367,0.04101,493
ILSVRC2012_val_00036342_with_ILSVRC2012_val_00024996_rank897,465,367,0.04095,344
ILSVRC2012_val_00036342_with_ILSVRC2012_val_00005057_rank431,539,199,0.05538,277
ILSVRC2012_val_00036342_with_ILSVRC2012_val_00039735_rank912,792,491,0.14409,23
ILSVRC2012_val_00036342_with_ILSVRC2012_val_00006810_rank975,112,112,0.8255,0
ILSVRC2012_val_00036342_with_ILSVRC2012_val_00026895_rank584,673,674,0.20095,14
ILSVRC2012_val_00036342_with_ILSVRC2012_val_00031494_rank513,971,367,0.24114,341
ILSVRC2012_val_00036342_with_ILSVRC2012_val_00027243_rank896,761,596,0.42014,470
ILSVRC2012_val_00036342_with_ILSVRC2012_val_00031745_rank924,902,902,0.16819,0
ILSVRC2012_val_00036342_with_ILSVRC2012_val_00020772_rank191,29,71,0.56148,44
ILSVRC2012_val_00036342_with_ILSVRC2012_val_00002008_rank196,540,440,0.15842,567
ILSVRC2012_val_00036342_with_ILSVRC2012_val_00039989_rank974,636,674,0.22172,390
ILSVRC2012_val_00036342_with_ILSVRC2012_val_00005096_rank648,605,605,0.96799,0
ILSVRC2012_val_00036342_with_ILSVRC2012_val_00024385_rank937,999,196,0.02199,500
ILSVRC2012_val_00036342_with_ILSVRC2012_val_00046267_rank368,300,311,0.4966,13
ILSVRC2012_val_00036342_with_ILSVRC2012_val_00016319_rank203,270,270,0.9178,0
ILSVRC2012_val_00036342_with_ILSVRC2012_val_00040684_rank434,964,930,0.77844,2
ILSVRC2012_val_00036342_with_ILSVRC2012_val_00016700_rank056,34,34,0.95742,0
ILSVRC2012_val_00036342_with_ILSVRC2012_val_00001188_rank377,611,125,0.8018,498
ILSVRC2012_val_00036342_with_ILSVRC2012_val_00036599_rank557,944,8,0.1928,188
ILSVRC2012_val_00036342_with_ILSVRC2012_val_00026615_rank856,748,709,0.4627,4
ILSVRC2012_val_00036342_with_ILSVRC2012_val_00024218_rank467,249,244,0.47999,10
ILSVRC2012_val_00036342_with_ILSVRC2012_val_00009067_rank432,361,356,0.45208,9
ILSVRC2012_val_00036342_with_ILSVRC2012_val_00025049_rank469,725,341,0.16177,710
ILSVRC2012_val_00036342_with_ILSVRC2012_val_00005081_rank469,725,367,0.04095,822
ILSVRC2012_val_00036342_with_ILSVRC2012_val_00028133_rank745,879,667,0.36482,14
ILSVRC2012_val_00036342_with_ILSVRC2012_val_00042705_rank043,139,139,0.95173,0
ILSVRC2012_val_00036342_with_ILSVRC2012_val_00030444_rank357,78,78,0.51199,0
ILSVRC2012_val_00036342_with_ILSVRC2012_val_00030641_rank284,628,628,0.94259,0
ILSVRC2012_val_00036342_with_ILSVRC2012_val_00035428_rank915,854,578,0.78357,37
ILSVRC2012_val_00036342_with_ILSVRC2012_val_00020169_rank281,250,249,0.37542,2
ILSVRC2012_val_00036342_with_ILSVRC2012_val_00019558_rank937,999,338,0.05773,298
ILSVRC2012_val_00036342_with_ILSVRC2012_val_00010811_rank127,77,73,0.32887,3
ILSVRC2012_val_00036342_with_ILSVRC2012_val_00046245_rank856,748,593,0.48133,107
ILSVRC2012_val_00036342_with_ILSVRC2012_val_00040180_rank641,864,864,0.83654,0
ILSVRC2012_val_00036342_with_ILSVRC2012_val_00015419_rank186,254,344,0.14228,395
ILSVRC2012_val_00036342_with_ILSVRC2012_val_00021599_rank561,197,197,0.18821,0
ILSVRC2012_val_00036342_with_ILSVRC2012_val_00049771_rank611,834,834,0.6669,0
ILSVRC2012_val_00036342_with_ILSVRC2012_val_00047381_rank469,725,929,0.10981,140
ILSVRC2012_val_00036342_with_ILSVRC2012_val_00005969_rank055,373,178,0.17012,41
ILSVRC2012_val_00036342_with_ILSVRC2012_val_00033123_rank602,435,876,0.5874,1
ILSVRC2012_val_00036342_with_ILSVRC2012_val_00030860_rank041,287,290,0.46919,14
ILSVRC2012_val_00036342_with_ILSVRC2012_val_00036751_rank132,155,367,0.16775,660
ILSVRC2012_val_00036342_with_ILSVRC2012_val_00026557_rank366,320,88,0.102,269
ILSVRC2012_val_00036342_with_ILSVRC2012_val_00038733_rank607,936,936,0.53183,0
ILSVRC2012_val_00036342_with_ILSVRC2012_val_00028849_rank109,132,181,0.07486,201
ILSVRC2012_val_00036342_with_ILSVRC2012_val_00049761_rank006,103,103,0.748,0
ILSVRC2012_val_00036342_with_ILSVRC2012_val_00032941_rank829,956,956,0.98988,0
ILSVRC2012_val_00036342_with_ILSVRC2012_val_00033005_rank813,551,921,0.08,97
ILSVRC2012_val_00036342_with_ILSVRC2012_val_00033118_rank970,818,381,0.04574,760
ILSVRC2012_val_00036342_with_ILSVRC2012_val_00000030_rank722,858,904,0.03857,14
ILSVRC2012_val_00036342_with_ILSVRC2012_val_00004138_rank733,461,344,0.22386,782
ILSVRC2012_val_00036342_with_ILSVRC2012_val_00039059_rank662,680,680,0.31435,0
ILSVRC2012_val_00036342_with_ILSVRC2012_val_00039459_rank087,378,378,0.81921,0
ILSVRC2012_val_00036342_with_ILSVRC2012_val_00045936_rank218,5,5,0.74624,0
ILSVRC2012_val_00036342_with_ILSVRC2012_val_00029374_rank825,477,586,0.06054,187
ILSVRC2012_val_00036342_with_ILSVRC2012_val_00036933_rank041,287,287,0.99427,0
ILSVRC2012_val_00036342_with_ILSVRC2012_val_00033563_rank584,673,383,0.05914,951
ILSVRC2012_val_00036342_with_ILSVRC2012_val_00030727_rank178,372,367,0.04095,8
ILSVRC2012_val_00036342_with_ILSVRC2012_val_00021546_rank283,153,265,0.53021,4
ILSVRC2012_val_00036342_with_ILSVRC2012_val_00013579_rank443,955,955,0.99434,0
ILSVRC2012_val_00036342_with_ILSVRC2012_val_00021086_rank404,317,317,0.99233,0
ILSVRC2012_val_00036342_with_ILSVRC2012_val_00036172_rank121,576,50,0.42401,166
ILSVRC2012_val_00036342_with_ILSVRC2012_val_00020813_rank687,863,491,0.95541,14
ILSVRC2012_val_00036342_with_ILSVRC2012_val_00017358_rank690,339,367,0.04095,929
ILSVRC2012_val_00036342_with_ILSVRC2012_val_00024209_rank556,402,402,0.39569,0
ILSVRC2012_val_00036342_with_ILSVRC2012_val_00024752_rank931,771,771,0.9684,0
ILSVRC2012_val_00036342_with_ILSVRC2012_val_00034571_rank242,161,161,0.51476,0
ILSVRC2012_val_00036342_with_ILSVRC2012_val_00026376_rank570,651,667,0.53055,341
ILSVRC2012_val_00036342_with_ILSVRC2012_val_00049029_rank990,767,398,0.98969,45
ILSVRC2012_val_00036342_with_ILSVRC2012_val_00029875_rank083,143,143,0.94896,0
ILSVRC2012_val_00036342_with_ILSVRC2012_val_00043183_rank185,693,562,0.15856,153
ILSVRC2012_val_00036342_with_ILSVRC2012_val_00041724_rank834,430,430,0.61126,0
ILSVRC2012_val_00036342_with_ILSVRC2012_val_00043864_rank773,758,367,0.0414,571
ILSVRC2012_val_00036342_with_ILSVRC2012_val_00017788_rank871,743,743,0.14226,0
ILSVRC2012_val_00036342_with_ILSVRC2012_val_00007717_rank756,428,428,0.11733,0
ILSVRC2012_val_00036342_with_ILSVRC2012_val_00035655_rank140,328,328,0.8166,0
ILSVRC2012_val_00036342_with_ILSVRC2012_val_00017993_rank364,550,550,0.98482,0
ILSVRC2012_val_00036342_with_ILSVRC2012_val_00008109_rank636,497,367,0.04099,885
ILSVRC2012_val_00036342_with_ILSVRC2012_val_00006369_rank438,922,695,0.04406,267
ILSVRC2012_val_00036342_with_ILSVRC2012_val_00016822_rank667,518,518,0.75357,0
ILSVRC2012_val_00036342_with_ILSVRC2012_val_00042654_rank140,328,334,0.53922,13
ILSVRC2012_val_00036342_with_ILSVRC2012_val_00043045_rank973,575,575,0.49178,0
ILSVRC2012_val_00036342_with_ILSVRC2012_val_00041010_rank557,944,944,0.9944,0
ILSVRC2012_val_00036342_with_ILSVRC2012_val_00034162_rank490,924,924,0.37891,0
ILSVRC2012_val_00036342_with_ILSVRC2012_val_00042783_rank356,40,40,0.77369,0
ILSVRC2012_val_00036342_with_ILSVRC2012_val_00008945_rank588,203,203,0.48852,0
ILSVRC2012_val_00036342_with_ILSVRC2012_val_00030359_rank484,961,657,0.14501,499
ILSVRC2012_val_00036342_with_ILSVRC2012_val_00025027_rank037,140,85,0.19255,21
ILSVRC2012_val_00036342_with_ILSVRC2012_val_00008665_rank159,63,63,0.20519,0
ILSVRC2012_val_00036342_with_ILSVRC2012_val_00023464_rank256,72,72,0.67983,0
ILSVRC2012_val_00036342_with_ILSVRC2012_val_00045685_rank713,727,518,0.53574,155
ILSVRC2012_val_00036342_with_ILSVRC2012_val_00018563_rank418,68,54,0.3567,4
ILSVRC2012_val_00036342_with_ILSVRC2012_val_00045200_rank393,92,92,0.55851,0
ILSVRC2012_val_00036342_with_ILSVRC2012_val_00038249_rank446,495,519,0.64973,112
ILSVRC2012_val_00036342_with_ILSVRC2012_val_00049939_rank280,252,265,0.16814,21
ILSVRC2012_val_00036342_with_ILSVRC2012_val_00003757_rank615,631,306,0.2477,827
ILSVRC2012_val_00036342_with_ILSVRC2012_val_00030683_rank430,622,622,0.52821,0
ILSVRC2012_val_00036342_with_ILSVRC2012_val_00029809_rank927,765,765,0.54633,0
ILSVRC2012_val_00036342_with_ILSVRC2012_val_00017710_rank211,363,363,0.5621,0
ILSVRC2012_val_00036342_with_ILSVRC2012_val_00033437_rank215,26,61,0.13589,118
ILSVRC2012_val_00036342_with_ILSVRC2012_val_00045907_rank888,808,367,0.04095,528
ILSVRC2012_val_00036342_with_ILSVRC2012_val_00047753_rank224,8,8,0.91793,0
ILSVRC2012_val_00036342_with_ILSVRC2012_val_00049104_rank951,811,482,0.1909,24
ILSVRC2012_val_00036342_with_ILSVRC2012_val_00049931_rank531,238,161,0.67536,6
ILSVRC2012_val_00036342_with_ILSVRC2012_val_00009823_rank207,815,341,0.16635,672
ILSVRC2012_val_00036342_with_ILSVRC2012_val_00000392_rank440,471,471,0.99062,0
ILSVRC2012_val_00036342_with_ILSVRC2012_val_00008155_rank400,95,367,0.04095,220
ILSVRC2012_val_00036342_with_ILSVRC2012_val_00011043_rank073,343,24,0.21711,298
ILSVRC2012_val_00036342_with_ILSVRC2012_val_00004448_rank181,67,67,0.38726,0
ILSVRC2012_val_00036342_with_ILSVRC2012_val_00036159_rank134,256,206,0.1899,10
ILSVRC2012_val_00036342_with_ILSVRC2012_val_00017406_rank630,301,301,0.50949,0
ILSVRC2012_val_00036342_with_ILSVRC2012_val_00029440_rank883,704,341,0.03055,771
ILSVRC2012_val_00036342_with_ILSVRC2012_val_00032724_rank334,75,76,0.73061,7
ILSVRC2012_val_00036342_with_ILSVRC2012_val_00031429_rank368,300,314,0.34112,25
ILSVRC2012_val_00036342_with_ILSVRC2012_val_00017116_rank855,584,584,0.54759,0
ILSVRC2012_val_00036342_with_ILSVRC2012_val_00021461_rank218,5,47,0.22377,87
ILSVRC2012_val_00036342_with_ILSVRC2012_val_00034526_rank154,995,995,0.50272,0
ILSVRC2012_val_00036342_with_ILSVRC2012_val_00003940_rank013,286,273,0.23912,13
ILSVRC2012_val_00036342_with_ILSVRC2012_val_00019455_rank539,635,778,0.28106,16
ILSVRC2012_val_00036342_with_ILSVRC2012_val_00034251_rank350,57,57,0.88141,0
ILSVRC2012_val_00036342_with_ILSVRC2012_val_00009070_rank675,587,677,0.54586,4
ILSVRC2012_val_00036342_with_ILSVRC2012_val_00024199_rank835,617,617,0.18239,0
ILSVRC2012_val_00036342_with_ILSVRC2012_val_00039138_rank202,121,121,0.99741,0
ILSVRC2012_val_00036342_with_ILSVRC2012_val_00028222_rank015,296,296,0.54739,0
ILSVRC2012_val_00036342_with_ILSVRC2012_val_00011660_rank163,449,576,0.20163,9
ILSVRC2012_val_00036342_with_ILSVRC2012_val_00002821_rank656,688,851,0.9158,12
ILSVRC2012_val_00036342_with_ILSVRC2012_val_00045137_rank572,899,725,0.24758,1
ILSVRC2012_val_00036342_with_ILSVRC2012_val_00032625_rank360,802,367,0.06298,792
ILSVRC2012_val_00036342_with_ILSVRC2012_val_00030141_rank977,157,195,0.36707,70
ILSVRC2012_val_00036342_with_ILSVRC2012_val_00035146_rank774,664,492,0.28001,183
ILSVRC2012_val_00036342_with_ILSVRC2012_val_00031662_rank390,959,959,0.80635,0
ILSVRC2012_val_00036342_with_ILSVRC2012_val_00006742_rank480,724,367,0.04095,481
ILSVRC2012_val_00036342_with_ILSVRC2012_val_00030940_rank064,131,131,0.53617,0
ILSVRC2012_val_00036342_with_ILSVRC2012_val_00012612_rank844,466,472,0.06637,207
ILSVRC2012_val_00036342_with_ILSVRC2012_val_00033743_rank167,273,151,0.64815,16
ILSVRC2012_val_00036342_with_ILSVRC2012_val_00033241_rank085,297,183,0.05986,169
ILSVRC2012_val_00036342_with_ILSVRC2012_val_00044027_rank078,282,282,0.48265,0
ILSVRC2012_val_00036342_with_ILSVRC2012_val_00049192_rank609,443,341,0.06141,968
ILSVRC2012_val_00036342_with_ILSVRC2012_val_00005526_rank900,841,843,0.45796,220
ILSVRC2012_val_00036342_with_ILSVRC2012_val_00023559_rank543,0,367,0.04095,492
ILSVRC2012_val_00036342_with_ILSVRC2012_val_00038723_rank485,621,621,0.99369,0
ILSVRC2012_val_00036342_with_ILSVRC2012_val_00020907_rank056,34,616,0.14398,317
ILSVRC2012_val_00036342_with_ILSVRC2012_val_00016297_rank699,431,739,0.08191,58
ILSVRC2012_val_00036342_with_ILSVRC2012_val_00040848_rank049,284,695,0.05017,684
ILSVRC2012_val_00036342_with_ILSVRC2012_val_00035317_rank225,54,367,0.04095,350
ILSVRC2012_val_00036342_with_ILSVRC2012_val_00027786_rank796,489,562,0.08204,68
ILSVRC2012_val_00036342_with_ILSVRC2012_val_00005893_rank647,519,703,0.15456,64
ILSVRC2012_val_00036342_with_ILSVRC2012_val_00012904_rank488,265,265,0.54817,0
ILSVRC2012_val_00036342_with_ILSVRC2012_val_00036619_rank626,800,800,0.36324,0
ILSVRC2012_val_00036342_with_ILSVRC2012_val_00001108_rank783,59,314,0.36315,824
ILSVRC2012_val_00036342_with_ILSVRC2012_val_00014790_rank512,38,173,0.18371,291
ILSVRC2012_val_00036342_with_ILSVRC2012_val_00006748_rank304,554,87,0.0634,619
ILSVRC2012_val_00036342_with_ILSVRC2012_val_00048046_rank142,28,28,0.77535,0
ILSVRC2012_val_00036342_with_ILSVRC2012_val_00042297_rank981,901,367,0.04095,453
ILSVRC2012_val_00036342_with_ILSVRC2012_val_00004741_rank364,550,550,0.58294,0
ILSVRC2012_val_00036342_with_ILSVRC2012_val_00002139_rank384,988,367,0.04095,459
ILSVRC2012_val_00036342_with_ILSVRC2012_val_00012071_rank846,747,695,0.18632,209
ILSVRC2012_val_00036342_with_ILSVRC2012_val_00018986_rank720,648,904,0.12653,33
ILSVRC2012_val_00036342_with_ILSVRC2012_val_00000405_rank086,177,177,0.23992,0
ILSVRC2012_val_00036342_with_ILSVRC2012_val_00039885_rank048,269,269,0.62544,0
ILSVRC2012_val_00036342_with_ILSVRC2012_val_00000357_rank828,627,627,0.37828,0
ILSVRC2012_val_00036342_with_ILSVRC2012_val_00046860_rank652,470,470,0.05167,0
ILSVRC2012_val_00036342_with_ILSVRC2012_val_00025539_rank242,161,161,0.53122,0
ILSVRC2012_val_00036342_with_ILSVRC2012_val_00008966_rank060,206,206,0.68519,0
ILSVRC2012_val_00036342_with_ILSVRC2012_val_00017313_rank167,273,274,0.68375,4
ILSVRC2012_val_00036342_with_ILSVRC2012_val_00037452_rank658,450,450,0.8266,0
ILSVRC2012_val_00036342_with_ILSVRC2012_val_00039283_rank011,299,299,0.90016,0
ILSVRC2012_val_00036342_with_ILSVRC2012_val_00031756_rank959,882,882,0.46484,0
ILSVRC2012_val_00036342_with_ILSVRC2012_val_00031857_rank483,235,227,0.36807,5
ILSVRC2012_val_00036342_with_ILSVRC2012_val_00025881_rank681,925,469,0.31143,12
ILSVRC2012_val_00036342_with_ILSVRC2012_val_00043008_rank250,229,338,0.07766,124
ILSVRC2012_val_00036342_with_ILSVRC2012_val_00007196_rank153,382,382,0.33957,0
ILSVRC2012_val_00036342_with_ILSVRC2012_val_00000121_rank287,718,449,0.31439,9
ILSVRC2012_val_00036342_with_ILSVRC2012_val_00043748_rank474,588,588,0.6741,0
ILSVRC2012_val_00036342_with_ILSVRC2012_val_00025536_rank786,242,367,0.04095,155
ILSVRC2012_val_00036342_with_ILSVRC2012_val_00026371_rank474,588,462,0.07195,95
ILSVRC2012_val_00036342_with_ILSVRC2012_val_00019402_rank650,186,367,0.04095,305
ILSVRC2012_val_00036342_with_ILSVRC2012_val_00015113_rank069,331,331,0.83616,0
ILSVRC2012_val_00036342_with_ILSVRC2012_val_00006926_rank374,746,29,0.18062,779
ILSVRC2012_val_00036342_with_ILSVRC2012_val_00033064_rank366,320,320,0.85225,0
ILSVRC2012_val_00036342_with_ILSVRC2012_val_00038161_rank463,739,835,0.20787,52
ILSVRC2012_val_00036342_with_ILSVRC2012_val_00021593_rank205,64,64,0.68212,0
ILSVRC2012_val_00036342_with_ILSVRC2012_val_00036943_rank559,793,971,0.13309,36
ILSVRC2012_val_00036342_with_ILSVRC2012_val_00020023_rank235,251,251,0.99143,0
ILSVRC2012_val_00036342_with_ILSVRC2012_val_00022221_rank077,983,5,0.30588,11
ILSVRC2012_val_00036342_with_ILSVRC2012_val_00002743_rank271,123,123,0.87113,0
ILSVRC2012_val_00036342_with_ILSVRC2012_val_00009309_rank566,567,567,0.86792,0
ILSVRC2012_val_00036342_with_ILSVRC2012_val_00014279_rank130,329,329,0.98799,0
ILSVRC2012_val_00036342_with_ILSVRC2012_val_00020634_rank428,544,544,0.74975,0
ILSVRC2012_val_00036342_with_ILSVRC2012_val_00008959_rank764,670,23,0.0669,724
ILSVRC2012_val_00036342_with_ILSVRC2012_val_00044955_rank611,834,23,0.36142,413
ILSVRC2012_val_00036342_with_ILSVRC2012_val_00038786_rank315,204,155,0.48932,1
ILSVRC2012_val_00036342_with_ILSVRC2012_val_00041624_rank931,771,475,0.08781,374
ILSVRC2012_val_00036342_with_ILSVRC2012_val_00008277_rank969,738,85,0.15231,95
ILSVRC2012_val_00036342_with_ILSVRC2012_val_00049469_rank834,430,356,0.15877,842
ILSVRC2012_val_00036342_with_ILSVRC2012_val_00020859_rank147,280,280,0.90959,0
ILSVRC2012_val_00036342_with_ILSVRC2012_val_00030933_rank736,695,695,0.95542,0
ILSVRC2012_val_00036342_with_ILSVRC2012_val_00011589_rank367,324,324,0.97375,0
ILSVRC2012_val_00036342_with_ILSVRC2012_val_00027412_rank586,981,981,0.86887,0
ILSVRC2012_val_00036342_with_ILSVRC2012_val_00009747_rank702,984,984,0.31743,0
ILSVRC2012_val_00036342_with_ILSVRC2012_val_00045945_rank277,113,113,0.9914,0
ILSVRC2012_val_00036342_with_ILSVRC2012_val_00049622_rank438,922,539,0.1432,103
ILSVRC2012_val_00036342_with_ILSVRC2012_val_00049074_rank565,745,745,0.99438,0
ILSVRC2012_val_00036342_with_ILSVRC2012_val_00031427_rank754,953,953,0.69421,0
ILSVRC2012_val_00036342_with_ILSVRC2012_val_00037118_rank048,269,274,0.30687,11
ILSVRC2012_val_00036342_with_ILSVRC2012_val_00019696_rank219,355,341,0.05932,28
ILSVRC2012_val_00036342_with_ILSVRC2012_val_00041077_rank889,439,695,0.06142,656
ILSVRC2012_val_00036342_with_ILSVRC2012_val_00008604_rank096,397,397,0.91286,0
ILSVRC2012_val_00036342_with_ILSVRC2012_val_00014963_rank358,212,212,0.8789,0
ILSVRC2012_val_00036342_with_ILSVRC2012_val_00003709_rank853,779,779,0.99543,0
ILSVRC2012_val_00036342_with_ILSVRC2012_val_00039790_rank499,905,695,0.1318,53
ILSVRC2012_val_00036342_with_ILSVRC2012_val_00030004_rank647,519,448,0.1443,20
ILSVRC2012_val_00036342_with_ILSVRC2012_val_00032324_rank546,384,357,0.31324,75
ILSVRC2012_val_00036342_with_ILSVRC2012_val_00026841_rank867,830,674,0.06592,32
ILSVRC2012_val_00036342_with_ILSVRC2012_val_00008752_rank836,258,258,0.95281,0
ILSVRC2012_val_00036342_with_ILSVRC2012_val_00002894_rank604,707,695,0.0876,56
ILSVRC2012_val_00036342_with_ILSVRC2012_val_00010879_rank900,841,344,0.07666,957
ILSVRC2012_val_00036342_with_ILSVRC2012_val_00049068_rank926,764,777,0.81737,7
ILSVRC2012_val_00036342_with_ILSVRC2012_val_00047697_rank538,741,619,0.08955,238
ILSVRC2012_val_00036342_with_ILSVRC2012_val_00011399_rank221,86,367,0.04095,614
ILSVRC2012_val_00036342_with_ILSVRC2012_val_00046778_rank307,52,63,0.55784,16
ILSVRC2012_val_00036342_with_ILSVRC2012_val_00027555_rank160,91,367,0.04095,149
ILSVRC2012_val_00036342_with_ILSVRC2012_val_00009280_rank113,385,367,0.50402,11
ILSVRC2012_val_00036342_with_ILSVRC2012_val_00011341_rank503,855,855,0.99816,0
ILSVRC2012_val_00036342_with_ILSVRC2012_val_00043487_rank769,599,599,0.9931,0
ILSVRC2012_val_00036342_with_ILSVRC2012_val_00032277_rank115,196,196,0.57268,0
ILSVRC2012_val_00036342_with_ILSVRC2012_val_00049216_rank420,393,393,0.5918,0
ILSVRC2012_val_00036342_with_ILSVRC2012_val_00049189_rank062,221,221,0.25066,0
ILSVRC2012_val_00036342_with_ILSVRC2012_val_00008723_rank1000,494,367,0.35905,722
ILSVRC2012_val_00036342_with_ILSVRC2012_val_00027189_rank098,281,285,0.34632,2
ILSVRC2012_val_00036342_with_ILSVRC2012_val_00003131_rank859,504,367,0.04095,924
ILSVRC2012_val_00036342_with_ILSVRC2012_val_00034062_rank530,806,344,0.20965,682
ILSVRC2012_val_00036342_with_ILSVRC2012_val_00005189_rank102,181,181,0.97711,0
ILSVRC2012_val_00036342_with_ILSVRC2012_val_00029152_rank329,262,367,0.04095,126
ILSVRC2012_val_00036342_with_ILSVRC2012_val_00040112_rank827,643,367,0.04095,110
ILSVRC2012_val_00036342_with_ILSVRC2012_val_00021792_rank953,614,614,0.75232,0
ILSVRC2012_val_00036342_with_ILSVRC2012_val_00004164_rank334,75,314,0.07145,17
ILSVRC2012_val_00036342_with_ILSVRC2012_val_00036140_rank062,221,367,0.04095,157
ILSVRC2012_val_00036342_with_ILSVRC2012_val_00028162_rank303,37,36,0.59257,2
ILSVRC2012_val_00036342_with_ILSVRC2012_val_00036053_rank988,602,367,0.2077,188
ILSVRC2012_val_00036342_with_ILSVRC2012_val_00011737_rank352,352,344,0.16079,44
ILSVRC2012_val_00036342_with_ILSVRC2012_val_00043000_rank704,829,829,0.88665,0
ILSVRC2012_val_00036342_with_ILSVRC2012_val_00034723_rank963,520,367,0.0702,567
ILSVRC2012_val_00036342_with_ILSVRC2012_val_00036700_rank395,172,268,0.58461,28
ILSVRC2012_val_00036342_with_ILSVRC2012_val_00013109_rank972,789,789,0.94241,0
ILSVRC2012_val_00036342_with_ILSVRC2012_val_00030424_rank945,578,282,0.0577,958
ILSVRC2012_val_00036342_with_ILSVRC2012_val_00005342_rank617,900,367,0.04095,470
ILSVRC2012_val_00036342_with_ILSVRC2012_val_00040222_rank279,240,227,0.41935,8
ILSVRC2012_val_00036342_with_ILSVRC2012_val_00016976_rank650,186,186,0.92165,0
ILSVRC2012_val_00036342_with_ILSVRC2012_val_00015530_rank223,997,947,0.74782,1
ILSVRC2012_val_00036342_with_ILSVRC2012_val_00048784_rank812,896,896,0.60993,0
ILSVRC2012_val_00036342_with_ILSVRC2012_val_00013797_rank157,74,74,0.58384,0
ILSVRC2012_val_00036342_with_ILSVRC2012_val_00033683_rank152,179,195,0.24803,5
ILSVRC2012_val_00036342_with_ILSVRC2012_val_00010395_rank036,49,50,0.87486,1
ILSVRC2012_val_00036342_with_ILSVRC2012_val_00043538_rank150,228,228,0.98828,0
ILSVRC2012_val_00036342_with_ILSVRC2012_val_00008011_rank050,43,43,0.76479,0
ILSVRC2012_val_00036342_with_ILSVRC2012_val_00017505_rank465,31,31,0.95399,0
ILSVRC2012_val_00036342_with_ILSVRC2012_val_00010099_rank534,188,188,0.54052,0
ILSVRC2012_val_00036342_with_ILSVRC2012_val_00043101_rank758,429,429,0.29441,0
ILSVRC2012_val_00036342_with_ILSVRC2012_val_00028844_rank943,813,813,0.53915,0
ILSVRC2012_val_00036342_with_ILSVRC2012_val_00030751_rank360,802,232,0.13542,571
ILSVRC2012_val_00036342_with_ILSVRC2012_val_00009522_rank962,667,667,0.91154,0
ILSVRC2012_val_00036342_with_ILSVRC2012_val_00042968_rank187,327,658,0.10444,37
ILSVRC2012_val_00036342_with_ILSVRC2012_val_00031242_rank913,459,428,0.08808,567
ILSVRC2012_val_00036342_with_ILSVRC2012_val_00028153_rank006,103,184,0.63072,608
ILSVRC2012_val_00036342_with_ILSVRC2012_val_00006630_rank328,218,218,0.55063,0
ILSVRC2012_val_00036342_with_ILSVRC2012_val_00014113_rank893,750,879,0.12618,315
ILSVRC2012_val_00036342_with_ILSVRC2012_val_00027027_rank793,446,367,0.07474,948
ILSVRC2012_val_00036342_with_ILSVRC2012_val_00000610_rank026,290,290,0.95805,0
ILSVRC2012_val_00036342_with_ILSVRC2012_val_00000671_rank641,864,864,0.48336,0
ILSVRC2012_val_00036342_with_ILSVRC2012_val_00034227_rank894,559,559,0.48547,0
ILSVRC2012_val_00036342_with_ILSVRC2012_val_00046856_rank630,301,852,0.12202,771
ILSVRC2012_val_00036342_with_ILSVRC2012_val_00005453_rank793,446,367,0.24094,948
ILSVRC2012_val_00036342_with_ILSVRC2012_val_00027466_rank991,702,313,0.8963,166
ILSVRC2012_val_00036342_with_ILSVRC2012_val_00009089_rank678,755,367,0.04095,405
ILSVRC2012_val_00036342_with_ILSVRC2012_val_00001056_rank025,145,145,0.99861,0
ILSVRC2012_val_00036342_with_ILSVRC2012_val_00020215_rank054,377,377,0.79138,0
ILSVRC2012_val_00036342_with_ILSVRC2012_val_00003352_rank677,549,478,0.37842,4
ILSVRC2012_val_00036342_with_ILSVRC2012_val_00005270_rank945,578,879,0.06321,129
ILSVRC2012_val_00036342_with_ILSVRC2012_val_00015191_rank825,477,456,0.12281,122
ILSVRC2012_val_00036342_with_ILSVRC2012_val_00047376_rank327,686,773,0.43948,77
ILSVRC2012_val_00036342_with_ILSVRC2012_val_00038932_rank934,419,419,0.02454,0
ILSVRC2012_val_00036342_with_ILSVRC2012_val_00011694_rank170,395,38,0.2052,61
ILSVRC2012_val_00036342_with_ILSVRC2012_val_00017149_rank907,531,531,0.46013,0
ILSVRC2012_val_00036342_with_ILSVRC2012_val_00018633_rank207,815,70,0.40996,5
ILSVRC2012_val_00036342_with_ILSVRC2012_val_00018893_rank244,814,814,0.82092,0
ILSVRC2012_val_00036342_with_ILSVRC2012_val_00024159_rank940,478,519,0.091,1
ILSVRC2012_val_00036342_with_ILSVRC2012_val_00044903_rank505,93,93,0.99861,0
ILSVRC2012_val_00036342_with_ILSVRC2012_val_00022978_rank657,907,966,0.42214,1
ILSVRC2012_val_00036342_with_ILSVRC2012_val_00016905_rank181,67,67,0.8763,0
ILSVRC2012_val_00036342_with_ILSVRC2012_val_00037934_rank607,936,936,0.98711,0
ILSVRC2012_val_00036342_with_ILSVRC2012_val_00018890_rank514,193,185,0.59015,4
ILSVRC2012_val_00036342_with_ILSVRC2012_val_00043853_rank997,872,872,0.77241,0
ILSVRC2012_val_00036342_with_ILSVRC2012_val_00011167_rank337,309,367,0.04068,493
ILSVRC2012_val_00036342_with_ILSVRC2012_val_00027762_rank297,7,8,0.76503,1
ILSVRC2012_val_00036342_with_ILSVRC2012_val_00041178_rank231,233,233,0.73651,0
ILSVRC2012_val_00036342_with_ILSVRC2012_val_00036356_rank128,21,21,0.66231,0
ILSVRC2012_val_00036342_with_ILSVRC2012_val_00010293_rank407,876,456,0.16242,847
ILSVRC2012_val_00036342_with_ILSVRC2012_val_00028555_rank947,512,749,0.38325,74
ILSVRC2012_val_00036342_with_ILSVRC2012_val_00037242_rank712,845,845,0.91616,0
ILSVRC2012_val_00036342_with_ILSVRC2012_val_00015646_rank894,559,559,0.98474,0
ILSVRC2012_val_00036342_with_ILSVRC2012_val_00010580_rank692,939,939,0.96446,0
ILSVRC2012_val_00036342_with_ILSVRC2012_val_00023828_rank376,463,463,0.99498,0
ILSVRC2012_val_00036342_with_ILSVRC2012_val_00012178_rank053,22,23,0.91955,2
ILSVRC2012_val_00036342_with_ILSVRC2012_val_00021709_rank046,144,144,0.96902,0
ILSVRC2012_val_00036342_with_ILSVRC2012_val_00010822_rank938,697,367,0.04095,641
ILSVRC2012_val_00036342_with_ILSVRC2012_val_00044029_rank987,530,530,0.98489,0
ILSVRC2012_val_00036342_with_ILSVRC2012_val_00047861_rank577,827,593,0.294,496
ILSVRC2012_val_00036342_with_ILSVRC2012_val_00019557_rank635,909,618,0.12893,5
ILSVRC2012_val_00036342_with_ILSVRC2012_val_00009653_rank596,705,609,0.11517,73
ILSVRC2012_val_00036342_with_ILSVRC2012_val_00015394_rank844,466,466,0.74471,0
ILSVRC2012_val_00036342_with_ILSVRC2012_val_00018751_rank207,815,199,0.04656,862
ILSVRC2012_val_00036342_with_ILSVRC2012_val_00045458_rank715,708,708,0.13972,0
ILSVRC2012_val_00036342_with_ILSVRC2012_val_00037054_rank161,347,360,0.24273,158
ILSVRC2012_val_00036342_with_ILSVRC2012_val_00001797_rank707,867,867,0.94249,0
ILSVRC2012_val_00036342_with_ILSVRC2012_val_00027024_rank004,150,357,0.34568,16
ILSVRC2012_val_00036342_with_ILSVRC2012_val_00012505_rank460,532,695,0.3193,999
ILSVRC2012_val_00036342_with_ILSVRC2012_val_00032758_rank103,272,272,0.60764,0
ILSVRC2012_val_00036342_with_ILSVRC2012_val_00012745_rank672,596,195,0.05794,501
ILSVRC2012_val_00036342_with_ILSVRC2012_val_00017049_rank443,955,955,0.99606,0
ILSVRC2012_val_00036342_with_ILSVRC2012_val_00026820_rank037,140,23,0.12039,145
ILSVRC2012_val_00036342_with_ILSVRC2012_val_00035985_rank853,779,367,0.04095,669
ILSVRC2012_val_00036342_with_ILSVRC2012_val_00043631_rank076,136,367,0.18499,76
ILSVRC2012_val_00036342_with_ILSVRC2012_val_00017839_rank188,9,367,0.04095,108
ILSVRC2012_val_00036342_with_ILSVRC2012_val_00026692_rank551,165,234,0.12481,3
ILSVRC2012_val_00036342_with_ILSVRC2012_val_00016575_rank337,309,313,0.26049,247
ILSVRC2012_val_00036342_with_ILSVRC2012_val_00048884_rank982,456,367,0.04095,583
ILSVRC2012_val_00036342_with_ILSVRC2012_val_00015500_rank336,124,71,0.21331,7
ILSVRC2012_val_00036342_with_ILSVRC2012_val_00014671_rank971,422,422,0.50997,0
ILSVRC2012_val_00036342_with_ILSVRC2012_val_00033236_rank775,451,367,0.04095,979
ILSVRC2012_val_00036342_with_ILSVRC2012_val_00010366_rank438,922,367,0.04095,865
ILSVRC2012_val_00036342_with_ILSVRC2012_val_00048761_rank328,218,212,0.34085,10
ILSVRC2012_val_00036342_with_ILSVRC2012_val_00002527_rank163,449,448,0.32758,33
ILSVRC2012_val_00036342_with_ILSVRC2012_val_00019581_rank242,161,367,0.04095,235
ILSVRC2012_val_00036342_with_ILSVRC2012_val_00038027_rank601,870,356,0.10253,980
ILSVRC2012_val_00036342_with_ILSVRC2012_val_00041047_rank828,627,882,0.6162,515
ILSVRC2012_val_00036342_with_ILSVRC2012_val_00048388_rank055,373,373,0.91467,0
ILSVRC2012_val_00036342_with_ILSVRC2012_val_00004350_rank644,513,367,0.04095,346
ILSVRC2012_val_00036342_with_ILSVRC2012_val_00035842_rank171,61,61,0.98211,0
ILSVRC2012_val_00036342_with_ILSVRC2012_val_00003947_rank005,356,356,0.96767,0
ILSVRC2012_val_00036342_with_ILSVRC2012_val_00015770_rank069,331,367,0.041,298
ILSVRC2012_val_00036342_with_ILSVRC2012_val_00030264_rank535,682,626,0.25356,219
ILSVRC2012_val_00036342_with_ILSVRC2012_val_00002240_rank915,854,727,0.29134,18
ILSVRC2012_val_00036342_with_ILSVRC2012_val_00029192_rank547,323,323,0.9917,0
ILSVRC2012_val_00036342_with_ILSVRC2012_val_00000765_rank655,732,356,0.15719,844
ILSVRC2012_val_00036342_with_ILSVRC2012_val_00016269_rank960,880,63,0.0859,326
ILSVRC2012_val_00036342_with_ILSVRC2012_val_00001011_rank984,409,426,0.38878,3
ILSVRC2012_val_00036342_with_ILSVRC2012_val_00010782_rank948,591,591,0.17172,0
ILSVRC2012_val_00036342_with_ILSVRC2012_val_00008635_rank897,465,840,0.08732,985
ILSVRC2012_val_00036342_with_ILSVRC2012_val_00024424_rank675,587,341,0.08126,895
ILSVRC2012_val_00036342_with_ILSVRC2012_val_00045857_rank141,80,608,0.28223,956
ILSVRC2012_val_00036342_with_ILSVRC2012_val_00008478_rank410,694,7,0.49791,522
ILSVRC2012_val_00036342_with_ILSVRC2012_val_00037665_rank443,955,327,0.07524,184
ILSVRC2012_val_00036342_with_ILSVRC2012_val_00032967_rank801,671,71,0.10759,611
ILSVRC2012_val_00036342_with_ILSVRC2012_val_00026965_rank400,95,367,0.04095,220
ILSVRC2012_val_00036342_with_ILSVRC2012_val_00028709_rank207,815,815,0.93129,0
ILSVRC2012_val_00036342_with_ILSVRC2012_val_00041554_rank962,667,367,0.04095,661
ILSVRC2012_val_00036342_with_ILSVRC2012_val_00017842_rank414,951,950,0.82074,1
ILSVRC2012_val_00036342_with_ILSVRC2012_val_00047966_rank754,953,953,0.57342,0
ILSVRC2012_val_00036342_with_ILSVRC2012_val_00007737_rank093,293,293,0.88553,0
ILSVRC2012_val_00036342_with_ILSVRC2012_val_00029353_rank198,213,213,0.94683,0
ILSVRC2012_val_00036342_with_ILSVRC2012_val_00004148_rank544,166,367,0.0408,358
ILSVRC2012_val_00036342_with_ILSVRC2012_val_00002989_rank279,240,240,0.26851,0
ILSVRC2012_val_00036342_with_ILSVRC2012_val_00014248_rank032,102,102,0.98698,0
ILSVRC2012_val_00036342_with_ILSVRC2012_val_00031886_rank842,514,514,0.38437,0
ILSVRC2012_val_00036342_with_ILSVRC2012_val_00043199_rank189,182,182,0.98125,0
ILSVRC2012_val_00036342_with_ILSVRC2012_val_00037086_rank675,587,367,0.04102,489
ILSVRC2012_val_00036342_with_ILSVRC2012_val_00011735_rank133,833,833,0.80263,0
ILSVRC2012_val_00036342_with_ILSVRC2012_val_00026827_rank765,658,658,0.79655,0
ILSVRC2012_val_00036342_with_ILSVRC2012_val_00038567_rank439,261,261,0.99623,0
ILSVRC2012_val_00036342_with_ILSVRC2012_val_00030734_rank880,89,89,0.98866,0
ILSVRC2012_val_00036342_with_ILSVRC2012_val_00001827_rank988,602,79,0.31073,711
ILSVRC2012_val_00036342_with_ILSVRC2012_val_00021109_rank036,49,49,0.77812,0
ILSVRC2012_val_00036342_with_ILSVRC2012_val_00045781_rank935,644,644,0.59526,0
ILSVRC2012_val_00036342_with_ILSVRC2012_val_00039319_rank951,811,811,0.49492,0
ILSVRC2012_val_00036342_with_ILSVRC2012_val_00031472_rank404,317,317,0.89548,0
ILSVRC2012_val_00036342_with_ILSVRC2012_val_00004747_rank220,12,12,0.48197,0
ILSVRC2012_val_00036342_with_ILSVRC2012_val_00009676_rank578,836,367,0.10283,459
ILSVRC2012_val_00036342_with_ILSVRC2012_val_00042213_rank830,259,259,0.99327,0
ILSVRC2012_val_00036342_with_ILSVRC2012_val_00022332_rank478,314,314,0.979,0
ILSVRC2012_val_00036342_with_ILSVRC2012_val_00044477_rank910,787,777,0.38635,4
ILSVRC2012_val_00036342_with_ILSVRC2012_val_00001600_rank647,519,492,0.94732,2
ILSVRC2012_val_00036342_with_ILSVRC2012_val_00004704_rank794,597,879,0.52576,675
ILSVRC2012_val_00036342_with_ILSVRC2012_val_00014276_rank649,713,713,0.18679,0
ILSVRC2012_val_00036342_with_ILSVRC2012_val_00008865_rank862,781,781,0.99226,0
ILSVRC2012_val_00036342_with_ILSVRC2012_val_00034829_rank637,560,87,0.0776,86
ILSVRC2012_val_00036342_with_ILSVRC2012_val_00025914_rank405,167,162,0.50935,2
ILSVRC2012_val_00036342_with_ILSVRC2012_val_00028121_rank862,781,367,0.04187,217
ILSVRC2012_val_00036342_with_ILSVRC2012_val_00005287_rank262,11,11,0.99571,0
ILSVRC2012_val_00036342_with_ILSVRC2012_val_00004879_rank553,895,772,0.0816,566
ILSVRC2012_val_00036342_with_ILSVRC2012_val_00047286_rank500,742,478,0.36215,25
ILSVRC2012_val_00036342_with_ILSVRC2012_val_00036373_rank627,592,592,0.2685,0
ILSVRC2012_val_00036342_with_ILSVRC2012_val_00001246_rank774,664,354,0.74935,924
ILSVRC2012_val_00036342_with_ILSVRC2012_val_00003381_rank288,685,685,0.99844,0
ILSVRC2012_val_00036342_with_ILSVRC2012_val_00019850_rank518,932,344,0.40029,851
ILSVRC2012_val_00036342_with_ILSVRC2012_val_00045673_rank515,310,310,0.95916,0
ILSVRC2012_val_00036342_with_ILSVRC2012_val_00018910_rank743,763,763,0.79684,0
ILSVRC2012_val_00036342_with_ILSVRC2012_val_00031904_rank896,761,761,0.98771,0
ILSVRC2012_val_00036342_with_ILSVRC2012_val_00012241_rank170,395,395,0.99709,0
ILSVRC2012_val_00036342_with_ILSVRC2012_val_00008589_rank855,584,367,0.04095,989
ILSVRC2012_val_00036342_with_ILSVRC2012_val_00001607_rank201,65,65,0.86336,0
ILSVRC2012_val_00036342_with_ILSVRC2012_val_00011727_rank674,493,492,0.40182,4
ILSVRC2012_val_00036342_with_ILSVRC2012_val_00017923_rank818,769,798,0.38077,1
ILSVRC2012_val_00036342_with_ILSVRC2012_val_00002046_rank678,755,344,0.03865,231
ILSVRC2012_val_00036342_with_ILSVRC2012_val_00001439_rank125,333,211,0.39483,697
ILSVRC2012_val_00036342_with_ILSVRC2012_val_00029435_rank391,183,367,0.04731,84
ILSVRC2012_val_00036342_with_ILSVRC2012_val_00033559_rank914,444,870,0.51178,4
ILSVRC2012_val_00036342_with_ILSVRC2012_val_00048005_rank600,583,367,0.04095,188
ILSVRC2012_val_00036342_with_ILSVRC2012_val_00015710_rank214,170,356,0.45214,525
ILSVRC2012_val_00036342_with_ILSVRC2012_val_00015797_rank990,767,879,0.42534,294
ILSVRC2012_val_00036342_with_ILSVRC2012_val_00039107_rank353,989,989,0.68247,0
ILSVRC2012_val_00036342_with_ILSVRC2012_val_00009843_rank047,387,387,0.99959,0
ILSVRC2012_val_00036342_with_ILSVRC2012_val_00031086_rank262,11,11,0.46048,0
ILSVRC2012_val_00036342_with_ILSVRC2012_val_00029758_rank125,333,333,0.51765,0
ILSVRC2012_val_00036342_with_ILSVRC2012_val_00004393_rank617,900,677,0.14399,144
ILSVRC2012_val_00036342_with_ILSVRC2012_val_00005671_rank901,862,696,0.26861,347
ILSVRC2012_val_00036342_with_ILSVRC2012_val_00015539_rank408,965,367,0.04095,645
ILSVRC2012_val_00036342_with_ILSVRC2012_val_00024118_rank042,364,49,0.06561,319
ILSVRC2012_val_00036342_with_ILSVRC2012_val_00049538_rank419,623,478,0.37286,184
ILSVRC2012_val_00036342_with_ILSVRC2012_val_00027545_rank584,673,448,0.10331,586
ILSVRC2012_val_00036342_with_ILSVRC2012_val_00000198_rank379,16,16,0.23858,0
ILSVRC2012_val_00036342_with_ILSVRC2012_val_00022810_rank010,358,358,0.46731,0
ILSVRC2012_val_00036342_with_ILSVRC2012_val_00002752_rank082,2,3,0.4796,1
ILSVRC2012_val_00036342_with_ILSVRC2012_val_00030996_rank709,594,367,0.04095,352
ILSVRC2012_val_00036342_with_ILSVRC2012_val_00002526_rank672,596,321,0.16693,537
ILSVRC2012_val_00036342_with_ILSVRC2012_val_00006381_rank252,825,24,0.25246,295
ILSVRC2012_val_00036342_with_ILSVRC2012_val_00019978_rank045,289,289,0.97402,0
ILSVRC2012_val_00036342_with_ILSVRC2012_val_00004847_rank714,835,835,0.68014,0
ILSVRC2012_val_00036342_with_ILSVRC2012_val_00003833_rank289,85,85,0.88676,0
ILSVRC2012_val_00036342_with_ILSVRC2012_val_00003952_rank501,448,695,0.2666,21
ILSVRC2012_val_00036342_with_ILSVRC2012_val_00019408_rank795,805,805,0.91598,0
ILSVRC2012_val_00036342_with_ILSVRC2012_val_00013866_rank605,420,367,0.08739,752
ILSVRC2012_val_00036342_with_ILSVRC2012_val_00037387_rank523,759,447,0.92198,3
ILSVRC2012_val_00036342_with_ILSVRC2012_val_00001768_rank860,263,265,0.45747,49
ILSVRC2012_val_00036342_with_ILSVRC2012_val_00023515_rank482,184,367,0.04105,729
ILSVRC2012_val_00036342_with_ILSVRC2012_val_00023483_rank975,112,112,0.80168,0
ILSVRC2012_val_00036342_with_ILSVRC2012_val_00024938_rank057,30,50,0.51534,7
ILSVRC2012_val_00036342_with_ILSVRC2012_val_00028171_rank440,471,744,0.47258,3
ILSVRC2012_val_00036342_with_ILSVRC2012_val_00033470_rank511,488,367,0.04095,125
ILSVRC2012_val_00036342_with_ILSVRC2012_val_00001040_rank162,283,5,0.44151,362
ILSVRC2012_val_00036342_with_ILSVRC2012_val_00005807_rank716,411,367,0.04095,859
ILSVRC2012_val_00036342_with_ILSVRC2012_val_00043831_rank557,944,944,0.91719,0
ILSVRC2012_val_00036342_with_ILSVRC2012_val_00014536_rank613,773,855,0.20426,3
ILSVRC2012_val_00036342_with_ILSVRC2012_val_00044708_rank249,115,973,0.52454,7
ILSVRC2012_val_00036342_with_ILSVRC2012_val_00010432_rank419,623,774,0.33967,134
ILSVRC2012_val_00036342_with_ILSVRC2012_val_00009921_rank098,281,285,0.79322,2
ILSVRC2012_val_00036342_with_ILSVRC2012_val_00007360_rank004,150,344,0.21898,7
ILSVRC2012_val_00036342_with_ILSVRC2012_val_00006955_rank248,850,345,0.2515,906
ILSVRC2012_val_00036342_with_ILSVRC2012_val_00007453_rank843,401,401,0.71819,0
ILSVRC2012_val_00036342_with_ILSVRC2012_val_00007245_rank233,472,472,0.13675,0
ILSVRC2012_val_00036342_with_ILSVRC2012_val_00047955_rank041,287,287,0.94399,0
ILSVRC2012_val_00036342_with_ILSVRC2012_val_00028401_rank138,114,360,0.06665,116
ILSVRC2012_val_00036342_with_ILSVRC2012_val_00000805_rank657,907,907,0.73475,0
ILSVRC2012_val_00036342_with_ILSVRC2012_val_00008739_rank086,177,177,0.48278,0
ILSVRC2012_val_00036342_with_ILSVRC2012_val_00021017_rank142,28,38,0.61959,6
ILSVRC2012_val_00036342_with_ILSVRC2012_val_00020627_rank116,116,37,0.38658,61
ILSVRC2012_val_00036342_with_ILSVRC2012_val_00006858_rank984,409,367,0.04148,739
ILSVRC2012_val_00036342_with_ILSVRC2012_val_00010060_rank988,602,381,0.08201,407
ILSVRC2012_val_00036342_with_ILSVRC2012_val_00003861_rank295,17,17,0.97805,0
ILSVRC2012_val_00036342_with_ILSVRC2012_val_00030897_rank898,840,840,0.95564,0
ILSVRC2012_val_00036342_with_ILSVRC2012_val_00017999_rank883,704,367,0.04095,916
ILSVRC2012_val_00036342_with_ILSVRC2012_val_00039112_rank919,890,722,0.36187,9
ILSVRC2012_val_00036342_with_ILSVRC2012_val_00019533_rank065,335,287,0.1578,99
ILSVRC2012_val_00036342_with_ILSVRC2012_val_00015427_rank259,198,196,0.80916,2
ILSVRC2012_val_00036342_with_ILSVRC2012_val_00025368_rank921,534,492,0.70453,121
ILSVRC2012_val_00036342_with_ILSVRC2012_val_00035302_rank229,187,187,0.70444,0
ILSVRC2012_val_00036342_with_ILSVRC2012_val_00025379_rank621,569,569,0.99064,0
ILSVRC2012_val_00036342_with_ILSVRC2012_val_00045112_rank970,818,618,0.71457,416
ILSVRC2012_val_00036342_with_ILSVRC2012_val_00008065_rank695,609,367,0.04095,236
ILSVRC2012_val_00036342_with_ILSVRC2012_val_00023244_rank127,77,123,0.46087,54
ILSVRC2012_val_00036342_with_ILSVRC2012_val_00038540_rank768,809,868,0.11084,51
ILSVRC2012_val_00036342_with_ILSVRC2012_val_00043722_rank096,397,367,0.40301,373
ILSVRC2012_val_00036342_with_ILSVRC2012_val_00002609_rank691,247,247,0.71392,0
ILSVRC2012_val_00036342_with_ILSVRC2012_val_00023020_rank245,914,314,0.06441,474
ILSVRC2012_val_00036342_with_ILSVRC2012_val_00037212_rank106,365,365,0.96108,0
ILSVRC2012_val_00036342_with_ILSVRC2012_val_00039671_rank271,123,124,0.31728,1
ILSVRC2012_val_00036342_with_ILSVRC2012_val_00042370_rank220,12,12,0.99067,0
ILSVRC2012_val_00036342_with_ILSVRC2012_val_00046663_rank972,789,789,0.39791,0
ILSVRC2012_val_00036342_with_ILSVRC2012_val_00025885_rank744,968,311,0.21404,261
ILSVRC2012_val_00036342_with_ILSVRC2012_val_00015300_rank795,805,805,0.83069,0
ILSVRC2012_val_00036342_with_ILSVRC2012_val_00028635_rank187,327,327,0.84624,0
ILSVRC2012_val_00036342_with_ILSVRC2012_val_00000041_rank676,516,695,0.09193,469
ILSVRC2012_val_00036342_with_ILSVRC2012_val_00022932_rank909,612,743,0.07987,170
ILSVRC2012_val_00036342_with_ILSVRC2012_val_00032130_rank146,3,3,0.90535,0
ILSVRC2012_val_00036342_with_ILSVRC2012_val_00046278_rank292,780,780,0.94999,0
ILSVRC2012_val_00036342_with_ILSVRC2012_val_00028674_rank149,232,232,0.61341,0
ILSVRC2012_val_00036342_with_ILSVRC2012_val_00011927_rank035,48,38,0.03559,87
ILSVRC2012_val_00036342_with_ILSVRC2012_val_00018557_rank802,915,915,0.92148,0
ILSVRC2012_val_00036342_with_ILSVRC2012_val_00022482_rank492,56,65,0.52708,13
ILSVRC2012_val_00036342_with_ILSVRC2012_val_00033978_rank429,458,458,0.30252,0
ILSVRC2012_val_00036342_with_ILSVRC2012_val_00042139_rank895,723,723,0.9975,0
ILSVRC2012_val_00036342_with_ILSVRC2012_val_00017512_rank698,522,722,0.67898,14
ILSVRC2012_val_00036342_with_ILSVRC2012_val_00014872_rank795,805,805,0.83537,0
ILSVRC2012_val_00036342_with_ILSVRC2012_val_00023613_rank519,941,941,0.47837,0
ILSVRC2012_val_00036342_with_ILSVRC2012_val_00023027_rank164,178,268,0.46673,9
ILSVRC2012_val_00036342_with_ILSVRC2012_val_00034197_rank366,320,320,0.29331,0
ILSVRC2012_val_00036342_with_ILSVRC2012_val_00003493_rank046,144,356,0.09951,305
ILSVRC2012_val_00036342_with_ILSVRC2012_val_00027034_rank814,585,659,0.24394,524
ILSVRC2012_val_00036342_with_ILSVRC2012_val_00018861_rank596,705,705,0.31019,0
ILSVRC2012_val_00036342_with_ILSVRC2012_val_00017324_rank196,540,674,0.1188,374
ILSVRC2012_val_00036342_with_ILSVRC2012_val_00013652_rank077,983,344,0.12015,140
ILSVRC2012_val_00036342_with_ILSVRC2012_val_00045864_rank130,329,84,0.35926,839
ILSVRC2012_val_00036342_with_ILSVRC2012_val_00004781_rank303,37,37,0.89383,0
ILSVRC2012_val_00036342_with_ILSVRC2012_val_00007925_rank332,71,71,0.9922,0
ILSVRC2012_val_00036342_with_ILSVRC2012_val_00008684_rank017,147,360,0.15194,13
ILSVRC2012_val_00036342_with_ILSVRC2012_val_00003912_rank722,858,858,0.86753,0
ILSVRC2012_val_00036342_with_ILSVRC2012_val_00006757_rank070,274,274,0.99515,0
ILSVRC2012_val_00036342_with_ILSVRC2012_val_00048425_rank792,770,770,0.65311,0
ILSVRC2012_val_00036342_with_ILSVRC2012_val_00033282_rank933,398,398,0.99952,0
ILSVRC2012_val_00036342_with_ILSVRC2012_val_00001781_rank212,227,173,0.82366,15
ILSVRC2012_val_00036342_with_ILSVRC2012_val_00032461_rank849,642,642,0.6951,0
ILSVRC2012_val_00036342_with_ILSVRC2012_val_00042963_rank517,927,367,0.04084,631
ILSVRC2012_val_00036342_with_ILSVRC2012_val_00009236_rank360,802,770,0.1771,88
ILSVRC2012_val_00036342_with_ILSVRC2012_val_00005651_rank605,420,420,0.73114,0
ILSVRC2012_val_00036342_with_ILSVRC2012_val_00017348_rank840,912,677,0.26762,57
ILSVRC2012_val_00036342_with_ILSVRC2012_val_00000993_rank281,250,171,0.31883,74
ILSVRC2012_val_00036342_with_ILSVRC2012_val_00002583_rank059,350,184,0.25695,279
ILSVRC2012_val_00036342_with_ILSVRC2012_val_00041783_rank559,793,584,0.08157,52
ILSVRC2012_val_00036342_with_ILSVRC2012_val_00021523_rank220,12,12,0.99233,0
ILSVRC2012_val_00036342_with_ILSVRC2012_val_00006945_rank087,378,357,0.099,28
ILSVRC2012_val_00036342_with_ILSVRC2012_val_00010287_rank057,30,32,0.71078,1
ILSVRC2012_val_00036342_with_ILSVRC2012_val_00017486_rank078,282,904,0.16268,164
ILSVRC2012_val_00036342_with_ILSVRC2012_val_00034960_rank056,34,61,0.20025,122
ILSVRC2012_val_00036342_with_ILSVRC2012_val_00025453_rank163,449,448,0.19188,33
ILSVRC2012_val_00036342_with_ILSVRC2012_val_00001010_rank270,27,38,0.34883,9
ILSVRC2012_val_00036342_with_ILSVRC2012_val_00024539_rank376,463,463,0.83228,0
ILSVRC2012_val_00036342_with_ILSVRC2012_val_00011032_rank087,378,356,0.57689,31
ILSVRC2012_val_00036342_with_ILSVRC2012_val_00002277_rank232,241,241,0.61874,0
ILSVRC2012_val_00036342_with_ILSVRC2012_val_00015035_rank460,532,344,0.15976,897
ILSVRC2012_val_00036342_with_ILSVRC2012_val_00011274_rank776,432,558,0.09583,4
ILSVRC2012_val_00036342_with_ILSVRC2012_val_00026483_rank422,558,596,0.07826,64
ILSVRC2012_val_00036342_with_ILSVRC2012_val_00045938_rank896,761,761,0.97227,0
ILSVRC2012_val_00036342_with_ILSVRC2012_val_00013061_rank978,462,462,0.86822,0
ILSVRC2012_val_00036342_with_ILSVRC2012_val_00049127_rank999,719,700,0.06694,447
ILSVRC2012_val_00036342_with_ILSVRC2012_val_00042835_rank581,412,678,0.12029,563
ILSVRC2012_val_00036342_with_ILSVRC2012_val_00027844_rank404,317,367,0.04095,410
ILSVRC2012_val_00036342_with_ILSVRC2012_val_00045557_rank567,803,803,0.28487,0
ILSVRC2012_val_00036342_with_ILSVRC2012_val_00040703_rank042,364,364,0.98118,0
ILSVRC2012_val_00036342_with_ILSVRC2012_val_00043804_rank802,915,915,0.75167,0
ILSVRC2012_val_00036342_with_ILSVRC2012_val_00009661_rank824,606,606,0.97416,0
ILSVRC2012_val_00036342_with_ILSVRC2012_val_00041504_rank902,722,722,0.24486,0
ILSVRC2012_val_00036342_with_ILSVRC2012_val_00013895_rank226,345,984,0.87725,135
ILSVRC2012_val_00036342_with_ILSVRC2012_val_00035318_rank535,682,381,0.07328,273
ILSVRC2012_val_00036342_with_ILSVRC2012_val_00038172_rank383,839,562,0.07213,32
ILSVRC2012_val_00036342_with_ILSVRC2012_val_00047713_rank215,26,26,0.35083,0
ILSVRC2012_val_00036342_with_ILSVRC2012_val_00006638_rank780,699,699,0.98178,0
ILSVRC2012_val_00036342_with_ILSVRC2012_val_00022481_rank930,784,428,0.12407,407
ILSVRC2012_val_00036342_with_ILSVRC2012_val_00029274_rank766,752,752,0.88157,0
ILSVRC2012_val_00036342_with_ILSVRC2012_val_00046753_rank509,168,211,0.45876,3
ILSVRC2012_val_00036342_with_ILSVRC2012_val_00039420_rank584,673,710,0.26914,43
ILSVRC2012_val_00036342_with_ILSVRC2012_val_00039710_rank278,625,879,0.29858,564
ILSVRC2012_val_00036342_with_ILSVRC2012_val_00015482_rank219,355,355,0.99333,0
ILSVRC2012_val_00036342_with_ILSVRC2012_val_00014578_rank075,371,371,0.79441,0
ILSVRC2012_val_00036342_with_ILSVRC2012_val_00036942_rank264,32,29,0.46724,13
ILSVRC2012_val_00036342_with_ILSVRC2012_val_00048210_rank776,432,432,0.71995,0
ILSVRC2012_val_00036342_with_ILSVRC2012_val_00023339_rank273,118,119,0.29211,2
ILSVRC2012_val_00036342_with_ILSVRC2012_val_00037462_rank610,257,88,0.62404,535
ILSVRC2012_val_00036342_with_ILSVRC2012_val_00030670_rank559,793,879,0.05977,80
ILSVRC2012_val_00036342_with_ILSVRC2012_val_00002419_rank805,629,629,0.96595,0
ILSVRC2012_val_00036342_with_ILSVRC2012_val_00044680_rank194,992,96,0.29373,367
ILSVRC2012_val_00036342_with_ILSVRC2012_val_00025358_rank427,720,927,0.11135,120
ILSVRC2012_val_00036342_with_ILSVRC2012_val_00030593_rank303,37,36,0.62118,2
ILSVRC2012_val_00036342_with_ILSVRC2012_val_00003969_rank434,964,415,0.02809,30
ILSVRC2012_val_00036342_with_ILSVRC2012_val_00032139_rank249,115,38,0.27727,32
ILSVRC2012_val_00036342_with_ILSVRC2012_val_00028019_rank340,404,404,0.41974,0
ILSVRC2012_val_00036342_with_ILSVRC2012_val_00014226_rank384,988,988,0.94446,0
ILSVRC2012_val_00036342_with_ILSVRC2012_val_00049287_rank227,305,71,0.52157,6
ILSVRC2012_val_00036342_with_ILSVRC2012_val_00021263_rank665,473,473,0.55747,0
ILSVRC2012_val_00036342_with_ILSVRC2012_val_00030646_rank771,541,541,0.94832,0
ILSVRC2012_val_00036342_with_ILSVRC2012_val_00013905_rank545,791,791,0.70961,0
ILSVRC2012_val_00036342_with_ILSVRC2012_val_00032514_rank615,631,804,0.55442,6
ILSVRC2012_val_00036342_with_ILSVRC2012_val_00033117_rank603,923,923,0.89947,0
ILSVRC2012_val_00036342_with_ILSVRC2012_val_00034672_rank757,528,528,0.31672,0
ILSVRC2012_val_00036342_with_ILSVRC2012_val_00041185_rank219,355,355,0.75358,0
ILSVRC2012_val_00036342_with_ILSVRC2012_val_00008470_rank616,885,7,0.40225,579
ILSVRC2012_val_00036342_with_ILSVRC2012_val_00036078_rank767,816,367,0.04163,228
ILSVRC2012_val_00036342_with_ILSVRC2012_val_00047625_rank970,818,818,0.54397,0
ILSVRC2012_val_00036342_with_ILSVRC2012_val_00021293_rank883,704,704,0.88021,0
ILSVRC2012_val_00036342_with_ILSVRC2012_val_00045030_rank853,779,779,0.9747,0
ILSVRC2012_val_00036342_with_ILSVRC2012_val_00003498_rank575,325,325,0.99701,0
ILSVRC2012_val_00036342_with_ILSVRC2012_val_00041803_rank406,322,322,0.98455,0
ILSVRC2012_val_00036342_with_ILSVRC2012_val_00031291_rank961,826,367,0.04095,453
ILSVRC2012_val_00036342_with_ILSVRC2012_val_00036038_rank736,695,695,0.94506,0
ILSVRC2012_val_00036342_with_ILSVRC2012_val_00045735_rank435,169,367,0.04095,221
ILSVRC2012_val_00036342_with_ILSVRC2012_val_00022158_rank552,661,751,0.47681,13
ILSVRC2012_val_00036342_with_ILSVRC2012_val_00026990_rank233,472,472,0.53394,0
ILSVRC2012_val_00036342_with_ILSVRC2012_val_00006609_rank315,204,204,0.91739,0
ILSVRC2012_val_00036342_with_ILSVRC2012_val_00019538_rank658,450,830,0.24195,9
ILSVRC2012_val_00036342_with_ILSVRC2012_val_00038199_rank432,361,7,0.13499,84
ILSVRC2012_val_00036342_with_ILSVRC2012_val_00000675_rank012,336,377,0.61297,73
ILSVRC2012_val_00036342_with_ILSVRC2012_val_00015975_rank630,301,367,0.04105,310
ILSVRC2012_val_00036342_with_ILSVRC2012_val_00038320_rank672,596,596,0.61893,0
ILSVRC2012_val_00036342_with_ILSVRC2012_val_00025357_rank803,875,618,0.14496,74
ILSVRC2012_val_00036342_with_ILSVRC2012_val_00024340_rank619,701,398,0.04725,871
ILSVRC2012_val_00036342_with_ILSVRC2012_val_00023770_rank986,795,562,0.32751,588
ILSVRC2012_val_00036342_with_ILSVRC2012_val_00048641_rank406,322,322,0.97679,0
ILSVRC2012_val_00036342_with_ILSVRC2012_val_00020220_rank182,973,149,0.07389,22
ILSVRC2012_val_00036342_with_ILSVRC2012_val_00042876_rank367,324,324,0.81366,0
ILSVRC2012_val_00036342_with_ILSVRC2012_val_00011322_rank204,239,239,0.77651,0
ILSVRC2012_val_00036342_with_ILSVRC2012_val_00045762_rank939,735,840,0.07257,65
ILSVRC2012_val_00036342_with_ILSVRC2012_val_00005421_rank612,691,87,0.21045,407
ILSVRC2012_val_00036342_with_ILSVRC2012_val_00032643_rank580,127,127,0.8827,0
ILSVRC2012_val_00036342_with_ILSVRC2012_val_00011393_rank319,308,316,0.44823,7
ILSVRC2012_val_00036342_with_ILSVRC2012_val_00039871_rank808,868,415,0.48514,15
ILSVRC2012_val_00036342_with_ILSVRC2012_val_00029640_rank494,492,492,0.97544,0
ILSVRC2012_val_00036342_with_ILSVRC2012_val_00012093_rank116,116,329,0.58295,2
ILSVRC2012_val_00036342_with_ILSVRC2012_val_00043654_rank579,710,367,0.04095,838
ILSVRC2012_val_00036342_with_ILSVRC2012_val_00036548_rank148,380,367,0.04095,25
ILSVRC2012_val_00036342_with_ILSVRC2012_val_00036654_rank857,714,714,0.99738,0
ILSVRC2012_val_00036342_with_ILSVRC2012_val_00047346_rank392,986,11,0.15611,5
ILSVRC2012_val_00036342_with_ILSVRC2012_val_00038119_rank343,126,112,0.16214,78
ILSVRC2012_val_00036342_with_ILSVRC2012_val_00035555_rank016,98,98,0.98988,0
ILSVRC2012_val_00036342_with_ILSVRC2012_val_00011151_rank979,637,637,0.66579,0
ILSVRC2012_val_00036342_with_ILSVRC2012_val_00006977_rank739,405,405,0.99097,0
ILSVRC2012_val_00036342_with_ILSVRC2012_val_00012860_rank014,362,362,0.81689,0
ILSVRC2012_val_00036342_with_ILSVRC2012_val_00018723_rank944,577,787,0.38607,6
ILSVRC2012_val_00036342_with_ILSVRC2012_val_00048957_rank317,55,55,0.89282,0
ILSVRC2012_val_00036342_with_ILSVRC2012_val_00022462_rank872,417,417,0.98913,0
ILSVRC2012_val_00036342_with_ILSVRC2012_val_00049479_rank994,632,632,0.97261,0
ILSVRC2012_val_00036342_with_ILSVRC2012_val_00015383_rank724,824,474,0.63348,2
ILSVRC2012_val_00036342_with_ILSVRC2012_val_00037926_rank384,988,988,0.06349,0
ILSVRC2012_val_00036342_with_ILSVRC2012_val_00010453_rank888,808,808,0.11274,0
ILSVRC2012_val_00036342_with_ILSVRC2012_val_00036304_rank695,609,609,0.98272,0
ILSVRC2012_val_00036342_with_ILSVRC2012_val_00036329_rank603,923,923,0.17904,0
ILSVRC2012_val_00036342_with_ILSVRC2012_val_00008699_rank966,772,367,0.06071,668
ILSVRC2012_val_00036342_with_ILSVRC2012_val_00028106_rank578,836,703,0.07971,71
ILSVRC2012_val_00036342_with_ILSVRC2012_val_00004213_rank829,956,956,0.69421,0
ILSVRC2012_val_00036342_with_ILSVRC2012_val_00032105_rank865,475,475,0.57895,0
ILSVRC2012_val_00036342_with_ILSVRC2012_val_00015507_rank290,408,764,0.39928,170
ILSVRC2012_val_00036342_with_ILSVRC2012_val_00029439_rank904,399,345,0.5291,481
ILSVRC2012_val_00036342_with_ILSVRC2012_val_00015334_rank423,154,154,0.96362,0
ILSVRC2012_val_00036342_with_ILSVRC2012_val_00013232_rank293,434,367,0.04095,569
ILSVRC2012_val_00036342_with_ILSVRC2012_val_00025772_rank605,420,420,0.99364,0
ILSVRC2012_val_00036342_with_ILSVRC2012_val_00011619_rank891,949,809,0.10367,99
ILSVRC2012_val_00036342_with_ILSVRC2012_val_00032587_rank029,50,37,0.62851,26
ILSVRC2012_val_00036342_with_ILSVRC2012_val_00001127_rank590,786,528,0.35475,10
ILSVRC2012_val_00036342_with_ILSVRC2012_val_00041523_rank780,699,457,0.1966,109
ILSVRC2012_val_00036342_with_ILSVRC2012_val_00001498_rank015,296,171,0.70205,626
ILSVRC2012_val_00036342_with_ILSVRC2012_val_00028881_rank214,170,170,0.39286,0
ILSVRC2012_val_00036342_with_ILSVRC2012_val_00012112_rank486,993,993,0.53704,0
ILSVRC2012_val_00036342_with_ILSVRC2012_val_00046806_rank873,552,199,0.20566,98
ILSVRC2012_val_00036342_with_ILSVRC2012_val_00040262_rank777,917,239,0.02139,755
ILSVRC2012_val_00036342_with_ILSVRC2012_val_00006908_rank436,392,392,0.97375,0
ILSVRC2012_val_00036342_with_ILSVRC2012_val_00032894_rank496,717,436,0.48567,1
ILSVRC2012_val_00036342_with_ILSVRC2012_val_00047807_rank237,616,344,0.06326,782
ILSVRC2012_val_00036342_with_ILSVRC2012_val_00009249_rank839,659,809,0.59553,1
ILSVRC2012_val_00036342_with_ILSVRC2012_val_00033438_rank957,650,777,0.09902,159
ILSVRC2012_val_00036342_with_ILSVRC2012_val_00027148_rank171,61,61,0.96952,0
ILSVRC2012_val_00036342_with_ILSVRC2012_val_00029978_rank973,575,586,0.2378,25
ILSVRC2012_val_00036342_with_ILSVRC2012_val_00017040_rank876,866,866,0.28717,0
ILSVRC2012_val_00036342_with_ILSVRC2012_val_00013283_rank033,148,4,0.40304,10
ILSVRC2012_val_00036342_with_ILSVRC2012_val_00023920_rank073,343,343,0.93208,0
ILSVRC2012_val_00036342_with_ILSVRC2012_val_00029140_rank398,160,24,0.77638,167
ILSVRC2012_val_00036342_with_ILSVRC2012_val_00030000_rank387,96,96,0.98345,0
ILSVRC2012_val_00036342_with_ILSVRC2012_val_00026410_rank443,955,955,0.99535,0
ILSVRC2012_val_00036342_with_ILSVRC2012_val_00021252_rank254,128,128,0.22693,0
ILSVRC2012_val_00036342_with_ILSVRC2012_val_00024049_rank993,608,367,0.04091,312
ILSVRC2012_val_00036342_with_ILSVRC2012_val_00045446_rank247,234,367,0.04095,61
ILSVRC2012_val_00036342_with_ILSVRC2012_val_00014871_rank145,348,253,0.27657,900
ILSVRC2012_val_00036342_with_ILSVRC2012_val_00021675_rank696,681,88,0.41264,329
ILSVRC2012_val_00036342_with_ILSVRC2012_val_00034626_rank575,325,367,0.0412,759
ILSVRC2012_val_00036342_with_ILSVRC2012_val_00040024_rank738,883,90,0.05518,158
ILSVRC2012_val_00036342_with_ILSVRC2012_val_00028938_rank015,296,284,0.14216,112
ILSVRC2012_val_00036342_with_ILSVRC2012_val_00029517_rank700,777,904,0.19839,335
ILSVRC2012_val_00036342_with_ILSVRC2012_val_00043999_rank919,890,429,0.24302,13
ILSVRC2012_val_00036342_with_ILSVRC2012_val_00030399_rank152,179,268,0.3854,13
ILSVRC2012_val_00036342_with_ILSVRC2012_val_00005088_rank338,991,108,0.23049,6
ILSVRC2012_val_00036342_with_ILSVRC2012_val_00016539_rank647,519,367,0.04095,536
ILSVRC2012_val_00036342_with_ILSVRC2012_val_00000031_rank367,324,367,0.04098,616
ILSVRC2012_val_00036342_with_ILSVRC2012_val_00040475_rank607,936,936,0.97463,0
ILSVRC2012_val_00036342_with_ILSVRC2012_val_00043935_rank268,340,340,0.99758,0
ILSVRC2012_val_00036342_with_ILSVRC2012_val_00006516_rank029,50,50,0.98688,0
ILSVRC2012_val_00036342_with_ILSVRC2012_val_00008107_rank838,652,367,0.04093,399
ILSVRC2012_val_00036342_with_ILSVRC2012_val_00035659_rank935,644,94,0.27981,255
ILSVRC2012_val_00036342_with_ILSVRC2012_val_00002297_rank358,212,212,0.73887,0
ILSVRC2012_val_00036342_with_ILSVRC2012_val_00007563_rank443,955,955,0.92862,0
ILSVRC2012_val_00036342_with_ILSVRC2012_val_00014999_rank936,919,919,0.9408,0
ILSVRC2012_val_00036342_with_ILSVRC2012_val_00049973_rank038,295,295,0.62169,0
ILSVRC2012_val_00036342_with_ILSVRC2012_val_00015937_rank577,827,827,0.83288,0
ILSVRC2012_val_00036342_with_ILSVRC2012_val_00012992_rank846,747,747,0.27302,0
ILSVRC2012_val_00036342_with_ILSVRC2012_val_00016739_rank549,698,367,0.04095,759
ILSVRC2012_val_00036342_with_ILSVRC2012_val_00017079_rank170,395,562,0.0621,646
ILSVRC2012_val_00036342_with_ILSVRC2012_val_00010876_rank904,399,879,0.19842,84
ILSVRC2012_val_00036342_with_ILSVRC2012_val_00030456_rank503,855,367,0.04095,668
ILSVRC2012_val_00036342_with_ILSVRC2012_val_00033693_rank038,295,295,0.93153,0
ILSVRC2012_val_00036342_with_ILSVRC2012_val_00035961_rank168,510,510,0.99244,0
ILSVRC2012_val_00036342_with_ILSVRC2012_val_00036412_rank673,453,367,0.04095,694
ILSVRC2012_val_00036342_with_ILSVRC2012_val_00022786_rank160,91,91,0.92326,0
ILSVRC2012_val_00036342_with_ILSVRC2012_val_00041747_rank937,999,562,0.09324,921
ILSVRC2012_val_00036342_with_ILSVRC2012_val_00040708_rank536,163,163,0.98576,0
ILSVRC2012_val_00036342_with_ILSVRC2012_val_00018856_rank834,430,367,0.04098,149
ILSVRC2012_val_00036342_with_ILSVRC2012_val_00044393_rank141,80,80,0.8536,0
ILSVRC2012_val_00036342_with_ILSVRC2012_val_00046808_rank859,504,504,0.53156,0
ILSVRC2012_val_00036342_with_ILSVRC2012_val_00014341_rank967,832,562,0.24985,31
ILSVRC2012_val_00036342_with_ILSVRC2012_val_00008952_rank071,6,5,0.56711,1
ILSVRC2012_val_00036342_with_ILSVRC2012_val_00014027_rank503,855,855,0.99975,0
ILSVRC2012_val_00036342_with_ILSVRC2012_val_00020918_rank655,732,732,0.27549,0
ILSVRC2012_val_00036342_with_ILSVRC2012_val_00023198_rank569,267,359,0.12803,535
ILSVRC2012_val_00036342_with_ILSVRC2012_val_00037247_rank585,950,950,0.864,0
ILSVRC2012_val_00036342_with_ILSVRC2012_val_00020321_rank264,32,124,0.23142,75
ILSVRC2012_val_00036342_with_ILSVRC2012_val_00040400_rank158,219,219,0.9793,0
ILSVRC2012_val_00036342_with_ILSVRC2012_val_00049524_rank223,997,997,0.93185,0
ILSVRC2012_val_00036342_with_ILSVRC2012_val_00017253_rank388,81,171,0.12581,899
ILSVRC2012_val_00036342_with_ILSVRC2012_val_00012459_rank906,733,314,0.03768,846
ILSVRC2012_val_00036342_with_ILSVRC2012_val_00012537_rank335,931,365,0.05705,393
ILSVRC2012_val_00036342_with_ILSVRC2012_val_00030314_rank852,468,468,0.80577,0
ILSVRC2012_val_00036342_with_ILSVRC2012_val_00021103_rank687,863,562,0.18211,13
ILSVRC2012_val_00036342_with_ILSVRC2012_val_00009790_rank941,700,499,0.49837,29
ILSVRC2012_val_00036342_with_ILSVRC2012_val_00029379_rank771,541,447,0.28085,209
ILSVRC2012_val_00036342_with_ILSVRC2012_val_00022564_rank625,593,367,0.03392,294
ILSVRC2012_val_00036342_with_ILSVRC2012_val_00027144_rank559,793,344,0.63444,216
ILSVRC2012_val_00036342_with_ILSVRC2012_val_00004079_rank639,645,74,0.10048,218
ILSVRC2012_val_00036342_with_ILSVRC2012_val_00004560_rank561,197,199,0.33217,3
ILSVRC2012_val_00036342_with_ILSVRC2012_val_00041820_rank836,258,258,0.55133,0
ILSVRC2012_val_00036342_with_ILSVRC2012_val_00020096_rank713,727,727,0.94106,0
ILSVRC2012_val_00036342_with_ILSVRC2012_val_00018558_rank238,190,181,0.2557,8
ILSVRC2012_val_00036342_with_ILSVRC2012_val_00024667_rank681,925,925,0.68203,0
ILSVRC2012_val_00036342_with_ILSVRC2012_val_00026195_rank538,741,367,0.04095,352
ILSVRC2012_val_00036342_with_ILSVRC2012_val_00006111_rank521,703,562,0.08609,6
ILSVRC2012_val_00036342_with_ILSVRC2012_val_00013094_rank399,211,211,0.91043,0
ILSVRC2012_val_00036342_with_ILSVRC2012_val_00026268_rank923,869,367,0.04095,838
ILSVRC2012_val_00036342_with_ILSVRC2012_val_00016437_rank161,347,347,0.50706,0
ILSVRC2012_val_00036342_with_ILSVRC2012_val_00036287_rank583,87,87,0.99884,0
ILSVRC2012_val_00036342_with_ILSVRC2012_val_00023796_rank361,94,94,0.99318,0
ILSVRC2012_val_00036342_with_ILSVRC2012_val_00029506_rank229,187,367,0.04095,116
ILSVRC2012_val_00036342_with_ILSVRC2012_val_00006797_rank006,103,103,0.54539,0
ILSVRC2012_val_00036342_with_ILSVRC2012_val_00024102_rank264,32,32,0.357,0
ILSVRC2012_val_00036342_with_ILSVRC2012_val_00038241_rank072,146,367,0.04095,143
ILSVRC2012_val_00036342_with_ILSVRC2012_val_00004011_rank367,324,324,0.95398,0
ILSVRC2012_val_00036342_with_ILSVRC2012_val_00035871_rank119,394,367,0.04095,743
ILSVRC2012_val_00036342_with_ILSVRC2012_val_00032290_rank231,233,233,0.69833,0
ILSVRC2012_val_00036342_with_ILSVRC2012_val_00045465_rank124,278,274,0.4144,5
ILSVRC2012_val_00036342_with_ILSVRC2012_val_00012288_rank328,218,218,0.7997,0
ILSVRC2012_val_00036342_with_ILSVRC2012_val_00012395_rank482,184,367,0.04095,729
ILSVRC2012_val_00036342_with_ILSVRC2012_val_00015999_rank100,76,367,0.05542,182
ILSVRC2012_val_00036342_with_ILSVRC2012_val_00019821_rank354,214,234,0.21708,3
ILSVRC2012_val_00036342_with_ILSVRC2012_val_00022162_rank286,354,354,0.18856,0
ILSVRC2012_val_00036342_with_ILSVRC2012_val_00001513_rank226,345,345,0.9345,0
ILSVRC2012_val_00036342_with_ILSVRC2012_val_00029860_rank675,587,587,0.71825,0
ILSVRC2012_val_00036342_with_ILSVRC2012_val_00042598_rank778,529,341,0.05279,291
ILSVRC2012_val_00036342_with_ILSVRC2012_val_00024115_rank009,344,344,0.99754,0
ILSVRC2012_val_00036342_with_ILSVRC2012_val_00004154_rank570,651,859,0.81927,5
ILSVRC2012_val_00036342_with_ILSVRC2012_val_00047450_rank746,683,683,0.27795,0
ILSVRC2012_val_00036342_with_ILSVRC2012_val_00009996_rank059,350,350,0.93512,0
ILSVRC2012_val_00036342_with_ILSVRC2012_val_00034616_rank706,159,184,0.59368,15
ILSVRC2012_val_00036342_with_ILSVRC2012_val_00038692_rank761,760,233,0.18339,368
ILSVRC2012_val_00036342_with_ILSVRC2012_val_00007845_rank075,371,356,0.21209,73
ILSVRC2012_val_00036342_with_ILSVRC2012_val_00012102_rank515,310,301,0.91785,1
ILSVRC2012_val_00036342_with_ILSVRC2012_val_00029580_rank157,74,365,0.07183,426
ILSVRC2012_val_00036342_with_ILSVRC2012_val_00040084_rank794,597,469,0.36542,871
ILSVRC2012_val_00036342_with_ILSVRC2012_val_00015006_rank910,787,714,0.12248,50
ILSVRC2012_val_00036342_with_ILSVRC2012_val_00001509_rank005,356,338,0.13465,40
ILSVRC2012_val_00036342_with_ILSVRC2012_val_00029653_rank135,341,852,0.30062,714
ILSVRC2012_val_00036342_with_ILSVRC2012_val_00018205_rank093,293,293,0.98094,0
ILSVRC2012_val_00036342_with_ILSVRC2012_val_00039579_rank406,322,162,0.16967,313
ILSVRC2012_val_00036342_with_ILSVRC2012_val_00036543_rank454,231,356,0.70582,256
ILSVRC2012_val_00036342_with_ILSVRC2012_val_00029576_rank773,758,395,0.89986,7
ILSVRC2012_val_00036342_with_ILSVRC2012_val_00047815_rank500,742,742,0.03553,0
ILSVRC2012_val_00036342_with_ILSVRC2012_val_00032695_rank365,996,367,0.04095,394
ILSVRC2012_val_00036342_with_ILSVRC2012_val_00017506_rank535,682,904,0.0552,358
ILSVRC2012_val_00036342_with_ILSVRC2012_val_00024982_rank894,559,367,0.05614,821
ILSVRC2012_val_00036342_with_ILSVRC2012_val_00001920_rank664,943,55,0.1695,23
ILSVRC2012_val_00036342_with_ILSVRC2012_val_00031858_rank883,704,90,0.14637,371
ILSVRC2012_val_00036342_with_ILSVRC2012_val_00026714_rank722,858,539,0.03889,33
ILSVRC2012_val_00036342_with_ILSVRC2012_val_00049843_rank290,408,408,0.89639,0
ILSVRC2012_val_00036342_with_ILSVRC2012_val_00033497_rank622,945,945,0.88023,0
ILSVRC2012_val_00036342_with_ILSVRC2012_val_00030490_rank355,853,371,0.05567,259
ILSVRC2012_val_00036342_with_ILSVRC2012_val_00023093_rank972,789,904,0.23796,4
ILSVRC2012_val_00036342_with_ILSVRC2012_val_00039815_rank724,824,367,0.04119,324
ILSVRC2012_val_00036342_with_ILSVRC2012_val_00030937_rank840,912,618,0.10511,769
ILSVRC2012_val_00036342_with_ILSVRC2012_val_00000541_rank035,48,50,0.3725,6
ILSVRC2012_val_00036342_with_ILSVRC2012_val_00009578_rank180,271,331,0.35381,23
ILSVRC2012_val_00036342_with_ILSVRC2012_val_00036834_rank077,983,47,0.19268,263
ILSVRC2012_val_00036342_with_ILSVRC2012_val_00048486_rank204,239,239,0.48715,0
ILSVRC2012_val_00036342_with_ILSVRC2012_val_00017617_rank185,693,428,0.10466,65
ILSVRC2012_val_00036342_with_ILSVRC2012_val_00000154_rank249,115,115,0.93856,0
ILSVRC2012_val_00036342_with_ILSVRC2012_val_00026469_rank506,672,672,0.73106,0
ILSVRC2012_val_00036342_with_ILSVRC2012_val_00025757_rank961,826,677,0.09629,383
ILSVRC2012_val_00036342_with_ILSVRC2012_val_00024327_rank543,0,367,0.04095,492
ILSVRC2012_val_00036342_with_ILSVRC2012_val_00016775_rank144,108,108,0.84385,0
ILSVRC2012_val_00036342_with_ILSVRC2012_val_00044396_rank956,521,521,0.67954,0
ILSVRC2012_val_00036342_with_ILSVRC2012_val_00019421_rank733,461,344,0.05064,782
ILSVRC2012_val_00036342_with_ILSVRC2012_val_00029375_rank569,267,265,0.49424,2
ILSVRC2012_val_00036342_with_ILSVRC2012_val_00016167_rank710,564,674,0.31419,553
ILSVRC2012_val_00036342_with_ILSVRC2012_val_00027559_rank025,145,145,0.99895,0
ILSVRC2012_val_00036342_with_ILSVRC2012_val_00021488_rank028,388,388,0.99737,0
ILSVRC2012_val_00036342_with_ILSVRC2012_val_00009880_rank855,584,584,0.78668,0
ILSVRC2012_val_00036342_with_ILSVRC2012_val_00026778_rank313,266,344,0.204,826
ILSVRC2012_val_00036342_with_ILSVRC2012_val_00047258_rank388,81,81,0.39368,0
ILSVRC2012_val_00036342_with_ILSVRC2012_val_00014020_rank376,463,192,0.10056,851
ILSVRC2012_val_00036342_with_ILSVRC2012_val_00020431_rank884,709,539,0.2754,80
ILSVRC2012_val_00036342_with_ILSVRC2012_val_00030621_rank986,795,344,0.04939,793
ILSVRC2012_val_00036342_with_ILSVRC2012_val_00011616_rank018,359,191,0.33223,184
ILSVRC2012_val_00036342_with_ILSVRC2012_val_00004998_rank553,895,908,0.33861,2
ILSVRC2012_val_00036342_with_ILSVRC2012_val_00032957_rank164,178,178,0.7818,0
ILSVRC2012_val_00036342_with_ILSVRC2012_val_00010796_rank658,450,197,0.4079,399
ILSVRC2012_val_00036342_with_ILSVRC2012_val_00010387_rank712,845,845,0.99533,0
ILSVRC2012_val_00036342_with_ILSVRC2012_val_00008292_rank340,404,404,0.77382,0
ILSVRC2012_val_00036342_with_ILSVRC2012_val_00001376_rank936,919,367,0.04055,490
ILSVRC2012_val_00036342_with_ILSVRC2012_val_00044827_rank054,377,377,0.98866,0
ILSVRC2012_val_00036342_with_ILSVRC2012_val_00030999_rank208,483,6,0.41505,342
ILSVRC2012_val_00036342_with_ILSVRC2012_val_00010470_rank723,937,285,0.05257,339
ILSVRC2012_val_00036342_with_ILSVRC2012_val_00040037_rank729,940,954,0.21862,12
ILSVRC2012_val_00036342_with_ILSVRC2012_val_00019739_rank989,610,610,0.08845,0
ILSVRC2012_val_00036342_with_ILSVRC2012_val_00037875_rank714,835,539,0.14987,323
ILSVRC2012_val_00036342_with_ILSVRC2012_val_00006636_rank537,904,904,0.87349,0
ILSVRC2012_val_00036342_with_ILSVRC2012_val_00045704_rank664,943,315,0.73128,26
ILSVRC2012_val_00036342_with_ILSVRC2012_val_00003312_rank355,853,853,0.69399,0
ILSVRC2012_val_00036342_with_ILSVRC2012_val_00041863_rank772,749,749,0.55367,0
ILSVRC2012_val_00036342_with_ILSVRC2012_val_00047743_rank121,576,576,0.97989,0
ILSVRC2012_val_00036342_with_ILSVRC2012_val_00043702_rank071,6,17,0.43606,338
ILSVRC2012_val_00036342_with_ILSVRC2012_val_00021215_rank159,63,367,0.04952,158
ILSVRC2012_val_00036342_with_ILSVRC2012_val_00023233_rank292,780,576,0.31174,21
ILSVRC2012_val_00036342_with_ILSVRC2012_val_00009520_rank659,696,367,0.0408,791
ILSVRC2012_val_00036342_with_ILSVRC2012_val_00007703_rank835,617,743,0.51616,90
ILSVRC2012_val_00036342_with_ILSVRC2012_val_00022166_rank693,828,24,0.27985,600
ILSVRC2012_val_00036342_with_ILSVRC2012_val_00037637_rank644,513,513,0.38261,0
ILSVRC2012_val_00036342_with_ILSVRC2012_val_00043677_rank318,389,395,0.93837,2
ILSVRC2012_val_00036342_with_ILSVRC2012_val_00047061_rank418,68,66,0.38591,1
ILSVRC2012_val_00036342_with_ILSVRC2012_val_00001366_rank343,126,126,0.86355,0
ILSVRC2012_val_00036342_with_ILSVRC2012_val_00004250_rank394,524,344,0.9674,708
ILSVRC2012_val_00036342_with_ILSVRC2012_val_00031581_rank848,630,344,0.07669,474
ILSVRC2012_val_00036342_with_ILSVRC2012_val_00013728_rank473,201,201,0.13713,0
ILSVRC2012_val_00036342_with_ILSVRC2012_val_00022050_rank234,245,245,0.97035,0
ILSVRC2012_val_00036342_with_ILSVRC2012_val_00008007_rank914,444,870,0.63579,4
ILSVRC2012_val_00036342_with_ILSVRC2012_val_00016986_rank001,360,360,0.92985,0
ILSVRC2012_val_00036342_with_ILSVRC2012_val_00008948_rank857,714,868,0.11872,558
ILSVRC2012_val_00036342_with_ILSVRC2012_val_00008252_rank434,964,367,0.04095,530
ILSVRC2012_val_00036342_with_ILSVRC2012_val_00048531_rank991,702,313,0.28475,166
ILSVRC2012_val_00036342_with_ILSVRC2012_val_00006434_rank922,571,367,0.04095,794
ILSVRC2012_val_00036342_with_ILSVRC2012_val_00010027_rank666,654,654,0.85889,0
ILSVRC2012_val_00036342_with_ILSVRC2012_val_00024402_rank675,587,677,0.14996,4
ILSVRC2012_val_00036342_with_ILSVRC2012_val_00008244_rank951,811,499,0.0622,351
ILSVRC2012_val_00036342_with_ILSVRC2012_val_00037369_rank804,574,808,0.44502,593
ILSVRC2012_val_00036342_with_ILSVRC2012_val_00001602_rank739,405,405,0.55595,0
ILSVRC2012_val_00036342_with_ILSVRC2012_val_00040965_rank798,423,891,0.68637,39
ILSVRC2012_val_00036342_with_ILSVRC2012_val_00023314_rank652,470,470,0.57464,0
ILSVRC2012_val_00036342_with_ILSVRC2012_val_00012828_rank470,70,313,0.1177,5
ILSVRC2012_val_00036342_with_ILSVRC2012_val_00017634_rank037,140,142,0.33644,1
ILSVRC2012_val_00036342_with_ILSVRC2012_val_00018901_rank578,836,879,0.08312,49
ILSVRC2012_val_00036342_with_ILSVRC2012_val_00025034_rank675,587,855,0.26334,42
ILSVRC2012_val_00036342_with_ILSVRC2012_val_00017376_rank682,677,587,0.20324,2
ILSVRC2012_val_00036342_with_ILSVRC2012_val_00030224_rank345,10,10,0.96432,0
ILSVRC2012_val_00036342_with_ILSVRC2012_val_00015855_rank035,48,48,0.60764,0
ILSVRC2012_val_00036342_with_ILSVRC2012_val_00027126_rank735,556,421,0.03861,30
ILSVRC2012_val_00036342_with_ILSVRC2012_val_00042240_rank195,171,367,0.04095,338
ILSVRC2012_val_00036342_with_ILSVRC2012_val_00031403_rank178,372,373,0.2094,1
ILSVRC2012_val_00036342_with_ILSVRC2012_val_00001289_rank798,423,849,0.05149,192
ILSVRC2012_val_00036342_with_ILSVRC2012_val_00045455_rank698,522,852,0.54352,7
ILSVRC2012_val_00036342_with_ILSVRC2012_val_00022677_rank506,672,672,0.97238,0
ILSVRC2012_val_00036342_with_ILSVRC2012_val_00017101_rank612,691,282,0.04138,439
ILSVRC2012_val_00036342_with_ILSVRC2012_val_00015243_rank182,973,47,0.12223,124
ILSVRC2012_val_00036342_with_ILSVRC2012_val_00020180_rank057,30,31,0.78806,2
ILSVRC2012_val_00036342_with_ILSVRC2012_val_00049316_rank264,32,32,0.54897,0
ILSVRC2012_val_00036342_with_ILSVRC2012_val_00028992_rank246,156,377,0.03303,114
ILSVRC2012_val_00036342_with_ILSVRC2012_val_00036095_rank012,336,334,0.16502,20
ILSVRC2012_val_00036342_with_ILSVRC2012_val_00011679_rank679,410,367,0.05916,492
ILSVRC2012_val_00036342_with_ILSVRC2012_val_00035063_rank129,73,77,0.5017,4
ILSVRC2012_val_00036342_with_ILSVRC2012_val_00002570_rank021,106,367,0.04095,49
ILSVRC2012_val_00036342_with_ILSVRC2012_val_00019097_rank181,67,67,0.94639,0
ILSVRC2012_val_00036342_with_ILSVRC2012_val_00008746_rank381,15,95,0.7513,10
ILSVRC2012_val_00036342_with_ILSVRC2012_val_00043542_rank570,651,877,0.09702,70
ILSVRC2012_val_00036342_with_ILSVRC2012_val_00031441_rank738,883,804,0.12267,17
ILSVRC2012_val_00036342_with_ILSVRC2012_val_00003532_rank552,661,786,0.21275,161
ILSVRC2012_val_00036342_with_ILSVRC2012_val_00046987_rank801,671,367,0.04095,342
ILSVRC2012_val_00036342_with_ILSVRC2012_val_00005686_rank642,563,879,0.03656,296
ILSVRC2012_val_00036342_with_ILSVRC2012_val_00011248_rank533,438,438,0.92451,0
ILSVRC2012_val_00036342_with_ILSVRC2012_val_00024072_rank102,181,181,0.74288,0
ILSVRC2012_val_00036342_with_ILSVRC2012_val_00003191_rank471,306,306,0.95579,0
ILSVRC2012_val_00036342_with_ILSVRC2012_val_00042346_rank100,76,76,0.23821,0
ILSVRC2012_val_00036342_with_ILSVRC2012_val_00023436_rank698,522,522,0.34395,0
ILSVRC2012_val_00036342_with_ILSVRC2012_val_00010697_rank830,259,259,0.98119,0
ILSVRC2012_val_00036342_with_ILSVRC2012_val_00027979_rank624,687,599,0.89257,256
ILSVRC2012_val_00036342_with_ILSVRC2012_val_00035338_rank503,855,63,0.10716,49
ILSVRC2012_val_00036342_with_ILSVRC2012_val_00043980_rank450,712,367,0.04095,606
ILSVRC2012_val_00036342_with_ILSVRC2012_val_00017647_rank774,664,781,0.21106,22
ILSVRC2012_val_00036342_with_ILSVRC2012_val_00022501_rank328,218,218,0.80393,0
ILSVRC2012_val_00036342_with_ILSVRC2012_val_00033056_rank339,376,376,0.4379,0
ILSVRC2012_val_00036342_with_ILSVRC2012_val_00046670_rank491,189,357,0.40655,178
ILSVRC2012_val_00036342_with_ILSVRC2012_val_00043693_rank425,856,428,0.19213,31
ILSVRC2012_val_00036342_with_ILSVRC2012_val_00031599_rank574,215,173,0.66751,5
ILSVRC2012_val_00036342_with_ILSVRC2012_val_00008456_rank994,632,539,0.24943,173
ILSVRC2012_val_00036342_with_ILSVRC2012_val_00018950_rank608,668,562,0.06775,33
ILSVRC2012_val_00036342_with_ILSVRC2012_val_00022942_rank334,75,310,0.44203,6
ILSVRC2012_val_00036342_with_ILSVRC2012_val_00002052_rank379,16,16,0.95283,0
ILSVRC2012_val_00036342_with_ILSVRC2012_val_00033188_rank336,124,313,0.56096,15
ILSVRC2012_val_00036342_with_ILSVRC2012_val_00032840_rank112,390,390,0.80139,0
ILSVRC2012_val_00036342_with_ILSVRC2012_val_00038783_rank845,589,589,0.63281,0
ILSVRC2012_val_00036342_with_ILSVRC2012_val_00010484_rank366,320,320,0.8483,0
ILSVRC2012_val_00036342_with_ILSVRC2012_val_00003148_rank827,643,290,0.19254,744
ILSVRC2012_val_00036342_with_ILSVRC2012_val_00020523_rank912,792,499,0.7192,22
ILSVRC2012_val_00036342_with_ILSVRC2012_val_00002546_rank439,261,261,0.99832,0
ILSVRC2012_val_00036342_with_ILSVRC2012_val_00042174_rank446,495,367,0.04095,667
ILSVRC2012_val_00036342_with_ILSVRC2012_val_00023814_rank573,906,879,0.13395,515
ILSVRC2012_val_00036342_with_ILSVRC2012_val_00027413_rank123,291,211,0.19935,64
ILSVRC2012_val_00036342_with_ILSVRC2012_val_00026131_rank898,840,816,0.79157,31
ILSVRC2012_val_00036342_with_ILSVRC2012_val_00042934_rank822,601,367,0.04089,754
ILSVRC2012_val_00036342_with_ILSVRC2012_val_00044377_rank043,139,367,0.04095,308
ILSVRC2012_val_00036342_with_ILSVRC2012_val_00020690_rank166,83,83,0.99374,0
ILSVRC2012_val_00036342_with_ILSVRC2012_val_00027803_rank296,318,367,0.04095,291
ILSVRC2012_val_00036342_with_ILSVRC2012_val_00042859_rank141,80,367,0.04447,175
ILSVRC2012_val_00036342_with_ILSVRC2012_val_00032551_rank515,310,310,0.93022,0
ILSVRC2012_val_00036342_with_ILSVRC2012_val_00005235_rank599,873,873,0.48874,0
ILSVRC2012_val_00036342_with_ILSVRC2012_val_00040952_rank279,240,240,0.81802,0
ILSVRC2012_val_00036342_with_ILSVRC2012_val_00019223_rank506,672,672,0.64436,0
ILSVRC2012_val_00036342_with_ILSVRC2012_val_00036476_rank674,493,771,0.34948,13
ILSVRC2012_val_00036342_with_ILSVRC2012_val_00049449_rank649,713,713,0.92151,0
ILSVRC2012_val_00036342_with_ILSVRC2012_val_00027595_rank501,448,448,0.91794,0
ILSVRC2012_val_00036342_with_ILSVRC2012_val_00031470_rank061,277,274,0.50884,4
ILSVRC2012_val_00036342_with_ILSVRC2012_val_00018576_rank818,769,677,0.36511,12
ILSVRC2012_val_00036342_with_ILSVRC2012_val_00045298_rank782,613,613,0.92852,0
ILSVRC2012_val_00036342_with_ILSVRC2012_val_00021156_rank233,472,344,0.06219,46
ILSVRC2012_val_00036342_with_ILSVRC2012_val_00034299_rank502,679,488,0.18624,1
ILSVRC2012_val_00036342_with_ILSVRC2012_val_00006000_rank461,774,129,0.74842,630
ILSVRC2012_val_00036342_with_ILSVRC2012_val_00033434_rank393,92,367,0.04095,378
ILSVRC2012_val_00036342_with_ILSVRC2012_val_00005416_rank512,38,38,0.98178,0
ILSVRC2012_val_00036342_with_ILSVRC2012_val_00019971_rank676,516,338,0.23076,174
ILSVRC2012_val_00036342_with_ILSVRC2012_val_00010204_rank627,592,456,0.30998,253
ILSVRC2012_val_00036342_with_ILSVRC2012_val_00002298_rank328,218,218,0.7331,0
ILSVRC2012_val_00036342_with_ILSVRC2012_val_00014751_rank155,125,125,0.16964,0
ILSVRC2012_val_00036342_with_ILSVRC2012_val_00021206_rank482,184,237,0.76313,47
ILSVRC2012_val_00036342_with_ILSVRC2012_val_00028640_rank377,611,646,0.2559,25
ILSVRC2012_val_00036342_with_ILSVRC2012_val_00017417_rank002,337,337,0.88002,0
ILSVRC2012_val_00036342_with_ILSVRC2012_val_00024002_rank998,731,367,0.04095,893
ILSVRC2012_val_00036342_with_ILSVRC2012_val_00044530_rank349,888,395,0.16712,832
ILSVRC2012_val_00036342_with_ILSVRC2012_val_00021508_rank728,942,942,0.45988,0
ILSVRC2012_val_00036342_with_ILSVRC2012_val_00047316_rank556,402,546,0.58855,1
ILSVRC2012_val_00036342_with_ILSVRC2012_val_00021203_rank317,55,59,0.46806,2
ILSVRC2012_val_00036342_with_ILSVRC2012_val_00038207_rank620,474,367,0.04095,705
ILSVRC2012_val_00036342_with_ILSVRC2012_val_00042403_rank663,783,783,0.31223,0
ILSVRC2012_val_00036342_with_ILSVRC2012_val_00021946_rank890,226,356,0.16604,401
ILSVRC2012_val_00036342_with_ILSVRC2012_val_00021775_rank852,468,774,0.11896,472
ILSVRC2012_val_00036342_with_ILSVRC2012_val_00043933_rank280,252,377,0.17243,65
ILSVRC2012_val_00036342_with_ILSVRC2012_val_00036135_rank520,590,590,0.71848,0
ILSVRC2012_val_00036342_with_ILSVRC2012_val_00002330_rank472,246,225,0.75879,25
ILSVRC2012_val_00036342_with_ILSVRC2012_val_00019534_rank629,859,859,0.59743,0
ILSVRC2012_val_00036342_with_ILSVRC2012_val_00030960_rank876,866,428,0.3525,28
ILSVRC2012_val_00036342_with_ILSVRC2012_val_00023490_rank581,412,412,0.38904,0
ILSVRC2012_val_00036342_with_ILSVRC2012_val_00028208_rank239,84,357,0.07023,924
ILSVRC2012_val_00036342_with_ILSVRC2012_val_00014184_rank375,547,547,0.91529,0
ILSVRC2012_val_00036342_with_ILSVRC2012_val_00042310_rank505,93,93,0.99229,0
ILSVRC2012_val_00036342_with_ILSVRC2012_val_00048818_rank263,244,244,0.60309,0
ILSVRC2012_val_00036342_with_ILSVRC2012_val_00049168_rank471,306,306,0.80056,0
ILSVRC2012_val_00036342_with_ILSVRC2012_val_00017686_rank907,531,531,0.67214,0
ILSVRC2012_val_00036342_with_ILSVRC2012_val_00002040_rank718,502,630,0.40193,2
ILSVRC2012_val_00036342_with_ILSVRC2012_val_00017131_rank626,800,800,0.38285,0
ILSVRC2012_val_00036342_with_ILSVRC2012_val_00002982_rank384,988,113,0.15348,3
ILSVRC2012_val_00036342_with_ILSVRC2012_val_00006283_rank432,361,375,0.19786,6
ILSVRC2012_val_00036342_with_ILSVRC2012_val_00003525_rank692,939,367,0.04095,293
ILSVRC2012_val_00036342_with_ILSVRC2012_val_00022118_rank463,739,739,0.98646,0
ILSVRC2012_val_00036342_with_ILSVRC2012_val_00025867_rank171,61,63,0.13442,14
ILSVRC2012_val_00036342_with_ILSVRC2012_val_00039294_rank641,864,517,0.24686,7
ILSVRC2012_val_00036342_with_ILSVRC2012_val_00045720_rank482,184,262,0.47364,10
ILSVRC2012_val_00036342_with_ILSVRC2012_val_00013722_rank761,760,692,0.22539,59
ILSVRC2012_val_00036342_with_ILSVRC2012_val_00022938_rank072,146,146,0.82978,0
ILSVRC2012_val_00036342_with_ILSVRC2012_val_00007310_rank244,814,814,0.99091,0
ILSVRC2012_val_00036342_with_ILSVRC2012_val_00030503_rank979,637,637,0.9989,0
ILSVRC2012_val_00036342_with_ILSVRC2012_val_00035277_rank719,426,426,0.90218,0
ILSVRC2012_val_00036342_with_ILSVRC2012_val_00009057_rank435,169,172,0.4963,5
ILSVRC2012_val_00036342_with_ILSVRC2012_val_00022952_rank403,568,568,0.87063,0
ILSVRC2012_val_00036342_with_ILSVRC2012_val_00038227_rank706,159,159,0.93553,0
ILSVRC2012_val_00036342_with_ILSVRC2012_val_00037761_rank734,413,413,0.22888,0
ILSVRC2012_val_00036342_with_ILSVRC2012_val_00002350_rank490,924,924,0.95097,0
ILSVRC2012_val_00036342_with_ILSVRC2012_val_00021785_rank237,616,361,0.03473,900
ILSVRC2012_val_00036342_with_ILSVRC2012_val_00018101_rank873,552,904,0.03841,572
ILSVRC2012_val_00036342_with_ILSVRC2012_val_00024243_rank656,688,688,0.99041,0
ILSVRC2012_val_00036342_with_ILSVRC2012_val_00010320_rank953,614,614,0.85707,0
ILSVRC2012_val_00036342_with_ILSVRC2012_val_00019773_rank573,906,344,0.10129,919
ILSVRC2012_val_00036342_with_ILSVRC2012_val_00023533_rank198,213,213,0.54376,0
ILSVRC2012_val_00036342_with_ILSVRC2012_val_00035609_rank444,176,176,0.86773,0
ILSVRC2012_val_00036342_with_ILSVRC2012_val_00009279_rank922,571,367,0.04095,794
ILSVRC2012_val_00036342_with_ILSVRC2012_val_00021548_rank427,720,720,0.2299,0
ILSVRC2012_val_00036342_with_ILSVRC2012_val_00000688_rank151,62,61,0.49992,1
ILSVRC2012_val_00036342_with_ILSVRC2012_val_00012174_rank930,784,602,0.11472,116
ILSVRC2012_val_00036342_with_ILSVRC2012_val_00000755_rank154,995,995,0.94358,0
ILSVRC2012_val_00036342_with_ILSVRC2012_val_00025148_rank925,898,47,0.64563,980
ILSVRC2012_val_00036342_with_ILSVRC2012_val_00047009_rank030,97,97,0.97237,0
ILSVRC2012_val_00036342_with_ILSVRC2012_val_00047830_rank408,965,329,0.39661,45
ILSVRC2012_val_00036342_with_ILSVRC2012_val_00002842_rank944,577,677,0.65032,181
ILSVRC2012_val_00036342_with_ILSVRC2012_val_00014569_rank709,594,356,0.27331,958
ILSVRC2012_val_00036342_with_ILSVRC2012_val_00028480_rank268,340,340,0.98568,0
ILSVRC2012_val_00036342_with_ILSVRC2012_val_00045289_rank092,338,5,0.22286,715
ILSVRC2012_val_00036342_with_ILSVRC2012_val_00005406_rank724,824,743,0.08604,875
ILSVRC2012_val_00036342_with_ILSVRC2012_val_00027293_rank809,436,830,0.11398,125
ILSVRC2012_val_00036342_with_ILSVRC2012_val_00034681_rank134,256,256,0.64762,0
ILSVRC2012_val_00036342_with_ILSVRC2012_val_00021185_rank767,816,677,0.51943,47
ILSVRC2012_val_00036342_with_ILSVRC2012_val_00021962_rank015,296,296,0.98052,0
ILSVRC2012_val_00036342_with_ILSVRC2012_val_00037695_rank652,470,470,0.80246,0
ILSVRC2012_val_00036342_with_ILSVRC2012_val_00013029_rank529,987,950,0.54204,23
ILSVRC2012_val_00036342_with_ILSVRC2012_val_00042855_rank209,191,184,0.64712,2
ILSVRC2012_val_00036342_with_ILSVRC2012_val_00003780_rank926,764,676,0.14055,772
ILSVRC2012_val_00036342_with_ILSVRC2012_val_00003781_rank012,336,336,0.30386,0
ILSVRC2012_val_00036342_with_ILSVRC2012_val_00010200_rank121,576,344,0.22617,76
ILSVRC2012_val_00036342_with_ILSVRC2012_val_00044112_rank171,61,62,0.54615,1
ILSVRC2012_val_00036342_with_ILSVRC2012_val_00041928_rank158,219,219,0.91213,0
ILSVRC2012_val_00036342_with_ILSVRC2012_val_00003472_rank306,134,134,0.87042,0
ILSVRC2012_val_00036342_with_ILSVRC2012_val_00002144_rank023,137,137,0.96574,0
ILSVRC2012_val_00036342_with_ILSVRC2012_val_00037603_rank625,593,367,0.04095,294
ILSVRC2012_val_00036342_with_ILSVRC2012_val_00014304_rank690,339,339,0.72335,0
ILSVRC2012_val_00036342_with_ILSVRC2012_val_00019059_rank005,356,356,0.93563,0
ILSVRC2012_val_00036342_with_ILSVRC2012_val_00042553_rank101,119,124,0.47173,7
ILSVRC2012_val_00036342_with_ILSVRC2012_val_00013163_rank734,413,413,0.63689,0
ILSVRC2012_val_00036342_with_ILSVRC2012_val_00030291_rank574,215,215,0.86476,0
ILSVRC2012_val_00036342_with_ILSVRC2012_val_00043131_rank263,244,234,0.66755,6
ILSVRC2012_val_00036342_with_ILSVRC2012_val_00044238_rank016,98,98,0.99745,0
ILSVRC2012_val_00036342_with_ILSVRC2012_val_00006782_rank791,486,96,0.10452,317
ILSVRC2012_val_00036342_with_ILSVRC2012_val_00014066_rank916,807,807,0.83224,0
ILSVRC2012_val_00036342_with_ILSVRC2012_val_00022340_rank594,572,966,0.49084,2
ILSVRC2012_val_00036342_with_ILSVRC2012_val_00002925_rank607,936,936,0.95454,0
ILSVRC2012_val_00036342_with_ILSVRC2012_val_00039577_rank349,888,749,0.73305,964
ILSVRC2012_val_00036342_with_ILSVRC2012_val_00018835_rank405,167,173,0.36715,5
ILSVRC2012_val_00036342_with_ILSVRC2012_val_00020257_rank209,191,265,0.19977,17
ILSVRC2012_val_00036342_with_ILSVRC2012_val_00040057_rank825,477,699,0.42187,162
ILSVRC2012_val_00036342_with_ILSVRC2012_val_00023193_rank382,756,804,0.14903,32
ILSVRC2012_val_00036342_with_ILSVRC2012_val_00016777_rank478,314,314,0.95047,0
ILSVRC2012_val_00036342_with_ILSVRC2012_val_00042640_rank288,685,778,0.60879,27
ILSVRC2012_val_00036342_with_ILSVRC2012_val_00003497_rank972,789,904,0.13768,4
ILSVRC2012_val_00036342_with_ILSVRC2012_val_00011926_rank877,447,836,0.16504,8
ILSVRC2012_val_00036342_with_ILSVRC2012_val_00030522_rank981,901,504,0.66672,6
ILSVRC2012_val_00036342_with_ILSVRC2012_val_00026024_rank611,834,144,0.0667,418
ILSVRC2012_val_00036342_with_ILSVRC2012_val_00048764_rank318,389,389,0.96762,0
ILSVRC2012_val_00036342_with_ILSVRC2012_val_00043996_rank839,659,121,0.21396,152
ILSVRC2012_val_00036342_with_ILSVRC2012_val_00044380_rank279,240,241,0.63531,1
ILSVRC2012_val_00036342_with_ILSVRC2012_val_00028911_rank994,632,754,0.14397,1
ILSVRC2012_val_00036342_with_ILSVRC2012_val_00013847_rank097,4,4,0.48925,0
ILSVRC2012_val_00036342_with_ILSVRC2012_val_00023672_rank673,453,703,0.1383,297
ILSVRC2012_val_00036342_with_ILSVRC2012_val_00020655_rank708,948,948,0.9689,0
ILSVRC2012_val_00036342_with_ILSVRC2012_val_00019144_rank560,481,624,0.21962,81
ILSVRC2012_val_00036342_with_ILSVRC2012_val_00044577_rank205,64,64,0.96405,0
ILSVRC2012_val_00036342_with_ILSVRC2012_val_00034998_rank169,396,367,0.04095,645
ILSVRC2012_val_00036342_with_ILSVRC2012_val_00034009_rank348,185,185,0.62974,0
ILSVRC2012_val_00036342_with_ILSVRC2012_val_00028950_rank940,478,840,0.03323,108
ILSVRC2012_val_00036342_with_ILSVRC2012_val_00032922_rank119,394,61,0.05817,208
ILSVRC2012_val_00036342_with_ILSVRC2012_val_00036046_rank759,734,468,0.8696,4
ILSVRC2012_val_00036342_with_ILSVRC2012_val_00035394_rank683,938,868,0.08574,123
ILSVRC2012_val_00036342_with_ILSVRC2012_val_00017843_rank844,466,466,0.9958,0
ILSVRC2012_val_00036342_with_ILSVRC2012_val_00012097_rank781,910,693,0.54722,21
ILSVRC2012_val_00036342_with_ILSVRC2012_val_00014957_rank488,265,997,0.17181,366
ILSVRC2012_val_00036342_with_ILSVRC2012_val_00027237_rank947,512,512,0.19518,0
ILSVRC2012_val_00036342_with_ILSVRC2012_val_00036579_rank968,542,542,0.91956,0
ILSVRC2012_val_00036342_with_ILSVRC2012_val_00011691_rank762,566,84,0.13647,635
ILSVRC2012_val_00036342_with_ILSVRC2012_val_00012355_rank313,266,367,0.04095,310
ILSVRC2012_val_00036342_with_ILSVRC2012_val_00042688_rank666,654,654,0.58786,0
ILSVRC2012_val_00036342_with_ILSVRC2012_val_00014903_rank160,91,136,0.14329,8
ILSVRC2012_val_00036342_with_ILSVRC2012_val_00049223_rank633,469,87,0.26929,152
ILSVRC2012_val_00036342_with_ILSVRC2012_val_00029623_rank330,935,935,0.76059,0
ILSVRC2012_val_00036342_with_ILSVRC2012_val_00037885_rank830,259,259,0.77068,0
ILSVRC2012_val_00036342_with_ILSVRC2012_val_00008190_rank903,778,778,0.98063,0
ILSVRC2012_val_00036342_with_ILSVRC2012_val_00027883_rank255,649,749,0.06901,800
ILSVRC2012_val_00036342_with_ILSVRC2012_val_00047276_rank243,152,152,0.71247,0
ILSVRC2012_val_00036342_with_ILSVRC2012_val_00039738_rank976,804,804,0.24073,0
ILSVRC2012_val_00036342_with_ILSVRC2012_val_00025306_rank990,767,767,0.79095,0
ILSVRC2012_val_00036342_with_ILSVRC2012_val_00025183_rank064,131,131,0.95618,0
ILSVRC2012_val_00036342_with_ILSVRC2012_val_00013465_rank009,344,344,0.99918,0
ILSVRC2012_val_00036342_with_ILSVRC2012_val_00046992_rank811,557,677,0.05234,274
ILSVRC2012_val_00036342_with_ILSVRC2012_val_00034682_rank354,214,210,0.14035,65
ILSVRC2012_val_00036342_with_ILSVRC2012_val_00022815_rank793,446,743,0.11512,485
ILSVRC2012_val_00036342_with_ILSVRC2012_val_00014698_rank280,252,183,0.14654,6
ILSVRC2012_val_00036342_with_ILSVRC2012_val_00010659_rank681,925,925,0.86885,0
ILSVRC2012_val_00036342_with_ILSVRC2012_val_00041787_rank769,599,599,0.99368,0
ILSVRC2012_val_00036342_with_ILSVRC2012_val_00011318_rank711,852,852,0.99513,0
ILSVRC2012_val_00036342_with_ILSVRC2012_val_00002992_rank789,546,546,0.54232,0
ILSVRC2012_val_00036342_with_ILSVRC2012_val_00018811_rank551,165,214,0.40303,7
ILSVRC2012_val_00036342_with_ILSVRC2012_val_00026589_rank492,56,38,0.24522,15
ILSVRC2012_val_00036342_with_ILSVRC2012_val_00042517_rank754,953,367,0.04095,371
ILSVRC2012_val_00036342_with_ILSVRC2012_val_00003756_rank661,482,754,0.32016,4
ILSVRC2012_val_00036342_with_ILSVRC2012_val_00018308_rank735,556,421,0.10931,30
ILSVRC2012_val_00036342_with_ILSVRC2012_val_00020984_rank600,583,877,0.09206,32
ILSVRC2012_val_00036342_with_ILSVRC2012_val_00001048_rank889,439,904,0.06509,800
ILSVRC2012_val_00036342_with_ILSVRC2012_val_00019759_rank310,180,180,0.68919,0
ILSVRC2012_val_00036342_with_ILSVRC2012_val_00006806_rank293,434,367,0.04095,569
ILSVRC2012_val_00036342_with_ILSVRC2012_val_00045280_rank534,188,181,0.33844,3
ILSVRC2012_val_00036342_with_ILSVRC2012_val_00021365_rank399,211,168,0.27321,2
ILSVRC2012_val_00036342_with_ILSVRC2012_val_00026833_rank530,806,806,0.11669,0
ILSVRC2012_val_00036342_with_ILSVRC2012_val_00018860_rank728,942,723,0.41722,687
ILSVRC2012_val_00036342_with_ILSVRC2012_val_00039762_rank920,796,367,0.04115,77
ILSVRC2012_val_00036342_with_ILSVRC2012_val_00010029_rank606,690,603,0.49875,2
ILSVRC2012_val_00036342_with_ILSVRC2012_val_00017711_rank114,210,227,0.21072,18
ILSVRC2012_val_00036342_with_ILSVRC2012_val_00042834_rank180,271,357,0.17136,166
ILSVRC2012_val_00036342_with_ILSVRC2012_val_00008303_rank310,180,151,0.43061,23
ILSVRC2012_val_00036342_with_ILSVRC2012_val_00049285_rank531,238,238,0.93338,0
ILSVRC2012_val_00036342_with_ILSVRC2012_val_00046584_rank153,382,367,0.14042,44
ILSVRC2012_val_00036342_with_ILSVRC2012_val_00027525_rank917,846,412,0.3183,403
ILSVRC2012_val_00036342_with_ILSVRC2012_val_00037831_rank206,130,130,0.99532,0
ILSVRC2012_val_00036342_with_ILSVRC2012_val_00019147_rank621,569,569,0.98914,0
ILSVRC2012_val_00036342_with_ILSVRC2012_val_00002043_rank968,542,541,0.57285,1
ILSVRC2012_val_00036342_with_ILSVRC2012_val_00028423_rank817,553,553,0.05381,0
ILSVRC2012_val_00036342_with_ILSVRC2012_val_00045668_rank123,291,291,0.71473,0
ILSVRC2012_val_00036342_with_ILSVRC2012_val_00030152_rank623,797,361,0.11686,251
ILSVRC2012_val_00036342_with_ILSVRC2012_val_00015205_rank158,219,219,0.79294,0
ILSVRC2012_val_00036342_with_ILSVRC2012_val_00046837_rank854,736,736,0.90997,0
ILSVRC2012_val_00036342_with_ILSVRC2012_val_00007026_rank780,699,699,0.89639,0
ILSVRC2012_val_00036342_with_ILSVRC2012_val_00037103_rank890,226,197,0.41254,4
ILSVRC2012_val_00036342_with_ILSVRC2012_val_00039743_rank711,852,852,0.94023,0
ILSVRC2012_val_00036342_with_ILSVRC2012_val_00029423_rank539,635,635,0.9827,0
ILSVRC2012_val_00036342_with_ILSVRC2012_val_00023453_rank935,644,367,0.15908,872
ILSVRC2012_val_00036342_with_ILSVRC2012_val_00030716_rank873,552,7,0.60082,76
ILSVRC2012_val_00036342_with_ILSVRC2012_val_00005366_rank226,345,345,0.87058,0
ILSVRC2012_val_00036342_with_ILSVRC2012_val_00033912_rank334,75,75,0.91572,0
ILSVRC2012_val_00036342_with_ILSVRC2012_val_00014054_rank807,757,654,0.55247,2
ILSVRC2012_val_00036342_with_ILSVRC2012_val_00043694_rank489,60,54,0.42686,8
ILSVRC2012_val_00036342_with_ILSVRC2012_val_00020875_rank109,132,367,0.04095,584
ILSVRC2012_val_00036342_with_ILSVRC2012_val_00032385_rank352,352,353,0.58067,1
ILSVRC2012_val_00036342_with_ILSVRC2012_val_00025474_rank204,239,236,0.33297,69
ILSVRC2012_val_00036342_with_ILSVRC2012_val_00042709_rank274,117,117,0.97112,0
ILSVRC2012_val_00036342_with_ILSVRC2012_val_00010301_rank290,408,367,0.04095,388
ILSVRC2012_val_00036342_with_ILSVRC2012_val_00044904_rank238,190,341,0.18542,96
ILSVRC2012_val_00036342_with_ILSVRC2012_val_00006303_rank940,478,674,0.3945,31
ILSVRC2012_val_00036342_with_ILSVRC2012_val_00044014_rank434,964,964,0.99121,0
ILSVRC2012_val_00036342_with_ILSVRC2012_val_00015891_rank702,984,984,0.37439,0
ILSVRC2012_val_00036342_with_ILSVRC2012_val_00040465_rank609,443,868,0.05961,44
ILSVRC2012_val_00036342_with_ILSVRC2012_val_00004667_rank676,516,367,0.04095,769
ILSVRC2012_val_00036342_with_ILSVRC2012_val_00021795_rank143,353,367,0.09347,219
ILSVRC2012_val_00036342_with_ILSVRC2012_val_00034654_rank543,0,367,0.04095,492
ILSVRC2012_val_00036342_with_ILSVRC2012_val_00005243_rank020,334,334,0.99761,0
ILSVRC2012_val_00036342_with_ILSVRC2012_val_00002551_rank070,274,367,0.04095,157
ILSVRC2012_val_00036342_with_ILSVRC2012_val_00040374_rank736,695,367,0.04095,303
ILSVRC2012_val_00036342_with_ILSVRC2012_val_00009707_rank250,229,190,0.29784,4
ILSVRC2012_val_00036342_with_ILSVRC2012_val_00030563_rank470,70,314,0.6164,22
ILSVRC2012_val_00036342_with_ILSVRC2012_val_00031415_rank060,206,18,0.19184,415
ILSVRC2012_val_00036342_with_ILSVRC2012_val_00042919_rank673,453,398,0.99872,38
ILSVRC2012_val_00036342_with_ILSVRC2012_val_00010565_rank598,751,227,0.03202,825
ILSVRC2012_val_00036342_with_ILSVRC2012_val_00026433_rank768,809,809,0.42384,0
ILSVRC2012_val_00036342_with_ILSVRC2012_val_00017021_rank949,954,87,0.04809,157
ILSVRC2012_val_00036342_with_ILSVRC2012_val_00047710_rank899,641,641,0.28136,0
ILSVRC2012_val_00036342_with_ILSVRC2012_val_00031421_rank352,352,353,0.48994,1
ILSVRC2012_val_00036342_with_ILSVRC2012_val_00016970_rank278,625,625,0.97803,0
ILSVRC2012_val_00036342_with_ILSVRC2012_val_00007730_rank325,726,726,0.99638,0
ILSVRC2012_val_00036342_with_ILSVRC2012_val_00008998_rank629,859,593,0.2603,78
ILSVRC2012_val_00036342_with_ILSVRC2012_val_00031665_rank733,461,461,0.51261,0
ILSVRC2012_val_00036342_with_ILSVRC2012_val_00048964_rank150,228,344,0.20769,655
ILSVRC2012_val_00036342_with_ILSVRC2012_val_00049726_rank080,149,145,0.08302,22
ILSVRC2012_val_00036342_with_ILSVRC2012_val_00021689_rank791,486,367,0.04095,543
ILSVRC2012_val_00036342_with_ILSVRC2012_val_00013856_rank786,242,242,0.74829,0
ILSVRC2012_val_00036342_with_ILSVRC2012_val_00018116_rank849,642,642,0.99078,0
ILSVRC2012_val_00036342_with_ILSVRC2012_val_00036549_rank918,676,676,0.91068,0
ILSVRC2012_val_00036342_with_ILSVRC2012_val_00002325_rank477,173,367,0.04095,897
ILSVRC2012_val_00036342_with_ILSVRC2012_val_00016675_rank799,570,878,0.07707,396
ILSVRC2012_val_00036342_with_ILSVRC2012_val_00030388_rank587,640,646,0.2118,2
ILSVRC2012_val_00036342_with_ILSVRC2012_val_00029564_rank237,616,282,0.06049,949
ILSVRC2012_val_00036342_with_ILSVRC2012_val_00002800_rank668,842,824,0.21626,429
ILSVRC2012_val_00036342_with_ILSVRC2012_val_00046800_rank685,889,367,0.04095,228
ILSVRC2012_val_00036342_with_ILSVRC2012_val_00038451_rank176,871,871,0.3057,0
ILSVRC2012_val_00036342_with_ILSVRC2012_val_00010465_rank240,66,67,0.52762,5
ILSVRC2012_val_00036342_with_ILSVRC2012_val_00028999_rank705,794,539,0.04468,72
ILSVRC2012_val_00036342_with_ILSVRC2012_val_00008713_rank175,220,357,0.34056,94
ILSVRC2012_val_00036342_with_ILSVRC2012_val_00015849_rank889,439,439,0.27516,0
ILSVRC2012_val_00036342_with_ILSVRC2012_val_00044785_rank807,757,757,0.6734,0
ILSVRC2012_val_00036342_with_ILSVRC2012_val_00030101_rank457,313,313,0.25931,0
ILSVRC2012_val_00036342_with_ILSVRC2012_val_00045529_rank271,123,124,0.63054,1
ILSVRC2012_val_00036342_with_ILSVRC2012_val_00048277_rank645,122,122,0.59652,0
ILSVRC2012_val_00036342_with_ILSVRC2012_val_00012512_rank817,553,596,0.36459,562
ILSVRC2012_val_00036342_with_ILSVRC2012_val_00033240_rank699,431,431,0.88751,0
ILSVRC2012_val_00036342_with_ILSVRC2012_val_00008862_rank080,149,149,0.87032,0
ILSVRC2012_val_00036342_with_ILSVRC2012_val_00006561_rank619,701,88,0.21116,103
ILSVRC2012_val_00036342_with_ILSVRC2012_val_00047646_rank485,621,512,0.06361,760
ILSVRC2012_val_00036342_with_ILSVRC2012_val_00023352_rank058,142,142,0.9753,0
ILSVRC2012_val_00036342_with_ILSVRC2012_val_00013761_rank178,372,373,0.23007,1
ILSVRC2012_val_00036342_with_ILSVRC2012_val_00006195_rank224,8,8,0.41959,0
ILSVRC2012_val_00036342_with_ILSVRC2012_val_00043082_rank787,647,968,0.44722,3
ILSVRC2012_val_00036342_with_ILSVRC2012_val_00044172_rank311,958,733,0.10995,89
ILSVRC2012_val_00036342_with_ILSVRC2012_val_00046772_rank910,787,909,0.14645,76
ILSVRC2012_val_00036342_with_ILSVRC2012_val_00008003_rank449,243,208,0.37194,15
ILSVRC2012_val_00036342_with_ILSVRC2012_val_00045661_rank136,194,194,0.8376,0
ILSVRC2012_val_00036342_with_ILSVRC2012_val_00000599_rank421,162,162,0.5746,0
ILSVRC2012_val_00036342_with_ILSVRC2012_val_00001327_rank276,978,306,0.23287,360
ILSVRC2012_val_00036342_with_ILSVRC2012_val_00040095_rank440,471,764,0.42858,5
ILSVRC2012_val_00036342_with_ILSVRC2012_val_00006229_rank917,846,846,0.16194,0
ILSVRC2012_val_00036342_with_ILSVRC2012_val_00023602_rank505,93,195,0.10164,409
ILSVRC2012_val_00036342_with_ILSVRC2012_val_00024874_rank661,482,764,0.35045,502
ILSVRC2012_val_00036342_with_ILSVRC2012_val_00017600_rank051,135,367,0.04095,363
ILSVRC2012_val_00036342_with_ILSVRC2012_val_00017166_rank501,448,448,0.78157,0
ILSVRC2012_val_00036342_with_ILSVRC2012_val_00009792_rank494,492,491,0.88112,427
ILSVRC2012_val_00036342_with_ILSVRC2012_val_00018738_rank392,986,738,0.15199,111
ILSVRC2012_val_00036342_with_ILSVRC2012_val_00014303_rank346,669,728,0.3674,24
ILSVRC2012_val_00036342_with_ILSVRC2012_val_00032502_rank659,696,367,0.04095,791
ILSVRC2012_val_00036342_with_ILSVRC2012_val_00022276_rank641,864,864,0.18001,0
ILSVRC2012_val_00036342_with_ILSVRC2012_val_00005120_rank813,551,674,0.07907,671
ILSVRC2012_val_00036342_with_ILSVRC2012_val_00015096_rank315,204,204,0.572,0
ILSVRC2012_val_00036342_with_ILSVRC2012_val_00008950_rank922,571,637,0.11457,4
ILSVRC2012_val_00036342_with_ILSVRC2012_val_00000233_rank045,289,289,0.8914,0
ILSVRC2012_val_00036342_with_ILSVRC2012_val_00025373_rank502,679,507,0.38514,366
ILSVRC2012_val_00036342_with_ILSVRC2012_val_00046776_rank263,244,367,0.04095,74
ILSVRC2012_val_00036342_with_ILSVRC2012_val_00012438_rank682,677,677,0.31356,0
ILSVRC2012_val_00036342_with_ILSVRC2012_val_00024157_rank626,800,367,0.04095,591
ILSVRC2012_val_00036342_with_ILSVRC2012_val_00049566_rank781,910,618,0.91818,2
ILSVRC2012_val_00036342_with_ILSVRC2012_val_00023937_rank768,809,809,0.48993,0
ILSVRC2012_val_00036342_with_ILSVRC2012_val_00010393_rank345,10,10,0.93283,0
ILSVRC2012_val_00036342_with_ILSVRC2012_val_00044774_rank118,383,292,0.12302,26
ILSVRC2012_val_00036342_with_ILSVRC2012_val_00031167_rank308,319,74,0.3399,8
ILSVRC2012_val_00036342_with_ILSVRC2012_val_00044139_rank779,665,665,0.73351,0
ILSVRC2012_val_00036342_with_ILSVRC2012_val_00044326_rank861,440,440,0.74301,0
ILSVRC2012_val_00036342_with_ILSVRC2012_val_00001254_rank095,374,357,0.11931,474
ILSVRC2012_val_00036342_with_ILSVRC2012_val_00043798_rank050,43,367,0.04089,215
ILSVRC2012_val_00036342_with_ILSVRC2012_val_00040507_rank705,794,539,0.08516,72
ILSVRC2012_val_00036342_with_ILSVRC2012_val_00008110_rank185,693,59,0.27243,681
ILSVRC2012_val_00036342_with_ILSVRC2012_val_00007427_rank651,579,413,0.37809,321
ILSVRC2012_val_00036342_with_ILSVRC2012_val_00017496_rank493,897,412,0.58731,13
ILSVRC2012_val_00036342_with_ILSVRC2012_val_00038162_rank314,47,50,0.41171,203
ILSVRC2012_val_00036342_with_ILSVRC2012_val_00026793_rank512,38,367,0.04095,960
ILSVRC2012_val_00036342_with_ILSVRC2012_val_00033561_rank124,278,277,0.8719,1
ILSVRC2012_val_00036342_with_ILSVRC2012_val_00031439_rank398,160,373,0.37363,541
ILSVRC2012_val_00036342_with_ILSVRC2012_val_00041793_rank671,831,624,0.75059,135
ILSVRC2012_val_00036342_with_ILSVRC2012_val_00045354_rank880,89,89,0.99327,0
ILSVRC2012_val_00036342_with_ILSVRC2012_val_00016567_rank222,202,182,0.27148,7
ILSVRC2012_val_00036342_with_ILSVRC2012_val_00008406_rank556,402,546,0.51316,1
ILSVRC2012_val_00036342_with_ILSVRC2012_val_00008242_rank591,711,804,0.13903,7
ILSVRC2012_val_00036342_with_ILSVRC2012_val_00016601_rank351,618,618,0.94641,0
ILSVRC2012_val_00036342_with_ILSVRC2012_val_00027658_rank733,461,36,0.56162,527
ILSVRC2012_val_00036342_with_ILSVRC2012_val_00013424_rank331,199,196,0.33915,3
ILSVRC2012_val_00036342_with_ILSVRC2012_val_00040244_rank109,132,29,0.29432,231
ILSVRC2012_val_00036342_with_ILSVRC2012_val_00023792_rank974,636,797,0.05641,20
ILSVRC2012_val_00036342_with_ILSVRC2012_val_00025834_rank695,609,609,0.72543,0
ILSVRC2012_val_00036342_with_ILSVRC2012_val_00013816_rank992,740,96,0.12745,388
ILSVRC2012_val_00036342_with_ILSVRC2012_val_00043814_rank693,828,367,0.04095,691
ILSVRC2012_val_00036342_with_ILSVRC2012_val_00020896_rank827,643,643,0.24691,0
ILSVRC2012_val_00036342_with_ILSVRC2012_val_00018780_rank387,96,96,0.96922,0
ILSVRC2012_val_00036342_with_ILSVRC2012_val_00022073_rank429,458,458,0.96361,0
ILSVRC2012_val_00036342_with_ILSVRC2012_val_00029950_rank353,989,989,0.08452,0
ILSVRC2012_val_00036342_with_ILSVRC2012_val_00025394_rank890,226,226,0.33854,0
ILSVRC2012_val_00036342_with_ILSVRC2012_val_00024431_rank479,192,213,0.26102,201
ILSVRC2012_val_00036342_with_ILSVRC2012_val_00024918_rank359,947,947,0.13964,0
ILSVRC2012_val_00036342_with_ILSVRC2012_val_00041305_rank246,156,156,0.99019,0
ILSVRC2012_val_00036342_with_ILSVRC2012_val_00004911_rank474,588,588,0.90482,0
ILSVRC2012_val_00036342_with_ILSVRC2012_val_00021214_rank881,253,253,0.79582,0
ILSVRC2012_val_00036342_with_ILSVRC2012_val_00000411_rank331,199,8,0.59708,97
ILSVRC2012_val_00036342_with_ILSVRC2012_val_00026199_rank246,156,156,0.30942,0
ILSVRC2012_val_00036342_with_ILSVRC2012_val_00010169_rank588,203,367,0.03395,892
ILSVRC2012_val_00036342_with_ILSVRC2012_val_00031593_rank486,993,367,0.04155,175
ILSVRC2012_val_00036342_with_ILSVRC2012_val_00019658_rank668,842,367,0.03451,817
ILSVRC2012_val_00036342_with_ILSVRC2012_val_00040124_rank883,704,704,0.93077,0
ILSVRC2012_val_00036342_with_ILSVRC2012_val_00032046_rank878,487,620,0.36329,21
ILSVRC2012_val_00036342_with_ILSVRC2012_val_00048074_rank988,602,602,0.86005,0
ILSVRC2012_val_00036342_with_ILSVRC2012_val_00047780_rank612,691,471,0.13739,328
ILSVRC2012_val_00036342_with_ILSVRC2012_val_00013709_rank904,399,344,0.17103,674
ILSVRC2012_val_00036342_with_ILSVRC2012_val_00033879_rank450,712,835,0.36068,271
ILSVRC2012_val_00036342_with_ILSVRC2012_val_00044033_rank578,836,314,0.09059,492
ILSVRC2012_val_00036342_with_ILSVRC2012_val_00044340_rank020,334,337,0.62533,3
ILSVRC2012_val_00036342_with_ILSVRC2012_val_00048732_rank363,14,14,0.99245,0
ILSVRC2012_val_00036342_with_ILSVRC2012_val_00003512_rank701,754,492,0.76538,48
ILSVRC2012_val_00036342_with_ILSVRC2012_val_00001374_rank622,945,31,0.09211,15
ILSVRC2012_val_00036342_with_ILSVRC2012_val_00004845_rank052,104,104,0.99743,0
ILSVRC2012_val_00036342_with_ILSVRC2012_val_00012494_rank552,661,586,0.33698,1
ILSVRC2012_val_00036342_with_ILSVRC2012_val_00005611_rank346,669,728,0.47165,24
ILSVRC2012_val_00036342_with_ILSVRC2012_val_00018612_rank360,802,412,0.09864,220
ILSVRC2012_val_00036342_with_ILSVRC2012_val_00021628_rank545,791,367,0.04095,572
ILSVRC2012_val_00036342_with_ILSVRC2012_val_00038059_rank277,113,113,0.98917,0
ILSVRC2012_val_00036342_with_ILSVRC2012_val_00043970_rank581,412,367,0.09613,491
ILSVRC2012_val_00036342_with_ILSVRC2012_val_00016481_rank963,520,520,0.25334,0
ILSVRC2012_val_00036342_with_ILSVRC2012_val_00049280_rank067,330,331,0.97839,1
ILSVRC2012_val_00036342_with_ILSVRC2012_val_00027248_rank975,112,112,0.81266,0
ILSVRC2012_val_00036342_with_ILSVRC2012_val_00004001_rank380,138,138,0.67409,0
ILSVRC2012_val_00036342_with_ILSVRC2012_val_00012521_rank213,69,82,0.12853,179
ILSVRC2012_val_00036342_with_ILSVRC2012_val_00015315_rank998,731,367,0.04095,893
ILSVRC2012_val_00036342_with_ILSVRC2012_val_00010671_rank844,466,466,0.88621,0
ILSVRC2012_val_00036342_with_ILSVRC2012_val_00037535_rank034,370,370,0.80129,0
ILSVRC2012_val_00036342_with_ILSVRC2012_val_00037418_rank547,323,323,0.99298,0
ILSVRC2012_val_00036342_with_ILSVRC2012_val_00034619_rank261,264,264,0.42469,0
ILSVRC2012_val_00036342_with_ILSVRC2012_val_00005956_rank394,524,367,0.04095,347
ILSVRC2012_val_00036342_with_ILSVRC2012_val_00002467_rank880,89,367,0.04095,231
ILSVRC2012_val_00036342_with_ILSVRC2012_val_00041058_rank618,517,517,0.94335,0
ILSVRC2012_val_00036342_with_ILSVRC2012_val_00034784_rank309,90,90,0.98966,0
ILSVRC2012_val_00036342_with_ILSVRC2012_val_00034362_rank677,549,492,0.1491,51
ILSVRC2012_val_00036342_with_ILSVRC2012_val_00000130_rank162,283,282,0.17406,10
ILSVRC2012_val_00036342_with_ILSVRC2012_val_00032570_rank964,545,507,0.39736,75
ILSVRC2012_val_00036342_with_ILSVRC2012_val_00042030_rank114,210,210,0.99379,0
ILSVRC2012_val_00036342_with_ILSVRC2012_val_00014912_rank946,158,151,0.79695,2
ILSVRC2012_val_00036342_with_ILSVRC2012_val_00047947_rank891,949,949,0.07255,0
ILSVRC2012_val_00036342_with_ILSVRC2012_val_00012504_rank922,571,367,0.04095,794
ILSVRC2012_val_00036342_with_ILSVRC2012_val_00004963_rank449,243,225,0.28324,10
ILSVRC2012_val_00036342_with_ILSVRC2012_val_00033812_rank626,800,695,0.11103,699
ILSVRC2012_val_00036342_with_ILSVRC2012_val_00015331_rank644,513,513,0.33577,0
ILSVRC2012_val_00036342_with_ILSVRC2012_val_00014442_rank537,904,904,0.75088,0
ILSVRC2012_val_00036342_with_ILSVRC2012_val_00036918_rank610,257,257,0.93659,0
ILSVRC2012_val_00036342_with_ILSVRC2012_val_00043026_rank486,993,993,0.74814,0
ILSVRC2012_val_00036342_with_ILSVRC2012_val_00045069_rank344,505,499,0.21548,90
ILSVRC2012_val_00036342_with_ILSVRC2012_val_00043827_rank588,203,203,0.62685,0
ILSVRC2012_val_00036342_with_ILSVRC2012_val_00045998_rank187,327,327,0.29315,0
ILSVRC2012_val_00036342_with_ILSVRC2012_val_00020092_rank429,458,458,0.51283,0
ILSVRC2012_val_00036342_with_ILSVRC2012_val_00042529_rank013,286,286,0.81513,0
ILSVRC2012_val_00036342_with_ILSVRC2012_val_00021935_rank630,301,314,0.69303,27
ILSVRC2012_val_00036342_with_ILSVRC2012_val_00024135_rank554,425,879,0.3373,115
ILSVRC2012_val_00036342_with_ILSVRC2012_val_00030514_rank601,870,870,0.52149,0
ILSVRC2012_val_00036342_with_ILSVRC2012_val_00030437_rank249,115,115,0.36505,0
ILSVRC2012_val_00036342_with_ILSVRC2012_val_00042162_rank205,64,64,0.49206,0
ILSVRC2012_val_00036342_with_ILSVRC2012_val_00010886_rank847,600,600,0.30651,0
ILSVRC2012_val_00036342_with_ILSVRC2012_val_00012131_rank949,954,954,0.95505,0
ILSVRC2012_val_00036342_with_ILSVRC2012_val_00006819_rank504,321,321,0.99852,0
ILSVRC2012_val_00036342_with_ILSVRC2012_val_00046755_rank387,96,96,0.96713,0
ILSVRC2012_val_00036342_with_ILSVRC2012_val_00005957_rank197,994,341,0.86255,361
ILSVRC2012_val_00036342_with_ILSVRC2012_val_00014290_rank700,777,630,0.26014,38
ILSVRC2012_val_00036342_with_ILSVRC2012_val_00026442_rank460,532,532,0.89623,0
ILSVRC2012_val_00036342_with_ILSVRC2012_val_00036372_rank519,941,459,0.45594,718
ILSVRC2012_val_00036342_with_ILSVRC2012_val_00021513_rank404,317,317,0.90267,0
ILSVRC2012_val_00036342_with_ILSVRC2012_val_00017168_rank818,769,769,0.92302,0
ILSVRC2012_val_00036342_with_ILSVRC2012_val_00030400_rank016,98,98,0.99349,0
ILSVRC2012_val_00036342_with_ILSVRC2012_val_00027832_rank173,913,913,0.88774,0
ILSVRC2012_val_00036342_with_ILSVRC2012_val_00029406_rank574,215,173,0.72834,5
ILSVRC2012_val_00036342_with_ILSVRC2012_val_00048483_rank805,629,367,0.04095,430
ILSVRC2012_val_00036342_with_ILSVRC2012_val_00014523_rank902,722,722,0.08285,0
ILSVRC2012_val_00036342_with_ILSVRC2012_val_00039134_rank532,662,662,0.94022,0
ILSVRC2012_val_00036342_with_ILSVRC2012_val_00031483_rank740,893,893,0.8072,0
ILSVRC2012_val_00036342_with_ILSVRC2012_val_00013661_rank420,393,393,0.73266,0
ILSVRC2012_val_00036342_with_ILSVRC2012_val_00004142_rank290,408,847,0.84435,1
ILSVRC2012_val_00036342_with_ILSVRC2012_val_00001726_rank744,968,463,0.15566,15
ILSVRC2012_val_00036342_with_ILSVRC2012_val_00043961_rank904,399,367,0.04095,317
ILSVRC2012_val_00036342_with_ILSVRC2012_val_00007107_rank028,388,388,0.99433,0
ILSVRC2012_val_00036342_with_ILSVRC2012_val_00047678_rank386,821,674,0.163,793
ILSVRC2012_val_00036342_with_ILSVRC2012_val_00022606_rank078,282,273,0.20724,109
ILSVRC2012_val_00036342_with_ILSVRC2012_val_00005765_rank783,59,59,0.14121,0
ILSVRC2012_val_00036342_with_ILSVRC2012_val_00045418_rank181,67,67,0.88937,0
ILSVRC2012_val_00036342_with_ILSVRC2012_val_00043204_rank664,943,943,0.54587,0
ILSVRC2012_val_00036342_with_ILSVRC2012_val_00020616_rank140,328,328,0.99612,0
ILSVRC2012_val_00036342_with_ILSVRC2012_val_00007414_rank889,439,265,0.25968,244
ILSVRC2012_val_00036342_with_ILSVRC2012_val_00031769_rank074,367,367,0.91084,0
ILSVRC2012_val_00036342_with_ILSVRC2012_val_00020701_rank931,771,367,0.04095,794
ILSVRC2012_val_00036342_with_ILSVRC2012_val_00049441_rank581,412,412,0.22082,0
ILSVRC2012_val_00036342_with_ILSVRC2012_val_00026631_rank532,662,446,0.69636,30
ILSVRC2012_val_00036342_with_ILSVRC2012_val_00022382_rank517,927,927,0.99389,0
ILSVRC2012_val_00036342_with_ILSVRC2012_val_00012642_rank766,752,852,0.76359,1
ILSVRC2012_val_00036342_with_ILSVRC2012_val_00011073_rank050,43,43,0.49038,0
ILSVRC2012_val_00036342_with_ILSVRC2012_val_00048495_rank680,663,367,0.18037,832
ILSVRC2012_val_00036342_with_ILSVRC2012_val_00045657_rank614,798,798,0.99316,0
ILSVRC2012_val_00036342_with_ILSVRC2012_val_00001811_rank671,831,831,0.40989,0
ILSVRC2012_val_00036342_with_ILSVRC2012_val_00026967_rank016,98,98,0.99606,0
ILSVRC2012_val_00036342_with_ILSVRC2012_val_00006869_rank667,518,87,0.1997,102
ILSVRC2012_val_00036342_with_ILSVRC2012_val_00033968_rank730,737,723,0.1067,60
ILSVRC2012_val_00036342_with_ILSVRC2012_val_00001405_rank335,931,868,0.18566,113
ILSVRC2012_val_00036342_with_ILSVRC2012_val_00021119_rank993,608,608,0.12637,0
ILSVRC2012_val_00036342_with_ILSVRC2012_val_00044407_rank516,316,316,0.99832,0
ILSVRC2012_val_00036342_with_ILSVRC2012_val_00044178_rank417,604,604,0.96243,0
ILSVRC2012_val_00036342_with_ILSVRC2012_val_00013665_rank520,590,367,0.04095,478
ILSVRC2012_val_00036342_with_ILSVRC2012_val_00026240_rank778,529,5,0.17638,424
ILSVRC2012_val_00036342_with_ILSVRC2012_val_00035007_rank769,599,344,0.06573,868
ILSVRC2012_val_00036342_with_ILSVRC2012_val_00033122_rank033,148,816,0.11909,972
ILSVRC2012_val_00036342_with_ILSVRC2012_val_00010765_rank231,233,206,0.34412,21
ILSVRC2012_val_00036342_with_ILSVRC2012_val_00014158_rank058,142,142,0.83436,0
ILSVRC2012_val_00036342_with_ILSVRC2012_val_00006911_rank867,830,211,0.11749,862
ILSVRC2012_val_00036342_with_ILSVRC2012_val_00038980_rank591,711,711,0.51184,0
ILSVRC2012_val_00036342_with_ILSVRC2012_val_00010354_rank574,215,162,0.41735,8
ILSVRC2012_val_00036342_with_ILSVRC2012_val_00008352_rank157,74,73,0.69093,2
ILSVRC2012_val_00036342_with_ILSVRC2012_val_00045718_rank885,230,231,0.5037,1
ILSVRC2012_val_00036342_with_ILSVRC2012_val_00035483_rank989,610,183,0.17151,631
ILSVRC2012_val_00036342_with_ILSVRC2012_val_00001675_rank899,641,641,0.72145,0
ILSVRC2012_val_00036342_with_ILSVRC2012_val_00037180_rank552,661,367,0.04095,619
ILSVRC2012_val_00036342_with_ILSVRC2012_val_00018121_rank086,177,377,0.37327,269
ILSVRC2012_val_00036342_with_ILSVRC2012_val_00042652_rank690,339,173,0.12265,9
ILSVRC2012_val_00036342_with_ILSVRC2012_val_00028420_rank610,257,344,0.1105,571
ILSVRC2012_val_00036342_with_ILSVRC2012_val_00036400_rank513,971,315,0.57607,110
ILSVRC2012_val_00036342_with_ILSVRC2012_val_00033310_rank283,153,181,0.82739,31
ILSVRC2012_val_00036342_with_ILSVRC2012_val_00026477_rank507,820,820,0.96234,0
ILSVRC2012_val_00036342_with_ILSVRC2012_val_00028626_rank555,41,456,0.05742,254
ILSVRC2012_val_00036342_with_ILSVRC2012_val_00017663_rank176,871,871,0.42919,0
ILSVRC2012_val_00036342_with_ILSVRC2012_val_00013475_rank472,246,179,0.36153,11
ILSVRC2012_val_00036342_with_ILSVRC2012_val_00041824_rank937,999,999,0.59998,0
ILSVRC2012_val_00036342_with_ILSVRC2012_val_00044667_rank997,872,367,0.04359,551
ILSVRC2012_val_00036342_with_ILSVRC2012_val_00019444_rank567,803,803,0.82954,0
ILSVRC2012_val_00036342_with_ILSVRC2012_val_00029570_rank629,859,808,0.19684,211
ILSVRC2012_val_00036342_with_ILSVRC2012_val_00004811_rank923,869,459,0.07633,259
ILSVRC2012_val_00036342_with_ILSVRC2012_val_00019391_rank203,270,222,0.18155,10
ILSVRC2012_val_00036342_with_ILSVRC2012_val_00047505_rank623,797,367,0.04095,666
ILSVRC2012_val_00036342_with_ILSVRC2012_val_00029591_rank195,171,171,0.85599,0
ILSVRC2012_val_00036342_with_ILSVRC2012_val_00026333_rank548,963,963,0.98131,0
ILSVRC2012_val_00036342_with_ILSVRC2012_val_00034300_rank584,673,674,0.23258,14
ILSVRC2012_val_00036342_with_ILSVRC2012_val_00023364_rank408,965,341,0.11298,457
ILSVRC2012_val_00036342_with_ILSVRC2012_val_00004349_rank052,104,370,0.12377,43
ILSVRC2012_val_00036342_with_ILSVRC2012_val_00006870_rank868,565,565,0.79099,0
ILSVRC2012_val_00036342_with_ILSVRC2012_val_00036977_rank210,216,216,0.34315,0
ILSVRC2012_val_00036342_with_ILSVRC2012_val_00043117_rank099,288,288,0.59321,0
ILSVRC2012_val_00036342_with_ILSVRC2012_val_00036726_rank564,776,776,0.43651,0
ILSVRC2012_val_00036342_with_ILSVRC2012_val_00017076_rank468,952,952,0.99613,0
ILSVRC2012_val_00036342_with_ILSVRC2012_val_00006237_rank237,616,616,0.29007,0
ILSVRC2012_val_00036342_with_ILSVRC2012_val_00028175_rank235,251,251,0.94693,0
ILSVRC2012_val_00036342_with_ILSVRC2012_val_00019507_rank602,435,50,0.37254,535
ILSVRC2012_val_00036342_with_ILSVRC2012_val_00015332_rank945,578,728,0.13208,41
ILSVRC2012_val_00036342_with_ILSVRC2012_val_00030703_rank035,48,48,0.99455,0
ILSVRC2012_val_00036342_with_ILSVRC2012_val_00016988_rank082,2,344,0.13964,33
ILSVRC2012_val_00036342_with_ILSVRC2012_val_00028500_rank331,199,290,0.17513,127
ILSVRC2012_val_00036342_with_ILSVRC2012_val_00026093_rank594,572,572,0.93802,0
ILSVRC2012_val_00036342_with_ILSVRC2012_val_00037592_rank762,566,566,0.99897,0
ILSVRC2012_val_00036342_with_ILSVRC2012_val_00003944_rank661,482,485,0.27812,3
ILSVRC2012_val_00036342_with_ILSVRC2012_val_00011871_rank349,888,338,0.0657,531
ILSVRC2012_val_00036342_with_ILSVRC2012_val_00044918_rank766,752,752,0.9362,0
ILSVRC2012_val_00036342_with_ILSVRC2012_val_00032801_rank653,626,626,0.35827,0
ILSVRC2012_val_00036342_with_ILSVRC2012_val_00029183_rank659,696,696,0.59819,0
ILSVRC2012_val_00036342_with_ILSVRC2012_val_00008228_rank088,381,367,0.33947,10
ILSVRC2012_val_00036342_with_ILSVRC2012_val_00018119_rank396,79,79,0.98484,0
ILSVRC2012_val_00036342_with_ILSVRC2012_val_00042975_rank584,673,722,0.13039,32
ILSVRC2012_val_00036342_with_ILSVRC2012_val_00048460_rank960,880,562,0.25304,172
ILSVRC2012_val_00036342_with_ILSVRC2012_val_00049908_rank267,268,12,0.162,407
ILSVRC2012_val_00036342_with_ILSVRC2012_val_00004022_rank686,998,987,0.15009,1
ILSVRC2012_val_00036342_with_ILSVRC2012_val_00031491_rank135,341,341,0.99503,0
ILSVRC2012_val_00036342_with_ILSVRC2012_val_00035773_rank849,642,642,0.89026,0
ILSVRC2012_val_00036342_with_ILSVRC2012_val_00002390_rank848,630,367,0.04095,625
ILSVRC2012_val_00036342_with_ILSVRC2012_val_00029536_rank447,586,586,0.4393,0
ILSVRC2012_val_00036342_with_ILSVRC2012_val_00005470_rank015,296,296,0.87285,0
ILSVRC2012_val_00036342_with_ILSVRC2012_val_00001267_rank509,168,211,0.75291,3
ILSVRC2012_val_00036342_with_ILSVRC2012_val_00030843_rank064,131,17,0.18505,8
ILSVRC2012_val_00036342_with_ILSVRC2012_val_00027099_rank774,664,674,0.17777,518
ILSVRC2012_val_00036342_with_ILSVRC2012_val_00017297_rank394,524,850,0.07234,280
ILSVRC2012_val_00036342_with_ILSVRC2012_val_00029407_rank395,172,172,0.97019,0
ILSVRC2012_val_00036342_with_ILSVRC2012_val_00031788_rank529,987,112,0.38401,34
ILSVRC2012_val_00036342_with_ILSVRC2012_val_00013055_rank926,764,764,0.08387,0
ILSVRC2012_val_00036342_with_ILSVRC2012_val_00031624_rank998,731,731,0.99668,0
ILSVRC2012_val_00036342_with_ILSVRC2012_val_00011419_rank420,393,393,0.5893,0
ILSVRC2012_val_00036342_with_ILSVRC2012_val_00006681_rank864,982,667,0.94409,32
ILSVRC2012_val_00036342_with_ILSVRC2012_val_00025261_rank397,200,200,0.5488,0
ILSVRC2012_val_00036342_with_ILSVRC2012_val_00004170_rank813,551,722,0.06888,117
ILSVRC2012_val_00036342_with_ILSVRC2012_val_00035036_rank281,250,248,0.47654,1
ILSVRC2012_val_00036342_with_ILSVRC2012_val_00024282_rank719,426,367,0.0409,986
ILSVRC2012_val_00036342_with_ILSVRC2012_val_00040911_rank980,891,891,0.92867,0
ILSVRC2012_val_00036342_with_ILSVRC2012_val_00006693_rank245,914,428,0.06806,815
ILSVRC2012_val_00036342_with_ILSVRC2012_val_00023829_rank693,828,647,0.43669,2
ILSVRC2012_val_00036342_with_ILSVRC2012_val_00007195_rank656,688,688,0.78664,0
ILSVRC2012_val_00036342_with_ILSVRC2012_val_00021179_rank984,409,367,0.04095,739
ILSVRC2012_val_00036342_with_ILSVRC2012_val_00047736_rank107,133,133,0.96345,0
ILSVRC2012_val_00036342_with_ILSVRC2012_val_00004192_rank258,248,367,0.04095,454
ILSVRC2012_val_00036342_with_ILSVRC2012_val_00016259_rank097,4,4,0.93868,0
ILSVRC2012_val_00036342_with_ILSVRC2012_val_00001731_rank872,417,450,0.38771,303
ILSVRC2012_val_00036342_with_ILSVRC2012_val_00013071_rank698,522,852,0.77217,7
ILSVRC2012_val_00036342_with_ILSVRC2012_val_00020750_rank990,767,868,0.16014,210
ILSVRC2012_val_00036342_with_ILSVRC2012_val_00044897_rank164,178,178,0.778,0
ILSVRC2012_val_00036342_with_ILSVRC2012_val_00046225_rank918,676,676,0.75193,0
ILSVRC2012_val_00036342_with_ILSVRC2012_val_00017492_rank349,888,562,0.12426,72
ILSVRC2012_val_00036342_with_ILSVRC2012_val_00016805_rank569,267,367,0.04095,214
ILSVRC2012_val_00036342_with_ILSVRC2012_val_00044307_rank084,375,375,0.98002,0
ILSVRC2012_val_00036342_with_ILSVRC2012_val_00036708_rank007,298,357,0.37658,2
ILSVRC2012_val_00036342_with_ILSVRC2012_val_00020785_rank269,1,29,0.23639,1
ILSVRC2012_val_00036342_with_ILSVRC2012_val_00018398_rank341,53,971,0.54225,263
ILSVRC2012_val_00036342_with_ILSVRC2012_val_00007172_rank058,142,331,0.15867,36
ILSVRC2012_val_00036342_with_ILSVRC2012_val_00021274_rank288,685,685,0.92665,0
ILSVRC2012_val_00036342_with_ILSVRC2012_val_00034250_rank262,11,367,0.04095,526
ILSVRC2012_val_00036342_with_ILSVRC2012_val_00022872_rank113,385,385,0.82733,0
ILSVRC2012_val_00036342_with_ILSVRC2012_val_00008128_rank593,957,96,0.07366,377
ILSVRC2012_val_00036342_with_ILSVRC2012_val_00049944_rank632,881,881,0.9494,0
ILSVRC2012_val_00036342_with_ILSVRC2012_val_00000821_rank336,124,467,0.22326,36
ILSVRC2012_val_00036342_with_ILSVRC2012_val_00017876_rank364,550,786,0.48233,30
ILSVRC2012_val_00036342_with_ILSVRC2012_val_00024341_rank151,62,62,0.86814,0
ILSVRC2012_val_00036342_with_ILSVRC2012_val_00038650_rank595,887,748,0.54223,148
ILSVRC2012_val_00036342_with_ILSVRC2012_val_00015025_rank504,321,321,0.99049,0
ILSVRC2012_val_00036342_with_ILSVRC2012_val_00029167_rank793,446,681,0.30818,17
ILSVRC2012_val_00036342_with_ILSVRC2012_val_00047252_rank166,83,367,0.04062,913
ILSVRC2012_val_00036342_with_ILSVRC2012_val_00047027_rank824,606,367,0.04095,379
ILSVRC2012_val_00036342_with_ILSVRC2012_val_00012819_rank314,47,47,0.77697,0
ILSVRC2012_val_00036342_with_ILSVRC2012_val_00016242_rank907,531,826,0.28522,1
ILSVRC2012_val_00036342_with_ILSVRC2012_val_00045879_rank088,381,114,0.48,435
ILSVRC2012_val_00036342_with_ILSVRC2012_val_00047465_rank782,613,613,0.3507,0
ILSVRC2012_val_00036342_with_ILSVRC2012_val_00029529_rank176,871,367,0.04095,980
ILSVRC2012_val_00036342_with_ILSVRC2012_val_00024545_rank512,38,38,0.70041,0
ILSVRC2012_val_00036342_with_ILSVRC2012_val_00000867_rank488,265,265,0.16649,0
ILSVRC2012_val_00036342_with_ILSVRC2012_val_00001629_rank583,87,87,0.9972,0
ILSVRC2012_val_00036342_with_ILSVRC2012_val_00009076_rank392,986,367,0.04095,263
ILSVRC2012_val_00036342_with_ILSVRC2012_val_00010123_rank009,344,344,0.10491,0
ILSVRC2012_val_00036342_with_ILSVRC2012_val_00042065_rank237,616,616,0.79448,0
ILSVRC2012_val_00036342_with_ILSVRC2012_val_00020027_rank756,428,341,0.15798,108
ILSVRC2012_val_00036342_with_ILSVRC2012_val_00028182_rank564,776,289,0.26615,830
ILSVRC2012_val_00036342_with_ILSVRC2012_val_00003106_rank862,781,367,0.10401,217
ILSVRC2012_val_00036342_with_ILSVRC2012_val_00038979_rank980,891,891,0.96075,0
ILSVRC2012_val_00036342_with_ILSVRC2012_val_00023006_rank461,774,367,0.03917,400
ILSVRC2012_val_00036342_with_ILSVRC2012_val_00023111_rank547,323,323,0.98805,0
ILSVRC2012_val_00036342_with_ILSVRC2012_val_00030463_rank125,333,333,0.82901,0
ILSVRC2012_val_00036342_with_ILSVRC2012_val_00030637_rank137,208,373,0.2504,150
ILSVRC2012_val_00036342_with_ILSVRC2012_val_00021304_rank672,596,616,0.09207,96
ILSVRC2012_val_00036342_with_ILSVRC2012_val_00049409_rank788,452,93,0.53701,792
ILSVRC2012_val_00036342_with_ILSVRC2012_val_00015749_rank645,122,122,0.87869,0
ILSVRC2012_val_00036342_with_ILSVRC2012_val_00003485_rank397,200,196,0.71532,9
ILSVRC2012_val_00036342_with_ILSVRC2012_val_00031468_rank819,886,463,0.03143,304
ILSVRC2012_val_00036342_with_ILSVRC2012_val_00039026_rank181,67,67,0.98935,0
ILSVRC2012_val_00036342_with_ILSVRC2012_val_00035704_rank439,261,261,0.99083,0
ILSVRC2012_val_00036342_with_ILSVRC2012_val_00012062_rank776,432,367,0.05362,584
ILSVRC2012_val_00036342_with_ILSVRC2012_val_00005822_rank631,812,63,0.08535,929
ILSVRC2012_val_00036342_with_ILSVRC2012_val_00026871_rank712,845,674,0.12655,44
ILSVRC2012_val_00036342_with_ILSVRC2012_val_00039567_rank689,785,475,0.13133,1
ILSVRC2012_val_00036342_with_ILSVRC2012_val_00020808_rank838,652,652,0.93358,0
ILSVRC2012_val_00036342_with_ILSVRC2012_val_00026987_rank855,584,904,0.17201,611
ILSVRC2012_val_00036342_with_ILSVRC2012_val_00049890_rank930,784,381,0.29452,832
ILSVRC2012_val_00036342_with_ILSVRC2012_val_00047692_rank637,560,676,0.10601,15
ILSVRC2012_val_00036342_with_ILSVRC2012_val_00007109_rank391,183,196,0.07529,14
ILSVRC2012_val_00036342_with_ILSVRC2012_val_00004295_rank334,75,75,0.85365,0
ILSVRC2012_val_00036342_with_ILSVRC2012_val_00030821_rank248,850,722,0.18722,382
ILSVRC2012_val_00036342_with_ILSVRC2012_val_00020037_rank248,850,367,0.04095,337
ILSVRC2012_val_00036342_with_ILSVRC2012_val_00005488_rank537,904,743,0.56011,11
ILSVRC2012_val_00036342_with_ILSVRC2012_val_00031526_rank984,409,632,0.29433,20
ILSVRC2012_val_00036342_with_ILSVRC2012_val_00018707_rank591,711,344,0.13295,783
ILSVRC2012_val_00036342_with_ILSVRC2012_val_00019232_rank394,524,356,0.09246,875
ILSVRC2012_val_00036342_with_ILSVRC2012_val_00030197_rank723,937,937,0.0736,0
ILSVRC2012_val_00036342_with_ILSVRC2012_val_00035715_rank776,432,677,0.21866,150
ILSVRC2012_val_00036342_with_ILSVRC2012_val_00032672_rank059,350,21,0.21448,55
ILSVRC2012_val_00036342_with_ILSVRC2012_val_00048032_rank060,206,206,0.313,0
ILSVRC2012_val_00036342_with_ILSVRC2012_val_00028607_rank381,15,15,0.99633,0
ILSVRC2012_val_00036342_with_ILSVRC2012_val_00040500_rank740,893,859,0.58022,139
ILSVRC2012_val_00036342_with_ILSVRC2012_val_00043427_rank982,456,313,0.32742,21
ILSVRC2012_val_00036342_with_ILSVRC2012_val_00022706_rank107,133,133,0.9897,0
ILSVRC2012_val_00036342_with_ILSVRC2012_val_00039908_rank168,510,510,0.98861,0
ILSVRC2012_val_00036342_with_ILSVRC2012_val_00024438_rank239,84,84,0.96547,0
ILSVRC2012_val_00036342_with_ILSVRC2012_val_00015895_rank673,453,453,0.33734,0
ILSVRC2012_val_00036342_with_ILSVRC2012_val_00034178_rank097,4,4,0.08664,0
ILSVRC2012_val_00036342_with_ILSVRC2012_val_00041526_rank835,617,499,0.17843,60
ILSVRC2012_val_00036342_with_ILSVRC2012_val_00038134_rank047,387,367,0.04095,60
ILSVRC2012_val_00036342_with_ILSVRC2012_val_00025010_rank627,592,592,0.99931,0
ILSVRC2012_val_00036342_with_ILSVRC2012_val_00042149_rank450,712,712,0.49121,0
ILSVRC2012_val_00036342_with_ILSVRC2012_val_00032242_rank461,774,774,0.90934,0
ILSVRC2012_val_00036342_with_ILSVRC2012_val_00007502_rank941,700,840,0.43797,104
ILSVRC2012_val_00036342_with_ILSVRC2012_val_00026811_rank022,100,93,0.26835,33
ILSVRC2012_val_00036342_with_ILSVRC2012_val_00021573_rank280,252,233,0.309,2
ILSVRC2012_val_00036342_with_ILSVRC2012_val_00020527_rank541,503,367,0.04095,931
ILSVRC2012_val_00036342_with_ILSVRC2012_val_00029673_rank592,260,259,0.47344,1
ILSVRC2012_val_00036342_with_ILSVRC2012_val_00008000_rank397,200,189,0.1247,49
ILSVRC2012_val_00036342_with_ILSVRC2012_val_00006845_rank431,539,611,0.67793,25
ILSVRC2012_val_00036342_with_ILSVRC2012_val_00013931_rank252,825,289,0.15575,29
ILSVRC2012_val_00036342_with_ILSVRC2012_val_00030329_rank121,576,576,0.99454,0
ILSVRC2012_val_00036342_with_ILSVRC2012_val_00027201_rank410,694,208,0.04684,842
ILSVRC2012_val_00036342_with_ILSVRC2012_val_00011643_rank144,108,108,0.8502,0
ILSVRC2012_val_00036342_with_ILSVRC2012_val_00038807_rank677,549,636,0.09689,24
ILSVRC2012_val_00036342_with_ILSVRC2012_val_00048741_rank039,366,367,0.79967,1
ILSVRC2012_val_00036342_with_ILSVRC2012_val_00048270_rank865,475,475,0.80735,0
ILSVRC2012_val_00036342_with_ILSVRC2012_val_00028661_rank158,219,219,0.81654,0
ILSVRC2012_val_00036342_with_ILSVRC2012_val_00035925_rank637,560,849,0.13923,50
ILSVRC2012_val_00036342_with_ILSVRC2012_val_00042268_rank635,909,618,0.25888,5
ILSVRC2012_val_00036342_with_ILSVRC2012_val_00022907_rank094,386,385,0.65608,1
ILSVRC2012_val_00036342_with_ILSVRC2012_val_00047832_rank056,34,360,0.41421,44
ILSVRC2012_val_00036342_with_ILSVRC2012_val_00045912_rank551,165,695,0.05857,775
ILSVRC2012_val_00036342_with_ILSVRC2012_val_00032386_rank530,806,904,0.03421,804
ILSVRC2012_val_00036342_with_ILSVRC2012_val_00016177_rank465,31,31,0.91396,0
ILSVRC2012_val_00036342_with_ILSVRC2012_val_00029848_rank914,444,367,0.04095,434
ILSVRC2012_val_00036342_with_ILSVRC2012_val_00019630_rank193,25,25,0.81251,0
ILSVRC2012_val_00036342_with_ILSVRC2012_val_00021066_rank099,288,293,0.81305,3
ILSVRC2012_val_00036342_with_ILSVRC2012_val_00044202_rank479,192,367,0.04058,266
ILSVRC2012_val_00036342_with_ILSVRC2012_val_00034113_rank523,759,344,0.12875,525
ILSVRC2012_val_00036342_with_ILSVRC2012_val_00000664_rank284,628,836,0.1035,665
ILSVRC2012_val_00036342_with_ILSVRC2012_val_00041529_rank283,153,265,0.1476,4
ILSVRC2012_val_00036342_with_ILSVRC2012_val_00048034_rank709,594,367,0.04095,352
ILSVRC2012_val_00036342_with_ILSVRC2012_val_00035260_rank136,194,181,0.4334,3
ILSVRC2012_val_00036342_with_ILSVRC2012_val_00003665_rank688,18,18,0.99434,0
ILSVRC2012_val_00036342_with_ILSVRC2012_val_00048985_rank615,631,631,0.20698,0
ILSVRC2012_val_00036342_with_ILSVRC2012_val_00004644_rank383,839,395,0.54004,155
ILSVRC2012_val_00036342_with_ILSVRC2012_val_00028351_rank356,40,40,0.87192,0
ILSVRC2012_val_00036342_with_ILSVRC2012_val_00006116_rank254,128,367,0.04089,77
ILSVRC2012_val_00036342_with_ILSVRC2012_val_00016308_rank323,42,43,0.34673,1
ILSVRC2012_val_00036342_with_ILSVRC2012_val_00041216_rank159,63,63,0.98958,0
ILSVRC2012_val_00036342_with_ILSVRC2012_val_00018057_rank734,413,764,0.6078,1
ILSVRC2012_val_00036342_with_ILSVRC2012_val_00007729_rank224,8,168,0.31661,602
ILSVRC2012_val_00036342_with_ILSVRC2012_val_00027275_rank497,847,586,0.5477,1
ILSVRC2012_val_00036342_with_ILSVRC2012_val_00024795_rank418,68,68,0.6011,0
ILSVRC2012_val_00036342_with_ILSVRC2012_val_00014636_rank079,205,205,0.33242,0
ILSVRC2012_val_00036342_with_ILSVRC2012_val_00030112_rank801,671,367,0.04095,342
ILSVRC2012_val_00036342_with_ILSVRC2012_val_00039557_rank129,73,77,0.59725,4
ILSVRC2012_val_00036342_with_ILSVRC2012_val_00042942_rank875,515,402,0.25545,30
ILSVRC2012_val_00036342_with_ILSVRC2012_val_00024283_rank216,44,44,0.72776,0
ILSVRC2012_val_00036342_with_ILSVRC2012_val_00021134_rank758,429,429,0.73966,0
ILSVRC2012_val_00036342_with_ILSVRC2012_val_00040340_rank899,641,173,0.08708,754
ILSVRC2012_val_00036342_with_ILSVRC2012_val_00009523_rank569,267,265,0.17986,2
ILSVRC2012_val_00036342_with_ILSVRC2012_val_00012019_rank746,683,845,0.29925,35
ILSVRC2012_val_00036342_with_ILSVRC2012_val_00028558_rank869,790,790,0.8936,0
ILSVRC2012_val_00036342_with_ILSVRC2012_val_00013762_rank175,220,367,0.04095,210
ILSVRC2012_val_00036342_with_ILSVRC2012_val_00044835_rank507,820,491,0.15879,624
ILSVRC2012_val_00036342_with_ILSVRC2012_val_00044032_rank828,627,627,0.99025,0
ILSVRC2012_val_00036342_with_ILSVRC2012_val_00041463_rank824,606,606,0.46261,0
ILSVRC2012_val_00036342_with_ILSVRC2012_val_00033218_rank323,42,42,0.97333,0
ILSVRC2012_val_00036342_with_ILSVRC2012_val_00036383_rank568,930,930,0.12457,0
ILSVRC2012_val_00036342_with_ILSVRC2012_val_00013383_rank286,354,354,0.98245,0
ILSVRC2012_val_00036342_with_ILSVRC2012_val_00033946_rank723,937,618,0.59259,151
ILSVRC2012_val_00036342_with_ILSVRC2012_val_00000547_rank089,99,99,0.98145,0
ILSVRC2012_val_00036342_with_ILSVRC2012_val_00009461_rank172,379,381,0.14498,1
ILSVRC2012_val_00036342_with_ILSVRC2012_val_00049523_rank122,217,217,0.86803,0
ILSVRC2012_val_00036342_with_ILSVRC2012_val_00005687_rank238,190,265,0.21471,61
ILSVRC2012_val_00036342_with_ILSVRC2012_val_00040860_rank634,633,618,0.2389,160
ILSVRC2012_val_00036342_with_ILSVRC2012_val_00043953_rank947,512,618,0.18645,59
ILSVRC2012_val_00036342_with_ILSVRC2012_val_00031674_rank105,36,36,0.80778,0
ILSVRC2012_val_00036342_with_ILSVRC2012_val_00000399_rank569,267,367,0.04095,214
ILSVRC2012_val_00036342_with_ILSVRC2012_val_00018402_rank422,558,313,0.11916,168
ILSVRC2012_val_00036342_with_ILSVRC2012_val_00003622_rank861,440,356,0.41199,572
ILSVRC2012_val_00036342_with_ILSVRC2012_val_00046015_rank051,135,133,0.60684,2
ILSVRC2012_val_00036342_with_ILSVRC2012_val_00027385_rank636,497,562,0.05634,20
ILSVRC2012_val_00036342_with_ILSVRC2012_val_00028376_rank185,693,472,0.74699,1
ILSVRC2012_val_00036342_with_ILSVRC2012_val_00015875_rank981,901,504,0.44877,6
ILSVRC2012_val_00036342_with_ILSVRC2012_val_00042699_rank124,278,277,0.68188,1
ILSVRC2012_val_00036342_with_ILSVRC2012_val_00038651_rank730,737,367,0.04095,692
ILSVRC2012_val_00036342_with_ILSVRC2012_val_00047683_rank575,325,325,0.99771,0
ILSVRC2012_val_00036342_with_ILSVRC2012_val_00040794_rank039,366,366,0.78031,0
ILSVRC2012_val_00036342_with_ILSVRC2012_val_00017964_rank229,187,187,0.87486,0
ILSVRC2012_val_00036342_with_ILSVRC2012_val_00008425_rank481,427,427,0.98597,0
ILSVRC2012_val_00036342_with_ILSVRC2012_val_00037571_rank747,315,314,0.11968,9
ILSVRC2012_val_00036342_with_ILSVRC2012_val_00008679_rank479,192,186,0.77034,3
ILSVRC2012_val_00036342_with_ILSVRC2012_val_00043320_rank916,807,681,0.41738,46
ILSVRC2012_val_00036342_with_ILSVRC2012_val_00026331_rank012,336,336,0.44205,0
ILSVRC2012_val_00036342_with_ILSVRC2012_val_00000854_rank760,903,367,0.04052,894
ILSVRC2012_val_00036342_with_ILSVRC2012_val_00032451_rank451,164,355,0.22276,752
ILSVRC2012_val_00036342_with_ILSVRC2012_val_00036952_rank819,886,886,0.57017,0
ILSVRC2012_val_00036342_with_ILSVRC2012_val_00033605_rank498,851,743,0.1094,112
ILSVRC2012_val_00036342_with_ILSVRC2012_val_00002288_rank246,156,218,0.87308,1
ILSVRC2012_val_00036342_with_ILSVRC2012_val_00015078_rank806,561,561,0.99025,0
ILSVRC2012_val_00036342_with_ILSVRC2012_val_00025154_rank322,990,990,0.97409,0
ILSVRC2012_val_00036342_with_ILSVRC2012_val_00025679_rank348,185,367,0.04095,630
ILSVRC2012_val_00036342_with_ILSVRC2012_val_00031466_rank082,2,2,0.44044,0
ILSVRC2012_val_00036342_with_ILSVRC2012_val_00007101_rank779,665,870,0.44933,3
ILSVRC2012_val_00036342_with_ILSVRC2012_val_00023461_rank546,384,341,0.1983,203
ILSVRC2012_val_00036342_with_ILSVRC2012_val_00005042_rank952,615,615,0.11904,0
ILSVRC2012_val_00036342_with_ILSVRC2012_val_00026266_rank122,217,217,0.46257,0
ILSVRC2012_val_00036342_with_ILSVRC2012_val_00046921_rank605,420,420,0.92882,0
ILSVRC2012_val_00036342_with_ILSVRC2012_val_00028139_rank128,21,316,0.1735,212
ILSVRC2012_val_00036342_with_ILSVRC2012_val_00003934_rank459,457,904,0.18033,393
ILSVRC2012_val_00036342_with_ILSVRC2012_val_00027790_rank240,66,66,0.69933,0
ILSVRC2012_val_00036342_with_ILSVRC2012_val_00030662_rank076,136,136,0.76823,0
ILSVRC2012_val_00036342_with_ILSVRC2012_val_00006067_rank744,968,367,0.15181,680
ILSVRC2012_val_00036342_with_ILSVRC2012_val_00006860_rank138,114,1,0.17789,229
ILSVRC2012_val_00036342_with_ILSVRC2012_val_00030610_rank611,834,834,0.38225,0
ILSVRC2012_val_00036342_with_ILSVRC2012_val_00014845_rank267,268,268,0.2596,0
ILSVRC2012_val_00036342_with_ILSVRC2012_val_00048463_rank193,25,25,0.83556,0
ILSVRC2012_val_00036342_with_ILSVRC2012_val_00048672_rank598,751,751,0.88252,0
ILSVRC2012_val_00036342_with_ILSVRC2012_val_00024240_rank186,254,254,0.98274,0
ILSVRC2012_val_00036342_with_ILSVRC2012_val_00046009_rank660,768,367,0.03449,482
ILSVRC2012_val_00036342_with_ILSVRC2012_val_00003141_rank362,653,653,0.9719,0
ILSVRC2012_val_00036342_with_ILSVRC2012_val_00017554_rank251,224,227,0.22278,23
ILSVRC2012_val_00036342_with_ILSVRC2012_val_00012659_rank711,852,852,0.98194,0
ILSVRC2012_val_00036342_with_ILSVRC2012_val_00009908_rank072,146,146,0.99939,0
ILSVRC2012_val_00036342_with_ILSVRC2012_val_00029895_rank612,691,876,0.11979,528
ILSVRC2012_val_00036342_with_ILSVRC2012_val_00030909_rank427,720,720,0.08413,0
ILSVRC2012_val_00036342_with_ILSVRC2012_val_00048693_rank103,272,287,0.91526,14
ILSVRC2012_val_00036342_with_ILSVRC2012_val_00040630_rank031,292,292,0.84123,0
ILSVRC2012_val_00036342_with_ILSVRC2012_val_00026752_rank987,530,530,0.97068,0
ILSVRC2012_val_00036342_with_ILSVRC2012_val_00032275_rank586,981,981,0.77677,0
ILSVRC2012_val_00036342_with_ILSVRC2012_val_00002502_rank645,122,122,0.7258,0
ILSVRC2012_val_00036342_with_ILSVRC2012_val_00043795_rank025,145,145,0.99883,0
ILSVRC2012_val_00036342_with_ILSVRC2012_val_00002750_rank374,746,381,0.05818,912
ILSVRC2012_val_00036342_with_ILSVRC2012_val_00029729_rank625,593,593,0.99671,0
ILSVRC2012_val_00036342_with_ILSVRC2012_val_00043800_rank173,913,491,0.56823,216
ILSVRC2012_val_00036342_with_ILSVRC2012_val_00018092_rank550,23,23,0.74905,0
ILSVRC2012_val_00036342_with_ILSVRC2012_val_00039411_rank958,823,823,0.9208,0
ILSVRC2012_val_00036342_with_ILSVRC2012_val_00024014_rank426,303,303,0.88181,0
ILSVRC2012_val_00036342_with_ILSVRC2012_val_00018848_rank190,39,39,0.89362,0
ILSVRC2012_val_00036342_with_ILSVRC2012_val_00041068_rank944,577,367,0.04095,370
ILSVRC2012_val_00036342_with_ILSVRC2012_val_00003748_rank057,30,30,0.93788,0
ILSVRC2012_val_00036342_with_ILSVRC2012_val_00020998_rank932,499,367,0.04091,645
ILSVRC2012_val_00036342_with_ILSVRC2012_val_00022711_rank555,41,41,0.70196,0
ILSVRC2012_val_00036342_with_ILSVRC2012_val_00017620_rank877,447,447,0.98989,0
ILSVRC2012_val_00036342_with_ILSVRC2012_val_00026818_rank493,897,84,0.50648,627
ILSVRC2012_val_00036342_with_ILSVRC2012_val_00010071_rank081,346,341,0.2737,13
ILSVRC2012_val_00036342_with_ILSVRC2012_val_00047648_rank229,187,367,0.09616,116
ILSVRC2012_val_00036342_with_ILSVRC2012_val_00003973_rank135,341,341,0.83985,0
ILSVRC2012_val_00036342_with_ILSVRC2012_val_00038498_rank487,236,210,0.64975,13
ILSVRC2012_val_00036342_with_ILSVRC2012_val_00036050_rank795,805,805,0.99379,0
ILSVRC2012_val_00036342_with_ILSVRC2012_val_00017708_rank906,733,471,0.08228,155
ILSVRC2012_val_00036342_with_ILSVRC2012_val_00019234_rank704,829,829,0.67526,0
ILSVRC2012_val_00036342_with_ILSVRC2012_val_00031700_rank362,653,463,0.25794,3
ILSVRC2012_val_00036342_with_ILSVRC2012_val_00031195_rank153,382,373,0.3193,6
ILSVRC2012_val_00036342_with_ILSVRC2012_val_00038481_rank957,650,440,0.17452,124
ILSVRC2012_val_00036342_with_ILSVRC2012_val_00023061_rank679,410,674,0.43693,94
ILSVRC2012_val_00036342_with_ILSVRC2012_val_00033393_rank139,82,82,0.46197,0
ILSVRC2012_val_00036342_with_ILSVRC2012_val_00034923_rank337,309,367,0.04095,493
ILSVRC2012_val_00036342_with_ILSVRC2012_val_00009235_rank869,790,790,0.58436,0
ILSVRC2012_val_00036342_with_ILSVRC2012_val_00016073_rank903,778,695,0.06642,101
ILSVRC2012_val_00036342_with_ILSVRC2012_val_00042664_rank120,35,36,0.53177,2
ILSVRC2012_val_00036342_with_ILSVRC2012_val_00033886_rank463,739,367,0.04095,197
ILSVRC2012_val_00036342_with_ILSVRC2012_val_00026461_rank618,517,517,0.97951,0
ILSVRC2012_val_00036342_with_ILSVRC2012_val_00038572_rank032,102,102,0.94091,0
ILSVRC2012_val_00036342_with_ILSVRC2012_val_00006325_rank633,469,469,0.44834,0
ILSVRC2012_val_00036342_with_ILSVRC2012_val_00047659_rank632,881,539,0.28822,112
ILSVRC2012_val_00036342_with_ILSVRC2012_val_00014938_rank424,715,365,0.08451,487
ILSVRC2012_val_00036342_with_ILSVRC2012_val_00020600_rank700,777,365,0.18347,700
ILSVRC2012_val_00036342_with_ILSVRC2012_val_00044011_rank361,94,367,0.04095,397
ILSVRC2012_val_00036342_with_ILSVRC2012_val_00033082_rank868,565,733,0.20556,590
ILSVRC2012_val_00036342_with_ILSVRC2012_val_00024754_rank575,325,325,0.81752,0
ILSVRC2012_val_00036342_with_ILSVRC2012_val_00012260_rank895,723,723,0.99179,0
ILSVRC2012_val_00036342_with_ILSVRC2012_val_00011202_rank267,268,268,0.77473,0
ILSVRC2012_val_00036342_with_ILSVRC2012_val_00018214_rank549,698,694,0.39928,86
ILSVRC2012_val_00036342_with_ILSVRC2012_val_00006666_rank048,269,360,0.23666,54
ILSVRC2012_val_00036342_with_ILSVRC2012_val_00022856_rank259,198,367,0.04095,112
ILSVRC2012_val_00036342_with_ILSVRC2012_val_00043168_rank564,776,776,0.93761,0
ILSVRC2012_val_00036342_with_ILSVRC2012_val_00032473_rank389,88,88,0.99432,0
ILSVRC2012_val_00036342_with_ILSVRC2012_val_00004671_rank243,152,157,0.39523,1
ILSVRC2012_val_00036342_with_ILSVRC2012_val_00014844_rank596,705,332,0.06084,655
ILSVRC2012_val_00036342_with_ILSVRC2012_val_00045427_rank780,699,699,0.97754,0
ILSVRC2012_val_00036342_with_ILSVRC2012_val_00019686_rank724,824,130,0.1514,895
ILSVRC2012_val_00036342_with_ILSVRC2012_val_00037807_rank457,313,313,0.95423,0
ILSVRC2012_val_00036342_with_ILSVRC2012_val_00018981_rank052,104,104,0.96511,0
ILSVRC2012_val_00036342_with_ILSVRC2012_val_00046491_rank436,392,392,0.06612,0
ILSVRC2012_val_00036342_with_ILSVRC2012_val_00023390_rank387,96,306,0.63454,43
ILSVRC2012_val_00036342_with_ILSVRC2012_val_00043007_rank310,180,180,0.56742,0
ILSVRC2012_val_00036342_with_ILSVRC2012_val_00039575_rank765,658,658,0.99616,0
ILSVRC2012_val_00036342_with_ILSVRC2012_val_00025866_rank349,888,821,0.24146,1
ILSVRC2012_val_00036342_with_ILSVRC2012_val_00004730_rank206,130,130,0.78099,0
ILSVRC2012_val_00036342_with_ILSVRC2012_val_00027165_rank454,231,231,0.57829,0
ILSVRC2012_val_00036342_with_ILSVRC2012_val_00008908_rank659,696,696,0.91438,0
ILSVRC2012_val_00036342_with_ILSVRC2012_val_00017930_rank206,130,93,0.88023,40
ILSVRC2012_val_00036342_with_ILSVRC2012_val_00042613_rank974,636,450,0.34101,678
ILSVRC2012_val_00036342_with_ILSVRC2012_val_00048634_rank769,599,599,0.92515,0
ILSVRC2012_val_00036342_with_ILSVRC2012_val_00016131_rank884,709,418,0.79474,4
ILSVRC2012_val_00036342_with_ILSVRC2012_val_00031046_rank111,105,367,0.04095,99
ILSVRC2012_val_00036342_with_ILSVRC2012_val_00046774_rank392,986,367,0.04095,263
ILSVRC2012_val_00036342_with_ILSVRC2012_val_00007160_rank461,774,774,0.84971,0
ILSVRC2012_val_00036342_with_ILSVRC2012_val_00003333_rank958,823,367,0.04095,594
ILSVRC2012_val_00036342_with_ILSVRC2012_val_00043822_rank172,379,368,0.46639,5
ILSVRC2012_val_00036342_with_ILSVRC2012_val_00038335_rank946,158,158,0.76369,0
ILSVRC2012_val_00036342_with_ILSVRC2012_val_00011165_rank261,264,264,0.79415,0
ILSVRC2012_val_00036342_with_ILSVRC2012_val_00038514_rank541,503,367,0.05309,931
ILSVRC2012_val_00036342_with_ILSVRC2012_val_00036209_rank862,781,781,0.87838,0
ILSVRC2012_val_00036342_with_ILSVRC2012_val_00013165_rank893,750,669,0.19592,6
ILSVRC2012_val_00036342_with_ILSVRC2012_val_00016568_rank155,125,125,0.18391,0
ILSVRC2012_val_00036342_with_ILSVRC2012_val_00018700_rank496,717,717,0.4282,0
ILSVRC2012_val_00036342_with_ILSVRC2012_val_00025942_rank041,287,287,0.56215,0
ILSVRC2012_val_00036342_with_ILSVRC2012_val_00011950_rank700,777,597,0.40595,1
ILSVRC2012_val_00036342_with_ILSVRC2012_val_00019298_rank929,655,840,0.88968,183
ILSVRC2012_val_00036342_with_ILSVRC2012_val_00048726_rank674,493,539,0.18063,419
ILSVRC2012_val_00036342_with_ILSVRC2012_val_00025780_rank245,914,914,0.61879,0
ILSVRC2012_val_00036342_with_ILSVRC2012_val_00034308_rank664,943,939,0.58892,1
ILSVRC2012_val_00036342_with_ILSVRC2012_val_00035837_rank580,127,127,0.64715,0
ILSVRC2012_val_00036342_with_ILSVRC2012_val_00030875_rank434,964,544,0.11314,24
ILSVRC2012_val_00036342_with_ILSVRC2012_val_00025286_rank974,636,879,0.20049,154
ILSVRC2012_val_00036342_with_ILSVRC2012_val_00013740_rank110,275,275,0.99798,0
ILSVRC2012_val_00036342_with_ILSVRC2012_val_00042027_rank036,49,367,0.04095,216
ILSVRC2012_val_00036342_with_ILSVRC2012_val_00011799_rank900,841,341,0.0352,994
ILSVRC2012_val_00036342_with_ILSVRC2012_val_00044290_rank942,678,282,0.04546,519
ILSVRC2012_val_00036342_with_ILSVRC2012_val_00043134_rank508,304,302,0.55611,3
ILSVRC2012_val_00036342_with_ILSVRC2012_val_00041696_rank831,753,753,0.9744,0
ILSVRC2012_val_00036342_with_ILSVRC2012_val_00007279_rank988,602,580,0.05415,286
ILSVRC2012_val_00036342_with_ILSVRC2012_val_00032006_rank039,366,365,0.77308,3
ILSVRC2012_val_00036342_with_ILSVRC2012_val_00033712_rank273,118,119,0.64562,2
ILSVRC2012_val_00036342_with_ILSVRC2012_val_00001830_rank058,142,20,0.1477,12
ILSVRC2012_val_00036342_with_ILSVRC2012_val_00010669_rank056,34,34,0.21169,0
ILSVRC2012_val_00036342_with_ILSVRC2012_val_00032899_rank939,735,695,0.15536,402
ILSVRC2012_val_00036342_with_ILSVRC2012_val_00037016_rank995,523,341,0.06897,238
ILSVRC2012_val_00036342_with_ILSVRC2012_val_00011421_rank907,531,367,0.04095,964
ILSVRC2012_val_00036342_with_ILSVRC2012_val_00031673_rank638,857,356,0.08723,924
ILSVRC2012_val_00036342_with_ILSVRC2012_val_00016356_rank835,617,367,0.04126,301
ILSVRC2012_val_00036342_with_ILSVRC2012_val_00032056_rank274,117,117,0.99149,0
ILSVRC2012_val_00036342_with_ILSVRC2012_val_00039674_rank539,635,828,0.18596,466
ILSVRC2012_val_00036342_with_ILSVRC2012_val_00017473_rank890,226,367,0.04081,132
ILSVRC2012_val_00036342_with_ILSVRC2012_val_00024763_rank665,473,473,0.86281,0
ILSVRC2012_val_00036342_with_ILSVRC2012_val_00000748_rank222,202,16,0.152,687
ILSVRC2012_val_00036342_with_ILSVRC2012_val_00009956_rank161,347,347,0.81421,0
ILSVRC2012_val_00036342_with_ILSVRC2012_val_00013879_rank394,524,344,0.19173,708
ILSVRC2012_val_00036342_with_ILSVRC2012_val_00017552_rank426,303,306,0.40825,7
ILSVRC2012_val_00036342_with_ILSVRC2012_val_00014270_rank137,208,208,0.89728,0
ILSVRC2012_val_00036342_with_ILSVRC2012_val_00031304_rank051,135,367,0.04095,363
ILSVRC2012_val_00036342_with_ILSVRC2012_val_00017419_rank854,736,472,0.5582,111
ILSVRC2012_val_00036342_with_ILSVRC2012_val_00029759_rank337,309,382,0.21981,65
ILSVRC2012_val_00036342_with_ILSVRC2012_val_00043842_rank444,176,367,0.04095,440
ILSVRC2012_val_00036342_with_ILSVRC2012_val_00037780_rank146,3,3,0.82948,0
ILSVRC2012_val_00036342_with_ILSVRC2012_val_00004871_rank984,409,572,0.12882,467
ILSVRC2012_val_00036342_with_ILSVRC2012_val_00031141_rank866,675,867,0.96337,1
ILSVRC2012_val_00036342_with_ILSVRC2012_val_00024787_rank023,137,100,0.23753,3
ILSVRC2012_val_00036342_with_ILSVRC2012_val_00032076_rank923,869,93,0.18385,498
ILSVRC2012_val_00036342_with_ILSVRC2012_val_00020691_rank452,985,93,0.21379,176
ILSVRC2012_val_00036342_with_ILSVRC2012_val_00003670_rank739,405,405,0.08617,0
ILSVRC2012_val_00036342_with_ILSVRC2012_val_00047824_rank566,567,567,0.51384,0
ILSVRC2012_val_00036342_with_ILSVRC2012_val_00012489_rank245,914,871,0.10549,2
ILSVRC2012_val_00036342_with_ILSVRC2012_val_00046976_rank191,29,29,0.98725,0
ILSVRC2012_val_00036342_with_ILSVRC2012_val_00010114_rank901,862,862,0.99754,0
ILSVRC2012_val_00036342_with_ILSVRC2012_val_00013381_rank421,162,161,0.67395,1
ILSVRC2012_val_00036342_with_ILSVRC2012_val_00026254_rank869,790,367,0.04095,757
ILSVRC2012_val_00036342_with_ILSVRC2012_val_00011516_rank705,794,794,0.33033,0
ILSVRC2012_val_00036342_with_ILSVRC2012_val_00045092_rank948,591,591,0.21313,0
ILSVRC2012_val_00036342_with_ILSVRC2012_val_00002631_rank717,507,367,0.04252,726
ILSVRC2012_val_00036342_with_ILSVRC2012_val_00005174_rank473,201,201,0.94011,0
ILSVRC2012_val_00036342_with_ILSVRC2012_val_00007490_rank285,437,525,0.08429,33
ILSVRC2012_val_00036342_with_ILSVRC2012_val_00005339_rank097,4,14,0.65532,205
ILSVRC2012_val_00036342_with_ILSVRC2012_val_00013259_rank799,570,367,0.04095,345
ILSVRC2012_val_00036342_with_ILSVRC2012_val_00009606_rank196,540,510,0.29112,1
ILSVRC2012_val_00036342_with_ILSVRC2012_val_00024954_rank311,958,539,0.18412,138
ILSVRC2012_val_00036342_with_ILSVRC2012_val_00031384_rank477,173,171,0.43448,6
ILSVRC2012_val_00036342_with_ILSVRC2012_val_00011751_rank977,157,157,0.57597,0
ILSVRC2012_val_00036342_with_ILSVRC2012_val_00019787_rank221,86,86,0.85094,0
ILSVRC2012_val_00036342_with_ILSVRC2012_val_00018017_rank339,376,330,0.15743,133
ILSVRC2012_val_00036342_with_ILSVRC2012_val_00049279_rank031,292,292,0.63191,0
ILSVRC2012_val_00036342_with_ILSVRC2012_val_00014396_rank893,750,539,0.4776,110
ILSVRC2012_val_00036342_with_ILSVRC2012_val_00034901_rank274,117,117,0.98297,0
ILSVRC2012_val_00036342_with_ILSVRC2012_val_00025733_rank564,776,367,0.14032,308
ILSVRC2012_val_00036342_with_ILSVRC2012_val_00004670_rank956,521,469,0.08567,14
ILSVRC2012_val_00036342_with_ILSVRC2012_val_00027207_rank297,7,7,0.75364,0
ILSVRC2012_val_00036342_with_ILSVRC2012_val_00035766_rank072,146,146,0.7866,0
ILSVRC2012_val_00036342_with_ILSVRC2012_val_00021311_rank803,875,85,0.08873,965
ILSVRC2012_val_00036342_with_ILSVRC2012_val_00036779_rank787,647,530,0.08181,53
ILSVRC2012_val_00036342_with_ILSVRC2012_val_00013207_rank526,496,496,0.84283,0
ILSVRC2012_val_00036342_with_ILSVRC2012_val_00029643_rank694,660,448,0.94562,67
ILSVRC2012_val_00036342_with_ILSVRC2012_val_00046768_rank467,249,283,0.46628,92
ILSVRC2012_val_00036342_with_ILSVRC2012_val_00010115_rank577,827,413,0.25623,152
ILSVRC2012_val_00036342_with_ILSVRC2012_val_00046898_rank371,484,674,0.13494,222
ILSVRC2012_val_00036342_with_ILSVRC2012_val_00036288_rank660,768,539,0.06565,346
ILSVRC2012_val_00036342_with_ILSVRC2012_val_00033410_rank666,654,627,0.41827,9
ILSVRC2012_val_00036342_with_ILSVRC2012_val_00024800_rank188,9,9,0.77488,0
ILSVRC2012_val_00036342_with_ILSVRC2012_val_00011998_rank339,376,376,0.98411,0
ILSVRC2012_val_00036342_with_ILSVRC2012_val_00016713_rank167,273,273,0.83877,0
ILSVRC2012_val_00036342_with_ILSVRC2012_val_00025268_rank156,33,33,0.37758,0
ILSVRC2012_val_00036342_with_ILSVRC2012_val_00008272_rank509,168,159,0.68619,1
ILSVRC2012_val_00036342_with_ILSVRC2012_val_00001712_rank073,343,285,0.30243,432
ILSVRC2012_val_00036342_with_ILSVRC2012_val_00004268_rank445,501,73,0.24243,186
ILSVRC2012_val_00036342_with_ILSVRC2012_val_00021900_rank745,879,879,0.20532,0
ILSVRC2012_val_00036342_with_ILSVRC2012_val_00046522_rank275,391,391,0.43296,0
ILSVRC2012_val_00036342_with_ILSVRC2012_val_00013378_rank239,84,84,0.99671,0
ILSVRC2012_val_00036342_with_ILSVRC2012_val_00001940_rank344,505,804,0.10985,13
ILSVRC2012_val_00036342_with_ILSVRC2012_val_00027253_rank629,859,178,0.11798,641
ILSVRC2012_val_00036342_with_ILSVRC2012_val_00007075_rank110,275,196,0.06787,212
ILSVRC2012_val_00036342_with_ILSVRC2012_val_00009269_rank619,701,96,0.10785,71
ILSVRC2012_val_00036342_with_ILSVRC2012_val_00003749_rank617,900,211,0.07562,841
ILSVRC2012_val_00036342_with_ILSVRC2012_val_00011587_rank474,588,588,0.66501,0
ILSVRC2012_val_00036342_with_ILSVRC2012_val_00039364_rank633,469,576,0.14822,202
ILSVRC2012_val_00036342_with_ILSVRC2012_val_00002683_rank937,999,203,0.50527,110
ILSVRC2012_val_00036342_with_ILSVRC2012_val_00021072_rank747,315,367,0.04071,377
ILSVRC2012_val_00036342_with_ILSVRC2012_val_00042383_rank205,64,64,0.89691,0
ILSVRC2012_val_00036342_with_ILSVRC2012_val_00024137_rank679,410,314,0.01947,137
ILSVRC2012_val_00036342_with_ILSVRC2012_val_00001344_rank881,253,253,0.96524,0
ILSVRC2012_val_00036342_with_ILSVRC2012_val_00008307_rank620,474,367,0.04095,705
ILSVRC2012_val_00036342_with_ILSVRC2012_val_00036829_rank612,691,367,0.04095,354
ILSVRC2012_val_00036342_with_ILSVRC2012_val_00006852_rank705,794,367,0.04046,626
ILSVRC2012_val_00036342_with_ILSVRC2012_val_00028225_rank465,31,36,0.0871,102
ILSVRC2012_val_00036342_with_ILSVRC2012_val_00016309_rank632,881,881,0.99891,0
ILSVRC2012_val_00036342_with_ILSVRC2012_val_00027373_rank079,205,344,0.17585,141
ILSVRC2012_val_00036342_with_ILSVRC2012_val_00042082_rank341,53,303,0.47713,87
ILSVRC2012_val_00036342_with_ILSVRC2012_val_00004347_rank593,957,367,0.08241,858
ILSVRC2012_val_00036342_with_ILSVRC2012_val_00008071_rank092,338,338,0.99647,0
ILSVRC2012_val_00036342_with_ILSVRC2012_val_00044818_rank102,181,367,0.04095,526
ILSVRC2012_val_00036342_with_ILSVRC2012_val_00008939_rank150,228,228,0.97316,0
ILSVRC2012_val_00036342_with_ILSVRC2012_val_00023661_rank439,261,344,0.72481,262
ILSVRC2012_val_00036342_with_ILSVRC2012_val_00041929_rank149,232,232,0.66588,0
ILSVRC2012_val_00036342_with_ILSVRC2012_val_00008088_rank809,436,436,0.97156,0
ILSVRC2012_val_00036342_with_ILSVRC2012_val_00034724_rank475,874,874,0.89667,0
ILSVRC2012_val_00036342_with_ILSVRC2012_val_00029975_rank952,615,199,0.07557,335
ILSVRC2012_val_00036342_with_ILSVRC2012_val_00009469_rank587,640,646,0.95882,2
ILSVRC2012_val_00036342_with_ILSVRC2012_val_00030124_rank598,751,751,0.51736,0
ILSVRC2012_val_00036342_with_ILSVRC2012_val_00014860_rank671,831,285,0.27193,184
ILSVRC2012_val_00036342_with_ILSVRC2012_val_00046468_rank804,574,574,0.99876,0
ILSVRC2012_val_00036342_with_ILSVRC2012_val_00023634_rank060,206,206,0.27572,0
ILSVRC2012_val_00036342_with_ILSVRC2012_val_00038505_rank030,97,97,0.99587,0
ILSVRC2012_val_00036342_with_ILSVRC2012_val_00041935_rank304,554,367,0.0691,234
ILSVRC2012_val_00036342_with_ILSVRC2012_val_00026430_rank599,873,873,0.76389,0
ILSVRC2012_val_00036342_with_ILSVRC2012_val_00014875_rank341,53,53,0.14833,0
ILSVRC2012_val_00036342_with_ILSVRC2012_val_00030075_rank752,351,344,0.81333,33
ILSVRC2012_val_00036342_with_ILSVRC2012_val_00043164_rank207,815,879,0.6222,159
ILSVRC2012_val_00036342_with_ILSVRC2012_val_00040716_rank527,894,367,0.04095,966
ILSVRC2012_val_00036342_with_ILSVRC2012_val_00005344_rank065,335,43,0.24737,30
ILSVRC2012_val_00036342_with_ILSVRC2012_val_00031985_rank920,796,796,0.75924,0
ILSVRC2012_val_00036342_with_ILSVRC2012_val_00000941_rank492,56,56,0.71253,0
ILSVRC2012_val_00036342_with_ILSVRC2012_val_00038644_rank216,44,47,0.68909,9
ILSVRC2012_val_00036342_with_ILSVRC2012_val_00044985_rank176,871,360,0.26912,108
ILSVRC2012_val_00036342_with_ILSVRC2012_val_00001089_rank466,508,836,0.63299,812
ILSVRC2012_val_00036342_with_ILSVRC2012_val_00021749_rank648,605,605,0.77111,0
ILSVRC2012_val_00036342_with_ILSVRC2012_val_00020728_rank592,260,367,0.04095,517
ILSVRC2012_val_00036342_with_ILSVRC2012_val_00007017_rank925,898,469,0.56615,790
ILSVRC2012_val_00036342_with_ILSVRC2012_val_00008628_rank642,563,563,0.43339,0
ILSVRC2012_val_00036342_with_ILSVRC2012_val_00000466_rank022,100,100,0.99348,0
ILSVRC2012_val_00036342_with_ILSVRC2012_val_00033908_rank436,392,392,0.93971,0
ILSVRC2012_val_00036342_with_ILSVRC2012_val_00017592_rank444,176,373,0.11432,920
ILSVRC2012_val_00036342_with_ILSVRC2012_val_00010909_rank834,430,430,0.9567,0
ILSVRC2012_val_00036342_with_ILSVRC2012_val_00043851_rank423,154,377,0.2839,76
ILSVRC2012_val_00036342_with_ILSVRC2012_val_00014927_rank413,46,42,0.2145,6
ILSVRC2012_val_00036342_with_ILSVRC2012_val_00018062_rank183,24,24,0.99907,0
ILSVRC2012_val_00036342_with_ILSVRC2012_val_00005991_rank779,665,870,0.58802,3
ILSVRC2012_val_00036342_with_ILSVRC2012_val_00007032_rank122,217,217,0.89333,0
ILSVRC2012_val_00036342_with_ILSVRC2012_val_00045858_rank489,60,61,0.68278,5
ILSVRC2012_val_00036342_with_ILSVRC2012_val_00023960_rank027,279,279,0.49041,0
ILSVRC2012_val_00036342_with_ILSVRC2012_val_00032889_rank550,23,836,0.43759,844
ILSVRC2012_val_00036342_with_ILSVRC2012_val_00028455_rank135,341,30,0.32472,464
ILSVRC2012_val_00036342_with_ILSVRC2012_val_00016894_rank851,657,703,0.10818,284
ILSVRC2012_val_00036342_with_ILSVRC2012_val_00022951_rank020,334,334,0.55985,0
ILSVRC2012_val_00036342_with_ILSVRC2012_val_00036238_rank178,372,373,0.56229,1
ILSVRC2012_val_00036342_with_ILSVRC2012_val_00021892_rank229,187,341,0.34879,494
ILSVRC2012_val_00036342_with_ILSVRC2012_val_00012221_rank881,253,253,0.97456,0
ILSVRC2012_val_00036342_with_ILSVRC2012_val_00006893_rank679,410,410,0.28271,0
ILSVRC2012_val_00036342_with_ILSVRC2012_val_00046323_rank043,139,139,0.99147,0
ILSVRC2012_val_00036342_with_ILSVRC2012_val_00000113_rank212,227,227,0.53145,0
ILSVRC2012_val_00036342_with_ILSVRC2012_val_00037819_rank931,771,771,0.99531,0
ILSVRC2012_val_00036342_with_ILSVRC2012_val_00017677_rank495,312,314,0.37803,4
ILSVRC2012_val_00036342_with_ILSVRC2012_val_00023228_rank031,292,282,0.24203,1
ILSVRC2012_val_00036342_with_ILSVRC2012_val_00005414_rank578,836,96,0.15778,389
ILSVRC2012_val_00036342_with_ILSVRC2012_val_00004630_rank761,760,692,0.12157,59
ILSVRC2012_val_00036342_with_ILSVRC2012_val_00029325_rank326,302,302,0.48374,0
ILSVRC2012_val_00036342_with_ILSVRC2012_val_00023962_rank772,749,749,0.99452,0
ILSVRC2012_val_00036342_with_ILSVRC2012_val_00026233_rank926,764,872,0.10386,9
ILSVRC2012_val_00036342_with_ILSVRC2012_val_00038953_rank974,636,836,0.15159,30
ILSVRC2012_val_00036342_with_ILSVRC2012_val_00003540_rank007,298,360,0.55869,5
ILSVRC2012_val_00036342_with_ILSVRC2012_val_00043733_rank460,532,562,0.16389,289
ILSVRC2012_val_00036342_with_ILSVRC2012_val_00000131_rank360,802,491,0.09156,22
ILSVRC2012_val_00036342_with_ILSVRC2012_val_00009576_rank423,154,367,0.0496,260
ILSVRC2012_val_00036342_with_ILSVRC2012_val_00018567_rank986,795,677,0.4745,253
ILSVRC2012_val_00036342_with_ILSVRC2012_val_00041776_rank391,183,183,0.84844,0
ILSVRC2012_val_00036342_with_ILSVRC2012_val_00022450_rank697,822,344,0.03588,332
ILSVRC2012_val_00036342_with_ILSVRC2012_val_00043759_rank871,743,367,0.04332,50
ILSVRC2012_val_00036342_with_ILSVRC2012_val_00006119_rank417,604,604,0.99409,0
ILSVRC2012_val_00036342_with_ILSVRC2012_val_00018103_rank918,676,164,0.26506,113
ILSVRC2012_val_00036342_with_ILSVRC2012_val_00018928_rank690,339,345,0.75264,4
ILSVRC2012_val_00036342_with_ILSVRC2012_val_00021335_rank183,24,367,0.10304,80
ILSVRC2012_val_00036342_with_ILSVRC2012_val_00042330_rank268,340,344,0.29526,17
ILSVRC2012_val_00036342_with_ILSVRC2012_val_00034830_rank665,473,367,0.04095,926
ILSVRC2012_val_00036342_with_ILSVRC2012_val_00022601_rank913,459,5,0.19595,111
ILSVRC2012_val_00036342_with_ILSVRC2012_val_00018088_rank901,862,862,0.73669,0
ILSVRC2012_val_00036342_with_ILSVRC2012_val_00008977_rank685,889,904,0.09388,249
ILSVRC2012_val_00036342_with_ILSVRC2012_val_00041352_rank173,913,314,0.11926,144
ILSVRC2012_val_00036342_with_ILSVRC2012_val_00009017_rank997,872,872,0.97327,0
ILSVRC2012_val_00036342_with_ILSVRC2012_val_00048269_rank174,107,36,0.78546,111
ILSVRC2012_val_00036342_with_ILSVRC2012_val_00012529_rank903,778,463,0.14075,31
ILSVRC2012_val_00036342_with_ILSVRC2012_val_00002292_rank532,662,904,0.07507,697
ILSVRC2012_val_00036342_with_ILSVRC2012_val_00044574_rank437,307,303,0.28302,2
ILSVRC2012_val_00036342_with_ILSVRC2012_val_00014724_rank406,322,322,0.988,0
ILSVRC2012_val_00036342_with_ILSVRC2012_val_00026532_rank447,586,586,0.97777,0
ILSVRC2012_val_00036342_with_ILSVRC2012_val_00038370_rank896,761,754,0.46091,9
ILSVRC2012_val_00036342_with_ILSVRC2012_val_00002802_rank583,87,87,0.99798,0
ILSVRC2012_val_00036342_with_ILSVRC2012_val_00000582_rank932,499,499,0.77323,0
ILSVRC2012_val_00036342_with_ILSVRC2012_val_00028790_rank808,868,868,0.92024,0
ILSVRC2012_val_00036342_with_ILSVRC2012_val_00036410_rank595,887,367,0.10181,398
ILSVRC2012_val_00036342_with_ILSVRC2012_val_00020059_rank264,32,32,0.7798,0
ILSVRC2012_val_00036342_with_ILSVRC2012_val_00027317_rank678,755,755,0.27842,0
ILSVRC2012_val_00036342_with_ILSVRC2012_val_00027684_rank665,473,473,0.9205,0
ILSVRC2012_val_00036342_with_ILSVRC2012_val_00025550_rank946,158,158,0.68154,0
ILSVRC2012_val_00036342_with_ILSVRC2012_val_00012677_rank495,312,312,0.49035,0
ILSVRC2012_val_00036342_with_ILSVRC2012_val_00033616_rank256,72,72,0.45811,0
ILSVRC2012_val_00036342_with_ILSVRC2012_val_00043215_rank255,649,562,0.1403,60
ILSVRC2012_val_00036342_with_ILSVRC2012_val_00021351_rank089,99,124,0.1947,532
ILSVRC2012_val_00036342_with_ILSVRC2012_val_00031353_rank649,713,713,0.90334,0
ILSVRC2012_val_00036342_with_ILSVRC2012_val_00028406_rank976,804,804,0.97384,0
ILSVRC2012_val_00036342_with_ILSVRC2012_val_00024607_rank996,418,96,0.12383,534
ILSVRC2012_val_00036342_with_ILSVRC2012_val_00001978_rank655,732,836,0.36287,64
ILSVRC2012_val_00036342_with_ILSVRC2012_val_00003445_rank095,374,367,0.04095,17
ILSVRC2012_val_00036342_with_ILSVRC2012_val_00012121_rank873,552,87,0.24752,134
ILSVRC2012_val_00036342_with_ILSVRC2012_val_00042933_rank339,376,376,0.977,0
ILSVRC2012_val_00036342_with_ILSVRC2012_val_00048728_rank322,990,314,0.20039,89
ILSVRC2012_val_00036342_with_ILSVRC2012_val_00032201_rank710,564,199,0.0757,233
ILSVRC2012_val_00036342_with_ILSVRC2012_val_00019425_rank312,110,367,0.04182,703
ILSVRC2012_val_00036342_with_ILSVRC2012_val_00001881_rank819,886,886,0.34485,0
ILSVRC2012_val_00036342_with_ILSVRC2012_val_00045147_rank173,913,344,0.10835,122
ILSVRC2012_val_00036342_with_ILSVRC2012_val_00020740_rank536,163,163,0.97003,0
ILSVRC2012_val_00036342_with_ILSVRC2012_val_00020574_rank256,72,73,0.34334,2
ILSVRC2012_val_00036342_with_ILSVRC2012_val_00022143_rank902,722,722,0.99918,0
ILSVRC2012_val_00036342_with_ILSVRC2012_val_00021057_rank344,505,505,0.46425,0
ILSVRC2012_val_00036342_with_ILSVRC2012_val_00030719_rank317,55,55,0.90969,0
ILSVRC2012_val_00036342_with_ILSVRC2012_val_00020362_rank008,294,274,0.1923,20
ILSVRC2012_val_00036342_with_ILSVRC2012_val_00022753_rank395,172,171,0.52612,1
ILSVRC2012_val_00036342_with_ILSVRC2012_val_00046529_rank357,78,5,0.92801,44
ILSVRC2012_val_00036342_with_ILSVRC2012_val_00029800_rank168,510,510,0.996,0
ILSVRC2012_val_00036342_with_ILSVRC2012_val_00038426_rank309,90,90,0.85344,0
ILSVRC2012_val_00036342_with_ILSVRC2012_val_00005190_rank275,391,391,0.98302,0
ILSVRC2012_val_00036342_with_ILSVRC2012_val_00046321_rank701,754,482,0.35036,1
ILSVRC2012_val_00036342_with_ILSVRC2012_val_00026797_rank079,205,208,0.39249,5
ILSVRC2012_val_00036342_with_ILSVRC2012_val_00013520_rank612,691,367,0.04095,354
ILSVRC2012_val_00036342_with_ILSVRC2012_val_00028923_rank920,796,341,0.21941,500
ILSVRC2012_val_00036342_with_ILSVRC2012_val_00047941_rank105,36,35,0.39166,1
ILSVRC2012_val_00036342_with_ILSVRC2012_val_00011633_rank436,392,392,0.99813,0
ILSVRC2012_val_00036342_with_ILSVRC2012_val_00009538_rank859,504,367,0.04095,924
ILSVRC2012_val_00036342_with_ILSVRC2012_val_00008985_rank788,452,40,0.44081,194
ILSVRC2012_val_00036342_with_ILSVRC2012_val_00027291_rank292,780,356,0.04035,639
ILSVRC2012_val_00036342_with_ILSVRC2012_val_00012348_rank485,621,621,0.94111,0
ILSVRC2012_val_00036342_with_ILSVRC2012_val_00041075_rank365,996,49,0.26555,442
ILSVRC2012_val_00036342_with_ILSVRC2012_val_00006102_rank932,499,499,0.8023,0
ILSVRC2012_val_00036342_with_ILSVRC2012_val_00025116_rank143,353,353,0.26214,0
ILSVRC2012_val_00036342_with_ILSVRC2012_val_00027455_rank956,521,809,0.69307,17
ILSVRC2012_val_00036342_with_ILSVRC2012_val_00026088_rank785,684,684,0.94074,0
ILSVRC2012_val_00036342_with_ILSVRC2012_val_00023309_rank910,787,600,0.06985,250
ILSVRC2012_val_00036342_with_ILSVRC2012_val_00036440_rank977,157,157,0.79684,0
ILSVRC2012_val_00036342_with_ILSVRC2012_val_00040367_rank335,931,931,0.95609,0
ILSVRC2012_val_00036342_with_ILSVRC2012_val_00010244_rank860,263,263,0.42817,0
ILSVRC2012_val_00036342_with_ILSVRC2012_val_00006566_rank546,384,344,0.1628,452
ILSVRC2012_val_00036342_with_ILSVRC2012_val_00028216_rank682,677,488,0.05395,11
ILSVRC2012_val_00036342_with_ILSVRC2012_val_00012449_rank986,795,381,0.19777,928
ILSVRC2012_val_00036342_with_ILSVRC2012_val_00007165_rank231,233,265,0.28091,28
ILSVRC2012_val_00036342_with_ILSVRC2012_val_00039849_rank526,496,73,0.2198,386
ILSVRC2012_val_00036342_with_ILSVRC2012_val_00004732_rank882,464,677,0.33378,60
ILSVRC2012_val_00036342_with_ILSVRC2012_val_00006623_rank840,912,677,0.29034,57
ILSVRC2012_val_00036342_with_ILSVRC2012_val_00009627_rank812,896,879,0.07638,179
ILSVRC2012_val_00036342_with_ILSVRC2012_val_00008114_rank232,241,239,0.36552,3
ILSVRC2012_val_00036342_with_ILSVRC2012_val_00049689_rank674,493,492,0.18893,4
ILSVRC2012_val_00036342_with_ILSVRC2012_val_00015699_rank003,357,367,0.48317,64
ILSVRC2012_val_00036342_with_ILSVRC2012_val_00035508_rank668,842,842,0.22252,0
ILSVRC2012_val_00036342_with_ILSVRC2012_val_00024164_rank142,28,676,0.86367,753
ILSVRC2012_val_00036342_with_ILSVRC2012_val_00033542_rank031,292,292,0.7539,0
ILSVRC2012_val_00036342_with_ILSVRC2012_val_00037280_rank100,76,76,0.5396,0
ILSVRC2012_val_00036342_with_ILSVRC2012_val_00046127_rank402,849,849,0.96625,0
ILSVRC2012_val_00036342_with_ILSVRC2012_val_00017130_rank630,301,367,0.04095,310
ILSVRC2012_val_00036342_with_ILSVRC2012_val_00011464_rank518,932,932,0.94859,0
ILSVRC2012_val_00036342_with_ILSVRC2012_val_00019080_rank531,238,236,0.32737,10
ILSVRC2012_val_00036342_with_ILSVRC2012_val_00005262_rank783,59,381,0.06891,200
ILSVRC2012_val_00036342_with_ILSVRC2012_val_00033919_rank891,949,904,0.04011,951
ILSVRC2012_val_00036342_with_ILSVRC2012_val_00037385_rank648,605,605,0.95299,0
ILSVRC2012_val_00036342_with_ILSVRC2012_val_00043303_rank465,31,31,0.98318,0
ILSVRC2012_val_00036342_with_ILSVRC2012_val_00029390_rank608,668,668,0.10316,0
ILSVRC2012_val_00036342_with_ILSVRC2012_val_00026301_rank866,675,367,0.04095,903
ILSVRC2012_val_00036342_with_ILSVRC2012_val_00021863_rank746,683,683,0.54653,0
ILSVRC2012_val_00036342_with_ILSVRC2012_val_00027000_rank652,470,469,0.10851,38
ILSVRC2012_val_00036342_with_ILSVRC2012_val_00025857_rank692,939,939,0.97026,0
ILSVRC2012_val_00036342_with_ILSVRC2012_val_00019438_rank461,774,367,0.04095,400
ILSVRC2012_val_00036342_with_ILSVRC2012_val_00002922_rank146,3,3,0.69655,0
ILSVRC2012_val_00036342_with_ILSVRC2012_val_00003427_rank912,792,618,0.18354,26
ILSVRC2012_val_00036342_with_ILSVRC2012_val_00021472_rank344,505,505,0.58612,0
ILSVRC2012_val_00036342_with_ILSVRC2012_val_00035834_rank904,399,667,0.14695,11
ILSVRC2012_val_00036342_with_ILSVRC2012_val_00036371_rank454,231,231,0.79385,0
ILSVRC2012_val_00036342_with_ILSVRC2012_val_00017518_rank431,539,464,0.18632,215
ILSVRC2012_val_00036342_with_ILSVRC2012_val_00021379_rank522,255,255,0.80547,0
ILSVRC2012_val_00036342_with_ILSVRC2012_val_00037056_rank504,321,321,0.93803,0
ILSVRC2012_val_00036342_with_ILSVRC2012_val_00022467_rank791,486,872,0.17382,24
ILSVRC2012_val_00036342_with_ILSVRC2012_val_00014852_rank992,740,359,0.23052,155
ILSVRC2012_val_00036342_with_ILSVRC2012_val_00028889_rank144,108,108,0.90382,0
ILSVRC2012_val_00036342_with_ILSVRC2012_val_00017441_rank022,100,12,0.0882,82
ILSVRC2012_val_00036342_with_ILSVRC2012_val_00032790_rank842,514,514,0.93436,0
ILSVRC2012_val_00036342_with_ILSVRC2012_val_00003690_rank229,187,201,0.48082,1
ILSVRC2012_val_00036342_with_ILSVRC2012_val_00026985_rank086,177,181,0.28624,8
ILSVRC2012_val_00036342_with_ILSVRC2012_val_00038343_rank683,938,938,0.99093,0
ILSVRC2012_val_00036342_with_ILSVRC2012_val_00048445_rank193,25,25,0.94898,0
ILSVRC2012_val_00036342_with_ILSVRC2012_val_00007476_rank990,767,433,0.46483,100
ILSVRC2012_val_00036342_with_ILSVRC2012_val_00018334_rank024,58,52,0.23136,4
ILSVRC2012_val_00036342_with_ILSVRC2012_val_00005754_rank742,716,912,0.12611,1
ILSVRC2012_val_00036342_with_ILSVRC2012_val_00034978_rank642,563,764,0.30622,52
ILSVRC2012_val_00036342_with_ILSVRC2012_val_00046374_rank708,948,367,0.03974,440
ILSVRC2012_val_00036342_with_ILSVRC2012_val_00007339_rank316,51,9,0.11442,273
ILSVRC2012_val_00036342_with_ILSVRC2012_val_00002908_rank736,695,695,0.92941,0
ILSVRC2012_val_00036342_with_ILSVRC2012_val_00005495_rank786,242,360,0.09658,861
ILSVRC2012_val_00036342_with_ILSVRC2012_val_00019649_rank207,815,815,0.70672,0
ILSVRC2012_val_00036342_with_ILSVRC2012_val_00018647_rank921,534,674,0.17058,137
ILSVRC2012_val_00036342_with_ILSVRC2012_val_00049638_rank495,312,367,0.04095,657
ILSVRC2012_val_00036342_with_ILSVRC2012_val_00000168_rank669,666,659,0.22333,3
ILSVRC2012_val_00036342_with_ILSVRC2012_val_00044487_rank374,746,183,0.04538,596
ILSVRC2012_val_00036342_with_ILSVRC2012_val_00024653_rank001,360,360,0.92649,0
ILSVRC2012_val_00036342_with_ILSVRC2012_val_00020669_rank915,854,539,0.2124,202
ILSVRC2012_val_00036342_with_ILSVRC2012_val_00031993_rank775,451,451,0.71164,0
ILSVRC2012_val_00036342_with_ILSVRC2012_val_00002115_rank717,507,367,0.05868,726
ILSVRC2012_val_00036342_with_ILSVRC2012_val_00029233_rank369,573,573,0.39556,0
ILSVRC2012_val_00036342_with_ILSVRC2012_val_00044861_rank540,526,674,0.5438,131
ILSVRC2012_val_00036342_with_ILSVRC2012_val_00011869_rank132,155,341,0.59305,917
ILSVRC2012_val_00036342_with_ILSVRC2012_val_00024964_rank526,496,496,0.58073,0
ILSVRC2012_val_00036342_with_ILSVRC2012_val_00000608_rank827,643,616,0.21354,116
ILSVRC2012_val_00036342_with_ILSVRC2012_val_00035476_rank796,489,49,0.1002,371
ILSVRC2012_val_00036342_with_ILSVRC2012_val_00026914_rank560,481,481,0.72257,0
ILSVRC2012_val_00036342_with_ILSVRC2012_val_00016619_rank929,655,842,0.62018,24
ILSVRC2012_val_00036342_with_ILSVRC2012_val_00018553_rank208,483,290,0.08344,195
ILSVRC2012_val_00036342_with_ILSVRC2012_val_00025495_rank221,86,86,0.76866,0
ILSVRC2012_val_00036342_with_ILSVRC2012_val_00043407_rank298,326,47,0.11372,31
ILSVRC2012_val_00036342_with_ILSVRC2012_val_00009447_rank378,962,962,0.69641,0
ILSVRC2012_val_00036342_with_ILSVRC2012_val_00001250_rank477,173,173,0.62318,0
ILSVRC2012_val_00036342_with_ILSVRC2012_val_00014917_rank224,8,8,0.98597,0
ILSVRC2012_val_00036342_with_ILSVRC2012_val_00035222_rank346,669,435,0.07823,16
ILSVRC2012_val_00036342_with_ILSVRC2012_val_00043231_rank004,150,360,0.22079,1
ILSVRC2012_val_00036342_with_ILSVRC2012_val_00004677_rank269,1,657,0.36943,306
ILSVRC2012_val_00036342_with_ILSVRC2012_val_00038767_rank952,615,615,0.86748,0
ILSVRC2012_val_00036342_with_ILSVRC2012_val_00046978_rank030,97,97,0.97487,0
ILSVRC2012_val_00036342_with_ILSVRC2012_val_00045432_rank606,690,356,0.10931,839
ILSVRC2012_val_00036342_with_ILSVRC2012_val_00037653_rank156,33,33,0.55414,0
ILSVRC2012_val_00036342_with_ILSVRC2012_val_00006457_rank505,93,211,0.72798,730
ILSVRC2012_val_00036342_with_ILSVRC2012_val_00011156_rank697,822,584,0.91027,292
ILSVRC2012_val_00036342_with_ILSVRC2012_val_00048881_rank663,783,783,0.98657,0
ILSVRC2012_val_00036342_with_ILSVRC2012_val_00017112_rank449,243,367,0.04095,737
ILSVRC2012_val_00036342_with_ILSVRC2012_val_00033365_rank446,495,365,0.03367,186
ILSVRC2012_val_00036342_with_ILSVRC2012_val_00029799_rank261,264,263,0.60636,1
ILSVRC2012_val_00036342_with_ILSVRC2012_val_00034635_rank355,853,853,0.98567,0
ILSVRC2012_val_00036342_with_ILSVRC2012_val_00010783_rank573,906,906,0.36901,0
ILSVRC2012_val_00036342_with_ILSVRC2012_val_00034104_rank820,555,555,0.18988,0
ILSVRC2012_val_00036342_with_ILSVRC2012_val_00031302_rank195,171,268,0.42441,8
ILSVRC2012_val_00036342_with_ILSVRC2012_val_00027849_rank153,382,382,0.73008,0
ILSVRC2012_val_00036342_with_ILSVRC2012_val_00044044_rank014,362,356,0.40981,2
ILSVRC2012_val_00036342_with_ILSVRC2012_val_00025479_rank198,213,213,0.9283,0
ILSVRC2012_val_00036342_with_ILSVRC2012_val_00007912_rank200,19,19,0.36063,0
ILSVRC2012_val_00036342_with_ILSVRC2012_val_00017465_rank785,684,684,0.99606,0
ILSVRC2012_val_00036342_with_ILSVRC2012_val_00042970_rank470,70,70,0.94741,0
ILSVRC2012_val_00036342_with_ILSVRC2012_val_00001170_rank362,653,367,0.04095,378
ILSVRC2012_val_00036342_with_ILSVRC2012_val_00004335_rank129,73,73,0.6223,0
ILSVRC2012_val_00036342_with_ILSVRC2012_val_00003449_rank061,277,277,0.93779,0
ILSVRC2012_val_00036342_with_ILSVRC2012_val_00005938_rank845,589,341,0.05829,828
ILSVRC2012_val_00036342_with_ILSVRC2012_val_00037970_rank691,247,274,0.81099,100
ILSVRC2012_val_00036342_with_ILSVRC2012_val_00017286_rank633,469,738,0.05085,14
ILSVRC2012_val_00036342_with_ILSVRC2012_val_00019639_rank090,175,175,0.23139,0
ILSVRC2012_val_00036342_with_ILSVRC2012_val_00007447_rank702,984,738,0.30451,499
ILSVRC2012_val_00036342_with_ILSVRC2012_val_00039222_rank124,278,274,0.46224,5
ILSVRC2012_val_00036342_with_ILSVRC2012_val_00020575_rank182,973,840,0.56314,385
ILSVRC2012_val_00036342_with_ILSVRC2012_val_00029422_rank627,592,367,0.04082,579
ILSVRC2012_val_00036342_with_ILSVRC2012_val_00019564_rank213,69,298,0.11659,137
ILSVRC2012_val_00036342_with_ILSVRC2012_val_00033403_rank069,331,331,0.75464,0
ILSVRC2012_val_00036342_with_ILSVRC2012_val_00032538_rank076,136,136,0.98549,0
ILSVRC2012_val_00036342_with_ILSVRC2012_val_00031171_rank220,12,8,0.13546,26
ILSVRC2012_val_00036342_with_ILSVRC2012_val_00024155_rank891,949,949,0.90942,0
ILSVRC2012_val_00036342_with_ILSVRC2012_val_00017814_rank162,283,286,0.37704,50
ILSVRC2012_val_00036342_with_ILSVRC2012_val_00031020_rank332,71,367,0.04354,393
ILSVRC2012_val_00036342_with_ILSVRC2012_val_00035383_rank614,798,798,0.99364,0
ILSVRC2012_val_00036342_with_ILSVRC2012_val_00035719_rank066,209,209,0.23636,0
ILSVRC2012_val_00036342_with_ILSVRC2012_val_00017464_rank429,458,458,0.98502,0
ILSVRC2012_val_00036342_with_ILSVRC2012_val_00047949_rank197,994,655,0.07242,550
ILSVRC2012_val_00036342_with_ILSVRC2012_val_00015338_rank238,190,203,0.45192,6
ILSVRC2012_val_00036342_with_ILSVRC2012_val_00029828_rank718,502,502,0.75679,0
ILSVRC2012_val_00036342_with_ILSVRC2012_val_00025446_rank197,994,994,0.85912,0
ILSVRC2012_val_00036342_with_ILSVRC2012_val_00026683_rank072,146,146,0.97662,0
ILSVRC2012_val_00036342_with_ILSVRC2012_val_00036962_rank996,418,367,0.04095,925
ILSVRC2012_val_00036342_with_ILSVRC2012_val_00036823_rank063,369,373,0.13421,17
ILSVRC2012_val_00036342_with_ILSVRC2012_val_00039439_rank291,151,151,0.73313,0
ILSVRC2012_val_00036342_with_ILSVRC2012_val_00047151_rank063,369,367,0.52103,2
ILSVRC2012_val_00036342_with_ILSVRC2012_val_00044367_rank248,850,211,0.07563,376
ILSVRC2012_val_00036342_with_ILSVRC2012_val_00010563_rank561,197,183,0.40371,5
ILSVRC2012_val_00036342_with_ILSVRC2012_val_00048055_rank899,641,641,0.93178,0
ILSVRC2012_val_00036342_with_ILSVRC2012_val_00041992_rank383,839,562,0.2601,32
ILSVRC2012_val_00036342_with_ILSVRC2012_val_00018706_rank150,228,840,0.69058,16
ILSVRC2012_val_00036342_with_ILSVRC2012_val_00023050_rank499,905,341,0.05346,697
ILSVRC2012_val_00036342_with_ILSVRC2012_val_00040429_rank938,697,367,0.03911,641
ILSVRC2012_val_00036342_with_ILSVRC2012_val_00033130_rank322,990,990,0.99292,0
ILSVRC2012_val_00036342_with_ILSVRC2012_val_00016135_rank091,349,349,0.83934,0
ILSVRC2012_val_00036342_with_ILSVRC2012_val_00044103_rank908,332,149,0.33134,47
ILSVRC2012_val_00036342_with_ILSVRC2012_val_00024533_rank347,222,356,0.14846,389
ILSVRC2012_val_00036342_with_ILSVRC2012_val_00002091_rank689,785,904,0.04987,147
ILSVRC2012_val_00036342_with_ILSVRC2012_val_00002723_rank908,332,332,0.45436,0
ILSVRC2012_val_00036342_with_ILSVRC2012_val_00043581_rank945,578,198,0.27324,547
ILSVRC2012_val_00036342_with_ILSVRC2012_val_00039188_rank291,151,158,0.29461,2
ILSVRC2012_val_00036342_with_ILSVRC2012_val_00041384_rank250,229,341,0.76776,183
ILSVRC2012_val_00036342_with_ILSVRC2012_val_00032655_rank039,366,366,0.61402,0
ILSVRC2012_val_00036342_with_ILSVRC2012_val_00010321_rank817,553,743,0.38906,104
ILSVRC2012_val_00036342_with_ILSVRC2012_val_00036987_rank869,790,951,0.28096,96
ILSVRC2012_val_00036342_with_ILSVRC2012_val_00029784_rank344,505,849,0.54114,1
ILSVRC2012_val_00036342_with_ILSVRC2012_val_00017154_rank927,765,130,0.77926,936
ILSVRC2012_val_00036342_with_ILSVRC2012_val_00009251_rank645,122,122,0.99206,0
ILSVRC2012_val_00036342_with_ILSVRC2012_val_00020328_rank788,452,600,0.24674,808
ILSVRC2012_val_00036342_with_ILSVRC2012_val_00002914_rank894,559,367,0.04095,821
ILSVRC2012_val_00036342_with_ILSVRC2012_val_00005256_rank523,759,613,0.33901,35
ILSVRC2012_val_00036342_with_ILSVRC2012_val_00004281_rank548,963,963,0.82506,0
ILSVRC2012_val_00036342_with_ILSVRC2012_val_00026051_rank830,259,265,0.45269,10
ILSVRC2012_val_00036342_with_ILSVRC2012_val_00011177_rank306,134,134,0.35924,0
ILSVRC2012_val_00036342_with_ILSVRC2012_val_00034944_rank957,650,96,0.13112,710
ILSVRC2012_val_00036342_with_ILSVRC2012_val_00010627_rank310,180,344,0.21649,127
ILSVRC2012_val_00036342_with_ILSVRC2012_val_00018813_rank275,391,341,0.07592,253
ILSVRC2012_val_00036342_with_ILSVRC2012_val_00003535_rank767,816,816,0.8509,0
ILSVRC2012_val_00036342_with_ILSVRC2012_val_00041061_rank568,930,344,0.19654,528
ILSVRC2012_val_00036342_with_ILSVRC2012_val_00018530_rank062,221,221,0.91711,0
ILSVRC2012_val_00036342_with_ILSVRC2012_val_00022123_rank842,514,879,0.03436,200
ILSVRC2012_val_00036342_with_ILSVRC2012_val_00037208_rank962,667,367,0.04095,661
ILSVRC2012_val_00036342_with_ILSVRC2012_val_00007108_rank081,346,852,0.10948,985
ILSVRC2012_val_00036342_with_ILSVRC2012_val_00017768_rank924,902,902,0.12015,0
ILSVRC2012_val_00036342_with_ILSVRC2012_val_00000243_rank942,678,93,0.08194,743
ILSVRC2012_val_00036342_with_ILSVRC2012_val_00008229_rank320,174,174,0.99748,0
ILSVRC2012_val_00036342_with_ILSVRC2012_val_00028703_rank085,297,297,0.99104,0
ILSVRC2012_val_00036342_with_ILSVRC2012_val_00032487_rank717,507,507,0.98455,0
ILSVRC2012_val_00036342_with_ILSVRC2012_val_00048309_rank500,742,742,0.95719,0
ILSVRC2012_val_00036342_with_ILSVRC2012_val_00031288_rank792,770,770,0.99446,0
ILSVRC2012_val_00036342_with_ILSVRC2012_val_00031960_rank742,716,367,0.04095,822
ILSVRC2012_val_00036342_with_ILSVRC2012_val_00029982_rank092,338,338,0.99467,0
ILSVRC2012_val_00036342_with_ILSVRC2012_val_00012372_rank021,106,277,0.34375,60
ILSVRC2012_val_00036342_with_ILSVRC2012_val_00005258_rank354,214,214,0.96374,0
ILSVRC2012_val_00036342_with_ILSVRC2012_val_00012743_rank034,370,356,0.08365,86
ILSVRC2012_val_00036342_with_ILSVRC2012_val_00038108_rank577,827,779,0.68331,477
ILSVRC2012_val_00036342_with_ILSVRC2012_val_00012679_rank877,447,447,0.16625,0
ILSVRC2012_val_00036342_with_ILSVRC2012_val_00043039_rank462,929,341,0.03032,490
ILSVRC2012_val_00036342_with_ILSVRC2012_val_00015637_rank716,411,529,0.29651,51
ILSVRC2012_val_00036342_with_ILSVRC2012_val_00032054_rank701,754,848,0.46491,2
ILSVRC2012_val_00036342_with_ILSVRC2012_val_00017992_rank491,189,185,0.27535,8
ILSVRC2012_val_00036342_with_ILSVRC2012_val_00014221_rank929,655,344,0.36069,959
ILSVRC2012_val_00036342_with_ILSVRC2012_val_00045382_rank195,171,171,0.99161,0
ILSVRC2012_val_00036342_with_ILSVRC2012_val_00005672_rank995,523,772,0.21065,400
ILSVRC2012_val_00036342_with_ILSVRC2012_val_00014455_rank300,674,674,0.99518,0
ILSVRC2012_val_00036342_with_ILSVRC2012_val_00008930_rank115,196,196,0.52487,0
ILSVRC2012_val_00036342_with_ILSVRC2012_val_00031377_rank514,193,367,0.04095,123
ILSVRC2012_val_00036342_with_ILSVRC2012_val_00018139_rank843,401,401,0.9891,0
ILSVRC2012_val_00036342_with_ILSVRC2012_val_00019887_rank440,471,764,0.38053,5
ILSVRC2012_val_00036342_with_ILSVRC2012_val_00019518_rank247,234,367,0.04095,61
ILSVRC2012_val_00036342_with_ILSVRC2012_val_00045426_rank517,927,927,0.62116,0
ILSVRC2012_val_00036342_with_ILSVRC2012_val_00011636_rank278,625,625,0.96826,0
ILSVRC2012_val_00036342_with_ILSVRC2012_val_00048161_rank631,812,367,0.04165,681
ILSVRC2012_val_00036342_with_ILSVRC2012_val_00043492_rank244,814,814,0.44825,0
ILSVRC2012_val_00036342_with_ILSVRC2012_val_00015104_rank365,996,996,0.98898,0
ILSVRC2012_val_00036342_with_ILSVRC2012_val_00019811_rank516,316,356,0.194,483
ILSVRC2012_val_00036342_with_ILSVRC2012_val_00002157_rank202,121,73,0.2087,23
ILSVRC2012_val_00036342_with_ILSVRC2012_val_00008017_rank179,368,368,0.96097,0
ILSVRC2012_val_00036342_with_ILSVRC2012_val_00021410_rank930,784,129,0.06129,254
ILSVRC2012_val_00036342_with_ILSVRC2012_val_00033817_rank470,70,344,0.04213,344
ILSVRC2012_val_00036342_with_ILSVRC2012_val_00022096_rank154,995,995,0.91503,0
ILSVRC2012_val_00036342_with_ILSVRC2012_val_00032834_rank138,114,114,0.30666,0
ILSVRC2012_val_00036342_with_ILSVRC2012_val_00046672_rank214,170,194,0.37681,13
ILSVRC2012_val_00036342_with_ILSVRC2012_val_00029364_rank315,204,204,0.35898,0
ILSVRC2012_val_00036342_with_ILSVRC2012_val_00025009_rank696,681,657,0.42334,171
ILSVRC2012_val_00036342_with_ILSVRC2012_val_00044473_rank329,262,184,0.29038,7
ILSVRC2012_val_00036342_with_ILSVRC2012_val_00043129_rank474,588,695,0.25706,920
ILSVRC2012_val_00036342_with_ILSVRC2012_val_00000512_rank492,56,56,0.82794,0
ILSVRC2012_val_00036342_with_ILSVRC2012_val_00042371_rank912,792,618,0.09338,26
ILSVRC2012_val_00036342_with_ILSVRC2012_val_00038710_rank042,364,364,0.90901,0
ILSVRC2012_val_00036342_with_ILSVRC2012_val_00037921_rank805,629,723,0.74256,118
ILSVRC2012_val_00036342_with_ILSVRC2012_val_00047643_rank495,312,312,0.36013,0
ILSVRC2012_val_00036342_with_ILSVRC2012_val_00019527_rank747,315,367,0.04095,377
ILSVRC2012_val_00036342_with_ILSVRC2012_val_00021698_rank282,878,878,0.6472,0
ILSVRC2012_val_00036342_with_ILSVRC2012_val_00035661_rank590,786,367,0.07248,638
ILSVRC2012_val_00036342_with_ILSVRC2012_val_00033503_rank139,82,82,0.82155,0
ILSVRC2012_val_00036342_with_ILSVRC2012_val_00022557_rank606,690,345,0.77391,1
ILSVRC2012_val_00036342_with_ILSVRC2012_val_00013578_rank740,893,96,0.17462,603
ILSVRC2012_val_00036342_with_ILSVRC2012_val_00049138_rank915,854,677,0.69223,524
ILSVRC2012_val_00036342_with_ILSVRC2012_val_00047531_rank889,439,433,0.85591,112
ILSVRC2012_val_00036342_with_ILSVRC2012_val_00017929_rank077,983,898,0.07761,451
ILSVRC2012_val_00036342_with_ILSVRC2012_val_00037905_rank894,559,559,0.42782,0
ILSVRC2012_val_00036342_with_ILSVRC2012_val_00040253_rank912,792,562,0.06433,493
ILSVRC2012_val_00036342_with_ILSVRC2012_val_00017024_rank295,17,17,0.5311,0
ILSVRC2012_val_00036342_with_ILSVRC2012_val_00019375_rank422,558,314,0.55772,755
ILSVRC2012_val_00036342_with_ILSVRC2012_val_00008306_rank616,885,748,0.27294,6
ILSVRC2012_val_00036342_with_ILSVRC2012_val_00039229_rank730,737,367,0.06123,692
ILSVRC2012_val_00036342_with_ILSVRC2012_val_00029297_rank221,86,86,0.85469,0
ILSVRC2012_val_00036342_with_ILSVRC2012_val_00046075_rank915,854,619,0.7615,40
ILSVRC2012_val_00036342_with_ILSVRC2012_val_00029476_rank330,935,935,0.82407,0
ILSVRC2012_val_00036342_with_ILSVRC2012_val_00026682_rank930,784,367,0.04095,538
ILSVRC2012_val_00036342_with_ILSVRC2012_val_00034520_rank438,922,458,0.08861,4
ILSVRC2012_val_00036342_with_ILSVRC2012_val_00033341_rank251,224,285,0.50977,81
ILSVRC2012_val_00036342_with_ILSVRC2012_val_00011728_rank291,151,151,0.63869,0
ILSVRC2012_val_00036342_with_ILSVRC2012_val_00001411_rank866,675,448,0.38928,986
ILSVRC2012_val_00036342_with_ILSVRC2012_val_00013626_rank519,941,941,0.24308,0
ILSVRC2012_val_00036342_with_ILSVRC2012_val_00042184_rank399,211,168,0.29326,2
ILSVRC2012_val_00036342_with_ILSVRC2012_val_00038739_rank176,871,367,0.04095,980
ILSVRC2012_val_00036342_with_ILSVRC2012_val_00036133_rank788,452,452,0.39,0
ILSVRC2012_val_00036342_with_ILSVRC2012_val_00011181_rank437,307,5,0.48684,290
ILSVRC2012_val_00036342_with_ILSVRC2012_val_00030994_rank733,461,461,0.5533,0
ILSVRC2012_val_00036342_with_ILSVRC2012_val_00032440_rank100,76,76,0.80149,0
ILSVRC2012_val_00036342_with_ILSVRC2012_val_00038205_rank247,234,240,0.31264,6
ILSVRC2012_val_00036342_with_ILSVRC2012_val_00037506_rank463,739,344,0.29091,217
ILSVRC2012_val_00036342_with_ILSVRC2012_val_00042022_rank479,192,186,0.40121,3
ILSVRC2012_val_00036342_with_ILSVRC2012_val_00013778_rank481,427,858,0.44786,80
ILSVRC2012_val_00036342_with_ILSVRC2012_val_00006182_rank982,456,456,0.35553,0
ILSVRC2012_val_00036342_with_ILSVRC2012_val_00044125_rank386,821,562,0.5462,90
ILSVRC2012_val_00036342_with_ILSVRC2012_val_00001871_rank128,21,14,0.15559,90
ILSVRC2012_val_00036342_with_ILSVRC2012_val_00009837_rank428,544,544,0.87397,0
ILSVRC2012_val_00036342_with_ILSVRC2012_val_00029849_rank707,867,867,0.2828,0
ILSVRC2012_val_00036342_with_ILSVRC2012_val_00004445_rank673,453,233,0.03466,782
ILSVRC2012_val_00036342_with_ILSVRC2012_val_00028825_rank009,344,344,0.98278,0
ILSVRC2012_val_00036342_with_ILSVRC2012_val_00027974_rank026,290,367,0.04095,21
ILSVRC2012_val_00036342_with_ILSVRC2012_val_00020607_rank917,846,227,0.05,754
ILSVRC2012_val_00036342_with_ILSVRC2012_val_00028260_rank006,103,103,0.39873,0
ILSVRC2012_val_00036342_with_ILSVRC2012_val_00030223_rank293,434,709,0.12774,86
ILSVRC2012_val_00036342_with_ILSVRC2012_val_00041387_rank067,330,330,0.37236,0
ILSVRC2012_val_00036342_with_ILSVRC2012_val_00041873_rank852,468,468,0.38307,0
ILSVRC2012_val_00036342_with_ILSVRC2012_val_00034588_rank481,427,756,0.28682,1
ILSVRC2012_val_00036342_with_ILSVRC2012_val_00048981_rank992,740,740,0.61279,0
ILSVRC2012_val_00036342_with_ILSVRC2012_val_00026222_rank796,489,299,0.18367,768
ILSVRC2012_val_00036342_with_ILSVRC2012_val_00015424_rank867,830,314,0.04286,657
ILSVRC2012_val_00036342_with_ILSVRC2012_val_00009037_rank762,566,562,0.11725,308
ILSVRC2012_val_00036342_with_ILSVRC2012_val_00015719_rank044,141,141,0.92607,0
ILSVRC2012_val_00036342_with_ILSVRC2012_val_00010472_rank045,289,289,0.78348,0
ILSVRC2012_val_00036342_with_ILSVRC2012_val_00041540_rank270,27,27,0.80077,0
ILSVRC2012_val_00036342_with_ILSVRC2012_val_00039525_rank071,6,674,0.05932,414
ILSVRC2012_val_00036342_with_ILSVRC2012_val_00048016_rank817,553,553,0.83401,0
ILSVRC2012_val_00036342_with_ILSVRC2012_val_00004321_rank411,933,933,0.78705,0
ILSVRC2012_val_00036342_with_ILSVRC2012_val_00001621_rank887,861,764,0.46178,527
ILSVRC2012_val_00036342_with_ILSVRC2012_val_00025680_rank164,178,178,0.7492,0
ILSVRC2012_val_00036342_with_ILSVRC2012_val_00049281_rank561,197,367,0.0639,76
ILSVRC2012_val_00036342_with_ILSVRC2012_val_00023858_rank732,817,870,0.10701,119
ILSVRC2012_val_00036342_with_ILSVRC2012_val_00000042_rank382,756,338,0.23076,281
ILSVRC2012_val_00036342_with_ILSVRC2012_val_00031554_rank981,901,901,0.90797,0
ILSVRC2012_val_00036342_with_ILSVRC2012_val_00015752_rank112,390,59,0.3523,39
ILSVRC2012_val_00036342_with_ILSVRC2012_val_00029689_rank133,833,833,0.2553,0
ILSVRC2012_val_00036342_with_ILSVRC2012_val_00009531_rank570,651,367,0.04095,949
ILSVRC2012_val_00036342_with_ILSVRC2012_val_00035045_rank075,371,371,0.70078,0
ILSVRC2012_val_00036342_with_ILSVRC2012_val_00003750_rank925,898,367,0.04095,877
ILSVRC2012_val_00036342_with_ILSVRC2012_val_00024498_rank860,263,365,0.22453,929
ILSVRC2012_val_00036342_with_ILSVRC2012_val_00009973_rank622,945,367,0.04095,417
ILSVRC2012_val_00036342_with_ILSVRC2012_val_00020943_rank465,31,31,0.82772,0
ILSVRC2012_val_00036342_with_ILSVRC2012_val_00048800_rank332,71,71,0.98904,0
ILSVRC2012_val_00036342_with_ILSVRC2012_val_00008399_rank307,52,71,0.45218,34
ILSVRC2012_val_00036342_with_ILSVRC2012_val_00009602_rank235,251,251,0.92969,0
ILSVRC2012_val_00036342_with_ILSVRC2012_val_00018941_rank754,953,367,0.04203,371
ILSVRC2012_val_00036342_with_ILSVRC2012_val_00013625_rank843,401,237,0.08968,421
ILSVRC2012_val_00036342_with_ILSVRC2012_val_00023839_rank710,564,674,0.0429,553
ILSVRC2012_val_00036342_with_ILSVRC2012_val_00011356_rank195,171,171,0.57238,0
ILSVRC2012_val_00036342_with_ILSVRC2012_val_00015374_rank201,65,65,0.36981,0
ILSVRC2012_val_00036342_with_ILSVRC2012_val_00046836_rank150,228,228,0.1606,0
ILSVRC2012_val_00036342_with_ILSVRC2012_val_00003248_rank002,337,337,0.73503,0
ILSVRC2012_val_00036342_with_ILSVRC2012_val_00015556_rank925,898,899,0.23753,2
ILSVRC2012_val_00036342_with_ILSVRC2012_val_00024185_rank147,280,344,0.54382,146
ILSVRC2012_val_00036342_with_ILSVRC2012_val_00023491_rank499,905,893,0.63592,362
ILSVRC2012_val_00036342_with_ILSVRC2012_val_00032752_rank330,935,935,0.99529,0
ILSVRC2012_val_00036342_with_ILSVRC2012_val_00005386_rank935,644,470,0.71551,2
ILSVRC2012_val_00036342_with_ILSVRC2012_val_00014288_rank211,363,363,0.97411,0
ILSVRC2012_val_00036342_with_ILSVRC2012_val_00008730_rank096,397,397,0.99795,0
ILSVRC2012_val_00036342_with_ILSVRC2012_val_00044544_rank024,58,36,0.12109,25
ILSVRC2012_val_00036342_with_ILSVRC2012_val_00020438_rank291,151,367,0.04095,473
ILSVRC2012_val_00036342_with_ILSVRC2012_val_00015237_rank538,741,741,0.81133,0
ILSVRC2012_val_00036342_with_ILSVRC2012_val_00045490_rank866,675,569,0.30605,2
ILSVRC2012_val_00036342_with_ILSVRC2012_val_00018161_rank516,316,317,0.49219,1
ILSVRC2012_val_00036342_with_ILSVRC2012_val_00042985_rank428,544,544,0.76189,0
ILSVRC2012_val_00036342_with_ILSVRC2012_val_00039943_rank840,912,367,0.0452,242
ILSVRC2012_val_00036342_with_ILSVRC2012_val_00013654_rank136,194,203,0.2437,17
ILSVRC2012_val_00036342_with_ILSVRC2012_val_00047663_rank595,887,614,0.95505,3
ILSVRC2012_val_00036342_with_ILSVRC2012_val_00043797_rank017,147,93,0.21568,236
ILSVRC2012_val_00036342_with_ILSVRC2012_val_00003349_rank081,346,362,0.15964,97
ILSVRC2012_val_00036342_with_ILSVRC2012_val_00001386_rank005,356,356,0.79529,0
ILSVRC2012_val_00036342_with_ILSVRC2012_val_00028306_rank887,861,684,0.88352,196
ILSVRC2012_val_00036342_with_ILSVRC2012_val_00017588_rank972,789,743,0.14134,12
ILSVRC2012_val_00036342_with_ILSVRC2012_val_00025061_rank810,311,315,0.58176,3
ILSVRC2012_val_00036342_with_ILSVRC2012_val_00045125_rank583,87,87,0.91212,0
ILSVRC2012_val_00036342_with_ILSVRC2012_val_00023158_rank260,45,45,0.9881,0
ILSVRC2012_val_00036342_with_ILSVRC2012_val_00044471_rank369,573,751,0.5091,1
ILSVRC2012_val_00036342_with_ILSVRC2012_val_00032780_rank046,144,367,0.04095,415
ILSVRC2012_val_00036342_with_ILSVRC2012_val_00008283_rank957,650,695,0.08117,244
ILSVRC2012_val_00036342_with_ILSVRC2012_val_00022577_rank425,856,428,0.36935,31
ILSVRC2012_val_00036342_with_ILSVRC2012_val_00034304_rank285,437,367,0.13075,854
ILSVRC2012_val_00036342_with_ILSVRC2012_val_00017002_rank050,43,43,0.63022,0
ILSVRC2012_val_00036342_with_ILSVRC2012_val_00011423_rank066,209,209,0.24595,0
ILSVRC2012_val_00036342_with_ILSVRC2012_val_00029304_rank197,994,994,0.93268,0
ILSVRC2012_val_00036342_with_ILSVRC2012_val_00027645_rank411,933,933,0.86176,0
ILSVRC2012_val_00036342_with_ILSVRC2012_val_00024265_rank462,929,367,0.13074,650
ILSVRC2012_val_00036342_with_ILSVRC2012_val_00030389_rank174,107,879,0.1082,614
ILSVRC2012_val_00036342_with_ILSVRC2012_val_00021455_rank400,95,367,0.0411,220
ILSVRC2012_val_00036342_with_ILSVRC2012_val_00014137_rank594,572,367,0.04095,470
ILSVRC2012_val_00036342_with_ILSVRC2012_val_00026017_rank243,152,157,0.29811,1
ILSVRC2012_val_00036342_with_ILSVRC2012_val_00043111_rank270,27,367,0.04095,839
ILSVRC2012_val_00036342_with_ILSVRC2012_val_00041302_rank998,731,618,0.26153,19
ILSVRC2012_val_00036342_with_ILSVRC2012_val_00005245_rank481,427,367,0.04095,822
ILSVRC2012_val_00036342_with_ILSVRC2012_val_00021586_rank002,337,336,0.65223,4
ILSVRC2012_val_00036342_with_ILSVRC2012_val_00035121_rank920,796,5,0.30008,429
ILSVRC2012_val_00036342_with_ILSVRC2012_val_00014402_rank055,373,373,0.86642,0
ILSVRC2012_val_00036342_with_ILSVRC2012_val_00003765_rank103,272,337,0.1368,183
ILSVRC2012_val_00036342_with_ILSVRC2012_val_00006073_rank758,429,367,0.04133,358
ILSVRC2012_val_00036342_with_ILSVRC2012_val_00049520_rank659,696,696,0.47928,0
ILSVRC2012_val_00036342_with_ILSVRC2012_val_00011922_rank192,120,120,0.81141,0
ILSVRC2012_val_00036342_with_ILSVRC2012_val_00015308_rank414,951,852,0.05394,18
ILSVRC2012_val_00036342_with_ILSVRC2012_val_00007087_rank518,932,932,0.99397,0
ILSVRC2012_val_00036342_with_ILSVRC2012_val_00016647_rank493,897,367,0.04095,575
ILSVRC2012_val_00036342_with_ILSVRC2012_val_00005419_rank380,138,9,0.49344,1
ILSVRC2012_val_00036342_with_ILSVRC2012_val_00031959_rank368,300,300,0.96354,0
ILSVRC2012_val_00036342_with_ILSVRC2012_val_00042284_rank783,59,59,0.38981,0
ILSVRC2012_val_00036342_with_ILSVRC2012_val_00046506_rank625,593,904,0.04839,471
ILSVRC2012_val_00036342_with_ILSVRC2012_val_00036106_rank712,845,367,0.04095,534
ILSVRC2012_val_00036342_with_ILSVRC2012_val_00039213_rank340,404,404,0.85397,0
ILSVRC2012_val_00036342_with_ILSVRC2012_val_00034097_rank533,438,367,0.04095,585
ILSVRC2012_val_00036342_with_ILSVRC2012_val_00027792_rank293,434,539,0.65991,23
ILSVRC2012_val_00036342_with_ILSVRC2012_val_00044162_rank831,753,282,0.24733,68
ILSVRC2012_val_00036342_with_ILSVRC2012_val_00037466_rank868,565,703,0.13382,140
ILSVRC2012_val_00036342_with_ILSVRC2012_val_00025689_rank678,755,313,0.18798,256
ILSVRC2012_val_00036342_with_ILSVRC2012_val_00033874_rank893,750,367,0.14627,919
ILSVRC2012_val_00036342_with_ILSVRC2012_val_00013621_rank909,612,306,0.09591,540
ILSVRC2012_val_00036342_with_ILSVRC2012_val_00004756_rank188,9,9,0.99733,0
ILSVRC2012_val_00036342_with_ILSVRC2012_val_00042718_rank359,947,947,0.85455,0
ILSVRC2012_val_00036342_with_ILSVRC2012_val_00040271_rank625,593,96,0.19391,462
ILSVRC2012_val_00036342_with_ILSVRC2012_val_00046273_rank451,164,367,0.04122,93
ILSVRC2012_val_00036342_with_ILSVRC2012_val_00030792_rank326,302,302,0.47182,0
ILSVRC2012_val_00036342_with_ILSVRC2012_val_00008685_rank194,992,992,0.57499,0
ILSVRC2012_val_00036342_with_ILSVRC2012_val_00003664_rank443,955,738,0.06476,130
ILSVRC2012_val_00036342_with_ILSVRC2012_val_00022616_rank300,674,124,0.05903,333
ILSVRC2012_val_00036342_with_ILSVRC2012_val_00018052_rank273,118,599,0.31643,354
ILSVRC2012_val_00036342_with_ILSVRC2012_val_00007809_rank822,601,840,0.88137,110
ILSVRC2012_val_00036342_with_ILSVRC2012_val_00018827_rank210,216,356,0.83645,179
ILSVRC2012_val_00036342_with_ILSVRC2012_val_00036514_rank197,994,994,0.98106,0
ILSVRC2012_val_00036342_with_ILSVRC2012_val_00019793_rank468,952,952,0.99965,0
ILSVRC2012_val_00036342_with_ILSVRC2012_val_00033331_rank333,101,385,0.76762,1
ILSVRC2012_val_00036342_with_ILSVRC2012_val_00005053_rank485,621,676,0.11224,849
ILSVRC2012_val_00036342_with_ILSVRC2012_val_00021324_rank666,654,609,0.36365,12
ILSVRC2012_val_00036342_with_ILSVRC2012_val_00028636_rank106,365,365,0.98377,0
ILSVRC2012_val_00036342_with_ILSVRC2012_val_00004910_rank656,688,688,0.97859,0
ILSVRC2012_val_00036342_with_ILSVRC2012_val_00030737_rank099,288,288,0.72553,0
ILSVRC2012_val_00036342_with_ILSVRC2012_val_00002395_rank166,83,83,0.72072,0
ILSVRC2012_val_00036342_with_ILSVRC2012_val_00031971_rank775,451,677,0.12078,91
ILSVRC2012_val_00036342_with_ILSVRC2012_val_00012467_rank624,687,687,0.76277,0
ILSVRC2012_val_00036342_with_ILSVRC2012_val_00039968_rank125,333,86,0.11797,619
ILSVRC2012_val_00036342_with_ILSVRC2012_val_00018952_rank174,107,397,0.61427,13
ILSVRC2012_val_00036342_with_ILSVRC2012_val_00002678_rank017,147,24,0.42755,106
ILSVRC2012_val_00036342_with_ILSVRC2012_val_00015076_rank152,179,268,0.85941,13
ILSVRC2012_val_00036342_with_ILSVRC2012_val_00008489_rank824,606,338,0.16815,158
ILSVRC2012_val_00036342_with_ILSVRC2012_val_00046657_rank102,181,181,0.5198,0
ILSVRC2012_val_00036342_with_ILSVRC2012_val_00014438_rank897,465,652,0.34129,4
ILSVRC2012_val_00036342_with_ILSVRC2012_val_00021158_rank566,567,367,0.04114,565
ILSVRC2012_val_00036342_with_ILSVRC2012_val_00039839_rank420,393,393,0.79387,0
ILSVRC2012_val_00036342_with_ILSVRC2012_val_00018801_rank573,906,906,0.52339,0
ILSVRC2012_val_00036342_with_ILSVRC2012_val_00021754_rank068,195,227,0.12139,30
ILSVRC2012_val_00036342_with_ILSVRC2012_val_00018610_rank968,542,395,0.17836,88
ILSVRC2012_val_00036342_with_ILSVRC2012_val_00011974_rank971,422,344,0.44797,557
ILSVRC2012_val_00036342_with_ILSVRC2012_val_00039940_rank847,600,343,0.13725,579
ILSVRC2012_val_00036342_with_ILSVRC2012_val_00043749_rank252,825,49,0.12187,96
ILSVRC2012_val_00036342_with_ILSVRC2012_val_00028069_rank930,784,587,0.55023,2
ILSVRC2012_val_00036342_with_ILSVRC2012_val_00033575_rank193,25,356,0.03896,141
ILSVRC2012_val_00036342_with_ILSVRC2012_val_00043706_rank991,702,618,0.1015,535
ILSVRC2012_val_00036342_with_ILSVRC2012_val_00002423_rank818,769,367,0.03591,945
ILSVRC2012_val_00036342_with_ILSVRC2012_val_00016415_rank226,345,345,0.9322,0
ILSVRC2012_val_00036342_with_ILSVRC2012_val_00041590_rank831,753,50,0.09011,501
ILSVRC2012_val_00036342_with_ILSVRC2012_val_00006105_rank350,57,50,0.31962,69
ILSVRC2012_val_00036342_with_ILSVRC2012_val_00040360_rank617,900,562,0.09255,99
ILSVRC2012_val_00036342_with_ILSVRC2012_val_00036134_rank867,830,813,0.17731,711
ILSVRC2012_val_00036342_with_ILSVRC2012_val_00016786_rank924,902,902,0.72444,0
ILSVRC2012_val_00036342_with_ILSVRC2012_val_00048907_rank289,85,85,0.86514,0
ILSVRC2012_val_00036342_with_ILSVRC2012_val_00047768_rank305,946,367,0.04095,331
ILSVRC2012_val_00036342_with_ILSVRC2012_val_00030953_rank780,699,314,0.09716,552
ILSVRC2012_val_00036342_with_ILSVRC2012_val_00019664_rank367,324,324,0.31128,0
ILSVRC2012_val_00036342_with_ILSVRC2012_val_00035617_rank769,599,367,0.04113,545
ILSVRC2012_val_00036342_with_ILSVRC2012_val_00031206_rank261,264,264,0.90944,0
ILSVRC2012_val_00036342_with_ILSVRC2012_val_00041272_rank752,351,353,0.43959,2
ILSVRC2012_val_00036342_with_ILSVRC2012_val_00037413_rank192,120,344,0.09852,147
ILSVRC2012_val_00036342_with_ILSVRC2012_val_00034970_rank489,60,54,0.25639,8
ILSVRC2012_val_00036342_with_ILSVRC2012_val_00017186_rank049,284,284,0.44842,0
ILSVRC2012_val_00036342_with_ILSVRC2012_val_00039082_rank577,827,642,0.16613,168
ILSVRC2012_val_00036342_with_ILSVRC2012_val_00012959_rank954,775,199,0.10834,530
ILSVRC2012_val_00036342_with_ILSVRC2012_val_00044922_rank350,57,52,0.28254,2
ILSVRC2012_val_00036342_with_ILSVRC2012_val_00022691_rank583,87,128,0.41857,232
ILSVRC2012_val_00036342_with_ILSVRC2012_val_00000163_rank787,647,647,0.83992,0
ILSVRC2012_val_00036342_with_ILSVRC2012_val_00024170_rank841,656,656,0.43316,0
ILSVRC2012_val_00036342_with_ILSVRC2012_val_00036156_rank579,710,367,0.04094,838
ILSVRC2012_val_00036342_with_ILSVRC2012_val_00032971_rank486,993,993,0.98294,0
ILSVRC2012_val_00036342_with_ILSVRC2012_val_00037345_rank939,735,367,0.05073,779
ILSVRC2012_val_00036342_with_ILSVRC2012_val_00008864_rank462,929,227,0.12186,437
ILSVRC2012_val_00036342_with_ILSVRC2012_val_00036519_rank959,882,505,0.29058,85
ILSVRC2012_val_00036342_with_ILSVRC2012_val_00040586_rank249,115,367,0.04119,950
ILSVRC2012_val_00036342_with_ILSVRC2012_val_00048811_rank919,890,890,0.69943,0
ILSVRC2012_val_00036342_with_ILSVRC2012_val_00005250_rank828,627,876,0.16459,126
ILSVRC2012_val_00036342_with_ILSVRC2012_val_00031185_rank162,283,367,0.04102,301
ILSVRC2012_val_00036342_with_ILSVRC2012_val_00033675_rank837,934,934,0.9965,0
ILSVRC2012_val_00036342_with_ILSVRC2012_val_00026494_rank265,403,403,0.43666,0
ILSVRC2012_val_00036342_with_ILSVRC2012_val_00007768_rank703,728,88,0.46326,909
ILSVRC2012_val_00036342_with_ILSVRC2012_val_00047969_rank160,91,91,0.93561,0
ILSVRC2012_val_00036342_with_ILSVRC2012_val_00013014_rank176,871,344,0.07552,721
ILSVRC2012_val_00036342_with_ILSVRC2012_val_00001475_rank260,45,45,0.98148,0
ILSVRC2012_val_00036342_with_ILSVRC2012_val_00032797_rank116,116,116,0.79828,0
ILSVRC2012_val_00036342_with_ILSVRC2012_val_00029424_rank123,291,291,0.93926,0
ILSVRC2012_val_00036342_with_ILSVRC2012_val_00039583_rank118,383,376,0.08542,31
ILSVRC2012_val_00036342_with_ILSVRC2012_val_00031170_rank064,131,131,0.7423,0
ILSVRC2012_val_00036342_with_ILSVRC2012_val_00032485_rank330,935,927,0.13977,16
ILSVRC2012_val_00036342_with_ILSVRC2012_val_00046328_rank428,544,544,0.98557,0
ILSVRC2012_val_00036342_with_ILSVRC2012_val_00041270_rank734,413,677,0.3702,277
ILSVRC2012_val_00036342_with_ILSVRC2012_val_00017442_rank114,210,210,0.30766,0
ILSVRC2012_val_00036342_with_ILSVRC2012_val_00032992_rank332,71,365,0.07503,620
ILSVRC2012_val_00036342_with_ILSVRC2012_val_00022080_rank098,281,264,0.2855,13
ILSVRC2012_val_00036342_with_ILSVRC2012_val_00021147_rank172,379,210,0.28753,295
ILSVRC2012_val_00036342_with_ILSVRC2012_val_00004589_rank377,611,381,0.06446,615
ILSVRC2012_val_00036342_with_ILSVRC2012_val_00035882_rank921,534,367,0.04241,886
ILSVRC2012_val_00036342_with_ILSVRC2012_val_00016882_rank394,524,562,0.26988,141
ILSVRC2012_val_00036342_with_ILSVRC2012_val_00039321_rank325,726,726,0.99479,0
ILSVRC2012_val_00036342_with_ILSVRC2012_val_00020805_rank348,185,367,0.04095,630
ILSVRC2012_val_00036342_with_ILSVRC2012_val_00037979_rank903,778,367,0.04095,755
ILSVRC2012_val_00036342_with_ILSVRC2012_val_00007821_rank986,795,367,0.15031,222
ILSVRC2012_val_00036342_with_ILSVRC2012_val_00001984_rank866,675,675,0.32206,0
ILSVRC2012_val_00036342_with_ILSVRC2012_val_00000293_rank543,0,367,0.04095,492
ILSVRC2012_val_00036342_with_ILSVRC2012_val_00039794_rank060,206,206,0.63065,0
ILSVRC2012_val_00036342_with_ILSVRC2012_val_00045538_rank873,552,552,0.98486,0
ILSVRC2012_val_00036342_with_ILSVRC2012_val_00028021_rank320,174,367,0.04086,281
ILSVRC2012_val_00036342_with_ILSVRC2012_val_00005903_rank325,726,726,0.25233,0
ILSVRC2012_val_00036342_with_ILSVRC2012_val_00028362_rank811,557,367,0.11456,645
ILSVRC2012_val_00036342_with_ILSVRC2012_val_00040141_rank490,924,924,0.96751,0
ILSVRC2012_val_00036342_with_ILSVRC2012_val_00044584_rank032,102,102,0.9804,0
ILSVRC2012_val_00036342_with_ILSVRC2012_val_00035101_rank268,340,340,0.99681,0
ILSVRC2012_val_00036342_with_ILSVRC2012_val_00023620_rank235,251,251,0.39745,0
ILSVRC2012_val_00036342_with_ILSVRC2012_val_00015040_rank128,21,21,0.89018,0
ILSVRC2012_val_00036342_with_ILSVRC2012_val_00047696_rank389,88,367,0.04095,132
ILSVRC2012_val_00036342_with_ILSVRC2012_val_00049282_rank825,477,367,0.08473,834
ILSVRC2012_val_00036342_with_ILSVRC2012_val_00030326_rank551,165,165,0.40839,0
ILSVRC2012_val_00036342_with_ILSVRC2012_val_00027633_rank218,5,5,0.98329,0
ILSVRC2012_val_00036342_with_ILSVRC2012_val_00039450_rank429,458,458,0.98574,0
ILSVRC2012_val_00036342_with_ILSVRC2012_val_00042373_rank613,773,773,0.8716,0
ILSVRC2012_val_00036342_with_ILSVRC2012_val_00048215_rank541,503,447,0.49269,196
ILSVRC2012_val_00036342_with_ILSVRC2012_val_00037003_rank662,680,574,0.15947,144
ILSVRC2012_val_00036342_with_ILSVRC2012_val_00007611_rank567,803,377,0.19055,791
ILSVRC2012_val_00036342_with_ILSVRC2012_val_00030761_rank602,435,183,0.06664,676
ILSVRC2012_val_00036342_with_ILSVRC2012_val_00040994_rank507,820,820,0.98723,0
ILSVRC2012_val_00036342_with_ILSVRC2012_val_00036365_rank172,379,381,0.38511,1
ILSVRC2012_val_00036342_with_ILSVRC2012_val_00039700_rank261,264,367,0.04095,199
ILSVRC2012_val_00036342_with_ILSVRC2012_val_00049812_rank972,789,674,0.07015,407
ILSVRC2012_val_00036342_with_ILSVRC2012_val_00022987_rank962,667,367,0.04095,661
ILSVRC2012_val_00036342_with_ILSVRC2012_val_00001003_rank065,335,298,0.25882,3
ILSVRC2012_val_00036342_with_ILSVRC2012_val_00028215_rank371,484,843,0.16176,77
ILSVRC2012_val_00036342_with_ILSVRC2012_val_00047359_rank575,325,367,0.04095,759
ILSVRC2012_val_00036342_with_ILSVRC2012_val_00014197_rank736,695,674,0.11077,59
ILSVRC2012_val_00036342_with_ILSVRC2012_val_00019172_rank107,133,133,0.98901,0
ILSVRC2012_val_00036342_with_ILSVRC2012_val_00029429_rank766,752,852,0.65586,1
ILSVRC2012_val_00036342_with_ILSVRC2012_val_00005847_rank311,958,434,0.46035,272
ILSVRC2012_val_00036342_with_ILSVRC2012_val_00017167_rank386,821,837,0.5744,719
ILSVRC2012_val_00036342_with_ILSVRC2012_val_00016102_rank680,663,562,0.18263,33
ILSVRC2012_val_00036342_with_ILSVRC2012_val_00034061_rank161,347,220,0.07667,110
ILSVRC2012_val_00036342_with_ILSVRC2012_val_00011745_rank685,889,367,0.07208,228
ILSVRC2012_val_00036342_with_ILSVRC2012_val_00039933_rank142,28,28,0.77647,0
ILSVRC2012_val_00036342_with_ILSVRC2012_val_00031575_rank580,127,127,0.82707,0
ILSVRC2012_val_00036342_with_ILSVRC2012_val_00039360_rank298,326,326,0.97609,0
ILSVRC2012_val_00036342_with_ILSVRC2012_val_00021570_rank768,809,809,0.74493,0
ILSVRC2012_val_00036342_with_ILSVRC2012_val_00039618_rank555,41,41,0.95793,0
ILSVRC2012_val_00036342_with_ILSVRC2012_val_00040807_rank936,919,919,0.26532,0
ILSVRC2012_val_00036342_with_ILSVRC2012_val_00032555_rank527,894,338,0.1493,387
ILSVRC2012_val_00036342_with_ILSVRC2012_val_00004782_rank267,268,268,0.9296,0
ILSVRC2012_val_00036342_with_ILSVRC2012_val_00014676_rank971,422,85,0.04945,977
ILSVRC2012_val_00036342_with_ILSVRC2012_val_00010742_rank015,296,160,0.27455,92
ILSVRC2012_val_00036342_with_ILSVRC2012_val_00006747_rank981,901,901,0.51215,0
ILSVRC2012_val_00036342_with_ILSVRC2012_val_00037790_rank074,367,367,0.759,0
ILSVRC2012_val_00036342_with_ILSVRC2012_val_00000093_rank039,366,366,0.60372,0
ILSVRC2012_val_00036342_with_ILSVRC2012_val_00018203_rank693,828,828,0.05391,0
ILSVRC2012_val_00036342_with_ILSVRC2012_val_00039750_rank875,515,515,0.76525,0
ILSVRC2012_val_00036342_with_ILSVRC2012_val_00039679_rank600,583,676,0.1222,227
ILSVRC2012_val_00036342_with_ILSVRC2012_val_00011889_rank457,313,313,0.99451,0
ILSVRC2012_val_00036342_with_ILSVRC2012_val_00041645_rank093,293,293,0.93783,0
ILSVRC2012_val_00036342_with_ILSVRC2012_val_00021138_rank118,383,383,0.86779,0
ILSVRC2012_val_00036342_with_ILSVRC2012_val_00042205_rank650,186,186,0.53825,0
ILSVRC2012_val_00036342_with_ILSVRC2012_val_00035853_rank228,109,84,0.15897,40
ILSVRC2012_val_00036342_with_ILSVRC2012_val_00005277_rank045,289,289,0.9542,0
ILSVRC2012_val_00036342_with_ILSVRC2012_val_00033517_rank307,52,114,0.13773,18
ILSVRC2012_val_00036342_with_ILSVRC2012_val_00018270_rank848,630,344,0.1867,474
ILSVRC2012_val_00036342_with_ILSVRC2012_val_00032597_rank913,459,459,0.91722,0
ILSVRC2012_val_00036342_with_ILSVRC2012_val_00037832_rank308,319,319,0.87946,0
ILSVRC2012_val_00036342_with_ILSVRC2012_val_00003559_rank540,526,526,0.69105,0
ILSVRC2012_val_00036342_with_ILSVRC2012_val_00042628_rank222,202,186,0.30614,28
ILSVRC2012_val_00036342_with_ILSVRC2012_val_00007251_rank020,334,187,0.35966,188
ILSVRC2012_val_00036342_with_ILSVRC2012_val_00018365_rank495,312,311,0.68591,1
ILSVRC2012_val_00036342_with_ILSVRC2012_val_00022673_rank694,660,660,0.57908,0
ILSVRC2012_val_00036342_with_ILSVRC2012_val_00041615_rank953,614,240,0.20582,464
ILSVRC2012_val_00036342_with_ILSVRC2012_val_00003476_rank646,689,367,0.06959,628
ILSVRC2012_val_00036342_with_ILSVRC2012_val_00040570_rank534,188,188,0.49981,0
ILSVRC2012_val_00036342_with_ILSVRC2012_val_00030496_rank604,707,707,0.83864,0
ILSVRC2012_val_00036342_with_ILSVRC2012_val_00016811_rank406,322,322,0.81413,0
ILSVRC2012_val_00036342_with_ILSVRC2012_val_00041112_rank513,971,344,0.0679,151
ILSVRC2012_val_00036342_with_ILSVRC2012_val_00003913_rank571,607,607,0.99607,0
ILSVRC2012_val_00036342_with_ILSVRC2012_val_00004787_rank566,567,88,0.05702,640
ILSVRC2012_val_00036342_with_ILSVRC2012_val_00001369_rank776,432,367,0.04435,584
ILSVRC2012_val_00036342_with_ILSVRC2012_val_00045403_rank392,986,367,0.04095,263
ILSVRC2012_val_00036342_with_ILSVRC2012_val_00027748_rank895,723,367,0.04111,989
ILSVRC2012_val_00036342_with_ILSVRC2012_val_00014719_rank310,180,171,0.93254,6
ILSVRC2012_val_00036342_with_ILSVRC2012_val_00008826_rank319,308,308,0.76541,0
ILSVRC2012_val_00036342_with_ILSVRC2012_val_00003196_rank454,231,231,0.46885,0
ILSVRC2012_val_00036342_with_ILSVRC2012_val_00026553_rank631,812,895,0.84465,4
ILSVRC2012_val_00036342_with_ILSVRC2012_val_00044402_rank040,342,341,0.82069,1
ILSVRC2012_val_00036342_with_ILSVRC2012_val_00004537_rank835,617,617,0.76577,0
ILSVRC2012_val_00036342_with_ILSVRC2012_val_00006540_rank441,977,814,0.85747,6
ILSVRC2012_val_00036342_with_ILSVRC2012_val_00034849_rank066,209,227,0.46501,16
ILSVRC2012_val_00036342_with_ILSVRC2012_val_00014159_rank033,148,84,0.23545,894
ILSVRC2012_val_00036342_with_ILSVRC2012_val_00011028_rank638,857,594,0.12564,32
ILSVRC2012_val_00036342_with_ILSVRC2012_val_00018262_rank136,194,367,0.12558,321
ILSVRC2012_val_00036342_with_ILSVRC2012_val_00018845_rank424,715,574,0.14628,679
ILSVRC2012_val_00036342_with_ILSVRC2012_val_00026191_rank029,50,88,0.6182,143
ILSVRC2012_val_00036342_with_ILSVRC2012_val_00048834_rank114,210,178,0.34218,4
ILSVRC2012_val_00036342_with_ILSVRC2012_val_00033730_rank906,733,843,0.06215,28
ILSVRC2012_val_00036342_with_ILSVRC2012_val_00008496_rank522,255,255,0.92944,0
ILSVRC2012_val_00036342_with_ILSVRC2012_val_00044219_rank735,556,556,0.98131,0
ILSVRC2012_val_00036342_with_ILSVRC2012_val_00008049_rank183,24,24,0.99936,0
ILSVRC2012_val_00036342_with_ILSVRC2012_val_00042425_rank609,443,443,0.10468,0
ILSVRC2012_val_00036342_with_ILSVRC2012_val_00002956_rank059,350,350,0.31793,0
ILSVRC2012_val_00036342_with_ILSVRC2012_val_00049187_rank413,46,40,0.57079,1
ILSVRC2012_val_00036342_with_ILSVRC2012_val_00031537_rank696,681,367,0.04005,579
ILSVRC2012_val_00036342_with_ILSVRC2012_val_00040773_rank231,233,367,0.04095,44
ILSVRC2012_val_00036342_with_ILSVRC2012_val_00039713_rank989,610,610,0.40639,0
ILSVRC2012_val_00036342_with_ILSVRC2012_val_00037252_rank246,156,156,0.68193,0
ILSVRC2012_val_00036342_with_ILSVRC2012_val_00031994_rank885,230,231,0.51664,1
ILSVRC2012_val_00036342_with_ILSVRC2012_val_00049489_rank533,438,438,0.76093,0
ILSVRC2012_val_00036342_with_ILSVRC2012_val_00005102_rank121,576,576,0.7348,0
ILSVRC2012_val_00036342_with_ILSVRC2012_val_00018785_rank365,996,996,0.93483,0
ILSVRC2012_val_00036342_with_ILSVRC2012_val_00046509_rank901,862,470,0.21868,1
ILSVRC2012_val_00036342_with_ILSVRC2012_val_00028623_rank124,278,356,0.67306,26
ILSVRC2012_val_00036342_with_ILSVRC2012_val_00019073_rank505,93,93,0.57342,0
ILSVRC2012_val_00036342_with_ILSVRC2012_val_00018781_rank500,742,870,0.06596,353
ILSVRC2012_val_00036342_with_ILSVRC2012_val_00041341_rank167,273,273,0.80959,0
ILSVRC2012_val_00036342_with_ILSVRC2012_val_00045510_rank050,43,43,0.86485,0
ILSVRC2012_val_00036342_with_ILSVRC2012_val_00048552_rank019,20,20,0.88075,0
ILSVRC2012_val_00036342_with_ILSVRC2012_val_00014212_rank513,971,971,0.98314,0
ILSVRC2012_val_00036342_with_ILSVRC2012_val_00003447_rank494,492,981,0.09981,696
ILSVRC2012_val_00036342_with_ILSVRC2012_val_00035726_rank361,94,94,0.34623,0
ILSVRC2012_val_00036342_with_ILSVRC2012_val_00029806_rank105,36,36,0.94533,0
ILSVRC2012_val_00036342_with_ILSVRC2012_val_00034070_rank079,205,224,0.44258,3
ILSVRC2012_val_00036342_with_ILSVRC2012_val_00027511_rank027,279,279,0.75022,0
ILSVRC2012_val_00036342_with_ILSVRC2012_val_00030789_rank666,654,654,0.88537,0
ILSVRC2012_val_00036342_with_ILSVRC2012_val_00009281_rank257,237,367,0.04095,98
ILSVRC2012_val_00036342_with_ILSVRC2012_val_00035946_rank304,554,554,0.86296,0
ILSVRC2012_val_00036342_with_ILSVRC2012_val_00049343_rank745,879,879,0.34934,0
ILSVRC2012_val_00036342_with_ILSVRC2012_val_00014449_rank838,652,367,0.14205,399
ILSVRC2012_val_00036342_with_ILSVRC2012_val_00040386_rank890,226,356,0.12928,401
ILSVRC2012_val_00036342_with_ILSVRC2012_val_00000860_rank388,81,81,0.98054,0
ILSVRC2012_val_00036342_with_ILSVRC2012_val_00004769_rank248,850,850,0.54892,0
ILSVRC2012_val_00036342_with_ILSVRC2012_val_00024169_rank090,175,193,0.29002,22
ILSVRC2012_val_00036342_with_ILSVRC2012_val_00019434_rank613,773,695,0.49112,101
ILSVRC2012_val_00036342_with_ILSVRC2012_val_00005448_rank909,612,100,0.27772,528
ILSVRC2012_val_00036342_with_ILSVRC2012_val_00035020_rank990,767,896,0.16795,158
ILSVRC2012_val_00036342_with_ILSVRC2012_val_00004480_rank831,753,596,0.05911,774
ILSVRC2012_val_00036342_with_ILSVRC2012_val_00026098_rank910,787,522,0.12929,234
ILSVRC2012_val_00036342_with_ILSVRC2012_val_00004084_rank191,29,29,0.99894,0
ILSVRC2012_val_00036342_with_ILSVRC2012_val_00040552_rank924,902,674,0.03827,77
ILSVRC2012_val_00036342_with_ILSVRC2012_val_00033260_rank829,956,956,0.37977,0
ILSVRC2012_val_00036342_with_ILSVRC2012_val_00038556_rank489,60,63,0.75693,13
ILSVRC2012_val_00036342_with_ILSVRC2012_val_00046771_rank707,867,867,0.88874,0
ILSVRC2012_val_00036342_with_ILSVRC2012_val_00006762_rank503,855,562,0.21665,260
ILSVRC2012_val_00036342_with_ILSVRC2012_val_00007021_rank879,843,840,0.32925,97
ILSVRC2012_val_00036342_with_ILSVRC2012_val_00034418_rank040,342,342,0.28275,0
ILSVRC2012_val_00036342_with_ILSVRC2012_val_00004355_rank087,378,378,0.25629,0
ILSVRC2012_val_00036342_with_ILSVRC2012_val_00002700_rank844,466,466,0.99359,0
ILSVRC2012_val_00036342_with_ILSVRC2012_val_00004890_rank760,903,265,0.10298,40
ILSVRC2012_val_00036342_with_ILSVRC2012_val_00016148_rank137,208,341,0.76389,65
ILSVRC2012_val_00036342_with_ILSVRC2012_val_00004729_rank417,604,604,0.99775,0
ILSVRC2012_val_00036342_with_ILSVRC2012_val_00045098_rank085,297,297,0.99973,0
ILSVRC2012_val_00036342_with_ILSVRC2012_val_00040306_rank481,427,367,0.1477,822
ILSVRC2012_val_00036342_with_ILSVRC2012_val_00043156_rank760,903,338,0.55179,55
ILSVRC2012_val_00036342_with_ILSVRC2012_val_00038789_rank454,231,231,0.9263,0
ILSVRC2012_val_00036342_with_ILSVRC2012_val_00011392_rank603,923,923,0.85404,0
ILSVRC2012_val_00036342_with_ILSVRC2012_val_00028936_rank592,260,260,0.98474,0
ILSVRC2012_val_00036342_with_ILSVRC2012_val_00036867_rank821,414,667,0.08702,83
ILSVRC2012_val_00036342_with_ILSVRC2012_val_00001009_rank186,254,254,0.91346,0
ILSVRC2012_val_00036342_with_ILSVRC2012_val_00030525_rank807,757,471,0.28871,71
ILSVRC2012_val_00036342_with_ILSVRC2012_val_00035786_rank795,805,71,0.3381,809
ILSVRC2012_val_00036342_with_ILSVRC2012_val_00040788_rank026,290,290,0.56121,0
ILSVRC2012_val_00036342_with_ILSVRC2012_val_00024596_rank475,874,874,0.84659,0
ILSVRC2012_val_00036342_with_ILSVRC2012_val_00018511_rank206,130,130,0.84225,0
ILSVRC2012_val_00036342_with_ILSVRC2012_val_00022264_rank246,156,218,0.2577,1
ILSVRC2012_val_00036342_with_ILSVRC2012_val_00024149_rank635,909,909,0.8082,0
ILSVRC2012_val_00036342_with_ILSVRC2012_val_00014776_rank556,402,402,0.281,0
ILSVRC2012_val_00036342_with_ILSVRC2012_val_00046851_rank782,613,840,0.09039,282
ILSVRC2012_val_00036342_with_ILSVRC2012_val_00044296_rank515,310,314,0.57419,11
ILSVRC2012_val_00036342_with_ILSVRC2012_val_00044271_rank634,633,633,0.95468,0
ILSVRC2012_val_00036342_with_ILSVRC2012_val_00029474_rank966,772,344,0.25587,965
ILSVRC2012_val_00036342_with_ILSVRC2012_val_00028446_rank839,659,367,0.04035,407
ILSVRC2012_val_00036342_with_ILSVRC2012_val_00028894_rank752,351,353,0.37542,2
ILSVRC2012_val_00036342_with_ILSVRC2012_val_00035123_rank188,9,9,0.9969,0
ILSVRC2012_val_00036342_with_ILSVRC2012_val_00015305_rank831,753,677,0.74826,39
ILSVRC2012_val_00036342_with_ILSVRC2012_val_00008429_rank944,577,344,0.34284,585
ILSVRC2012_val_00036342_with_ILSVRC2012_val_00006132_rank629,859,367,0.04095,919
ILSVRC2012_val_00036342_with_ILSVRC2012_val_00031230_rank513,971,562,0.05883,2
ILSVRC2012_val_00036342_with_ILSVRC2012_val_00047447_rank632,881,881,0.57074,0
ILSVRC2012_val_00036342_with_ILSVRC2012_val_00039290_rank855,584,526,0.03761,731
ILSVRC2012_val_00036342_with_ILSVRC2012_val_00031313_rank621,569,867,0.53231,1
ILSVRC2012_val_00036342_with_ILSVRC2012_val_00042823_rank840,912,341,0.59572,107
ILSVRC2012_val_00036342_with_ILSVRC2012_val_00010515_rank948,591,792,0.16061,880
ILSVRC2012_val_00036342_with_ILSVRC2012_val_00017171_rank950,407,734,0.97263,1
ILSVRC2012_val_00036342_with_ILSVRC2012_val_00009780_rank621,569,569,0.21632,0
ILSVRC2012_val_00036342_with_ILSVRC2012_val_00039102_rank380,138,344,0.17229,94
ILSVRC2012_val_00036342_with_ILSVRC2012_val_00038713_rank365,996,996,0.78032,0
ILSVRC2012_val_00036342_with_ILSVRC2012_val_00015416_rank253,13,13,0.99225,0
ILSVRC2012_val_00036342_with_ILSVRC2012_val_00010222_rank086,177,344,0.1587,380
ILSVRC2012_val_00036342_with_ILSVRC2012_val_00018030_rank322,990,990,0.99227,0
ILSVRC2012_val_00036342_with_ILSVRC2012_val_00044877_rank194,992,992,0.8106,0
ILSVRC2012_val_00036342_with_ILSVRC2012_val_00007004_rank553,895,87,0.33737,616
ILSVRC2012_val_00036342_with_ILSVRC2012_val_00024887_rank977,157,157,0.44584,0
ILSVRC2012_val_00036342_with_ILSVRC2012_val_00028605_rank347,222,222,0.87692,0
ILSVRC2012_val_00036342_with_ILSVRC2012_val_00014645_rank479,192,192,0.34211,0
ILSVRC2012_val_00036342_with_ILSVRC2012_val_00029940_rank913,459,870,0.03225,821
ILSVRC2012_val_00036342_with_ILSVRC2012_val_00041440_rank872,417,727,0.20802,8
ILSVRC2012_val_00036342_with_ILSVRC2012_val_00041490_rank841,656,367,0.10595,948
ILSVRC2012_val_00036342_with_ILSVRC2012_val_00009913_rank568,930,398,0.28901,464
ILSVRC2012_val_00036342_with_ILSVRC2012_val_00018134_rank289,85,367,0.04095,140
ILSVRC2012_val_00036342_with_ILSVRC2012_val_00011030_rank898,840,840,0.7319,0
ILSVRC2012_val_00036342_with_ILSVRC2012_val_00003700_rank034,370,370,0.99767,0
ILSVRC2012_val_00036342_with_ILSVRC2012_val_00011967_rank008,294,294,0.97993,0
ILSVRC2012_val_00036342_with_ILSVRC2012_val_00013024_rank967,832,36,0.45968,793
ILSVRC2012_val_00036342_with_ILSVRC2012_val_00034242_rank200,19,19,0.99317,0
ILSVRC2012_val_00036342_with_ILSVRC2012_val_00013394_rank120,35,35,0.43528,0
ILSVRC2012_val_00036342_with_ILSVRC2012_val_00025367_rank201,65,65,0.75371,0
ILSVRC2012_val_00036342_with_ILSVRC2012_val_00019729_rank690,339,173,0.20901,9
ILSVRC2012_val_00036342_with_ILSVRC2012_val_00046505_rank380,138,133,0.28686,3
ILSVRC2012_val_00036342_with_ILSVRC2012_val_00002663_rank937,999,728,0.11634,13
ILSVRC2012_val_00036342_with_ILSVRC2012_val_00024274_rank882,464,464,0.82646,0
ILSVRC2012_val_00036342_with_ILSVRC2012_val_00001220_rank560,481,448,0.07583,116
ILSVRC2012_val_00036342_with_ILSVRC2012_val_00001318_rank812,896,491,0.26193,895
ILSVRC2012_val_00036342_with_ILSVRC2012_val_00027665_rank643,969,969,0.13147,0
ILSVRC2012_val_00036342_with_ILSVRC2012_val_00008566_rank583,87,87,0.99296,0
ILSVRC2012_val_00036342_with_ILSVRC2012_val_00028931_rank040,342,341,0.56373,1
ILSVRC2012_val_00036342_with_ILSVRC2012_val_00011817_rank856,748,636,0.30116,2
ILSVRC2012_val_00036342_with_ILSVRC2012_val_00038844_rank898,840,199,0.05606,405
ILSVRC2012_val_00036342_with_ILSVRC2012_val_00035907_rank651,579,736,0.84462,2
ILSVRC2012_val_00036342_with_ILSVRC2012_val_00026707_rank053,22,22,0.96277,0
ILSVRC2012_val_00036342_with_ILSVRC2012_val_00045070_rank111,105,105,0.98554,0
ILSVRC2012_val_00036342_with_ILSVRC2012_val_00025726_rank358,212,171,0.26767,263
ILSVRC2012_val_00036342_with_ILSVRC2012_val_00029928_rank677,549,580,0.15099,600
ILSVRC2012_val_00036342_with_ILSVRC2012_val_00048444_rank666,654,436,0.52002,13
ILSVRC2012_val_00036342_with_ILSVRC2012_val_00049624_rank769,599,410,0.58049,1
ILSVRC2012_val_00036342_with_ILSVRC2012_val_00002170_rank044,141,86,0.16589,15
ILSVRC2012_val_00036342_with_ILSVRC2012_val_00014718_rank208,483,743,0.10819,34
ILSVRC2012_val_00036342_with_ILSVRC2012_val_00036728_rank421,162,162,0.48927,0
ILSVRC2012_val_00036342_with_ILSVRC2012_val_00022122_rank451,164,164,0.21826,0
ILSVRC2012_val_00036342_with_ILSVRC2012_val_00014846_rank493,897,481,0.55274,63
ILSVRC2012_val_00036342_with_ILSVRC2012_val_00046882_rank314,47,47,0.79698,0
ILSVRC2012_val_00036342_with_ILSVRC2012_val_00021865_rank943,813,674,0.04425,128
ILSVRC2012_val_00036342_with_ILSVRC2012_val_00001539_rank508,304,305,0.28917,7
ILSVRC2012_val_00036342_with_ILSVRC2012_val_00023194_rank172,379,344,0.2283,501
ILSVRC2012_val_00036342_with_ILSVRC2012_val_00006135_rank634,633,344,0.25408,686
ILSVRC2012_val_00036342_with_ILSVRC2012_val_00044424_rank042,364,360,0.20612,34
ILSVRC2012_val_00036342_with_ILSVRC2012_val_00028485_rank507,820,820,0.16913,0
ILSVRC2012_val_00036342_with_ILSVRC2012_val_00011766_rank120,35,36,0.74345,2
ILSVRC2012_val_00036342_with_ILSVRC2012_val_00014249_rank892,729,703,0.21517,302
ILSVRC2012_val_00036342_with_ILSVRC2012_val_00003605_rank297,7,7,0.82474,0
ILSVRC2012_val_00036342_with_ILSVRC2012_val_00026586_rank683,938,938,0.99337,0
ILSVRC2012_val_00036342_with_ILSVRC2012_val_00047471_rank897,465,373,0.12754,857
ILSVRC2012_val_00036342_with_ILSVRC2012_val_00002455_rank997,872,872,0.79922,0
ILSVRC2012_val_00036342_with_ILSVRC2012_val_00035532_rank078,282,282,0.65815,0
ILSVRC2012_val_00036342_with_ILSVRC2012_val_00006126_rank324,928,314,0.20758,105
ILSVRC2012_val_00036342_with_ILSVRC2012_val_00025617_rank263,244,357,0.35706,83
ILSVRC2012_val_00036342_with_ILSVRC2012_val_00046153_rank095,374,377,0.31502,9
ILSVRC2012_val_00036342_with_ILSVRC2012_val_00028498_rank581,412,412,0.98483,0
ILSVRC2012_val_00036342_with_ILSVRC2012_val_00036297_rank565,745,745,0.99837,0
ILSVRC2012_val_00036342_with_ILSVRC2012_val_00046410_rank166,83,83,0.77375,0
ILSVRC2012_val_00036342_with_ILSVRC2012_val_00007536_rank762,566,677,0.26821,323
ILSVRC2012_val_00036342_with_ILSVRC2012_val_00026476_rank083,143,143,0.92733,0
ILSVRC2012_val_00036342_with_ILSVRC2012_val_00011488_rank083,143,98,0.56271,4
ILSVRC2012_val_00036342_with_ILSVRC2012_val_00028122_rank227,305,314,0.31246,20
ILSVRC2012_val_00036342_with_ILSVRC2012_val_00028381_rank308,319,319,0.54287,0
ILSVRC2012_val_00036342_with_ILSVRC2012_val_00034688_rank296,318,318,0.98642,0
ILSVRC2012_val_00036342_with_ILSVRC2012_val_00016827_rank971,422,422,0.80576,0
ILSVRC2012_val_00036342_with_ILSVRC2012_val_00007612_rank660,768,722,0.408,13
ILSVRC2012_val_00036342_with_ILSVRC2012_val_00044431_rank919,890,239,0.0842,412
ILSVRC2012_val_00036342_with_ILSVRC2012_val_00016851_rank698,522,616,0.06728,939
ILSVRC2012_val_00036342_with_ILSVRC2012_val_00023585_rank646,689,367,0.04095,628
ILSVRC2012_val_00036342_with_ILSVRC2012_val_00014461_rank594,572,572,0.72468,0
ILSVRC2012_val_00036342_with_ILSVRC2012_val_00020745_rank565,745,745,0.55259,0
ILSVRC2012_val_00036342_with_ILSVRC2012_val_00014975_rank569,267,267,0.44025,0
ILSVRC2012_val_00036342_with_ILSVRC2012_val_00003656_rank319,308,308,0.67602,0
ILSVRC2012_val_00036342_with_ILSVRC2012_val_00017635_rank630,301,301,0.8571,0
ILSVRC2012_val_00036342_with_ILSVRC2012_val_00036898_rank586,981,429,0.34889,1
ILSVRC2012_val_00036342_with_ILSVRC2012_val_00035162_rank695,609,791,0.04211,85
ILSVRC2012_val_00036342_with_ILSVRC2012_val_00025683_rank286,354,79,0.17785,867
ILSVRC2012_val_00036342_with_ILSVRC2012_val_00009467_rank427,720,674,0.09752,54
ILSVRC2012_val_00036342_with_ILSVRC2012_val_00015760_rank847,600,695,0.30861,6
ILSVRC2012_val_00036342_with_ILSVRC2012_val_00021124_rank051,135,367,0.04095,363
ILSVRC2012_val_00036342_with_ILSVRC2012_val_00008771_rank017,147,147,0.29608,0
ILSVRC2012_val_00036342_with_ILSVRC2012_val_00022937_rank413,46,40,0.48172,1
ILSVRC2012_val_00036342_with_ILSVRC2012_val_00046589_rank511,488,488,0.93395,0
ILSVRC2012_val_00036342_with_ILSVRC2012_val_00044440_rank309,90,90,0.99779,0
ILSVRC2012_val_00036342_with_ILSVRC2012_val_00039178_rank001,360,360,0.52989,0
ILSVRC2012_val_00036342_with_ILSVRC2012_val_00025669_rank467,249,249,0.62981,0
ILSVRC2012_val_00036342_with_ILSVRC2012_val_00030243_rank377,611,611,0.29639,0
ILSVRC2012_val_00036342_with_ILSVRC2012_val_00003049_rank732,817,751,0.52602,1
ILSVRC2012_val_00036342_with_ILSVRC2012_val_00000511_rank544,166,162,0.5241,3
ILSVRC2012_val_00036342_with_ILSVRC2012_val_00004289_rank324,928,112,0.60311,62
ILSVRC2012_val_00036342_with_ILSVRC2012_val_00001614_rank570,651,530,0.81117,17
ILSVRC2012_val_00036342_with_ILSVRC2012_val_00031956_rank703,728,412,0.47174,3
ILSVRC2012_val_00036342_with_ILSVRC2012_val_00035270_rank765,658,813,0.04063,221
ILSVRC2012_val_00036342_with_ILSVRC2012_val_00039959_rank469,725,341,0.79865,710
ILSVRC2012_val_00036342_with_ILSVRC2012_val_00027572_rank942,678,805,0.18677,147
ILSVRC2012_val_00036342_with_ILSVRC2012_val_00012586_rank389,88,367,0.04095,132
ILSVRC2012_val_00036342_with_ILSVRC2012_val_00040430_rank934,419,419,0.70241,0
ILSVRC2012_val_00036342_with_ILSVRC2012_val_00042142_rank356,40,40,0.70355,0
ILSVRC2012_val_00036342_with_ILSVRC2012_val_00038993_rank065,335,335,0.75392,0
ILSVRC2012_val_00036342_with_ILSVRC2012_val_00030865_rank356,40,40,0.85837,0
ILSVRC2012_val_00036342_with_ILSVRC2012_val_00011999_rank806,561,561,0.82253,0
ILSVRC2012_val_00036342_with_ILSVRC2012_val_00039127_rank775,451,367,0.06387,979
ILSVRC2012_val_00036342_with_ILSVRC2012_val_00011446_rank295,17,367,0.04095,178
ILSVRC2012_val_00036342_with_ILSVRC2012_val_00043127_rank027,279,279,0.64058,0
ILSVRC2012_val_00036342_with_ILSVRC2012_val_00041419_rank971,422,558,0.20356,85
ILSVRC2012_val_00036342_with_ILSVRC2012_val_00030321_rank218,5,5,0.72159,0
ILSVRC2012_val_00036342_with_ILSVRC2012_val_00041428_rank938,697,373,0.11039,793
ILSVRC2012_val_00036342_with_ILSVRC2012_val_00048597_rank718,502,502,0.99595,0
ILSVRC2012_val_00036342_with_ILSVRC2012_val_00045996_rank445,501,367,0.04095,763
ILSVRC2012_val_00036342_with_ILSVRC2012_val_00008798_rank516,316,316,0.99125,0
ILSVRC2012_val_00036342_with_ILSVRC2012_val_00024396_rank388,81,879,0.05381,982
ILSVRC2012_val_00036342_with_ILSVRC2012_val_00029853_rank999,719,120,0.15569,315
ILSVRC2012_val_00036342_with_ILSVRC2012_val_00048692_rank383,839,674,0.14562,659
ILSVRC2012_val_00036342_with_ILSVRC2012_val_00046703_rank074,367,344,0.05765,20
ILSVRC2012_val_00036342_with_ILSVRC2012_val_00043109_rank245,914,367,0.04095,936
ILSVRC2012_val_00036342_with_ILSVRC2012_val_00007577_rank640,706,113,0.38476,790
ILSVRC2012_val_00036342_with_ILSVRC2012_val_00046001_rank287,718,494,0.79498,700
ILSVRC2012_val_00036342_with_ILSVRC2012_val_00018184_rank520,590,487,0.81141,1
ILSVRC2012_val_00036342_with_ILSVRC2012_val_00041669_rank341,53,79,0.21597,19
ILSVRC2012_val_00036342_with_ILSVRC2012_val_00044300_rank298,326,326,0.9919,0
ILSVRC2012_val_00036342_with_ILSVRC2012_val_00002483_rank268,340,340,0.51849,0
ILSVRC2012_val_00036342_with_ILSVRC2012_val_00028949_rank913,459,314,0.28097,694
ILSVRC2012_val_00036342_with_ILSVRC2012_val_00018977_rank738,883,367,0.04095,637
ILSVRC2012_val_00036342_with_ILSVRC2012_val_00031577_rank270,27,130,0.27823,100
ILSVRC2012_val_00036342_with_ILSVRC2012_val_00012937_rank967,832,19,0.1378,678
ILSVRC2012_val_00036342_with_ILSVRC2012_val_00041711_rank879,843,843,0.66549,0
ILSVRC2012_val_00036342_with_ILSVRC2012_val_00020794_rank624,687,695,0.09014,529
ILSVRC2012_val_00036342_with_ILSVRC2012_val_00004991_rank452,985,562,0.18039,426
ILSVRC2012_val_00036342_with_ILSVRC2012_val_00007356_rank491,189,189,0.91566,0
ILSVRC2012_val_00036342_with_ILSVRC2012_val_00044221_rank929,655,265,0.40927,316
ILSVRC2012_val_00036342_with_ILSVRC2012_val_00002873_rank738,883,725,0.63659,1
ILSVRC2012_val_00036342_with_ILSVRC2012_val_00039375_rank943,813,904,0.06146,299
ILSVRC2012_val_00036342_with_ILSVRC2012_val_00024798_rank662,680,354,0.85666,599
ILSVRC2012_val_00036342_with_ILSVRC2012_val_00042541_rank089,99,99,0.81626,0
ILSVRC2012_val_00036342_with_ILSVRC2012_val_00003329_rank568,930,930,0.93039,0
ILSVRC2012_val_00036342_with_ILSVRC2012_val_00005036_rank693,828,828,0.92384,0
ILSVRC2012_val_00036342_with_ILSVRC2012_val_00000445_rank811,557,367,0.04111,645
ILSVRC2012_val_00036342_with_ILSVRC2012_val_00036303_rank697,822,667,0.39921,55
ILSVRC2012_val_00036342_with_ILSVRC2012_val_00012854_rank882,464,265,0.19638,758
ILSVRC2012_val_00036342_with_ILSVRC2012_val_00046725_rank634,633,624,0.16375,221
ILSVRC2012_val_00036342_with_ILSVRC2012_val_00042807_rank736,695,367,0.04095,303
ILSVRC2012_val_00036342_with_ILSVRC2012_val_00045108_rank040,342,341,0.57165,1
ILSVRC2012_val_00036342_with_ILSVRC2012_val_00026979_rank425,856,695,0.39527,930
ILSVRC2012_val_00036342_with_ILSVRC2012_val_00034624_rank709,594,412,0.08152,249
ILSVRC2012_val_00036342_with_ILSVRC2012_val_00004111_rank720,648,674,0.59976,416
ILSVRC2012_val_00036342_with_ILSVRC2012_val_00004622_rank190,39,39,0.96014,0
ILSVRC2012_val_00036342_with_ILSVRC2012_val_00045365_rank715,708,367,0.05525,386
ILSVRC2012_val_00036342_with_ILSVRC2012_val_00020071_rank252,825,599,0.92403,116
ILSVRC2012_val_00036342_with_ILSVRC2012_val_00010812_rank711,852,852,0.98734,0
ILSVRC2012_val_00036342_with_ILSVRC2012_val_00002706_rank691,247,274,0.4507,100
ILSVRC2012_val_00036342_with_ILSVRC2012_val_00022256_rank696,681,620,0.65095,1
ILSVRC2012_val_00036342_with_ILSVRC2012_val_00034876_rank740,893,893,0.35616,0
ILSVRC2012_val_00036342_with_ILSVRC2012_val_00018999_rank208,483,618,0.24339,858
ILSVRC2012_val_00036342_with_ILSVRC2012_val_00000353_rank560,481,367,0.04095,650
ILSVRC2012_val_00036342_with_ILSVRC2012_val_00029033_rank510,111,777,0.06539,61
ILSVRC2012_val_00036342_with_ILSVRC2012_val_00013596_rank307,52,344,0.16163,170
ILSVRC2012_val_00036342_with_ILSVRC2012_val_00033252_rank143,353,367,0.04095,219
ILSVRC2012_val_00036342_with_ILSVRC2012_val_00011071_rank101,119,344,0.10033,326
ILSVRC2012_val_00036342_with_ILSVRC2012_val_00017835_rank646,689,367,0.1031,628
ILSVRC2012_val_00036342_with_ILSVRC2012_val_00030505_rank404,317,317,0.15903,0
ILSVRC2012_val_00036342_with_ILSVRC2012_val_00036455_rank036,49,49,0.60793,0
ILSVRC2012_val_00036342_with_ILSVRC2012_val_00037699_rank871,743,357,0.0945,116
ILSVRC2012_val_00036342_with_ILSVRC2012_val_00035480_rank115,196,196,0.36338,0
ILSVRC2012_val_00036342_with_ILSVRC2012_val_00042624_rank337,309,360,0.32762,382
ILSVRC2012_val_00036342_with_ILSVRC2012_val_00025532_rank003,357,357,0.1426,0
ILSVRC2012_val_00036342_with_ILSVRC2012_val_00034730_rank856,748,464,0.90646,6
ILSVRC2012_val_00036342_with_ILSVRC2012_val_00022604_rank966,772,772,0.17969,0
ILSVRC2012_val_00036342_with_ILSVRC2012_val_00013770_rank961,826,409,0.23086,4
ILSVRC2012_val_00036342_with_ILSVRC2012_val_00046074_rank129,73,367,0.04551,197
ILSVRC2012_val_00036342_with_ILSVRC2012_val_00003421_rank213,69,840,0.21078,452
ILSVRC2012_val_00036342_with_ILSVRC2012_val_00042762_rank643,969,695,0.4625,702
ILSVRC2012_val_00036342_with_ILSVRC2012_val_00034073_rank300,674,674,0.88149,0
ILSVRC2012_val_00036342_with_ILSVRC2012_val_00014115_rank234,245,367,0.04095,153
ILSVRC2012_val_00036342_with_ILSVRC2012_val_00032616_rank683,938,938,0.98951,0
ILSVRC2012_val_00036342_with_ILSVRC2012_val_00024140_rank054,377,377,0.67359,0
ILSVRC2012_val_00036342_with_ILSVRC2012_val_00024368_rank798,423,423,0.93878,0
ILSVRC2012_val_00036342_with_ILSVRC2012_val_00047874_rank616,885,741,0.27106,9
ILSVRC2012_val_00036342_with_ILSVRC2012_val_00029178_rank026,290,367,0.04095,21
ILSVRC2012_val_00036342_with_ILSVRC2012_val_00009893_rank375,547,829,0.86721,4
ILSVRC2012_val_00036342_with_ILSVRC2012_val_00046674_rank054,377,341,0.07008,216
ILSVRC2012_val_00036342_with_ILSVRC2012_val_00006506_rank655,732,732,0.49893,0
ILSVRC2012_val_00036342_with_ILSVRC2012_val_00003188_rank520,590,356,0.1582,902
ILSVRC2012_val_00036342_with_ILSVRC2012_val_00002942_rank601,870,870,0.99534,0
ILSVRC2012_val_00036342_with_ILSVRC2012_val_00001134_rank427,720,737,0.33827,13
ILSVRC2012_val_00036342_with_ILSVRC2012_val_00032013_rank302,223,224,0.56498,1
ILSVRC2012_val_00036342_with_ILSVRC2012_val_00042363_rank163,449,367,0.14987,900
ILSVRC2012_val_00036342_with_ILSVRC2012_val_00027656_rank389,88,88,0.99762,0
ILSVRC2012_val_00036342_with_ILSVRC2012_val_00034630_rank813,551,868,0.23585,141
ILSVRC2012_val_00036342_with_ILSVRC2012_val_00010969_rank604,707,367,0.04095,410
ILSVRC2012_val_00036342_with_ILSVRC2012_val_00007740_rank483,235,235,0.75127,0
ILSVRC2012_val_00036342_with_ILSVRC2012_val_00027823_rank490,924,377,0.2992,811
ILSVRC2012_val_00036342_with_ILSVRC2012_val_00017565_rank067,330,330,0.79608,0
ILSVRC2012_val_00036342_with_ILSVRC2012_val_00022745_rank389,88,88,0.99705,0
ILSVRC2012_val_00036342_with_ILSVRC2012_val_00006734_rank014,362,362,0.95624,0
ILSVRC2012_val_00036342_with_ILSVRC2012_val_00048317_rank897,465,367,0.04095,344
ILSVRC2012_val_00036342_with_ILSVRC2012_val_00003555_rank463,739,739,0.495,0
ILSVRC2012_val_00036342_with_ILSVRC2012_val_00016254_rank061,277,277,0.93775,0
ILSVRC2012_val_00036342_with_ILSVRC2012_val_00035780_rank998,731,618,0.07758,19
ILSVRC2012_val_00036342_with_ILSVRC2012_val_00012876_rank948,591,549,0.16732,4
ILSVRC2012_val_00036342_with_ILSVRC2012_val_00013099_rank601,870,870,0.7882,0
ILSVRC2012_val_00036342_with_ILSVRC2012_val_00037927_rank782,613,367,0.04199,492
ILSVRC2012_val_00036342_with_ILSVRC2012_val_00000452_rank759,734,734,0.9231,0
ILSVRC2012_val_00036342_with_ILSVRC2012_val_00043428_rank036,49,84,0.15096,145
ILSVRC2012_val_00036342_with_ILSVRC2012_val_00038592_rank498,851,851,0.88315,0
ILSVRC2012_val_00036342_with_ILSVRC2012_val_00023295_rank240,66,66,0.56533,0
ILSVRC2012_val_00036342_with_ILSVRC2012_val_00034025_rank691,247,247,0.49726,0
ILSVRC2012_val_00036342_with_ILSVRC2012_val_00026482_rank067,330,330,0.88749,0
ILSVRC2012_val_00036342_with_ILSVRC2012_val_00034774_rank155,125,112,0.47443,2
ILSVRC2012_val_00036342_with_ILSVRC2012_val_00003999_rank110,275,367,0.04095,148
ILSVRC2012_val_00036342_with_ILSVRC2012_val_00025095_rank519,941,941,0.79733,0
ILSVRC2012_val_00036342_with_ILSVRC2012_val_00016546_rank330,935,935,0.54375,0
ILSVRC2012_val_00036342_with_ILSVRC2012_val_00036142_rank692,939,114,0.93663,29
ILSVRC2012_val_00036342_with_ILSVRC2012_val_00044528_rank390,959,959,0.99431,0
ILSVRC2012_val_00036342_with_ILSVRC2012_val_00045800_rank537,904,695,0.2483,167
ILSVRC2012_val_00036342_with_ILSVRC2012_val_00033742_rank194,992,947,0.79668,1
ILSVRC2012_val_00036342_with_ILSVRC2012_val_00021535_rank566,567,837,0.7492,197
ILSVRC2012_val_00036342_with_ILSVRC2012_val_00028696_rank794,597,367,0.04095,419
ILSVRC2012_val_00036342_with_ILSVRC2012_val_00021300_rank363,14,14,0.99672,0
ILSVRC2012_val_00036342_with_ILSVRC2012_val_00005144_rank978,462,696,0.18654,5
ILSVRC2012_val_00036342_with_ILSVRC2012_val_00023451_rank606,690,96,0.55696,458
ILSVRC2012_val_00036342_with_ILSVRC2012_val_00027502_rank966,772,772,0.34515,0
ILSVRC2012_val_00036342_with_ILSVRC2012_val_00018831_rank898,840,840,0.91748,0
ILSVRC2012_val_00036342_with_ILSVRC2012_val_00035237_rank973,575,554,0.21307,179
ILSVRC2012_val_00036342_with_ILSVRC2012_val_00027952_rank939,735,658,0.29837,8
ILSVRC2012_val_00036342_with_ILSVRC2012_val_00010167_rank954,775,748,0.17869,149
ILSVRC2012_val_00036342_with_ILSVRC2012_val_00036013_rank121,576,576,0.3255,0
ILSVRC2012_val_00036342_with_ILSVRC2012_val_00005352_rank872,417,367,0.04095,455
ILSVRC2012_val_00036342_with_ILSVRC2012_val_00026915_rank002,337,337,0.98855,0
ILSVRC2012_val_00036342_with_ILSVRC2012_val_00039327_rank154,995,995,0.47811,0
ILSVRC2012_val_00036342_with_ILSVRC2012_val_00017413_rank304,554,896,0.09518,582
ILSVRC2012_val_00036342_with_ILSVRC2012_val_00012575_rank895,723,723,0.21562,0
ILSVRC2012_val_00036342_with_ILSVRC2012_val_00034666_rank314,47,47,0.97974,0
ILSVRC2012_val_00036342_with_ILSVRC2012_val_00006112_rank013,286,286,0.70686,0
ILSVRC2012_val_00036342_with_ILSVRC2012_val_00044231_rank473,201,187,0.92345,1
ILSVRC2012_val_00036342_with_ILSVRC2012_val_00027908_rank094,386,43,0.10111,87
ILSVRC2012_val_00036342_with_ILSVRC2012_val_00002839_rank484,961,930,0.87377,1
ILSVRC2012_val_00036342_with_ILSVRC2012_val_00023692_rank129,73,73,0.49974,0
ILSVRC2012_val_00036342_with_ILSVRC2012_val_00003722_rank356,40,73,0.14695,135
ILSVRC2012_val_00036342_with_ILSVRC2012_val_00019133_rank822,601,695,0.0993,822
ILSVRC2012_val_00036342_with_ILSVRC2012_val_00012051_rank614,798,458,0.32552,13
ILSVRC2012_val_00036342_with_ILSVRC2012_val_00049936_rank275,391,87,0.68795,142
ILSVRC2012_val_00036342_with_ILSVRC2012_val_00030674_rank498,851,632,0.33112,13
ILSVRC2012_val_00036342_with_ILSVRC2012_val_00034402_rank645,122,122,0.89429,0
ILSVRC2012_val_00036342_with_ILSVRC2012_val_00047228_rank468,952,952,0.98647,0
ILSVRC2012_val_00036342_with_ILSVRC2012_val_00040444_rank323,42,313,0.19937,64
ILSVRC2012_val_00036342_with_ILSVRC2012_val_00047213_rank657,907,367,0.04095,363
ILSVRC2012_val_00036342_with_ILSVRC2012_val_00027920_rank336,124,365,0.36481,528
ILSVRC2012_val_00036342_with_ILSVRC2012_val_00048843_rank999,719,719,0.90082,0
ILSVRC2012_val_00036342_with_ILSVRC2012_val_00028399_rank762,566,618,0.19972,84
ILSVRC2012_val_00036342_with_ILSVRC2012_val_00006247_rank626,800,800,0.89917,0
ILSVRC2012_val_00036342_with_ILSVRC2012_val_00014899_rank819,886,943,0.06719,589
ILSVRC2012_val_00036342_with_ILSVRC2012_val_00031371_rank766,752,306,0.06747,379
ILSVRC2012_val_00036342_with_ILSVRC2012_val_00047755_rank881,253,253,0.676,0
ILSVRC2012_val_00036342_with_ILSVRC2012_val_00048644_rank254,128,313,0.07389,190
ILSVRC2012_val_00036342_with_ILSVRC2012_val_00019393_rank772,749,84,0.88239,49
ILSVRC2012_val_00036342_with_ILSVRC2012_val_00006914_rank324,928,719,0.59774,60
ILSVRC2012_val_00036342_with_ILSVRC2012_val_00001288_rank880,89,356,0.58152,486
ILSVRC2012_val_00036342_with_ILSVRC2012_val_00027005_rank071,6,904,0.0704,558
ILSVRC2012_val_00036342_with_ILSVRC2012_val_00003209_rank800,920,314,0.07528,507
ILSVRC2012_val_00036342_with_ILSVRC2012_val_00043554_rank447,586,586,0.99504,0
ILSVRC2012_val_00036342_with_ILSVRC2012_val_00033899_rank532,662,530,0.3055,21
ILSVRC2012_val_00036342_with_ILSVRC2012_val_00028566_rank854,736,736,0.99731,0
ILSVRC2012_val_00036342_with_ILSVRC2012_val_00038472_rank445,501,93,0.2713,757
ILSVRC2012_val_00036342_with_ILSVRC2012_val_00009761_rank665,473,473,0.86949,0
ILSVRC2012_val_00036342_with_ILSVRC2012_val_00006969_rank580,127,344,0.07885,113
ILSVRC2012_val_00036342_with_ILSVRC2012_val_00031215_rank459,457,457,0.76895,0
ILSVRC2012_val_00036342_with_ILSVRC2012_val_00029709_rank220,12,85,0.2178,10
ILSVRC2012_val_00036342_with_ILSVRC2012_val_00044565_rank107,133,133,0.64234,0
ILSVRC2012_val_00036342_with_ILSVRC2012_val_00040289_rank088,381,365,0.23814,13
ILSVRC2012_val_00036342_with_ILSVRC2012_val_00030625_rank939,735,7,0.27703,194
ILSVRC2012_val_00036342_with_ILSVRC2012_val_00012475_rank051,135,135,0.80114,0
ILSVRC2012_val_00036342_with_ILSVRC2012_val_00022780_rank069,331,331,0.99562,0
ILSVRC2012_val_00036342_with_ILSVRC2012_val_00030412_rank214,170,367,0.04095,94
ILSVRC2012_val_00036342_with_ILSVRC2012_val_00001533_rank567,803,561,0.66453,13
ILSVRC2012_val_00036342_with_ILSVRC2012_val_00004137_rank091,349,349,0.62237,0
ILSVRC2012_val_00036342_with_ILSVRC2012_val_00037741_rank968,542,232,0.0776,838
ILSVRC2012_val_00036342_with_ILSVRC2012_val_00038985_rank634,633,778,0.12091,149
ILSVRC2012_val_00036342_with_ILSVRC2012_val_00045094_rank315,204,160,0.58915,25
ILSVRC2012_val_00036342_with_ILSVRC2012_val_00047893_rank598,751,751,0.86098,0
ILSVRC2012_val_00036342_with_ILSVRC2012_val_00031367_rank672,596,618,0.21813,54
ILSVRC2012_val_00036342_with_ILSVRC2012_val_00028220_rank123,291,291,0.98906,0
ILSVRC2012_val_00036342_with_ILSVRC2012_val_00004868_rank763,511,817,0.90833,1
ILSVRC2012_val_00036342_with_ILSVRC2012_val_00023083_rank503,855,367,0.04095,668
ILSVRC2012_val_00036342_with_ILSVRC2012_val_00035385_rank862,781,367,0.08172,217
ILSVRC2012_val_00036342_with_ILSVRC2012_val_00047585_rank561,197,197,0.41639,0
ILSVRC2012_val_00036342_with_ILSVRC2012_val_00032952_rank007,298,298,0.97932,0
ILSVRC2012_val_00036342_with_ILSVRC2012_val_00015247_rank615,631,695,0.1236,735
ILSVRC2012_val_00036342_with_ILSVRC2012_val_00039317_rank857,714,199,0.143,696
ILSVRC2012_val_00036342_with_ILSVRC2012_val_00022560_rank594,572,440,0.71044,41
ILSVRC2012_val_00036342_with_ILSVRC2012_val_00011370_rank826,441,441,0.65714,0
ILSVRC2012_val_00036342_with_ILSVRC2012_val_00014179_rank716,411,411,0.13042,0
ILSVRC2012_val_00036342_with_ILSVRC2012_val_00007338_rank912,792,618,0.06645,26
ILSVRC2012_val_00036342_with_ILSVRC2012_val_00047343_rank194,992,992,0.67237,0
ILSVRC2012_val_00036342_with_ILSVRC2012_val_00002744_rank335,931,931,0.84865,0
ILSVRC2012_val_00036342_with_ILSVRC2012_val_00044249_rank258,248,248,0.42148,0
ILSVRC2012_val_00036342_with_ILSVRC2012_val_00009692_rank151,62,60,0.34153,3
ILSVRC2012_val_00036342_with_ILSVRC2012_val_00008201_rank222,202,202,0.80663,0
ILSVRC2012_val_00036342_with_ILSVRC2012_val_00042575_rank615,631,367,0.04095,972
ILSVRC2012_val_00036342_with_ILSVRC2012_val_00035540_rank253,13,367,0.04095,129
ILSVRC2012_val_00036342_with_ILSVRC2012_val_00000196_rank169,396,396,0.98617,0
ILSVRC2012_val_00036342_with_ILSVRC2012_val_00006368_rank837,934,934,0.8703,0
ILSVRC2012_val_00036342_with_ILSVRC2012_val_00010608_rank359,947,947,0.84312,0
ILSVRC2012_val_00036342_with_ILSVRC2012_val_00032621_rank228,109,5,0.2738,13
ILSVRC2012_val_00036342_with_ILSVRC2012_val_00045385_rank595,887,887,0.50785,0
ILSVRC2012_val_00036342_with_ILSVRC2012_val_00041734_rank668,842,367,0.0323,817
ILSVRC2012_val_00036342_with_ILSVRC2012_val_00037065_rank335,931,931,0.40483,0
ILSVRC2012_val_00036342_with_ILSVRC2012_val_00045605_rank967,832,832,0.66101,0
ILSVRC2012_val_00036342_with_ILSVRC2012_val_00005662_rank483,235,235,0.75839,0
ILSVRC2012_val_00036342_with_ILSVRC2012_val_00047139_rank845,589,344,0.04669,870
ILSVRC2012_val_00036342_with_ILSVRC2012_val_00044060_rank702,984,566,0.21465,538
ILSVRC2012_val_00036342_with_ILSVRC2012_val_00046455_rank169,396,396,0.98053,0
ILSVRC2012_val_00036342_with_ILSVRC2012_val_00015612_rank792,770,770,0.20091,0
ILSVRC2012_val_00036342_with_ILSVRC2012_val_00046257_rank307,52,52,0.75898,0
ILSVRC2012_val_00036342_with_ILSVRC2012_val_00037009_rank274,117,117,0.99488,0
ILSVRC2012_val_00036342_with_ILSVRC2012_val_00021036_rank796,489,237,0.47655,393
ILSVRC2012_val_00036342_with_ILSVRC2012_val_00037379_rank306,134,134,0.44848,0
ILSVRC2012_val_00036342_with_ILSVRC2012_val_00030805_rank579,710,50,0.16283,741
ILSVRC2012_val_00036342_with_ILSVRC2012_val_00023169_rank632,881,579,0.51862,1
ILSVRC2012_val_00036342_with_ILSVRC2012_val_00025542_rank028,388,388,0.99738,0
ILSVRC2012_val_00036342_with_ILSVRC2012_val_00033956_rank764,670,491,0.13523,76
ILSVRC2012_val_00036342_with_ILSVRC2012_val_00002919_rank787,647,647,0.91719,0
ILSVRC2012_val_00036342_with_ILSVRC2012_val_00031324_rank646,689,367,0.04136,628
ILSVRC2012_val_00036342_with_ILSVRC2012_val_00024061_rank484,961,695,0.04205,967
ILSVRC2012_val_00036342_with_ILSVRC2012_val_00043469_rank520,590,367,0.04095,478
ILSVRC2012_val_00036342_with_ILSVRC2012_val_00028646_rank541,503,367,0.04095,931
ILSVRC2012_val_00036342_with_ILSVRC2012_val_00035360_rank137,208,161,0.08877,38
ILSVRC2012_val_00036342_with_ILSVRC2012_val_00016613_rank763,511,511,0.48448,0
ILSVRC2012_val_00036342_with_ILSVRC2012_val_00007686_rank927,765,765,0.79267,0
ILSVRC2012_val_00036342_with_ILSVRC2012_val_00018955_rank154,995,995,0.95832,0
ILSVRC2012_val_00036342_with_ILSVRC2012_val_00020578_rank580,127,127,0.4928,0
ILSVRC2012_val_00036342_with_ILSVRC2012_val_00039261_rank400,95,95,0.41989,0
ILSVRC2012_val_00036342_with_ILSVRC2012_val_00003169_rank183,24,879,0.81403,890
ILSVRC2012_val_00036342_with_ILSVRC2012_val_00039828_rank954,775,775,0.90408,0
ILSVRC2012_val_00036342_with_ILSVRC2012_val_00031693_rank090,175,192,0.21924,38
ILSVRC2012_val_00036342_with_ILSVRC2012_val_00018532_rank333,101,274,0.17121,49
ILSVRC2012_val_00036342_with_ILSVRC2012_val_00009341_rank603,923,964,0.29482,10
ILSVRC2012_val_00036342_with_ILSVRC2012_val_00048162_rank103,272,272,0.64246,0
ILSVRC2012_val_00036342_with_ILSVRC2012_val_00018485_rank975,112,462,0.19874,181
ILSVRC2012_val_00036342_with_ILSVRC2012_val_00037420_rank200,19,282,0.06713,551
ILSVRC2012_val_00036342_with_ILSVRC2012_val_00004696_rank722,858,858,0.82361,0
ILSVRC2012_val_00036342_with_ILSVRC2012_val_00027636_rank720,648,398,0.20387,111
ILSVRC2012_val_00036342_with_ILSVRC2012_val_00036044_rank505,93,93,0.99631,0
ILSVRC2012_val_00036342_with_ILSVRC2012_val_00034780_rank432,361,361,0.97576,0
ILSVRC2012_val_00036342_with_ILSVRC2012_val_00000044_rank259,198,196,0.93152,2
ILSVRC2012_val_00036342_with_ILSVRC2012_val_00018130_rank338,991,991,0.89487,0
ILSVRC2012_val_00036342_with_ILSVRC2012_val_00018578_rank017,147,6,0.10715,38
ILSVRC2012_val_00036342_with_ILSVRC2012_val_00016622_rank216,44,38,0.8878,2
ILSVRC2012_val_00036342_with_ILSVRC2012_val_00037344_rank879,843,88,0.24149,81
ILSVRC2012_val_00036342_with_ILSVRC2012_val_00015459_rank432,361,361,0.99428,0
ILSVRC2012_val_00036342_with_ILSVRC2012_val_00029683_rank124,278,51,0.3079,198
ILSVRC2012_val_00036342_with_ILSVRC2012_val_00008440_rank686,998,998,0.63644,0
ILSVRC2012_val_00036342_with_ILSVRC2012_val_00011286_rank613,773,773,0.79746,0
ILSVRC2012_val_00036342_with_ILSVRC2012_val_00037111_rank102,181,367,0.04095,526
ILSVRC2012_val_00036342_with_ILSVRC2012_val_00008810_rank317,55,64,0.53825,1
ILSVRC2012_val_00036342_with_ILSVRC2012_val_00027644_rank359,947,314,0.05201,166
ILSVRC2012_val_00036342_with_ILSVRC2012_val_00006511_rank868,565,565,0.99746,0
ILSVRC2012_val_00036342_with_ILSVRC2012_val_00039683_rank532,662,344,0.08414,662
ILSVRC2012_val_00036342_with_ILSVRC2012_val_00013610_rank361,94,367,0.04095,397
ILSVRC2012_val_00036342_with_ILSVRC2012_val_00049759_rank987,530,530,0.98695,0
ILSVRC2012_val_00036342_with_ILSVRC2012_val_00020556_rank348,185,185,0.76566,0
ILSVRC2012_val_00036342_with_ILSVRC2012_val_00047878_rank345,10,10,0.95228,0
ILSVRC2012_val_00036342_with_ILSVRC2012_val_00049848_rank963,520,516,0.13217,1
ILSVRC2012_val_00036342_with_ILSVRC2012_val_00040798_rank275,391,391,0.98936,0
ILSVRC2012_val_00036342_with_ILSVRC2012_val_00047804_rank061,277,211,0.54101,50
ILSVRC2012_val_00036342_with_ILSVRC2012_val_00038795_rank618,517,199,0.02674,849
ILSVRC2012_val_00036342_with_ILSVRC2012_val_00012088_rank455,595,847,0.27062,11
ILSVRC2012_val_00036342_with_ILSVRC2012_val_00040205_rank550,23,743,0.09092,671
ILSVRC2012_val_00036342_with_ILSVRC2012_val_00040805_rank516,316,316,0.99811,0
ILSVRC2012_val_00036342_with_ILSVRC2012_val_00001322_rank979,637,356,0.2267,977
ILSVRC2012_val_00036342_with_ILSVRC2012_val_00028560_rank635,909,71,0.21163,233
ILSVRC2012_val_00036342_with_ILSVRC2012_val_00014050_rank132,155,155,0.7879,0
ILSVRC2012_val_00036342_with_ILSVRC2012_val_00008521_rank254,128,128,0.98333,0
ILSVRC2012_val_00036342_with_ILSVRC2012_val_00019207_rank604,707,367,0.04095,410
ILSVRC2012_val_00036342_with_ILSVRC2012_val_00023804_rank754,953,953,0.94266,0
ILSVRC2012_val_00036342_with_ILSVRC2012_val_00043116_rank798,423,423,0.95489,0
ILSVRC2012_val_00036342_with_ILSVRC2012_val_00000891_rank518,932,932,0.89857,0
ILSVRC2012_val_00036342_with_ILSVRC2012_val_00006990_rank822,601,601,0.05171,0
ILSVRC2012_val_00036342_with_ILSVRC2012_val_00008287_rank580,127,341,0.20384,590
ILSVRC2012_val_00036342_with_ILSVRC2012_val_00010243_rank351,618,85,0.12436,693
ILSVRC2012_val_00036342_with_ILSVRC2012_val_00031865_rank070,274,274,0.31818,0
ILSVRC2012_val_00036342_with_ILSVRC2012_val_00018862_rank060,206,206,0.99839,0
ILSVRC2012_val_00036342_with_ILSVRC2012_val_00033565_rank033,148,148,0.91712,0
ILSVRC2012_val_00036342_with_ILSVRC2012_val_00002072_rank108,285,285,0.59809,0
ILSVRC2012_val_00036342_with_ILSVRC2012_val_00033884_rank048,269,269,0.44785,0
ILSVRC2012_val_00036342_with_ILSVRC2012_val_00047805_rank961,826,826,0.63461,0
ILSVRC2012_val_00036342_with_ILSVRC2012_val_00037291_rank887,861,861,0.32211,0
ILSVRC2012_val_00036342_with_ILSVRC2012_val_00021977_rank685,889,889,0.47586,0
ILSVRC2012_val_00036342_with_ILSVRC2012_val_00017227_rank189,182,367,0.04095,145
ILSVRC2012_val_00036342_with_ILSVRC2012_val_00022341_rank198,213,356,0.28487,169
ILSVRC2012_val_00036342_with_ILSVRC2012_val_00027228_rank024,58,58,0.26351,0
ILSVRC2012_val_00036342_with_ILSVRC2012_val_00048697_rank799,570,570,0.47372,0
ILSVRC2012_val_00036342_with_ILSVRC2012_val_00006868_rank851,657,395,0.21199,516
ILSVRC2012_val_00036342_with_ILSVRC2012_val_00030188_rank007,298,209,0.46614,128
ILSVRC2012_val_00036342_with_ILSVRC2012_val_00012813_rank611,834,93,0.5905,609
ILSVRC2012_val_00036342_with_ILSVRC2012_val_00047524_rank548,963,963,0.9731,0
ILSVRC2012_val_00036342_with_ILSVRC2012_val_00028570_rank309,90,738,0.12298,122
ILSVRC2012_val_00036342_with_ILSVRC2012_val_00013243_rank331,199,367,0.04095,125
ILSVRC2012_val_00036342_with_ILSVRC2012_val_00027946_rank388,81,81,0.43232,0
ILSVRC2012_val_00036342_with_ILSVRC2012_val_00010576_rank106,365,387,0.1326,12
ILSVRC2012_val_00036342_with_ILSVRC2012_val_00029793_rank601,870,870,0.89435,0
ILSVRC2012_val_00036342_with_ILSVRC2012_val_00017032_rank254,128,23,0.60737,9
ILSVRC2012_val_00036342_with_ILSVRC2012_val_00020757_rank112,390,390,0.11481,0
ILSVRC2012_val_00036342_with_ILSVRC2012_val_00038612_rank631,812,812,0.33008,0
ILSVRC2012_val_00036342_with_ILSVRC2012_val_00017230_rank002,337,337,0.86753,0
ILSVRC2012_val_00036342_with_ILSVRC2012_val_00015361_rank378,962,962,0.98993,0
ILSVRC2012_val_00036342_with_ILSVRC2012_val_00036264_rank347,222,257,0.22999,1
ILSVRC2012_val_00036342_with_ILSVRC2012_val_00048347_rank361,94,94,0.98452,0
ILSVRC2012_val_00036342_with_ILSVRC2012_val_00032897_rank877,447,667,0.56799,87
ILSVRC2012_val_00036342_with_ILSVRC2012_val_00005452_rank958,823,506,0.14161,347
ILSVRC2012_val_00036342_with_ILSVRC2012_val_00046662_rank847,600,616,0.22715,3
ILSVRC2012_val_00036342_with_ILSVRC2012_val_00019465_rank604,707,367,0.04095,410
ILSVRC2012_val_00036342_with_ILSVRC2012_val_00008719_rank035,48,48,0.94671,0
ILSVRC2012_val_00036342_with_ILSVRC2012_val_00042187_rank065,335,356,0.02808,10
ILSVRC2012_val_00036342_with_ILSVRC2012_val_00046905_rank455,595,561,0.51416,9
ILSVRC2012_val_00036342_with_ILSVRC2012_val_00007174_rank075,371,371,0.84845,0
ILSVRC2012_val_00036342_with_ILSVRC2012_val_00045235_rank694,660,448,0.46317,67
ILSVRC2012_val_00036342_with_ILSVRC2012_val_00023921_rank902,722,253,0.11727,661
ILSVRC2012_val_00036342_with_ILSVRC2012_val_00045335_rank021,106,106,0.85001,0
ILSVRC2012_val_00036342_with_ILSVRC2012_val_00031326_rank540,526,526,0.20672,0
ILSVRC2012_val_00036342_with_ILSVRC2012_val_00040025_rank022,100,86,0.17487,331
ILSVRC2012_val_00036342_with_ILSVRC2012_val_00024570_rank934,419,419,0.97032,0
ILSVRC2012_val_00036342_with_ILSVRC2012_val_00029045_rank757,528,528,0.98041,0
ILSVRC2012_val_00036342_with_ILSVRC2012_val_00004060_rank102,181,181,0.39251,0
ILSVRC2012_val_00036342_with_ILSVRC2012_val_00020860_rank494,492,227,0.02695,656
ILSVRC2012_val_00036342_with_ILSVRC2012_val_00016183_rank215,26,29,0.56658,5
ILSVRC2012_val_00036342_with_ILSVRC2012_val_00039746_rank459,457,457,0.9912,0
ILSVRC2012_val_00036342_with_ILSVRC2012_val_00010078_rank094,386,743,0.13771,285
ILSVRC2012_val_00036342_with_ILSVRC2012_val_00044364_rank104,276,276,0.9835,0
ILSVRC2012_val_00036342_with_ILSVRC2012_val_00011003_rank540,526,743,0.07536,670
ILSVRC2012_val_00036342_with_ILSVRC2012_val_00005457_rank068,195,195,0.96261,0
ILSVRC2012_val_00036342_with_ILSVRC2012_val_00009459_rank182,973,728,0.07727,407
ILSVRC2012_val_00036342_with_ILSVRC2012_val_00034049_rank588,203,186,0.23074,11
ILSVRC2012_val_00036342_with_ILSVRC2012_val_00002577_rank994,632,632,0.3999,0
ILSVRC2012_val_00036342_with_ILSVRC2012_val_00019389_rank044,141,141,0.97054,0
ILSVRC2012_val_00036342_with_ILSVRC2012_val_00044778_rank572,899,470,0.46887,71
ILSVRC2012_val_00036342_with_ILSVRC2012_val_00008148_rank175,220,220,0.94328,0
ILSVRC2012_val_00036342_with_ILSVRC2012_val_00023382_rank743,763,763,0.98708,0
ILSVRC2012_val_00036342_with_ILSVRC2012_val_00046183_rank593,957,957,0.97987,0
ILSVRC2012_val_00036342_with_ILSVRC2012_val_00020283_rank304,554,488,0.07192,731
ILSVRC2012_val_00036342_with_ILSVRC2012_val_00004346_rank964,545,545,0.73454,0
ILSVRC2012_val_00036342_with_ILSVRC2012_val_00024882_rank969,738,738,0.92924,0
ILSVRC2012_val_00036342_with_ILSVRC2012_val_00049598_rank101,119,119,0.73367,0
ILSVRC2012_val_00036342_with_ILSVRC2012_val_00005677_rank938,697,245,0.47615,760
ILSVRC2012_val_00036342_with_ILSVRC2012_val_00006905_rank998,731,572,0.29691,96
ILSVRC2012_val_00036342_with_ILSVRC2012_val_00001012_rank914,444,870,0.15249,4
ILSVRC2012_val_00036342_with_ILSVRC2012_val_00048658_rank021,106,150,0.21004,103
ILSVRC2012_val_00036342_with_ILSVRC2012_val_00027135_rank403,568,354,0.18998,78
ILSVRC2012_val_00036342_with_ILSVRC2012_val_00015497_rank600,583,367,0.04095,188
ILSVRC2012_val_00036342_with_ILSVRC2012_val_00017264_rank508,304,367,0.04095,305
ILSVRC2012_val_00036342_with_ILSVRC2012_val_00011173_rank973,575,870,0.67549,29
ILSVRC2012_val_00036342_with_ILSVRC2012_val_00045867_rank986,795,456,0.04606,12
ILSVRC2012_val_00036342_with_ILSVRC2012_val_00032462_rank371,484,871,0.19729,1
ILSVRC2012_val_00036342_with_ILSVRC2012_val_00014193_rank772,749,749,0.9965,0
ILSVRC2012_val_00036342_with_ILSVRC2012_val_00038908_rank802,915,915,0.64703,0
ILSVRC2012_val_00036342_with_ILSVRC2012_val_00048680_rank327,686,618,0.09215,980
ILSVRC2012_val_00036342_with_ILSVRC2012_val_00039093_rank127,77,77,0.49459,0
ILSVRC2012_val_00036342_with_ILSVRC2012_val_00028408_rank186,254,367,0.12418,185
ILSVRC2012_val_00036342_with_ILSVRC2012_val_00041567_rank541,503,367,0.04087,931
ILSVRC2012_val_00036342_with_ILSVRC2012_val_00045319_rank765,658,806,0.21609,1
ILSVRC2012_val_00036342_with_ILSVRC2012_val_00006461_rank864,982,667,0.34969,32
ILSVRC2012_val_00036342_with_ILSVRC2012_val_00040909_rank279,240,240,0.77307,0
ILSVRC2012_val_00036342_with_ILSVRC2012_val_00016503_rank944,577,367,0.04095,370
ILSVRC2012_val_00036342_with_ILSVRC2012_val_00047193_rank123,291,291,0.92007,0
ILSVRC2012_val_00036342_with_ILSVRC2012_val_00010103_rank851,657,403,0.88848,8
ILSVRC2012_val_00036342_with_ILSVRC2012_val_00024517_rank801,671,870,0.45532,11
ILSVRC2012_val_00036342_with_ILSVRC2012_val_00045589_rank550,23,23,0.93652,0
ILSVRC2012_val_00036342_with_ILSVRC2012_val_00049432_rank808,868,455,0.07192,59
ILSVRC2012_val_00036342_with_ILSVRC2012_val_00005592_rank497,847,847,0.76647,0
ILSVRC2012_val_00036342_with_ILSVRC2012_val_00029648_rank551,165,210,0.49172,19
ILSVRC2012_val_00036342_with_ILSVRC2012_val_00047021_rank093,293,293,0.61717,0
ILSVRC2012_val_00036342_with_ILSVRC2012_val_00042333_rank445,501,367,0.04927,763
ILSVRC2012_val_00036342_with_ILSVRC2012_val_00037160_rank809,436,436,0.89237,0
ILSVRC2012_val_00036342_with_ILSVRC2012_val_00010693_rank294,225,163,0.45856,11
ILSVRC2012_val_00036342_with_ILSVRC2012_val_00030476_rank235,251,285,0.06883,55
ILSVRC2012_val_00036342_with_ILSVRC2012_val_00005109_rank094,386,385,0.53109,1
ILSVRC2012_val_00036342_with_ILSVRC2012_val_00030857_rank370,972,282,0.03637,676
ILSVRC2012_val_00036342_with_ILSVRC2012_val_00003268_rank024,58,52,0.34344,4
ILSVRC2012_val_00036342_with_ILSVRC2012_val_00035285_rank374,746,367,0.13336,433
ILSVRC2012_val_00036342_with_ILSVRC2012_val_00044179_rank974,636,428,0.64385,155
ILSVRC2012_val_00036342_with_ILSVRC2012_val_00020450_rank722,858,448,0.21351,42
ILSVRC2012_val_00036342_with_ILSVRC2012_val_00012229_rank260,45,45,0.89298,0
ILSVRC2012_val_00036342_with_ILSVRC2012_val_00027233_rank027,279,284,0.41887,29
ILSVRC2012_val_00036342_with_ILSVRC2012_val_00037911_rank669,666,367,0.03904,464
ILSVRC2012_val_00036342_with_ILSVRC2012_val_00018070_rank700,777,744,0.45178,27
ILSVRC2012_val_00036342_with_ILSVRC2012_val_00016163_rank656,688,688,0.9793,0
ILSVRC2012_val_00036342_with_ILSVRC2012_val_00028528_rank742,716,716,0.70866,0
ILSVRC2012_val_00036342_with_ILSVRC2012_val_00015250_rank265,403,562,0.08837,154
ILSVRC2012_val_00036342_with_ILSVRC2012_val_00006568_rank648,605,605,0.99024,0
ILSVRC2012_val_00036342_with_ILSVRC2012_val_00024028_rank618,517,367,0.04095,715
ILSVRC2012_val_00036342_with_ILSVRC2012_val_00000587_rank499,905,594,0.0587,179
ILSVRC2012_val_00036342_with_ILSVRC2012_val_00012380_rank134,256,256,0.69223,0
ILSVRC2012_val_00036342_with_ILSVRC2012_val_00032676_rank646,689,689,0.53563,0
ILSVRC2012_val_00036342_with_ILSVRC2012_val_00011024_rank358,212,728,0.06224,407
ILSVRC2012_val_00036342_with_ILSVRC2012_val_00025122_rank504,321,321,0.94993,0
ILSVRC2012_val_00036342_with_ILSVRC2012_val_00009704_rank976,804,804,0.96504,0
ILSVRC2012_val_00036342_with_ILSVRC2012_val_00048676_rank426,303,303,0.67136,0
ILSVRC2012_val_00036342_with_ILSVRC2012_val_00041166_rank791,486,367,0.04095,543
ILSVRC2012_val_00036342_with_ILSVRC2012_val_00049776_rank381,15,15,0.98955,0
ILSVRC2012_val_00036342_with_ILSVRC2012_val_00015022_rank227,305,367,0.04095,169
ILSVRC2012_val_00036342_with_ILSVRC2012_val_00016870_rank953,614,341,0.06474,916
ILSVRC2012_val_00036342_with_ILSVRC2012_val_00032590_rank410,694,694,0.23779,0
ILSVRC2012_val_00036342_with_ILSVRC2012_val_00021541_rank163,449,367,0.20523,900
ILSVRC2012_val_00036342_with_ILSVRC2012_val_00013244_rank984,409,367,0.04118,739
ILSVRC2012_val_00036342_with_ILSVRC2012_val_00028093_rank386,821,821,0.46102,0
ILSVRC2012_val_00036342_with_ILSVRC2012_val_00002704_rank450,712,574,0.13443,108
ILSVRC2012_val_00036342_with_ILSVRC2012_val_00011985_rank243,152,152,0.92159,0
ILSVRC2012_val_00036342_with_ILSVRC2012_val_00000713_rank253,13,13,0.98776,0
ILSVRC2012_val_00036342_with_ILSVRC2012_val_00004190_rank087,378,356,0.05334,31
ILSVRC2012_val_00036342_with_ILSVRC2012_val_00038291_rank008,294,850,0.20148,136
ILSVRC2012_val_00036342_with_ILSVRC2012_val_00003772_rank834,430,430,0.76035,0
ILSVRC2012_val_00036342_with_ILSVRC2012_val_00005390_rank250,229,229,0.99633,0
ILSVRC2012_val_00036342_with_ILSVRC2012_val_00031679_rank348,185,185,0.92488,0
ILSVRC2012_val_00036342_with_ILSVRC2012_val_00022051_rank638,857,367,0.09264,584
ILSVRC2012_val_00036342_with_ILSVRC2012_val_00010146_rank720,648,674,0.43772,416
ILSVRC2012_val_00036342_with_ILSVRC2012_val_00023062_rank040,342,341,0.52968,1
ILSVRC2012_val_00036342_with_ILSVRC2012_val_00043128_rank255,649,367,0.04909,268
ILSVRC2012_val_00036342_with_ILSVRC2012_val_00022809_rank511,488,488,0.44415,0
ILSVRC2012_val_00036342_with_ILSVRC2012_val_00031982_rank964,545,545,0.36487,0
ILSVRC2012_val_00036342_with_ILSVRC2012_val_00016702_rank994,632,632,0.99294,0
ILSVRC2012_val_00036342_with_ILSVRC2012_val_00017302_rank565,745,745,0.44249,0
ILSVRC2012_val_00036342_with_ILSVRC2012_val_00024384_rank848,630,5,0.06952,258
ILSVRC2012_val_00036342_with_ILSVRC2012_val_00025066_rank175,220,220,0.95392,0
ILSVRC2012_val_00036342_with_ILSVRC2012_val_00015101_rank407,876,618,0.41032,81
ILSVRC2012_val_00036342_with_ILSVRC2012_val_00035991_rank999,719,719,0.33431,0
ILSVRC2012_val_00036342_with_ILSVRC2012_val_00024419_rank960,880,677,0.19841,707
ILSVRC2012_val_00036342_with_ILSVRC2012_val_00035701_rank425,856,471,0.47373,14
ILSVRC2012_val_00036342_with_ILSVRC2012_val_00033920_rank340,404,404,0.9716,0
ILSVRC2012_val_00036342_with_ILSVRC2012_val_00000105_rank473,201,367,0.04095,219
ILSVRC2012_val_00036342_with_ILSVRC2012_val_00040235_rank660,768,890,0.33977,3
ILSVRC2012_val_00036342_with_ILSVRC2012_val_00032317_rank010,358,356,0.38804,1
ILSVRC2012_val_00036342_with_ILSVRC2012_val_00013968_rank376,463,463,0.9702,0
ILSVRC2012_val_00036342_with_ILSVRC2012_val_00007065_rank357,78,78,0.90048,0
ILSVRC2012_val_00036342_with_ILSVRC2012_val_00016084_rank018,359,359,0.38133,0
ILSVRC2012_val_00036342_with_ILSVRC2012_val_00023012_rank175,220,220,0.81316,0
ILSVRC2012_val_00036342_with_ILSVRC2012_val_00030567_rank421,162,162,0.77,0
ILSVRC2012_val_00036342_with_ILSVRC2012_val_00027737_rank030,97,97,0.07607,0
ILSVRC2012_val_00036342_with_ILSVRC2012_val_00048035_rank063,369,367,0.04095,2
ILSVRC2012_val_00036342_with_ILSVRC2012_val_00015522_rank490,924,924,0.14052,0
ILSVRC2012_val_00036342_with_ILSVRC2012_val_00028149_rank943,813,618,0.6722,4
ILSVRC2012_val_00036342_with_ILSVRC2012_val_00016472_rank781,910,924,0.50858,28
ILSVRC2012_val_00036342_with_ILSVRC2012_val_00021770_rank603,923,964,0.53635,10
ILSVRC2012_val_00036342_with_ILSVRC2012_val_00031824_rank393,92,367,0.04095,378
ILSVRC2012_val_00036342_with_ILSVRC2012_val_00019810_rank107,133,133,0.9784,0
ILSVRC2012_val_00036342_with_ILSVRC2012_val_00042266_rank854,736,464,0.15483,308
ILSVRC2012_val_00036342_with_ILSVRC2012_val_00026306_rank746,683,683,0.95343,0
ILSVRC2012_val_00036342_with_ILSVRC2012_val_00035749_rank405,167,162,0.31374,2
ILSVRC2012_val_00036342_with_ILSVRC2012_val_00022048_rank663,783,783,0.90688,0
ILSVRC2012_val_00036342_with_ILSVRC2012_val_00034840_rank120,35,36,0.70112,2
ILSVRC2012_val_00036342_with_ILSVRC2012_val_00015830_rank220,12,12,0.31686,0
ILSVRC2012_val_00036342_with_ILSVRC2012_val_00041351_rank214,170,181,0.31481,17
ILSVRC2012_val_00036342_with_ILSVRC2012_val_00025890_rank464,491,491,0.96206,0
ILSVRC2012_val_00036342_with_ILSVRC2012_val_00018259_rank942,678,676,0.26004,22
ILSVRC2012_val_00036342_with_ILSVRC2012_val_00033350_rank118,383,383,0.18837,0
ILSVRC2012_val_00036342_with_ILSVRC2012_val_00048674_rank370,972,10,0.37587,442
ILSVRC2012_val_00036342_with_ILSVRC2012_val_00033148_rank415,533,533,0.70685,0
ILSVRC2012_val_00036342_with_ILSVRC2012_val_00028621_rank359,947,947,0.90525,0
ILSVRC2012_val_00036342_with_ILSVRC2012_val_00009840_rank924,902,558,0.21017,3
ILSVRC2012_val_00036342_with_ILSVRC2012_val_00008904_rank383,839,576,0.19578,68
ILSVRC2012_val_00036342_with_ILSVRC2012_val_00002552_rank776,432,696,0.08724,23
ILSVRC2012_val_00036342_with_ILSVRC2012_val_00014195_rank096,397,397,0.96562,0
ILSVRC2012_val_00036342_with_ILSVRC2012_val_00026108_rank153,382,382,0.66057,0
ILSVRC2012_val_00036342_with_ILSVRC2012_val_00046795_rank302,223,223,0.21074,0
ILSVRC2012_val_00036342_with_ILSVRC2012_val_00000943_rank357,78,78,0.9941,0
ILSVRC2012_val_00036342_with_ILSVRC2012_val_00043871_rank618,517,904,0.08859,218
ILSVRC2012_val_00036342_with_ILSVRC2012_val_00019868_rank550,23,23,0.95128,0
ILSVRC2012_val_00036342_with_ILSVRC2012_val_00039085_rank104,276,276,0.9887,0
ILSVRC2012_val_00036342_with_ILSVRC2012_val_00009001_rank278,625,472,0.33,23
ILSVRC2012_val_00036342_with_ILSVRC2012_val_00013675_rank105,36,36,0.43865,0
ILSVRC2012_val_00036342_with_ILSVRC2012_val_00049278_rank226,345,345,0.99815,0
ILSVRC2012_val_00036342_with_ILSVRC2012_val_00009016_rank683,938,938,0.9964,0
ILSVRC2012_val_00036342_with_ILSVRC2012_val_00037072_rank626,800,800,0.52146,0
ILSVRC2012_val_00036342_with_ILSVRC2012_val_00005236_rank046,144,144,0.97187,0
ILSVRC2012_val_00036342_with_ILSVRC2012_val_00037955_rank292,780,780,0.91779,0
ILSVRC2012_val_00036342_with_ILSVRC2012_val_00018736_rank522,255,255,0.43797,0
ILSVRC2012_val_00036342_with_ILSVRC2012_val_00030839_rank620,474,367,0.04095,705
ILSVRC2012_val_00036342_with_ILSVRC2012_val_00007937_rank205,64,64,0.63382,0
ILSVRC2012_val_00036342_with_ILSVRC2012_val_00022124_rank003,357,360,0.29888,2
ILSVRC2012_val_00036342_with_ILSVRC2012_val_00022995_rank498,851,664,0.11,4
ILSVRC2012_val_00036342_with_ILSVRC2012_val_00021013_rank789,546,50,0.1035,291
ILSVRC2012_val_00036342_with_ILSVRC2012_val_00012306_rank969,738,738,0.78746,0
ILSVRC2012_val_00036342_with_ILSVRC2012_val_00032464_rank214,170,170,0.96389,0
ILSVRC2012_val_00036342_with_ILSVRC2012_val_00032667_rank688,18,18,0.98093,0
ILSVRC2012_val_00036342_with_ILSVRC2012_val_00002358_rank560,481,367,0.07863,650
ILSVRC2012_val_00036342_with_ILSVRC2012_val_00000421_rank927,765,765,0.97895,0
ILSVRC2012_val_00036342_with_ILSVRC2012_val_00041289_rank523,759,633,0.21967,5
ILSVRC2012_val_00036342_with_ILSVRC2012_val_00044553_rank070,274,274,0.99549,0
ILSVRC2012_val_00036342_with_ILSVRC2012_val_00049593_rank709,594,594,0.40449,0
ILSVRC2012_val_00036342_with_ILSVRC2012_val_00029495_rank381,15,15,0.93712,0
ILSVRC2012_val_00036342_with_ILSVRC2012_val_00016354_rank162,283,283,0.96465,0
ILSVRC2012_val_00036342_with_ILSVRC2012_val_00018712_rank887,861,367,0.04095,858
ILSVRC2012_val_00036342_with_ILSVRC2012_val_00020078_rank519,941,941,0.93708,0
ILSVRC2012_val_00036342_with_ILSVRC2012_val_00039846_rank161,347,341,0.63193,28
ILSVRC2012_val_00036342_with_ILSVRC2012_val_00024017_rank771,541,514,0.17107,129
ILSVRC2012_val_00036342_with_ILSVRC2012_val_00041752_rank826,441,441,0.78099,0
ILSVRC2012_val_00036342_with_ILSVRC2012_val_00012946_rank961,826,826,0.92538,0
ILSVRC2012_val_00036342_with_ILSVRC2012_val_00044081_rank872,417,417,0.95603,0
ILSVRC2012_val_00036342_with_ILSVRC2012_val_00043490_rank970,818,332,0.13142,867
ILSVRC2012_val_00036342_with_ILSVRC2012_val_00008884_rank733,461,469,0.11782,17
ILSVRC2012_val_00036342_with_ILSVRC2012_val_00037472_rank993,608,367,0.04095,312
ILSVRC2012_val_00036342_with_ILSVRC2012_val_00018233_rank093,293,293,0.92149,0
ILSVRC2012_val_00036342_with_ILSVRC2012_val_00026128_rank876,866,428,0.43107,28
ILSVRC2012_val_00036342_with_ILSVRC2012_val_00006581_rank548,963,963,0.6352,0
ILSVRC2012_val_00036342_with_ILSVRC2012_val_00028565_rank193,25,25,0.88958,0
ILSVRC2012_val_00036342_with_ILSVRC2012_val_00012868_rank293,434,338,0.12836,41
ILSVRC2012_val_00036342_with_ILSVRC2012_val_00017330_rank949,954,852,0.03101,219
ILSVRC2012_val_00036342_with_ILSVRC2012_val_00011733_rank573,906,367,0.04095,317
ILSVRC2012_val_00036342_with_ILSVRC2012_val_00027378_rank437,307,307,0.90591,0
ILSVRC2012_val_00036342_with_ILSVRC2012_val_00020969_rank014,362,362,0.66799,0
ILSVRC2012_val_00036342_with_ILSVRC2012_val_00044017_rank325,726,726,0.99717,0
ILSVRC2012_val_00036342_with_ILSVRC2012_val_00011826_rank635,909,849,0.54886,27
ILSVRC2012_val_00036342_with_ILSVRC2012_val_00025513_rank537,904,367,0.15363,363
ILSVRC2012_val_00036342_with_ILSVRC2012_val_00043835_rank487,236,237,0.44971,3
ILSVRC2012_val_00036342_with_ILSVRC2012_val_00025354_rank496,717,468,0.11049,11
ILSVRC2012_val_00036342_with_ILSVRC2012_val_00044204_rank464,491,491,0.99963,0
ILSVRC2012_val_00036342_with_ILSVRC2012_val_00032569_rank680,663,674,0.32995,863
ILSVRC2012_val_00036342_with_ILSVRC2012_val_00012767_rank636,497,497,0.27004,0
ILSVRC2012_val_00036342_with_ILSVRC2012_val_00013314_rank227,305,305,0.41003,0
ILSVRC2012_val_00036342_with_ILSVRC2012_val_00029427_rank001,360,344,0.74278,8
ILSVRC2012_val_00036342_with_ILSVRC2012_val_00012901_rank279,240,240,0.84727,0
ILSVRC2012_val_00036342_with_ILSVRC2012_val_00021834_rank773,758,808,0.37172,298
ILSVRC2012_val_00036342_with_ILSVRC2012_val_00009514_rank678,755,448,0.21234,120
ILSVRC2012_val_00036342_with_ILSVRC2012_val_00007492_rank803,875,618,0.19192,74
ILSVRC2012_val_00036342_with_ILSVRC2012_val_00009660_rank885,230,38,0.07728,985
ILSVRC2012_val_00036342_with_ILSVRC2012_val_00003657_rank738,883,738,0.24244,2
ILSVRC2012_val_00036342_with_ILSVRC2012_val_00039554_rank027,279,332,0.84682,25
ILSVRC2012_val_00036342_with_ILSVRC2012_val_00020999_rank225,54,54,0.53308,0
ILSVRC2012_val_00036342_with_ILSVRC2012_val_00003949_rank979,637,463,0.55943,20
ILSVRC2012_val_00036342_with_ILSVRC2012_val_00016195_rank089,99,199,0.03722,618
ILSVRC2012_val_00036342_with_ILSVRC2012_val_00033655_rank739,405,405,0.98801,0
ILSVRC2012_val_00036342_with_ILSVRC2012_val_00047851_rank622,945,945,0.97304,0
ILSVRC2012_val_00036342_with_ILSVRC2012_val_00001121_rank044,141,141,0.99327,0
ILSVRC2012_val_00036342_with_ILSVRC2012_val_00009579_rank708,948,948,0.99481,0
ILSVRC2012_val_00036342_with_ILSVRC2012_val_00000735_rank177,129,93,0.34278,38
