dataset_id,actual_class_index,prediction_class_index,prediction_probability,prediction_distance
ILSVRC2012_val_00000389_with_ILSVRC2012_val_00031956_rank479,728,412,0.58439,3
ILSVRC2012_val_00000389_with_ILSVRC2012_val_00004250_rank813,524,524,0.31477,0
ILSVRC2012_val_00000389_with_ILSVRC2012_val_00002483_rank062,340,340,0.78731,0
ILSVRC2012_val_00000389_with_ILSVRC2012_val_00044198_rank612,708,649,0.77992,10
ILSVRC2012_val_00000389_with_ILSVRC2012_val_00045689_rank520,517,517,0.71379,0
ILSVRC2012_val_00000389_with_ILSVRC2012_val_00015862_rank410,829,408,0.23433,31
ILSVRC2012_val_00000389_with_ILSVRC2012_val_00041795_rank603,852,236,0.64399,15
ILSVRC2012_val_00000389_with_ILSVRC2012_val_00003445_rank117,374,374,0.515,0
ILSVRC2012_val_00000389_with_ILSVRC2012_val_00021198_rank914,732,732,0.74556,0
ILSVRC2012_val_00000389_with_ILSVRC2012_val_00004003_rank224,365,365,0.78305,0
ILSVRC2012_val_00000389_with_ILSVRC2012_val_00008778_rank417,750,501,0.28482,139
ILSVRC2012_val_00000389_with_ILSVRC2012_val_00008499_rank814,710,587,0.19936,32
ILSVRC2012_val_00000389_with_ILSVRC2012_val_00021340_rank630,434,346,0.30177,780
ILSVRC2012_val_00000389_with_ILSVRC2012_val_00013228_rank109,703,703,0.2223,0
ILSVRC2012_val_00000389_with_ILSVRC2012_val_00035897_rank331,717,717,0.68514,0
ILSVRC2012_val_00000389_with_ILSVRC2012_val_00024805_rank564,793,793,0.6702,0
ILSVRC2012_val_00000389_with_ILSVRC2012_val_00005998_rank250,287,287,0.76545,0
ILSVRC2012_val_00000389_with_ILSVRC2012_val_00017710_rank247,363,363,0.84202,0
ILSVRC2012_val_00000389_with_ILSVRC2012_val_00004667_rank998,516,516,0.74465,0
ILSVRC2012_val_00000389_with_ILSVRC2012_val_00021884_rank257,649,649,0.80058,0
ILSVRC2012_val_00000389_with_ILSVRC2012_val_00049370_rank478,948,948,0.50814,0
ILSVRC2012_val_00000389_with_ILSVRC2012_val_00017127_rank248,879,879,0.82955,0
ILSVRC2012_val_00000389_with_ILSVRC2012_val_00048616_rank790,418,472,0.62835,691
ILSVRC2012_val_00000389_with_ILSVRC2012_val_00024648_rank359,471,471,0.77026,0
ILSVRC2012_val_00000389_with_ILSVRC2012_val_00004325_rank507,237,236,0.47317,1
ILSVRC2012_val_00000389_with_ILSVRC2012_val_00047946_rank995,487,487,0.55393,0
ILSVRC2012_val_00000389_with_ILSVRC2012_val_00008635_rank852,465,465,0.86562,0
ILSVRC2012_val_00000389_with_ILSVRC2012_val_00017195_rank354,192,192,0.75419,0
ILSVRC2012_val_00000389_with_ILSVRC2012_val_00011828_rank866,650,595,0.2295,428
ILSVRC2012_val_00000389_with_ILSVRC2012_val_00039100_rank985,680,755,0.1645,537
ILSVRC2012_val_00000389_with_ILSVRC2012_val_00046293_rank594,456,975,0.17302,487
ILSVRC2012_val_00000389_with_ILSVRC2012_val_00043448_rank590,789,789,0.72431,0
ILSVRC2012_val_00000389_with_ILSVRC2012_val_00029582_rank797,785,693,0.40094,267
ILSVRC2012_val_00000389_with_ILSVRC2012_val_00045977_rank853,714,472,0.31844,260
ILSVRC2012_val_00000389_with_ILSVRC2012_val_00028760_rank846,33,913,0.13321,32
ILSVRC2012_val_00000389_with_ILSVRC2012_val_00019889_rank793,702,703,0.43541,47
ILSVRC2012_val_00000389_with_ILSVRC2012_val_00035363_rank025,142,142,0.84951,0
ILSVRC2012_val_00000389_with_ILSVRC2012_val_00016517_rank664,116,417,0.3448,599
ILSVRC2012_val_00000389_with_ILSVRC2012_val_00036891_rank069,349,348,0.43004,1
ILSVRC2012_val_00000389_with_ILSVRC2012_val_00006210_rank538,933,933,0.78822,0
ILSVRC2012_val_00000389_with_ILSVRC2012_val_00028399_rank663,566,566,0.81218,0
ILSVRC2012_val_00000389_with_ILSVRC2012_val_00039085_rank054,276,276,0.77584,0
ILSVRC2012_val_00000389_with_ILSVRC2012_val_00003738_rank811,126,126,0.62222,0
ILSVRC2012_val_00000389_with_ILSVRC2012_val_00019381_rank636,332,701,0.24236,726
ILSVRC2012_val_00000389_with_ILSVRC2012_val_00018942_rank771,218,218,0.5187,0
ILSVRC2012_val_00000389_with_ILSVRC2012_val_00038326_rank423,230,235,0.2943,39
ILSVRC2012_val_00000389_with_ILSVRC2012_val_00046546_rank590,789,789,0.78494,0
ILSVRC2012_val_00000389_with_ILSVRC2012_val_00036405_rank724,303,303,0.83385,0
ILSVRC2012_val_00000389_with_ILSVRC2012_val_00003749_rank124,900,900,0.78867,0
ILSVRC2012_val_00000389_with_ILSVRC2012_val_00035532_rank334,282,282,0.65051,0
ILSVRC2012_val_00000389_with_ILSVRC2012_val_00018510_rank794,824,568,0.24017,4
ILSVRC2012_val_00000389_with_ILSVRC2012_val_00048422_rank077,328,328,0.5365,0
ILSVRC2012_val_00000389_with_ILSVRC2012_val_00014470_rank584,721,463,0.16682,379
ILSVRC2012_val_00000389_with_ILSVRC2012_val_00040340_rank933,641,910,0.70188,11
ILSVRC2012_val_00000389_with_ILSVRC2012_val_00034227_rank647,559,559,0.21869,0
ILSVRC2012_val_00000389_with_ILSVRC2012_val_00046093_rank242,325,325,0.86608,0
ILSVRC2012_val_00000389_with_ILSVRC2012_val_00030735_rank605,549,781,0.14441,228
ILSVRC2012_val_00000389_with_ILSVRC2012_val_00034454_rank346,158,237,0.42897,3
ILSVRC2012_val_00000389_with_ILSVRC2012_val_00000121_rank357,718,718,0.46682,0
ILSVRC2012_val_00000389_with_ILSVRC2012_val_00011704_rank443,79,79,0.80043,0
ILSVRC2012_val_00000389_with_ILSVRC2012_val_00037423_rank768,481,482,0.46488,1
ILSVRC2012_val_00000389_with_ILSVRC2012_val_00008904_rank170,839,839,0.17079,0
ILSVRC2012_val_00000389_with_ILSVRC2012_val_00031972_rank829,685,685,0.79813,0
ILSVRC2012_val_00000389_with_ILSVRC2012_val_00000196_rank442,396,396,0.80794,0
ILSVRC2012_val_00000389_with_ILSVRC2012_val_00005613_rank180,280,279,0.75368,8
ILSVRC2012_val_00000389_with_ILSVRC2012_val_00036457_rank007,138,138,0.8279,0
ILSVRC2012_val_00000389_with_ILSVRC2012_val_00016932_rank890,787,643,0.15217,14
ILSVRC2012_val_00000389_with_ILSVRC2012_val_00017324_rank880,540,449,0.14074,31
ILSVRC2012_val_00000389_with_ILSVRC2012_val_00003249_rank779,630,502,0.67643,2
ILSVRC2012_val_00000389_with_ILSVRC2012_val_00042205_rank674,186,186,0.47449,0
ILSVRC2012_val_00000389_with_ILSVRC2012_val_00010087_rank223,176,176,0.75923,0
ILSVRC2012_val_00000389_with_ILSVRC2012_val_00036474_rank337,289,289,0.78096,0
ILSVRC2012_val_00000389_with_ILSVRC2012_val_00005267_rank611,191,202,0.68796,12
ILSVRC2012_val_00000389_with_ILSVRC2012_val_00008116_rank415,663,449,0.5563,54
ILSVRC2012_val_00000389_with_ILSVRC2012_val_00001090_rank651,432,472,0.08706,974
ILSVRC2012_val_00000389_with_ILSVRC2012_val_00018947_rank656,208,208,0.73848,0
ILSVRC2012_val_00000389_with_ILSVRC2012_val_00028581_rank412,737,449,0.25528,876
ILSVRC2012_val_00000389_with_ILSVRC2012_val_00043598_rank215,200,155,0.72885,2
ILSVRC2012_val_00000389_with_ILSVRC2012_val_00020338_rank538,933,933,0.60688,0
ILSVRC2012_val_00000389_with_ILSVRC2012_val_00036033_rank984,830,879,0.64703,220
ILSVRC2012_val_00000389_with_ILSVRC2012_val_00007858_rank107,273,286,0.3939,13
ILSVRC2012_val_00000389_with_ILSVRC2012_val_00020708_rank131,270,269,0.42585,1
ILSVRC2012_val_00000389_with_ILSVRC2012_val_00030404_rank546,106,106,0.81546,0
ILSVRC2012_val_00000389_with_ILSVRC2012_val_00041692_rank400,579,579,0.74839,0
ILSVRC2012_val_00000389_with_ILSVRC2012_val_00036215_rank869,450,472,0.90552,13
ILSVRC2012_val_00000389_with_ILSVRC2012_val_00018355_rank632,679,100,0.19668,603
ILSVRC2012_val_00000389_with_ILSVRC2012_val_00000415_rank027,97,97,0.79897,0
ILSVRC2012_val_00000389_with_ILSVRC2012_val_00002297_rank073,212,212,0.7073,0
ILSVRC2012_val_00000389_with_ILSVRC2012_val_00015847_rank904,763,763,0.84083,0
ILSVRC2012_val_00000389_with_ILSVRC2012_val_00031526_rank911,409,635,0.60662,6
ILSVRC2012_val_00000389_with_ILSVRC2012_val_00010259_rank998,516,516,0.70528,0
ILSVRC2012_val_00000389_with_ILSVRC2012_val_00007134_rank712,678,394,0.49312,447
ILSVRC2012_val_00000389_with_ILSVRC2012_val_00006272_rank791,845,693,0.2316,864
ILSVRC2012_val_00000389_with_ILSVRC2012_val_00009893_rank146,547,829,0.79148,4
ILSVRC2012_val_00000389_with_ILSVRC2012_val_00005986_rank928,546,546,0.77598,0
ILSVRC2012_val_00000389_with_ILSVRC2012_val_00044063_rank762,729,729,0.74666,0
ILSVRC2012_val_00000389_with_ILSVRC2012_val_00013306_rank261,628,913,0.79593,12
ILSVRC2012_val_00000389_with_ILSVRC2012_val_00030359_rank825,961,975,0.0896,826
ILSVRC2012_val_00000389_with_ILSVRC2012_val_00027942_rank764,494,758,0.23405,71
ILSVRC2012_val_00000389_with_ILSVRC2012_val_00030101_rank141,313,872,0.15194,783
ILSVRC2012_val_00000389_with_ILSVRC2012_val_00034765_rank954,499,499,0.91155,0
ILSVRC2012_val_00000389_with_ILSVRC2012_val_00000479_rank486,875,875,0.7754,0
ILSVRC2012_val_00000389_with_ILSVRC2012_val_00038538_rank227,380,295,0.49515,158
ILSVRC2012_val_00000389_with_ILSVRC2012_val_00028106_rank629,836,665,0.16669,125
ILSVRC2012_val_00000389_with_ILSVRC2012_val_00016231_rank358,565,565,0.85636,0
ILSVRC2012_val_00000389_with_ILSVRC2012_val_00003307_rank875,596,649,0.20887,152
ILSVRC2012_val_00000389_with_ILSVRC2012_val_00049613_rank133,295,295,0.75827,0
ILSVRC2012_val_00000389_with_ILSVRC2012_val_00029892_rank812,645,975,0.08367,291
ILSVRC2012_val_00000389_with_ILSVRC2012_val_00015222_rank366,393,975,0.49818,843
ILSVRC2012_val_00000389_with_ILSVRC2012_val_00047240_rank564,793,793,0.80289,0
ILSVRC2012_val_00000389_with_ILSVRC2012_val_00022124_rank467,357,337,0.31519,4
ILSVRC2012_val_00000389_with_ILSVRC2012_val_00014719_rank285,180,180,0.80126,0
ILSVRC2012_val_00000389_with_ILSVRC2012_val_00039602_rank947,674,575,0.10276,774
ILSVRC2012_val_00000389_with_ILSVRC2012_val_00025887_rank377,284,284,0.82327,0
ILSVRC2012_val_00000389_with_ILSVRC2012_val_00027505_rank888,664,553,0.21755,28
ILSVRC2012_val_00000389_with_ILSVRC2012_val_00033191_rank971,827,827,0.55178,0
ILSVRC2012_val_00000389_with_ILSVRC2012_val_00047845_rank927,60,54,0.26593,8
ILSVRC2012_val_00000389_with_ILSVRC2012_val_00021025_rank407,69,69,0.86214,0
ILSVRC2012_val_00000389_with_ILSVRC2012_val_00028703_rank349,297,297,0.7853,0
ILSVRC2012_val_00000389_with_ILSVRC2012_val_00024460_rank251,955,955,0.56948,0
ILSVRC2012_val_00000389_with_ILSVRC2012_val_00044167_rank999,606,606,0.83171,0
ILSVRC2012_val_00000389_with_ILSVRC2012_val_00022392_rank345,59,55,0.36998,1
ILSVRC2012_val_00000389_with_ILSVRC2012_val_00024424_rank824,587,587,0.50306,0
ILSVRC2012_val_00000389_with_ILSVRC2012_val_00041408_rank749,894,894,0.1114,0
ILSVRC2012_val_00000389_with_ILSVRC2012_val_00013181_rank309,484,871,0.21357,1
ILSVRC2012_val_00000389_with_ILSVRC2012_val_00048552_rank115,20,20,0.81193,0
ILSVRC2012_val_00000389_with_ILSVRC2012_val_00045720_rank246,184,202,0.56315,1
ILSVRC2012_val_00000389_with_ILSVRC2012_val_00003913_rank765,607,607,0.82891,0
ILSVRC2012_val_00000389_with_ILSVRC2012_val_00005683_rank833,618,133,0.3071,463
ILSVRC2012_val_00000389_with_ILSVRC2012_val_00012904_rank738,265,228,0.08135,17
ILSVRC2012_val_00000389_with_ILSVRC2012_val_00040334_rank045,82,82,0.73926,0
ILSVRC2012_val_00000389_with_ILSVRC2012_val_00044774_rank063,383,383,0.80654,0
ILSVRC2012_val_00000389_with_ILSVRC2012_val_00016131_rank743,709,418,0.19124,4
ILSVRC2012_val_00000389_with_ILSVRC2012_val_00019421_rank770,461,461,0.47691,0
ILSVRC2012_val_00000389_with_ILSVRC2012_val_00018139_rank877,401,401,0.78783,0
ILSVRC2012_val_00000389_with_ILSVRC2012_val_00020318_rank967,773,773,0.82907,0
ILSVRC2012_val_00000389_with_ILSVRC2012_val_00043254_rank180,280,280,0.67188,0
ILSVRC2012_val_00000389_with_ILSVRC2012_val_00032900_rank519,887,735,0.18388,13
ILSVRC2012_val_00000389_with_ILSVRC2012_val_00037230_rank241,152,152,0.73912,0
ILSVRC2012_val_00000389_with_ILSVRC2012_val_00030213_rank274,198,198,0.23991,0
ILSVRC2012_val_00000389_with_ILSVRC2012_val_00022334_rank028,86,86,0.66541,0
ILSVRC2012_val_00000389_with_ILSVRC2012_val_00031121_rank463,259,263,0.26451,11
ILSVRC2012_val_00000389_with_ILSVRC2012_val_00018469_rank283,294,294,0.74072,0
ILSVRC2012_val_00000389_with_ILSVRC2012_val_00026141_rank041,88,88,0.87777,0
ILSVRC2012_val_00000389_with_ILSVRC2012_val_00003987_rank041,88,88,0.86197,0
ILSVRC2012_val_00000389_with_ILSVRC2012_val_00027684_rank562,473,609,0.19453,837
ILSVRC2012_val_00000389_with_ILSVRC2012_val_00023575_rank639,842,842,0.87649,0
ILSVRC2012_val_00000389_with_ILSVRC2012_val_00033818_rank697,886,886,0.34951,0
ILSVRC2012_val_00000389_with_ILSVRC2012_val_00039254_rank941,686,427,0.73301,5
ILSVRC2012_val_00000389_with_ILSVRC2012_val_00007718_rank601,482,482,0.54814,0
ILSVRC2012_val_00000389_with_ILSVRC2012_val_00001254_rank117,374,369,0.29886,16
ILSVRC2012_val_00000389_with_ILSVRC2012_val_00001987_rank157,74,913,0.13709,235
ILSVRC2012_val_00000389_with_ILSVRC2012_val_00028435_rank074,351,351,0.82457,0
ILSVRC2012_val_00000389_with_ILSVRC2012_val_00003510_rank984,830,830,0.89936,0
ILSVRC2012_val_00000389_with_ILSVRC2012_val_00045129_rank570,62,60,0.20674,3
ILSVRC2012_val_00000389_with_ILSVRC2012_val_00013191_rank101,472,472,0.51058,0
ILSVRC2012_val_00000389_with_ILSVRC2012_val_00036186_rank406,306,211,0.18005,925
ILSVRC2012_val_00000389_with_ILSVRC2012_val_00009653_rank542,705,565,0.14088,3
ILSVRC2012_val_00000389_with_ILSVRC2012_val_00031907_rank059,102,102,0.76749,0
ILSVRC2012_val_00000389_with_ILSVRC2012_val_00036053_rank498,602,525,0.1923,978
ILSVRC2012_val_00000389_with_ILSVRC2012_val_00027900_rank774,930,930,0.7506,0
ILSVRC2012_val_00000389_with_ILSVRC2012_val_00013488_rank826,507,913,0.45536,724
ILSVRC2012_val_00000389_with_ILSVRC2012_val_00019654_rank733,952,975,0.11026,861
ILSVRC2012_val_00000389_with_ILSVRC2012_val_00032218_rank775,529,842,0.27449,3
ILSVRC2012_val_00000389_with_ILSVRC2012_val_00048667_rank630,434,434,0.30135,0
ILSVRC2012_val_00000389_with_ILSVRC2012_val_00021697_rank674,186,186,0.60156,0
ILSVRC2012_val_00000389_with_ILSVRC2012_val_00027924_rank573,572,572,0.85167,0
ILSVRC2012_val_00000389_with_ILSVRC2012_val_00008692_rank459,109,84,0.45517,40
ILSVRC2012_val_00000389_with_ILSVRC2012_val_00021868_rank608,488,842,0.26013,569
ILSVRC2012_val_00000389_with_ILSVRC2012_val_00040119_rank121,342,342,0.75395,0
ILSVRC2012_val_00000389_with_ILSVRC2012_val_00020908_rank673,512,512,0.7179,0
ILSVRC2012_val_00000389_with_ILSVRC2012_val_00021148_rank978,740,413,0.20227,12
ILSVRC2012_val_00000389_with_ILSVRC2012_val_00006722_rank287,149,149,0.72536,0
ILSVRC2012_val_00000389_with_ILSVRC2012_val_00043192_rank380,907,737,0.55735,3
ILSVRC2012_val_00000389_with_ILSVRC2012_val_00011446_rank042,17,17,0.80213,0
ILSVRC2012_val_00000389_with_ILSVRC2012_val_00046884_rank790,418,472,0.04906,691
ILSVRC2012_val_00000389_with_ILSVRC2012_val_00018336_rank708,532,637,0.68995,800
ILSVRC2012_val_00000389_with_ILSVRC2012_val_00029013_rank588,115,114,0.1054,6
ILSVRC2012_val_00000389_with_ILSVRC2012_val_00017910_rank362,322,322,0.82137,0
ILSVRC2012_val_00000389_with_ILSVRC2012_val_00026459_rank834,804,804,0.53365,0
ILSVRC2012_val_00000389_with_ILSVRC2012_val_00018463_rank064,96,96,0.81765,0
ILSVRC2012_val_00000389_with_ILSVRC2012_val_00009459_rank466,973,973,0.78743,0
ILSVRC2012_val_00000389_with_ILSVRC2012_val_00011102_rank528,555,555,0.85808,0
ILSVRC2012_val_00000389_with_ILSVRC2012_val_00033474_rank691,358,360,0.22206,7
ILSVRC2012_val_00000389_with_ILSVRC2012_val_00040040_rank301,207,207,0.90238,0
ILSVRC2012_val_00000389_with_ILSVRC2012_val_00026445_rank222,209,209,0.76212,0
ILSVRC2012_val_00000389_with_ILSVRC2012_val_00000860_rank056,81,81,0.827,0
ILSVRC2012_val_00000389_with_ILSVRC2012_val_00049593_rank858,594,594,0.75946,0
ILSVRC2012_val_00000389_with_ILSVRC2012_val_00038723_rank149,621,621,0.75139,0
ILSVRC2012_val_00000389_with_ILSVRC2012_val_00028323_rank226,25,25,0.7897,0
ILSVRC2012_val_00000389_with_ILSVRC2012_val_00043738_rank600,781,781,0.81062,0
ILSVRC2012_val_00000389_with_ILSVRC2012_val_00044755_rank980,34,34,0.29946,0
ILSVRC2012_val_00000389_with_ILSVRC2012_val_00006102_rank954,499,472,0.37813,497
ILSVRC2012_val_00000389_with_ILSVRC2012_val_00041759_rank745,258,258,0.87633,0
ILSVRC2012_val_00000389_with_ILSVRC2012_val_00029207_rank104,355,355,0.86191,0
ILSVRC2012_val_00000389_with_ILSVRC2012_val_00026002_rank946,855,427,0.7042,151
ILSVRC2012_val_00000389_with_ILSVRC2012_val_00018999_rank172,483,913,0.55113,42
ILSVRC2012_val_00000389_with_ILSVRC2012_val_00010123_rank091,344,879,0.18597,319
ILSVRC2012_val_00000389_with_ILSVRC2012_val_00021026_rank578,605,913,0.64365,484
ILSVRC2012_val_00000389_with_ILSVRC2012_val_00014856_rank907,950,950,0.66572,0
ILSVRC2012_val_00000389_with_ILSVRC2012_val_00001425_rank079,178,178,0.7706,0
ILSVRC2012_val_00000389_with_ILSVRC2012_val_00011590_rank150,292,291,0.58242,3
ILSVRC2012_val_00000389_with_ILSVRC2012_val_00010356_rank559,183,267,0.44673,9
ILSVRC2012_val_00000389_with_ILSVRC2012_val_00027243_rank621,761,101,0.38057,964
ILSVRC2012_val_00000389_with_ILSVRC2012_val_00042266_rank863,736,736,0.28254,0
ILSVRC2012_val_00000389_with_ILSVRC2012_val_00012515_rank483,188,188,0.70011,0
ILSVRC2012_val_00000389_with_ILSVRC2012_val_00017009_rank882,756,756,0.83583,0
ILSVRC2012_val_00000389_with_ILSVRC2012_val_00024826_rank869,450,450,0.83454,0
ILSVRC2012_val_00000389_with_ILSVRC2012_val_00030222_rank036,375,375,0.81364,0
ILSVRC2012_val_00000389_with_ILSVRC2012_val_00023991_rank551,118,472,0.6819,502
ILSVRC2012_val_00000389_with_ILSVRC2012_val_00016805_rank541,267,267,0.72869,0
ILSVRC2012_val_00000389_with_ILSVRC2012_val_00029251_rank686,629,629,0.83923,0
ILSVRC2012_val_00000389_with_ILSVRC2012_val_00045589_rank013,23,23,0.72306,0
ILSVRC2012_val_00000389_with_ILSVRC2012_val_00025899_rank078,139,139,0.84184,0
ILSVRC2012_val_00000389_with_ILSVRC2012_val_00028164_rank840,478,478,0.3824,0
ILSVRC2012_val_00000389_with_ILSVRC2012_val_00017002_rank303,43,43,0.6596,0
ILSVRC2012_val_00000389_with_ILSVRC2012_val_00009073_rank159,853,853,0.34755,0
ILSVRC2012_val_00000389_with_ILSVRC2012_val_00041540_rank275,27,27,0.49768,0
ILSVRC2012_val_00000389_with_ILSVRC2012_val_00024462_rank731,262,262,0.69684,0
ILSVRC2012_val_00000389_with_ILSVRC2012_val_00029757_rank412,737,728,0.11834,85
ILSVRC2012_val_00000389_with_ILSVRC2012_val_00024798_rank985,680,354,0.84197,599
ILSVRC2012_val_00000389_with_ILSVRC2012_val_00010321_rank676,553,553,0.79165,0
ILSVRC2012_val_00000389_with_ILSVRC2012_val_00038027_rank252,870,870,0.58611,0
ILSVRC2012_val_00000389_with_ILSVRC2012_val_00023903_rank908,502,463,0.80571,112
ILSVRC2012_val_00000389_with_ILSVRC2012_val_00026198_rank1000,543,422,0.42163,1
ILSVRC2012_val_00000389_with_ILSVRC2012_val_00000743_rank418,556,703,0.20103,158
ILSVRC2012_val_00000389_with_ILSVRC2012_val_00014957_rank738,265,267,0.80992,2
ILSVRC2012_val_00000389_with_ILSVRC2012_val_00021824_rank799,968,849,0.71481,6
ILSVRC2012_val_00000389_with_ILSVRC2012_val_00034840_rank370,35,35,0.77299,0
ILSVRC2012_val_00000389_with_ILSVRC2012_val_00007235_rank808,224,224,0.782,0
ILSVRC2012_val_00000389_with_ILSVRC2012_val_00032400_rank127,173,177,0.52974,13
ILSVRC2012_val_00000389_with_ILSVRC2012_val_00031512_rank192,14,14,0.85354,0
ILSVRC2012_val_00000389_with_ILSVRC2012_val_00025665_rank131,270,270,0.82244,0
ILSVRC2012_val_00000389_with_ILSVRC2012_val_00024716_rank461,738,738,0.59263,0
ILSVRC2012_val_00000389_with_ILSVRC2012_val_00015420_rank451,603,603,0.84669,0
ILSVRC2012_val_00000389_with_ILSVRC2012_val_00035146_rank888,664,664,0.54526,0
ILSVRC2012_val_00000389_with_ILSVRC2012_val_00039849_rank355,496,496,0.85959,0
ILSVRC2012_val_00000389_with_ILSVRC2012_val_00018760_rank195,704,704,0.71118,0
ILSVRC2012_val_00000389_with_ILSVRC2012_val_00012350_rank915,683,913,0.45779,569
ILSVRC2012_val_00000389_with_ILSVRC2012_val_00025638_rank046,343,343,0.81022,0
ILSVRC2012_val_00000389_with_ILSVRC2012_val_00021947_rank217,405,405,0.27622,0
ILSVRC2012_val_00000389_with_ILSVRC2012_val_00043629_rank245,164,164,0.91226,0
ILSVRC2012_val_00000389_with_ILSVRC2012_val_00019237_rank160,317,317,0.61502,0
ILSVRC2012_val_00000389_with_ILSVRC2012_val_00009880_rank953,584,584,0.7746,0
ILSVRC2012_val_00000389_with_ILSVRC2012_val_00048751_rank258,992,992,0.64485,0
ILSVRC2012_val_00000389_with_ILSVRC2012_val_00011887_rank532,841,841,0.32097,0
ILSVRC2012_val_00000389_with_ILSVRC2012_val_00039541_rank759,519,519,0.65948,0
ILSVRC2012_val_00000389_with_ILSVRC2012_val_00031996_rank985,680,680,0.69295,0
ILSVRC2012_val_00000389_with_ILSVRC2012_val_00021361_rank119,366,366,0.87182,0
ILSVRC2012_val_00000389_with_ILSVRC2012_val_00040028_rank886,771,771,0.86293,0
ILSVRC2012_val_00000389_with_ILSVRC2012_val_00045344_rank914,732,732,0.74958,0
ILSVRC2012_val_00000389_with_ILSVRC2012_val_00045432_rank324,690,690,0.58489,0
ILSVRC2012_val_00000389_with_ILSVRC2012_val_00008720_rank191,947,947,0.70802,0
ILSVRC2012_val_00000389_with_ILSVRC2012_val_00033411_rank254,669,516,0.57138,9
ILSVRC2012_val_00000389_with_ILSVRC2012_val_00046355_rank785,477,477,0.13799,0
ILSVRC2012_val_00000389_with_ILSVRC2012_val_00030778_rank141,313,313,0.55817,0
ILSVRC2012_val_00000389_with_ILSVRC2012_val_00003782_rank754,441,441,0.5554,0
ILSVRC2012_val_00000389_with_ILSVRC2012_val_00003861_rank042,17,17,0.85652,0
ILSVRC2012_val_00000389_with_ILSVRC2012_val_00030505_rank160,317,317,0.79199,0
ILSVRC2012_val_00000389_with_ILSVRC2012_val_00008000_rank215,200,200,0.85724,0
ILSVRC2012_val_00000389_with_ILSVRC2012_val_00036852_rank143,458,458,0.73191,0
ILSVRC2012_val_00000389_with_ILSVRC2012_val_00027300_rank065,104,104,0.81318,0
ILSVRC2012_val_00000389_with_ILSVRC2012_val_00039148_rank146,547,547,0.8125,0
ILSVRC2012_val_00000389_with_ILSVRC2012_val_00011643_rank386,108,108,0.70772,0
ILSVRC2012_val_00000389_with_ILSVRC2012_val_00049503_rank995,487,487,0.64933,0
ILSVRC2012_val_00000389_with_ILSVRC2012_val_00036548_rank227,380,379,0.15283,7
ILSVRC2012_val_00000389_with_ILSVRC2012_val_00005526_rank532,841,975,0.09507,412
ILSVRC2012_val_00000389_with_ILSVRC2012_val_00047941_rank229,36,37,0.58934,2
ILSVRC2012_val_00000389_with_ILSVRC2012_val_00035980_rank684,999,700,0.62807,1
ILSVRC2012_val_00000389_with_ILSVRC2012_val_00014874_rank533,934,934,0.76939,0
ILSVRC2012_val_00000389_with_ILSVRC2012_val_00048173_rank265,735,501,0.58658,3
ILSVRC2012_val_00000389_with_ILSVRC2012_val_00024918_rank191,947,947,0.51185,0
ILSVRC2012_val_00000389_with_ILSVRC2012_val_00043559_rank847,66,66,0.8554,0
ILSVRC2012_val_00000389_with_ILSVRC2012_val_00032277_rank587,196,200,0.53728,15
ILSVRC2012_val_00000389_with_ILSVRC2012_val_00021215_rank718,63,63,0.84948,0
ILSVRC2012_val_00000389_with_ILSVRC2012_val_00011448_rank130,42,975,0.10909,601
ILSVRC2012_val_00000389_with_ILSVRC2012_val_00004589_rank692,611,460,0.17545,411
ILSVRC2012_val_00000389_with_ILSVRC2012_val_00007865_rank950,419,584,0.57211,87
ILSVRC2012_val_00000389_with_ILSVRC2012_val_00021147_rank296,379,379,0.20227,0
ILSVRC2012_val_00000389_with_ILSVRC2012_val_00033019_rank159,853,853,0.83805,0
ILSVRC2012_val_00000389_with_ILSVRC2012_val_00046476_rank743,709,709,0.41207,0
ILSVRC2012_val_00000389_with_ILSVRC2012_val_00019000_rank642,752,131,0.53385,618
ILSVRC2012_val_00000389_with_ILSVRC2012_val_00019534_rank772,859,859,0.78044,0
ILSVRC2012_val_00000389_with_ILSVRC2012_val_00011727_rank326,493,492,0.30763,4
ILSVRC2012_val_00000389_with_ILSVRC2012_val_00034724_rank290,874,874,0.76185,0
ILSVRC2012_val_00000389_with_ILSVRC2012_val_00043613_rank626,585,463,0.61576,599
ILSVRC2012_val_00000389_with_ILSVRC2012_val_00035837_rank004,127,127,0.78235,0
ILSVRC2012_val_00000389_with_ILSVRC2012_val_00044150_rank700,800,800,0.88193,0
ILSVRC2012_val_00000389_with_ILSVRC2012_val_00013475_rank319,246,246,0.81181,0
ILSVRC2012_val_00000389_with_ILSVRC2012_val_00005036_rank744,828,828,0.86393,0
ILSVRC2012_val_00000389_with_ILSVRC2012_val_00029158_rank982,783,783,0.68952,0
ILSVRC2012_val_00000389_with_ILSVRC2012_val_00048085_rank813,524,649,0.85269,51
ILSVRC2012_val_00000389_with_ILSVRC2012_val_00026606_rank065,104,104,0.74249,0
ILSVRC2012_val_00000389_with_ILSVRC2012_val_00012135_rank037,352,352,0.74647,0
ILSVRC2012_val_00000389_with_ILSVRC2012_val_00007165_rank710,233,233,0.78107,0
ILSVRC2012_val_00000389_with_ILSVRC2012_val_00019656_rank886,771,472,0.23738,494
ILSVRC2012_val_00000389_with_ILSVRC2012_val_00028781_rank993,464,893,0.11487,3
ILSVRC2012_val_00000389_with_ILSVRC2012_val_00019129_rank328,378,101,0.4798,281
ILSVRC2012_val_00000389_with_ILSVRC2012_val_00038966_rank954,499,792,0.37254,20
ILSVRC2012_val_00000389_with_ILSVRC2012_val_00015895_rank577,453,453,0.52562,0
ILSVRC2012_val_00000389_with_ILSVRC2012_val_00019241_rank620,161,161,0.78558,0
ILSVRC2012_val_00000389_with_ILSVRC2012_val_00020120_rank183,385,385,0.72114,0
ILSVRC2012_val_00000389_with_ILSVRC2012_val_00043999_rank689,890,574,0.30134,117
ILSVRC2012_val_00000389_with_ILSVRC2012_val_00034296_rank228,162,162,0.50187,0
ILSVRC2012_val_00000389_with_ILSVRC2012_val_00033989_rank286,330,181,0.19812,128
ILSVRC2012_val_00000389_with_ILSVRC2012_val_00023364_rank485,965,965,0.81,0
ILSVRC2012_val_00000389_with_ILSVRC2012_val_00006938_rank779,630,630,0.67314,0
ILSVRC2012_val_00000389_with_ILSVRC2012_val_00010320_rank441,614,614,0.9047,0
ILSVRC2012_val_00000389_with_ILSVRC2012_val_00009232_rank789,71,71,0.83276,0
ILSVRC2012_val_00000389_with_ILSVRC2012_val_00047332_rank374,757,757,0.8202,0
ILSVRC2012_val_00000389_with_ILSVRC2012_val_00032462_rank309,484,871,0.2833,1
ILSVRC2012_val_00000389_with_ILSVRC2012_val_00008506_rank596,963,963,0.78595,0
ILSVRC2012_val_00000389_with_ILSVRC2012_val_00042640_rank829,685,530,0.35452,2
ILSVRC2012_val_00000389_with_ILSVRC2012_val_00032013_rank196,223,224,0.52317,1
ILSVRC2012_val_00000389_with_ILSVRC2012_val_00038107_rank346,158,158,0.64405,0
ILSVRC2012_val_00000389_with_ILSVRC2012_val_00020005_rank120,985,985,0.75236,0
ILSVRC2012_val_00000389_with_ILSVRC2012_val_00044158_rank052,319,131,0.22427,36
ILSVRC2012_val_00000389_with_ILSVRC2012_val_00032834_rank582,114,114,0.78831,0
ILSVRC2012_val_00000389_with_ILSVRC2012_val_00026737_rank094,371,371,0.78218,0
ILSVRC2012_val_00000389_with_ILSVRC2012_val_00042418_rank808,224,224,0.75544,0
ILSVRC2012_val_00000389_with_ILSVRC2012_val_00011313_rank464,802,802,0.81567,0
ILSVRC2012_val_00000389_with_ILSVRC2012_val_00007089_rank712,678,913,0.74887,827
ILSVRC2012_val_00000389_with_ILSVRC2012_val_00039720_rank672,564,843,0.05539,65
ILSVRC2012_val_00000389_with_ILSVRC2012_val_00022158_rank294,661,661,0.79081,0
ILSVRC2012_val_00000389_with_ILSVRC2012_val_00014691_rank311,914,484,0.655,3
ILSVRC2012_val_00000389_with_ILSVRC2012_val_00049971_rank896,583,583,0.86493,0
ILSVRC2012_val_00000389_with_ILSVRC2012_val_00030231_rank686,629,551,0.19753,1
ILSVRC2012_val_00000389_with_ILSVRC2012_val_00037330_rank196,223,223,0.82074,0
ILSVRC2012_val_00000389_with_ILSVRC2012_val_00048991_rank370,35,35,0.76748,0
ILSVRC2012_val_00000389_with_ILSVRC2012_val_00030245_rank006,99,134,0.52148,3
ILSVRC2012_val_00000389_with_ILSVRC2012_val_00030180_rank204,991,991,0.24526,0
ILSVRC2012_val_00000389_with_ILSVRC2012_val_00033503_rank045,82,82,0.82694,0
ILSVRC2012_val_00000389_with_ILSVRC2012_val_00019520_rank879,666,666,0.6861,0
ILSVRC2012_val_00000389_with_ILSVRC2012_val_00021255_rank160,317,317,0.83729,0
ILSVRC2012_val_00000389_with_ILSVRC2012_val_00004197_rank368,919,672,0.61728,301
ILSVRC2012_val_00000389_with_ILSVRC2012_val_00021571_rank612,708,682,0.28312,1
ILSVRC2012_val_00000389_with_ILSVRC2012_val_00025147_rank169,211,211,0.73003,0
ILSVRC2012_val_00000389_with_ILSVRC2012_val_00038327_rank646,996,996,0.83106,0
ILSVRC2012_val_00000389_with_ILSVRC2012_val_00036909_rank764,494,494,0.76023,0
ILSVRC2012_val_00000389_with_ILSVRC2012_val_00001838_rank621,761,613,0.57678,4
ILSVRC2012_val_00000389_with_ILSVRC2012_val_00026172_rank672,564,564,0.83129,0
ILSVRC2012_val_00000389_with_ILSVRC2012_val_00049609_rank373,56,58,0.46602,11
ILSVRC2012_val_00000389_with_ILSVRC2012_val_00014879_rank039,8,82,0.24811,3
ILSVRC2012_val_00000389_with_ILSVRC2012_val_00029330_rank554,552,131,0.15443,657
ILSVRC2012_val_00000389_with_ILSVRC2012_val_00005903_rank935,726,726,0.25147,0
ILSVRC2012_val_00000389_with_ILSVRC2012_val_00029495_rank051,15,15,0.82866,0
ILSVRC2012_val_00000389_with_ILSVRC2012_val_00031519_rank315,920,920,0.65047,0
ILSVRC2012_val_00000389_with_ILSVRC2012_val_00015701_rank269,236,158,0.46423,23
ILSVRC2012_val_00000389_with_ILSVRC2012_val_00021060_rank761,798,798,0.63579,0
ILSVRC2012_val_00000389_with_ILSVRC2012_val_00020596_rank072,48,48,0.80329,0
ILSVRC2012_val_00000389_with_ILSVRC2012_val_00023349_rank266,475,475,0.81932,0
ILSVRC2012_val_00000389_with_ILSVRC2012_val_00026386_rank650,993,344,0.41878,70
ILSVRC2012_val_00000389_with_ILSVRC2012_val_00036979_rank749,894,412,0.76055,305
ILSVRC2012_val_00000389_with_ILSVRC2012_val_00046888_rank819,742,569,0.40341,287
ILSVRC2012_val_00000389_with_ILSVRC2012_val_00018250_rank018,18,18,0.81015,0
ILSVRC2012_val_00000389_with_ILSVRC2012_val_00012982_rank298,389,389,0.86079,0
ILSVRC2012_val_00000389_with_ILSVRC2012_val_00027267_rank223,176,169,0.77495,2
ILSVRC2012_val_00000389_with_ILSVRC2012_val_00019316_rank557,846,879,0.25757,257
ILSVRC2012_val_00000389_with_ILSVRC2012_val_00036683_rank882,756,412,0.32308,3
ILSVRC2012_val_00000389_with_ILSVRC2012_val_00043968_rank006,99,130,0.20439,7
ILSVRC2012_val_00000389_with_ILSVRC2012_val_00031004_rank776,392,929,0.47287,756
ILSVRC2012_val_00000389_with_ILSVRC2012_val_00017140_rank166,387,387,0.79612,0
ILSVRC2012_val_00000389_with_ILSVRC2012_val_00012414_rank088,334,334,0.83138,0
ILSVRC2012_val_00000389_with_ILSVRC2012_val_00014909_rank093,324,324,0.81264,0
ILSVRC2012_val_00000389_with_ILSVRC2012_val_00046977_rank124,900,900,0.79867,0
ILSVRC2012_val_00000389_with_ILSVRC2012_val_00021461_rank525,5,6,0.37887,1
ILSVRC2012_val_00000389_with_ILSVRC2012_val_00024285_rank626,585,463,0.84606,599
ILSVRC2012_val_00000389_with_ILSVRC2012_val_00029939_rank239,290,288,0.68606,1
ILSVRC2012_val_00000389_with_ILSVRC2012_val_00036214_rank733,952,952,0.82566,0
ILSVRC2012_val_00000389_with_ILSVRC2012_val_00020543_rank202,53,53,0.87585,0
ILSVRC2012_val_00000389_with_ILSVRC2012_val_00033054_rank473,727,672,0.2123,58
ILSVRC2012_val_00000389_with_ILSVRC2012_val_00042492_rank494,809,923,0.24803,8
ILSVRC2012_val_00000389_with_ILSVRC2012_val_00003095_rank364,64,59,0.58779,2
ILSVRC2012_val_00000389_with_ILSVRC2012_val_00022934_rank559,183,183,0.41725,0
ILSVRC2012_val_00000389_with_ILSVRC2012_val_00010943_rank457,260,260,0.73225,0
ILSVRC2012_val_00000389_with_ILSVRC2012_val_00026600_rank157,74,74,0.84571,0
ILSVRC2012_val_00000389_with_ILSVRC2012_val_00037072_rank700,800,800,0.88613,0
ILSVRC2012_val_00000389_with_ILSVRC2012_val_00047398_rank597,760,656,0.17078,194
ILSVRC2012_val_00000389_with_ILSVRC2012_val_00038033_rank099,395,50,0.26159,18
ILSVRC2012_val_00000389_with_ILSVRC2012_val_00029605_rank894,121,121,0.92764,0
ILSVRC2012_val_00000389_with_ILSVRC2012_val_00009280_rank183,385,101,0.45842,1
ILSVRC2012_val_00000389_with_ILSVRC2012_val_00001421_rank724,303,314,0.44807,9
ILSVRC2012_val_00000389_with_ILSVRC2012_val_00043008_rank476,229,229,0.35933,0
ILSVRC2012_val_00000389_with_ILSVRC2012_val_00045328_rank395,560,560,0.83059,0
ILSVRC2012_val_00000389_with_ILSVRC2012_val_00009045_rank721,264,264,0.6209,0
ILSVRC2012_val_00000389_with_ILSVRC2012_val_00003268_rank307,58,101,0.14118,535
ILSVRC2012_val_00000389_with_ILSVRC2012_val_00044780_rank971,827,827,0.43158,0
ILSVRC2012_val_00000389_with_ILSVRC2012_val_00022445_rank818,439,23,0.64525,594
ILSVRC2012_val_00000389_with_ILSVRC2012_val_00016030_rank789,71,71,0.83755,0
ILSVRC2012_val_00000389_with_ILSVRC2012_val_00008441_rank483,188,188,0.74926,0
ILSVRC2012_val_00000389_with_ILSVRC2012_val_00039932_rank995,487,487,0.23896,0
ILSVRC2012_val_00000389_with_ILSVRC2012_val_00014754_rank685,550,550,0.81998,0
ILSVRC2012_val_00000389_with_ILSVRC2012_val_00020359_rank835,431,431,0.50345,0
ILSVRC2012_val_00000389_with_ILSVRC2012_val_00036751_rank234,155,182,0.65264,38
ILSVRC2012_val_00000389_with_ILSVRC2012_val_00040658_rank593,52,52,0.54886,0
ILSVRC2012_val_00000389_with_ILSVRC2012_val_00038976_rank492,285,282,0.21354,2
ILSVRC2012_val_00000389_with_ILSVRC2012_val_00011661_rank226,25,25,0.78775,0
ILSVRC2012_val_00000389_with_ILSVRC2012_val_00006073_rank371,429,429,0.7975,0
ILSVRC2012_val_00000389_with_ILSVRC2012_val_00003227_rank223,176,176,0.76474,0
ILSVRC2012_val_00000389_with_ILSVRC2012_val_00038786_rank138,204,155,0.55872,1
ILSVRC2012_val_00000389_with_ILSVRC2012_val_00012355_rank438,266,347,0.3398,82
ILSVRC2012_val_00000389_with_ILSVRC2012_val_00007042_rank264,972,972,0.82324,0
ILSVRC2012_val_00000389_with_ILSVRC2012_val_00000891_rank736,932,932,0.71211,0
ILSVRC2012_val_00000389_with_ILSVRC2012_val_00019013_rank434,214,234,0.24339,3
ILSVRC2012_val_00000389_with_ILSVRC2012_val_00006283_rank188,361,23,0.15387,60
ILSVRC2012_val_00000389_with_ILSVRC2012_val_00010011_rank299,248,248,0.43783,0
ILSVRC2012_val_00000389_with_ILSVRC2012_val_00047121_rank115,20,20,0.86938,0
ILSVRC2012_val_00000389_with_ILSVRC2012_val_00042312_rank202,53,53,0.17356,0
ILSVRC2012_val_00000389_with_ILSVRC2012_val_00036867_rank889,414,389,0.32343,927
ILSVRC2012_val_00000389_with_ILSVRC2012_val_00022000_rank256,331,331,0.82313,0
ILSVRC2012_val_00000389_with_ILSVRC2012_val_00042365_rank520,517,517,0.52037,0
ILSVRC2012_val_00000389_with_ILSVRC2012_val_00048249_rank371,429,429,0.25687,0
ILSVRC2012_val_00000389_with_ILSVRC2012_val_00003018_rank825,961,797,0.04989,542
ILSVRC2012_val_00000389_with_ILSVRC2012_val_00027665_rank913,969,969,0.3778,0
ILSVRC2012_val_00000389_with_ILSVRC2012_val_00030593_rank113,37,37,0.82767,0
ILSVRC2012_val_00000389_with_ILSVRC2012_val_00030424_rank210,578,728,0.3116,41
ILSVRC2012_val_00000389_with_ILSVRC2012_val_00048842_rank450,263,247,0.5488,25
ILSVRC2012_val_00000389_with_ILSVRC2012_val_00024506_rank917,746,746,0.49208,0
ILSVRC2012_val_00000389_with_ILSVRC2012_val_00022832_rank589,356,356,0.81307,0
ILSVRC2012_val_00000389_with_ILSVRC2012_val_00014438_rank852,465,465,0.74083,0
ILSVRC2012_val_00000389_with_ILSVRC2012_val_00049647_rank600,781,781,0.71124,0
ILSVRC2012_val_00000389_with_ILSVRC2012_val_00034238_rank779,630,701,0.13312,996
ILSVRC2012_val_00000389_with_ILSVRC2012_val_00005497_rank170,839,472,0.63045,28
ILSVRC2012_val_00000389_with_ILSVRC2012_val_00034737_rank235,182,182,0.83775,0
ILSVRC2012_val_00000389_with_ILSVRC2012_val_00038412_rank683,927,927,0.8445,0
ILSVRC2012_val_00000389_with_ILSVRC2012_val_00043831_rank231,944,944,0.72011,0
ILSVRC2012_val_00000389_with_ILSVRC2012_val_00016302_rank450,263,263,0.57356,0
ILSVRC2012_val_00000389_with_ILSVRC2012_val_00006477_rank519,887,887,0.77979,0
ILSVRC2012_val_00000389_with_ILSVRC2012_val_00009758_rank708,532,532,0.30264,0
ILSVRC2012_val_00000389_with_ILSVRC2012_val_00045092_rank752,591,591,0.8491,0
ILSVRC2012_val_00000389_with_ILSVRC2012_val_00015078_rank730,561,561,0.84343,0
ILSVRC2012_val_00000389_with_ILSVRC2012_val_00040409_rank871,252,252,0.83921,0
ILSVRC2012_val_00000389_with_ILSVRC2012_val_00026374_rank487,341,448,0.34574,609
ILSVRC2012_val_00000389_with_ILSVRC2012_val_00023418_rank560,521,521,0.87453,0
ILSVRC2012_val_00000389_with_ILSVRC2012_val_00005584_rank325,872,872,0.5799,0
ILSVRC2012_val_00000389_with_ILSVRC2012_val_00015210_rank565,227,227,0.78325,0
ILSVRC2012_val_00000389_with_ILSVRC2012_val_00010796_rank869,450,450,0.46738,0
ILSVRC2012_val_00000389_with_ILSVRC2012_val_00044528_rank465,959,959,0.81569,0
ILSVRC2012_val_00000389_with_ILSVRC2012_val_00017238_rank692,611,723,0.39508,54
ILSVRC2012_val_00000389_with_ILSVRC2012_val_00026915_rank085,337,337,0.80703,0
ILSVRC2012_val_00000389_with_ILSVRC2012_val_00043047_rank552,751,621,0.72883,34
ILSVRC2012_val_00000389_with_ILSVRC2012_val_00033163_rank592,990,840,0.17137,909
ILSVRC2012_val_00000389_with_ILSVRC2012_val_00022523_rank752,591,591,0.08065,0
ILSVRC2012_val_00000389_with_ILSVRC2012_val_00023061_rank178,410,519,0.50299,4
ILSVRC2012_val_00000389_with_ILSVRC2012_val_00034104_rank528,555,555,0.79281,0
ILSVRC2012_val_00000389_with_ILSVRC2012_val_00045855_rank518,544,567,0.35813,1
ILSVRC2012_val_00000389_with_ILSVRC2012_val_00042219_rank997,528,528,0.78278,0
ILSVRC2012_val_00000389_with_ILSVRC2012_val_00021513_rank160,317,317,0.79466,0
ILSVRC2012_val_00000389_with_ILSVRC2012_val_00006438_rank506,834,410,0.40921,992
ILSVRC2012_val_00000389_with_ILSVRC2012_val_00017930_rank009,130,130,0.61375,0
ILSVRC2012_val_00000389_with_ILSVRC2012_val_00023959_rank365,843,843,0.57061,0
ILSVRC2012_val_00000389_with_ILSVRC2012_val_00013444_rank336,723,723,0.82473,0
ILSVRC2012_val_00000389_with_ILSVRC2012_val_00022262_rank384,924,924,0.64705,0
ILSVRC2012_val_00000389_with_ILSVRC2012_val_00024356_rank087,271,271,0.76332,0
ILSVRC2012_val_00000389_with_ILSVRC2012_val_00013596_rank593,52,390,0.46723,24
ILSVRC2012_val_00000389_with_ILSVRC2012_val_00028541_rank369,814,814,0.80596,0
ILSVRC2012_val_00000389_with_ILSVRC2012_val_00017224_rank670,940,931,0.19804,30
ILSVRC2012_val_00000389_with_ILSVRC2012_val_00019455_rank930,635,635,0.47731,0
ILSVRC2012_val_00000389_with_ILSVRC2012_val_00041450_rank623,110,735,0.54337,560
ILSVRC2012_val_00000389_with_ILSVRC2012_val_00037736_rank885,929,929,0.73199,0
ILSVRC2012_val_00000389_with_ILSVRC2012_val_00006114_rank165,231,230,0.68303,2
ILSVRC2012_val_00000389_with_ILSVRC2012_val_00027293_rank193,436,408,0.56088,21
ILSVRC2012_val_00000389_with_ILSVRC2012_val_00046208_rank638,615,615,0.68528,0
ILSVRC2012_val_00000389_with_ILSVRC2012_val_00005080_rank861,896,586,0.40189,434
ILSVRC2012_val_00000389_with_ILSVRC2012_val_00015951_rank862,786,786,0.33938,0
ILSVRC2012_val_00000389_with_ILSVRC2012_val_00008952_rank342,6,5,0.22322,1
ILSVRC2012_val_00000389_with_ILSVRC2012_val_00007676_rank521,281,282,0.29146,1
ILSVRC2012_val_00000389_with_ILSVRC2012_val_00034812_rank360,335,335,0.2969,0
ILSVRC2012_val_00000389_with_ILSVRC2012_val_00047381_rank807,725,653,0.60598,18
ILSVRC2012_val_00000389_with_ILSVRC2012_val_00031665_rank770,461,461,0.45302,0
ILSVRC2012_val_00000389_with_ILSVRC2012_val_00033366_rank746,881,127,0.11041,645
ILSVRC2012_val_00000389_with_ILSVRC2012_val_00002027_rank381,318,318,0.84178,0
ILSVRC2012_val_00000389_with_ILSVRC2012_val_00028350_rank164,815,953,0.10089,412
ILSVRC2012_val_00000389_with_ILSVRC2012_val_00008135_rank014,133,133,0.85154,0
ILSVRC2012_val_00000389_with_ILSVRC2012_val_00041071_rank753,600,600,0.57491,0
ILSVRC2012_val_00000389_with_ILSVRC2012_val_00012874_rank890,787,879,0.42388,190
ILSVRC2012_val_00000389_with_ILSVRC2012_val_00005102_rank211,576,472,0.76986,2
ILSVRC2012_val_00000389_with_ILSVRC2012_val_00024098_rank056,81,21,0.72614,21
ILSVRC2012_val_00000389_with_ILSVRC2012_val_00047226_rank386,108,108,0.67693,0
ILSVRC2012_val_00000389_with_ILSVRC2012_val_00040416_rank969,823,672,0.20535,333
ILSVRC2012_val_00000389_with_ILSVRC2012_val_00040055_rank949,206,206,0.85771,0
ILSVRC2012_val_00000389_with_ILSVRC2012_val_00021374_rank680,504,504,0.82283,0
ILSVRC2012_val_00000389_with_ILSVRC2012_val_00034658_rank862,786,526,0.65361,2
ILSVRC2012_val_00000389_with_ILSVRC2012_val_00013827_rank352,569,569,0.86922,0
ILSVRC2012_val_00000389_with_ILSVRC2012_val_00011156_rank602,822,822,0.63233,0
ILSVRC2012_val_00000389_with_ILSVRC2012_val_00017647_rank888,664,480,0.11931,35
ILSVRC2012_val_00000389_with_ILSVRC2012_val_00009910_rank588,115,975,0.34676,393
ILSVRC2012_val_00000389_with_ILSVRC2012_val_00038203_rank253,372,372,0.78739,0
ILSVRC2012_val_00000389_with_ILSVRC2012_val_00031377_rank604,193,193,0.36573,0
ILSVRC2012_val_00000389_with_ILSVRC2012_val_00038558_rank558,403,913,0.74224,27
ILSVRC2012_val_00000389_with_ILSVRC2012_val_00004160_rank591,551,551,0.77715,0
ILSVRC2012_val_00000389_with_ILSVRC2012_val_00010465_rank847,66,66,0.64973,0
ILSVRC2012_val_00000389_with_ILSVRC2012_val_00009000_rank661,26,26,0.69768,0
ILSVRC2012_val_00000389_with_ILSVRC2012_val_00030207_rank435,411,411,0.7938,0
ILSVRC2012_val_00000389_with_ILSVRC2012_val_00035047_rank033,93,93,0.80252,0
ILSVRC2012_val_00000389_with_ILSVRC2012_val_00024017_rank815,541,541,0.6982,0
ILSVRC2012_val_00000389_with_ILSVRC2012_val_00014819_rank106,148,148,0.85668,0
ILSVRC2012_val_00000389_with_ILSVRC2012_val_00039138_rank894,121,121,0.88174,0
ILSVRC2012_val_00000389_with_ILSVRC2012_val_00003979_rank277,863,863,0.34551,0
ILSVRC2012_val_00000389_with_ILSVRC2012_val_00014977_rank024,141,141,0.87531,0
ILSVRC2012_val_00000389_with_ILSVRC2012_val_00003947_rank589,356,356,0.86336,0
ILSVRC2012_val_00000389_with_ILSVRC2012_val_00023035_rank555,764,413,0.56579,1
ILSVRC2012_val_00000389_with_ILSVRC2012_val_00013722_rank597,760,760,0.53311,0
ILSVRC2012_val_00000389_with_ILSVRC2012_val_00018132_rank059,102,102,0.85157,0
ILSVRC2012_val_00000389_with_ILSVRC2012_val_00033434_rank035,92,92,0.75308,0
ILSVRC2012_val_00000389_with_ILSVRC2012_val_00026224_rank542,705,705,0.83002,0
ILSVRC2012_val_00000389_with_ILSVRC2012_val_00027833_rank301,207,207,0.76683,0
ILSVRC2012_val_00000389_with_ILSVRC2012_val_00004393_rank124,900,900,0.75325,0
ILSVRC2012_val_00000389_with_ILSVRC2012_val_00035367_rank448,4,131,0.48835,62
ILSVRC2012_val_00000389_with_ILSVRC2012_val_00025733_rank548,776,21,0.21927,147
ILSVRC2012_val_00000389_with_ILSVRC2012_val_00030164_rank322,873,888,0.37296,6
ILSVRC2012_val_00000389_with_ILSVRC2012_val_00044135_rank432,226,200,0.83674,2
ILSVRC2012_val_00000389_with_ILSVRC2012_val_00003571_rank873,778,778,0.32824,0
ILSVRC2012_val_00000389_with_ILSVRC2012_val_00017947_rank220,397,397,0.8406,0
ILSVRC2012_val_00000389_with_ILSVRC2012_val_00006887_rank738,265,183,0.2027,10
ILSVRC2012_val_00000389_with_ILSVRC2012_val_00023140_rank270,806,770,0.34921,6
ILSVRC2012_val_00000389_with_ILSVRC2012_val_00004917_rank597,760,760,0.85167,0
ILSVRC2012_val_00000389_with_ILSVRC2012_val_00013665_rank688,590,590,0.45708,0
ILSVRC2012_val_00000389_with_ILSVRC2012_val_00015553_rank734,545,975,0.12825,834
ILSVRC2012_val_00000389_with_ILSVRC2012_val_00033478_rank422,696,693,0.18474,193
ILSVRC2012_val_00000389_with_ILSVRC2012_val_00008440_rank414,998,693,0.25751,482
ILSVRC2012_val_00000389_with_ILSVRC2012_val_00034370_rank240,310,310,0.46566,0
ILSVRC2012_val_00000389_with_ILSVRC2012_val_00003111_rank760,909,544,0.38315,4
ILSVRC2012_val_00000389_with_ILSVRC2012_val_00023332_rank875,596,346,0.26745,827
ILSVRC2012_val_00000389_with_ILSVRC2012_val_00011826_rank760,909,849,0.3755,27
ILSVRC2012_val_00000389_with_ILSVRC2012_val_00015633_rank867,784,449,0.12601,816
ILSVRC2012_val_00000389_with_ILSVRC2012_val_00029325_rank679,302,302,0.34822,0
ILSVRC2012_val_00000389_with_ILSVRC2012_val_00041260_rank906,359,249,0.38498,95
ILSVRC2012_val_00000389_with_ILSVRC2012_val_00046745_rank389,384,384,0.18295,0
ILSVRC2012_val_00000389_with_ILSVRC2012_val_00030314_rank516,468,468,0.65524,0
ILSVRC2012_val_00000389_with_ILSVRC2012_val_00022366_rank602,822,128,0.16522,350
ILSVRC2012_val_00000389_with_ILSVRC2012_val_00047881_rank294,661,661,0.85525,0
ILSVRC2012_val_00000389_with_ILSVRC2012_val_00035796_rank153,437,437,0.69687,0
ILSVRC2012_val_00000389_with_ILSVRC2012_val_00047955_rank250,287,287,0.83609,0
ILSVRC2012_val_00000389_with_ILSVRC2012_val_00038652_rank069,349,349,0.46665,0
ILSVRC2012_val_00000389_with_ILSVRC2012_val_00032982_rank016,100,100,0.80372,0
ILSVRC2012_val_00000389_with_ILSVRC2012_val_00031233_rank530,803,803,0.88484,0
ILSVRC2012_val_00000389_with_ILSVRC2012_val_00025064_rank126,682,682,0.82531,0
ILSVRC2012_val_00000389_with_ILSVRC2012_val_00026818_rank751,897,897,0.77951,0
ILSVRC2012_val_00000389_with_ILSVRC2012_val_00030456_rank946,855,855,0.84672,0
ILSVRC2012_val_00000389_with_ILSVRC2012_val_00036480_rank725,622,622,0.84553,0
ILSVRC2012_val_00000389_with_ILSVRC2012_val_00045510_rank303,43,43,0.82638,0
ILSVRC2012_val_00000389_with_ILSVRC2012_val_00011580_rank152,298,298,0.77267,0
ILSVRC2012_val_00000389_with_ILSVRC2012_val_00001712_rank046,343,343,0.59217,0
ILSVRC2012_val_00000389_with_ILSVRC2012_val_00042651_rank893,715,112,0.13403,578
ILSVRC2012_val_00000389_with_ILSVRC2012_val_00024289_rank467,357,295,0.69869,11
ILSVRC2012_val_00000389_with_ILSVRC2012_val_00013160_rank711,261,261,0.75046,0
ILSVRC2012_val_00000389_with_ILSVRC2012_val_00019434_rank967,773,773,0.15175,0
ILSVRC2012_val_00000389_with_ILSVRC2012_val_00015208_rank265,735,735,0.74768,0
ILSVRC2012_val_00000389_with_ILSVRC2012_val_00020377_rank783,847,847,0.53828,0
ILSVRC2012_val_00000389_with_ILSVRC2012_val_00018378_rank304,779,779,0.85393,0
ILSVRC2012_val_00000389_with_ILSVRC2012_val_00027248_rank878,112,112,0.79439,0
ILSVRC2012_val_00000389_with_ILSVRC2012_val_00047755_rank297,253,263,0.67419,8
ILSVRC2012_val_00000389_with_ILSVRC2012_val_00024650_rank488,513,875,0.4896,2
ILSVRC2012_val_00000389_with_ILSVRC2012_val_00018721_rank400,579,579,0.79863,0
ILSVRC2012_val_00000389_with_ILSVRC2012_val_00045024_rank991,777,975,0.35292,942
ILSVRC2012_val_00000389_with_ILSVRC2012_val_00010156_rank512,95,95,0.82484,0
ILSVRC2012_val_00000389_with_ILSVRC2012_val_00045511_rank662,563,472,0.76133,454
ILSVRC2012_val_00000389_with_ILSVRC2012_val_00011098_rank260,780,780,0.69479,0
ILSVRC2012_val_00000389_with_ILSVRC2012_val_00004643_rank070,277,277,0.55399,0
ILSVRC2012_val_00000389_with_ILSVRC2012_val_00045304_rank224,365,365,0.82325,0
ILSVRC2012_val_00000389_with_ILSVRC2012_val_00040883_rank848,713,713,0.68092,0
ILSVRC2012_val_00000389_with_ILSVRC2012_val_00041762_rank804,189,189,0.39911,0
ILSVRC2012_val_00000389_with_ILSVRC2012_val_00010995_rank750,283,283,0.87105,0
ILSVRC2012_val_00000389_with_ILSVRC2012_val_00011165_rank721,264,264,0.68209,0
ILSVRC2012_val_00000389_with_ILSVRC2012_val_00048674_rank264,972,825,0.19352,13
ILSVRC2012_val_00000389_with_ILSVRC2012_val_00022976_rank715,658,235,0.76107,477
ILSVRC2012_val_00000389_with_ILSVRC2012_val_00001558_rank555,764,764,0.52787,0
ILSVRC2012_val_00000389_with_ILSVRC2012_val_00033425_rank460,949,872,0.65088,787
ILSVRC2012_val_00000389_with_ILSVRC2012_val_00024579_rank939,826,826,0.61394,0
ILSVRC2012_val_00000389_with_ILSVRC2012_val_00008713_rank958,220,205,0.22106,9
ILSVRC2012_val_00000389_with_ILSVRC2012_val_00043637_rank198,835,835,0.75927,0
ILSVRC2012_val_00000389_with_ILSVRC2012_val_00001142_rank071,91,91,0.79451,0
ILSVRC2012_val_00000389_with_ILSVRC2012_val_00045003_rank171,557,733,0.10695,1
ILSVRC2012_val_00000389_with_ILSVRC2012_val_00025186_rank959,470,129,0.40683,650
ILSVRC2012_val_00000389_with_ILSVRC2012_val_00024787_rank017,137,975,0.14853,39
ILSVRC2012_val_00000389_with_ILSVRC2012_val_00028122_rank719,305,172,0.37204,560
ILSVRC2012_val_00000389_with_ILSVRC2012_val_00024738_rank912,774,774,0.88295,0
ILSVRC2012_val_00000389_with_ILSVRC2012_val_00015875_rank666,901,504,0.54361,6
ILSVRC2012_val_00000389_with_ILSVRC2012_val_00042371_rank696,792,792,0.26936,0
ILSVRC2012_val_00000389_with_ILSVRC2012_val_00001119_rank591,551,551,0.85892,0
ILSVRC2012_val_00000389_with_ILSVRC2012_val_00024410_rank547,113,113,0.85953,0
ILSVRC2012_val_00000389_with_ILSVRC2012_val_00042783_rank145,40,40,0.40005,0
ILSVRC2012_val_00000389_with_ILSVRC2012_val_00042850_rank467,357,358,0.35629,3
ILSVRC2012_val_00000389_with_ILSVRC2012_val_00017788_rank504,743,519,0.67948,37
ILSVRC2012_val_00000389_with_ILSVRC2012_val_00038161_rank979,739,649,0.36925,464
ILSVRC2012_val_00000389_with_ILSVRC2012_val_00043807_rank978,740,784,0.60183,1
ILSVRC2012_val_00000389_with_ILSVRC2012_val_00003485_rank215,200,200,0.90812,0
ILSVRC2012_val_00000389_with_ILSVRC2012_val_00017442_rank268,210,210,0.71869,0
ILSVRC2012_val_00000389_with_ILSVRC2012_val_00007925_rank789,71,71,0.83163,0
ILSVRC2012_val_00000389_with_ILSVRC2012_val_00035593_rank157,74,815,0.43438,3
ILSVRC2012_val_00000389_with_ILSVRC2012_val_00000538_rank861,896,896,0.80691,0
ILSVRC2012_val_00000389_with_ILSVRC2012_val_00025749_rank696,792,792,0.71583,0
ILSVRC2012_val_00000389_with_ILSVRC2012_val_00003191_rank406,306,306,0.91381,0
ILSVRC2012_val_00000389_with_ILSVRC2012_val_00043199_rank235,182,182,0.70575,0
ILSVRC2012_val_00000389_with_ILSVRC2012_val_00016331_rank525,5,5,0.75873,0
ILSVRC2012_val_00000389_with_ILSVRC2012_val_00049653_rank271,201,201,0.49394,0
ILSVRC2012_val_00000389_with_ILSVRC2012_val_00007857_rank554,552,552,0.31174,0
ILSVRC2012_val_00000389_with_ILSVRC2012_val_00042795_rank505,882,882,0.59676,0
ILSVRC2012_val_00000389_with_ILSVRC2012_val_00048016_rank676,553,553,0.77523,0
ILSVRC2012_val_00000389_with_ILSVRC2012_val_00042985_rank518,544,544,0.86366,0
ILSVRC2012_val_00000389_with_ILSVRC2012_val_00045293_rank103,449,449,0.85802,0
ILSVRC2012_val_00000389_with_ILSVRC2012_val_00015113_rank256,331,331,0.83847,0
ILSVRC2012_val_00000389_with_ILSVRC2012_val_00006327_rank868,463,472,0.73013,86
ILSVRC2012_val_00000389_with_ILSVRC2012_val_00002861_rank752,591,591,0.54793,0
ILSVRC2012_val_00000389_with_ILSVRC2012_val_00044779_rank707,733,427,0.83592,144
ILSVRC2012_val_00000389_with_ILSVRC2012_val_00005644_rank267,670,670,0.46144,0
ILSVRC2012_val_00000389_with_ILSVRC2012_val_00012001_rank707,733,912,0.39498,33
ILSVRC2012_val_00000389_with_ILSVRC2012_val_00001485_rank079,178,178,0.72639,0
ILSVRC2012_val_00000389_with_ILSVRC2012_val_00027155_rank917,746,975,0.31267,985
ILSVRC2012_val_00000389_with_ILSVRC2012_val_00008225_rank802,939,975,0.33998,657
ILSVRC2012_val_00000389_with_ILSVRC2012_val_00037375_rank595,758,758,0.58783,0
ILSVRC2012_val_00000389_with_ILSVRC2012_val_00021179_rank911,409,409,0.58487,0
ILSVRC2012_val_00000389_with_ILSVRC2012_val_00041567_rank777,503,412,0.25187,58
ILSVRC2012_val_00000389_with_ILSVRC2012_val_00010581_rank502,820,820,0.375,0
ILSVRC2012_val_00000389_with_ILSVRC2012_val_00022725_rank457,260,260,0.72354,0
ILSVRC2012_val_00000389_with_ILSVRC2012_val_00019080_rank401,238,238,0.81016,0
ILSVRC2012_val_00000389_with_ILSVRC2012_val_00039319_rank975,811,637,0.53087,384
ILSVRC2012_val_00000389_with_ILSVRC2012_val_00038460_rank505,882,882,0.69133,0
ILSVRC2012_val_00000389_with_ILSVRC2012_val_00020682_rank129,791,791,0.8081,0
ILSVRC2012_val_00000389_with_ILSVRC2012_val_00041760_rank695,861,405,0.69982,349
ILSVRC2012_val_00000389_with_ILSVRC2012_val_00022401_rank267,670,670,0.27985,0
ILSVRC2012_val_00000389_with_ILSVRC2012_val_00027555_rank071,91,91,0.8298,0
ILSVRC2012_val_00000389_with_ILSVRC2012_val_00011861_rank443,79,65,0.44478,72
ILSVRC2012_val_00000389_with_ILSVRC2012_val_00048531_rank793,702,913,0.32869,828
ILSVRC2012_val_00000389_with_ILSVRC2012_val_00038705_rank413,177,177,0.82622,0
ILSVRC2012_val_00000389_with_ILSVRC2012_val_00039827_rank630,434,134,0.45229,550
ILSVRC2012_val_00000389_with_ILSVRC2012_val_00013524_rank871,252,205,0.53144,15
ILSVRC2012_val_00000389_with_ILSVRC2012_val_00036125_rank030,21,21,0.81608,0
ILSVRC2012_val_00000389_with_ILSVRC2012_val_00008767_rank528,555,555,0.86632,0
ILSVRC2012_val_00000389_with_ILSVRC2012_val_00016309_rank746,881,881,0.89136,0
ILSVRC2012_val_00000389_with_ILSVRC2012_val_00045945_rank547,113,113,0.76343,0
ILSVRC2012_val_00000389_with_ILSVRC2012_val_00031046_rank909,105,104,0.41977,3
ILSVRC2012_val_00000389_with_ILSVRC2012_val_00028647_rank816,659,463,0.7675,22
ILSVRC2012_val_00000389_with_ILSVRC2012_val_00042028_rank734,545,545,0.8631,0
ILSVRC2012_val_00000389_with_ILSVRC2012_val_00036192_rank582,114,132,0.15079,929
ILSVRC2012_val_00000389_with_ILSVRC2012_val_00025300_rank590,789,807,0.17912,86
ILSVRC2012_val_00000389_with_ILSVRC2012_val_00029875_rank029,143,143,0.83965,0
ILSVRC2012_val_00000389_with_ILSVRC2012_val_00007703_rank440,617,617,0.4449,0
ILSVRC2012_val_00000389_with_ILSVRC2012_val_00000693_rank189,425,425,0.80439,0
ILSVRC2012_val_00000389_with_ILSVRC2012_val_00035493_rank094,371,381,0.81644,9
ILSVRC2012_val_00000389_with_ILSVRC2012_val_00049955_rank817,813,676,0.15477,101
ILSVRC2012_val_00000389_with_ILSVRC2012_val_00014718_rank172,483,483,0.83072,0
ILSVRC2012_val_00000389_with_ILSVRC2012_val_00020635_rank098,308,308,0.77478,0
ILSVRC2012_val_00000389_with_ILSVRC2012_val_00006782_rank426,486,879,0.08244,139
ILSVRC2012_val_00000389_with_ILSVRC2012_val_00034994_rank185,660,660,0.78667,0
ILSVRC2012_val_00000389_with_ILSVRC2012_val_00007492_rank486,875,618,0.0712,74
ILSVRC2012_val_00000389_with_ILSVRC2012_val_00026559_rank845,891,891,0.87833,0
ILSVRC2012_val_00000389_with_ILSVRC2012_val_00049382_rank382,518,701,0.14933,147
ILSVRC2012_val_00000389_with_ILSVRC2012_val_00047725_rank700,800,800,0.73446,0
ILSVRC2012_val_00000389_with_ILSVRC2012_val_00006748_rank187,554,132,0.32018,84
ILSVRC2012_val_00000389_with_ILSVRC2012_val_00043685_rank252,870,671,0.2925,14
ILSVRC2012_val_00000389_with_ILSVRC2012_val_00044326_rank515,440,440,0.75829,0
ILSVRC2012_val_00000389_with_ILSVRC2012_val_00038493_rank157,74,74,0.79112,0
ILSVRC2012_val_00000389_with_ILSVRC2012_val_00029826_rank506,834,975,0.05227,346
ILSVRC2012_val_00000389_with_ILSVRC2012_val_00034743_rank005,128,128,0.84551,0
ILSVRC2012_val_00000389_with_ILSVRC2012_val_00019868_rank013,23,23,0.83542,0
ILSVRC2012_val_00000389_with_ILSVRC2012_val_00030920_rank645,221,347,0.26947,23
ILSVRC2012_val_00000389_with_ILSVRC2012_val_00045550_rank706,321,321,0.85569,0
ILSVRC2012_val_00000389_with_ILSVRC2012_val_00006658_rank597,760,760,0.4708,0
ILSVRC2012_val_00000389_with_ILSVRC2012_val_00042553_rank529,119,121,0.72094,2
ILSVRC2012_val_00000389_with_ILSVRC2012_val_00047074_rank672,564,564,0.7153,0
ILSVRC2012_val_00000389_with_ILSVRC2012_val_00029448_rank799,968,968,0.83856,0
ILSVRC2012_val_00000389_with_ILSVRC2012_val_00048215_rank777,503,503,0.77561,0
ILSVRC2012_val_00000389_with_ILSVRC2012_val_00023132_rank422,696,879,0.82945,51
ILSVRC2012_val_00000389_with_ILSVRC2012_val_00026024_rank506,834,834,0.1749,0
ILSVRC2012_val_00000389_with_ILSVRC2012_val_00009877_rank401,238,238,0.78466,0
ILSVRC2012_val_00000389_with_ILSVRC2012_val_00027636_rank757,648,472,0.7294,503
ILSVRC2012_val_00000389_with_ILSVRC2012_val_00008521_rank005,128,128,0.78423,0
ILSVRC2012_val_00000389_with_ILSVRC2012_val_00043116_rank798,423,423,0.80484,0
ILSVRC2012_val_00000389_with_ILSVRC2012_val_00026757_rank060,381,381,0.69163,0
ILSVRC2012_val_00000389_with_ILSVRC2012_val_00034081_rank563,667,879,0.42407,18
ILSVRC2012_val_00000389_with_ILSVRC2012_val_00034849_rank222,209,209,0.74074,0
ILSVRC2012_val_00000389_with_ILSVRC2012_val_00024748_rank709,988,988,0.78272,0
ILSVRC2012_val_00000389_with_ILSVRC2012_val_00004142_rank484,408,408,0.86542,0
ILSVRC2012_val_00000389_with_ILSVRC2012_val_00040144_rank479,728,728,0.83283,0
ILSVRC2012_val_00000389_with_ILSVRC2012_val_00037148_rank746,881,472,0.09829,677
ILSVRC2012_val_00000389_with_ILSVRC2012_val_00026830_rank750,283,283,0.81607,0
ILSVRC2012_val_00000389_with_ILSVRC2012_val_00033483_rank018,18,18,0.83307,0
ILSVRC2012_val_00000389_with_ILSVRC2012_val_00017311_rank105,269,269,0.81392,0
ILSVRC2012_val_00000389_with_ILSVRC2012_val_00001170_rank838,653,653,0.89261,0
ILSVRC2012_val_00000389_with_ILSVRC2012_val_00040958_rank386,108,108,0.14195,0
ILSVRC2012_val_00000389_with_ILSVRC2012_val_00026349_rank225,311,128,0.30899,808
ILSVRC2012_val_00000389_with_ILSVRC2012_val_00049638_rank351,312,311,0.63073,1
ILSVRC2012_val_00000389_with_ILSVRC2012_val_00042357_rank031,272,272,0.84296,0
ILSVRC2012_val_00000389_with_ILSVRC2012_val_00041384_rank476,229,229,0.73716,0
ILSVRC2012_val_00000389_with_ILSVRC2012_val_00012107_rank907,950,950,0.84104,0
ILSVRC2012_val_00000389_with_ILSVRC2012_val_00026088_rank831,684,684,0.82349,0
ILSVRC2012_val_00000389_with_ILSVRC2012_val_00032543_rank218,448,448,0.85986,0
ILSVRC2012_val_00000389_with_ILSVRC2012_val_00036002_rank245,164,164,0.7485,0
ILSVRC2012_val_00000389_with_ILSVRC2012_val_00048138_rank663,566,566,0.79637,0
ILSVRC2012_val_00000389_with_ILSVRC2012_val_00011202_rank233,268,268,0.72206,0
ILSVRC2012_val_00000389_with_ILSVRC2012_val_00045538_rank554,552,552,0.65346,0
ILSVRC2012_val_00000389_with_ILSVRC2012_val_00026495_rank555,764,413,0.45054,1
ILSVRC2012_val_00000389_with_ILSVRC2012_val_00014198_rank185,660,609,0.7037,99
ILSVRC2012_val_00000389_with_ILSVRC2012_val_00026254_rank972,790,790,0.80287,0
ILSVRC2012_val_00000389_with_ILSVRC2012_val_00014646_rank317,407,407,0.86067,0
ILSVRC2012_val_00000389_with_ILSVRC2012_val_00039521_rank277,863,863,0.73482,0
ILSVRC2012_val_00000389_with_ILSVRC2012_val_00024590_rank463,259,151,0.60257,6
ILSVRC2012_val_00000389_with_ILSVRC2012_val_00031736_rank746,881,881,0.85779,0
ILSVRC2012_val_00000389_with_ILSVRC2012_val_00048994_rank965,623,472,0.33615,784
ILSVRC2012_val_00000389_with_ILSVRC2012_val_00028062_rank374,757,757,0.782,0
ILSVRC2012_val_00000389_with_ILSVRC2012_val_00006307_rank109,703,703,0.85505,0
ILSVRC2012_val_00000389_with_ILSVRC2012_val_00015305_rank996,753,753,0.44682,0
ILSVRC2012_val_00000389_with_ILSVRC2012_val_00017348_rank207,912,912,0.83637,0
ILSVRC2012_val_00000389_with_ILSVRC2012_val_00002172_rank021,89,89,0.66253,0
ILSVRC2012_val_00000389_with_ILSVRC2012_val_00031324_rank458,689,601,0.65977,1
ILSVRC2012_val_00000389_with_ILSVRC2012_val_00044651_rank336,723,723,0.84304,0
ILSVRC2012_val_00000389_with_ILSVRC2012_val_00014549_rank490,625,625,0.83353,0
ILSVRC2012_val_00000389_with_ILSVRC2012_val_00039059_rank985,680,902,0.31212,25
ILSVRC2012_val_00000389_with_ILSVRC2012_val_00022897_rank211,576,576,0.61347,0
ILSVRC2012_val_00000389_with_ILSVRC2012_val_00047913_rank713,156,156,0.73913,0
ILSVRC2012_val_00000389_with_ILSVRC2012_val_00032443_rank902,314,975,0.16887,877
ILSVRC2012_val_00000389_with_ILSVRC2012_val_00043428_rank048,49,649,0.65238,182
ILSVRC2012_val_00000389_with_ILSVRC2012_val_00006871_rank441,614,614,0.85571,0
ILSVRC2012_val_00000389_with_ILSVRC2012_val_00027569_rank578,605,605,0.63559,0
ILSVRC2012_val_00000389_with_ILSVRC2012_val_00045497_rank768,481,481,0.68388,0
ILSVRC2012_val_00000389_with_ILSVRC2012_val_00045117_rank924,878,878,0.79511,0
ILSVRC2012_val_00000389_with_ILSVRC2012_val_00019634_rank753,600,913,0.43723,225
ILSVRC2012_val_00000389_with_ILSVRC2012_val_00033291_rank965,623,872,0.76056,95
ILSVRC2012_val_00000389_with_ILSVRC2012_val_00008530_rank924,878,931,0.48864,153
ILSVRC2012_val_00000389_with_ILSVRC2012_val_00037992_rank548,776,609,0.15198,915
ILSVRC2012_val_00000389_with_ILSVRC2012_val_00020220_rank466,973,973,0.34096,0
ILSVRC2012_val_00000389_with_ILSVRC2012_val_00035341_rank469,159,159,0.49199,0
ILSVRC2012_val_00000389_with_ILSVRC2012_val_00021934_rank507,237,237,0.77071,0
ILSVRC2012_val_00000389_with_ILSVRC2012_val_00030525_rank374,757,757,0.80646,0
ILSVRC2012_val_00000389_with_ILSVRC2012_val_00011634_rank407,69,69,0.87419,0
ILSVRC2012_val_00000389_with_ILSVRC2012_val_00039821_rank601,482,482,0.16958,0
ILSVRC2012_val_00000389_with_ILSVRC2012_val_00032076_rank717,869,399,0.23663,6
ILSVRC2012_val_00000389_with_ILSVRC2012_val_00033817_rank179,70,77,0.66137,4
ILSVRC2012_val_00000389_with_ILSVRC2012_val_00034544_rank332,701,701,0.83109,0
ILSVRC2012_val_00000389_with_ILSVRC2012_val_00024566_rank235,182,182,0.83079,0
ILSVRC2012_val_00000389_with_ILSVRC2012_val_00041313_rank293,807,913,0.75241,82
ILSVRC2012_val_00000389_with_ILSVRC2012_val_00023963_rank621,761,913,0.13156,937
ILSVRC2012_val_00000389_with_ILSVRC2012_val_00018811_rank876,165,165,0.72973,0
ILSVRC2012_val_00000389_with_ILSVRC2012_val_00039968_rank921,333,333,0.35922,0
ILSVRC2012_val_00000389_with_ILSVRC2012_val_00043431_rank149,621,621,0.74422,0
ILSVRC2012_val_00000389_with_ILSVRC2012_val_00009079_rank213,533,533,0.68683,0
ILSVRC2012_val_00000389_with_ILSVRC2012_val_00000116_rank465,959,959,0.41801,0
ILSVRC2012_val_00000389_with_ILSVRC2012_val_00006033_rank897,539,539,0.68632,0
ILSVRC2012_val_00000389_with_ILSVRC2012_val_00001513_rank468,345,345,0.76774,0
ILSVRC2012_val_00000389_with_ILSVRC2012_val_00034637_rank349,297,297,0.51682,0
ILSVRC2012_val_00000389_with_ILSVRC2012_val_00030926_rank186,3,2,0.41548,1
ILSVRC2012_val_00000389_with_ILSVRC2012_val_00018569_rank312,511,511,0.75248,0
ILSVRC2012_val_00000389_with_ILSVRC2012_val_00002914_rank647,559,559,0.84422,0
ILSVRC2012_val_00000389_with_ILSVRC2012_val_00017230_rank085,337,337,0.81558,0
ILSVRC2012_val_00000389_with_ILSVRC2012_val_00017154_rank987,765,797,0.13691,226
ILSVRC2012_val_00000389_with_ILSVRC2012_val_00007225_rank875,596,596,0.93032,0
ILSVRC2012_val_00000389_with_ILSVRC2012_val_00009464_rank541,267,267,0.84746,0
ILSVRC2012_val_00000389_with_ILSVRC2012_val_00040057_rank785,477,421,0.08019,988
ILSVRC2012_val_00000389_with_ILSVRC2012_val_00017492_rank216,888,888,0.32696,0
ILSVRC2012_val_00000389_with_ILSVRC2012_val_00029245_rank027,97,97,0.80369,0
ILSVRC2012_val_00000389_with_ILSVRC2012_val_00044044_rank209,362,362,0.88079,0
ILSVRC2012_val_00000389_with_ILSVRC2012_val_00027445_rank423,230,232,0.49662,4
ILSVRC2012_val_00000389_with_ILSVRC2012_val_00023085_rank593,52,52,0.78302,0
ILSVRC2012_val_00000389_with_ILSVRC2012_val_00048495_rank415,663,483,0.49048,3
ILSVRC2012_val_00000389_with_ILSVRC2012_val_00027511_rank310,279,279,0.59266,0
ILSVRC2012_val_00000389_with_ILSVRC2012_val_00034263_rank299,248,250,0.44755,1
ILSVRC2012_val_00000389_with_ILSVRC2012_val_00027409_rank621,761,761,0.44778,0
ILSVRC2012_val_00000389_with_ILSVRC2012_val_00047802_rank957,446,703,0.10578,314
ILSVRC2012_val_00000389_with_ILSVRC2012_val_00043660_rank054,276,276,0.83798,0
ILSVRC2012_val_00000389_with_ILSVRC2012_val_00010338_rank968,921,917,0.48751,1
ILSVRC2012_val_00000389_with_ILSVRC2012_val_00024421_rank449,922,922,0.24804,0
ILSVRC2012_val_00000389_with_ILSVRC2012_val_00031162_rank817,813,399,0.37033,604
ILSVRC2012_val_00000389_with_ILSVRC2012_val_00048685_rank596,963,963,0.85376,0
ILSVRC2012_val_00000389_with_ILSVRC2012_val_00001984_rank637,675,675,0.84462,0
ILSVRC2012_val_00000389_with_ILSVRC2012_val_00005956_rank813,524,471,0.09403,36
ILSVRC2012_val_00000389_with_ILSVRC2012_val_00018211_rank551,118,649,0.15947,539
ILSVRC2012_val_00000389_with_ILSVRC2012_val_00033920_rank144,404,404,0.75011,0
ILSVRC2012_val_00000389_with_ILSVRC2012_val_00002927_rank650,993,993,0.76286,0
ILSVRC2012_val_00000389_with_ILSVRC2012_val_00018340_rank893,715,132,0.70852,672
ILSVRC2012_val_00000389_with_ILSVRC2012_val_00033255_rank128,825,825,0.46936,0
ILSVRC2012_val_00000389_with_ILSVRC2012_val_00039505_rank483,188,188,0.77258,0
ILSVRC2012_val_00000389_with_ILSVRC2012_val_00013654_rank513,194,153,0.57318,8
ILSVRC2012_val_00000389_with_ILSVRC2012_val_00001693_rank645,221,221,0.78824,0
ILSVRC2012_val_00000389_with_ILSVRC2012_val_00003393_rank412,737,737,0.65787,0
ILSVRC2012_val_00000389_with_ILSVRC2012_val_00046116_rank462,400,879,0.32819,102
ILSVRC2012_val_00000389_with_ILSVRC2012_val_00014810_rank575,185,185,0.70087,0
ILSVRC2012_val_00000389_with_ILSVRC2012_val_00036849_rank784,45,45,0.36043,0
ILSVRC2012_val_00000389_with_ILSVRC2012_val_00041052_rank775,529,529,0.82773,0
ILSVRC2012_val_00000389_with_ILSVRC2012_val_00028673_rank523,31,31,0.61156,0
ILSVRC2012_val_00000389_with_ILSVRC2012_val_00038789_rank165,231,231,0.83439,0
ILSVRC2012_val_00000389_with_ILSVRC2012_val_00049976_rank188,361,361,0.88083,0
ILSVRC2012_val_00000389_with_ILSVRC2012_val_00028317_rank627,76,76,0.1796,0
ILSVRC2012_val_00000389_with_ILSVRC2012_val_00043693_rank727,856,595,0.44718,1
ILSVRC2012_val_00000389_with_ILSVRC2012_val_00022680_rank684,999,700,0.50273,1
ILSVRC2012_val_00000389_with_ILSVRC2012_val_00026952_rank603,852,975,0.21907,342
ILSVRC2012_val_00000389_with_ILSVRC2012_val_00002902_rank682,515,449,0.84631,985
ILSVRC2012_val_00000389_with_ILSVRC2012_val_00032979_rank372,394,394,0.85864,0
ILSVRC2012_val_00000389_with_ILSVRC2012_val_00038119_rank811,126,113,0.32611,13
ILSVRC2012_val_00000389_with_ILSVRC2012_val_00017616_rank253,372,372,0.80855,0
ILSVRC2012_val_00000389_with_ILSVRC2012_val_00030351_rank335,817,511,0.84718,2
ILSVRC2012_val_00000389_with_ILSVRC2012_val_00033589_rank331,717,717,0.73221,0
ILSVRC2012_val_00000389_with_ILSVRC2012_val_00018372_rank257,649,649,0.82063,0
ILSVRC2012_val_00000389_with_ILSVRC2012_val_00047585_rank404,197,197,0.8004,0
ILSVRC2012_val_00000389_with_ILSVRC2012_val_00009508_rank113,37,37,0.74978,0
ILSVRC2012_val_00000389_with_ILSVRC2012_val_00014151_rank454,256,256,0.73913,0
ILSVRC2012_val_00000389_with_ILSVRC2012_val_00029827_rank364,64,55,0.80111,1
ILSVRC2012_val_00000389_with_ILSVRC2012_val_00027762_rank015,7,8,0.40006,1
ILSVRC2012_val_00000389_with_ILSVRC2012_val_00012901_rank436,240,240,0.58365,0
ILSVRC2012_val_00000389_with_ILSVRC2012_val_00024498_rank450,263,259,0.16978,6
ILSVRC2012_val_00000389_with_ILSVRC2012_val_00033000_rank168,150,150,0.73493,0
ILSVRC2012_val_00000389_with_ILSVRC2012_val_00004659_rank811,126,314,0.30658,7
ILSVRC2012_val_00000389_with_ILSVRC2012_val_00007349_rank716,754,754,0.38298,0
ILSVRC2012_val_00000389_with_ILSVRC2012_val_00018019_rank446,495,637,0.38809,315
ILSVRC2012_val_00000389_with_ILSVRC2012_val_00020984_rank896,583,649,0.35716,158
ILSVRC2012_val_00000389_with_ILSVRC2012_val_00011927_rank072,48,389,0.16407,170
ILSVRC2012_val_00000389_with_ILSVRC2012_val_00036666_rank055,347,347,0.83648,0
ILSVRC2012_val_00000389_with_ILSVRC2012_val_00029660_rank240,310,310,0.68688,0
ILSVRC2012_val_00000389_with_ILSVRC2012_val_00011468_rank514,147,147,0.77404,0
ILSVRC2012_val_00000389_with_ILSVRC2012_val_00043463_rank189,425,425,0.74839,0
ILSVRC2012_val_00000389_with_ILSVRC2012_val_00034865_rank744,828,828,0.47314,0
ILSVRC2012_val_00000389_with_ILSVRC2012_val_00005880_rank393,329,147,0.18682,58
ILSVRC2012_val_00000389_with_ILSVRC2012_val_00006034_rank658,531,531,0.75085,0
ILSVRC2012_val_00000389_with_ILSVRC2012_val_00039371_rank517,935,935,0.79855,0
ILSVRC2012_val_00000389_with_ILSVRC2012_val_00033720_rank674,186,182,0.37295,5
ILSVRC2012_val_00000389_with_ILSVRC2012_val_00015756_rank407,69,69,0.83502,0
ILSVRC2012_val_00000389_with_ILSVRC2012_val_00007399_rank514,147,975,0.32022,93
ILSVRC2012_val_00000389_with_ILSVRC2012_val_00019986_rank451,603,603,0.8414,0
ILSVRC2012_val_00000389_with_ILSVRC2012_val_00048090_rank110,386,101,0.43917,2
ILSVRC2012_val_00000389_with_ILSVRC2012_val_00024638_rank883,731,731,0.21524,0
ILSVRC2012_val_00000389_with_ILSVRC2012_val_00034978_rank662,563,563,0.07568,0
ILSVRC2012_val_00000389_with_ILSVRC2012_val_00023588_rank614,688,688,0.61714,0
ILSVRC2012_val_00000389_with_ILSVRC2012_val_00035780_rank883,731,731,0.2625,0
ILSVRC2012_val_00000389_with_ILSVRC2012_val_00027040_rank677,868,868,0.4213,0
ILSVRC2012_val_00000389_with_ILSVRC2012_val_00036532_rank592,990,990,0.79128,0
ILSVRC2012_val_00000389_with_ILSVRC2012_val_00039457_rank083,336,336,0.74771,0
ILSVRC2012_val_00000389_with_ILSVRC2012_val_00005735_rank107,273,273,0.65904,0
ILSVRC2012_val_00000389_with_ILSVRC2012_val_00016217_rank086,575,575,0.89099,0
ILSVRC2012_val_00000389_with_ILSVRC2012_val_00007809_rank786,601,601,0.56587,0
ILSVRC2012_val_00000389_with_ILSVRC2012_val_00001702_rank139,251,251,0.75722,0
ILSVRC2012_val_00000389_with_ILSVRC2012_val_00046323_rank078,139,139,0.84677,0
ILSVRC2012_val_00000389_with_ILSVRC2012_val_00008798_rank237,316,316,0.82814,0
ILSVRC2012_val_00000389_with_ILSVRC2012_val_00010804_rank866,650,650,0.83616,0
ILSVRC2012_val_00000389_with_ILSVRC2012_val_00045942_rank389,384,267,0.48242,57
ILSVRC2012_val_00000389_with_ILSVRC2012_val_00044841_rank126,682,825,0.62247,37
ILSVRC2012_val_00000389_with_ILSVRC2012_val_00013183_rank353,120,172,0.37974,267
ILSVRC2012_val_00000389_with_ILSVRC2012_val_00041128_rank941,686,686,0.80279,0
ILSVRC2012_val_00000389_with_ILSVRC2012_val_00018716_rank200,327,135,0.22887,700
ILSVRC2012_val_00000389_with_ILSVRC2012_val_00044701_rank656,208,208,0.91954,0
ILSVRC2012_val_00000389_with_ILSVRC2012_val_00044300_rank338,326,326,0.77434,0
ILSVRC2012_val_00000389_with_ILSVRC2012_val_00007343_rank016,100,100,0.79825,0
ILSVRC2012_val_00000389_with_ILSVRC2012_val_00015593_rank396,915,913,0.63438,81
ILSVRC2012_val_00000389_with_ILSVRC2012_val_00034954_rank313,304,302,0.3234,3
ILSVRC2012_val_00000389_with_ILSVRC2012_val_00027207_rank015,7,7,0.83809,0
ILSVRC2012_val_00000389_with_ILSVRC2012_val_00031050_rank419,315,133,0.34991,51
ILSVRC2012_val_00000389_with_ILSVRC2012_val_00018795_rank540,435,838,0.57411,62
ILSVRC2012_val_00000389_with_ILSVRC2012_val_00039709_rank745,258,258,0.48061,0
ILSVRC2012_val_00000389_with_ILSVRC2012_val_00004117_rank995,487,487,0.10264,0
ILSVRC2012_val_00000389_with_ILSVRC2012_val_00035023_rank570,62,61,0.73285,1
ILSVRC2012_val_00000389_with_ILSVRC2012_val_00011032_rank328,378,206,0.44364,514
ILSVRC2012_val_00000389_with_ILSVRC2012_val_00016358_rank940,899,725,0.62382,1
ILSVRC2012_val_00000389_with_ILSVRC2012_val_00039595_rank385,286,286,0.23714,0
ILSVRC2012_val_00000389_with_ILSVRC2012_val_00037262_rank072,48,48,0.85294,0
ILSVRC2012_val_00000389_with_ILSVRC2012_val_00048486_rank456,239,241,0.42309,5
ILSVRC2012_val_00000389_with_ILSVRC2012_val_00004449_rank199,242,242,0.75567,0
ILSVRC2012_val_00000389_with_ILSVRC2012_val_00000697_rank607,971,971,0.69548,0
ILSVRC2012_val_00000389_with_ILSVRC2012_val_00034752_rank478,948,948,0.87692,0
ILSVRC2012_val_00000389_with_ILSVRC2012_val_00017851_rank005,128,128,0.33666,0
ILSVRC2012_val_00000389_with_ILSVRC2012_val_00020217_rank044,376,344,0.42954,87
ILSVRC2012_val_00000389_with_ILSVRC2012_val_00009974_rank064,96,96,0.6711,0
ILSVRC2012_val_00000389_with_ILSVRC2012_val_00035162_rank431,609,609,0.77887,0
ILSVRC2012_val_00000389_with_ILSVRC2012_val_00046544_rank200,327,327,0.82157,0
ILSVRC2012_val_00000389_with_ILSVRC2012_val_00031785_rank073,212,212,0.80564,0
ILSVRC2012_val_00000389_with_ILSVRC2012_val_00008470_rank970,885,501,0.12,3
ILSVRC2012_val_00000389_with_ILSVRC2012_val_00040000_rank045,82,82,0.86407,0
ILSVRC2012_val_00000389_with_ILSVRC2012_val_00001605_rank739,593,50,0.09544,388
ILSVRC2012_val_00000389_with_ILSVRC2012_val_00002612_rank530,803,866,0.42644,2
ILSVRC2012_val_00000389_with_ILSVRC2012_val_00012489_rank311,914,914,0.64304,0
ILSVRC2012_val_00000389_with_ILSVRC2012_val_00021132_rank458,689,601,0.336,1
ILSVRC2012_val_00000389_with_ILSVRC2012_val_00023788_rank165,231,231,0.59902,0
ILSVRC2012_val_00000389_with_ILSVRC2012_val_00019051_rank249,866,866,0.78343,0
ILSVRC2012_val_00000389_with_ILSVRC2012_val_00023408_rank284,339,339,0.88396,0
ILSVRC2012_val_00000389_with_ILSVRC2012_val_00027995_rank467,357,344,0.0916,54
ILSVRC2012_val_00000389_with_ILSVRC2012_val_00031341_rank862,786,786,0.87005,0
ILSVRC2012_val_00000389_with_ILSVRC2012_val_00013083_rank541,267,267,0.64065,0
ILSVRC2012_val_00000389_with_ILSVRC2012_val_00043580_rank397,166,167,0.2205,1
ILSVRC2012_val_00000389_with_ILSVRC2012_val_00044987_rank784,45,45,0.86553,0
ILSVRC2012_val_00000389_with_ILSVRC2012_val_00044506_rank794,824,824,0.90117,0
ILSVRC2012_val_00000389_with_ILSVRC2012_val_00028391_rank011,135,135,0.85141,0
ILSVRC2012_val_00000389_with_ILSVRC2012_val_00011636_rank490,625,625,0.86657,0
ILSVRC2012_val_00000389_with_ILSVRC2012_val_00005537_rank973,747,463,0.45541,91
ILSVRC2012_val_00000389_with_ILSVRC2012_val_00010886_rank753,600,600,0.27769,0
ILSVRC2012_val_00000389_with_ILSVRC2012_val_00042555_rank896,583,839,0.31066,15
ILSVRC2012_val_00000389_with_ILSVRC2012_val_00022410_rank853,714,472,0.2267,260
ILSVRC2012_val_00000389_with_ILSVRC2012_val_00029982_rank583,338,338,0.83736,0
ILSVRC2012_val_00000389_with_ILSVRC2012_val_00038059_rank547,113,113,0.84299,0
ILSVRC2012_val_00000389_with_ILSVRC2012_val_00023533_rank388,213,347,0.85404,95
ILSVRC2012_val_00000389_with_ILSVRC2012_val_00028179_rank993,464,975,0.34801,688
ILSVRC2012_val_00000389_with_ILSVRC2012_val_00007953_rank270,806,806,0.82487,0
ILSVRC2012_val_00000389_with_ILSVRC2012_val_00016151_rank260,780,780,0.7821,0
ILSVRC2012_val_00000389_with_ILSVRC2012_val_00019423_rank015,7,7,0.61613,0
ILSVRC2012_val_00000389_with_ILSVRC2012_val_00013276_rank910,808,693,0.54362,156
ILSVRC2012_val_00000389_with_ILSVRC2012_val_00021072_rank419,315,315,0.13473,0
ILSVRC2012_val_00000389_with_ILSVRC2012_val_00034830_rank562,473,412,0.05404,133
ILSVRC2012_val_00000389_with_ILSVRC2012_val_00015787_rank332,701,701,0.63986,0
ILSVRC2012_val_00000389_with_ILSVRC2012_val_00006806_rank630,434,501,0.7663,38
ILSVRC2012_val_00000389_with_ILSVRC2012_val_00025536_rank199,242,243,0.67626,1
ILSVRC2012_val_00000389_with_ILSVRC2012_val_00000511_rank397,166,166,0.82245,0
ILSVRC2012_val_00000389_with_ILSVRC2012_val_00010568_rank703,769,769,0.82681,0
ILSVRC2012_val_00000389_with_ILSVRC2012_val_00002581_rank857,775,797,0.75916,49
ILSVRC2012_val_00000389_with_ILSVRC2012_val_00010821_rank796,505,505,0.52402,0
ILSVRC2012_val_00000389_with_ILSVRC2012_val_00014468_rank842,38,38,0.75274,0
ILSVRC2012_val_00000389_with_ILSVRC2012_val_00022902_rank498,602,703,0.11186,229
ILSVRC2012_val_00000389_with_ILSVRC2012_val_00021626_rank227,380,380,0.82905,0
ILSVRC2012_val_00000389_with_ILSVRC2012_val_00022597_rank032,22,22,0.80178,0
ILSVRC2012_val_00000389_with_ILSVRC2012_val_00046284_rank254,669,669,0.87719,0
ILSVRC2012_val_00000389_with_ILSVRC2012_val_00033794_rank262,833,833,0.80284,0
ILSVRC2012_val_00000389_with_ILSVRC2012_val_00007116_rank398,174,174,0.62603,0
ILSVRC2012_val_00000389_with_ILSVRC2012_val_00038644_rank409,44,49,0.71937,13
ILSVRC2012_val_00000389_with_ILSVRC2012_val_00049803_rank142,16,16,0.81947,0
ILSVRC2012_val_00000389_with_ILSVRC2012_val_00026549_rank128,825,853,0.30649,8
ILSVRC2012_val_00000389_with_ILSVRC2012_val_00040386_rank432,226,207,0.19435,45
ILSVRC2012_val_00000389_with_ILSVRC2012_val_00029474_rank823,772,472,0.18633,332
ILSVRC2012_val_00000389_with_ILSVRC2012_val_00011877_rank236,360,360,0.70504,0
ILSVRC2012_val_00000389_with_ILSVRC2012_val_00009194_rank050,87,87,0.85921,0
ILSVRC2012_val_00000389_with_ILSVRC2012_val_00011951_rank945,491,491,0.83604,0
ILSVRC2012_val_00000389_with_ILSVRC2012_val_00012423_rank394,291,291,0.78137,0
ILSVRC2012_val_00000389_with_ILSVRC2012_val_00039284_rank151,984,984,0.85233,0
ILSVRC2012_val_00000389_with_ILSVRC2012_val_00033078_rank041,88,88,0.80698,0
ILSVRC2012_val_00000389_with_ILSVRC2012_val_00021928_rank286,330,330,0.77371,0
ILSVRC2012_val_00000389_with_ILSVRC2012_val_00046654_rank012,9,9,0.82117,0
ILSVRC2012_val_00000389_with_ILSVRC2012_val_00044011_rank111,94,94,0.91807,0
ILSVRC2012_val_00000389_with_ILSVRC2012_val_00037710_rank023,98,97,0.0972,1
ILSVRC2012_val_00000389_with_ILSVRC2012_val_00045171_rank180,280,280,0.75291,0
ILSVRC2012_val_00000389_with_ILSVRC2012_val_00045932_rank171,557,143,0.11895,388
ILSVRC2012_val_00000389_with_ILSVRC2012_val_00022462_rank499,417,417,0.86067,0
ILSVRC2012_val_00000389_with_ILSVRC2012_val_00046529_rank569,78,78,0.5943,0
ILSVRC2012_val_00000389_with_ILSVRC2012_val_00031615_rank184,832,832,0.83758,0
ILSVRC2012_val_00000389_with_ILSVRC2012_val_00023968_rank620,161,161,0.79247,0
ILSVRC2012_val_00000389_with_ILSVRC2012_val_00011419_rank366,393,723,0.45566,224
ILSVRC2012_val_00000389_with_ILSVRC2012_val_00032187_rank967,773,773,0.70942,0
ILSVRC2012_val_00000389_with_ILSVRC2012_val_00024953_rank854,931,931,0.80838,0
ILSVRC2012_val_00000389_with_ILSVRC2012_val_00007012_rank889,414,414,0.32983,0
ILSVRC2012_val_00000389_with_ILSVRC2012_val_00043221_rank229,36,35,0.65267,1
ILSVRC2012_val_00000389_with_ILSVRC2012_val_00022306_rank734,545,545,0.87204,0
ILSVRC2012_val_00000389_with_ILSVRC2012_val_00045332_rank848,713,713,0.81506,0
ILSVRC2012_val_00000389_with_ILSVRC2012_val_00046344_rank830,125,125,0.67947,0
ILSVRC2012_val_00000389_with_ILSVRC2012_val_00030672_rank024,141,141,0.84521,0
ILSVRC2012_val_00000389_with_ILSVRC2012_val_00029026_rank607,971,971,0.78733,0
ILSVRC2012_val_00000389_with_ILSVRC2012_val_00049363_rank216,888,888,0.75676,0
ILSVRC2012_val_00000389_with_ILSVRC2012_val_00015500_rank092,124,394,0.11445,92
ILSVRC2012_val_00000389_with_ILSVRC2012_val_00035924_rank067,946,135,0.30637,54
ILSVRC2012_val_00000389_with_ILSVRC2012_val_00007923_rank909,105,105,0.8349,0
ILSVRC2012_val_00000389_with_ILSVRC2012_val_00038649_rank665,169,217,0.38481,43
ILSVRC2012_val_00000389_with_ILSVRC2012_val_00047741_rank722,905,753,0.1703,4
ILSVRC2012_val_00000389_with_ILSVRC2012_val_00016812_rank655,681,681,0.46313,0
ILSVRC2012_val_00000389_with_ILSVRC2012_val_00045230_rank090,373,373,0.62716,0
ILSVRC2012_val_00000389_with_ILSVRC2012_val_00040861_rank618,642,642,0.23058,0
ILSVRC2012_val_00000389_with_ILSVRC2012_val_00028623_rank116,278,278,0.64678,0
ILSVRC2012_val_00000389_with_ILSVRC2012_val_00016167_rank672,564,564,0.56521,0
ILSVRC2012_val_00000389_with_ILSVRC2012_val_00025720_rank163,225,225,0.68368,0
ILSVRC2012_val_00000389_with_ILSVRC2012_val_00033332_rank839,631,631,0.29369,0
ILSVRC2012_val_00000389_with_ILSVRC2012_val_00030368_rank405,195,195,0.45032,0
ILSVRC2012_val_00000389_with_ILSVRC2012_val_00005416_rank842,38,38,0.8589,0
ILSVRC2012_val_00000389_with_ILSVRC2012_val_00014174_rank234,155,155,0.8071,0
ILSVRC2012_val_00000389_with_ILSVRC2012_val_00028278_rank777,503,503,0.77572,0
ILSVRC2012_val_00000389_with_ILSVRC2012_val_00023208_rank106,148,148,0.81089,0
ILSVRC2012_val_00000389_with_ILSVRC2012_val_00009435_rank731,262,262,0.23057,0
ILSVRC2012_val_00000389_with_ILSVRC2012_val_00010113_rank391,255,255,0.82028,0
ILSVRC2012_val_00000389_with_ILSVRC2012_val_00047151_rank182,369,369,0.80406,0
ILSVRC2012_val_00000389_with_ILSVRC2012_val_00044883_rank427,523,523,0.84057,0
ILSVRC2012_val_00000389_with_ILSVRC2012_val_00026965_rank512,95,95,0.83919,0
ILSVRC2012_val_00000389_with_ILSVRC2012_val_00017037_rank488,513,913,0.17735,620
ILSVRC2012_val_00000389_with_ILSVRC2012_val_00024567_rank079,178,178,0.78309,0
ILSVRC2012_val_00000389_with_ILSVRC2012_val_00030444_rank569,78,78,0.80989,0
ILSVRC2012_val_00000389_with_ILSVRC2012_val_00009790_rank567,700,700,0.72324,0
ILSVRC2012_val_00000389_with_ILSVRC2012_val_00002023_rank729,10,10,0.86637,0
ILSVRC2012_val_00000389_with_ILSVRC2012_val_00026679_rank071,91,91,0.82671,0
ILSVRC2012_val_00000389_with_ILSVRC2012_val_00025486_rank594,456,21,0.60398,244
ILSVRC2012_val_00000389_with_ILSVRC2012_val_00004246_rank863,736,736,0.58663,0
ILSVRC2012_val_00000389_with_ILSVRC2012_val_00026398_rank312,511,511,0.74502,0
ILSVRC2012_val_00000389_with_ILSVRC2012_val_00045199_rank289,462,412,0.16002,91
ILSVRC2012_val_00000389_with_ILSVRC2012_val_00007077_rank007,138,138,0.80081,0
ILSVRC2012_val_00000389_with_ILSVRC2012_val_00004544_rank749,894,637,0.2062,191
ILSVRC2012_val_00000389_with_ILSVRC2012_val_00044449_rank427,523,975,0.17178,768
ILSVRC2012_val_00000389_with_ILSVRC2012_val_00017465_rank831,684,684,0.83472,0
ILSVRC2012_val_00000389_with_ILSVRC2012_val_00012696_rank396,915,853,0.7028,3
ILSVRC2012_val_00000389_with_ILSVRC2012_val_00011842_rank764,494,494,0.80379,0
ILSVRC2012_val_00000389_with_ILSVRC2012_val_00042821_rank266,475,475,0.82536,0
ILSVRC2012_val_00000389_with_ILSVRC2012_val_00016045_rank417,750,797,0.71964,5
ILSVRC2012_val_00000389_with_ILSVRC2012_val_00036884_rank654,510,510,0.81393,0
ILSVRC2012_val_00000389_with_ILSVRC2012_val_00043043_rank619,47,47,0.85002,0
ILSVRC2012_val_00000389_with_ILSVRC2012_val_00036994_rank075,489,489,0.4144,0
ILSVRC2012_val_00000389_with_ILSVRC2012_val_00001056_rank043,145,145,0.84667,0
ILSVRC2012_val_00000389_with_ILSVRC2012_val_00038949_rank290,874,874,0.69058,0
ILSVRC2012_val_00000389_with_ILSVRC2012_val_00011405_rank558,403,403,0.44336,0
ILSVRC2012_val_00000389_with_ILSVRC2012_val_00009830_rank094,371,371,0.84564,0
ILSVRC2012_val_00000389_with_ILSVRC2012_val_00017559_rank236,360,234,0.26639,246
ILSVRC2012_val_00000389_with_ILSVRC2012_val_00008074_rank117,374,374,0.65896,0
ILSVRC2012_val_00000389_with_ILSVRC2012_val_00000555_rank486,875,875,0.30075,0
ILSVRC2012_val_00000389_with_ILSVRC2012_val_00026331_rank083,336,336,0.82803,0
ILSVRC2012_val_00000389_with_ILSVRC2012_val_00032621_rank459,109,109,0.88166,0
ILSVRC2012_val_00000389_with_ILSVRC2012_val_00015721_rank112,46,46,0.60016,0
ILSVRC2012_val_00000389_with_ILSVRC2012_val_00037158_rank886,771,771,0.81842,0
ILSVRC2012_val_00000389_with_ILSVRC2012_val_00031747_rank233,268,268,0.71689,0
ILSVRC2012_val_00000389_with_ILSVRC2012_val_00045147_rank154,913,913,0.66793,0
ILSVRC2012_val_00000389_with_ILSVRC2012_val_00027431_rank762,729,729,0.89087,0
ILSVRC2012_val_00000389_with_ILSVRC2012_val_00013778_rank758,427,427,0.67189,0
ILSVRC2012_val_00000389_with_ILSVRC2012_val_00042490_rank866,650,471,0.41415,156
ILSVRC2012_val_00000389_with_ILSVRC2012_val_00021573_rank871,252,197,0.43123,8
ILSVRC2012_val_00000389_with_ILSVRC2012_val_00047127_rank386,108,328,0.54617,2
ILSVRC2012_val_00000389_with_ILSVRC2012_val_00031269_rank232,101,101,0.75275,0
ILSVRC2012_val_00000389_with_ILSVRC2012_val_00018563_rank648,68,67,0.54309,3
ILSVRC2012_val_00000389_with_ILSVRC2012_val_00003748_rank534,30,30,0.87568,0
ILSVRC2012_val_00000389_with_ILSVRC2012_val_00016308_rank130,42,42,0.42909,0
ILSVRC2012_val_00000389_with_ILSVRC2012_val_00025926_rank168,150,150,0.78269,0
ILSVRC2012_val_00000389_with_ILSVRC2012_val_00048193_rank103,449,975,0.36784,1
ILSVRC2012_val_00000389_with_ILSVRC2012_val_00040610_rank204,991,649,0.17359,180
ILSVRC2012_val_00000389_with_ILSVRC2012_val_00041679_rank950,419,419,0.73023,0
ILSVRC2012_val_00000389_with_ILSVRC2012_val_00043300_rank051,15,15,0.78882,0
ILSVRC2012_val_00000389_with_ILSVRC2012_val_00044064_rank219,716,716,0.2897,0
ILSVRC2012_val_00000389_with_ILSVRC2012_val_00046897_rank280,171,171,0.70715,0
ILSVRC2012_val_00000389_with_ILSVRC2012_val_00039317_rank853,714,472,0.31781,260
ILSVRC2012_val_00000389_with_ILSVRC2012_val_00015548_rank799,968,968,0.58538,0
ILSVRC2012_val_00000389_with_ILSVRC2012_val_00040289_rank060,381,259,0.07915,59
ILSVRC2012_val_00000389_with_ILSVRC2012_val_00014055_rank943,367,367,0.37295,0
ILSVRC2012_val_00000389_with_ILSVRC2012_val_00008950_rank433,571,637,0.21285,4
ILSVRC2012_val_00000389_with_ILSVRC2012_val_00049603_rank253,372,372,0.36494,0
ILSVRC2012_val_00000389_with_ILSVRC2012_val_00005970_rank535,398,398,0.86534,0
ILSVRC2012_val_00000389_with_ILSVRC2012_val_00040825_rank247,363,363,0.84679,0
ILSVRC2012_val_00000389_with_ILSVRC2012_val_00011892_rank487,341,344,0.65202,5
ILSVRC2012_val_00000389_with_ILSVRC2012_val_00001089_rank726,508,758,0.20511,958
ILSVRC2012_val_00000389_with_ILSVRC2012_val_00027017_rank445,203,203,0.77479,0
ILSVRC2012_val_00000389_with_ILSVRC2012_val_00015911_rank468,345,345,0.84737,0
ILSVRC2012_val_00000389_with_ILSVRC2012_val_00047118_rank272,299,299,0.75685,0
ILSVRC2012_val_00000389_with_ILSVRC2012_val_00041615_rank441,614,614,0.85924,0
ILSVRC2012_val_00000389_with_ILSVRC2012_val_00030109_rank573,572,966,0.39583,2
ILSVRC2012_val_00000389_with_ILSVRC2012_val_00047951_rank885,929,338,0.59832,180
ILSVRC2012_val_00000389_with_ILSVRC2012_val_00020942_rank074,351,351,0.76474,0
ILSVRC2012_val_00000389_with_ILSVRC2012_val_00008063_rank667,655,913,0.36119,652
ILSVRC2012_val_00000389_with_ILSVRC2012_val_00030540_rank511,216,216,0.88168,0
ILSVRC2012_val_00000389_with_ILSVRC2012_val_00036369_rank317,407,407,0.75678,0
ILSVRC2012_val_00000389_with_ILSVRC2012_val_00000273_rank188,361,227,0.17754,119
ILSVRC2012_val_00000389_with_ILSVRC2012_val_00015619_rank882,756,463,0.71538,6
ILSVRC2012_val_00000389_with_ILSVRC2012_val_00002573_rank404,197,197,0.72276,0
ILSVRC2012_val_00000389_with_ILSVRC2012_val_00025309_rank476,229,229,0.81131,0
ILSVRC2012_val_00000389_with_ILSVRC2012_val_00000212_rank821,889,486,0.68265,1
ILSVRC2012_val_00000389_with_ILSVRC2012_val_00011432_rank039,8,766,0.13326,75
ILSVRC2012_val_00000389_with_ILSVRC2012_val_00042513_rank061,348,348,0.85487,0
ILSVRC2012_val_00000389_with_ILSVRC2012_val_00005849_rank740,608,608,0.69809,0
ILSVRC2012_val_00000389_with_ILSVRC2012_val_00004248_rank404,197,197,0.83655,0
ILSVRC2012_val_00000389_with_ILSVRC2012_val_00039984_rank994,711,711,0.67271,0
ILSVRC2012_val_00000389_with_ILSVRC2012_val_00045629_rank479,728,501,0.23435,79
ILSVRC2012_val_00000389_with_ILSVRC2012_val_00028658_rank783,847,586,0.66577,1
ILSVRC2012_val_00000389_with_ILSVRC2012_val_00016376_rank564,793,701,0.50919,205
ILSVRC2012_val_00000389_with_ILSVRC2012_val_00025122_rank706,321,321,0.85878,0
ILSVRC2012_val_00000389_with_ILSVRC2012_val_00028892_rank445,203,203,0.67833,0
ILSVRC2012_val_00000389_with_ILSVRC2012_val_00006908_rank776,392,392,0.85648,0
ILSVRC2012_val_00000389_with_ILSVRC2012_val_00008478_rank832,694,694,0.81835,0
ILSVRC2012_val_00000389_with_ILSVRC2012_val_00015368_rank873,778,127,0.19312,638
ILSVRC2012_val_00000389_with_ILSVRC2012_val_00032489_rank787,892,409,0.72323,1
ILSVRC2012_val_00000389_with_ILSVRC2012_val_00034669_rank072,48,48,0.71897,0
ILSVRC2012_val_00000389_with_ILSVRC2012_val_00040048_rank345,59,132,0.28204,128
ILSVRC2012_val_00000389_with_ILSVRC2012_val_00013065_rank617,616,121,0.27492,121
ILSVRC2012_val_00000389_with_ILSVRC2012_val_00031674_rank229,36,36,0.44362,0
ILSVRC2012_val_00000389_with_ILSVRC2012_val_00034362_rank605,549,135,0.28779,824
ILSVRC2012_val_00000389_with_ILSVRC2012_val_00017620_rank899,447,447,0.83275,0
ILSVRC2012_val_00000389_with_ILSVRC2012_val_00000544_rank502,820,820,0.80767,0
ILSVRC2012_val_00000389_with_ILSVRC2012_val_00025130_rank023,98,98,0.837,0
ILSVRC2012_val_00000389_with_ILSVRC2012_val_00046890_rank844,651,651,0.69318,0
ILSVRC2012_val_00000389_with_ILSVRC2012_val_00027099_rank888,664,782,0.27976,1
ILSVRC2012_val_00000389_with_ILSVRC2012_val_00020059_rank735,32,32,0.32208,0
ILSVRC2012_val_00000389_with_ILSVRC2012_val_00035287_rank019,84,84,0.77572,0
ILSVRC2012_val_00000389_with_ILSVRC2012_val_00039794_rank949,206,206,0.79891,0
ILSVRC2012_val_00000389_with_ILSVRC2012_val_00042447_rank827,849,849,0.80221,0
ILSVRC2012_val_00000389_with_ILSVRC2012_val_00032522_rank956,241,241,0.61549,0
ILSVRC2012_val_00000389_with_ILSVRC2012_val_00023315_rank490,625,625,0.74957,0
ILSVRC2012_val_00000389_with_ILSVRC2012_val_00009414_rank809,677,872,0.3706,240
ILSVRC2012_val_00000389_with_ILSVRC2012_val_00014226_rank709,988,988,0.82275,0
ILSVRC2012_val_00000389_with_ILSVRC2012_val_00041115_rank565,227,237,0.44294,4
ILSVRC2012_val_00000389_with_ILSVRC2012_val_00034170_rank837,430,112,0.07792,551
ILSVRC2012_val_00000389_with_ILSVRC2012_val_00015913_rank068,24,24,0.80352,0
ILSVRC2012_val_00000389_with_ILSVRC2012_val_00029890_rank291,364,364,0.8105,0
ILSVRC2012_val_00000389_with_ILSVRC2012_val_00012282_rank279,497,538,0.32801,3
ILSVRC2012_val_00000389_with_ILSVRC2012_val_00048659_rank192,14,14,0.36118,0
ILSVRC2012_val_00000389_with_ILSVRC2012_val_00008542_rank300,28,25,0.82897,1
ILSVRC2012_val_00000389_with_ILSVRC2012_val_00043489_rank212,698,609,0.64009,126
ILSVRC2012_val_00000389_with_ILSVRC2012_val_00012490_rank255,656,656,0.49409,0
ILSVRC2012_val_00000389_with_ILSVRC2012_val_00048388_rank090,373,373,0.74708,0
ILSVRC2012_val_00000389_with_ILSVRC2012_val_00049848_rank610,520,520,0.77516,0
ILSVRC2012_val_00000389_with_ILSVRC2012_val_00045968_rank876,165,165,0.82403,0
ILSVRC2012_val_00000389_with_ILSVRC2012_val_00048719_rank776,392,392,0.76551,0
ILSVRC2012_val_00000389_with_ILSVRC2012_val_00037329_rank298,389,389,0.84963,0
ILSVRC2012_val_00000389_with_ILSVRC2012_val_00037665_rank251,955,649,0.0839,158
ILSVRC2012_val_00000389_with_ILSVRC2012_val_00015315_rank883,731,677,0.66781,165
ILSVRC2012_val_00000389_with_ILSVRC2012_val_00030600_rank418,556,565,0.78155,170
ILSVRC2012_val_00000389_with_ILSVRC2012_val_00013858_rank718,63,63,0.53277,0
ILSVRC2012_val_00000389_with_ILSVRC2012_val_00034635_rank159,853,853,0.6403,0
ILSVRC2012_val_00000389_with_ILSVRC2012_val_00002670_rank797,785,700,0.1031,234
ILSVRC2012_val_00000389_with_ILSVRC2012_val_00026948_rank130,42,42,0.16939,0
ILSVRC2012_val_00000389_with_ILSVRC2012_val_00007584_rank881,956,956,0.80435,0
ILSVRC2012_val_00000389_with_ILSVRC2012_val_00025005_rank256,331,331,0.80466,0
ILSVRC2012_val_00000389_with_ILSVRC2012_val_00002714_rank804,189,191,0.74828,2
ILSVRC2012_val_00000389_with_ILSVRC2012_val_00038619_rank535,398,398,0.86219,0
ILSVRC2012_val_00000389_with_ILSVRC2012_val_00032072_rank019,84,84,0.80209,0
ILSVRC2012_val_00000389_with_ILSVRC2012_val_00008197_rank321,250,250,0.44194,0
ILSVRC2012_val_00000389_with_ILSVRC2012_val_00017101_rank962,691,975,0.25444,908
ILSVRC2012_val_00000389_with_ILSVRC2012_val_00004294_rank036,375,375,0.63136,0
ILSVRC2012_val_00000389_with_ILSVRC2012_val_00009923_rank029,143,143,0.83878,0
ILSVRC2012_val_00000389_with_ILSVRC2012_val_00028281_rank276,672,672,0.63789,0
ILSVRC2012_val_00000389_with_ILSVRC2012_val_00030802_rank832,694,694,0.70117,0
ILSVRC2012_val_00000389_with_ILSVRC2012_val_00018550_rank411,187,187,0.4843,0
ILSVRC2012_val_00000389_with_ILSVRC2012_val_00024809_rank675,153,153,0.8741,0
ILSVRC2012_val_00000389_with_ILSVRC2012_val_00012854_rank993,464,346,0.10692,827
ILSVRC2012_val_00000389_with_ILSVRC2012_val_00041316_rank810,117,117,0.85181,0
ILSVRC2012_val_00000389_with_ILSVRC2012_val_00036726_rank548,776,913,0.152,231
ILSVRC2012_val_00000389_with_ILSVRC2012_val_00034073_rank947,674,674,0.78422,0
ILSVRC2012_val_00000389_with_ILSVRC2012_val_00005482_rank340,300,300,0.73811,0
ILSVRC2012_val_00000389_with_ILSVRC2012_val_00013157_rank829,685,685,0.68869,0
ILSVRC2012_val_00000389_with_ILSVRC2012_val_00041267_rank239,290,288,0.55986,1
ILSVRC2012_val_00000389_with_ILSVRC2012_val_00002273_rank324,690,690,0.46791,0
ILSVRC2012_val_00000389_with_ILSVRC2012_val_00037912_rank447,586,586,0.84789,0
ILSVRC2012_val_00000389_with_ILSVRC2012_val_00019719_rank367,170,170,0.75546,0
ILSVRC2012_val_00000389_with_ILSVRC2012_val_00010263_rank418,556,900,0.17515,404
ILSVRC2012_val_00000389_with_ILSVRC2012_val_00031151_rank831,684,684,0.84127,0
ILSVRC2012_val_00000389_with_ILSVRC2012_val_00041151_rank086,575,575,0.81586,0
ILSVRC2012_val_00000389_with_ILSVRC2012_val_00003309_rank539,953,953,0.8462,0
ILSVRC2012_val_00000389_with_ILSVRC2012_val_00013251_rank169,211,211,0.84075,0
ILSVRC2012_val_00000389_with_ILSVRC2012_val_00033388_rank868,463,463,0.81432,0
ILSVRC2012_val_00000389_with_ILSVRC2012_val_00012634_rank173,574,574,0.78203,0
ILSVRC2012_val_00000389_with_ILSVRC2012_val_00023607_rank012,9,9,0.8234,0
ILSVRC2012_val_00000389_with_ILSVRC2012_val_00036372_rank714,941,941,0.75392,0
ILSVRC2012_val_00000389_with_ILSVRC2012_val_00019097_rank748,67,879,0.12668,684
ILSVRC2012_val_00000389_with_ILSVRC2012_val_00019496_rank312,511,511,0.77672,0
ILSVRC2012_val_00000389_with_ILSVRC2012_val_00047607_rank848,713,713,0.79183,0
ILSVRC2012_val_00000389_with_ILSVRC2012_val_00010055_rank1000,543,295,0.13722,841
ILSVRC2012_val_00000389_with_ILSVRC2012_val_00022809_rank608,488,490,0.54844,4
ILSVRC2012_val_00000389_with_ILSVRC2012_val_00037877_rank451,603,603,0.83044,0
ILSVRC2012_val_00000389_with_ILSVRC2012_val_00045886_rank730,561,561,0.85396,0
ILSVRC2012_val_00000389_with_ILSVRC2012_val_00001609_rank815,541,541,0.67788,0
ILSVRC2012_val_00000389_with_ILSVRC2012_val_00035018_rank516,468,468,0.83224,0
ILSVRC2012_val_00000389_with_ILSVRC2012_val_00049771_rank506,834,834,0.70381,0
ILSVRC2012_val_00000389_with_ILSVRC2012_val_00019639_rank403,175,226,0.73413,3
ILSVRC2012_val_00000389_with_ILSVRC2012_val_00034808_rank242,325,325,0.78307,0
ILSVRC2012_val_00000389_with_ILSVRC2012_val_00017692_rank377,284,284,0.76898,0
ILSVRC2012_val_00000389_with_ILSVRC2012_val_00033803_rank217,405,405,0.90643,0
ILSVRC2012_val_00000389_with_ILSVRC2012_val_00001759_rank891,816,900,0.16174,337
ILSVRC2012_val_00000389_with_ILSVRC2012_val_00016481_rank610,520,520,0.8605,0
ILSVRC2012_val_00000389_with_ILSVRC2012_val_00047871_rank393,329,329,0.95556,0
ILSVRC2012_val_00000389_with_ILSVRC2012_val_00014334_rank704,850,649,0.56878,570
ILSVRC2012_val_00000389_with_ILSVRC2012_val_00030683_rank725,622,622,0.84483,0
ILSVRC2012_val_00000389_with_ILSVRC2012_val_00015884_rank840,478,478,0.78673,0
ILSVRC2012_val_00000389_with_ILSVRC2012_val_00014730_rank235,182,182,0.67856,0
ILSVRC2012_val_00000389_with_ILSVRC2012_val_00013761_rank253,372,372,0.65961,0
ILSVRC2012_val_00000389_with_ILSVRC2012_val_00010665_rank398,174,174,0.77252,0
ILSVRC2012_val_00000389_with_ILSVRC2012_val_00026601_rank766,794,913,0.20336,454
ILSVRC2012_val_00000389_with_ILSVRC2012_val_00005938_rank952,589,132,0.55035,860
ILSVRC2012_val_00000389_with_ILSVRC2012_val_00001777_rank096,167,166,0.63271,1
ILSVRC2012_val_00000389_with_ILSVRC2012_val_00034923_rank329,309,77,0.37752,36
ILSVRC2012_val_00000389_with_ILSVRC2012_val_00032329_rank951,699,975,0.10265,823
ILSVRC2012_val_00000389_with_ILSVRC2012_val_00030136_rank302,296,296,0.85942,0
ILSVRC2012_val_00000389_with_ILSVRC2012_val_00049208_rank486,875,671,0.76347,873
ILSVRC2012_val_00000389_with_ILSVRC2012_val_00044793_rank945,491,491,0.82248,0
ILSVRC2012_val_00000389_with_ILSVRC2012_val_00005051_rank304,779,779,0.87571,0
ILSVRC2012_val_00000389_with_ILSVRC2012_val_00022729_rank363,904,591,0.35131,54
ILSVRC2012_val_00000389_with_ILSVRC2012_val_00036133_rank622,452,701,0.13528,563
ILSVRC2012_val_00000389_with_ILSVRC2012_val_00022560_rank573,572,441,0.49934,1
ILSVRC2012_val_00000389_with_ILSVRC2012_val_00004569_rank401,238,238,0.40134,0
ILSVRC2012_val_00000389_with_ILSVRC2012_val_00000155_rank544,937,708,0.18785,858
ILSVRC2012_val_00000389_with_ILSVRC2012_val_00044263_rank595,758,758,0.3698,0
ILSVRC2012_val_00000389_with_ILSVRC2012_val_00043007_rank285,180,180,0.75947,0
ILSVRC2012_val_00000389_with_ILSVRC2012_val_00046774_rank158,986,986,0.81863,0
ILSVRC2012_val_00000389_with_ILSVRC2012_val_00007367_rank274,198,233,0.74633,3
ILSVRC2012_val_00000389_with_ILSVRC2012_val_00034377_rank899,447,447,0.76412,0
ILSVRC2012_val_00000389_with_ILSVRC2012_val_00008385_rank816,659,647,0.35288,3
ILSVRC2012_val_00000389_with_ILSVRC2012_val_00039525_rank342,6,6,0.42207,0
ILSVRC2012_val_00000389_with_ILSVRC2012_val_00004485_rank888,664,651,0.83634,21
ILSVRC2012_val_00000389_with_ILSVRC2012_val_00032597_rank643,459,459,0.83743,0
ILSVRC2012_val_00000389_with_ILSVRC2012_val_00035277_rank859,426,426,0.85268,0
ILSVRC2012_val_00000389_with_ILSVRC2012_val_00042624_rank329,309,309,0.39692,0
ILSVRC2012_val_00000389_with_ILSVRC2012_val_00028827_rank286,330,331,0.79172,1
ILSVRC2012_val_00000389_with_ILSVRC2012_val_00001289_rank798,423,423,0.70167,0
ILSVRC2012_val_00000389_with_ILSVRC2012_val_00027748_rank336,723,723,0.83121,0
ILSVRC2012_val_00000389_with_ILSVRC2012_val_00027418_rank518,544,544,0.75198,0
ILSVRC2012_val_00000389_with_ILSVRC2012_val_00044162_rank996,753,912,0.25747,157
ILSVRC2012_val_00000389_with_ILSVRC2012_val_00033335_rank134,382,382,0.66873,0
ILSVRC2012_val_00000389_with_ILSVRC2012_val_00011151_rank263,637,637,0.72856,0
ILSVRC2012_val_00000389_with_ILSVRC2012_val_00002527_rank103,449,448,0.23055,33
ILSVRC2012_val_00000389_with_ILSVRC2012_val_00019451_rank328,378,378,0.72682,0
ILSVRC2012_val_00000389_with_ILSVRC2012_val_00004268_rank609,501,132,0.06287,386
ILSVRC2012_val_00000389_with_ILSVRC2012_val_00006342_rank810,117,117,0.73094,0
ILSVRC2012_val_00000389_with_ILSVRC2012_val_00008930_rank587,196,191,0.41449,26
ILSVRC2012_val_00000389_with_ILSVRC2012_val_00043120_rank095,958,958,0.84584,0
ILSVRC2012_val_00000389_with_ILSVRC2012_val_00015148_rank943,367,367,0.80239,0
ILSVRC2012_val_00000389_with_ILSVRC2012_val_00042356_rank740,608,879,0.83393,53
ILSVRC2012_val_00000389_with_ILSVRC2012_val_00000516_rank937,567,701,0.14515,773
ILSVRC2012_val_00000389_with_ILSVRC2012_val_00013543_rank969,823,982,0.16259,205
ILSVRC2012_val_00000389_with_ILSVRC2012_val_00018357_rank137,234,234,0.82547,0
ILSVRC2012_val_00000389_with_ILSVRC2012_val_00010879_rank532,841,841,0.687,0
ILSVRC2012_val_00000389_with_ILSVRC2012_val_00043515_rank811,126,22,0.38024,130
ILSVRC2012_val_00000389_with_ILSVRC2012_val_00032158_rank064,96,96,0.81317,0
ILSVRC2012_val_00000389_with_ILSVRC2012_val_00000630_rank465,959,959,0.84236,0
ILSVRC2012_val_00000389_with_ILSVRC2012_val_00022264_rank713,156,218,0.57193,1
ILSVRC2012_val_00000389_with_ILSVRC2012_val_00028702_rank222,209,209,0.71633,0
ILSVRC2012_val_00000389_with_ILSVRC2012_val_00018070_rank991,777,344,0.76459,822
ILSVRC2012_val_00000389_with_ILSVRC2012_val_00016586_rank566,354,354,0.80566,0
ILSVRC2012_val_00000389_with_ILSVRC2012_val_00017214_rank987,765,765,0.82822,0
ILSVRC2012_val_00000389_with_ILSVRC2012_val_00047566_rank800,244,244,0.77339,0
ILSVRC2012_val_00000389_with_ILSVRC2012_val_00009873_rank332,701,701,0.86934,0
ILSVRC2012_val_00000389_with_ILSVRC2012_val_00037527_rank709,988,988,0.8149,0
ILSVRC2012_val_00000389_with_ILSVRC2012_val_00032815_rank359,471,471,0.48394,0
ILSVRC2012_val_00000389_with_ILSVRC2012_val_00002032_rank732,577,577,0.62883,0
ILSVRC2012_val_00000389_with_ILSVRC2012_val_00031195_rank134,382,382,0.64901,0
ILSVRC2012_val_00000389_with_ILSVRC2012_val_00014991_rank029,143,143,0.81003,0
ILSVRC2012_val_00000389_with_ILSVRC2012_val_00021139_rank057,80,80,0.75514,0
ILSVRC2012_val_00000389_with_ILSVRC2012_val_00007108_rank034,346,346,0.83884,0
ILSVRC2012_val_00000389_with_ILSVRC2012_val_00045403_rank158,986,701,0.34679,534
ILSVRC2012_val_00000389_with_ILSVRC2012_val_00019710_rank841,29,344,0.11686,115
ILSVRC2012_val_00000389_with_ILSVRC2012_val_00018246_rank516,468,468,0.6582,0
ILSVRC2012_val_00000389_with_ILSVRC2012_val_00049001_rank598,671,471,0.8376,50
ILSVRC2012_val_00000389_with_ILSVRC2012_val_00007336_rank845,891,891,0.63379,0
ILSVRC2012_val_00000389_with_ILSVRC2012_val_00038439_rank330,770,985,0.60666,62
ILSVRC2012_val_00000389_with_ILSVRC2012_val_00042146_rank446,495,660,0.67335,81
ILSVRC2012_val_00000389_with_ILSVRC2012_val_00044032_rank314,627,627,0.83112,0
ILSVRC2012_val_00000389_with_ILSVRC2012_val_00015646_rank647,559,559,0.83782,0
ILSVRC2012_val_00000389_with_ILSVRC2012_val_00011453_rank894,121,121,0.78114,0
ILSVRC2012_val_00000389_with_ILSVRC2012_val_00027011_rank398,174,174,0.76059,0
ILSVRC2012_val_00000389_with_ILSVRC2012_val_00015174_rank065,104,104,0.69117,0
ILSVRC2012_val_00000389_with_ILSVRC2012_val_00022608_rank894,121,122,0.37369,3
ILSVRC2012_val_00000389_with_ILSVRC2012_val_00022271_rank654,510,510,0.8156,0
ILSVRC2012_val_00000389_with_ILSVRC2012_val_00046677_rank078,139,139,0.78017,0
ILSVRC2012_val_00000389_with_ILSVRC2012_val_00019467_rank719,305,307,0.3216,5
ILSVRC2012_val_00000389_with_ILSVRC2012_val_00010522_rank307,58,58,0.73454,0
ILSVRC2012_val_00000389_with_ILSVRC2012_val_00032473_rank041,88,88,0.87229,0
ILSVRC2012_val_00000389_with_ILSVRC2012_val_00038065_rank088,334,334,0.82416,0
ILSVRC2012_val_00000389_with_ILSVRC2012_val_00002330_rank319,246,246,0.76671,0
ILSVRC2012_val_00000389_with_ILSVRC2012_val_00007653_rank689,890,890,0.68274,0
ILSVRC2012_val_00000389_with_ILSVRC2012_val_00025299_rank745,258,257,0.315,1
ILSVRC2012_val_00000389_with_ILSVRC2012_val_00007101_rank344,665,665,0.805,0
ILSVRC2012_val_00000389_with_ILSVRC2012_val_00029391_rank863,736,913,0.6166,544
ILSVRC2012_val_00000389_with_ILSVRC2012_val_00015534_rank550,697,697,0.78505,0
ILSVRC2012_val_00000389_with_ILSVRC2012_val_00008155_rank512,95,95,0.80601,0
ILSVRC2012_val_00000389_with_ILSVRC2012_val_00021155_rank269,236,236,0.75472,0
ILSVRC2012_val_00000389_with_ILSVRC2012_val_00029506_rank411,187,187,0.78408,0
ILSVRC2012_val_00000389_with_ILSVRC2012_val_00040743_rank559,183,183,0.73474,0
ILSVRC2012_val_00000389_with_ILSVRC2012_val_00032894_rank331,717,717,0.48701,0
ILSVRC2012_val_00000389_with_ILSVRC2012_val_00005256_rank990,759,759,0.76862,0
ILSVRC2012_val_00000389_with_ILSVRC2012_val_00005439_rank556,399,501,0.34643,1
ILSVRC2012_val_00000389_with_ILSVRC2012_val_00022051_rank792,857,975,0.21627,905
ILSVRC2012_val_00000389_with_ILSVRC2012_val_00020963_rank346,158,158,0.42084,0
ILSVRC2012_val_00000389_with_ILSVRC2012_val_00024282_rank859,426,426,0.59248,0
ILSVRC2012_val_00000389_with_ILSVRC2012_val_00016890_rank454,256,256,0.86386,0
ILSVRC2012_val_00000389_with_ILSVRC2012_val_00013855_rank429,880,100,0.35588,795
ILSVRC2012_val_00000389_with_ILSVRC2012_val_00042934_rank786,601,601,0.3221,0
ILSVRC2012_val_00000389_with_ILSVRC2012_val_00027829_rank927,60,58,0.18338,9
ILSVRC2012_val_00000389_with_ILSVRC2012_val_00038761_rank245,164,210,0.43808,3
ILSVRC2012_val_00000389_with_ILSVRC2012_val_00036609_rank837,430,430,0.70292,0
ILSVRC2012_val_00000389_with_ILSVRC2012_val_00009606_rank880,540,540,0.82106,0
ILSVRC2012_val_00000389_with_ILSVRC2012_val_00046768_rank453,249,249,0.77804,0
ILSVRC2012_val_00000389_with_ILSVRC2012_val_00013283_rank106,148,148,0.24346,0
ILSVRC2012_val_00000389_with_ILSVRC2012_val_00002663_rank684,999,728,0.4418,13
ILSVRC2012_val_00000389_with_ILSVRC2012_val_00030646_rank815,541,541,0.73871,0
ILSVRC2012_val_00000389_with_ILSVRC2012_val_00021103_rank277,863,863,0.4985,0
ILSVRC2012_val_00000389_with_ILSVRC2012_val_00044672_rank721,264,264,0.3953,0
ILSVRC2012_val_00000389_with_ILSVRC2012_val_00022136_rank889,414,693,0.1786,128
ILSVRC2012_val_00000389_with_ILSVRC2012_val_00047023_rank218,448,448,0.54661,0
ILSVRC2012_val_00000389_with_ILSVRC2012_val_00006931_rank227,380,380,0.70055,0
ILSVRC2012_val_00000389_with_ILSVRC2012_val_00034185_rank160,317,317,0.86932,0
ILSVRC2012_val_00000389_with_ILSVRC2012_val_00023194_rank296,379,367,0.32056,15
ILSVRC2012_val_00000389_with_ILSVRC2012_val_00025377_rank625,831,831,0.81249,0
ILSVRC2012_val_00000389_with_ILSVRC2012_val_00046600_rank197,668,913,0.60969,112
ILSVRC2012_val_00000389_with_ILSVRC2012_val_00016259_rank448,4,4,0.60737,0
ILSVRC2012_val_00000389_with_ILSVRC2012_val_00023598_rank180,280,280,0.76712,0
ILSVRC2012_val_00000389_with_ILSVRC2012_val_00025075_rank010,129,129,0.86603,0
ILSVRC2012_val_00000389_with_ILSVRC2012_val_00045423_rank184,832,832,0.85411,0
ILSVRC2012_val_00000389_with_ILSVRC2012_val_00048723_rank507,237,236,0.3143,1
ILSVRC2012_val_00000389_with_ILSVRC2012_val_00007226_rank716,754,754,0.35021,0
ILSVRC2012_val_00000389_with_ILSVRC2012_val_00020888_rank043,145,145,0.79578,0
ILSVRC2012_val_00000389_with_ILSVRC2012_val_00007927_rank771,218,218,0.85555,0
ILSVRC2012_val_00000389_with_ILSVRC2012_val_00012131_rank944,954,954,0.78262,0
ILSVRC2012_val_00000389_with_ILSVRC2012_val_00031272_rank702,687,687,0.38935,0
ILSVRC2012_val_00000389_with_ILSVRC2012_val_00006966_rank175,301,301,0.83625,0
ILSVRC2012_val_00000389_with_ILSVRC2012_val_00018444_rank893,715,832,0.70939,25
ILSVRC2012_val_00000389_with_ILSVRC2012_val_00033852_rank590,789,789,0.75324,0
ILSVRC2012_val_00000389_with_ILSVRC2012_val_00031613_rank793,702,702,0.91037,0
ILSVRC2012_val_00000389_with_ILSVRC2012_val_00005042_rank638,615,608,0.38524,34
ILSVRC2012_val_00000389_with_ILSVRC2012_val_00004870_rank087,271,235,0.35209,32
ILSVRC2012_val_00000389_with_ILSVRC2012_val_00004118_rank100,72,72,0.59412,0
ILSVRC2012_val_00000389_with_ILSVRC2012_val_00047486_rank602,822,822,0.85746,0
ILSVRC2012_val_00000389_with_ILSVRC2012_val_00001476_rank465,959,959,0.82286,0
ILSVRC2012_val_00000389_with_ILSVRC2012_val_00018532_rank232,101,101,0.78011,0
ILSVRC2012_val_00000389_with_ILSVRC2012_val_00011145_rank172,483,483,0.54734,0
ILSVRC2012_val_00000389_with_ILSVRC2012_val_00003757_rank839,631,975,0.19381,609
ILSVRC2012_val_00000389_with_ILSVRC2012_val_00005628_rank337,289,287,0.49317,5
ILSVRC2012_val_00000389_with_ILSVRC2012_val_00017073_rank860,599,410,0.28172,1
ILSVRC2012_val_00000389_with_ILSVRC2012_val_00031741_rank306,391,391,0.79268,0
ILSVRC2012_val_00000389_with_ILSVRC2012_val_00007853_rank122,13,13,0.82151,0
ILSVRC2012_val_00000389_with_ILSVRC2012_val_00047523_rank106,148,128,0.44813,38
ILSVRC2012_val_00000389_with_ILSVRC2012_val_00030638_rank203,307,307,0.80848,0
ILSVRC2012_val_00000389_with_ILSVRC2012_val_00044945_rank686,629,629,0.25322,0
ILSVRC2012_val_00000389_with_ILSVRC2012_val_00033260_rank881,956,956,0.81637,0
ILSVRC2012_val_00000389_with_ILSVRC2012_val_00027604_rank703,769,975,0.18385,545
ILSVRC2012_val_00000389_with_ILSVRC2012_val_00006540_rank387,977,410,0.45969,491
ILSVRC2012_val_00000389_with_ILSVRC2012_val_00017068_rank019,84,84,0.83026,0
ILSVRC2012_val_00000389_with_ILSVRC2012_val_00039679_rank896,583,523,0.06703,100
ILSVRC2012_val_00000389_with_ILSVRC2012_val_00045907_rank910,808,975,0.55486,872
ILSVRC2012_val_00000389_with_ILSVRC2012_val_00008256_rank119,366,367,0.82941,1
ILSVRC2012_val_00000389_with_ILSVRC2012_val_00021630_rank315,920,920,0.81542,0
ILSVRC2012_val_00000389_with_ILSVRC2012_val_00042086_rank943,367,367,0.77394,0
ILSVRC2012_val_00000389_with_ILSVRC2012_val_00045042_rank543,61,61,0.88683,0
ILSVRC2012_val_00000389_with_ILSVRC2012_val_00009255_rank836,647,647,0.37938,0
ILSVRC2012_val_00000389_with_ILSVRC2012_val_00028806_rank524,928,928,0.522,0
ILSVRC2012_val_00000389_with_ILSVRC2012_val_00031721_rank843,154,154,0.78804,0
ILSVRC2012_val_00000389_with_ILSVRC2012_val_00001321_rank486,875,875,0.86303,0
ILSVRC2012_val_00000389_with_ILSVRC2012_val_00037692_rank306,391,391,0.72651,0
ILSVRC2012_val_00000389_with_ILSVRC2012_val_00008411_rank004,127,127,0.58097,0
ILSVRC2012_val_00000389_with_ILSVRC2012_val_00045693_rank886,771,771,0.78733,0
ILSVRC2012_val_00000389_with_ILSVRC2012_val_00044460_rank952,589,589,0.88037,0
ILSVRC2012_val_00000389_with_ILSVRC2012_val_00012449_rank561,795,472,0.76663,66
ILSVRC2012_val_00000389_with_ILSVRC2012_val_00023205_rank494,809,809,0.7646,0
ILSVRC2012_val_00000389_with_ILSVRC2012_val_00005493_rank089,205,159,0.42106,58
ILSVRC2012_val_00000389_with_ILSVRC2012_val_00004661_rank381,318,318,0.82446,0
ILSVRC2012_val_00000389_with_ILSVRC2012_val_00039338_rank515,440,440,0.78287,0
ILSVRC2012_val_00000389_with_ILSVRC2012_val_00036142_rank802,939,939,0.63054,0
ILSVRC2012_val_00000389_with_ILSVRC2012_val_00008315_rank941,686,412,0.23552,26
ILSVRC2012_val_00000389_with_ILSVRC2012_val_00032638_rank258,992,992,0.74008,0
ILSVRC2012_val_00000389_with_ILSVRC2012_val_00006609_rank138,204,204,0.71011,0
ILSVRC2012_val_00000389_with_ILSVRC2012_val_00002144_rank017,137,137,0.86113,0
ILSVRC2012_val_00000389_with_ILSVRC2012_val_00044494_rank919,995,995,0.83226,0
ILSVRC2012_val_00000389_with_ILSVRC2012_val_00000463_rank318,943,943,0.78809,0
ILSVRC2012_val_00000389_with_ILSVRC2012_val_00002894_rank892,707,131,0.09238,744
ILSVRC2012_val_00000389_with_ILSVRC2012_val_00031363_rank291,364,364,0.46916,0
ILSVRC2012_val_00000389_with_ILSVRC2012_val_00040475_rank497,936,936,0.84176,0
ILSVRC2012_val_00000389_with_ILSVRC2012_val_00038573_rank666,901,898,0.34127,106
ILSVRC2012_val_00000389_with_ILSVRC2012_val_00039050_rank944,954,133,0.10599,383
ILSVRC2012_val_00000389_with_ILSVRC2012_val_00011995_rank558,403,403,0.79016,0
ILSVRC2012_val_00000389_with_ILSVRC2012_val_00017168_rank703,769,769,0.87565,0
ILSVRC2012_val_00000389_with_ILSVRC2012_val_00042284_rank345,59,59,0.57381,0
ILSVRC2012_val_00000389_with_ILSVRC2012_val_00001979_rank091,344,344,0.86705,0
ILSVRC2012_val_00000389_with_ILSVRC2012_val_00037907_rank470,228,228,0.81274,0
ILSVRC2012_val_00000389_with_ILSVRC2012_val_00020103_rank947,674,491,0.37078,58
ILSVRC2012_val_00000389_with_ILSVRC2012_val_00009896_rank701,597,597,0.67163,0
ILSVRC2012_val_00000389_with_ILSVRC2012_val_00009984_rank656,208,208,0.67312,0
ILSVRC2012_val_00000389_with_ILSVRC2012_val_00014305_rank754,441,440,0.27082,1
ILSVRC2012_val_00000389_with_ILSVRC2012_val_00035820_rank390,247,215,0.33973,2
ILSVRC2012_val_00000389_with_ILSVRC2012_val_00008134_rank182,369,369,0.70888,0
ILSVRC2012_val_00000389_with_ILSVRC2012_val_00042745_rank079,178,178,0.72464,0
ILSVRC2012_val_00000389_with_ILSVRC2012_val_00036774_rank279,497,913,0.82394,388
ILSVRC2012_val_00000389_with_ILSVRC2012_val_00023237_rank650,993,993,0.41617,0
ILSVRC2012_val_00000389_with_ILSVRC2012_val_00042574_rank848,713,713,0.64636,0
ILSVRC2012_val_00000389_with_ILSVRC2012_val_00043519_rank983,720,720,0.517,0
ILSVRC2012_val_00000389_with_ILSVRC2012_val_00029516_rank747,613,613,0.73474,0
ILSVRC2012_val_00000389_with_ILSVRC2012_val_00015639_rank594,456,456,0.63321,0
ILSVRC2012_val_00000389_with_ILSVRC2012_val_00008201_rank496,202,202,0.69724,0
ILSVRC2012_val_00000389_with_ILSVRC2012_val_00017512_rank356,522,975,0.21311,186
ILSVRC2012_val_00000389_with_ILSVRC2012_val_00019402_rank674,186,182,0.53119,5
ILSVRC2012_val_00000389_with_ILSVRC2012_val_00039671_rank361,123,123,0.6937,0
ILSVRC2012_val_00000389_with_ILSVRC2012_val_00005187_rank556,399,399,0.79981,0
ILSVRC2012_val_00000389_with_ILSVRC2012_val_00022882_rank513,194,200,0.45301,21
ILSVRC2012_val_00000389_with_ILSVRC2012_val_00044877_rank258,992,992,0.72188,0
ILSVRC2012_val_00000389_with_ILSVRC2012_val_00001267_rank430,168,159,0.50498,1
ILSVRC2012_val_00000389_with_ILSVRC2012_val_00005832_rank355,496,496,0.75715,0
ILSVRC2012_val_00000389_with_ILSVRC2012_val_00041291_rank427,523,523,0.7362,0
ILSVRC2012_val_00000389_with_ILSVRC2012_val_00005794_rank979,739,506,0.33038,141
ILSVRC2012_val_00000389_with_ILSVRC2012_val_00010547_rank415,663,663,0.36015,0
ILSVRC2012_val_00000389_with_ILSVRC2012_val_00044343_rank288,288,293,0.78778,3
ILSVRC2012_val_00000389_with_ILSVRC2012_val_00011394_rank611,191,191,0.86899,0
ILSVRC2012_val_00000389_with_ILSVRC2012_val_00024820_rank410,829,829,0.29007,0
ILSVRC2012_val_00000389_with_ILSVRC2012_val_00019119_rank492,285,281,0.43456,1
ILSVRC2012_val_00000389_with_ILSVRC2012_val_00025272_rank806,938,938,0.78022,0
ILSVRC2012_val_00000389_with_ILSVRC2012_val_00024744_rank272,299,299,0.81624,0
ILSVRC2012_val_00000389_with_ILSVRC2012_val_00014684_rank356,522,522,0.70968,0
ILSVRC2012_val_00000389_with_ILSVRC2012_val_00030953_rank951,699,699,0.38065,0
ILSVRC2012_val_00000389_with_ILSVRC2012_val_00020071_rank128,825,825,0.68391,0
ILSVRC2012_val_00000389_with_ILSVRC2012_val_00043953_rank673,512,512,0.76987,0
ILSVRC2012_val_00000389_with_ILSVRC2012_val_00018515_rank879,666,666,0.85343,0
ILSVRC2012_val_00000389_with_ILSVRC2012_val_00006319_rank661,26,24,0.09092,684
ILSVRC2012_val_00000389_with_ILSVRC2012_val_00026031_rank347,652,847,0.76014,3
ILSVRC2012_val_00000389_with_ILSVRC2012_val_00012467_rank702,687,687,0.66373,0
ILSVRC2012_val_00000389_with_ILSVRC2012_val_00031579_rank935,726,726,0.24841,0
ILSVRC2012_val_00000389_with_ILSVRC2012_val_00012614_rank793,702,733,0.26436,9
ILSVRC2012_val_00000389_with_ILSVRC2012_val_00025726_rank073,212,172,0.1624,75
ILSVRC2012_val_00000389_with_ILSVRC2012_val_00041978_rank625,831,831,0.8681,0
ILSVRC2012_val_00000389_with_ILSVRC2012_val_00001048_rank818,439,295,0.40776,94
ILSVRC2012_val_00000389_with_ILSVRC2012_val_00031746_rank680,504,504,0.49495,0
ILSVRC2012_val_00000389_with_ILSVRC2012_val_00046725_rank963,633,624,0.24895,221
ILSVRC2012_val_00000389_with_ILSVRC2012_val_00043284_rank358,565,565,0.86662,0
ILSVRC2012_val_00000389_with_ILSVRC2012_val_00012980_rank166,387,387,0.82044,0
ILSVRC2012_val_00000389_with_ILSVRC2012_val_00015120_rank551,118,118,0.63749,0
ILSVRC2012_val_00000389_with_ILSVRC2012_val_00025914_rank096,167,162,0.51114,2
ILSVRC2012_val_00000389_with_ILSVRC2012_val_00031306_rank438,266,266,0.32967,0
ILSVRC2012_val_00000389_with_ILSVRC2012_val_00001907_rank324,690,690,0.66672,0
ILSVRC2012_val_00000389_with_ILSVRC2012_val_00043028_rank252,870,870,0.84043,0
ILSVRC2012_val_00000389_with_ILSVRC2012_val_00002003_rank003,131,131,0.82426,0
ILSVRC2012_val_00000389_with_ILSVRC2012_val_00024199_rank440,617,728,0.58808,45
ILSVRC2012_val_00000389_with_ILSVRC2012_val_00006128_rank764,494,975,0.56558,755
ILSVRC2012_val_00000389_with_ILSVRC2012_val_00046114_rank489,643,643,0.37528,0
ILSVRC2012_val_00000389_with_ILSVRC2012_val_00001629_rank050,87,87,0.83942,0
ILSVRC2012_val_00000389_with_ILSVRC2012_val_00031668_rank700,800,800,0.78113,0
ILSVRC2012_val_00000389_with_ILSVRC2012_val_00047193_rank394,291,291,0.7078,0
ILSVRC2012_val_00000389_with_ILSVRC2012_val_00029301_rank465,959,959,0.81945,0
ILSVRC2012_val_00000389_with_ILSVRC2012_val_00019212_rank301,207,207,0.53273,0
ILSVRC2012_val_00000389_with_ILSVRC2012_val_00023055_rank938,199,199,0.71888,0
ILSVRC2012_val_00000389_with_ILSVRC2012_val_00024128_rank385,286,286,0.80843,0
ILSVRC2012_val_00000389_with_ILSVRC2012_val_00015400_rank881,956,956,0.43736,0
ILSVRC2012_val_00000389_with_ILSVRC2012_val_00010103_rank148,657,847,0.30821,3
ILSVRC2012_val_00000389_with_ILSVRC2012_val_00019331_rank279,497,442,0.2179,6
ILSVRC2012_val_00000389_with_ILSVRC2012_val_00047780_rank962,691,408,0.31265,660
ILSVRC2012_val_00000389_with_ILSVRC2012_val_00035101_rank062,340,340,0.81714,0
ILSVRC2012_val_00000389_with_ILSVRC2012_val_00038953_rank925,636,748,0.73793,1
ILSVRC2012_val_00000389_with_ILSVRC2012_val_00016777_rank902,314,9,0.08844,671
ILSVRC2012_val_00000389_with_ILSVRC2012_val_00012057_rank967,773,773,0.77905,0
ILSVRC2012_val_00000389_with_ILSVRC2012_val_00037135_rank493,2,2,0.76036,0
ILSVRC2012_val_00000389_with_ILSVRC2012_val_00043187_rank146,547,547,0.54687,0
ILSVRC2012_val_00000389_with_ILSVRC2012_val_00034971_rank525,5,5,0.88894,0
ILSVRC2012_val_00000389_with_ILSVRC2012_val_00004911_rank942,588,588,0.82269,0
ILSVRC2012_val_00000389_with_ILSVRC2012_val_00045722_rank730,561,561,0.78085,0
ILSVRC2012_val_00000389_with_ILSVRC2012_val_00022942_rank379,75,75,0.36659,0
ILSVRC2012_val_00000389_with_ILSVRC2012_val_00022648_rank851,923,659,0.41108,30
ILSVRC2012_val_00000389_with_ILSVRC2012_val_00040282_rank500,957,957,0.68552,0
ILSVRC2012_val_00000389_with_ILSVRC2012_val_00012681_rank114,320,320,0.72721,0
ILSVRC2012_val_00000389_with_ILSVRC2012_val_00008628_rank662,563,563,0.88724,0
ILSVRC2012_val_00000389_with_ILSVRC2012_val_00021134_rank371,429,429,0.8305,0
ILSVRC2012_val_00000389_with_ILSVRC2012_val_00048747_rank725,622,622,0.82543,0
ILSVRC2012_val_00000389_with_ILSVRC2012_val_00011762_rank600,781,781,0.85684,0
ILSVRC2012_val_00000389_with_ILSVRC2012_val_00014150_rank518,544,544,0.81194,0
ILSVRC2012_val_00000389_with_ILSVRC2012_val_00016503_rank732,577,577,0.75703,0
ILSVRC2012_val_00000389_with_ILSVRC2012_val_00017253_rank056,81,81,0.81874,0
ILSVRC2012_val_00000389_with_ILSVRC2012_val_00035376_rank254,669,669,0.92595,0
ILSVRC2012_val_00000389_with_ILSVRC2012_val_00043050_rank089,205,208,0.35983,5
ILSVRC2012_val_00000389_with_ILSVRC2012_val_00030843_rank003,131,131,0.79891,0
ILSVRC2012_val_00000389_with_ILSVRC2012_val_00027082_rank235,182,243,0.24344,24
ILSVRC2012_val_00000389_with_ILSVRC2012_val_00044045_rank462,400,400,0.14015,0
ILSVRC2012_val_00000389_with_ILSVRC2012_val_00018858_rank175,301,301,0.59972,0
ILSVRC2012_val_00000389_with_ILSVRC2012_val_00047276_rank241,152,152,0.67886,0
ILSVRC2012_val_00000389_with_ILSVRC2012_val_00020861_rank648,68,67,0.3551,3
ILSVRC2012_val_00000389_with_ILSVRC2012_val_00019944_rank803,898,913,0.75717,463
ILSVRC2012_val_00000389_with_ILSVRC2012_val_00015685_rank710,233,183,0.23236,2
ILSVRC2012_val_00000389_with_ILSVRC2012_val_00018219_rank933,641,618,0.67019,70
ILSVRC2012_val_00000389_with_ILSVRC2012_val_00034600_rank619,47,47,0.81951,0
ILSVRC2012_val_00000389_with_ILSVRC2012_val_00021946_rank432,226,226,0.44849,0
ILSVRC2012_val_00000389_with_ILSVRC2012_val_00049364_rank483,188,188,0.74263,0
ILSVRC2012_val_00000389_with_ILSVRC2012_val_00038200_rank164,815,815,0.81878,0
ILSVRC2012_val_00000389_with_ILSVRC2012_val_00017242_rank050,87,87,0.79897,0
ILSVRC2012_val_00000389_with_ILSVRC2012_val_00049629_rank054,276,276,0.82061,0
ILSVRC2012_val_00000389_with_ILSVRC2012_val_00044978_rank228,162,162,0.78914,0
ILSVRC2012_val_00000389_with_ILSVRC2012_val_00029183_rank422,696,418,0.40327,9
ILSVRC2012_val_00000389_with_ILSVRC2012_val_00032965_rank823,772,730,0.48711,615
ILSVRC2012_val_00000389_with_ILSVRC2012_val_00043085_rank030,21,21,0.81549,0
ILSVRC2012_val_00000389_with_ILSVRC2012_val_00006668_rank070,277,277,0.51554,0
ILSVRC2012_val_00000389_with_ILSVRC2012_val_00044029_rank652,530,530,0.86103,0
ILSVRC2012_val_00000389_with_ILSVRC2012_val_00042326_rank184,832,832,0.82398,0
ILSVRC2012_val_00000389_with_ILSVRC2012_val_00028100_rank792,857,857,0.5656,0
ILSVRC2012_val_00000389_with_ILSVRC2012_val_00017353_rank094,371,382,0.44241,5
ILSVRC2012_val_00000389_with_ILSVRC2012_val_00007790_rank924,878,634,0.39306,275
ILSVRC2012_val_00000389_with_ILSVRC2012_val_00006090_rank564,793,130,0.27357,675
ILSVRC2012_val_00000389_with_ILSVRC2012_val_00025628_rank843,154,154,0.79476,0
ILSVRC2012_val_00000389_with_ILSVRC2012_val_00036228_rank425,748,893,0.36663,1
ILSVRC2012_val_00000389_with_ILSVRC2012_val_00010945_rank470,228,228,0.85114,0
ILSVRC2012_val_00000389_with_ILSVRC2012_val_00005174_rank271,201,201,0.77611,0
ILSVRC2012_val_00000389_with_ILSVRC2012_val_00045848_rank724,303,303,0.81416,0
ILSVRC2012_val_00000389_with_ILSVRC2012_val_00008190_rank873,778,778,0.68771,0
ILSVRC2012_val_00000389_with_ILSVRC2012_val_00038710_rank291,364,364,0.83766,0
ILSVRC2012_val_00000389_with_ILSVRC2012_val_00048888_rank022,140,140,0.83511,0
ILSVRC2012_val_00000389_with_ILSVRC2012_val_00015214_rank982,783,733,0.38212,192
ILSVRC2012_val_00000389_with_ILSVRC2012_val_00008728_rank930,635,729,0.39312,86
ILSVRC2012_val_00000389_with_ILSVRC2012_val_00034844_rank213,533,533,0.35658,0
ILSVRC2012_val_00000389_with_ILSVRC2012_val_00026086_rank321,250,250,0.53906,0
ILSVRC2012_val_00000389_with_ILSVRC2012_val_00011341_rank946,855,855,0.52105,0
ILSVRC2012_val_00000389_with_ILSVRC2012_val_00000075_rank057,80,80,0.85528,0
ILSVRC2012_val_00000389_with_ILSVRC2012_val_00049773_rank846,33,33,0.4469,0
ILSVRC2012_val_00000389_with_ILSVRC2012_val_00039863_rank301,207,219,0.72277,4
ILSVRC2012_val_00000389_with_ILSVRC2012_val_00036211_rank382,518,671,0.10958,6
ILSVRC2012_val_00000389_with_ILSVRC2012_val_00026806_rank814,710,879,0.6178,685
ILSVRC2012_val_00000389_with_ILSVRC2012_val_00036038_rank323,695,695,0.71523,0
ILSVRC2012_val_00000389_with_ILSVRC2012_val_00010423_rank712,678,443,0.08789,15
ILSVRC2012_val_00000389_with_ILSVRC2012_val_00009333_rank904,763,763,0.68425,0
ILSVRC2012_val_00000389_with_ILSVRC2012_val_00031573_rank225,311,311,0.53903,0
ILSVRC2012_val_00000389_with_ILSVRC2012_val_00049383_rank918,840,840,0.67348,0
ILSVRC2012_val_00000389_with_ILSVRC2012_val_00049566_rank537,910,618,0.32643,2
ILSVRC2012_val_00000389_with_ILSVRC2012_val_00023295_rank847,66,66,0.71716,0
ILSVRC2012_val_00000389_with_ILSVRC2012_val_00003765_rank031,272,280,0.58807,3
ILSVRC2012_val_00000389_with_ILSVRC2012_val_00000778_rank170,839,839,0.32649,0
ILSVRC2012_val_00000389_with_ILSVRC2012_val_00047346_rank158,986,986,0.79841,0
ILSVRC2012_val_00000389_with_ILSVRC2012_val_00041734_rank639,842,23,0.32403,638
ILSVRC2012_val_00000389_with_ILSVRC2012_val_00016117_rank060,381,381,0.25333,0
ILSVRC2012_val_00000389_with_ILSVRC2012_val_00034009_rank575,185,187,0.39914,5
ILSVRC2012_val_00000389_with_ILSVRC2012_val_00045054_rank011,135,135,0.83071,0
ILSVRC2012_val_00000389_with_ILSVRC2012_val_00015229_rank566,354,354,0.81804,0
ILSVRC2012_val_00000389_with_ILSVRC2012_val_00043176_rank725,622,622,0.83043,0
ILSVRC2012_val_00000389_with_ILSVRC2012_val_00018074_rank598,671,671,0.82699,0
ILSVRC2012_val_00000389_with_ILSVRC2012_val_00011642_rank008,144,144,0.72957,0
ILSVRC2012_val_00000389_with_ILSVRC2012_val_00000793_rank420,654,654,0.75463,0
ILSVRC2012_val_00000389_with_ILSVRC2012_val_00017024_rank042,17,17,0.77007,0
ILSVRC2012_val_00000389_with_ILSVRC2012_val_00027559_rank043,145,145,0.74395,0
ILSVRC2012_val_00000389_with_ILSVRC2012_val_00006934_rank680,504,504,0.47265,0
ILSVRC2012_val_00000389_with_ILSVRC2012_val_00041426_rank833,618,618,0.74253,0
ILSVRC2012_val_00000389_with_ILSVRC2012_val_00022758_rank547,113,113,0.79773,0
ILSVRC2012_val_00000389_with_ILSVRC2012_val_00022575_rank631,719,719,0.48225,0
ILSVRC2012_val_00000389_with_ILSVRC2012_val_00010937_rank290,874,874,0.50474,0
ILSVRC2012_val_00000389_with_ILSVRC2012_val_00017049_rank251,955,955,0.86948,0
ILSVRC2012_val_00000389_with_ILSVRC2012_val_00011780_rank093,324,324,0.77119,0
ILSVRC2012_val_00000389_with_ILSVRC2012_val_00030573_rank116,278,278,0.69612,0
ILSVRC2012_val_00000389_with_ILSVRC2012_val_00030399_rank282,179,179,0.52808,0
ILSVRC2012_val_00000389_with_ILSVRC2012_val_00038162_rank619,47,47,0.15208,0
ILSVRC2012_val_00000389_with_ILSVRC2012_val_00033743_rank107,273,273,0.26696,0
ILSVRC2012_val_00000389_with_ILSVRC2012_val_00006245_rank566,354,354,0.8648,0
ILSVRC2012_val_00000389_with_ILSVRC2012_val_00040902_rank643,459,459,0.76507,0
ILSVRC2012_val_00000389_with_ILSVRC2012_val_00017799_rank650,993,993,0.88379,0
ILSVRC2012_val_00000389_with_ILSVRC2012_val_00048010_rank238,466,466,0.83599,0
ILSVRC2012_val_00000389_with_ILSVRC2012_val_00009913_rank774,930,730,0.43331,893
ILSVRC2012_val_00000389_with_ILSVRC2012_val_00024266_rank037,352,352,0.71458,0
ILSVRC2012_val_00000389_with_ILSVRC2012_val_00011587_rank942,588,588,0.66787,0
ILSVRC2012_val_00000389_with_ILSVRC2012_val_00021702_rank815,541,463,0.7145,33
ILSVRC2012_val_00000389_with_ILSVRC2012_val_00039449_rank528,555,555,0.85825,0
ILSVRC2012_val_00000389_with_ILSVRC2012_val_00024102_rank735,32,47,0.2505,6
ILSVRC2012_val_00000389_with_ILSVRC2012_val_00002922_rank186,3,3,0.40145,0
ILSVRC2012_val_00000389_with_ILSVRC2012_val_00006528_rank859,426,426,0.83675,0
ILSVRC2012_val_00000389_with_ILSVRC2012_val_00022415_rank151,984,984,0.84739,0
ILSVRC2012_val_00000389_with_ILSVRC2012_val_00049442_rank114,320,320,0.58304,0
ILSVRC2012_val_00000389_with_ILSVRC2012_val_00036150_rank346,158,151,0.31786,2
ILSVRC2012_val_00000389_with_ILSVRC2012_val_00022704_rank833,618,618,0.14802,0
ILSVRC2012_val_00000389_with_ILSVRC2012_val_00047428_rank265,735,735,0.65337,0
ILSVRC2012_val_00000389_with_ILSVRC2012_val_00018562_rank217,405,405,0.74876,0
ILSVRC2012_val_00000389_with_ILSVRC2012_val_00035577_rank492,285,288,0.50468,9
ILSVRC2012_val_00000389_with_ILSVRC2012_val_00041419_rank948,422,422,0.52379,0
ILSVRC2012_val_00000389_with_ILSVRC2012_val_00030233_rank296,379,367,0.59571,15
ILSVRC2012_val_00000389_with_ILSVRC2012_val_00044649_rank443,79,79,0.74641,0
ILSVRC2012_val_00000389_with_ILSVRC2012_val_00019099_rank296,379,295,0.22645,20
ILSVRC2012_val_00000389_with_ILSVRC2012_val_00037566_rank999,606,606,0.8145,0
ILSVRC2012_val_00000389_with_ILSVRC2012_val_00002137_rank372,394,131,0.78472,278
ILSVRC2012_val_00000389_with_ILSVRC2012_val_00033499_rank125,724,724,0.74994,0
ILSVRC2012_val_00000389_with_ILSVRC2012_val_00037177_rank295,107,793,0.38084,88
ILSVRC2012_val_00000389_with_ILSVRC2012_val_00042022_rank354,192,182,0.37768,2
ILSVRC2012_val_00000389_with_ILSVRC2012_val_00018901_rank629,836,797,0.45419,415
ILSVRC2012_val_00000389_with_ILSVRC2012_val_00040784_rank239,290,288,0.74436,1
ILSVRC2012_val_00000389_with_ILSVRC2012_val_00047672_rank400,579,579,0.71108,0
ILSVRC2012_val_00000389_with_ILSVRC2012_val_00019667_rank433,571,609,0.52073,141
ILSVRC2012_val_00000389_with_ILSVRC2012_val_00019948_rank779,630,630,0.73918,0
ILSVRC2012_val_00000389_with_ILSVRC2012_val_00017691_rank697,886,886,0.65663,0
ILSVRC2012_val_00000389_with_ILSVRC2012_val_00030810_rank089,205,205,0.76068,0
ILSVRC2012_val_00000389_with_ILSVRC2012_val_00033539_rank676,553,553,0.7506,0
ILSVRC2012_val_00000389_with_ILSVRC2012_val_00012799_rank315,920,975,0.36827,343
ILSVRC2012_val_00000389_with_ILSVRC2012_val_00030039_rank208,57,57,0.41899,0
ILSVRC2012_val_00000389_with_ILSVRC2012_val_00028538_rank527,925,925,0.71351,0
ILSVRC2012_val_00000389_with_ILSVRC2012_val_00012372_rank546,106,106,0.80081,0
ILSVRC2012_val_00000389_with_ILSVRC2012_val_00030897_rank918,840,840,0.81315,0
ILSVRC2012_val_00000389_with_ILSVRC2012_val_00041631_rank759,519,410,0.79987,4
ILSVRC2012_val_00000389_with_ILSVRC2012_val_00003957_rank027,97,97,0.82193,0
ILSVRC2012_val_00000389_with_ILSVRC2012_val_00023770_rank561,795,472,0.20042,66
ILSVRC2012_val_00000389_with_ILSVRC2012_val_00013587_rank488,513,875,0.51996,2
ILSVRC2012_val_00000389_with_ILSVRC2012_val_00036283_rank449,922,549,0.53272,2
ILSVRC2012_val_00000389_with_ILSVRC2012_val_00027412_rank147,981,981,0.53119,0
ILSVRC2012_val_00000389_with_ILSVRC2012_val_00027602_rank064,96,96,0.79968,0
ILSVRC2012_val_00000389_with_ILSVRC2012_val_00008443_rank643,459,132,0.68295,625
ILSVRC2012_val_00000389_with_ILSVRC2012_val_00049389_rank337,289,289,0.74665,0
ILSVRC2012_val_00000389_with_ILSVRC2012_val_00049627_rank391,255,255,0.8273,0
ILSVRC2012_val_00000389_with_ILSVRC2012_val_00006170_rank395,560,560,0.79748,0
ILSVRC2012_val_00000389_with_ILSVRC2012_val_00012395_rank246,184,184,0.56747,0
ILSVRC2012_val_00000389_with_ILSVRC2012_val_00024571_rank043,145,145,0.84796,0
ILSVRC2012_val_00000389_with_ILSVRC2012_val_00034206_rank539,953,953,0.68878,0
ILSVRC2012_val_00000389_with_ILSVRC2012_val_00017031_rank585,903,226,0.2236,306
ILSVRC2012_val_00000389_with_ILSVRC2012_val_00004708_rank849,610,529,0.39965,42
ILSVRC2012_val_00000389_with_ILSVRC2012_val_00016794_rank018,18,18,0.65074,0
ILSVRC2012_val_00000389_with_ILSVRC2012_val_00022754_rank663,566,566,0.72963,0
ILSVRC2012_val_00000389_with_ILSVRC2012_val_00001189_rank776,392,392,0.80253,0
ILSVRC2012_val_00000389_with_ILSVRC2012_val_00005488_rank363,904,877,0.74796,169
ILSVRC2012_val_00000389_with_ILSVRC2012_val_00002752_rank493,2,2,0.77255,0
ILSVRC2012_val_00000389_with_ILSVRC2012_val_00012162_rank368,919,919,0.34047,0
ILSVRC2012_val_00000389_with_ILSVRC2012_val_00019266_rank248,879,472,0.10008,82
ILSVRC2012_val_00000389_with_ILSVRC2012_val_00002804_rank067,946,944,0.37963,1
ILSVRC2012_val_00000389_with_ILSVRC2012_val_00022876_rank292,964,964,0.85984,0
ILSVRC2012_val_00000389_with_ILSVRC2012_val_00035685_rank651,432,792,0.36737,203
ILSVRC2012_val_00000389_with_ILSVRC2012_val_00019092_rank719,305,307,0.46486,5
ILSVRC2012_val_00000389_with_ILSVRC2012_val_00049285_rank401,238,238,0.78909,0
ILSVRC2012_val_00000389_with_ILSVRC2012_val_00006362_rank897,539,741,0.53955,1
ILSVRC2012_val_00000389_with_ILSVRC2012_val_00043279_rank185,660,609,0.22182,99
ILSVRC2012_val_00000389_with_ILSVRC2012_val_00047851_rank549,945,943,0.58017,1
ILSVRC2012_val_00000389_with_ILSVRC2012_val_00023165_rank874,712,427,0.86302,76
ILSVRC2012_val_00000389_with_ILSVRC2012_val_00025997_rank935,726,726,0.44382,0
ILSVRC2012_val_00000389_with_ILSVRC2012_val_00003535_rank891,816,913,0.54403,805
ILSVRC2012_val_00000389_with_ILSVRC2012_val_00024537_rank739,593,472,0.61443,812
ILSVRC2012_val_00000389_with_ILSVRC2012_val_00017014_rank934,942,942,0.85489,0
ILSVRC2012_val_00000389_with_ILSVRC2012_val_00040421_rank231,944,946,0.28767,1
ILSVRC2012_val_00000389_with_ILSVRC2012_val_00032281_rank368,919,975,0.22885,145
ILSVRC2012_val_00000389_with_ILSVRC2012_val_00016558_rank194,805,805,0.79286,0
ILSVRC2012_val_00000389_with_ILSVRC2012_val_00029258_rank212,698,888,0.36386,31
ILSVRC2012_val_00000389_with_ILSVRC2012_val_00009224_rank297,253,253,0.47251,0
ILSVRC2012_val_00000389_with_ILSVRC2012_val_00041166_rank426,486,486,0.83202,0
ILSVRC2012_val_00000389_with_ILSVRC2012_val_00007157_rank295,107,107,0.62279,0
ILSVRC2012_val_00000389_with_ILSVRC2012_val_00018135_rank459,109,109,0.91395,0
ILSVRC2012_val_00000389_with_ILSVRC2012_val_00048697_rank900,570,570,0.7761,0
ILSVRC2012_val_00000389_with_ILSVRC2012_val_00018111_rank623,110,110,0.21609,0
ILSVRC2012_val_00000389_with_ILSVRC2012_val_00024854_rank531,983,463,0.25092,293
ILSVRC2012_val_00000389_with_ILSVRC2012_val_00031215_rank615,457,457,0.60886,0
ILSVRC2012_val_00000389_with_ILSVRC2012_val_00045604_rank077,328,23,0.57382,222
ILSVRC2012_val_00000389_with_ILSVRC2012_val_00034202_rank754,441,441,0.45236,0
ILSVRC2012_val_00000389_with_ILSVRC2012_val_00012959_rank857,775,775,0.87871,0
ILSVRC2012_val_00000389_with_ILSVRC2012_val_00003383_rank209,362,362,0.83937,0
ILSVRC2012_val_00000389_with_ILSVRC2012_val_00008931_rank203,307,307,0.75564,0
ILSVRC2012_val_00000389_with_ILSVRC2012_val_00048817_rank117,374,413,0.37451,705
ILSVRC2012_val_00000389_with_ILSVRC2012_val_00013515_rank029,143,143,0.81252,0
ILSVRC2012_val_00000389_with_ILSVRC2012_val_00016811_rank362,322,322,0.84799,0
ILSVRC2012_val_00000389_with_ILSVRC2012_val_00030698_rank269,236,236,0.85934,0
ILSVRC2012_val_00000389_with_ILSVRC2012_val_00019203_rank598,671,671,0.47018,0
ILSVRC2012_val_00000389_with_ILSVRC2012_val_00044526_rank960,722,722,0.85504,0
ILSVRC2012_val_00000389_with_ILSVRC2012_val_00047465_rank747,613,613,0.82407,0
ILSVRC2012_val_00000389_with_ILSVRC2012_val_00045124_rank459,109,109,0.83475,0
ILSVRC2012_val_00000389_with_ILSVRC2012_val_00034069_rank167,232,232,0.46891,0
ILSVRC2012_val_00000389_with_ILSVRC2012_val_00042500_rank543,61,61,0.83143,0
ILSVRC2012_val_00000389_with_ILSVRC2012_val_00043749_rank128,825,825,0.83692,0
ILSVRC2012_val_00000389_with_ILSVRC2012_val_00035540_rank122,13,10,0.76613,2
ILSVRC2012_val_00000389_with_ILSVRC2012_val_00049761_rank599,103,103,0.8401,0
ILSVRC2012_val_00000389_with_ILSVRC2012_val_00029779_rank970,885,885,0.22796,0
ILSVRC2012_val_00000389_with_ILSVRC2012_val_00025977_rank990,759,759,0.51142,0
ILSVRC2012_val_00000389_with_ILSVRC2012_val_00005236_rank008,144,127,0.81044,7
ILSVRC2012_val_00000389_with_ILSVRC2012_val_00042095_rank457,260,260,0.80165,0
ILSVRC2012_val_00000389_with_ILSVRC2012_val_00007596_rank147,981,981,0.38613,0
ILSVRC2012_val_00000389_with_ILSVRC2012_val_00010515_rank752,591,591,0.35752,0
ILSVRC2012_val_00000389_with_ILSVRC2012_val_00021803_rank277,863,863,0.80889,0
ILSVRC2012_val_00000389_with_ILSVRC2012_val_00041483_rank652,530,530,0.82671,0
ILSVRC2012_val_00000389_with_ILSVRC2012_val_00008643_rank974,818,818,0.46981,0
ILSVRC2012_val_00000389_with_ILSVRC2012_val_00023446_rank814,710,735,0.34666,590
ILSVRC2012_val_00000389_with_ILSVRC2012_val_00047061_rank648,68,66,0.53957,1
ILSVRC2012_val_00000389_with_ILSVRC2012_val_00013114_rank802,939,939,0.82063,0
ILSVRC2012_val_00000389_with_ILSVRC2012_val_00015629_rank918,840,840,0.57176,0
ILSVRC2012_val_00000389_with_ILSVRC2012_val_00043934_rank650,993,993,0.43538,0
ILSVRC2012_val_00000389_with_ILSVRC2012_val_00009273_rank306,391,728,0.26472,148
ILSVRC2012_val_00000389_with_ILSVRC2012_val_00046910_rank858,594,594,0.85395,0
ILSVRC2012_val_00000389_with_ILSVRC2012_val_00001697_rank416,157,157,0.80699,0
ILSVRC2012_val_00000389_with_ILSVRC2012_val_00048370_rank804,189,189,0.80315,0
ILSVRC2012_val_00000389_with_ILSVRC2012_val_00019525_rank096,167,162,0.80099,2
ILSVRC2012_val_00000389_with_ILSVRC2012_val_00043244_rank359,471,471,0.81905,0
ILSVRC2012_val_00000389_with_ILSVRC2012_val_00025687_rank621,761,761,0.55668,0
ILSVRC2012_val_00000389_with_ILSVRC2012_val_00020380_rank565,227,227,0.58924,0
ILSVRC2012_val_00000389_with_ILSVRC2012_val_00037593_rank507,237,164,0.19927,29
ILSVRC2012_val_00000389_with_ILSVRC2012_val_00010747_rank166,387,387,0.88654,0
ILSVRC2012_val_00000389_with_ILSVRC2012_val_00036134_rank984,830,830,0.23594,0
ILSVRC2012_val_00000389_with_ILSVRC2012_val_00024348_rank672,564,472,0.45033,823
ILSVRC2012_val_00000389_with_ILSVRC2012_val_00006977_rank217,405,405,0.92019,0
ILSVRC2012_val_00000389_with_ILSVRC2012_val_00025640_rank186,3,3,0.55787,0
ILSVRC2012_val_00000389_with_ILSVRC2012_val_00001228_rank241,152,152,0.55786,0
ILSVRC2012_val_00000389_with_ILSVRC2012_val_00029390_rank197,668,668,0.79962,0
ILSVRC2012_val_00000389_with_ILSVRC2012_val_00023162_rank040,12,12,0.86639,0
ILSVRC2012_val_00000389_with_ILSVRC2012_val_00019268_rank173,574,574,0.8232,0
ILSVRC2012_val_00000389_with_ILSVRC2012_val_00041624_rank886,771,771,0.18844,0
ILSVRC2012_val_00000389_with_ILSVRC2012_val_00038321_rank262,833,833,0.54393,0
ILSVRC2012_val_00000389_with_ILSVRC2012_val_00006613_rank007,138,138,0.81658,0
ILSVRC2012_val_00000389_with_ILSVRC2012_val_00018402_rank905,558,913,0.55466,763
ILSVRC2012_val_00000389_with_ILSVRC2012_val_00001978_rank914,732,732,0.49382,0
ILSVRC2012_val_00000389_with_ILSVRC2012_val_00001264_rank832,694,694,0.8184,0
ILSVRC2012_val_00000389_with_ILSVRC2012_val_00007720_rank422,696,696,0.54726,0
ILSVRC2012_val_00000389_with_ILSVRC2012_val_00024570_rank950,419,419,0.48977,0
ILSVRC2012_val_00000389_with_ILSVRC2012_val_00047489_rank263,637,637,0.7196,0
ILSVRC2012_val_00000389_with_ILSVRC2012_val_00019438_rank912,774,758,0.15726,282
ILSVRC2012_val_00000389_with_ILSVRC2012_val_00019415_rank463,259,259,0.89366,0
ILSVRC2012_val_00000389_with_ILSVRC2012_val_00028636_rank224,365,365,0.811,0
ILSVRC2012_val_00000389_with_ILSVRC2012_val_00020996_rank270,806,806,0.80971,0
ILSVRC2012_val_00000389_with_ILSVRC2012_val_00011042_rank121,342,342,0.6096,0
ILSVRC2012_val_00000389_with_ILSVRC2012_val_00005879_rank932,917,917,0.75183,0
ILSVRC2012_val_00000389_with_ILSVRC2012_val_00027165_rank165,231,231,0.71587,0
ILSVRC2012_val_00000389_with_ILSVRC2012_val_00030008_rank537,910,913,0.6098,532
ILSVRC2012_val_00000389_with_ILSVRC2012_val_00040112_rank489,643,863,0.66368,6
ILSVRC2012_val_00000389_with_ILSVRC2012_val_00016042_rank827,849,849,0.82824,0
ILSVRC2012_val_00000389_with_ILSVRC2012_val_00030940_rank003,131,131,0.7839,0
ILSVRC2012_val_00000389_with_ILSVRC2012_val_00030364_rank297,253,253,0.87956,0
ILSVRC2012_val_00000389_with_ILSVRC2012_val_00029447_rank907,950,595,0.33362,452
ILSVRC2012_val_00000389_with_ILSVRC2012_val_00033781_rank340,300,300,0.81539,0
ILSVRC2012_val_00000389_with_ILSVRC2012_val_00047574_rank627,76,76,0.83321,0
ILSVRC2012_val_00000389_with_ILSVRC2012_val_00035344_rank324,690,690,0.53194,0
ILSVRC2012_val_00000389_with_ILSVRC2012_val_00036097_rank165,231,230,0.51064,2
ILSVRC2012_val_00000389_with_ILSVRC2012_val_00014886_rank994,711,629,0.4146,2
ILSVRC2012_val_00000389_with_ILSVRC2012_val_00039222_rank116,278,277,0.36492,1
ILSVRC2012_val_00000389_with_ILSVRC2012_val_00013879_rank813,524,787,0.44963,3
ILSVRC2012_val_00000389_with_ILSVRC2012_val_00006628_rank806,938,938,0.75825,0
ILSVRC2012_val_00000389_with_ILSVRC2012_val_00033779_rank251,955,955,0.92427,0
ILSVRC2012_val_00000389_with_ILSVRC2012_val_00000821_rank092,124,913,0.16518,349
ILSVRC2012_val_00000389_with_ILSVRC2012_val_00042834_rank087,271,271,0.69897,0
ILSVRC2012_val_00000389_with_ILSVRC2012_val_00006681_rank694,906,879,0.68569,515
ILSVRC2012_val_00000389_with_ILSVRC2012_val_00040816_rank125,724,975,0.13586,33
ILSVRC2012_val_00000389_with_ILSVRC2012_val_00044393_rank057,80,80,0.78578,0
ILSVRC2012_val_00000389_with_ILSVRC2012_val_00013610_rank111,94,95,0.2065,1
ILSVRC2012_val_00000389_with_ILSVRC2012_val_00013871_rank792,857,857,0.74987,0
ILSVRC2012_val_00000389_with_ILSVRC2012_val_00024444_rank426,486,486,0.84502,0
ILSVRC2012_val_00000389_with_ILSVRC2012_val_00020999_rank820,54,54,0.73053,0
ILSVRC2012_val_00000389_with_ILSVRC2012_val_00019204_rank341,65,390,0.21507,2
ILSVRC2012_val_00000389_with_ILSVRC2012_val_00007109_rank559,183,183,0.74529,0
ILSVRC2012_val_00000389_with_ILSVRC2012_val_00008252_rank292,964,637,0.09404,736
ILSVRC2012_val_00000389_with_ILSVRC2012_val_00004747_rank040,12,12,0.74416,0
ILSVRC2012_val_00000389_with_ILSVRC2012_val_00007669_rank900,570,570,0.74247,0
ILSVRC2012_val_00000389_with_ILSVRC2012_val_00044384_rank341,65,65,0.80501,0
ILSVRC2012_val_00000389_with_ILSVRC2012_val_00027551_rank472,640,640,0.7857,0
ILSVRC2012_val_00000389_with_ILSVRC2012_val_00010401_rank304,779,779,0.84482,0
ILSVRC2012_val_00000389_with_ILSVRC2012_val_00030967_rank884,951,951,0.6707,0
ILSVRC2012_val_00000389_with_ILSVRC2012_val_00029044_rank479,728,919,0.70251,65
ILSVRC2012_val_00000389_with_ILSVRC2012_val_00009811_rank041,88,88,0.86524,0
ILSVRC2012_val_00000389_with_ILSVRC2012_val_00033493_rank608,488,127,0.23124,661
ILSVRC2012_val_00000389_with_ILSVRC2012_val_00022936_rank552,751,751,0.51424,0
ILSVRC2012_val_00000389_with_ILSVRC2012_val_00038491_rank317,407,407,0.75983,0
ILSVRC2012_val_00000389_with_ILSVRC2012_val_00005814_rank124,900,900,0.74367,0
ILSVRC2012_val_00000389_with_ILSVRC2012_val_00017330_rank944,954,975,0.55374,807
ILSVRC2012_val_00000389_with_ILSVRC2012_val_00010176_rank022,140,140,0.79475,0
ILSVRC2012_val_00000389_with_ILSVRC2012_val_00037130_rank062,340,340,0.83576,0
ILSVRC2012_val_00000389_with_ILSVRC2012_val_00036786_rank655,681,594,0.79429,128
ILSVRC2012_val_00000389_with_ILSVRC2012_val_00023263_rank732,577,577,0.55091,0
ILSVRC2012_val_00000389_with_ILSVRC2012_val_00038454_rank976,122,122,0.7323,0
ILSVRC2012_val_00000389_with_ILSVRC2012_val_00032676_rank458,689,689,0.40372,0
ILSVRC2012_val_00000389_with_ILSVRC2012_val_00040172_rank639,842,472,0.6958,39
ILSVRC2012_val_00000389_with_ILSVRC2012_val_00020565_rank613,987,998,0.66119,1
ILSVRC2012_val_00000389_with_ILSVRC2012_val_00035950_rank666,901,653,0.27607,4
ILSVRC2012_val_00000389_with_ILSVRC2012_val_00021260_rank594,456,456,0.56645,0
ILSVRC2012_val_00000389_with_ILSVRC2012_val_00008966_rank949,206,206,0.87914,0
ILSVRC2012_val_00000389_with_ILSVRC2012_val_00023103_rank741,741,741,0.53786,0
ILSVRC2012_val_00000389_with_ILSVRC2012_val_00044917_rank697,886,664,0.21929,20
ILSVRC2012_val_00000389_with_ILSVRC2012_val_00021398_rank158,986,986,0.85291,0
ILSVRC2012_val_00000389_with_ILSVRC2012_val_00047643_rank351,312,311,0.49173,1
ILSVRC2012_val_00000389_with_ILSVRC2012_val_00015901_rank408,644,862,0.27273,7
ILSVRC2012_val_00000389_with_ILSVRC2012_val_00026946_rank945,491,491,0.51902,0
ILSVRC2012_val_00000389_with_ILSVRC2012_val_00000384_rank149,621,621,0.74489,0
ILSVRC2012_val_00000389_with_ILSVRC2012_val_00011003_rank572,526,730,0.36199,722
ILSVRC2012_val_00000389_with_ILSVRC2012_val_00049973_rank133,295,295,0.80609,0
ILSVRC2012_val_00000389_with_ILSVRC2012_val_00012964_rank905,558,472,0.86404,134
ILSVRC2012_val_00000389_with_ILSVRC2012_val_00039439_rank742,151,151,0.71697,0
ILSVRC2012_val_00000389_with_ILSVRC2012_val_00037830_rank086,575,609,0.34333,7
ILSVRC2012_val_00000389_with_ILSVRC2012_val_00019821_rank434,214,234,0.2302,3
ILSVRC2012_val_00000389_with_ILSVRC2012_val_00028500_rank938,199,197,0.28905,1
ILSVRC2012_val_00000389_with_ILSVRC2012_val_00039807_rank234,155,155,0.45712,0
ILSVRC2012_val_00000389_with_ILSVRC2012_val_00020757_rank214,390,344,0.4733,81
ILSVRC2012_val_00000389_with_ILSVRC2012_val_00021143_rank425,748,793,0.76768,112
ILSVRC2012_val_00000389_with_ILSVRC2012_val_00034846_rank933,641,522,0.34186,7
ILSVRC2012_val_00000389_with_ILSVRC2012_val_00016905_rank748,67,67,0.82709,0
ILSVRC2012_val_00000389_with_ILSVRC2012_val_00028746_rank182,369,369,0.29816,0
ILSVRC2012_val_00000389_with_ILSVRC2012_val_00032152_rank682,515,515,0.82658,0
ILSVRC2012_val_00000389_with_ILSVRC2012_val_00036066_rank523,31,31,0.80922,0
ILSVRC2012_val_00000389_with_ILSVRC2012_val_00037496_rank524,928,538,0.10397,435
ILSVRC2012_val_00000389_with_ILSVRC2012_val_00048519_rank840,478,478,0.32021,0
ILSVRC2012_val_00000389_with_ILSVRC2012_val_00010518_rank662,563,595,0.22904,598
ILSVRC2012_val_00000389_with_ILSVRC2012_val_00045785_rank142,16,16,0.46117,0
ILSVRC2012_val_00000389_with_ILSVRC2012_val_00001141_rank713,156,218,0.46462,1
ILSVRC2012_val_00000389_with_ILSVRC2012_val_00049449_rank848,713,713,0.27733,0
ILSVRC2012_val_00000389_with_ILSVRC2012_val_00012051_rank761,798,798,0.79872,0
ILSVRC2012_val_00000389_with_ILSVRC2012_val_00022249_rank751,897,713,0.31868,4
ILSVRC2012_val_00000389_with_ILSVRC2012_val_00045517_rank709,988,988,0.73659,0
ILSVRC2012_val_00000389_with_ILSVRC2012_val_00013496_rank812,645,412,0.27011,779
ILSVRC2012_val_00000389_with_ILSVRC2012_val_00010634_rank259,51,51,0.77418,0
ILSVRC2012_val_00000389_with_ILSVRC2012_val_00027844_rank160,317,317,0.71589,0
ILSVRC2012_val_00000389_with_ILSVRC2012_val_00048425_rank330,770,770,0.84104,0
ILSVRC2012_val_00000389_with_ILSVRC2012_val_00017314_rank505,882,882,0.81135,0
ILSVRC2012_val_00000389_with_ILSVRC2012_val_00016997_rank368,919,919,0.58885,0
ILSVRC2012_val_00000389_with_ILSVRC2012_val_00044027_rank334,282,282,0.69917,0
ILSVRC2012_val_00000389_with_ILSVRC2012_val_00011028_rank792,857,472,0.53434,883
ILSVRC2012_val_00000389_with_ILSVRC2012_val_00029886_rank448,4,4,0.49718,0
ILSVRC2012_val_00000389_with_ILSVRC2012_val_00024516_rank482,796,879,0.07645,428
ILSVRC2012_val_00000389_with_ILSVRC2012_val_00004533_rank759,519,519,0.88292,0
ILSVRC2012_val_00000389_with_ILSVRC2012_val_00018769_rank884,951,950,0.70844,1
ILSVRC2012_val_00000389_with_ILSVRC2012_val_00036596_rank191,947,947,0.46855,0
ILSVRC2012_val_00000389_with_ILSVRC2012_val_00032758_rank031,272,272,0.80587,0
ILSVRC2012_val_00000389_with_ILSVRC2012_val_00008176_rank012,9,9,0.7986,0
ILSVRC2012_val_00000389_with_ILSVRC2012_val_00023240_rank715,658,797,0.8437,34
ILSVRC2012_val_00000389_with_ILSVRC2012_val_00049841_rank299,248,248,0.56512,0
ILSVRC2012_val_00000389_with_ILSVRC2012_val_00039356_rank425,748,472,0.64418,596
ILSVRC2012_val_00000389_with_ILSVRC2012_val_00010308_rank011,135,135,0.83471,0
ILSVRC2012_val_00000389_with_ILSVRC2012_val_00047296_rank783,847,847,0.82008,0
ILSVRC2012_val_00000389_with_ILSVRC2012_val_00025552_rank276,672,672,0.78787,0
ILSVRC2012_val_00000389_with_ILSVRC2012_val_00046231_rank114,320,319,0.42606,1
ILSVRC2012_val_00000389_with_ILSVRC2012_val_00040195_rank533,934,934,0.61919,0
ILSVRC2012_val_00000389_with_ILSVRC2012_val_00007195_rank614,688,688,0.78911,0
ILSVRC2012_val_00000389_with_ILSVRC2012_val_00039696_rank808,224,224,0.83729,0
ILSVRC2012_val_00000389_with_ILSVRC2012_val_00047405_rank047,50,50,0.63926,0
ILSVRC2012_val_00000389_with_ILSVRC2012_val_00004056_rank350,243,243,0.55475,0
ILSVRC2012_val_00000389_with_ILSVRC2012_val_00016467_rank329,309,309,0.22963,0
ILSVRC2012_val_00000389_with_ILSVRC2012_val_00026233_rank555,764,652,0.53081,5
ILSVRC2012_val_00000389_with_ILSVRC2012_val_00015125_rank527,925,925,0.61243,0
ILSVRC2012_val_00000389_with_ILSVRC2012_val_00015603_rank724,303,303,0.71949,0
ILSVRC2012_val_00000389_with_ILSVRC2012_val_00020772_rank841,29,133,0.72828,666
ILSVRC2012_val_00000389_with_ILSVRC2012_val_00042274_rank283,294,294,0.80221,0
ILSVRC2012_val_00000389_with_ILSVRC2012_val_00047906_rank502,820,820,0.88113,0
ILSVRC2012_val_00000389_with_ILSVRC2012_val_00043554_rank447,586,586,0.88704,0
ILSVRC2012_val_00000389_with_ILSVRC2012_val_00049684_rank636,332,332,0.69937,0
ILSVRC2012_val_00000389_with_ILSVRC2012_val_00038747_rank091,344,344,0.82496,0
ILSVRC2012_val_00000389_with_ILSVRC2012_val_00048761_rank771,218,212,0.28435,10
ILSVRC2012_val_00000389_with_ILSVRC2012_val_00014671_rank948,422,422,0.83558,0
ILSVRC2012_val_00000389_with_ILSVRC2012_val_00008920_rank727,856,856,0.67593,0
ILSVRC2012_val_00000389_with_ILSVRC2012_val_00023117_rank549,945,945,0.50441,0
ILSVRC2012_val_00000389_with_ILSVRC2012_val_00033866_rank275,27,27,0.8496,0
ILSVRC2012_val_00000389_with_ILSVRC2012_val_00000829_rank447,586,586,0.87923,0
ILSVRC2012_val_00000389_with_ILSVRC2012_val_00017486_rank334,282,132,0.1704,136
ILSVRC2012_val_00000389_with_ILSVRC2012_val_00023541_rank282,179,179,0.57533,0
ILSVRC2012_val_00000389_with_ILSVRC2012_val_00026589_rank373,56,56,0.33481,0
ILSVRC2012_val_00000389_with_ILSVRC2012_val_00026033_rank994,711,711,0.79397,0
ILSVRC2012_val_00000389_with_ILSVRC2012_val_00041530_rank873,778,531,0.60765,78
ILSVRC2012_val_00000389_with_ILSVRC2012_val_00012231_rank735,32,32,0.48547,0
ILSVRC2012_val_00000389_with_ILSVRC2012_val_00015459_rank188,361,361,0.85298,0
ILSVRC2012_val_00000389_with_ILSVRC2012_val_00019017_rank950,419,958,0.70589,618
ILSVRC2012_val_00000389_with_ILSVRC2012_val_00022810_rank691,358,358,0.3959,0
ILSVRC2012_val_00000389_with_ILSVRC2012_val_00042442_rank469,159,168,0.28262,2
ILSVRC2012_val_00000389_with_ILSVRC2012_val_00042598_rank775,529,842,0.48785,3
ILSVRC2012_val_00000389_with_ILSVRC2012_val_00021014_rank395,560,560,0.52581,0
ILSVRC2012_val_00000389_with_ILSVRC2012_val_00020175_rank684,999,463,0.07177,19
ILSVRC2012_val_00000389_with_ILSVRC2012_val_00010150_rank052,319,319,0.84767,0
ILSVRC2012_val_00000389_with_ILSVRC2012_val_00018044_rank703,769,709,0.70559,4
ILSVRC2012_val_00000389_with_ILSVRC2012_val_00000356_rank009,130,130,0.81639,0
ILSVRC2012_val_00000389_with_ILSVRC2012_val_00036050_rank194,805,805,0.81161,0
ILSVRC2012_val_00000389_with_ILSVRC2012_val_00037927_rank747,613,920,0.48579,186
ILSVRC2012_val_00000389_with_ILSVRC2012_val_00028133_rank248,879,879,0.82768,0
ILSVRC2012_val_00000389_with_ILSVRC2012_val_00014050_rank234,155,155,0.23341,0
ILSVRC2012_val_00000389_with_ILSVRC2012_val_00017745_rank962,691,103,0.44291,98
ILSVRC2012_val_00000389_with_ILSVRC2012_val_00010290_rank405,195,195,0.75416,0
ILSVRC2012_val_00000389_with_ILSVRC2012_val_00000420_rank035,92,92,0.74845,0
ILSVRC2012_val_00000389_with_ILSVRC2012_val_00030000_rank064,96,96,0.81772,0
ILSVRC2012_val_00000389_with_ILSVRC2012_val_00027444_rank306,391,391,0.81999,0
ILSVRC2012_val_00000389_with_ILSVRC2012_val_00028560_rank760,909,567,0.27126,1
ILSVRC2012_val_00000389_with_ILSVRC2012_val_00006161_rank320,377,377,0.85318,0
ILSVRC2012_val_00000389_with_ILSVRC2012_val_00012175_rank418,556,412,0.20698,87
ILSVRC2012_val_00000389_with_ILSVRC2012_val_00037763_rank590,789,789,0.71375,0
ILSVRC2012_val_00000389_with_ILSVRC2012_val_00036146_rank884,951,951,0.38975,0
ILSVRC2012_val_00000389_with_ILSVRC2012_val_00030316_rank467,357,209,0.23888,62
ILSVRC2012_val_00000389_with_ILSVRC2012_val_00049432_rank677,868,975,0.20485,445
ILSVRC2012_val_00000389_with_ILSVRC2012_val_00028935_rank849,610,758,0.1777,651
ILSVRC2012_val_00000389_with_ILSVRC2012_val_00044078_rank951,699,699,0.80127,0
ILSVRC2012_val_00000389_with_ILSVRC2012_val_00018431_rank166,387,387,0.47177,0
ILSVRC2012_val_00000389_with_ILSVRC2012_val_00042617_rank150,292,292,0.67034,0
ILSVRC2012_val_00000389_with_ILSVRC2012_val_00035428_rank931,854,578,0.40505,37
ILSVRC2012_val_00000389_with_ILSVRC2012_val_00002766_rank549,945,945,0.78145,0
ILSVRC2012_val_00000389_with_ILSVRC2012_val_00008118_rank711,261,269,0.28573,29
ILSVRC2012_val_00000389_with_ILSVRC2012_val_00046510_rank703,769,769,0.83743,0
ILSVRC2012_val_00000389_with_ILSVRC2012_val_00037028_rank819,742,742,0.71221,0
ILSVRC2012_val_00000389_with_ILSVRC2012_val_00004111_rank757,648,648,0.74717,0
ILSVRC2012_val_00000389_with_ILSVRC2012_val_00002080_rank677,868,472,0.22177,317
ILSVRC2012_val_00000389_with_ILSVRC2012_val_00042133_rank604,193,193,0.71331,0
ILSVRC2012_val_00000389_with_ILSVRC2012_val_00019671_rank710,233,233,0.76679,0
ILSVRC2012_val_00000389_with_ILSVRC2012_val_00026490_rank448,4,4,0.51348,0
ILSVRC2012_val_00000389_with_ILSVRC2012_val_00033974_rank810,117,117,0.80273,0
ILSVRC2012_val_00000389_with_ILSVRC2012_val_00035045_rank094,371,371,0.80659,0
ILSVRC2012_val_00000389_with_ILSVRC2012_val_00014049_rank262,833,472,0.63021,42
ILSVRC2012_val_00000389_with_ILSVRC2012_val_00047683_rank242,325,325,0.83097,0
ILSVRC2012_val_00000389_with_ILSVRC2012_val_00026577_rank516,468,468,0.71236,0
ILSVRC2012_val_00000389_with_ILSVRC2012_val_00004025_rank1000,543,543,0.76363,0
ILSVRC2012_val_00000389_with_ILSVRC2012_val_00024412_rank807,725,725,0.58794,0
ILSVRC2012_val_00000389_with_ILSVRC2012_val_00008003_rank350,243,243,0.78245,0
ILSVRC2012_val_00000389_with_ILSVRC2012_val_00031688_rank075,489,489,0.55363,0
ILSVRC2012_val_00000389_with_ILSVRC2012_val_00015788_rank435,411,411,0.73982,0
ILSVRC2012_val_00000389_with_ILSVRC2012_val_00012608_rank127,173,173,0.38641,0
ILSVRC2012_val_00000389_with_ILSVRC2012_val_00037338_rank189,425,425,0.82627,0
ILSVRC2012_val_00000389_with_ILSVRC2012_val_00030400_rank023,98,98,0.80362,0
ILSVRC2012_val_00000389_with_ILSVRC2012_val_00039830_rank249,866,866,0.79813,0
ILSVRC2012_val_00000389_with_ILSVRC2012_val_00041047_rank314,627,609,0.2851,27
ILSVRC2012_val_00000389_with_ILSVRC2012_val_00008172_rank828,582,472,0.84896,403
ILSVRC2012_val_00000389_with_ILSVRC2012_val_00004154_rank844,651,766,0.8301,2
ILSVRC2012_val_00000389_with_ILSVRC2012_val_00043759_rank504,743,743,0.61356,0
ILSVRC2012_val_00000389_with_ILSVRC2012_val_00031982_rank734,545,545,0.79537,0
ILSVRC2012_val_00000389_with_ILSVRC2012_val_00005804_rank773,626,626,0.70204,0
ILSVRC2012_val_00000389_with_ILSVRC2012_val_00029126_rank239,290,290,0.83672,0
ILSVRC2012_val_00000389_with_ILSVRC2012_val_00026683_rank038,146,146,0.64593,0
ILSVRC2012_val_00000389_with_ILSVRC2012_val_00034839_rank237,316,316,0.77892,0
ILSVRC2012_val_00000389_with_ILSVRC2012_val_00040465_rank606,443,443,0.72577,0
ILSVRC2012_val_00000389_with_ILSVRC2012_val_00011855_rank129,791,791,0.88154,0
ILSVRC2012_val_00000389_with_ILSVRC2012_val_00017509_rank778,190,190,0.84677,0
ILSVRC2012_val_00000389_with_ILSVRC2012_val_00022839_rank383,997,997,0.65492,0
ILSVRC2012_val_00000389_with_ILSVRC2012_val_00029150_rank056,81,81,0.81611,0
ILSVRC2012_val_00000389_with_ILSVRC2012_val_00004203_rank238,466,913,0.18814,807
ILSVRC2012_val_00000389_with_ILSVRC2012_val_00045435_rank168,150,150,0.84438,0
ILSVRC2012_val_00000389_with_ILSVRC2012_val_00021300_rank192,14,14,0.77829,0
ILSVRC2012_val_00000389_with_ILSVRC2012_val_00008330_rank943,367,367,0.86615,0
ILSVRC2012_val_00000389_with_ILSVRC2012_val_00045235_rank185,660,449,0.82666,3
ILSVRC2012_val_00000389_with_ILSVRC2012_val_00043694_rank927,60,58,0.29844,9
ILSVRC2012_val_00000389_with_ILSVRC2012_val_00002668_rank049,11,11,0.79799,0
ILSVRC2012_val_00000389_with_ILSVRC2012_val_00000113_rank565,227,227,0.42454,0
ILSVRC2012_val_00000389_with_ILSVRC2012_val_00005740_rank654,510,510,0.82591,0
ILSVRC2012_val_00000389_with_ILSVRC2012_val_00049295_rank254,669,723,0.14374,994
ILSVRC2012_val_00000389_with_ILSVRC2012_val_00018701_rank711,261,261,0.69603,0
ILSVRC2012_val_00000389_with_ILSVRC2012_val_00035514_rank211,576,472,0.33984,2
ILSVRC2012_val_00000389_with_ILSVRC2012_val_00029386_rank213,533,533,0.51474,0
ILSVRC2012_val_00000389_with_ILSVRC2012_val_00020168_rank816,659,975,0.14,815
ILSVRC2012_val_00000389_with_ILSVRC2012_val_00017992_rank804,189,189,0.59103,0
ILSVRC2012_val_00000389_with_ILSVRC2012_val_00023862_rank787,892,835,0.75372,11
ILSVRC2012_val_00000389_with_ILSVRC2012_val_00049844_rank617,616,132,0.20602,261
ILSVRC2012_val_00000389_with_ILSVRC2012_val_00037603_rank739,593,593,0.4189,0
ILSVRC2012_val_00000389_with_ILSVRC2012_val_00044584_rank059,102,102,0.8515,0
ILSVRC2012_val_00000389_with_ILSVRC2012_val_00005109_rank110,386,386,0.4923,0
ILSVRC2012_val_00000389_with_ILSVRC2012_val_00022316_rank629,836,501,0.11654,505
ILSVRC2012_val_00000389_with_ILSVRC2012_val_00017695_rank524,928,130,0.45366,278
ILSVRC2012_val_00000389_with_ILSVRC2012_val_00027847_rank969,823,617,0.21231,1
ILSVRC2012_val_00000389_with_ILSVRC2012_val_00001537_rank057,80,80,0.69323,0
ILSVRC2012_val_00000389_with_ILSVRC2012_val_00026587_rank441,614,614,0.77778,0
ILSVRC2012_val_00000389_with_ILSVRC2012_val_00024557_rank830,125,125,0.7992,0
ILSVRC2012_val_00000389_with_ILSVRC2012_val_00047325_rank434,214,214,0.80832,0
ILSVRC2012_val_00000389_with_ILSVRC2012_val_00003949_rank263,637,637,0.8104,0
ILSVRC2012_val_00000389_with_ILSVRC2012_val_00017803_rank036,375,375,0.81535,0
ILSVRC2012_val_00000389_with_ILSVRC2012_val_00003772_rank837,430,430,0.77633,0
ILSVRC2012_val_00000389_with_ILSVRC2012_val_00021015_rank032,22,22,0.73129,0
ILSVRC2012_val_00000389_with_ILSVRC2012_val_00038867_rank138,204,155,0.63333,1
ILSVRC2012_val_00000389_with_ILSVRC2012_val_00018036_rank135,90,90,0.86648,0
ILSVRC2012_val_00000389_with_ILSVRC2012_val_00039613_rank753,600,600,0.41354,0
ILSVRC2012_val_00000389_with_ILSVRC2012_val_00024914_rank033,93,93,0.79232,0
ILSVRC2012_val_00000389_with_ILSVRC2012_val_00040095_rank359,471,471,0.63598,0
ILSVRC2012_val_00000389_with_ILSVRC2012_val_00025744_rank003,131,131,0.80803,0
ILSVRC2012_val_00000389_with_ILSVRC2012_val_00005114_rank862,786,786,0.76952,0
ILSVRC2012_val_00000389_with_ILSVRC2012_val_00000008_rank856,415,700,0.4994,360
ILSVRC2012_val_00000389_with_ILSVRC2012_val_00047049_rank771,218,218,0.76233,0
ILSVRC2012_val_00000389_with_ILSVRC2012_val_00002768_rank836,647,463,0.48301,18
ILSVRC2012_val_00000389_with_ILSVRC2012_val_00008021_rank959,470,470,0.57952,0
ILSVRC2012_val_00000389_with_ILSVRC2012_val_00021786_rank409,44,44,0.86635,0
ILSVRC2012_val_00000389_with_ILSVRC2012_val_00003679_rank558,403,895,0.38297,1
ILSVRC2012_val_00000389_with_ILSVRC2012_val_00003474_rank686,629,629,0.81315,0
ILSVRC2012_val_00000389_with_ILSVRC2012_val_00004601_rank188,361,361,0.84726,0
ILSVRC2012_val_00000389_with_ILSVRC2012_val_00036565_rank355,496,496,0.89949,0
ILSVRC2012_val_00000389_with_ILSVRC2012_val_00026933_rank948,422,422,0.87608,0
ILSVRC2012_val_00000389_with_ILSVRC2012_val_00047366_rank348,612,671,0.24199,18
ILSVRC2012_val_00000389_with_ILSVRC2012_val_00042211_rank389,384,384,0.79749,0
ILSVRC2012_val_00000389_with_ILSVRC2012_val_00040262_rank932,917,917,0.3517,0
ILSVRC2012_val_00000389_with_ILSVRC2012_val_00002240_rank931,854,562,0.34173,55
ILSVRC2012_val_00000389_with_ILSVRC2012_val_00036476_rank326,493,492,0.47045,4
ILSVRC2012_val_00000389_with_ILSVRC2012_val_00013130_rank344,665,665,0.72387,0
ILSVRC2012_val_00000389_with_ILSVRC2012_val_00021510_rank605,549,892,0.08059,43
ILSVRC2012_val_00000389_with_ILSVRC2012_val_00045358_rank742,151,151,0.61887,0
ILSVRC2012_val_00000389_with_ILSVRC2012_val_00029159_rank667,655,851,0.44567,300
ILSVRC2012_val_00000389_with_ILSVRC2012_val_00021676_rank177,994,472,0.40361,879
ILSVRC2012_val_00000389_with_ILSVRC2012_val_00024720_rank864,632,632,0.80686,0
ILSVRC2012_val_00000389_with_ILSVRC2012_val_00027385_rank279,497,497,0.49062,0
ILSVRC2012_val_00000389_with_ILSVRC2012_val_00041756_rank545,368,368,0.70159,0
ILSVRC2012_val_00000389_with_ILSVRC2012_val_00002380_rank683,927,927,0.81169,0
ILSVRC2012_val_00000389_with_ILSVRC2012_val_00034420_rank428,245,195,0.60879,1
ILSVRC2012_val_00000389_with_ILSVRC2012_val_00025034_rank824,587,596,0.44495,1
ILSVRC2012_val_00000389_with_ILSVRC2012_val_00047847_rank435,411,501,0.21978,409
ILSVRC2012_val_00000389_with_ILSVRC2012_val_00027205_rank640,767,755,0.26891,593
ILSVRC2012_val_00000389_with_ILSVRC2012_val_00038331_rank197,668,538,0.31783,1
ILSVRC2012_val_00000389_with_ILSVRC2012_val_00010395_rank048,49,49,0.8265,0
ILSVRC2012_val_00000389_with_ILSVRC2012_val_00024789_rank469,159,159,0.54265,0
ILSVRC2012_val_00000389_with_ILSVRC2012_val_00046588_rank618,642,642,0.67276,0
ILSVRC2012_val_00000389_with_ILSVRC2012_val_00044402_rank121,342,294,0.76696,7
ILSVRC2012_val_00000389_with_ILSVRC2012_val_00049365_rank206,768,768,0.33546,0
ILSVRC2012_val_00000389_with_ILSVRC2012_val_00017823_rank285,180,180,0.39949,0
ILSVRC2012_val_00000389_with_ILSVRC2012_val_00037951_rank063,383,353,0.19663,77
ILSVRC2012_val_00000389_with_ILSVRC2012_val_00017092_rank223,176,181,0.2276,15
ILSVRC2012_val_00000389_with_ILSVRC2012_val_00012834_rank513,194,194,0.82035,0
ILSVRC2012_val_00000389_with_ILSVRC2012_val_00011022_rank153,437,437,0.78882,0
ILSVRC2012_val_00000389_with_ILSVRC2012_val_00028660_rank101,472,472,0.63879,0
ILSVRC2012_val_00000389_with_ILSVRC2012_val_00020952_rank988,902,902,0.3361,0
ILSVRC2012_val_00000389_with_ILSVRC2012_val_00001360_rank034,346,346,0.88575,0
ILSVRC2012_val_00000389_with_ILSVRC2012_val_00045810_rank683,927,927,0.78785,0
ILSVRC2012_val_00000389_with_ILSVRC2012_val_00021449_rank550,697,208,0.12542,441
ILSVRC2012_val_00000389_with_ILSVRC2012_val_00003657_rank720,883,725,0.74176,1
ILSVRC2012_val_00000389_with_ILSVRC2012_val_00020943_rank523,31,31,0.78778,0
ILSVRC2012_val_00000389_with_ILSVRC2012_val_00047663_rank519,887,775,0.24037,27
ILSVRC2012_val_00000389_with_ILSVRC2012_val_00000940_rank599,103,344,0.37787,11
ILSVRC2012_val_00000389_with_ILSVRC2012_val_00022416_rank368,919,919,0.76926,0
ILSVRC2012_val_00000389_with_ILSVRC2012_val_00020127_rank374,757,705,0.19226,14
ILSVRC2012_val_00000389_with_ILSVRC2012_val_00022706_rank014,133,133,0.87858,0
ILSVRC2012_val_00000389_with_ILSVRC2012_val_00041411_rank178,410,410,0.85694,0
ILSVRC2012_val_00000389_with_ILSVRC2012_val_00023469_rank234,155,155,0.24944,0
ILSVRC2012_val_00000389_with_ILSVRC2012_val_00001970_rank412,737,907,0.48442,4
ILSVRC2012_val_00000389_with_ILSVRC2012_val_00010244_rank450,263,263,0.76139,0
ILSVRC2012_val_00000389_with_ILSVRC2012_val_00022600_rank410,829,609,0.80253,36
ILSVRC2012_val_00000389_with_ILSVRC2012_val_00006434_rank433,571,571,0.87274,0
ILSVRC2012_val_00000389_with_ILSVRC2012_val_00043009_rank161,172,172,0.79256,0
ILSVRC2012_val_00000389_with_ILSVRC2012_val_00029860_rank824,587,596,0.39418,1
ILSVRC2012_val_00000389_with_ILSVRC2012_val_00022282_rank145,40,40,0.47871,0
ILSVRC2012_val_00000389_with_ILSVRC2012_val_00025711_rank079,178,178,0.73687,0
ILSVRC2012_val_00000389_with_ILSVRC2012_val_00027866_rank168,150,150,0.81765,0
ILSVRC2012_val_00000389_with_ILSVRC2012_val_00007098_rank602,822,822,0.86706,0
ILSVRC2012_val_00000389_with_ILSVRC2012_val_00000319_rank059,102,102,0.86021,0
ILSVRC2012_val_00000389_with_ILSVRC2012_val_00023389_rank086,575,575,0.80756,0
ILSVRC2012_val_00000389_with_ILSVRC2012_val_00007281_rank793,702,702,0.22791,0
ILSVRC2012_val_00000389_with_ILSVRC2012_val_00021755_rank902,314,314,0.16767,0
ILSVRC2012_val_00000389_with_ILSVRC2012_val_00045499_rank754,441,441,0.52956,0
ILSVRC2012_val_00000389_with_ILSVRC2012_val_00005339_rank448,4,131,0.33109,62
ILSVRC2012_val_00000389_with_ILSVRC2012_val_00003219_rank125,724,724,0.42656,0
ILSVRC2012_val_00000389_with_ILSVRC2012_val_00041077_rank818,439,792,0.2909,966
ILSVRC2012_val_00000389_with_ILSVRC2012_val_00048033_rank369,814,408,0.14193,3
ILSVRC2012_val_00000389_with_ILSVRC2012_val_00043131_rank800,244,244,0.72233,0
ILSVRC2012_val_00000389_with_ILSVRC2012_val_00048286_rank226,25,131,0.06221,192
ILSVRC2012_val_00000389_with_ILSVRC2012_val_00045684_rank981,235,235,0.80717,0
ILSVRC2012_val_00000389_with_ILSVRC2012_val_00010243_rank833,618,618,0.09086,0
ILSVRC2012_val_00000389_with_ILSVRC2012_val_00035094_rank485,965,965,0.83384,0
ILSVRC2012_val_00000389_with_ILSVRC2012_val_00029613_rank762,729,447,0.50111,864
ILSVRC2012_val_00000389_with_ILSVRC2012_val_00028113_rank735,32,30,0.5612,1
ILSVRC2012_val_00000389_with_ILSVRC2012_val_00028421_rank322,873,873,0.85988,0
ILSVRC2012_val_00000389_with_ILSVRC2012_val_00023169_rank746,881,881,0.68675,0
ILSVRC2012_val_00000389_with_ILSVRC2012_val_00015314_rank478,948,948,0.71315,0
ILSVRC2012_val_00000389_with_ILSVRC2012_val_00009953_rank865,514,514,0.8553,0
ILSVRC2012_val_00000389_with_ILSVRC2012_val_00047097_rank773,626,898,0.27492,76
ILSVRC2012_val_00000389_with_ILSVRC2012_val_00032137_rank560,521,521,0.33863,0
ILSVRC2012_val_00000389_with_ILSVRC2012_val_00045093_rank907,950,950,0.72766,0
ILSVRC2012_val_00000389_with_ILSVRC2012_val_00041864_rank071,91,91,0.85664,0
ILSVRC2012_val_00000389_with_ILSVRC2012_val_00040171_rank639,842,879,0.87491,55
ILSVRC2012_val_00000389_with_ILSVRC2012_val_00047072_rank946,855,855,0.4688,0
ILSVRC2012_val_00000389_with_ILSVRC2012_val_00031558_rank312,511,511,0.71346,0
ILSVRC2012_val_00000389_with_ILSVRC2012_val_00038420_rank384,924,924,0.74181,0
ILSVRC2012_val_00000389_with_ILSVRC2012_val_00008301_rank577,453,454,0.53316,4
ILSVRC2012_val_00000389_with_ILSVRC2012_val_00034624_rank858,594,594,0.74991,0
ILSVRC2012_val_00000389_with_ILSVRC2012_val_00041393_rank169,211,211,0.79468,0
ILSVRC2012_val_00000389_with_ILSVRC2012_val_00044712_rank806,938,938,0.859,0
ILSVRC2012_val_00000389_with_ILSVRC2012_val_00047304_rank531,983,983,0.78803,0
ILSVRC2012_val_00000389_with_ILSVRC2012_val_00000453_rank640,767,417,0.58718,617
ILSVRC2012_val_00000389_with_ILSVRC2012_val_00037264_rank072,48,48,0.8304,0
ILSVRC2012_val_00000389_with_ILSVRC2012_val_00047538_rank806,938,938,0.78349,0
ILSVRC2012_val_00000389_with_ILSVRC2012_val_00000158_rank904,763,763,0.84896,0
ILSVRC2012_val_00000389_with_ILSVRC2012_val_00022783_rank515,440,440,0.60258,0
ILSVRC2012_val_00000389_with_ILSVRC2012_val_00024391_rank170,839,975,0.1936,101
ILSVRC2012_val_00000389_with_ILSVRC2012_val_00028992_rank713,156,218,0.49976,1
ILSVRC2012_val_00000389_with_ILSVRC2012_val_00013479_rank299,248,269,0.76313,6
ILSVRC2012_val_00000389_with_ILSVRC2012_val_00027378_rank203,307,307,0.79802,0
ILSVRC2012_val_00000389_with_ILSVRC2012_val_00018325_rank504,743,982,0.04895,238
ILSVRC2012_val_00000389_with_ILSVRC2012_val_00018066_rank314,627,627,0.84228,0
ILSVRC2012_val_00000389_with_ILSVRC2012_val_00048881_rank982,783,783,0.63557,0
ILSVRC2012_val_00000389_with_ILSVRC2012_val_00035220_rank934,942,942,0.77423,0
ILSVRC2012_val_00000389_with_ILSVRC2012_val_00020652_rank313,304,304,0.59569,0
ILSVRC2012_val_00000389_with_ILSVRC2012_val_00022744_rank589,356,356,0.7175,0
ILSVRC2012_val_00000389_with_ILSVRC2012_val_00018610_rank922,542,472,0.52167,705
ILSVRC2012_val_00000389_with_ILSVRC2012_val_00008113_rank070,277,277,0.76507,0
ILSVRC2012_val_00000389_with_ILSVRC2012_val_00012607_rank774,930,693,0.47869,233
ILSVRC2012_val_00000389_with_ILSVRC2012_val_00031179_rank980,34,34,0.76108,0
ILSVRC2012_val_00000389_with_ILSVRC2012_val_00014144_rank422,696,913,0.19024,150
ILSVRC2012_val_00000389_with_ILSVRC2012_val_00038556_rank927,60,133,0.51828,186
ILSVRC2012_val_00000389_with_ILSVRC2012_val_00008948_rank853,714,472,0.41953,260
ILSVRC2012_val_00000389_with_ILSVRC2012_val_00020155_rank822,662,662,0.85504,0
ILSVRC2012_val_00000389_with_ILSVRC2012_val_00043469_rank688,590,590,0.55101,0
ILSVRC2012_val_00000389_with_ILSVRC2012_val_00022121_rank987,765,765,0.71545,0
ILSVRC2012_val_00000389_with_ILSVRC2012_val_00022996_rank428,245,245,0.70731,0
ILSVRC2012_val_00000389_with_ILSVRC2012_val_00043837_rank246,184,184,0.80977,0
ILSVRC2012_val_00000389_with_ILSVRC2012_val_00016107_rank851,923,567,0.38562,31
ILSVRC2012_val_00000389_with_ILSVRC2012_val_00015662_rank761,798,519,0.76666,112
ILSVRC2012_val_00000389_with_ILSVRC2012_val_00047213_rank380,907,907,0.52292,0
ILSVRC2012_val_00000389_with_ILSVRC2012_val_00003034_rank849,610,443,0.62558,7
ILSVRC2012_val_00000389_with_ILSVRC2012_val_00040362_rank698,673,502,0.42631,100
ILSVRC2012_val_00000389_with_ILSVRC2012_val_00032275_rank147,981,981,0.41235,0
ILSVRC2012_val_00000389_with_ILSVRC2012_val_00044543_rank611,191,191,0.80957,0
ILSVRC2012_val_00000389_with_ILSVRC2012_val_00021917_rank063,383,383,0.85645,0
ILSVRC2012_val_00000389_with_ILSVRC2012_val_00000091_rank131,270,270,0.51232,0
ILSVRC2012_val_00000389_with_ILSVRC2012_val_00003700_rank058,370,370,0.74186,0
ILSVRC2012_val_00000389_with_ILSVRC2012_val_00029978_rank086,575,575,0.84542,0
ILSVRC2012_val_00000389_with_ILSVRC2012_val_00044001_rank906,359,358,0.51566,2
ILSVRC2012_val_00000389_with_ILSVRC2012_val_00017842_rank884,951,950,0.7995,1
ILSVRC2012_val_00000389_with_ILSVRC2012_val_00002811_rank909,105,105,0.76331,0
ILSVRC2012_val_00000389_with_ILSVRC2012_val_00022305_rank776,392,392,0.82344,0
ILSVRC2012_val_00000389_with_ILSVRC2012_val_00042257_rank417,750,750,0.24036,0
ILSVRC2012_val_00000389_with_ILSVRC2012_val_00037235_rank361,123,913,0.70759,51
ILSVRC2012_val_00000389_with_ILSVRC2012_val_00016614_rank596,963,963,0.4232,0
ILSVRC2012_val_00000389_with_ILSVRC2012_val_00031361_rank334,282,282,0.49579,0
ILSVRC2012_val_00000389_with_ILSVRC2012_val_00019428_rank374,757,757,0.83893,0
ILSVRC2012_val_00000389_with_ILSVRC2012_val_00040173_rank257,649,649,0.12115,0
ILSVRC2012_val_00000389_with_ILSVRC2012_val_00037989_rank403,175,163,0.21433,15
ILSVRC2012_val_00000389_with_ILSVRC2012_val_00046499_rank244,0,132,0.22496,267
ILSVRC2012_val_00000389_with_ILSVRC2012_val_00048008_rank005,128,128,0.46734,0
ILSVRC2012_val_00000389_with_ILSVRC2012_val_00013770_rank939,826,826,0.71226,0
ILSVRC2012_val_00000389_with_ILSVRC2012_val_00036168_rank825,961,472,0.76991,710
ILSVRC2012_val_00000389_with_ILSVRC2012_val_00030974_rank694,906,906,0.75645,0
ILSVRC2012_val_00000389_with_ILSVRC2012_val_00048067_rank930,635,426,0.7956,1
ILSVRC2012_val_00000389_with_ILSVRC2012_val_00046524_rank015,7,7,0.75906,0
ILSVRC2012_val_00000389_with_ILSVRC2012_val_00040429_rank550,697,879,0.23105,815
ILSVRC2012_val_00000389_with_ILSVRC2012_val_00031541_rank113,37,33,0.46657,3
ILSVRC2012_val_00000389_with_ILSVRC2012_val_00039695_rank675,153,153,0.90048,0
ILSVRC2012_val_00000389_with_ILSVRC2012_val_00049986_rank837,430,427,0.27632,130
ILSVRC2012_val_00000389_with_ILSVRC2012_val_00021362_rank271,201,201,0.42372,0
ILSVRC2012_val_00000389_with_ILSVRC2012_val_00027492_rank604,193,193,0.75869,0
ILSVRC2012_val_00000389_with_ILSVRC2012_val_00008035_rank002,132,132,0.69346,0
ILSVRC2012_val_00000389_with_ILSVRC2012_val_00013938_rank573,572,977,0.30745,612
ILSVRC2012_val_00000389_with_ILSVRC2012_val_00041516_rank232,101,101,0.75933,0
ILSVRC2012_val_00000389_with_ILSVRC2012_val_00021425_rank172,483,483,0.78421,0
ILSVRC2012_val_00000389_with_ILSVRC2012_val_00023875_rank172,483,483,0.48345,0
ILSVRC2012_val_00000389_with_ILSVRC2012_val_00001600_rank759,519,519,0.75304,0
ILSVRC2012_val_00000389_with_ILSVRC2012_val_00021274_rank829,685,685,0.82846,0
ILSVRC2012_val_00000389_with_ILSVRC2012_val_00019761_rank947,674,609,0.36572,758
ILSVRC2012_val_00000389_with_ILSVRC2012_val_00023518_rank613,987,998,0.22243,1
ILSVRC2012_val_00000389_with_ILSVRC2012_val_00015362_rank074,351,351,0.80201,0
ILSVRC2012_val_00000389_with_ILSVRC2012_val_00012512_rank676,553,553,0.68491,0
ILSVRC2012_val_00000389_with_ILSVRC2012_val_00001246_rank624,527,219,0.62094,880
ILSVRC2012_val_00000389_with_ILSVRC2012_val_00020710_rank030,21,87,0.19243,23
ILSVRC2012_val_00000389_with_ILSVRC2012_val_00035766_rank038,146,146,0.84107,0
ILSVRC2012_val_00000389_with_ILSVRC2012_val_00037335_rank720,883,883,0.32664,0
ILSVRC2012_val_00000389_with_ILSVRC2012_val_00007622_rank865,514,514,0.78746,0
ILSVRC2012_val_00000389_with_ILSVRC2012_val_00035090_rank270,806,806,0.58958,0
ILSVRC2012_val_00000389_with_ILSVRC2012_val_00027056_rank487,341,341,0.61224,0
ILSVRC2012_val_00000389_with_ILSVRC2012_val_00020631_rank598,671,671,0.84418,0
ILSVRC2012_val_00000389_with_ILSVRC2012_val_00015035_rank708,532,913,0.42775,284
ILSVRC2012_val_00000389_with_ILSVRC2012_val_00041634_rank582,114,394,0.15069,648
ILSVRC2012_val_00000389_with_ILSVRC2012_val_00046795_rank196,223,223,0.84358,0
ILSVRC2012_val_00000389_with_ILSVRC2012_val_00026528_rank851,923,923,0.67564,0
ILSVRC2012_val_00000389_with_ILSVRC2012_val_00016772_rank481,592,472,0.13931,591
ILSVRC2012_val_00000389_with_ILSVRC2012_val_00040870_rank583,338,338,0.77649,0
ILSVRC2012_val_00000389_with_ILSVRC2012_val_00018365_rank351,312,312,0.4253,0
ILSVRC2012_val_00000389_with_ILSVRC2012_val_00001854_rank990,759,759,0.70963,0
ILSVRC2012_val_00000389_with_ILSVRC2012_val_00020527_rank777,503,503,0.83173,0
ILSVRC2012_val_00000389_with_ILSVRC2012_val_00005414_rank629,836,837,0.1594,1
ILSVRC2012_val_00000389_with_ILSVRC2012_val_00025218_rank175,301,301,0.79206,0
ILSVRC2012_val_00000389_with_ILSVRC2012_val_00002536_rank018,18,18,0.72192,0
ILSVRC2012_val_00000389_with_ILSVRC2012_val_00004793_rank104,355,355,0.8348,0
ILSVRC2012_val_00000389_with_ILSVRC2012_val_00043093_rank347,652,413,0.20612,7
ILSVRC2012_val_00000389_with_ILSVRC2012_val_00017075_rank350,243,243,0.89464,0
ILSVRC2012_val_00000389_with_ILSVRC2012_val_00033523_rank689,890,541,0.51469,739
ILSVRC2012_val_00000389_with_ILSVRC2012_val_00018628_rank960,722,417,0.15367,32
ILSVRC2012_val_00000389_with_ILSVRC2012_val_00027788_rank789,71,71,0.4219,0
ILSVRC2012_val_00000389_with_ILSVRC2012_val_00000941_rank373,56,56,0.65891,0
ILSVRC2012_val_00000389_with_ILSVRC2012_val_00046976_rank841,29,29,0.8676,0
ILSVRC2012_val_00000389_with_ILSVRC2012_val_00038199_rank188,361,361,0.87073,0
ILSVRC2012_val_00000389_with_ILSVRC2012_val_00009279_rank433,571,571,0.84274,0
ILSVRC2012_val_00000389_with_ILSVRC2012_val_00008352_rank157,74,73,0.3025,2
ILSVRC2012_val_00000389_with_ILSVRC2012_val_00009001_rank490,625,625,0.84951,0
ILSVRC2012_val_00000389_with_ILSVRC2012_val_00044253_rank144,404,404,0.71228,0
ILSVRC2012_val_00000389_with_ILSVRC2012_val_00038288_rank035,92,92,0.82615,0
ILSVRC2012_val_00000389_with_ILSVRC2012_val_00005270_rank210,578,982,0.38377,2
ILSVRC2012_val_00000389_with_ILSVRC2012_val_00007496_rank683,927,927,0.87023,0
ILSVRC2012_val_00000389_with_ILSVRC2012_val_00042607_rank975,811,195,0.38904,151
ILSVRC2012_val_00000389_with_ILSVRC2012_val_00043904_rank582,114,114,0.82582,0
ILSVRC2012_val_00000389_with_ILSVRC2012_val_00040715_rank433,571,571,0.78718,0
ILSVRC2012_val_00000389_with_ILSVRC2012_val_00047120_rank315,920,295,0.2522,326
ILSVRC2012_val_00000389_with_ILSVRC2012_val_00031471_rank618,642,642,0.67836,0
ILSVRC2012_val_00000389_with_ILSVRC2012_val_00041369_rank148,657,833,0.30937,6
ILSVRC2012_val_00000389_with_ILSVRC2012_val_00011288_rank749,894,894,0.73125,0
ILSVRC2012_val_00000389_with_ILSVRC2012_val_00006695_rank915,683,913,0.06607,569
ILSVRC2012_val_00000389_with_ILSVRC2012_val_00037905_rank647,559,559,0.87928,0
ILSVRC2012_val_00000389_with_ILSVRC2012_val_00011967_rank283,294,294,0.67973,0
ILSVRC2012_val_00000389_with_ILSVRC2012_val_00009891_rank606,443,443,0.79848,0
ILSVRC2012_val_00000389_with_ILSVRC2012_val_00017708_rank707,733,609,0.40911,219
ILSVRC2012_val_00000389_with_ILSVRC2012_val_00012876_rank752,591,591,0.71468,0
ILSVRC2012_val_00000389_with_ILSVRC2012_val_00030531_rank144,404,404,0.77079,0
ILSVRC2012_val_00000389_with_ILSVRC2012_val_00029178_rank239,290,290,0.83241,0
ILSVRC2012_val_00000389_with_ILSVRC2012_val_00002868_rank143,458,458,0.7924,0
ILSVRC2012_val_00000389_with_ILSVRC2012_val_00000944_rank523,31,31,0.91191,0
ILSVRC2012_val_00000389_with_ILSVRC2012_val_00000243_rank712,678,502,0.13287,53
ILSVRC2012_val_00000389_with_ILSVRC2012_val_00000325_rank991,777,472,0.34421,133
ILSVRC2012_val_00000389_with_ILSVRC2012_val_00041742_rank218,448,448,0.76201,0
ILSVRC2012_val_00000389_with_ILSVRC2012_val_00009155_rank803,898,50,0.11869,507
ILSVRC2012_val_00000389_with_ILSVRC2012_val_00038549_rank980,34,913,0.25324,33
ILSVRC2012_val_00000389_with_ILSVRC2012_val_00010585_rank191,947,947,0.67893,0
ILSVRC2012_val_00000389_with_ILSVRC2012_val_00032324_rank389,384,294,0.17407,221
ILSVRC2012_val_00000389_with_ILSVRC2012_val_00021236_rank047,50,50,0.82684,0
ILSVRC2012_val_00000389_with_ILSVRC2012_val_00024031_rank289,462,462,0.43506,0
ILSVRC2012_val_00000389_with_ILSVRC2012_val_00006116_rank005,128,128,0.82335,0
ILSVRC2012_val_00000389_with_ILSVRC2012_val_00034630_rank591,551,551,0.83511,0
ILSVRC2012_val_00000389_with_ILSVRC2012_val_00039887_rank859,426,426,0.79567,0
ILSVRC2012_val_00000389_with_ILSVRC2012_val_00014912_rank346,158,263,0.2848,30
ILSVRC2012_val_00000389_with_ILSVRC2012_val_00008007_rank421,444,444,0.84227,0
ILSVRC2012_val_00000389_with_ILSVRC2012_val_00019431_rank631,719,719,0.83701,0
ILSVRC2012_val_00000389_with_ILSVRC2012_val_00028009_rank981,235,235,0.76373,0
ILSVRC2012_val_00000389_with_ILSVRC2012_val_00044545_rank330,770,770,0.70304,0
ILSVRC2012_val_00000389_with_ILSVRC2012_val_00006132_rank772,859,859,0.80405,0
ILSVRC2012_val_00000389_with_ILSVRC2012_val_00004769_rank704,850,850,0.91359,0
ILSVRC2012_val_00000389_with_ILSVRC2012_val_00043691_rank595,758,758,0.69375,0
ILSVRC2012_val_00000389_with_ILSVRC2012_val_00025381_rank830,125,125,0.84306,0
ILSVRC2012_val_00000389_with_ILSVRC2012_val_00003955_rank295,107,107,0.31343,0
ILSVRC2012_val_00000389_with_ILSVRC2012_val_00022036_rank161,172,176,0.47077,2
ILSVRC2012_val_00000389_with_ILSVRC2012_val_00033936_rank868,463,463,0.7756,0
ILSVRC2012_val_00000389_with_ILSVRC2012_val_00046662_rank753,600,621,0.38894,818
ILSVRC2012_val_00000389_with_ILSVRC2012_val_00005144_rank289,462,462,0.73057,0
ILSVRC2012_val_00000389_with_ILSVRC2012_val_00026811_rank016,100,24,0.07627,39
ILSVRC2012_val_00000389_with_ILSVRC2012_val_00030426_rank943,367,367,0.75924,0
ILSVRC2012_val_00000389_with_ILSVRC2012_val_00018259_rank712,678,559,0.95558,303
ILSVRC2012_val_00000389_with_ILSVRC2012_val_00000706_rank950,419,463,0.25162,222
ILSVRC2012_val_00000389_with_ILSVRC2012_val_00017393_rank338,326,326,0.81698,0
ILSVRC2012_val_00000389_with_ILSVRC2012_val_00014304_rank284,339,339,0.50714,0
ILSVRC2012_val_00000389_with_ILSVRC2012_val_00031146_rank485,965,963,0.16526,4
ILSVRC2012_val_00000389_with_ILSVRC2012_val_00047064_rank717,869,457,0.10426,34
ILSVRC2012_val_00000389_with_ILSVRC2012_val_00026143_rank207,912,912,0.81287,0
ILSVRC2012_val_00000389_with_ILSVRC2012_val_00013522_rank425,748,636,0.12448,2
ILSVRC2012_val_00000389_with_ILSVRC2012_val_00029603_rank473,727,538,0.19741,1
ILSVRC2012_val_00000389_with_ILSVRC2012_val_00024480_rank945,491,491,0.81158,0
ILSVRC2012_val_00000389_with_ILSVRC2012_val_00018660_rank068,24,147,0.37656,122
ILSVRC2012_val_00000389_with_ILSVRC2012_val_00046356_rank135,90,90,0.81829,0
ILSVRC2012_val_00000389_with_ILSVRC2012_val_00035856_rank664,116,116,0.86275,0
ILSVRC2012_val_00000389_with_ILSVRC2012_val_00024996_rank852,465,465,0.78194,0
ILSVRC2012_val_00000389_with_ILSVRC2012_val_00021986_rank177,994,994,0.78374,0
ILSVRC2012_val_00000389_with_ILSVRC2012_val_00036171_rank173,574,574,0.79316,0
ILSVRC2012_val_00000389_with_ILSVRC2012_val_00023655_rank061,348,348,0.74419,0
ILSVRC2012_val_00000389_with_ILSVRC2012_val_00016297_rank835,431,431,0.80013,0
ILSVRC2012_val_00000389_with_ILSVRC2012_val_00048871_rank708,532,449,0.2469,121
ILSVRC2012_val_00000389_with_ILSVRC2012_val_00003449_rank070,277,277,0.81205,0
ILSVRC2012_val_00000389_with_ILSVRC2012_val_00000044_rank274,198,198,0.50627,0
ILSVRC2012_val_00000389_with_ILSVRC2012_val_00039443_rank820,54,54,0.85052,0
ILSVRC2012_val_00000389_with_ILSVRC2012_val_00031466_rank493,2,2,0.50464,0
ILSVRC2012_val_00000389_with_ILSVRC2012_val_00017669_rank534,30,30,0.68982,0
ILSVRC2012_val_00000389_with_ILSVRC2012_val_00035920_rank740,608,515,0.60402,42
ILSVRC2012_val_00000389_with_ILSVRC2012_val_00002830_rank662,563,472,0.41163,454
ILSVRC2012_val_00000389_with_ILSVRC2012_val_00049689_rank326,493,553,0.29621,3
ILSVRC2012_val_00000389_with_ILSVRC2012_val_00044221_rank667,655,568,0.76013,9
ILSVRC2012_val_00000389_with_ILSVRC2012_val_00026266_rank176,217,217,0.55596,0
ILSVRC2012_val_00000389_with_ILSVRC2012_val_00043040_rank519,887,887,0.84884,0
ILSVRC2012_val_00000389_with_ILSVRC2012_val_00019798_rank632,679,394,0.266,589
ILSVRC2012_val_00000389_with_ILSVRC2012_val_00039769_rank734,545,545,0.82517,0
ILSVRC2012_val_00000389_with_ILSVRC2012_val_00047830_rank485,965,344,0.19355,790
ILSVRC2012_val_00000389_with_ILSVRC2012_val_00014567_rank979,739,739,0.88672,0
ILSVRC2012_val_00000389_with_ILSVRC2012_val_00026108_rank134,382,382,0.49385,0
ILSVRC2012_val_00000389_with_ILSVRC2012_val_00048065_rank264,972,972,0.73021,0
ILSVRC2012_val_00000389_with_ILSVRC2012_val_00031242_rank643,459,459,0.89254,0
ILSVRC2012_val_00000389_with_ILSVRC2012_val_00010408_rank857,775,501,0.35187,25
ILSVRC2012_val_00000389_with_ILSVRC2012_val_00036782_rank925,636,636,0.55827,0
ILSVRC2012_val_00000389_with_ILSVRC2012_val_00026950_rank484,408,408,0.85531,0
ILSVRC2012_val_00000389_with_ILSVRC2012_val_00028567_rank316,474,616,0.08186,227
ILSVRC2012_val_00000389_with_ILSVRC2012_val_00014782_rank227,380,282,0.08892,185
ILSVRC2012_val_00000389_with_ILSVRC2012_val_00020896_rank489,643,417,0.84987,107
ILSVRC2012_val_00000389_with_ILSVRC2012_val_00032694_rank963,633,294,0.472,695
ILSVRC2012_val_00000389_with_ILSVRC2012_val_00016476_rank729,10,10,0.90909,0
ILSVRC2012_val_00000389_with_ILSVRC2012_val_00015770_rank256,331,331,0.72807,0
ILSVRC2012_val_00000389_with_ILSVRC2012_val_00037314_rank864,632,632,0.75836,0
ILSVRC2012_val_00000389_with_ILSVRC2012_val_00021968_rank217,405,405,0.92692,0
ILSVRC2012_val_00000389_with_ILSVRC2012_val_00009335_rank222,209,209,0.77379,0
ILSVRC2012_val_00000389_with_ILSVRC2012_val_00000105_rank271,201,187,0.19838,1
ILSVRC2012_val_00000389_with_ILSVRC2012_val_00043079_rank054,276,276,0.7875,0
ILSVRC2012_val_00000389_with_ILSVRC2012_val_00046703_rank943,367,367,0.79822,0
ILSVRC2012_val_00000389_with_ILSVRC2012_val_00048677_rank592,990,990,0.83009,0
ILSVRC2012_val_00000389_with_ILSVRC2012_val_00043100_rank291,364,364,0.85812,0
ILSVRC2012_val_00000389_with_ILSVRC2012_val_00028910_rank701,597,588,0.87558,205
ILSVRC2012_val_00000389_with_ILSVRC2012_val_00021808_rank098,308,308,0.73868,0
ILSVRC2012_val_00000389_with_ILSVRC2012_val_00032319_rank348,612,612,0.89526,0
ILSVRC2012_val_00000389_with_ILSVRC2012_val_00016736_rank618,642,642,0.51866,0
ILSVRC2012_val_00000389_with_ILSVRC2012_val_00002632_rank926,865,448,0.1658,145
ILSVRC2012_val_00000389_with_ILSVRC2012_val_00015592_rank274,198,198,0.742,0
ILSVRC2012_val_00000389_with_ILSVRC2012_val_00039635_rank612,708,449,0.12605,550
ILSVRC2012_val_00000389_with_ILSVRC2012_val_00002685_rank537,910,910,0.43115,0
ILSVRC2012_val_00000389_with_ILSVRC2012_val_00014179_rank435,411,616,0.32206,247
ILSVRC2012_val_00000389_with_ILSVRC2012_val_00044830_rank932,917,781,0.10521,50
ILSVRC2012_val_00000389_with_ILSVRC2012_val_00041195_rank975,811,530,0.30716,25
ILSVRC2012_val_00000389_with_ILSVRC2012_val_00031661_rank850,534,534,0.86928,0
ILSVRC2012_val_00000389_with_ILSVRC2012_val_00041458_rank583,338,338,0.82937,0
ILSVRC2012_val_00000389_with_ILSVRC2012_val_00031701_rank794,824,824,0.23536,0
ILSVRC2012_val_00000389_with_ILSVRC2012_val_00021305_rank082,83,83,0.8727,0
ILSVRC2012_val_00000389_with_ILSVRC2012_val_00020346_rank055,347,347,0.85336,0
ILSVRC2012_val_00000389_with_ILSVRC2012_val_00009514_rank156,755,755,0.59391,0
ILSVRC2012_val_00000389_with_ILSVRC2012_val_00020507_rank789,71,975,0.12334,763
ILSVRC2012_val_00000389_with_ILSVRC2012_val_00045632_rank315,920,920,0.78588,0
ILSVRC2012_val_00000389_with_ILSVRC2012_val_00018012_rank396,915,915,0.27786,0
ILSVRC2012_val_00000389_with_ILSVRC2012_val_00024958_rank024,141,141,0.82849,0
ILSVRC2012_val_00000389_with_ILSVRC2012_val_00043204_rank318,943,939,0.66744,1
ILSVRC2012_val_00000389_with_ILSVRC2012_val_00006863_rank162,989,417,0.65798,159
ILSVRC2012_val_00000389_with_ILSVRC2012_val_00029751_rank301,207,207,0.80932,0
ILSVRC2012_val_00000389_with_ILSVRC2012_val_00023973_rank019,84,84,0.82984,0
ILSVRC2012_val_00000389_with_ILSVRC2012_val_00036432_rank900,570,570,0.83025,0
ILSVRC2012_val_00000389_with_ILSVRC2012_val_00033242_rank341,65,65,0.55964,0
ILSVRC2012_val_00000389_with_ILSVRC2012_val_00023460_rank788,428,428,0.80302,0
ILSVRC2012_val_00000389_with_ILSVRC2012_val_00019509_rank431,609,609,0.77343,0
ILSVRC2012_val_00000389_with_ILSVRC2012_val_00027908_rank110,386,386,0.55331,0
ILSVRC2012_val_00000389_with_ILSVRC2012_val_00049358_rank384,924,924,0.77893,0
ILSVRC2012_val_00000389_with_ILSVRC2012_val_00023618_rank888,664,664,0.35461,0
ILSVRC2012_val_00000389_with_ILSVRC2012_val_00009967_rank266,475,475,0.81476,0
ILSVRC2012_val_00000389_with_ILSVRC2012_val_00007553_rank124,900,900,0.81602,0
ILSVRC2012_val_00000389_with_ILSVRC2012_val_00013368_rank108,275,275,0.68163,0
ILSVRC2012_val_00000389_with_ILSVRC2012_val_00038399_rank252,870,870,0.49223,0
ILSVRC2012_val_00000389_with_ILSVRC2012_val_00016568_rank830,125,125,0.79083,0
ILSVRC2012_val_00000389_with_ILSVRC2012_val_00028911_rank864,632,482,0.44988,5
ILSVRC2012_val_00000389_with_ILSVRC2012_val_00014941_rank916,402,402,0.51205,0
ILSVRC2012_val_00000389_with_ILSVRC2012_val_00024022_rank765,607,607,0.83904,0
ILSVRC2012_val_00000389_with_ILSVRC2012_val_00033919_rank460,949,949,0.75061,0
ILSVRC2012_val_00000389_with_ILSVRC2012_val_00027428_rank282,179,179,0.71499,0
ILSVRC2012_val_00000389_with_ILSVRC2012_val_00019110_rank664,116,116,0.73179,0
ILSVRC2012_val_00000389_with_ILSVRC2012_val_00013120_rank069,349,348,0.44187,1
ILSVRC2012_val_00000389_with_ILSVRC2012_val_00020496_rank668,893,721,0.24456,11
ILSVRC2012_val_00000389_with_ILSVRC2012_val_00012441_rank275,27,27,0.81057,0
ILSVRC2012_val_00000389_with_ILSVRC2012_val_00042240_rank280,171,171,0.77929,0
ILSVRC2012_val_00000389_with_ILSVRC2012_val_00039497_rank749,894,637,0.15292,191
ILSVRC2012_val_00000389_with_ILSVRC2012_val_00048545_rank845,891,891,0.83558,0
ILSVRC2012_val_00000389_with_ILSVRC2012_val_00026521_rank176,217,217,0.86531,0
ILSVRC2012_val_00000389_with_ILSVRC2012_val_00020715_rank548,776,412,0.246,327
ILSVRC2012_val_00000389_with_ILSVRC2012_val_00008862_rank287,149,723,0.11136,741
ILSVRC2012_val_00000389_with_ILSVRC2012_val_00031291_rank939,826,826,0.57998,0
ILSVRC2012_val_00000389_with_ILSVRC2012_val_00034670_rank353,120,120,0.74699,0
ILSVRC2012_val_00000389_with_ILSVRC2012_val_00017982_rank884,951,951,0.78896,0
ILSVRC2012_val_00000389_with_ILSVRC2012_val_00021293_rank195,704,704,0.68305,0
ILSVRC2012_val_00000389_with_ILSVRC2012_val_00012085_rank137,234,234,0.8177,0
ILSVRC2012_val_00000389_with_ILSVRC2012_val_00010404_rank143,458,458,0.85407,0
ILSVRC2012_val_00000389_with_ILSVRC2012_val_00023193_rank882,756,427,0.11482,1
ILSVRC2012_val_00000389_with_ILSVRC2012_val_00044194_rank798,423,423,0.72736,0
ILSVRC2012_val_00000389_with_ILSVRC2012_val_00033635_rank996,753,753,0.78262,0
ILSVRC2012_val_00000389_with_ILSVRC2012_val_00028275_rank180,280,280,0.79689,0
ILSVRC2012_val_00000389_with_ILSVRC2012_val_00001545_rank796,505,505,0.51993,0
ILSVRC2012_val_00000389_with_ILSVRC2012_val_00014548_rank104,355,355,0.80939,0
ILSVRC2012_val_00000389_with_ILSVRC2012_val_00025287_rank443,79,79,0.24948,0
ILSVRC2012_val_00000389_with_ILSVRC2012_val_00044837_rank920,676,676,0.86083,0
ILSVRC2012_val_00000389_with_ILSVRC2012_val_00030371_rank784,45,45,0.83898,0
ILSVRC2012_val_00000389_with_ILSVRC2012_val_00048046_rank300,28,28,0.48955,0
ILSVRC2012_val_00000389_with_ILSVRC2012_val_00040203_rank057,80,80,0.57557,0
ILSVRC2012_val_00000389_with_ILSVRC2012_val_00029068_rank310,279,279,0.38515,0
ILSVRC2012_val_00000389_with_ILSVRC2012_val_00000990_rank077,328,562,0.40233,320
ILSVRC2012_val_00000389_with_ILSVRC2012_val_00040852_rank545,368,368,0.73365,0
ILSVRC2012_val_00000389_with_ILSVRC2012_val_00023488_rank661,26,26,0.32959,0
ILSVRC2012_val_00000389_with_ILSVRC2012_val_00019425_rank623,110,293,0.38495,128
ILSVRC2012_val_00000389_with_ILSVRC2012_val_00016381_rank816,659,659,0.86587,0
ILSVRC2012_val_00000389_with_ILSVRC2012_val_00024088_rank461,738,295,0.24846,710
ILSVRC2012_val_00000389_with_ILSVRC2012_val_00030543_rank539,953,953,0.72528,0
ILSVRC2012_val_00000389_with_ILSVRC2012_val_00026526_rank409,44,389,0.25413,92
ILSVRC2012_val_00000389_with_ILSVRC2012_val_00012776_rank667,655,314,0.02788,762
ILSVRC2012_val_00000389_with_ILSVRC2012_val_00003105_rank766,794,709,0.21712,134
ILSVRC2012_val_00000389_with_ILSVRC2012_val_00028974_rank578,605,605,0.79612,0
ILSVRC2012_val_00000389_with_ILSVRC2012_val_00026628_rank322,873,873,0.60716,0
ILSVRC2012_val_00000389_with_ILSVRC2012_val_00044328_rank168,150,150,0.81006,0
ILSVRC2012_val_00000389_with_ILSVRC2012_val_00045929_rank435,411,411,0.69654,0
ILSVRC2012_val_00000389_with_ILSVRC2012_val_00021524_rank836,647,899,0.6861,12
ILSVRC2012_val_00000389_with_ILSVRC2012_val_00041344_rank306,391,391,0.81103,0
ILSVRC2012_val_00000389_with_ILSVRC2012_val_00005262_rank345,59,58,0.18789,20
ILSVRC2012_val_00000389_with_ILSVRC2012_val_00006112_rank385,286,286,0.81113,0
ILSVRC2012_val_00000389_with_ILSVRC2012_val_00040222_rank436,240,234,0.72656,5
ILSVRC2012_val_00000389_with_ILSVRC2012_val_00000163_rank836,647,647,0.7846,0
ILSVRC2012_val_00000389_with_ILSVRC2012_val_00011400_rank367,170,177,0.41129,1
ILSVRC2012_val_00000389_with_ILSVRC2012_val_00011158_rank145,40,272,0.09634,114
ILSVRC2012_val_00000389_with_ILSVRC2012_val_00033514_rank236,360,337,0.13305,1
ILSVRC2012_val_00000389_with_ILSVRC2012_val_00020151_rank396,915,915,0.82071,0
ILSVRC2012_val_00000389_with_ILSVRC2012_val_00020803_rank298,389,389,0.80833,0
ILSVRC2012_val_00000389_with_ILSVRC2012_val_00003897_rank689,890,768,0.57376,5
ILSVRC2012_val_00000389_with_ILSVRC2012_val_00038269_rank560,521,849,0.50591,19
ILSVRC2012_val_00000389_with_ILSVRC2012_val_00042405_rank052,319,133,0.47592,53
ILSVRC2012_val_00000389_with_ILSVRC2012_val_00028790_rank677,868,868,0.62621,0
ILSVRC2012_val_00000389_with_ILSVRC2012_val_00011550_rank982,783,783,0.34233,0
ILSVRC2012_val_00000389_with_ILSVRC2012_val_00043278_rank663,566,566,0.80631,0
ILSVRC2012_val_00000389_with_ILSVRC2012_val_00020438_rank742,151,151,0.56859,0
ILSVRC2012_val_00000389_with_ILSVRC2012_val_00034313_rank819,742,742,0.3256,0
ILSVRC2012_val_00000389_with_ILSVRC2012_val_00045385_rank519,887,346,0.28031,691
ILSVRC2012_val_00000389_with_ILSVRC2012_val_00040830_rank877,401,401,0.70434,0
ILSVRC2012_val_00000389_with_ILSVRC2012_val_00012476_rank156,755,755,0.8112,0
ILSVRC2012_val_00000389_with_ILSVRC2012_val_00046740_rank112,46,39,0.50549,3
ILSVRC2012_val_00000389_with_ILSVRC2012_val_00005359_rank482,796,796,0.75935,0
ILSVRC2012_val_00000389_with_ILSVRC2012_val_00017021_rank944,954,966,0.21881,399
ILSVRC2012_val_00000389_with_ILSVRC2012_val_00043967_rank809,677,390,0.60768,173
ILSVRC2012_val_00000389_with_ILSVRC2012_val_00020965_rank268,210,210,0.78522,0
ILSVRC2012_val_00000389_with_ILSVRC2012_val_00041765_rank891,816,472,0.30627,977
ILSVRC2012_val_00000389_with_ILSVRC2012_val_00016703_rank364,64,55,0.3793,1
ILSVRC2012_val_00000389_with_ILSVRC2012_val_00037820_rank665,169,169,0.77397,0
ILSVRC2012_val_00000389_with_ILSVRC2012_val_00011498_rank476,229,229,0.76446,0
ILSVRC2012_val_00000389_with_ILSVRC2012_val_00031497_rank557,846,846,0.21254,0
ILSVRC2012_val_00000389_with_ILSVRC2012_val_00025339_rank341,65,65,0.51283,0
ILSVRC2012_val_00000389_with_ILSVRC2012_val_00016903_rank969,823,823,0.37038,0
ILSVRC2012_val_00000389_with_ILSVRC2012_val_00014402_rank090,373,372,0.33605,1
ILSVRC2012_val_00000389_with_ILSVRC2012_val_00022994_rank626,585,440,0.18724,48
ILSVRC2012_val_00000389_with_ILSVRC2012_val_00015141_rank100,72,72,0.45861,0
ILSVRC2012_val_00000389_with_ILSVRC2012_val_00048834_rank268,210,178,0.30007,4
ILSVRC2012_val_00000389_with_ILSVRC2012_val_00042049_rank113,37,34,0.31167,16
ILSVRC2012_val_00000389_with_ILSVRC2012_val_00047409_rank931,854,854,0.60548,0
ILSVRC2012_val_00000389_with_ILSVRC2012_val_00024858_rank286,330,330,0.69672,0
ILSVRC2012_val_00000389_with_ILSVRC2012_val_00030533_rank882,756,913,0.19025,912
ILSVRC2012_val_00000389_with_ILSVRC2012_val_00040124_rank195,704,704,0.74381,0
ILSVRC2012_val_00000389_with_ILSVRC2012_val_00041035_rank917,746,703,0.23002,457
ILSVRC2012_val_00000389_with_ILSVRC2012_val_00023427_rank431,609,609,0.79894,0
ILSVRC2012_val_00000389_with_ILSVRC2012_val_00002001_rank491,749,749,0.67533,0
ILSVRC2012_val_00000389_with_ILSVRC2012_val_00035639_rank544,937,937,0.82141,0
ILSVRC2012_val_00000389_with_ILSVRC2012_val_00036496_rank785,477,781,0.25535,100
ILSVRC2012_val_00000389_with_ILSVRC2012_val_00014455_rank947,674,674,0.77469,0
ILSVRC2012_val_00000389_with_ILSVRC2012_val_00039743_rank603,852,852,0.82123,0
ILSVRC2012_val_00000389_with_ILSVRC2012_val_00027085_rank891,816,417,0.29003,825
ILSVRC2012_val_00000389_with_ILSVRC2012_val_00045365_rank612,708,525,0.39199,532
ILSVRC2012_val_00000389_with_ILSVRC2012_val_00014472_rank364,64,64,0.47604,0
ILSVRC2012_val_00000389_with_ILSVRC2012_val_00022405_rank952,589,895,0.31914,540
ILSVRC2012_val_00000389_with_ILSVRC2012_val_00011705_rank324,690,345,0.40013,1
ILSVRC2012_val_00000389_with_ILSVRC2012_val_00019324_rank108,275,275,0.75006,0
ILSVRC2012_val_00000389_with_ILSVRC2012_val_00045285_rank777,503,503,0.25071,0
ILSVRC2012_val_00000389_with_ILSVRC2012_val_00048320_rank417,750,750,0.45538,0
ILSVRC2012_val_00000389_with_ILSVRC2012_val_00001411_rank637,675,675,0.53572,0
ILSVRC2012_val_00000389_with_ILSVRC2012_val_00006850_rank429,880,880,0.56416,0
ILSVRC2012_val_00000389_with_ILSVRC2012_val_00005386_rank408,644,470,0.78338,2
ILSVRC2012_val_00000389_with_ILSVRC2012_val_00014471_rank167,232,232,0.58348,0
ILSVRC2012_val_00000389_with_ILSVRC2012_val_00029808_rank427,523,975,0.21868,768
ILSVRC2012_val_00000389_with_ILSVRC2012_val_00008839_rank426,486,486,0.82173,0
ILSVRC2012_val_00000389_with_ILSVRC2012_val_00007418_rank973,747,747,0.83117,0
ILSVRC2012_val_00000389_with_ILSVRC2012_val_00028528_rank219,716,716,0.36665,0
ILSVRC2012_val_00000389_with_ILSVRC2012_val_00006504_rank791,845,716,0.08845,206
ILSVRC2012_val_00000389_with_ILSVRC2012_val_00014876_rank859,426,426,0.68368,0
ILSVRC2012_val_00000389_with_ILSVRC2012_val_00005590_rank508,41,41,0.68678,0
ILSVRC2012_val_00000389_with_ILSVRC2012_val_00022330_rank107,273,273,0.71751,0
ILSVRC2012_val_00000389_with_ILSVRC2012_val_00025689_rank156,755,755,0.81663,0
ILSVRC2012_val_00000389_with_ILSVRC2012_val_00040556_rank233,268,268,0.53048,0
ILSVRC2012_val_00000389_with_ILSVRC2012_val_00012343_rank394,291,291,0.79766,0
ILSVRC2012_val_00000389_with_ILSVRC2012_val_00006105_rank208,57,21,0.2412,481
ILSVRC2012_val_00000389_with_ILSVRC2012_val_00044777_rank077,328,328,0.73884,0
ILSVRC2012_val_00000389_with_ILSVRC2012_val_00043676_rank809,677,128,0.42498,390
ILSVRC2012_val_00000389_with_ILSVRC2012_val_00039578_rank072,48,48,0.10475,0
ILSVRC2012_val_00000389_with_ILSVRC2012_val_00047467_rank482,796,796,0.79697,0
ILSVRC2012_val_00000389_with_ILSVRC2012_val_00023907_rank053,19,19,0.58955,0
ILSVRC2012_val_00000389_with_ILSVRC2012_val_00049695_rank429,880,880,0.25462,0
ILSVRC2012_val_00000389_with_ILSVRC2012_val_00033246_rank553,568,568,0.73032,0
ILSVRC2012_val_00000389_with_ILSVRC2012_val_00016332_rank230,864,609,0.59434,8
ILSVRC2012_val_00000389_with_ILSVRC2012_val_00047804_rank070,277,277,0.61555,0
ILSVRC2012_val_00000389_with_ILSVRC2012_val_00039649_rank988,902,463,0.13256,136
ILSVRC2012_val_00000389_with_ILSVRC2012_val_00008699_rank823,772,130,0.5842,414
ILSVRC2012_val_00000389_with_ILSVRC2012_val_00049219_rank533,934,934,0.81463,0
ILSVRC2012_val_00000389_with_ILSVRC2012_val_00010410_rank088,334,334,0.8521,0
ILSVRC2012_val_00000389_with_ILSVRC2012_val_00048727_rank020,136,136,0.82713,0
ILSVRC2012_val_00000389_with_ILSVRC2012_val_00031533_rank617,616,731,0.29918,283
ILSVRC2012_val_00000389_with_ILSVRC2012_val_00028198_rank080,39,39,0.89589,0
ILSVRC2012_val_00000389_with_ILSVRC2012_val_00049229_rank397,166,240,0.46143,25
ILSVRC2012_val_00000389_with_ILSVRC2012_val_00040367_rank854,931,931,0.81207,0
ILSVRC2012_val_00000389_with_ILSVRC2012_val_00005765_rank345,59,31,0.40477,5
ILSVRC2012_val_00000389_with_ILSVRC2012_val_00007414_rank818,439,439,0.68262,0
ILSVRC2012_val_00000389_with_ILSVRC2012_val_00033298_rank119,366,366,0.81554,0
ILSVRC2012_val_00000389_with_ILSVRC2012_val_00025723_rank521,281,282,0.44304,1
ILSVRC2012_val_00000389_with_ILSVRC2012_val_00021846_rank456,239,239,0.72145,0
ILSVRC2012_val_00000389_with_ILSVRC2012_val_00024755_rank225,311,311,0.76402,0
ILSVRC2012_val_00000389_with_ILSVRC2012_val_00031155_rank646,996,649,0.66282,98
ILSVRC2012_val_00000389_with_ILSVRC2012_val_00017071_rank538,933,933,0.79664,0
ILSVRC2012_val_00000389_with_ILSVRC2012_val_00002956_rank305,350,350,0.56156,0
ILSVRC2012_val_00000389_with_ILSVRC2012_val_00004347_rank500,957,132,0.1253,385
ILSVRC2012_val_00000389_with_ILSVRC2012_val_00021508_rank934,942,942,0.46721,0
ILSVRC2012_val_00000389_with_ILSVRC2012_val_00001624_rank576,257,257,0.82819,0
ILSVRC2012_val_00000389_with_ILSVRC2012_val_00042187_rank360,335,249,0.12744,266
ILSVRC2012_val_00000389_with_ILSVRC2012_val_00000127_rank037,352,352,0.80775,0
ILSVRC2012_val_00000389_with_ILSVRC2012_val_00012181_rank938,199,199,0.66425,0
ILSVRC2012_val_00000389_with_ILSVRC2012_val_00019440_rank219,716,912,0.64586,1
ILSVRC2012_val_00000389_with_ILSVRC2012_val_00006603_rank142,16,16,0.81695,0
ILSVRC2012_val_00000389_with_ILSVRC2012_val_00021184_rank966,851,472,0.25293,595
ILSVRC2012_val_00000389_with_ILSVRC2012_val_00030476_rank139,251,251,0.75082,0
ILSVRC2012_val_00000389_with_ILSVRC2012_val_00021185_rank891,816,693,0.84253,142
ILSVRC2012_val_00000389_with_ILSVRC2012_val_00035586_rank845,891,575,0.47724,95
ILSVRC2012_val_00000389_with_ILSVRC2012_val_00042718_rank191,947,947,0.8485,0
ILSVRC2012_val_00000389_with_ILSVRC2012_val_00008677_rank128,825,825,0.79047,0
ILSVRC2012_val_00000389_with_ILSVRC2012_val_00016305_rank440,617,728,0.49011,45
ILSVRC2012_val_00000389_with_ILSVRC2012_val_00024470_rank169,211,178,0.33121,3
ILSVRC2012_val_00000389_with_ILSVRC2012_val_00009309_rank937,567,567,0.80357,0
ILSVRC2012_val_00000389_with_ILSVRC2012_val_00042269_rank941,686,686,0.71018,0
ILSVRC2012_val_00000389_with_ILSVRC2012_val_00020575_rank466,973,797,0.24728,807
ILSVRC2012_val_00000389_with_ILSVRC2012_val_00001827_rank498,602,698,0.15203,410
ILSVRC2012_val_00000389_with_ILSVRC2012_val_00034970_rank927,60,58,0.68265,9
ILSVRC2012_val_00000389_with_ILSVRC2012_val_00000285_rank694,906,501,0.50377,41
ILSVRC2012_val_00000389_with_ILSVRC2012_val_00049734_rank788,428,428,0.75145,0
ILSVRC2012_val_00000389_with_ILSVRC2012_val_00037571_rank419,315,975,0.12033,485
ILSVRC2012_val_00000389_with_ILSVRC2012_val_00029056_rank723,160,267,0.35348,5
ILSVRC2012_val_00000389_with_ILSVRC2012_val_00014371_rank990,759,759,0.58946,0
ILSVRC2012_val_00000389_with_ILSVRC2012_val_00006241_rank781,604,604,0.85898,0
ILSVRC2012_val_00000389_with_ILSVRC2012_val_00005958_rank799,968,968,0.8597,0
ILSVRC2012_val_00000389_with_ILSVRC2012_val_00017541_rank627,76,76,0.83607,0
ILSVRC2012_val_00000389_with_ILSVRC2012_val_00006948_rank913,969,473,0.61429,88
ILSVRC2012_val_00000389_with_ILSVRC2012_val_00039570_rank159,853,434,0.09762,595
ILSVRC2012_val_00000389_with_ILSVRC2012_val_00028840_rank615,457,101,0.10367,836
ILSVRC2012_val_00000389_with_ILSVRC2012_val_00030857_rank264,972,975,0.30806,11
ILSVRC2012_val_00000389_with_ILSVRC2012_val_00038572_rank059,102,102,0.85804,0
ILSVRC2012_val_00000389_with_ILSVRC2012_val_00036201_rank982,783,783,0.76194,0
ILSVRC2012_val_00000389_with_ILSVRC2012_val_00000132_rank819,742,742,0.56414,0
ILSVRC2012_val_00000389_with_ILSVRC2012_val_00045557_rank530,803,803,0.86166,0
ILSVRC2012_val_00000389_with_ILSVRC2012_val_00028241_rank201,323,323,0.87405,0
ILSVRC2012_val_00000389_with_ILSVRC2012_val_00036569_rank942,588,588,0.70487,0
ILSVRC2012_val_00000389_with_ILSVRC2012_val_00006660_rank826,507,472,0.61429,989
ILSVRC2012_val_00000389_with_ILSVRC2012_val_00035138_rank099,395,395,0.44915,0
ILSVRC2012_val_00000389_with_ILSVRC2012_val_00046614_rank992,438,438,0.25702,0
ILSVRC2012_val_00000389_with_ILSVRC2012_val_00001871_rank030,21,127,0.3224,10
ILSVRC2012_val_00000389_with_ILSVRC2012_val_00015378_rank521,281,281,0.63798,0
ILSVRC2012_val_00000389_with_ILSVRC2012_val_00012745_rank875,596,128,0.16887,254
ILSVRC2012_val_00000389_with_ILSVRC2012_val_00001256_rank554,552,552,0.50594,0
ILSVRC2012_val_00000389_with_ILSVRC2012_val_00024423_rank075,489,96,0.52298,41
ILSVRC2012_val_00000389_with_ILSVRC2012_val_00013284_rank063,383,383,0.75098,0
ILSVRC2012_val_00000389_with_ILSVRC2012_val_00041138_rank153,437,437,0.75358,0
ILSVRC2012_val_00000389_with_ILSVRC2012_val_00030412_rank367,170,177,0.90052,1
ILSVRC2012_val_00000389_with_ILSVRC2012_val_00011880_rank109,703,472,0.14241,37
ILSVRC2012_val_00000389_with_ILSVRC2012_val_00011030_rank918,840,840,0.7961,0
ILSVRC2012_val_00000389_with_ILSVRC2012_val_00035137_rank183,385,385,0.62246,0
ILSVRC2012_val_00000389_with_ILSVRC2012_val_00049380_rank631,719,719,0.81011,0
ILSVRC2012_val_00000389_with_ILSVRC2012_val_00026147_rank339,693,693,0.66802,0
ILSVRC2012_val_00000389_with_ILSVRC2012_val_00003002_rank611,191,191,0.77942,0
ILSVRC2012_val_00000389_with_ILSVRC2012_val_00024049_rank740,608,879,0.19669,53
ILSVRC2012_val_00000389_with_ILSVRC2012_val_00021719_rank640,767,412,0.69579,509
ILSVRC2012_val_00000389_with_ILSVRC2012_val_00043290_rank606,443,443,0.83777,0
ILSVRC2012_val_00000389_with_ILSVRC2012_val_00045438_rank098,308,308,0.78876,0
ILSVRC2012_val_00000389_with_ILSVRC2012_val_00002977_rank261,628,628,0.73452,0
ILSVRC2012_val_00000389_with_ILSVRC2012_val_00004669_rank287,149,149,0.52381,0
ILSVRC2012_val_00000389_with_ILSVRC2012_val_00042414_rank161,172,172,0.6928,0
ILSVRC2012_val_00000389_with_ILSVRC2012_val_00047356_rank568,222,222,0.85354,0
ILSVRC2012_val_00000389_with_ILSVRC2012_val_00030963_rank163,225,225,0.84931,0
ILSVRC2012_val_00000389_with_ILSVRC2012_val_00039834_rank884,951,951,0.79111,0
ILSVRC2012_val_00000389_with_ILSVRC2012_val_00047905_rank446,495,495,0.88801,0
ILSVRC2012_val_00000389_with_ILSVRC2012_val_00036796_rank956,241,238,0.40517,2
ILSVRC2012_val_00000389_with_ILSVRC2012_val_00028286_rank919,995,995,0.9004,0
ILSVRC2012_val_00000389_with_ILSVRC2012_val_00037212_rank224,365,365,0.86152,0
ILSVRC2012_val_00000389_with_ILSVRC2012_val_00028111_rank464,802,802,0.38314,0
ILSVRC2012_val_00000389_with_ILSVRC2012_val_00039229_rank412,737,898,0.43393,3
ILSVRC2012_val_00000389_with_ILSVRC2012_val_00043319_rank297,253,240,0.43985,9
ILSVRC2012_val_00000389_with_ILSVRC2012_val_00009013_rank918,840,840,0.79674,0
ILSVRC2012_val_00000389_with_ILSVRC2012_val_00012251_rank131,270,270,0.14102,0
ILSVRC2012_val_00000389_with_ILSVRC2012_val_00033658_rank789,71,71,0.86753,0
ILSVRC2012_val_00000389_with_ILSVRC2012_val_00027716_rank791,845,567,0.20183,298
ILSVRC2012_val_00000389_with_ILSVRC2012_val_00036802_rank784,45,45,0.76354,0
ILSVRC2012_val_00000389_with_ILSVRC2012_val_00004560_rank404,197,197,0.8942,0
ILSVRC2012_val_00000389_with_ILSVRC2012_val_00024203_rank917,746,746,0.85797,0
ILSVRC2012_val_00000389_with_ILSVRC2012_val_00021665_rank873,778,778,0.83496,0
ILSVRC2012_val_00000389_with_ILSVRC2012_val_00004298_rank236,360,360,0.82278,0
ILSVRC2012_val_00000389_with_ILSVRC2012_val_00021263_rank562,473,473,0.64628,0
ILSVRC2012_val_00000389_with_ILSVRC2012_val_00009486_rank535,398,398,0.84464,0
ILSVRC2012_val_00000389_with_ILSVRC2012_val_00040909_rank436,240,240,0.72665,0
ILSVRC2012_val_00000389_with_ILSVRC2012_val_00045644_rank803,898,898,0.41861,0
ILSVRC2012_val_00000389_with_ILSVRC2012_val_00042636_rank895,492,463,0.45026,149
ILSVRC2012_val_00000389_with_ILSVRC2012_val_00029882_rank109,703,703,0.81829,0
ILSVRC2012_val_00000389_with_ILSVRC2012_val_00028071_rank338,326,326,0.75782,0
ILSVRC2012_val_00000389_with_ILSVRC2012_val_00015237_rank741,741,741,0.62243,0
ILSVRC2012_val_00000389_with_ILSVRC2012_val_00038739_rank375,871,871,0.78338,0
ILSVRC2012_val_00000389_with_ILSVRC2012_val_00026908_rank342,6,6,0.65436,0
ILSVRC2012_val_00000389_with_ILSVRC2012_val_00013652_rank531,983,701,0.79193,25
ILSVRC2012_val_00000389_with_ILSVRC2012_val_00014751_rank830,125,125,0.58453,0
ILSVRC2012_val_00000389_with_ILSVRC2012_val_00000131_rank464,802,802,0.76915,0
ILSVRC2012_val_00000389_with_ILSVRC2012_val_00043438_rank994,711,637,0.12737,232
ILSVRC2012_val_00000389_with_ILSVRC2012_val_00010140_rank208,57,57,0.77355,0
ILSVRC2012_val_00000389_with_ILSVRC2012_val_00033969_rank133,295,369,0.35558,3
ILSVRC2012_val_00000389_with_ILSVRC2012_val_00043942_rank065,104,104,0.65173,0
ILSVRC2012_val_00000389_with_ILSVRC2012_val_00034672_rank997,528,471,0.57726,248
ILSVRC2012_val_00000389_with_ILSVRC2012_val_00029552_rank208,57,57,0.79444,0
ILSVRC2012_val_00000389_with_ILSVRC2012_val_00009258_rank772,859,859,0.70029,0
ILSVRC2012_val_00000389_with_ILSVRC2012_val_00037875_rank198,835,919,0.37804,18
ILSVRC2012_val_00000389_with_ILSVRC2012_val_00048833_rank544,937,937,0.4366,0
ILSVRC2012_val_00000389_with_ILSVRC2012_val_00011999_rank730,561,561,0.86765,0
ILSVRC2012_val_00000389_with_ILSVRC2012_val_00002704_rank874,712,712,0.68769,0
ILSVRC2012_val_00000389_with_ILSVRC2012_val_00010452_rank158,986,986,0.61507,0
ILSVRC2012_val_00000389_with_ILSVRC2012_val_00038118_rank008,144,144,0.77705,0
ILSVRC2012_val_00000389_with_ILSVRC2012_val_00034697_rank788,428,428,0.8552,0
ILSVRC2012_val_00000389_with_ILSVRC2012_val_00037849_rank198,835,835,0.76195,0
ILSVRC2012_val_00000389_with_ILSVRC2012_val_00012677_rank351,312,312,0.70546,0
ILSVRC2012_val_00000389_with_ILSVRC2012_val_00009060_rank309,484,484,0.79487,0
ILSVRC2012_val_00000389_with_ILSVRC2012_val_00010565_rank552,751,472,0.59829,158
ILSVRC2012_val_00000389_with_ILSVRC2012_val_00038913_rank250,287,287,0.7902,0
ILSVRC2012_val_00000389_with_ILSVRC2012_val_00049759_rank652,530,530,0.75774,0
ILSVRC2012_val_00000389_with_ILSVRC2012_val_00031030_rank515,440,440,0.77786,0
ILSVRC2012_val_00000389_with_ILSVRC2012_val_00016132_rank349,297,295,0.79053,1
ILSVRC2012_val_00000389_with_ILSVRC2012_val_00019803_rank787,892,409,0.34256,1
ILSVRC2012_val_00000389_with_ILSVRC2012_val_00040081_rank164,815,937,0.19748,207
ILSVRC2012_val_00000389_with_ILSVRC2012_val_00003826_rank702,687,687,0.78045,0
ILSVRC2012_val_00000389_with_ILSVRC2012_val_00027809_rank057,80,80,0.82763,0
ILSVRC2012_val_00000389_with_ILSVRC2012_val_00038371_rank168,150,137,0.20929,123
ILSVRC2012_val_00000389_with_ILSVRC2012_val_00045936_rank525,5,5,0.60318,0
ILSVRC2012_val_00000389_with_ILSVRC2012_val_00001295_rank922,542,472,0.20928,705
ILSVRC2012_val_00000389_with_ILSVRC2012_val_00009774_rank390,247,247,0.78376,0
ILSVRC2012_val_00000389_with_ILSVRC2012_val_00038807_rank605,549,723,0.20429,17
ILSVRC2012_val_00000389_with_ILSVRC2012_val_00027854_rank908,502,502,0.8475,0
ILSVRC2012_val_00000389_with_ILSVRC2012_val_00026179_rank729,10,86,0.4409,8
ILSVRC2012_val_00000389_with_ILSVRC2012_val_00018196_rank256,331,331,0.53991,0
ILSVRC2012_val_00000389_with_ILSVRC2012_val_00026785_rank864,632,632,0.50242,0
ILSVRC2012_val_00000389_with_ILSVRC2012_val_00037223_rank914,732,732,0.79094,0
ILSVRC2012_val_00000389_with_ILSVRC2012_val_00049223_rank955,469,127,0.10342,876
ILSVRC2012_val_00000389_with_ILSVRC2012_val_00035456_rank037,352,352,0.5061,0
ILSVRC2012_val_00000389_with_ILSVRC2012_val_00019039_rank807,725,725,0.41587,0
ILSVRC2012_val_00000389_with_ILSVRC2012_val_00046506_rank739,593,449,0.20297,472
ILSVRC2012_val_00000389_with_ILSVRC2012_val_00023767_rank951,699,699,0.44602,0
ILSVRC2012_val_00000389_with_ILSVRC2012_val_00000960_rank832,694,694,0.88477,0
ILSVRC2012_val_00000389_with_ILSVRC2012_val_00047857_rank289,462,733,0.53875,37
ILSVRC2012_val_00000389_with_ILSVRC2012_val_00029834_rank403,175,175,0.57957,0
ILSVRC2012_val_00000389_with_ILSVRC2012_val_00017614_rank491,749,21,0.3326,168
ILSVRC2012_val_00000389_with_ILSVRC2012_val_00004367_rank783,847,586,0.84999,1
ILSVRC2012_val_00000389_with_ILSVRC2012_val_00031622_rank209,362,362,0.77874,0
ILSVRC2012_val_00000389_with_ILSVRC2012_val_00001752_rank114,320,319,0.40056,1
ILSVRC2012_val_00000389_with_ILSVRC2012_val_00029928_rank605,549,549,0.41234,0
ILSVRC2012_val_00000389_with_ILSVRC2012_val_00006352_rank291,364,346,0.11948,67
ILSVRC2012_val_00000389_with_ILSVRC2012_val_00022370_rank462,400,667,0.64264,1
ILSVRC2012_val_00000389_with_ILSVRC2012_val_00043978_rank112,46,39,0.642,3
ILSVRC2012_val_00000389_with_ILSVRC2012_val_00004904_rank623,110,110,0.11828,0
ILSVRC2012_val_00000389_with_ILSVRC2012_val_00026102_rank921,333,161,0.11402,151
ILSVRC2012_val_00000389_with_ILSVRC2012_val_00032696_rank408,644,472,0.83362,623
ILSVRC2012_val_00000389_with_ILSVRC2012_val_00008049_rank068,24,24,0.84884,0
ILSVRC2012_val_00000389_with_ILSVRC2012_val_00003623_rank137,234,234,0.58722,0
ILSVRC2012_val_00000389_with_ILSVRC2012_val_00019461_rank878,112,363,0.64905,68
ILSVRC2012_val_00000389_with_ILSVRC2012_val_00040808_rank055,347,347,0.84333,0
ILSVRC2012_val_00000389_with_ILSVRC2012_val_00048187_rank487,341,341,0.45734,0
ILSVRC2012_val_00000389_with_ILSVRC2012_val_00017634_rank022,140,140,0.30631,0
ILSVRC2012_val_00000389_with_ILSVRC2012_val_00022147_rank670,940,940,0.33609,0
ILSVRC2012_val_00000389_with_ILSVRC2012_val_00020004_rank978,740,410,0.68518,84
ILSVRC2012_val_00000389_with_ILSVRC2012_val_00019653_rank682,515,879,0.17859,38
ILSVRC2012_val_00000389_with_ILSVRC2012_val_00013901_rank038,146,146,0.68842,0
ILSVRC2012_val_00000389_with_ILSVRC2012_val_00037783_rank737,451,616,0.18749,45
ILSVRC2012_val_00000389_with_ILSVRC2012_val_00008923_rank163,225,225,0.82571,0
ILSVRC2012_val_00000389_with_ILSVRC2012_val_00008636_rank691,358,358,0.6625,0
ILSVRC2012_val_00000389_with_ILSVRC2012_val_00048678_rank146,547,547,0.80667,0
ILSVRC2012_val_00000389_with_ILSVRC2012_val_00016451_rank269,236,236,0.5081,0
ILSVRC2012_val_00000389_with_ILSVRC2012_val_00017836_rank201,323,323,0.82423,0
ILSVRC2012_val_00000389_with_ILSVRC2012_val_00022606_rank334,282,208,0.68943,59
ILSVRC2012_val_00000389_with_ILSVRC2012_val_00036356_rank030,21,21,0.78858,0
ILSVRC2012_val_00000389_with_ILSVRC2012_val_00042391_rank800,244,244,0.7795,0
ILSVRC2012_val_00000389_with_ILSVRC2012_val_00037978_rank120,985,985,0.69613,0
ILSVRC2012_val_00000389_with_ILSVRC2012_val_00043590_rank855,745,745,0.81844,0
ILSVRC2012_val_00000389_with_ILSVRC2012_val_00026419_rank935,726,726,0.77428,0
ILSVRC2012_val_00000389_with_ILSVRC2012_val_00033252_rank026,353,352,0.45238,1
ILSVRC2012_val_00000389_with_ILSVRC2012_val_00038466_rank114,320,320,0.64259,0
ILSVRC2012_val_00000389_with_ILSVRC2012_val_00018767_rank280,171,178,0.46144,2
ILSVRC2012_val_00000389_with_ILSVRC2012_val_00043973_rank359,471,471,0.74949,0
ILSVRC2012_val_00000389_with_ILSVRC2012_val_00027281_rank025,142,142,0.85358,0
ILSVRC2012_val_00000389_with_ILSVRC2012_val_00042370_rank040,12,12,0.20331,0
ILSVRC2012_val_00000389_with_ILSVRC2012_val_00037708_rank537,910,910,0.74379,0
ILSVRC2012_val_00000389_with_ILSVRC2012_val_00017402_rank913,969,969,0.09993,0
ILSVRC2012_val_00000389_with_ILSVRC2012_val_00044612_rank788,428,428,0.77357,0
ILSVRC2012_val_00000389_with_ILSVRC2012_val_00001373_rank822,662,754,0.39721,2
ILSVRC2012_val_00000389_with_ILSVRC2012_val_00024028_rank520,517,517,0.6846,0
ILSVRC2012_val_00000389_with_ILSVRC2012_val_00045406_rank751,897,897,0.82447,0
ILSVRC2012_val_00000389_with_ILSVRC2012_val_00023441_rank729,10,10,0.81478,0
ILSVRC2012_val_00000389_with_ILSVRC2012_val_00026827_rank715,658,658,0.84226,0
ILSVRC2012_val_00000389_with_ILSVRC2012_val_00024508_rank274,198,198,0.75571,0
ILSVRC2012_val_00000389_with_ILSVRC2012_val_00025089_rank419,315,315,0.37737,0
ILSVRC2012_val_00000389_with_ILSVRC2012_val_00015464_rank127,173,173,0.7644,0
ILSVRC2012_val_00000389_with_ILSVRC2012_val_00037761_rank687,413,413,0.6821,0
ILSVRC2012_val_00000389_with_ILSVRC2012_val_00043262_rank618,642,642,0.81224,0
ILSVRC2012_val_00000389_with_ILSVRC2012_val_00041402_rank989,420,472,0.1983,588
ILSVRC2012_val_00000389_with_ILSVRC2012_val_00013689_rank599,103,389,0.58389,51
ILSVRC2012_val_00000389_with_ILSVRC2012_val_00040358_rank244,0,132,0.22496,267
ILSVRC2012_val_00000389_with_ILSVRC2012_val_00031641_rank944,954,954,0.77685,0
ILSVRC2012_val_00000389_with_ILSVRC2012_val_00014158_rank025,142,142,0.84056,0
ILSVRC2012_val_00000389_with_ILSVRC2012_val_00048308_rank335,817,817,0.53779,0
ILSVRC2012_val_00000389_with_ILSVRC2012_val_00039650_rank557,846,818,0.21327,2
ILSVRC2012_val_00000389_with_ILSVRC2012_val_00006517_rank642,752,752,0.44873,0
ILSVRC2012_val_00000389_with_ILSVRC2012_val_00039700_rank721,264,264,0.66491,0
ILSVRC2012_val_00000389_with_ILSVRC2012_val_00009200_rank469,159,159,0.75273,0
ILSVRC2012_val_00000389_with_ILSVRC2012_val_00019059_rank589,356,354,0.24078,669
ILSVRC2012_val_00000389_with_ILSVRC2012_val_00041322_rank942,588,588,0.29216,0
ILSVRC2012_val_00000389_with_ILSVRC2012_val_00025674_rank637,675,742,0.38631,204
ILSVRC2012_val_00000389_with_ILSVRC2012_val_00024723_rank949,206,206,0.81756,0
ILSVRC2012_val_00000389_with_ILSVRC2012_val_00021028_rank348,612,609,0.22664,280
ILSVRC2012_val_00000389_with_ILSVRC2012_val_00001740_rank200,327,327,0.78855,0
ILSVRC2012_val_00000389_with_ILSVRC2012_val_00043188_rank580,595,595,0.7465,0
ILSVRC2012_val_00000389_with_ILSVRC2012_val_00048455_rank101,472,472,0.9216,0
ILSVRC2012_val_00000389_with_ILSVRC2012_val_00013561_rank973,747,747,0.66693,0
ILSVRC2012_val_00000389_with_ILSVRC2012_val_00044364_rank054,276,276,0.82461,0
ILSVRC2012_val_00000389_with_ILSVRC2012_val_00035004_rank210,578,669,0.22774,20
ILSVRC2012_val_00000389_with_ILSVRC2012_val_00012249_rank744,828,828,0.6902,0
ILSVRC2012_val_00000389_with_ILSVRC2012_val_00021751_rank178,410,410,0.80119,0
ILSVRC2012_val_00000389_with_ILSVRC2012_val_00019065_rank696,792,792,0.80807,0
ILSVRC2012_val_00000389_with_ILSVRC2012_val_00025501_rank763,254,254,0.85043,0
ILSVRC2012_val_00000389_with_ILSVRC2012_val_00016263_rank167,232,232,0.27782,0
ILSVRC2012_val_00000389_with_ILSVRC2012_val_00034155_rank132,181,181,0.86356,0
ILSVRC2012_val_00000389_with_ILSVRC2012_val_00011957_rank787,892,892,0.4942,0
ILSVRC2012_val_00000389_with_ILSVRC2012_val_00033111_rank549,945,945,0.74501,0
ILSVRC2012_val_00000389_with_ILSVRC2012_val_00008168_rank216,888,913,0.57277,58
ILSVRC2012_val_00000389_with_ILSVRC2012_val_00042963_rank683,927,927,0.19617,0
ILSVRC2012_val_00000389_with_ILSVRC2012_val_00013808_rank024,141,141,0.86353,0
ILSVRC2012_val_00000389_with_ILSVRC2012_val_00043101_rank371,429,429,0.83201,0
ILSVRC2012_val_00000389_with_ILSVRC2012_val_00026469_rank276,672,672,0.80612,0
ILSVRC2012_val_00000389_with_ILSVRC2012_val_00030997_rank267,670,670,0.60744,0
ILSVRC2012_val_00000389_with_ILSVRC2012_val_00025373_rank632,679,488,0.23665,1
ILSVRC2012_val_00000389_with_ILSVRC2012_val_00039956_rank216,888,888,0.83295,0
ILSVRC2012_val_00000389_with_ILSVRC2012_val_00008367_rank563,667,667,0.69925,0
ILSVRC2012_val_00000389_with_ILSVRC2012_val_00030173_rank249,866,866,0.79488,0
ILSVRC2012_val_00000389_with_ILSVRC2012_val_00044302_rank154,913,595,0.32805,74
ILSVRC2012_val_00000389_with_ILSVRC2012_val_00030590_rank025,142,142,0.8626,0
ILSVRC2012_val_00000389_with_ILSVRC2012_val_00047103_rank377,284,284,0.82867,0
ILSVRC2012_val_00000389_with_ILSVRC2012_val_00011972_rank766,794,854,0.537,4
ILSVRC2012_val_00000389_with_ILSVRC2012_val_00026557_rank114,320,319,0.2255,1
ILSVRC2012_val_00000389_with_ILSVRC2012_val_00018890_rank604,193,185,0.30258,4
ILSVRC2012_val_00000389_with_ILSVRC2012_val_00018270_rank779,630,630,0.73002,0
ILSVRC2012_val_00000389_with_ILSVRC2012_val_00018866_rank319,246,246,0.72036,0
ILSVRC2012_val_00000389_with_ILSVRC2012_val_00041969_rank666,901,901,0.40947,0
ILSVRC2012_val_00000389_with_ILSVRC2012_val_00035015_rank917,746,551,0.872,7
ILSVRC2012_val_00000389_with_ILSVRC2012_val_00048088_rank083,336,336,0.62443,0
ILSVRC2012_val_00000389_with_ILSVRC2012_val_00040947_rank428,245,245,0.76049,0
ILSVRC2012_val_00000389_with_ILSVRC2012_val_00044017_rank935,726,726,0.68894,0
ILSVRC2012_val_00000389_with_ILSVRC2012_val_00009578_rank087,271,272,0.56528,2
ILSVRC2012_val_00000389_with_ILSVRC2012_val_00049344_rank634,163,165,0.4115,2
ILSVRC2012_val_00000389_with_ILSVRC2012_val_00008826_rank098,308,308,0.73582,0
ILSVRC2012_val_00000389_with_ILSVRC2012_val_00005746_rank450,263,263,0.84362,0
ILSVRC2012_val_00000389_with_ILSVRC2012_val_00017711_rank268,210,210,0.7473,0
ILSVRC2012_val_00000389_with_ILSVRC2012_val_00046153_rank117,374,374,0.45293,0
ILSVRC2012_val_00000389_with_ILSVRC2012_val_00040495_rank156,755,755,0.87418,0
ILSVRC2012_val_00000389_with_ILSVRC2012_val_00002603_rank502,820,820,0.86274,0
ILSVRC2012_val_00000389_with_ILSVRC2012_val_00005988_rank038,146,146,0.78179,0
ILSVRC2012_val_00000389_with_ILSVRC2012_val_00029806_rank229,36,36,0.81067,0
ILSVRC2012_val_00000389_with_ILSVRC2012_val_00015200_rank255,656,609,0.38384,10
ILSVRC2012_val_00000389_with_ILSVRC2012_val_00041008_rank046,343,343,0.78003,0
ILSVRC2012_val_00000389_with_ILSVRC2012_val_00000403_rank654,510,510,0.82949,0
ILSVRC2012_val_00000389_with_ILSVRC2012_val_00037587_rank965,623,833,0.06515,520
ILSVRC2012_val_00000389_with_ILSVRC2012_val_00027763_rank981,235,235,0.72717,0
ILSVRC2012_val_00000389_with_ILSVRC2012_val_00015247_rank839,631,631,0.51326,0
ILSVRC2012_val_00000389_with_ILSVRC2012_val_00040430_rank950,419,419,0.52222,0
ILSVRC2012_val_00000389_with_ILSVRC2012_val_00037611_rank049,11,11,0.79442,0
ILSVRC2012_val_00000389_with_ILSVRC2012_val_00020969_rank209,362,362,0.87125,0
ILSVRC2012_val_00000389_with_ILSVRC2012_val_00026731_rank922,542,703,0.77531,914
ILSVRC2012_val_00000389_with_ILSVRC2012_val_00038921_rank695,861,897,0.81479,3
ILSVRC2012_val_00000389_with_ILSVRC2012_val_00049020_rank295,107,135,0.16495,846
ILSVRC2012_val_00000389_with_ILSVRC2012_val_00001134_rank983,720,720,0.74177,0
ILSVRC2012_val_00000389_with_ILSVRC2012_val_00004879_rank102,895,413,0.15802,91
ILSVRC2012_val_00000389_with_ILSVRC2012_val_00012566_rank656,208,208,0.76078,0
ILSVRC2012_val_00000389_with_ILSVRC2012_val_00019817_rank867,784,293,0.52939,921
ILSVRC2012_val_00000389_with_ILSVRC2012_val_00044129_rank349,297,297,0.82979,0
ILSVRC2012_val_00000389_with_ILSVRC2012_val_00010441_rank104,355,355,0.8211,0
ILSVRC2012_val_00000389_with_ILSVRC2012_val_00017105_rank493,2,2,0.80934,0
ILSVRC2012_val_00000389_with_ILSVRC2012_val_00039315_rank824,587,587,0.65046,0
ILSVRC2012_val_00000389_with_ILSVRC2012_val_00027792_rank630,434,434,0.34417,0
ILSVRC2012_val_00000389_with_ILSVRC2012_val_00048279_rank380,907,907,0.14059,0
ILSVRC2012_val_00000389_with_ILSVRC2012_val_00044583_rank824,587,975,0.12065,953
ILSVRC2012_val_00000389_with_ILSVRC2012_val_00039459_rank328,378,378,0.75891,0
ILSVRC2012_val_00000389_with_ILSVRC2012_val_00034023_rank502,820,820,0.84286,0
ILSVRC2012_val_00000389_with_ILSVRC2012_val_00009761_rank562,473,473,0.83671,0
ILSVRC2012_val_00000389_with_ILSVRC2012_val_00041857_rank916,402,546,0.2432,1
ILSVRC2012_val_00000389_with_ILSVRC2012_val_00002043_rank922,542,541,0.40166,1
ILSVRC2012_val_00000389_with_ILSVRC2012_val_00031888_rank957,446,807,0.17991,311
ILSVRC2012_val_00000389_with_ILSVRC2012_val_00035797_rank679,302,302,0.78319,0
ILSVRC2012_val_00000389_with_ILSVRC2012_val_00009523_rank541,267,267,0.83059,0
ILSVRC2012_val_00000389_with_ILSVRC2012_val_00003333_rank969,823,869,0.92969,102
ILSVRC2012_val_00000389_with_ILSVRC2012_val_00014381_rank332,701,701,0.82937,0
ILSVRC2012_val_00000389_with_ILSVRC2012_val_00001571_rank961,782,526,0.1731,16
ILSVRC2012_val_00000389_with_ILSVRC2012_val_00014896_rank928,546,546,0.73024,0
ILSVRC2012_val_00000389_with_ILSVRC2012_val_00029070_rank027,97,97,0.73618,0
ILSVRC2012_val_00000389_with_ILSVRC2012_val_00016992_rank170,839,839,0.84535,0
ILSVRC2012_val_00000389_with_ILSVRC2012_val_00004287_rank274,198,198,0.75933,0
ILSVRC2012_val_00000389_with_ILSVRC2012_val_00013870_rank130,42,42,0.7902,0
ILSVRC2012_val_00000389_with_ILSVRC2012_val_00048798_rank151,984,984,0.86313,0
ILSVRC2012_val_00000389_with_ILSVRC2012_val_00038447_rank173,574,574,0.81668,0
ILSVRC2012_val_00000389_with_ILSVRC2012_val_00019408_rank194,805,805,0.79543,0
ILSVRC2012_val_00000389_with_ILSVRC2012_val_00033153_rank309,484,814,0.24144,4
ILSVRC2012_val_00000389_with_ILSVRC2012_val_00028844_rank817,813,792,0.56948,11
ILSVRC2012_val_00000389_with_ILSVRC2012_val_00042213_rank463,259,259,0.84326,0
ILSVRC2012_val_00000389_with_ILSVRC2012_val_00037344_rank365,843,843,0.7608,0
ILSVRC2012_val_00000389_with_ILSVRC2012_val_00026004_rank420,654,609,0.75375,12
ILSVRC2012_val_00000389_with_ILSVRC2012_val_00026283_rank428,245,245,0.5667,0
ILSVRC2012_val_00000389_with_ILSVRC2012_val_00015800_rank116,278,278,0.59696,0
ILSVRC2012_val_00000389_with_ILSVRC2012_val_00048145_rank319,246,178,0.71672,6
ILSVRC2012_val_00000389_with_ILSVRC2012_val_00013299_rank229,36,35,0.47075,1
ILSVRC2012_val_00000389_with_ILSVRC2012_val_00037858_rank956,241,241,0.54261,0
ILSVRC2012_val_00000389_with_ILSVRC2012_val_00000452_rank136,734,734,0.8637,0
ILSVRC2012_val_00000389_with_ILSVRC2012_val_00039243_rank318,943,943,0.84301,0
ILSVRC2012_val_00000389_with_ILSVRC2012_val_00017835_rank458,689,689,0.20838,0
ILSVRC2012_val_00000389_with_ILSVRC2012_val_00011756_rank026,353,353,0.84475,0
ILSVRC2012_val_00000389_with_ILSVRC2012_val_00016616_rank625,831,831,0.82563,0
ILSVRC2012_val_00000389_with_ILSVRC2012_val_00031440_rank460,949,949,0.82778,0
ILSVRC2012_val_00000389_with_ILSVRC2012_val_00047874_rank970,885,721,0.63059,17
ILSVRC2012_val_00000389_with_ILSVRC2012_val_00043538_rank470,228,228,0.8429,0
ILSVRC2012_val_00000389_with_ILSVRC2012_val_00028936_rank457,260,260,0.78361,0
ILSVRC2012_val_00000389_with_ILSVRC2012_val_00018861_rank542,705,705,0.57119,0
ILSVRC2012_val_00000389_with_ILSVRC2012_val_00035680_rank778,190,181,0.51443,8
ILSVRC2012_val_00000389_with_ILSVRC2012_val_00042094_rank504,743,743,0.86484,0
ILSVRC2012_val_00000389_with_ILSVRC2012_val_00021985_rank317,407,407,0.8315,0
ILSVRC2012_val_00000389_with_ILSVRC2012_val_00023062_rank121,342,342,0.73185,0
ILSVRC2012_val_00000389_with_ILSVRC2012_val_00045605_rank184,832,832,0.75739,0
ILSVRC2012_val_00000389_with_ILSVRC2012_val_00026553_rank327,812,895,0.70813,4
ILSVRC2012_val_00000389_with_ILSVRC2012_val_00029533_rank862,786,603,0.24934,448
ILSVRC2012_val_00000389_with_ILSVRC2012_val_00015180_rank775,529,975,0.10254,366
ILSVRC2012_val_00000389_with_ILSVRC2012_val_00020768_rank540,435,975,0.54128,249
ILSVRC2012_val_00000389_with_ILSVRC2012_val_00030437_rank588,115,115,0.48418,0
ILSVRC2012_val_00000389_with_ILSVRC2012_val_00014224_rank838,653,653,0.3308,0
ILSVRC2012_val_00000389_with_ILSVRC2012_val_00046069_rank846,33,33,0.4552,0
ILSVRC2012_val_00000389_with_ILSVRC2012_val_00021101_rank266,475,475,0.83404,0
ILSVRC2012_val_00000389_with_ILSVRC2012_val_00044859_rank540,435,435,0.16843,0
ILSVRC2012_val_00000389_with_ILSVRC2012_val_00000748_rank496,202,202,0.5478,0
ILSVRC2012_val_00000389_with_ILSVRC2012_val_00019005_rank667,655,879,0.13593,34
ILSVRC2012_val_00000389_with_ILSVRC2012_val_00002834_rank801,490,100,0.04054,362
ILSVRC2012_val_00000389_with_ILSVRC2012_val_00014069_rank202,53,114,0.06692,36
ILSVRC2012_val_00000389_with_ILSVRC2012_val_00039175_rank484,408,408,0.87206,0
ILSVRC2012_val_00000389_with_ILSVRC2012_val_00036829_rank962,691,971,0.1214,47
ILSVRC2012_val_00000389_with_ILSVRC2012_val_00003589_rank660,821,821,0.49548,0
ILSVRC2012_val_00000389_with_ILSVRC2012_val_00030592_rank162,989,989,0.68238,0
ILSVRC2012_val_00000389_with_ILSVRC2012_val_00034571_rank620,161,161,0.81052,0
ILSVRC2012_val_00000389_with_ILSVRC2012_val_00034588_rank758,427,427,0.53635,0
ILSVRC2012_val_00000389_with_ILSVRC2012_val_00035209_rank894,121,913,0.25546,79
ILSVRC2012_val_00000389_with_ILSVRC2012_val_00043067_rank036,375,375,0.77524,0
ILSVRC2012_val_00000389_with_ILSVRC2012_val_00035079_rank216,888,888,0.84519,0
ILSVRC2012_val_00000389_with_ILSVRC2012_val_00001797_rank767,867,867,0.82346,0
ILSVRC2012_val_00000389_with_ILSVRC2012_val_00007310_rank369,814,814,0.76322,0
ILSVRC2012_val_00000389_with_ILSVRC2012_val_00035319_rank586,219,205,0.41851,28
ILSVRC2012_val_00000389_with_ILSVRC2012_val_00001200_rank869,450,450,0.80478,0
ILSVRC2012_val_00000389_with_ILSVRC2012_val_00045598_rank568,222,208,0.83982,13
ILSVRC2012_val_00000389_with_ILSVRC2012_val_00029271_rank857,775,802,0.59479,538
ILSVRC2012_val_00000389_with_ILSVRC2012_val_00000041_rank998,516,431,0.56434,1
ILSVRC2012_val_00000389_with_ILSVRC2012_val_00036434_rank098,308,308,0.6485,0
ILSVRC2012_val_00000389_with_ILSVRC2012_val_00001913_rank893,715,132,0.65835,672
ILSVRC2012_val_00000389_with_ILSVRC2012_val_00018334_rank307,58,58,0.18817,0
ILSVRC2012_val_00000389_with_ILSVRC2012_val_00039375_rank817,813,693,0.39414,31
ILSVRC2012_val_00000389_with_ILSVRC2012_val_00038979_rank845,891,891,0.87436,0
ILSVRC2012_val_00000389_with_ILSVRC2012_val_00018640_rank636,332,332,0.18317,0
ILSVRC2012_val_00000389_with_ILSVRC2012_val_00014113_rank417,750,797,0.65946,5
ILSVRC2012_val_00000389_with_ILSVRC2012_val_00008088_rank193,436,436,0.79764,0
ILSVRC2012_val_00000389_with_ILSVRC2012_val_00043253_rank647,559,559,0.75366,0
ILSVRC2012_val_00000389_with_ILSVRC2012_val_00027158_rank164,815,815,0.14602,0
ILSVRC2012_val_00000389_with_ILSVRC2012_val_00012426_rank698,673,526,0.49425,5
ILSVRC2012_val_00000389_with_ILSVRC2012_val_00025705_rank554,552,506,0.31872,700
ILSVRC2012_val_00000389_with_ILSVRC2012_val_00032922_rank372,394,394,0.77992,0
ILSVRC2012_val_00000389_with_ILSVRC2012_val_00017346_rank208,57,57,0.7714,0
ILSVRC2012_val_00000389_with_ILSVRC2012_val_00005716_rank085,337,337,0.49832,0
ILSVRC2012_val_00000389_with_ILSVRC2012_val_00023778_rank012,9,9,0.74007,0
ILSVRC2012_val_00000389_with_ILSVRC2012_val_00007303_rank150,292,292,0.70639,0
ILSVRC2012_val_00000389_with_ILSVRC2012_val_00001099_rank320,377,377,0.86564,0
ILSVRC2012_val_00000389_with_ILSVRC2012_val_00045825_rank366,393,393,0.73945,0
ILSVRC2012_val_00000389_with_ILSVRC2012_val_00000088_rank300,28,25,0.59588,1
ILSVRC2012_val_00000389_with_ILSVRC2012_val_00046732_rank010,129,129,0.89342,0
ILSVRC2012_val_00000389_with_ILSVRC2012_val_00047186_rank382,518,518,0.60109,0
ILSVRC2012_val_00000389_with_ILSVRC2012_val_00025357_rank486,875,875,0.44252,0
ILSVRC2012_val_00000389_with_ILSVRC2012_val_00029768_rank953,584,523,0.21751,610
ILSVRC2012_val_00000389_with_ILSVRC2012_val_00036397_rank060,381,381,0.86108,0
ILSVRC2012_val_00000389_with_ILSVRC2012_val_00033663_rank827,849,849,0.80398,0
ILSVRC2012_val_00000389_with_ILSVRC2012_val_00002336_rank881,956,956,0.67393,0
ILSVRC2012_val_00000389_with_ILSVRC2012_val_00008992_rank139,251,251,0.78872,0
ILSVRC2012_val_00000389_with_ILSVRC2012_val_00047760_rank294,661,661,0.86615,0
ILSVRC2012_val_00000389_with_ILSVRC2012_val_00034771_rank137,234,234,0.78936,0
ILSVRC2012_val_00000389_with_ILSVRC2012_val_00019971_rank998,516,765,0.17157,3
ILSVRC2012_val_00000389_with_ILSVRC2012_val_00033164_rank456,239,239,0.80809,0
ILSVRC2012_val_00000389_with_ILSVRC2012_val_00011612_rank675,153,204,0.46889,1
ILSVRC2012_val_00000389_with_ILSVRC2012_val_00019759_rank285,180,180,0.38789,0
ILSVRC2012_val_00000389_with_ILSVRC2012_val_00031222_rank099,395,395,0.75209,0
ILSVRC2012_val_00000389_with_ILSVRC2012_val_00010079_rank129,791,791,0.82441,0
ILSVRC2012_val_00000389_with_ILSVRC2012_val_00012743_rank058,370,370,0.84515,0
ILSVRC2012_val_00000389_with_ILSVRC2012_val_00001946_rank688,590,458,0.20886,472
ILSVRC2012_val_00000389_with_ILSVRC2012_val_00008751_rank652,530,530,0.87696,0
ILSVRC2012_val_00000389_with_ILSVRC2012_val_00014441_rank938,199,233,0.24655,12
ILSVRC2012_val_00000389_with_ILSVRC2012_val_00009988_rank009,130,130,0.7312,0
ILSVRC2012_val_00000389_with_ILSVRC2012_val_00025010_rank481,592,592,0.36653,0
ILSVRC2012_val_00000389_with_ILSVRC2012_val_00017941_rank832,694,694,0.69433,0
ILSVRC2012_val_00000389_with_ILSVRC2012_val_00047889_rank247,363,363,0.83253,0
ILSVRC2012_val_00000389_with_ILSVRC2012_val_00023652_rank069,349,348,0.47485,1
ILSVRC2012_val_00000389_with_ILSVRC2012_val_00000406_rank517,935,935,0.62264,0
ILSVRC2012_val_00000389_with_ILSVRC2012_val_00038684_rank104,355,355,0.69311,0
ILSVRC2012_val_00000389_with_ILSVRC2012_val_00029045_rank997,528,528,0.77126,0
ILSVRC2012_val_00000389_with_ILSVRC2012_val_00001207_rank420,654,654,0.77244,0
ILSVRC2012_val_00000389_with_ILSVRC2012_val_00038145_rank425,748,595,0.49114,661
ILSVRC2012_val_00000389_with_ILSVRC2012_val_00003849_rank325,872,872,0.78473,0
ILSVRC2012_val_00000389_with_ILSVRC2012_val_00023871_rank492,285,285,0.52958,0
ILSVRC2012_val_00000389_with_ILSVRC2012_val_00044605_rank634,163,163,0.79549,0
ILSVRC2012_val_00000389_with_ILSVRC2012_val_00012553_rank130,42,42,0.8767,0
ILSVRC2012_val_00000389_with_ILSVRC2012_val_00007973_rank023,98,144,0.61425,9
ILSVRC2012_val_00000389_with_ILSVRC2012_val_00031128_rank679,302,304,0.09639,4
ILSVRC2012_val_00000389_with_ILSVRC2012_val_00008425_rank758,427,427,0.81402,0
ILSVRC2012_val_00000389_with_ILSVRC2012_val_00015631_rank186,3,4,0.16967,2
ILSVRC2012_val_00000389_with_ILSVRC2012_val_00043808_rank019,84,84,0.41078,0
ILSVRC2012_val_00000389_with_ILSVRC2012_val_00014132_rank551,118,118,0.66628,0
ILSVRC2012_val_00000389_with_ILSVRC2012_val_00049074_rank855,745,745,0.8296,0
ILSVRC2012_val_00000389_with_ILSVRC2012_val_00030503_rank263,637,637,0.85889,0
ILSVRC2012_val_00000389_with_ILSVRC2012_val_00026124_rank109,703,703,0.84803,0
ILSVRC2012_val_00000389_with_ILSVRC2012_val_00041396_rank974,818,704,0.64912,348
ILSVRC2012_val_00000389_with_ILSVRC2012_val_00009283_rank044,376,376,0.84734,0
ILSVRC2012_val_00000389_with_ILSVRC2012_val_00040777_rank202,53,53,0.69223,0
ILSVRC2012_val_00000389_with_ILSVRC2012_val_00001915_rank122,13,13,0.82233,0
ILSVRC2012_val_00000389_with_ILSVRC2012_val_00005038_rank890,787,787,0.60963,0
ILSVRC2012_val_00000389_with_ILSVRC2012_val_00025507_rank049,11,11,0.76671,0
ILSVRC2012_val_00000389_with_ILSVRC2012_val_00039763_rank638,615,589,0.43367,128
ILSVRC2012_val_00000389_with_ILSVRC2012_val_00040889_rank490,625,625,0.78169,0
ILSVRC2012_val_00000389_with_ILSVRC2012_val_00010372_rank507,237,236,0.47957,1
ILSVRC2012_val_00000389_with_ILSVRC2012_val_00012976_rank232,101,101,0.82251,0
ILSVRC2012_val_00000389_with_ILSVRC2012_val_00049096_rank799,968,968,0.40001,0
ILSVRC2012_val_00000389_with_ILSVRC2012_val_00037864_rank685,550,550,0.81373,0
ILSVRC2012_val_00000389_with_ILSVRC2012_val_00009500_rank788,428,472,0.44802,19
ILSVRC2012_val_00000389_with_ILSVRC2012_val_00024837_rank488,513,133,0.13524,319
ILSVRC2012_val_00000389_with_ILSVRC2012_val_00015882_rank913,969,969,0.78388,0
ILSVRC2012_val_00000389_with_ILSVRC2012_val_00000056_rank516,468,468,0.53924,0
ILSVRC2012_val_00000389_with_ILSVRC2012_val_00019748_rank129,791,791,0.76125,0
ILSVRC2012_val_00000389_with_ILSVRC2012_val_00045879_rank060,381,208,0.14479,499
ILSVRC2012_val_00000389_with_ILSVRC2012_val_00033393_rank045,82,82,0.6485,0
ILSVRC2012_val_00000389_with_ILSVRC2012_val_00016173_rank119,366,366,0.70124,0
ILSVRC2012_val_00000389_with_ILSVRC2012_val_00014937_rank761,798,769,0.35728,1
ILSVRC2012_val_00000389_with_ILSVRC2012_val_00013104_rank527,925,923,0.60293,3
ILSVRC2012_val_00000389_with_ILSVRC2012_val_00031488_rank340,300,300,0.79272,0
ILSVRC2012_val_00000389_with_ILSVRC2012_val_00049187_rank112,46,46,0.58528,0
ILSVRC2012_val_00000389_with_ILSVRC2012_val_00019558_rank684,999,999,0.74236,0
ILSVRC2012_val_00000389_with_ILSVRC2012_val_00037476_rank596,963,963,0.88115,0
ILSVRC2012_val_00000389_with_ILSVRC2012_val_00021535_rank937,567,567,0.86129,0
ILSVRC2012_val_00000389_with_ILSVRC2012_val_00028696_rank701,597,597,0.80244,0
ILSVRC2012_val_00000389_with_ILSVRC2012_val_00041010_rank231,944,944,0.82513,0
ILSVRC2012_val_00000389_with_ILSVRC2012_val_00049238_rank868,463,463,0.79561,0
ILSVRC2012_val_00000389_with_ILSVRC2012_val_00040892_rank821,889,889,0.5956,0
ILSVRC2012_val_00000389_with_ILSVRC2012_val_00022865_rank525,5,5,0.76917,0
ILSVRC2012_val_00000389_with_ILSVRC2012_val_00034998_rank442,396,340,0.55225,28
ILSVRC2012_val_00000389_with_ILSVRC2012_val_00030904_rank005,128,128,0.44566,0
ILSVRC2012_val_00000389_with_ILSVRC2012_val_00035925_rank395,560,787,0.16725,22
ILSVRC2012_val_00000389_with_ILSVRC2012_val_00019362_rank583,338,338,0.75373,0
ILSVRC2012_val_00000389_with_ILSVRC2012_val_00043865_rank666,901,901,0.88823,0
ILSVRC2012_val_00000389_with_ILSVRC2012_val_00023362_rank118,215,215,0.45261,0
ILSVRC2012_val_00000389_with_ILSVRC2012_val_00011071_rank529,119,133,0.2064,277
ILSVRC2012_val_00000389_with_ILSVRC2012_val_00023782_rank413,177,177,0.88932,0
ILSVRC2012_val_00000389_with_ILSVRC2012_val_00007602_rank099,395,394,0.46264,2
ILSVRC2012_val_00000389_with_ILSVRC2012_val_00012112_rank650,993,993,0.83517,0
ILSVRC2012_val_00000389_with_ILSVRC2012_val_00007905_rank258,992,992,0.74412,0
ILSVRC2012_val_00000389_with_ILSVRC2012_val_00042140_rank467,357,294,0.58156,53
ILSVRC2012_val_00000389_with_ILSVRC2012_val_00003919_rank212,698,698,0.56735,0
ILSVRC2012_val_00000389_with_ILSVRC2012_val_00013512_rank122,13,10,0.6031,2
ILSVRC2012_val_00000389_with_ILSVRC2012_val_00029082_rank284,339,339,0.85548,0
ILSVRC2012_val_00000389_with_ILSVRC2012_val_00017584_rank834,804,475,0.18293,157
ILSVRC2012_val_00000389_with_ILSVRC2012_val_00039420_rank698,673,761,0.37908,4
ILSVRC2012_val_00000389_with_ILSVRC2012_val_00035903_rank646,996,996,0.19765,0
ILSVRC2012_val_00000389_with_ILSVRC2012_val_00010925_rank052,319,133,0.30508,53
ILSVRC2012_val_00000389_with_ILSVRC2012_val_00014446_rank073,212,212,0.80088,0
ILSVRC2012_val_00000389_with_ILSVRC2012_val_00036049_rank931,854,854,0.78678,0
ILSVRC2012_val_00000389_with_ILSVRC2012_val_00034242_rank053,19,19,0.76639,0
ILSVRC2012_val_00000389_with_ILSVRC2012_val_00015271_rank381,318,318,0.74518,0
ILSVRC2012_val_00000389_with_ILSVRC2012_val_00025857_rank802,939,939,0.84967,0
ILSVRC2012_val_00000389_with_ILSVRC2012_val_00022883_rank462,400,400,0.55135,0
ILSVRC2012_val_00000389_with_ILSVRC2012_val_00033240_rank835,431,431,0.72362,0
ILSVRC2012_val_00000389_with_ILSVRC2012_val_00030519_rank742,151,151,0.62042,0
ILSVRC2012_val_00000389_with_ILSVRC2012_val_00028860_rank316,474,474,0.52827,0
ILSVRC2012_val_00000389_with_ILSVRC2012_val_00021249_rank423,230,230,0.52898,0
ILSVRC2012_val_00000389_with_ILSVRC2012_val_00020749_rank363,904,96,0.71569,123
ILSVRC2012_val_00000389_with_ILSVRC2012_val_00037283_rank473,727,727,0.8167,0
ILSVRC2012_val_00000389_with_ILSVRC2012_val_00011421_rank658,531,531,0.76368,0
ILSVRC2012_val_00000389_with_ILSVRC2012_val_00025261_rank215,200,200,0.8151,0
ILSVRC2012_val_00000389_with_ILSVRC2012_val_00002183_rank889,414,414,0.5055,0
ILSVRC2012_val_00000389_with_ILSVRC2012_val_00024327_rank244,0,132,0.22496,267
ILSVRC2012_val_00000389_with_ILSVRC2012_val_00039297_rank760,909,909,0.43195,0
ILSVRC2012_val_00000389_with_ILSVRC2012_val_00030157_rank852,465,465,0.37608,0
ILSVRC2012_val_00000389_with_ILSVRC2012_val_00008726_rank070,277,277,0.54314,0
ILSVRC2012_val_00000389_with_ILSVRC2012_val_00020998_rank954,499,499,0.9182,0
ILSVRC2012_val_00000389_with_ILSVRC2012_val_00020179_rank006,99,99,0.73045,0
ILSVRC2012_val_00000389_with_ILSVRC2012_val_00047605_rank930,635,635,0.79722,0
ILSVRC2012_val_00000389_with_ILSVRC2012_val_00043825_rank723,160,160,0.64902,0
ILSVRC2012_val_00000389_with_ILSVRC2012_val_00014009_rank275,27,27,0.32386,0
ILSVRC2012_val_00000389_with_ILSVRC2012_val_00008665_rank718,63,63,0.55199,0
ILSVRC2012_val_00000389_with_ILSVRC2012_val_00000438_rank584,721,721,0.41281,0
ILSVRC2012_val_00000389_with_ILSVRC2012_val_00015822_rank766,794,913,0.79594,454
ILSVRC2012_val_00000389_with_ILSVRC2012_val_00039096_rank892,707,707,0.74407,0
ILSVRC2012_val_00000389_with_ILSVRC2012_val_00000562_rank238,466,466,0.3962,0
ILSVRC2012_val_00000389_with_ILSVRC2012_val_00034626_rank242,325,325,0.58182,0
ILSVRC2012_val_00000389_with_ILSVRC2012_val_00026076_rank067,946,946,0.61336,0
ILSVRC2012_val_00000389_with_ILSVRC2012_val_00028029_rank774,930,930,0.59941,0
ILSVRC2012_val_00000389_with_ILSVRC2012_val_00024831_rank413,177,177,0.67877,0
ILSVRC2012_val_00000389_with_ILSVRC2012_val_00015248_rank461,738,738,0.71197,0
ILSVRC2012_val_00000389_with_ILSVRC2012_val_00027135_rank553,568,249,0.86743,115
ILSVRC2012_val_00000389_with_ILSVRC2012_val_00002835_rank231,944,944,0.72808,0
ILSVRC2012_val_00000389_with_ILSVRC2012_val_00020383_rank593,52,23,0.44883,452
ILSVRC2012_val_00000389_with_ILSVRC2012_val_00026017_rank241,152,152,0.62326,0
ILSVRC2012_val_00000389_with_ILSVRC2012_val_00048490_rank829,685,685,0.70583,0
ILSVRC2012_val_00000389_with_ILSVRC2012_val_00032547_rank353,120,120,0.84634,0
ILSVRC2012_val_00000389_with_ILSVRC2012_val_00040836_rank404,197,197,0.86713,0
ILSVRC2012_val_00000389_with_ILSVRC2012_val_00030141_rank416,157,157,0.82538,0
ILSVRC2012_val_00000389_with_ILSVRC2012_val_00031296_rank355,496,496,0.93013,0
ILSVRC2012_val_00000389_with_ILSVRC2012_val_00003668_rank532,841,0,0.47523,64
ILSVRC2012_val_00000389_with_ILSVRC2012_val_00044457_rank955,469,913,0.58236,172
ILSVRC2012_val_00000389_with_ILSVRC2012_val_00008939_rank470,228,228,0.87086,0
ILSVRC2012_val_00000389_with_ILSVRC2012_val_00004916_rank775,529,529,0.68916,0
ILSVRC2012_val_00000389_with_ILSVRC2012_val_00034196_rank472,640,640,0.69499,0
ILSVRC2012_val_00000389_with_ILSVRC2012_val_00002789_rank062,340,340,0.83368,0
ILSVRC2012_val_00000389_with_ILSVRC2012_val_00011181_rank203,307,172,0.42541,100
ILSVRC2012_val_00000389_with_ILSVRC2012_val_00001805_rank238,466,466,0.47335,0
ILSVRC2012_val_00000389_with_ILSVRC2012_val_00049201_rank052,319,319,0.67383,0
ILSVRC2012_val_00000389_with_ILSVRC2012_val_00012026_rank804,189,189,0.83235,0
ILSVRC2012_val_00000389_with_ILSVRC2012_val_00001630_rank218,448,449,0.72435,7
ILSVRC2012_val_00000389_with_ILSVRC2012_val_00017233_rank989,420,420,0.87334,0
ILSVRC2012_val_00000389_with_ILSVRC2012_val_00005325_rank607,971,971,0.47047,0
ILSVRC2012_val_00000389_with_ILSVRC2012_val_00010413_rank517,935,975,0.16481,572
ILSVRC2012_val_00000389_with_ILSVRC2012_val_00001412_rank790,418,472,0.43393,691
ILSVRC2012_val_00000389_with_ILSVRC2012_val_00021795_rank026,353,352,0.65283,1
ILSVRC2012_val_00000389_with_ILSVRC2012_val_00041554_rank563,667,667,0.27409,0
ILSVRC2012_val_00000389_with_ILSVRC2012_val_00018605_rank878,112,792,0.29012,396
ILSVRC2012_val_00000389_with_ILSVRC2012_val_00037846_rank281,1,130,0.12728,6
ILSVRC2012_val_00000389_with_ILSVRC2012_val_00049726_rank287,149,344,0.51018,10
ILSVRC2012_val_00000389_with_ILSVRC2012_val_00038794_rank122,13,13,0.76355,0
ILSVRC2012_val_00000389_with_ILSVRC2012_val_00012726_rank424,388,388,0.82548,0
ILSVRC2012_val_00000389_with_ILSVRC2012_val_00023453_rank408,644,525,0.07348,413
ILSVRC2012_val_00000389_with_ILSVRC2012_val_00047893_rank552,751,751,0.6994,0
ILSVRC2012_val_00000389_with_ILSVRC2012_val_00048957_rank123,55,55,0.86146,0
ILSVRC2012_val_00000389_with_ILSVRC2012_val_00034551_rank108,275,275,0.77323,0
ILSVRC2012_val_00000389_with_ILSVRC2012_val_00027920_rank092,124,124,0.82719,0
ILSVRC2012_val_00000389_with_ILSVRC2012_val_00016902_rank405,195,195,0.83904,0
ILSVRC2012_val_00000389_with_ILSVRC2012_val_00030712_rank090,373,373,0.5358,0
ILSVRC2012_val_00000389_with_ILSVRC2012_val_00037032_rank288,288,288,0.8135,0
ILSVRC2012_val_00000389_with_ILSVRC2012_val_00042425_rank606,443,443,0.64528,0
ILSVRC2012_val_00000389_with_ILSVRC2012_val_00010351_rank261,628,628,0.62898,0
ILSVRC2012_val_00000389_with_ILSVRC2012_val_00023063_rank907,950,950,0.8191,0
ILSVRC2012_val_00000389_with_ILSVRC2012_val_00033899_rank822,662,485,0.1637,23
ILSVRC2012_val_00000389_with_ILSVRC2012_val_00017481_rank262,833,913,0.58719,3
ILSVRC2012_val_00000389_with_ILSVRC2012_val_00017686_rank658,531,531,0.70725,0
ILSVRC2012_val_00000389_with_ILSVRC2012_val_00023373_rank718,63,63,0.28262,0
ILSVRC2012_val_00000389_with_ILSVRC2012_val_00027486_rank050,87,87,0.82969,0
ILSVRC2012_val_00000389_with_ILSVRC2012_val_00001395_rank755,797,797,0.66904,0
ILSVRC2012_val_00000389_with_ILSVRC2012_val_00006336_rank568,222,222,0.77208,0
ILSVRC2012_val_00000389_with_ILSVRC2012_val_00038207_rank316,474,474,0.66907,0
ILSVRC2012_val_00000389_with_ILSVRC2012_val_00017538_rank331,717,717,0.74308,0
ILSVRC2012_val_00000389_with_ILSVRC2012_val_00021948_rank187,554,554,0.83932,0
ILSVRC2012_val_00000389_with_ILSVRC2012_val_00011091_rank206,768,130,0.24234,76
ILSVRC2012_val_00000389_with_ILSVRC2012_val_00043980_rank874,712,472,0.49378,775
ILSVRC2012_val_00000389_with_ILSVRC2012_val_00036383_rank774,930,958,0.4452,136
ILSVRC2012_val_00000389_with_ILSVRC2012_val_00015865_rank874,712,712,0.67385,0
ILSVRC2012_val_00000389_with_ILSVRC2012_val_00007040_rank154,913,913,0.80738,0
ILSVRC2012_val_00000389_with_ILSVRC2012_val_00015642_rank732,577,693,0.76333,238
ILSVRC2012_val_00000389_with_ILSVRC2012_val_00039287_rank965,623,693,0.6059,68
ILSVRC2012_val_00000389_with_ILSVRC2012_val_00025440_rank613,987,987,0.62382,0
ILSVRC2012_val_00000389_with_ILSVRC2012_val_00008756_rank022,140,140,0.75962,0
ILSVRC2012_val_00000389_with_ILSVRC2012_val_00038457_rank674,186,186,0.76499,0
ILSVRC2012_val_00000389_with_ILSVRC2012_val_00042529_rank385,286,286,0.75073,0
ILSVRC2012_val_00000389_with_ILSVRC2012_val_00045245_rank065,104,135,0.11163,118
ILSVRC2012_val_00000389_with_ILSVRC2012_val_00014627_rank717,869,869,0.78014,0
ILSVRC2012_val_00000389_with_ILSVRC2012_val_00015752_rank214,390,64,0.21893,33
ILSVRC2012_val_00000389_with_ILSVRC2012_val_00033050_rank475,111,134,0.15927,519
ILSVRC2012_val_00000389_with_ILSVRC2012_val_00040462_rank755,797,797,0.82846,0
ILSVRC2012_val_00000389_with_ILSVRC2012_val_00034940_rank591,551,838,0.80893,3
ILSVRC2012_val_00000389_with_ILSVRC2012_val_00001011_rank911,409,409,0.40591,0
ILSVRC2012_val_00000389_with_ILSVRC2012_val_00033008_rank673,512,895,0.43745,482
ILSVRC2012_val_00000389_with_ILSVRC2012_val_00014396_rank417,750,750,0.9053,0
ILSVRC2012_val_00000389_with_ILSVRC2012_val_00046806_rank554,552,205,0.13798,614
ILSVRC2012_val_00000389_with_ILSVRC2012_val_00003808_rank745,258,258,0.85628,0
ILSVRC2012_val_00000389_with_ILSVRC2012_val_00044948_rank921,333,106,0.44056,18
ILSVRC2012_val_00000389_with_ILSVRC2012_val_00025368_rank850,534,534,0.45164,0
ILSVRC2012_val_00000389_with_ILSVRC2012_val_00020045_rank273,573,621,0.60965,2
ILSVRC2012_val_00000389_with_ILSVRC2012_val_00044921_rank032,22,22,0.80409,0
ILSVRC2012_val_00000389_with_ILSVRC2012_val_00043411_rank485,965,965,0.84324,0
ILSVRC2012_val_00000389_with_ILSVRC2012_val_00007251_rank088,334,185,0.11533,278
ILSVRC2012_val_00000389_with_ILSVRC2012_val_00001604_rank798,423,423,0.75366,0
ILSVRC2012_val_00000389_with_ILSVRC2012_val_00025479_rank388,213,213,0.81156,0
ILSVRC2012_val_00000389_with_ILSVRC2012_val_00049138_rank931,854,733,0.2904,353
ILSVRC2012_val_00000389_with_ILSVRC2012_val_00017417_rank085,337,337,0.80999,0
ILSVRC2012_val_00000389_with_ILSVRC2012_val_00013277_rank122,13,13,0.75216,0
ILSVRC2012_val_00000389_with_ILSVRC2012_val_00022307_rank481,592,592,0.83417,0
ILSVRC2012_val_00000389_with_ILSVRC2012_val_00041735_rank403,175,175,0.84446,0
ILSVRC2012_val_00000389_with_ILSVRC2012_val_00001161_rank200,327,327,0.74558,0
ILSVRC2012_val_00000389_with_ILSVRC2012_val_00024533_rank568,222,181,0.35362,11
ILSVRC2012_val_00000389_with_ILSVRC2012_val_00018026_rank909,105,105,0.85768,0
ILSVRC2012_val_00000389_with_ILSVRC2012_val_00021066_rank288,288,288,0.43026,0
ILSVRC2012_val_00000389_with_ILSVRC2012_val_00014193_rank491,749,749,0.80501,0
ILSVRC2012_val_00000389_with_ILSVRC2012_val_00033692_rank610,520,660,0.70399,135
ILSVRC2012_val_00000389_with_ILSVRC2012_val_00027738_rank636,332,913,0.16914,975
ILSVRC2012_val_00000389_with_ILSVRC2012_val_00040341_rank140,858,858,0.72597,0
ILSVRC2012_val_00000389_with_ILSVRC2012_val_00030739_rank996,753,753,0.17139,0
ILSVRC2012_val_00000389_with_ILSVRC2012_val_00010940_rank812,645,975,0.22147,291
ILSVRC2012_val_00000389_with_ILSVRC2012_val_00032672_rank305,350,350,0.78723,0
ILSVRC2012_val_00000389_with_ILSVRC2012_val_00017490_rank080,39,47,0.79453,5
ILSVRC2012_val_00000389_with_ILSVRC2012_val_00009212_rank932,917,412,0.20475,216
ILSVRC2012_val_00000389_with_ILSVRC2012_val_00004432_rank865,514,514,0.8468,0
ILSVRC2012_val_00000389_with_ILSVRC2012_val_00048056_rank978,740,740,0.70763,0
ILSVRC2012_val_00000389_with_ILSVRC2012_val_00030821_rank704,850,723,0.91076,57
ILSVRC2012_val_00000389_with_ILSVRC2012_val_00002194_rank167,232,209,0.32238,160
ILSVRC2012_val_00000389_with_ILSVRC2012_val_00044876_rank424,388,388,0.79374,0
ILSVRC2012_val_00000389_with_ILSVRC2012_val_00008094_rank221,293,293,0.82949,0
ILSVRC2012_val_00000389_with_ILSVRC2012_val_00018994_rank247,363,362,0.26588,11
ILSVRC2012_val_00000389_with_ILSVRC2012_val_00021517_rank978,740,459,0.30065,469
ILSVRC2012_val_00000389_with_ILSVRC2012_val_00003958_rank026,353,353,0.20174,0
ILSVRC2012_val_00000389_with_ILSVRC2012_val_00040762_rank182,369,369,0.73162,0
ILSVRC2012_val_00000389_with_ILSVRC2012_val_00021481_rank873,778,778,0.77071,0
ILSVRC2012_val_00000389_with_ILSVRC2012_val_00034097_rank992,438,438,0.84539,0
ILSVRC2012_val_00000389_with_ILSVRC2012_val_00005677_rank550,697,245,0.67986,760
ILSVRC2012_val_00000389_with_ILSVRC2012_val_00032871_rank313,304,304,0.36989,0
ILSVRC2012_val_00000389_with_ILSVRC2012_val_00021941_rank826,507,507,0.82112,0
ILSVRC2012_val_00000389_with_ILSVRC2012_val_00024331_rank985,680,975,0.1705,868
ILSVRC2012_val_00000389_with_ILSVRC2012_val_00006068_rank600,781,530,0.48796,2
ILSVRC2012_val_00000389_with_ILSVRC2012_val_00047258_rank056,81,81,0.73821,0
ILSVRC2012_val_00000389_with_ILSVRC2012_val_00024368_rank798,423,424,0.42007,1
ILSVRC2012_val_00000389_with_ILSVRC2012_val_00017737_rank491,749,693,0.48193,89
ILSVRC2012_val_00000389_with_ILSVRC2012_val_00038908_rank396,915,915,0.78903,0
ILSVRC2012_val_00000389_with_ILSVRC2012_val_00001579_rank767,867,561,0.78279,12
ILSVRC2012_val_00000389_with_ILSVRC2012_val_00037462_rank576,257,222,0.8964,1
ILSVRC2012_val_00000389_with_ILSVRC2012_val_00028881_rank367,170,170,0.80396,0
ILSVRC2012_val_00000389_with_ILSVRC2012_val_00007366_rank496,202,202,0.63731,0
ILSVRC2012_val_00000389_with_ILSVRC2012_val_00005452_rank969,823,823,0.79722,0
ILSVRC2012_val_00000389_with_ILSVRC2012_val_00008287_rank004,127,127,0.79252,0
ILSVRC2012_val_00000389_with_ILSVRC2012_val_00041081_rank139,251,251,0.81418,0
ILSVRC2012_val_00000389_with_ILSVRC2012_val_00028605_rank568,222,222,0.82034,0
ILSVRC2012_val_00000389_with_ILSVRC2012_val_00009152_rank867,784,463,0.14521,722
ILSVRC2012_val_00000389_with_ILSVRC2012_val_00019796_rank572,526,730,0.28587,722
ILSVRC2012_val_00000389_with_ILSVRC2012_val_00013332_rank758,427,427,0.76847,0
ILSVRC2012_val_00000389_with_ILSVRC2012_val_00045483_rank257,649,649,0.12024,0
ILSVRC2012_val_00000389_with_ILSVRC2012_val_00039093_rank616,77,77,0.64137,0
ILSVRC2012_val_00000389_with_ILSVRC2012_val_00004871_rank911,409,398,0.41041,512
ILSVRC2012_val_00000389_with_ILSVRC2012_val_00043289_rank297,253,253,0.81417,0
ILSVRC2012_val_00000389_with_ILSVRC2012_val_00049527_rank494,809,809,0.31381,0
ILSVRC2012_val_00000389_with_ILSVRC2012_val_00015954_rank560,521,521,0.71993,0
ILSVRC2012_val_00000389_with_ILSVRC2012_val_00013845_rank546,106,106,0.78028,0
ILSVRC2012_val_00000389_with_ILSVRC2012_val_00028376_rank339,693,472,0.88812,1
ILSVRC2012_val_00000389_with_ILSVRC2012_val_00049538_rank965,623,478,0.40916,184
ILSVRC2012_val_00000389_with_ILSVRC2012_val_00001533_rank530,803,866,0.24265,2
ILSVRC2012_val_00000389_with_ILSVRC2012_val_00023189_rank799,968,797,0.46856,895
ILSVRC2012_val_00000389_with_ILSVRC2012_val_00038000_rank266,475,475,0.8321,0
ILSVRC2012_val_00000389_with_ILSVRC2012_val_00006281_rank835,431,529,0.67843,3
ILSVRC2012_val_00000389_with_ILSVRC2012_val_00017677_rank351,312,311,0.45955,1
ILSVRC2012_val_00000389_with_ILSVRC2012_val_00012516_rank246,184,184,0.66396,0
ILSVRC2012_val_00000389_with_ILSVRC2012_val_00044966_rank021,89,89,0.80964,0
ILSVRC2012_val_00000389_with_ILSVRC2012_val_00006920_rank956,241,241,0.78373,0
ILSVRC2012_val_00000389_with_ILSVRC2012_val_00011825_rank540,435,282,0.1332,288
ILSVRC2012_val_00000389_with_ILSVRC2012_val_00020381_rank947,674,693,0.22391,544
ILSVRC2012_val_00000389_with_ILSVRC2012_val_00023593_rank102,895,895,0.69862,0
ILSVRC2012_val_00000389_with_ILSVRC2012_val_00036135_rank688,590,681,0.44045,3
ILSVRC2012_val_00000389_with_ILSVRC2012_val_00027065_rank695,861,975,0.27858,606
ILSVRC2012_val_00000389_with_ILSVRC2012_val_00041873_rank516,468,468,0.44535,0
ILSVRC2012_val_00000389_with_ILSVRC2012_val_00044989_rank752,591,591,0.82897,0
ILSVRC2012_val_00000389_with_ILSVRC2012_val_00020480_rank743,709,709,0.22858,0
ILSVRC2012_val_00000389_with_ILSVRC2012_val_00031959_rank340,300,300,0.79459,0
ILSVRC2012_val_00000389_with_ILSVRC2012_val_00048477_rank340,300,300,0.86559,0
ILSVRC2012_val_00000389_with_ILSVRC2012_val_00000906_rank622,452,130,0.41754,541
ILSVRC2012_val_00000389_with_ILSVRC2012_val_00047497_rank135,90,90,0.8685,0
ILSVRC2012_val_00000389_with_ILSVRC2012_val_00021731_rank885,929,929,0.50893,0
ILSVRC2012_val_00000389_with_ILSVRC2012_val_00025394_rank432,226,226,0.81894,0
ILSVRC2012_val_00000389_with_ILSVRC2012_val_00006860_rank582,114,950,0.45909,88
ILSVRC2012_val_00000389_with_ILSVRC2012_val_00004018_rank358,565,565,0.79507,0
ILSVRC2012_val_00000389_with_ILSVRC2012_val_00045788_rank392,862,127,0.22438,262
ILSVRC2012_val_00000389_with_ILSVRC2012_val_00035110_rank578,605,898,0.15092,64
ILSVRC2012_val_00000389_with_ILSVRC2012_val_00021834_rank595,758,758,0.85815,0
ILSVRC2012_val_00000389_with_ILSVRC2012_val_00036708_rank152,298,177,0.31178,435
ILSVRC2012_val_00000389_with_ILSVRC2012_val_00003476_rank458,689,735,0.65549,17
ILSVRC2012_val_00000389_with_ILSVRC2012_val_00048449_rank638,615,700,0.26433,112
ILSVRC2012_val_00000389_with_ILSVRC2012_val_00013581_rank733,952,952,0.83497,0
ILSVRC2012_val_00000389_with_ILSVRC2012_val_00042931_rank491,749,132,0.26871,60
ILSVRC2012_val_00000389_with_ILSVRC2012_val_00015536_rank983,720,463,0.4786,81
ILSVRC2012_val_00000389_with_ILSVRC2012_val_00046753_rank430,168,159,0.34332,1
ILSVRC2012_val_00000389_with_ILSVRC2012_val_00012354_rank847,66,66,0.84377,0
ILSVRC2012_val_00000389_with_ILSVRC2012_val_00041484_rank103,449,449,0.90898,0
ILSVRC2012_val_00000389_with_ILSVRC2012_val_00041185_rank104,355,355,0.83563,0
ILSVRC2012_val_00000389_with_ILSVRC2012_val_00001792_rank797,785,807,0.10838,727
ILSVRC2012_val_00000389_with_ILSVRC2012_val_00015988_rank178,410,472,0.25118,171
ILSVRC2012_val_00000389_with_ILSVRC2012_val_00002473_rank286,330,330,0.73706,0
ILSVRC2012_val_00000389_with_ILSVRC2012_val_00011608_rank974,818,518,0.29653,139
ILSVRC2012_val_00000389_with_ILSVRC2012_val_00029758_rank921,333,333,0.73377,0
ILSVRC2012_val_00000389_with_ILSVRC2012_val_00002282_rank110,386,386,0.57768,0
ILSVRC2012_val_00000389_with_ILSVRC2012_val_00023221_rank193,436,656,0.75847,1
ILSVRC2012_val_00000389_with_ILSVRC2012_val_00022080_rank521,281,287,0.24732,4
ILSVRC2012_val_00000389_with_ILSVRC2012_val_00027843_rank797,785,879,0.626,487
ILSVRC2012_val_00000389_with_ILSVRC2012_val_00011596_rank514,147,649,0.44478,46
ILSVRC2012_val_00000389_with_ILSVRC2012_val_00019976_rank833,618,792,0.5406,25
ILSVRC2012_val_00000389_with_ILSVRC2012_val_00007021_rank365,843,843,0.7028,0
ILSVRC2012_val_00000389_with_ILSVRC2012_val_00048216_rank647,559,559,0.83971,0
ILSVRC2012_val_00000389_with_ILSVRC2012_val_00011517_rank080,39,39,0.83955,0
ILSVRC2012_val_00000389_with_ILSVRC2012_val_00039940_rank753,600,131,0.44274,669
ILSVRC2012_val_00000389_with_ILSVRC2012_val_00013071_rank356,522,417,0.82033,71
ILSVRC2012_val_00000389_with_ILSVRC2012_val_00016443_rank105,269,269,0.81436,0
ILSVRC2012_val_00000389_with_ILSVRC2012_val_00013313_rank952,589,589,0.86422,0
ILSVRC2012_val_00000389_with_ILSVRC2012_val_00011192_rank893,715,538,0.0637,54
ILSVRC2012_val_00000389_with_ILSVRC2012_val_00019429_rank006,99,99,0.56491,0
ILSVRC2012_val_00000389_with_ILSVRC2012_val_00027126_rank418,556,771,0.6829,31
ILSVRC2012_val_00000389_with_ILSVRC2012_val_00025353_rank645,221,267,0.42283,4
ILSVRC2012_val_00000389_with_ILSVRC2012_val_00042331_rank842,38,38,0.86465,0
ILSVRC2012_val_00000389_with_ILSVRC2012_val_00014328_rank012,9,9,0.82541,0
ILSVRC2012_val_00000389_with_ILSVRC2012_val_00018860_rank934,942,595,0.1761,772
ILSVRC2012_val_00000389_with_ILSVRC2012_val_00009378_rank665,169,169,0.63328,0
ILSVRC2012_val_00000389_with_ILSVRC2012_val_00049469_rank837,430,116,0.29564,869
ILSVRC2012_val_00000389_with_ILSVRC2012_val_00019156_rank987,765,765,0.75975,0
ILSVRC2012_val_00000389_with_ILSVRC2012_val_00003756_rank681,848,482,0.31541,1
ILSVRC2012_val_00000389_with_ILSVRC2012_val_00046138_rank480,412,412,0.72844,0
ILSVRC2012_val_00000389_with_ILSVRC2012_val_00015896_rank562,473,473,0.53676,0
ILSVRC2012_val_00000389_with_ILSVRC2012_val_00039762_rank482,796,796,0.56406,0
ILSVRC2012_val_00000389_with_ILSVRC2012_val_00041058_rank520,517,517,0.8583,0
ILSVRC2012_val_00000389_with_ILSVRC2012_val_00002422_rank751,897,651,0.54001,2
ILSVRC2012_val_00000389_with_ILSVRC2012_val_00022786_rank071,91,91,0.80243,0
ILSVRC2012_val_00000389_with_ILSVRC2012_val_00030623_rank648,68,66,0.41646,1
ILSVRC2012_val_00000389_with_ILSVRC2012_val_00048133_rank833,618,618,0.64888,0
ILSVRC2012_val_00000389_with_ILSVRC2012_val_00039943_rank207,912,766,0.23818,546
ILSVRC2012_val_00000389_with_ILSVRC2012_val_00012673_rank101,472,472,0.82145,0
ILSVRC2012_val_00000389_with_ILSVRC2012_val_00014177_rank934,942,943,0.80627,14
ILSVRC2012_val_00000389_with_ILSVRC2012_val_00015104_rank646,996,996,0.87065,0
ILSVRC2012_val_00000389_with_ILSVRC2012_val_00017506_rank126,682,682,0.51438,0
ILSVRC2012_val_00000389_with_ILSVRC2012_val_00039738_rank834,804,899,0.29817,4
ILSVRC2012_val_00000389_with_ILSVRC2012_val_00006385_rank074,351,351,0.76264,0
ILSVRC2012_val_00000389_with_ILSVRC2012_val_00030581_rank971,827,827,0.67003,0
ILSVRC2012_val_00000389_with_ILSVRC2012_val_00010990_rank017,137,137,0.78309,0
ILSVRC2012_val_00000389_with_ILSVRC2012_val_00025555_rank579,962,923,0.20207,3
ILSVRC2012_val_00000389_with_ILSVRC2012_val_00001188_rank692,611,913,0.33505,821
ILSVRC2012_val_00000389_with_ILSVRC2012_val_00026537_rank083,336,336,0.6355,0
ILSVRC2012_val_00000389_with_ILSVRC2012_val_00030719_rank123,55,55,0.74749,0
ILSVRC2012_val_00000389_with_ILSVRC2012_val_00029086_rank175,301,301,0.78029,0
ILSVRC2012_val_00000389_with_ILSVRC2012_val_00013716_rank244,0,132,0.22496,267
ILSVRC2012_val_00000389_with_ILSVRC2012_val_00046521_rank326,493,493,0.79809,0
ILSVRC2012_val_00000389_with_ILSVRC2012_val_00032235_rank281,1,1,0.7591,0
ILSVRC2012_val_00000389_with_ILSVRC2012_val_00020924_rank987,765,515,0.27051,83
ILSVRC2012_val_00000389_with_ILSVRC2012_val_00027998_rank740,608,975,0.10865,238
ILSVRC2012_val_00000389_with_ILSVRC2012_val_00028674_rank167,232,232,0.56204,0
ILSVRC2012_val_00000389_with_ILSVRC2012_val_00003559_rank572,526,526,0.66266,0
ILSVRC2012_val_00000389_with_ILSVRC2012_val_00017339_rank085,337,6,0.38008,78
ILSVRC2012_val_00000389_with_ILSVRC2012_val_00030012_rank547,113,113,0.86085,0
ILSVRC2012_val_00000389_with_ILSVRC2012_val_00020232_rank922,542,733,0.48219,36
ILSVRC2012_val_00000389_with_ILSVRC2012_val_00003507_rank698,673,410,0.16836,997
ILSVRC2012_val_00000389_with_ILSVRC2012_val_00007013_rank733,952,952,0.77635,0
ILSVRC2012_val_00000389_with_ILSVRC2012_val_00044271_rank963,633,755,0.09769,264
ILSVRC2012_val_00000389_with_ILSVRC2012_val_00001235_rank984,830,472,0.586,56
ILSVRC2012_val_00000389_with_ILSVRC2012_val_00006962_rank904,763,764,0.486,2
ILSVRC2012_val_00000389_with_ILSVRC2012_val_00038861_rank535,398,398,0.83553,0
ILSVRC2012_val_00000389_with_ILSVRC2012_val_00004787_rank937,567,567,0.8626,0
ILSVRC2012_val_00000389_with_ILSVRC2012_val_00039618_rank508,41,44,0.39097,1
ILSVRC2012_val_00000389_with_ILSVRC2012_val_00006427_rank034,346,346,0.84784,0
ILSVRC2012_val_00000389_with_ILSVRC2012_val_00003799_rank850,534,449,0.13815,397
ILSVRC2012_val_00000389_with_ILSVRC2012_val_00003922_rank620,161,161,0.70251,0
ILSVRC2012_val_00000389_with_ILSVRC2012_val_00032395_rank973,747,472,0.18414,711
ILSVRC2012_val_00000389_with_ILSVRC2012_val_00046489_rank570,62,62,0.47758,0
ILSVRC2012_val_00000389_with_ILSVRC2012_val_00005053_rank149,621,621,0.38901,0
ILSVRC2012_val_00000389_with_ILSVRC2012_val_00024274_rank993,464,464,0.13032,0
ILSVRC2012_val_00000389_with_ILSVRC2012_val_00007630_rank066,85,85,0.79104,0
ILSVRC2012_val_00000389_with_ILSVRC2012_val_00030994_rank770,461,461,0.49926,0
ILSVRC2012_val_00000389_with_ILSVRC2012_val_00007041_rank712,678,678,0.05872,0
ILSVRC2012_val_00000389_with_ILSVRC2012_val_00011408_rank231,944,944,0.80987,0
ILSVRC2012_val_00000389_with_ILSVRC2012_val_00003781_rank083,336,336,0.7129,0
ILSVRC2012_val_00000389_with_ILSVRC2012_val_00006742_rank125,724,975,0.09843,33
ILSVRC2012_val_00000389_with_ILSVRC2012_val_00015243_rank466,973,616,0.19811,356
ILSVRC2012_val_00000389_with_ILSVRC2012_val_00027253_rank772,859,472,0.36454,530
ILSVRC2012_val_00000389_with_ILSVRC2012_val_00023704_rank948,422,471,0.50135,24
ILSVRC2012_val_00000389_with_ILSVRC2012_val_00048682_rank652,530,530,0.56038,0
ILSVRC2012_val_00000389_with_ILSVRC2012_val_00032011_rank722,905,132,0.36641,481
ILSVRC2012_val_00000389_with_ILSVRC2012_val_00048156_rank900,570,555,0.70312,153
ILSVRC2012_val_00000389_with_ILSVRC2012_val_00029858_rank564,793,210,0.38913,312
ILSVRC2012_val_00000389_with_ILSVRC2012_val_00034782_rank563,667,151,0.6753,520
ILSVRC2012_val_00000389_with_ILSVRC2012_val_00015689_rank332,701,701,0.85534,0
ILSVRC2012_val_00000389_with_ILSVRC2012_val_00001451_rank358,565,565,0.86795,0
ILSVRC2012_val_00000389_with_ILSVRC2012_val_00003262_rank673,512,523,0.74085,97
ILSVRC2012_val_00000389_with_ILSVRC2012_val_00001482_rank570,62,54,0.68306,6
ILSVRC2012_val_00000389_with_ILSVRC2012_val_00018909_rank751,897,742,0.21049,8
ILSVRC2012_val_00000389_with_ILSVRC2012_val_00029536_rank447,586,586,0.87774,0
ILSVRC2012_val_00000389_with_ILSVRC2012_val_00049568_rank729,10,10,0.88751,0
ILSVRC2012_val_00000389_with_ILSVRC2012_val_00045861_rank483,188,188,0.88617,0
ILSVRC2012_val_00000389_with_ILSVRC2012_val_00022381_rank547,113,113,0.83485,0
ILSVRC2012_val_00000389_with_ILSVRC2012_val_00020547_rank714,941,941,0.778,0
ILSVRC2012_val_00000389_with_ILSVRC2012_val_00021698_rank924,878,878,0.65246,0
ILSVRC2012_val_00000389_with_ILSVRC2012_val_00047342_rank321,250,250,0.4693,0
ILSVRC2012_val_00000389_with_ILSVRC2012_val_00032685_rank278,274,274,0.82981,0
ILSVRC2012_val_00000389_with_ILSVRC2012_val_00009704_rank834,804,804,0.75779,0
ILSVRC2012_val_00000389_with_ILSVRC2012_val_00008863_rank966,851,478,0.12731,456
ILSVRC2012_val_00000389_with_ILSVRC2012_val_00017223_rank044,376,376,0.76995,0
ILSVRC2012_val_00000389_with_ILSVRC2012_val_00048347_rank111,94,94,0.85346,0
ILSVRC2012_val_00000389_with_ILSVRC2012_val_00038202_rank300,28,28,0.24966,0
ILSVRC2012_val_00000389_with_ILSVRC2012_val_00045735_rank665,169,169,0.77308,0
ILSVRC2012_val_00000389_with_ILSVRC2012_val_00008227_rank639,842,23,0.03839,638
ILSVRC2012_val_00000389_with_ILSVRC2012_val_00005014_rank365,843,843,0.8314,0
ILSVRC2012_val_00000389_with_ILSVRC2012_val_00002334_rank058,370,370,0.78003,0
ILSVRC2012_val_00000389_with_ILSVRC2012_val_00043748_rank942,588,588,0.4573,0
ILSVRC2012_val_00000389_with_ILSVRC2012_val_00016721_rank906,359,358,0.47506,2
ILSVRC2012_val_00000389_with_ILSVRC2012_val_00025639_rank916,402,402,0.91633,0
ILSVRC2012_val_00000389_with_ILSVRC2012_val_00019879_rank755,797,797,0.9105,0
ILSVRC2012_val_00000389_with_ILSVRC2012_val_00015562_rank161,172,172,0.7707,0
ILSVRC2012_val_00000389_with_ILSVRC2012_val_00047824_rank937,567,567,0.84949,0
ILSVRC2012_val_00000389_with_ILSVRC2012_val_00031971_rank737,451,74,0.2263,260
ILSVRC2012_val_00000389_with_ILSVRC2012_val_00023212_rank062,340,291,0.75333,15
ILSVRC2012_val_00000389_with_ILSVRC2012_val_00043070_rank781,604,604,0.83211,0
ILSVRC2012_val_00000389_with_ILSVRC2012_val_00043081_rank010,129,129,0.78951,0
ILSVRC2012_val_00000389_with_ILSVRC2012_val_00019578_rank534,30,30,0.84907,0
ILSVRC2012_val_00000389_with_ILSVRC2012_val_00025766_rank075,489,489,0.46373,0
ILSVRC2012_val_00000389_with_ILSVRC2012_val_00005421_rank962,691,518,0.71627,18
ILSVRC2012_val_00000389_with_ILSVRC2012_val_00003859_rank830,125,112,0.65046,2
ILSVRC2012_val_00000389_with_ILSVRC2012_val_00037459_rank132,181,181,0.75766,0
ILSVRC2012_val_00000389_with_ILSVRC2012_val_00023131_rank421,444,444,0.34456,0
ILSVRC2012_val_00000389_with_ILSVRC2012_val_00032642_rank765,607,607,0.47475,0
ILSVRC2012_val_00000389_with_ILSVRC2012_val_00025919_rank707,733,132,0.12818,210
ILSVRC2012_val_00000389_with_ILSVRC2012_val_00045416_rank204,991,607,0.30487,80
ILSVRC2012_val_00000389_with_ILSVRC2012_val_00007683_rank623,110,110,0.7743,0
ILSVRC2012_val_00000389_with_ILSVRC2012_val_00032944_rank335,817,817,0.42002,0
ILSVRC2012_val_00000389_with_ILSVRC2012_val_00026841_rank984,830,975,0.08216,680
ILSVRC2012_val_00000389_with_ILSVRC2012_val_00006050_rank001,134,134,0.8247,0
ILSVRC2012_val_00000389_with_ILSVRC2012_val_00044746_rank919,995,995,0.48932,0
ILSVRC2012_val_00000389_with_ILSVRC2012_val_00016757_rank416,157,157,0.4871,0
ILSVRC2012_val_00000389_with_ILSVRC2012_val_00008620_rank125,724,724,0.76198,0
ILSVRC2012_val_00000389_with_ILSVRC2012_val_00016421_rank066,85,85,0.76372,0
ILSVRC2012_val_00000389_with_ILSVRC2012_val_00027199_rank998,516,975,0.17322,468
ILSVRC2012_val_00000389_with_ILSVRC2012_val_00031652_rank270,806,806,0.8113,0
ILSVRC2012_val_00000389_with_ILSVRC2012_val_00014542_rank321,250,250,0.54186,0
ILSVRC2012_val_00000389_with_ILSVRC2012_val_00023833_rank175,301,301,0.82376,0
ILSVRC2012_val_00000389_with_ILSVRC2012_val_00001525_rank148,657,517,0.42508,15
ILSVRC2012_val_00000389_with_ILSVRC2012_val_00010669_rank980,34,34,0.82323,0
ILSVRC2012_val_00000389_with_ILSVRC2012_val_00003973_rank487,341,341,0.76734,0
ILSVRC2012_val_00000389_with_ILSVRC2012_val_00039239_rank809,677,913,0.22393,33
ILSVRC2012_val_00000389_with_ILSVRC2012_val_00028140_rank230,864,864,0.75641,0
ILSVRC2012_val_00000389_with_ILSVRC2012_val_00017147_rank280,171,171,0.7385,0
ILSVRC2012_val_00000389_with_ILSVRC2012_val_00003656_rank098,308,308,0.58952,0
ILSVRC2012_val_00000389_with_ILSVRC2012_val_00017473_rank432,226,226,0.83333,0
ILSVRC2012_val_00000389_with_ILSVRC2012_val_00022629_rank541,267,267,0.80699,0
ILSVRC2012_val_00000389_with_ILSVRC2012_val_00003999_rank108,275,275,0.8093,0
ILSVRC2012_val_00000389_with_ILSVRC2012_val_00049278_rank468,345,345,0.88147,0
ILSVRC2012_val_00000389_with_ILSVRC2012_val_00042303_rank454,256,233,0.84265,7
ILSVRC2012_val_00000389_with_ILSVRC2012_val_00013122_rank868,463,463,0.30102,0
ILSVRC2012_val_00000389_with_ILSVRC2012_val_00022888_rank310,279,279,0.81852,0
ILSVRC2012_val_00000389_with_ILSVRC2012_val_00032742_rank767,867,595,0.46093,9
ILSVRC2012_val_00000389_with_ILSVRC2012_val_00036401_rank337,289,289,0.43324,0
ILSVRC2012_val_00000389_with_ILSVRC2012_val_00016664_rank052,319,319,0.7963,0
ILSVRC2012_val_00000389_with_ILSVRC2012_val_00025236_rank714,941,958,0.07849,183
ILSVRC2012_val_00000389_with_ILSVRC2012_val_00000476_rank018,18,18,0.6293,0
ILSVRC2012_val_00000389_with_ILSVRC2012_val_00042991_rank858,594,594,0.84558,0
ILSVRC2012_val_00000389_with_ILSVRC2012_val_00032054_rank716,754,754,0.63208,0
ILSVRC2012_val_00000389_with_ILSVRC2012_val_00045335_rank546,106,106,0.85313,0
ILSVRC2012_val_00000389_with_ILSVRC2012_val_00009306_rank594,456,343,0.1513,176
ILSVRC2012_val_00000389_with_ILSVRC2012_val_00025270_rank707,733,127,0.28927,115
ILSVRC2012_val_00000389_with_ILSVRC2012_val_00000973_rank720,883,427,0.69804,60
ILSVRC2012_val_00000389_with_ILSVRC2012_val_00002329_rank349,297,297,0.43744,0
ILSVRC2012_val_00000389_with_ILSVRC2012_val_00021523_rank040,12,12,0.85476,0
ILSVRC2012_val_00000389_with_ILSVRC2012_val_00017422_rank344,665,665,0.58946,0
ILSVRC2012_val_00000389_with_ILSVRC2012_val_00025738_rank718,63,63,0.68291,0
ILSVRC2012_val_00000389_with_ILSVRC2012_val_00003883_rank585,903,226,0.20986,306
ILSVRC2012_val_00000389_with_ILSVRC2012_val_00009552_rank185,660,449,0.44583,3
ILSVRC2012_val_00000389_with_ILSVRC2012_val_00022362_rank807,725,899,0.36768,1
ILSVRC2012_val_00000389_with_ILSVRC2012_val_00046006_rank443,79,135,0.65788,607
ILSVRC2012_val_00000389_with_ILSVRC2012_val_00003978_rank385,286,291,0.50794,1
ILSVRC2012_val_00000389_with_ILSVRC2012_val_00008349_rank073,212,212,0.76351,0
ILSVRC2012_val_00000389_with_ILSVRC2012_val_00038249_rank446,495,548,0.2128,2
ILSVRC2012_val_00000389_with_ILSVRC2012_val_00047335_rank612,708,844,0.13614,158
ILSVRC2012_val_00000389_with_ILSVRC2012_val_00020097_rank287,149,149,0.82615,0
ILSVRC2012_val_00000389_with_ILSVRC2012_val_00024883_rank177,994,600,0.1579,475
ILSVRC2012_val_00000389_with_ILSVRC2012_val_00000650_rank288,288,288,0.72915,0
ILSVRC2012_val_00000389_with_ILSVRC2012_val_00014035_rank787,892,892,0.35846,0
ILSVRC2012_val_00000389_with_ILSVRC2012_val_00017286_rank955,469,469,0.86707,0
ILSVRC2012_val_00000389_with_ILSVRC2012_val_00021499_rank706,321,321,0.87705,0
ILSVRC2012_val_00000389_with_ILSVRC2012_val_00046285_rank512,95,95,0.78974,0
ILSVRC2012_val_00000389_with_ILSVRC2012_val_00007446_rank403,175,175,0.83529,0
ILSVRC2012_val_00000389_with_ILSVRC2012_val_00037818_rank365,843,843,0.22145,0
ILSVRC2012_val_00000389_with_ILSVRC2012_val_00038139_rank195,704,704,0.81762,0
ILSVRC2012_val_00000389_with_ILSVRC2012_val_00000138_rank077,328,328,0.75852,0
ILSVRC2012_val_00000389_with_ILSVRC2012_val_00004280_rank820,54,67,0.46641,3
ILSVRC2012_val_00000389_with_ILSVRC2012_val_00021552_rank489,643,863,0.74005,6
ILSVRC2012_val_00000389_with_ILSVRC2012_val_00002395_rank082,83,83,0.84526,0
ILSVRC2012_val_00000389_with_ILSVRC2012_val_00028999_rank766,794,958,0.11354,850
ILSVRC2012_val_00000389_with_ILSVRC2012_val_00022724_rank383,997,997,0.20857,0
ILSVRC2012_val_00000389_with_ILSVRC2012_val_00021046_rank154,913,913,0.78044,0
ILSVRC2012_val_00000389_with_ILSVRC2012_val_00002438_rank904,763,763,0.80285,0
ILSVRC2012_val_00000389_with_ILSVRC2012_val_00032148_rank470,228,228,0.70421,0
ILSVRC2012_val_00000389_with_ILSVRC2012_val_00023456_rank498,602,733,0.1811,5
ILSVRC2012_val_00000389_with_ILSVRC2012_val_00003835_rank684,999,700,0.41757,1
ILSVRC2012_val_00000389_with_ILSVRC2012_val_00030760_rank290,874,654,0.29207,5
ILSVRC2012_val_00000389_with_ILSVRC2012_val_00031273_rank051,15,85,0.34865,11
ILSVRC2012_val_00000389_with_ILSVRC2012_val_00003224_rank109,703,603,0.19916,21
ILSVRC2012_val_00000389_with_ILSVRC2012_val_00044377_rank078,139,249,0.74333,346
ILSVRC2012_val_00000389_with_ILSVRC2012_val_00045818_rank411,187,187,0.32024,0
ILSVRC2012_val_00000389_with_ILSVRC2012_val_00014845_rank233,268,268,0.78838,0
ILSVRC2012_val_00000389_with_ILSVRC2012_val_00026977_rank314,627,627,0.83806,0
ILSVRC2012_val_00000389_with_ILSVRC2012_val_00034634_rank992,438,438,0.74688,0
ILSVRC2012_val_00000389_with_ILSVRC2012_val_00044810_rank937,567,567,0.54748,0
ILSVRC2012_val_00000389_with_ILSVRC2012_val_00030326_rank876,165,165,0.78363,0
ILSVRC2012_val_00000389_with_ILSVRC2012_val_00007956_rank292,964,964,0.53456,0
ILSVRC2012_val_00000389_with_ILSVRC2012_val_00024545_rank842,38,6,0.31413,359
ILSVRC2012_val_00000389_with_ILSVRC2012_val_00046241_rank230,864,864,0.77739,0
ILSVRC2012_val_00000389_with_ILSVRC2012_val_00017171_rank317,407,734,0.53064,1
ILSVRC2012_val_00000389_with_ILSVRC2012_val_00037821_rank475,111,649,0.09696,901
ILSVRC2012_val_00000389_with_ILSVRC2012_val_00002515_rank976,122,122,0.79351,0
ILSVRC2012_val_00000389_with_ILSVRC2012_val_00036519_rank505,882,899,0.29938,30
ILSVRC2012_val_00000389_with_ILSVRC2012_val_00035701_rank727,856,856,0.63666,0
ILSVRC2012_val_00000389_with_ILSVRC2012_val_00038659_rank553,568,568,0.28458,0
ILSVRC2012_val_00000389_with_ILSVRC2012_val_00014844_rank542,705,569,0.09388,39
ILSVRC2012_val_00000389_with_ILSVRC2012_val_00047728_rank704,850,211,0.9027,376
ILSVRC2012_val_00000389_with_ILSVRC2012_val_00047234_rank952,589,589,0.5991,0
ILSVRC2012_val_00000389_with_ILSVRC2012_val_00036158_rank141,313,913,0.1191,259
ILSVRC2012_val_00000389_with_ILSVRC2012_val_00002189_rank708,532,449,0.19551,121
ILSVRC2012_val_00000389_with_ILSVRC2012_val_00004861_rank088,334,334,0.68131,0
ILSVRC2012_val_00000389_with_ILSVRC2012_val_00005045_rank534,30,30,0.85091,0
ILSVRC2012_val_00000389_with_ILSVRC2012_val_00002470_rank838,653,653,0.82404,0
ILSVRC2012_val_00000389_with_ILSVRC2012_val_00041480_rank745,258,258,0.80753,0
ILSVRC2012_val_00000389_with_ILSVRC2012_val_00008412_rank567,700,472,0.22998,895
ILSVRC2012_val_00000389_with_ILSVRC2012_val_00026692_rank876,165,165,0.72128,0
ILSVRC2012_val_00000389_with_ILSVRC2012_val_00025352_rank037,352,352,0.56096,0
ILSVRC2012_val_00000389_with_ILSVRC2012_val_00027658_rank770,461,524,0.65079,1
ILSVRC2012_val_00000389_with_ILSVRC2012_val_00027419_rank493,2,2,0.47763,0
ILSVRC2012_val_00000389_with_ILSVRC2012_val_00019581_rank620,161,161,0.81249,0
ILSVRC2012_val_00000389_with_ILSVRC2012_val_00031700_rank838,653,653,0.75396,0
ILSVRC2012_val_00000389_with_ILSVRC2012_val_00009557_rank561,795,795,0.46244,0
ILSVRC2012_val_00000389_with_ILSVRC2012_val_00001376_rank368,919,919,0.82498,0
ILSVRC2012_val_00000389_with_ILSVRC2012_val_00049842_rank896,583,583,0.82914,0
ILSVRC2012_val_00000389_with_ILSVRC2012_val_00044760_rank203,307,47,0.28053,26
ILSVRC2012_val_00000389_with_ILSVRC2012_val_00019913_rank792,857,449,0.75904,266
ILSVRC2012_val_00000389_with_ILSVRC2012_val_00040859_rank028,86,86,0.55528,0
ILSVRC2012_val_00000389_with_ILSVRC2012_val_00021642_rank568,222,222,0.83272,0
ILSVRC2012_val_00000389_with_ILSVRC2012_val_00020697_rank542,705,705,0.42135,0
ILSVRC2012_val_00000389_with_ILSVRC2012_val_00021562_rank692,611,611,0.83005,0
ILSVRC2012_val_00000389_with_ILSVRC2012_val_00009252_rank797,785,879,0.82677,487
ILSVRC2012_val_00000389_with_ILSVRC2012_val_00017963_rank048,49,49,0.79176,0
ILSVRC2012_val_00000389_with_ILSVRC2012_val_00009629_rank694,906,879,0.10284,515
ILSVRC2012_val_00000389_with_ILSVRC2012_val_00017167_rank660,821,821,0.64461,0
ILSVRC2012_val_00000389_with_ILSVRC2012_val_00011074_rank362,322,322,0.85023,0
ILSVRC2012_val_00000389_with_ILSVRC2012_val_00043381_rank338,326,326,0.61109,0
ILSVRC2012_val_00000389_with_ILSVRC2012_val_00004243_rank049,11,11,0.80348,0
ILSVRC2012_val_00000389_with_ILSVRC2012_val_00021118_rank560,521,521,0.74021,0
ILSVRC2012_val_00000389_with_ILSVRC2012_val_00009531_rank844,651,651,0.81269,0
ILSVRC2012_val_00000389_with_ILSVRC2012_val_00038265_rank047,50,50,0.82181,0
ILSVRC2012_val_00000389_with_ILSVRC2012_val_00024985_rank412,737,737,0.81528,0
ILSVRC2012_val_00000389_with_ILSVRC2012_val_00018801_rank694,906,834,0.53719,1
ILSVRC2012_val_00000389_with_ILSVRC2012_val_00020860_rank895,492,492,0.81737,0
ILSVRC2012_val_00000389_with_ILSVRC2012_val_00045023_rank768,481,481,0.73847,0
ILSVRC2012_val_00000389_with_ILSVRC2012_val_00028655_rank272,299,299,0.75027,0
ILSVRC2012_val_00000389_with_ILSVRC2012_val_00034952_rank758,427,427,0.72799,0
ILSVRC2012_val_00000389_with_ILSVRC2012_val_00036373_rank481,592,133,0.54322,621
ILSVRC2012_val_00000389_with_ILSVRC2012_val_00004310_rank259,51,51,0.84446,0
ILSVRC2012_val_00000389_with_ILSVRC2012_val_00039825_rank082,83,83,0.54894,0
ILSVRC2012_val_00000389_with_ILSVRC2012_val_00047763_rank689,890,890,0.72277,0
ILSVRC2012_val_00000389_with_ILSVRC2012_val_00023083_rank946,855,855,0.82528,0
ILSVRC2012_val_00000389_with_ILSVRC2012_val_00046243_rank226,25,25,0.8431,0
ILSVRC2012_val_00000389_with_ILSVRC2012_val_00017810_rank725,622,622,0.87099,0
ILSVRC2012_val_00000389_with_ILSVRC2012_val_00028894_rank074,351,351,0.81462,0
ILSVRC2012_val_00000389_with_ILSVRC2012_val_00031237_rank240,310,310,0.59647,0
ILSVRC2012_val_00000389_with_ILSVRC2012_val_00046641_rank420,654,654,0.91674,0
ILSVRC2012_val_00000389_with_ILSVRC2012_val_00029364_rank138,204,204,0.80256,0
ILSVRC2012_val_00000389_with_ILSVRC2012_val_00032801_rank773,626,626,0.52013,0
ILSVRC2012_val_00000389_with_ILSVRC2012_val_00025881_rank527,925,926,0.48047,2
ILSVRC2012_val_00000389_with_ILSVRC2012_val_00028732_rank563,667,667,0.58777,0
ILSVRC2012_val_00000389_with_ILSVRC2012_val_00039906_rank783,847,847,0.87481,0
ILSVRC2012_val_00000389_with_ILSVRC2012_val_00021997_rank472,640,640,0.8874,0
ILSVRC2012_val_00000389_with_ILSVRC2012_val_00022525_rank846,33,33,0.68147,0
ILSVRC2012_val_00000389_with_ILSVRC2012_val_00022688_rank038,146,134,0.75052,43
ILSVRC2012_val_00000389_with_ILSVRC2012_val_00029374_rank785,477,611,0.81756,249
ILSVRC2012_val_00000389_with_ILSVRC2012_val_00043072_rank656,208,208,0.81797,0
ILSVRC2012_val_00000389_with_ILSVRC2012_val_00023491_rank722,905,472,0.1751,569
ILSVRC2012_val_00000389_with_ILSVRC2012_val_00016470_rank820,54,133,0.32662,178
ILSVRC2012_val_00000389_with_ILSVRC2012_val_00017765_rank150,292,292,0.73084,0
ILSVRC2012_val_00000389_with_ILSVRC2012_val_00000963_rank018,18,18,0.82028,0
ILSVRC2012_val_00000389_with_ILSVRC2012_val_00008770_rank083,336,337,0.50102,2
ILSVRC2012_val_00000389_with_ILSVRC2012_val_00006461_rank506,834,879,0.71806,118
ILSVRC2012_val_00000389_with_ILSVRC2012_val_00042082_rank202,53,975,0.14678,477
ILSVRC2012_val_00000389_with_ILSVRC2012_val_00027577_rank550,697,520,0.6308,4
ILSVRC2012_val_00000389_with_ILSVRC2012_val_00033879_rank874,712,712,0.81496,0
ILSVRC2012_val_00000389_with_ILSVRC2012_val_00043542_rank844,651,651,0.78012,0
ILSVRC2012_val_00000389_with_ILSVRC2012_val_00028899_rank371,429,429,0.83932,0
ILSVRC2012_val_00000389_with_ILSVRC2012_val_00048714_rank100,72,72,0.56613,0
ILSVRC2012_val_00000389_with_ILSVRC2012_val_00039557_rank509,73,77,0.82127,4
ILSVRC2012_val_00000389_with_ILSVRC2012_val_00028816_rank311,914,975,0.43249,37
ILSVRC2012_val_00000389_with_ILSVRC2012_val_00010434_rank874,712,787,0.22525,348
ILSVRC2012_val_00000389_with_ILSVRC2012_val_00040776_rank229,36,36,0.81783,0
ILSVRC2012_val_00000389_with_ILSVRC2012_val_00010096_rank878,112,112,0.8249,0
ILSVRC2012_val_00000389_with_ILSVRC2012_val_00029074_rank614,688,688,0.81265,0
ILSVRC2012_val_00000389_with_ILSVRC2012_val_00027786_rank075,489,703,0.15156,9
ILSVRC2012_val_00000389_with_ILSVRC2012_val_00019688_rank683,927,927,0.83695,0
ILSVRC2012_val_00000389_with_ILSVRC2012_val_00049043_rank069,349,349,0.46595,0
ILSVRC2012_val_00000389_with_ILSVRC2012_val_00018103_rank920,676,676,0.71728,0
ILSVRC2012_val_00000389_with_ILSVRC2012_val_00043336_rank530,803,803,0.53734,0
ILSVRC2012_val_00000389_with_ILSVRC2012_val_00018893_rank369,814,814,0.84908,0
ILSVRC2012_val_00000389_with_ILSVRC2012_val_00047947_rank460,949,463,0.69135,277
ILSVRC2012_val_00000389_with_ILSVRC2012_val_00026725_rank320,377,377,0.61714,0
ILSVRC2012_val_00000389_with_ILSVRC2012_val_00008242_rank994,711,711,0.18437,0
ILSVRC2012_val_00000389_with_ILSVRC2012_val_00007481_rank195,704,704,0.67732,0
ILSVRC2012_val_00000389_with_ILSVRC2012_val_00007729_rank039,8,8,0.80839,0
ILSVRC2012_val_00000389_with_ILSVRC2012_val_00033712_rank551,118,119,0.52216,2
ILSVRC2012_val_00000389_with_ILSVRC2012_val_00017587_rank999,606,606,0.83682,0
ILSVRC2012_val_00000389_with_ILSVRC2012_val_00010138_rank001,134,134,0.3567,0
ILSVRC2012_val_00000389_with_ILSVRC2012_val_00047052_rank009,130,130,0.85763,0
ILSVRC2012_val_00000389_with_ILSVRC2012_val_00018100_rank086,575,621,0.41749,5
ILSVRC2012_val_00000389_with_ILSVRC2012_val_00035290_rank204,991,825,0.1969,42
ILSVRC2012_val_00000389_with_ILSVRC2012_val_00049104_rank975,811,811,0.84767,0
ILSVRC2012_val_00000389_with_ILSVRC2012_val_00029712_rank208,57,62,0.48194,9
ILSVRC2012_val_00000389_with_ILSVRC2012_val_00007821_rank561,795,472,0.353,66
ILSVRC2012_val_00000389_with_ILSVRC2012_val_00033373_rank459,109,109,0.8891,0
ILSVRC2012_val_00000389_with_ILSVRC2012_val_00029655_rank254,669,501,0.36307,64
ILSVRC2012_val_00000389_with_ILSVRC2012_val_00010969_rank892,707,571,0.24242,5
ILSVRC2012_val_00000389_with_ILSVRC2012_val_00030467_rank395,560,975,0.29414,992
ILSVRC2012_val_00000389_with_ILSVRC2012_val_00013753_rank042,17,17,0.72616,0
ILSVRC2012_val_00000389_with_ILSVRC2012_val_00025066_rank958,220,207,0.40877,13
ILSVRC2012_val_00000389_with_ILSVRC2012_val_00042268_rank760,909,121,0.18331,22
ILSVRC2012_val_00000389_with_ILSVRC2012_val_00002992_rank928,546,471,0.43304,593
ILSVRC2012_val_00000389_with_ILSVRC2012_val_00014442_rank363,904,904,0.78592,0
ILSVRC2012_val_00000389_with_ILSVRC2012_val_00009579_rank478,948,948,0.83385,0
ILSVRC2012_val_00000389_with_ILSVRC2012_val_00022122_rank245,164,164,0.87236,0
ILSVRC2012_val_00000389_with_ILSVRC2012_val_00011272_rank933,641,641,0.7714,0
ILSVRC2012_val_00000389_with_ILSVRC2012_val_00025772_rank989,420,420,0.84317,0
ILSVRC2012_val_00000389_with_ILSVRC2012_val_00048535_rank034,346,346,0.79793,0
ILSVRC2012_val_00000389_with_ILSVRC2012_val_00044179_rank925,636,975,0.085,792
ILSVRC2012_val_00000389_with_ILSVRC2012_val_00036004_rank087,271,271,0.79726,0
ILSVRC2012_val_00000389_with_ILSVRC2012_val_00013925_rank352,569,569,0.83544,0
ILSVRC2012_val_00000389_with_ILSVRC2012_val_00007901_rank510,485,761,0.77817,8
ILSVRC2012_val_00000389_with_ILSVRC2012_val_00047286_rank819,742,742,0.72433,0
ILSVRC2012_val_00000389_with_ILSVRC2012_val_00042868_rank288,288,288,0.4911,0
ILSVRC2012_val_00000389_with_ILSVRC2012_val_00049791_rank504,743,743,0.65633,0
ILSVRC2012_val_00000389_with_ILSVRC2012_val_00046074_rank509,73,293,0.60837,131
ILSVRC2012_val_00000389_with_ILSVRC2012_val_00027148_rank543,61,61,0.74561,0
ILSVRC2012_val_00000389_with_ILSVRC2012_val_00014046_rank142,16,133,0.91921,22
ILSVRC2012_val_00000389_with_ILSVRC2012_val_00018826_rank299,248,250,0.42332,1
ILSVRC2012_val_00000389_with_ILSVRC2012_val_00038864_rank038,146,146,0.76062,0
ILSVRC2012_val_00000389_with_ILSVRC2012_val_00041957_rank034,346,346,0.86051,0
ILSVRC2012_val_00000389_with_ILSVRC2012_val_00020061_rank259,51,51,0.846,0
ILSVRC2012_val_00000389_with_ILSVRC2012_val_00005470_rank302,296,296,0.84049,0
ILSVRC2012_val_00000389_with_ILSVRC2012_val_00016546_rank517,935,935,0.42697,0
ILSVRC2012_val_00000389_with_ILSVRC2012_val_00037133_rank302,296,296,0.80291,0
ILSVRC2012_val_00000389_with_ILSVRC2012_val_00008017_rank545,368,368,0.70076,0
ILSVRC2012_val_00000389_with_ILSVRC2012_val_00004256_rank082,83,83,0.86315,0
ILSVRC2012_val_00000389_with_ILSVRC2012_val_00016675_rank900,570,570,0.80113,0
ILSVRC2012_val_00000389_with_ILSVRC2012_val_00021841_rank449,922,519,0.3372,96
ILSVRC2012_val_00000389_with_ILSVRC2012_val_00028337_rank366,393,975,0.06492,843
ILSVRC2012_val_00000389_with_ILSVRC2012_val_00039637_rank772,859,516,0.30082,204
ILSVRC2012_val_00000389_with_ILSVRC2012_val_00036604_rank125,724,724,0.48018,0
ILSVRC2012_val_00000389_with_ILSVRC2012_val_00046509_rank392,862,862,0.09641,0
ILSVRC2012_val_00000389_with_ILSVRC2012_val_00004172_rank179,70,70,0.27017,0
ILSVRC2012_val_00000389_with_ILSVRC2012_val_00023658_rank843,154,154,0.80327,0
ILSVRC2012_val_00000389_with_ILSVRC2012_val_00025834_rank431,609,609,0.84253,0
ILSVRC2012_val_00000389_with_ILSVRC2012_val_00045363_rank388,213,207,0.24687,2
ILSVRC2012_val_00000389_with_ILSVRC2012_val_00047106_rank021,89,89,0.80923,0
ILSVRC2012_val_00000389_with_ILSVRC2012_val_00026892_rank720,883,831,0.78881,314
ILSVRC2012_val_00000389_with_ILSVRC2012_val_00021228_rank912,774,774,0.85111,0
ILSVRC2012_val_00000389_with_ILSVRC2012_val_00019809_rank248,879,879,0.89836,0
ILSVRC2012_val_00000389_with_ILSVRC2012_val_00038390_rank552,751,511,0.58338,8
ILSVRC2012_val_00000389_with_ILSVRC2012_val_00010927_rank273,573,472,0.35943,42
ILSVRC2012_val_00000389_with_ILSVRC2012_val_00038638_rank071,91,91,0.8211,0
ILSVRC2012_val_00000389_with_ILSVRC2012_val_00013482_rank283,294,294,0.8332,0
ILSVRC2012_val_00000389_with_ILSVRC2012_val_00040708_rank634,163,163,0.81778,0
ILSVRC2012_val_00000389_with_ILSVRC2012_val_00037578_rank685,550,550,0.72024,0
ILSVRC2012_val_00000389_with_ILSVRC2012_val_00037122_rank906,359,358,0.56595,2
ILSVRC2012_val_00000389_with_ILSVRC2012_val_00021785_rank617,616,417,0.68749,280
ILSVRC2012_val_00000389_with_ILSVRC2012_val_00047762_rank428,245,245,0.62203,0
ILSVRC2012_val_00000389_with_ILSVRC2012_val_00024458_rank406,306,306,0.8121,0
ILSVRC2012_val_00000389_with_ILSVRC2012_val_00028351_rank145,40,46,0.3412,1
ILSVRC2012_val_00000389_with_ILSVRC2012_val_00045530_rank709,988,988,0.80219,0
ILSVRC2012_val_00000389_with_ILSVRC2012_val_00003717_rank609,501,578,0.42705,9
ILSVRC2012_val_00000389_with_ILSVRC2012_val_00004092_rank263,637,637,0.48046,0
ILSVRC2012_val_00000389_with_ILSVRC2012_val_00036701_rank276,672,672,0.69011,0
ILSVRC2012_val_00000389_with_ILSVRC2012_val_00014251_rank303,43,649,0.18124,212
ILSVRC2012_val_00000389_with_ILSVRC2012_val_00049989_rank556,399,708,0.31905,190
ILSVRC2012_val_00000389_with_ILSVRC2012_val_00004775_rank897,539,539,0.83299,0
ILSVRC2012_val_00000389_with_ILSVRC2012_val_00011529_rank883,731,731,0.37871,0
ILSVRC2012_val_00000389_with_ILSVRC2012_val_00007577_rank181,706,346,0.10514,507
ILSVRC2012_val_00000389_with_ILSVRC2012_val_00046333_rank022,140,140,0.82079,0
ILSVRC2012_val_00000389_with_ILSVRC2012_val_00040838_rank153,437,449,0.16867,17
ILSVRC2012_val_00000389_with_ILSVRC2012_val_00029848_rank421,444,870,0.82303,4
ILSVRC2012_val_00000389_with_ILSVRC2012_val_00032782_rank863,736,736,0.86385,0
ILSVRC2012_val_00000389_with_ILSVRC2012_val_00031516_rank441,614,614,0.52352,0
ILSVRC2012_val_00000389_with_ILSVRC2012_val_00018650_rank544,937,937,0.52494,0
ILSVRC2012_val_00000389_with_ILSVRC2012_val_00046335_rank548,776,776,0.6882,0
ILSVRC2012_val_00000389_with_ILSVRC2012_val_00000130_rank750,283,283,0.73074,0
ILSVRC2012_val_00000389_with_ILSVRC2012_val_00016102_rank415,663,483,0.47467,3
ILSVRC2012_val_00000389_with_ILSVRC2012_val_00019949_rank736,932,931,0.84904,1
ILSVRC2012_val_00000389_with_ILSVRC2012_val_00035734_rank311,914,914,0.84984,0
ILSVRC2012_val_00000389_with_ILSVRC2012_val_00006325_rank955,469,469,0.78044,0
ILSVRC2012_val_00000389_with_ILSVRC2012_val_00045148_rank193,436,436,0.55493,0
ILSVRC2012_val_00000389_with_ILSVRC2012_val_00049192_rank606,443,443,0.79878,0
ILSVRC2012_val_00000389_with_ILSVRC2012_val_00002119_rank197,668,668,0.77034,0
ILSVRC2012_val_00000389_with_ILSVRC2012_val_00023158_rank784,45,45,0.90004,0
ILSVRC2012_val_00000389_with_ILSVRC2012_val_00018485_rank878,112,112,0.8433,0
ILSVRC2012_val_00000389_with_ILSVRC2012_val_00018282_rank717,869,869,0.72365,0
ILSVRC2012_val_00000389_with_ILSVRC2012_val_00038647_rank048,49,50,0.75433,1
ILSVRC2012_val_00000389_with_ILSVRC2012_val_00028423_rank676,553,553,0.81737,0
ILSVRC2012_val_00000389_with_ILSVRC2012_val_00043146_rank796,505,723,0.30354,135
ILSVRC2012_val_00000389_with_ILSVRC2012_val_00002585_rank264,972,972,0.72749,0
ILSVRC2012_val_00000389_with_ILSVRC2012_val_00039615_rank505,882,792,0.44257,19
ILSVRC2012_val_00000389_with_ILSVRC2012_val_00033381_rank960,722,574,0.47509,3
ILSVRC2012_val_00000389_with_ILSVRC2012_val_00003188_rank688,590,590,0.53015,0
ILSVRC2012_val_00000389_with_ILSVRC2012_val_00025673_rank263,637,412,0.35816,2
ILSVRC2012_val_00000389_with_ILSVRC2012_val_00043586_rank603,852,752,0.49334,1
ILSVRC2012_val_00000389_with_ILSVRC2012_val_00000721_rank790,418,657,0.12444,55
ILSVRC2012_val_00000389_with_ILSVRC2012_val_00045858_rank927,60,61,0.55049,5
ILSVRC2012_val_00000389_with_ILSVRC2012_val_00012053_rank745,258,258,0.83936,0
ILSVRC2012_val_00000389_with_ILSVRC2012_val_00018477_rank810,117,117,0.80164,0
ILSVRC2012_val_00000389_with_ILSVRC2012_val_00036558_rank814,710,637,0.46295,67
ILSVRC2012_val_00000389_with_ILSVRC2012_val_00049746_rank029,143,143,0.88308,0
ILSVRC2012_val_00000389_with_ILSVRC2012_val_00024275_rank268,210,246,0.78541,9
ILSVRC2012_val_00000389_with_ILSVRC2012_val_00043395_rank021,89,89,0.80499,0
ILSVRC2012_val_00000389_with_ILSVRC2012_val_00045058_rank044,376,376,0.86355,0
ILSVRC2012_val_00000389_with_ILSVRC2012_val_00009979_rank364,64,64,0.72773,0
ILSVRC2012_val_00000389_with_ILSVRC2012_val_00018184_rank688,590,590,0.26946,0
ILSVRC2012_val_00000389_with_ILSVRC2012_val_00043804_rank396,915,915,0.84763,0
ILSVRC2012_val_00000389_with_ILSVRC2012_val_00017783_rank279,497,449,0.33874,13
ILSVRC2012_val_00000389_with_ILSVRC2012_val_00016819_rank194,805,805,0.77999,0
ILSVRC2012_val_00000389_with_ILSVRC2012_val_00007598_rank213,533,539,0.39133,12
ILSVRC2012_val_00000389_with_ILSVRC2012_val_00019494_rank580,595,595,0.76953,0
ILSVRC2012_val_00000389_with_ILSVRC2012_val_00041142_rank054,276,276,0.43877,0
ILSVRC2012_val_00000389_with_ILSVRC2012_val_00033490_rank521,281,285,0.42138,2
ILSVRC2012_val_00000389_with_ILSVRC2012_val_00026336_rank327,812,812,0.85833,0
ILSVRC2012_val_00000389_with_ILSVRC2012_val_00001063_rank309,484,484,0.79255,0
ILSVRC2012_val_00000389_with_ILSVRC2012_val_00017115_rank419,315,315,0.67135,0
ILSVRC2012_val_00000389_with_ILSVRC2012_val_00020358_rank129,791,588,0.40984,39
ILSVRC2012_val_00000389_with_ILSVRC2012_val_00048975_rank120,985,985,0.75696,0
ILSVRC2012_val_00000389_with_ILSVRC2012_val_00036918_rank576,257,257,0.7348,0
ILSVRC2012_val_00000389_with_ILSVRC2012_val_00027041_rank423,230,231,0.50137,1
ILSVRC2012_val_00000389_with_ILSVRC2012_val_00005367_rank889,414,636,0.48732,1
ILSVRC2012_val_00000389_with_ILSVRC2012_val_00008224_rank616,77,77,0.62062,0
ILSVRC2012_val_00000389_with_ILSVRC2012_val_00031985_rank482,796,796,0.80769,0
ILSVRC2012_val_00000389_with_ILSVRC2012_val_00041431_rank237,316,316,0.85775,0
ILSVRC2012_val_00000389_with_ILSVRC2012_val_00004811_rank717,869,869,0.65538,0
ILSVRC2012_val_00000389_with_ILSVRC2012_val_00040383_rank910,808,989,0.18355,964
ILSVRC2012_val_00000389_with_ILSVRC2012_val_00027579_rank423,230,230,0.65588,0
ILSVRC2012_val_00000389_with_ILSVRC2012_val_00044918_rank642,752,752,0.73433,0
ILSVRC2012_val_00000389_with_ILSVRC2012_val_00023130_rank853,714,714,0.78451,0
ILSVRC2012_val_00000389_with_ILSVRC2012_val_00030431_rank111,94,94,0.76913,0
ILSVRC2012_val_00000389_with_ILSVRC2012_val_00005132_rank593,52,128,0.22084,218
ILSVRC2012_val_00000389_with_ILSVRC2012_val_00013948_rank766,794,794,0.22655,0
ILSVRC2012_val_00000389_with_ILSVRC2012_val_00002706_rank390,247,247,0.78429,0
ILSVRC2012_val_00000389_with_ILSVRC2012_val_00011769_rank187,554,554,0.56712,0
ILSVRC2012_val_00000389_with_ILSVRC2012_val_00020112_rank304,779,779,0.87039,0
ILSVRC2012_val_00000389_with_ILSVRC2012_val_00012158_rank347,652,23,0.36037,177
ILSVRC2012_val_00000389_with_ILSVRC2012_val_00004466_rank577,453,453,0.70216,0
ILSVRC2012_val_00000389_with_ILSVRC2012_val_00021448_rank366,393,393,0.78633,0
ILSVRC2012_val_00000389_with_ILSVRC2012_val_00022077_rank924,878,878,0.74338,0
ILSVRC2012_val_00000389_with_ILSVRC2012_val_00046702_rank152,298,211,0.65239,107
ILSVRC2012_val_00000389_with_ILSVRC2012_val_00020681_rank575,185,207,0.56834,15
ILSVRC2012_val_00000389_with_ILSVRC2012_val_00003074_rank529,119,118,0.56453,3
ILSVRC2012_val_00000389_with_ILSVRC2012_val_00048693_rank031,272,272,0.84543,0
ILSVRC2012_val_00000389_with_ILSVRC2012_val_00019881_rank553,568,975,0.15117,498
ILSVRC2012_val_00000389_with_ILSVRC2012_val_00045319_rank715,658,824,0.80608,7
ILSVRC2012_val_00000389_with_ILSVRC2012_val_00040952_rank436,240,240,0.35833,0
ILSVRC2012_val_00000389_with_ILSVRC2012_val_00006802_rank210,578,869,0.41468,19
ILSVRC2012_val_00000389_with_ILSVRC2012_val_00019236_rank049,11,11,0.83506,0
ILSVRC2012_val_00000389_with_ILSVRC2012_val_00019234_rank410,829,829,0.7363,0
ILSVRC2012_val_00000389_with_ILSVRC2012_val_00025009_rank655,681,782,0.17643,7
ILSVRC2012_val_00000389_with_ILSVRC2012_val_00022413_rank293,807,654,0.52288,218
ILSVRC2012_val_00000389_with_ILSVRC2012_val_00013414_rank319,246,236,0.2379,9
ILSVRC2012_val_00000389_with_ILSVRC2012_val_00013024_rank184,832,832,0.81499,0
ILSVRC2012_val_00000389_with_ILSVRC2012_val_00041378_rank286,330,331,0.78381,1
ILSVRC2012_val_00000389_with_ILSVRC2012_val_00025538_rank584,721,448,0.36572,99
ILSVRC2012_val_00000389_with_ILSVRC2012_val_00046898_rank309,484,871,0.54108,1
ILSVRC2012_val_00000389_with_ILSVRC2012_val_00032474_rank258,992,992,0.83707,0
ILSVRC2012_val_00000389_with_ILSVRC2012_val_00032202_rank691,358,362,0.59728,5
ILSVRC2012_val_00000389_with_ILSVRC2012_val_00026967_rank023,98,98,0.87105,0
ILSVRC2012_val_00000389_with_ILSVRC2012_val_00008718_rank379,75,75,0.33097,0
ILSVRC2012_val_00000389_with_ILSVRC2012_val_00019104_rank942,588,588,0.86634,0
ILSVRC2012_val_00000389_with_ILSVRC2012_val_00005954_rank811,126,314,0.22508,7
ILSVRC2012_val_00000389_with_ILSVRC2012_val_00049579_rank687,413,471,0.38641,17
ILSVRC2012_val_00000389_with_ILSVRC2012_val_00004220_rank585,903,232,0.0427,391
ILSVRC2012_val_00000389_with_ILSVRC2012_val_00042878_rank043,145,134,0.45555,30
ILSVRC2012_val_00000389_with_ILSVRC2012_val_00006135_rank963,633,758,0.11274,56
ILSVRC2012_val_00000389_with_ILSVRC2012_val_00013710_rank414,998,133,0.64198,36
ILSVRC2012_val_00000389_with_ILSVRC2012_val_00002598_rank572,526,664,0.6562,4
ILSVRC2012_val_00000389_with_ILSVRC2012_val_00028420_rank576,257,257,0.51503,0
ILSVRC2012_val_00000389_with_ILSVRC2012_val_00019592_rank902,314,74,0.32437,52
ILSVRC2012_val_00000389_with_ILSVRC2012_val_00036982_rank847,66,66,0.36643,0
ILSVRC2012_val_00000389_with_ILSVRC2012_val_00003605_rank015,7,7,0.79273,0
ILSVRC2012_val_00000389_with_ILSVRC2012_val_00030748_rank249,866,866,0.51081,0
ILSVRC2012_val_00000389_with_ILSVRC2012_val_00005852_rank088,334,23,0.16921,100
ILSVRC2012_val_00000389_with_ILSVRC2012_val_00029781_rank489,643,643,0.72132,0
ILSVRC2012_val_00000389_with_ILSVRC2012_val_00010631_rank762,729,729,0.82509,0
ILSVRC2012_val_00000389_with_ILSVRC2012_val_00033940_rank380,907,907,0.34537,0
ILSVRC2012_val_00000389_with_ILSVRC2012_val_00011018_rank394,291,291,0.79035,0
ILSVRC2012_val_00000389_with_ILSVRC2012_val_00042041_rank860,599,599,0.89419,0
ILSVRC2012_val_00000389_with_ILSVRC2012_val_00037418_rank201,323,323,0.8642,0
ILSVRC2012_val_00000389_with_ILSVRC2012_val_00001363_rank430,168,211,0.79684,3
ILSVRC2012_val_00000389_with_ILSVRC2012_val_00023838_rank983,720,773,0.45083,21
ILSVRC2012_val_00000389_with_ILSVRC2012_val_00021351_rank006,99,99,0.76406,0
ILSVRC2012_val_00000389_with_ILSVRC2012_val_00046017_rank616,77,77,0.81017,0
ILSVRC2012_val_00000389_with_ILSVRC2012_val_00019134_rank165,231,230,0.41817,2
ILSVRC2012_val_00000389_with_ILSVRC2012_val_00011473_rank713,156,156,0.83484,0
ILSVRC2012_val_00000389_with_ILSVRC2012_val_00018975_rank421,444,444,0.83023,0
ILSVRC2012_val_00000389_with_ILSVRC2012_val_00031412_rank433,571,571,0.75559,0
ILSVRC2012_val_00000389_with_ILSVRC2012_val_00018097_rank607,971,971,0.79053,0
ILSVRC2012_val_00000389_with_ILSVRC2012_val_00039308_rank342,6,6,0.45441,0
ILSVRC2012_val_00000389_with_ILSVRC2012_val_00009538_rank680,504,504,0.63613,0
ILSVRC2012_val_00000389_with_ILSVRC2012_val_00039683_rank822,662,662,0.86319,0
ILSVRC2012_val_00000389_with_ILSVRC2012_val_00028889_rank386,108,117,0.08593,13
ILSVRC2012_val_00000389_with_ILSVRC2012_val_00003493_rank008,144,144,0.82632,0
ILSVRC2012_val_00000389_with_ILSVRC2012_val_00042333_rank609,501,501,0.69545,0
ILSVRC2012_val_00000389_with_ILSVRC2012_val_00006221_rank056,81,81,0.7993,0
ILSVRC2012_val_00000389_with_ILSVRC2012_val_00017899_rank841,29,29,0.77564,0
ILSVRC2012_val_00000389_with_ILSVRC2012_val_00040111_rank757,648,664,0.30044,30
ILSVRC2012_val_00000389_with_ILSVRC2012_val_00012223_rank066,85,85,0.80866,0
ILSVRC2012_val_00000389_with_ILSVRC2012_val_00007172_rank025,142,142,0.79913,0
ILSVRC2012_val_00000389_with_ILSVRC2012_val_00016797_rank971,827,758,0.09588,289
ILSVRC2012_val_00000389_with_ILSVRC2012_val_00039577_rank216,888,888,0.84707,0
ILSVRC2012_val_00000389_with_ILSVRC2012_val_00033397_rank601,482,482,0.33709,0
ILSVRC2012_val_00000389_with_ILSVRC2012_val_00001077_rank993,464,562,0.18343,571
ILSVRC2012_val_00000389_with_ILSVRC2012_val_00037948_rank298,389,389,0.84309,0
ILSVRC2012_val_00000389_with_ILSVRC2012_val_00009050_rank080,39,39,0.86005,0
ILSVRC2012_val_00000389_with_ILSVRC2012_val_00041671_rank555,764,913,0.44207,534
ILSVRC2012_val_00000389_with_ILSVRC2012_val_00035427_rank995,487,590,0.80236,1
ILSVRC2012_val_00000389_with_ILSVRC2012_val_00041669_rank202,53,52,0.43812,1
ILSVRC2012_val_00000389_with_ILSVRC2012_val_00020349_rank115,20,20,0.84209,0
ILSVRC2012_val_00000389_with_ILSVRC2012_val_00017307_rank788,428,428,0.79112,0
ILSVRC2012_val_00000389_with_ILSVRC2012_val_00022815_rank957,446,664,0.36413,34
ILSVRC2012_val_00000389_with_ILSVRC2012_val_00040960_rank695,861,770,0.30472,849
ILSVRC2012_val_00000389_with_ILSVRC2012_val_00041948_rank722,905,905,0.27329,0
ILSVRC2012_val_00000389_with_ILSVRC2012_val_00026894_rank225,311,311,0.78044,0
ILSVRC2012_val_00000389_with_ILSVRC2012_val_00043589_rank899,447,447,0.7999,0
ILSVRC2012_val_00000389_with_ILSVRC2012_val_00046926_rank697,886,886,0.7077,0
ILSVRC2012_val_00000389_with_ILSVRC2012_val_00020649_rank141,313,975,0.14728,727
ILSVRC2012_val_00000389_with_ILSVRC2012_val_00016659_rank755,797,797,0.7217,0
ILSVRC2012_val_00000389_with_ILSVRC2012_val_00024686_rank118,215,215,0.40118,0
ILSVRC2012_val_00000389_with_ILSVRC2012_val_00048843_rank631,719,719,0.74363,0
ILSVRC2012_val_00000389_with_ILSVRC2012_val_00033117_rank851,923,923,0.83262,0
ILSVRC2012_val_00000389_with_ILSVRC2012_val_00042319_rank222,209,209,0.84351,0
ILSVRC2012_val_00000389_with_ILSVRC2012_val_00043487_rank860,599,599,0.7887,0
ILSVRC2012_val_00000389_with_ILSVRC2012_val_00047781_rank912,774,770,0.38588,1
ILSVRC2012_val_00000389_with_ILSVRC2012_val_00011919_rank743,709,709,0.59457,0
ILSVRC2012_val_00000389_with_ILSVRC2012_val_00017033_rank900,570,570,0.82778,0
ILSVRC2012_val_00000389_with_ILSVRC2012_val_00028437_rank993,464,464,0.81785,0
ILSVRC2012_val_00000389_with_ILSVRC2012_val_00026306_rank915,683,683,0.76238,0
ILSVRC2012_val_00000389_with_ILSVRC2012_val_00016899_rank400,579,579,0.83492,0
ILSVRC2012_val_00000389_with_ILSVRC2012_val_00032764_rank623,110,110,0.85764,0
ILSVRC2012_val_00000389_with_ILSVRC2012_val_00034402_rank976,122,122,0.81449,0
ILSVRC2012_val_00000389_with_ILSVRC2012_val_00035438_rank592,990,990,0.46169,0
ILSVRC2012_val_00000389_with_ILSVRC2012_val_00021858_rank006,99,99,0.76095,0
ILSVRC2012_val_00000389_with_ILSVRC2012_val_00027800_rank371,429,429,0.86252,0
ILSVRC2012_val_00000389_with_ILSVRC2012_val_00006514_rank362,322,326,0.56406,1
ILSVRC2012_val_00000389_with_ILSVRC2012_val_00002109_rank147,981,449,0.17064,509
ILSVRC2012_val_00000389_with_ILSVRC2012_val_00015585_rank687,413,413,0.76509,0
ILSVRC2012_val_00000389_with_ILSVRC2012_val_00005873_rank111,94,94,0.80444,0
ILSVRC2012_val_00000389_with_ILSVRC2012_val_00049737_rank480,412,412,0.69711,0
ILSVRC2012_val_00000389_with_ILSVRC2012_val_00013899_rank226,25,25,0.73126,0
ILSVRC2012_val_00000389_with_ILSVRC2012_val_00035794_rank089,205,208,0.87328,5
ILSVRC2012_val_00000389_with_ILSVRC2012_val_00008404_rank673,512,456,0.28011,88
ILSVRC2012_val_00000389_with_ILSVRC2012_val_00030667_rank134,382,382,0.67055,0
ILSVRC2012_val_00000389_with_ILSVRC2012_val_00024481_rank363,904,904,0.859,0
ILSVRC2012_val_00000389_with_ILSVRC2012_val_00043648_rank133,295,295,0.73859,0
ILSVRC2012_val_00000389_with_ILSVRC2012_val_00020716_rank250,287,287,0.78574,0
ILSVRC2012_val_00000389_with_ILSVRC2012_val_00029800_rank654,510,510,0.81783,0
ILSVRC2012_val_00000389_with_ILSVRC2012_val_00041889_rank386,108,108,0.71324,0
ILSVRC2012_val_00000389_with_ILSVRC2012_val_00002164_rank696,792,128,0.18611,629
ILSVRC2012_val_00000389_with_ILSVRC2012_val_00001539_rank313,304,304,0.1028,0
ILSVRC2012_val_00000389_with_ILSVRC2012_val_00045417_rank607,971,133,0.73753,438
ILSVRC2012_val_00000389_with_ILSVRC2012_val_00011815_rank781,604,604,0.86211,0
ILSVRC2012_val_00000389_with_ILSVRC2012_val_00003969_rank292,964,947,0.26647,35
ILSVRC2012_val_00000389_with_ILSVRC2012_val_00016904_rank573,572,966,0.58779,2
ILSVRC2012_val_00000389_with_ILSVRC2012_val_00007358_rank149,621,621,0.69378,0
ILSVRC2012_val_00000389_with_ILSVRC2012_val_00004998_rank102,895,895,0.51247,0
ILSVRC2012_val_00000389_with_ILSVRC2012_val_00045490_rank637,675,569,0.70281,2
ILSVRC2012_val_00000389_with_ILSVRC2012_val_00035327_rank564,793,793,0.10377,0
ILSVRC2012_val_00000389_with_ILSVRC2012_val_00020096_rank473,727,727,0.83559,0
ILSVRC2012_val_00000389_with_ILSVRC2012_val_00029396_rank598,671,595,0.24585,26
ILSVRC2012_val_00000389_with_ILSVRC2012_val_00010146_rank757,648,478,0.3361,132
ILSVRC2012_val_00000389_with_ILSVRC2012_val_00011751_rank416,157,157,0.46562,0
ILSVRC2012_val_00000389_with_ILSVRC2012_val_00034291_rank453,249,249,0.77998,0
ILSVRC2012_val_00000389_with_ILSVRC2012_val_00046001_rank357,718,536,0.28809,4
ILSVRC2012_val_00000389_with_ILSVRC2012_val_00010613_rank572,526,637,0.4667,136
ILSVRC2012_val_00000389_with_ILSVRC2012_val_00047736_rank014,133,133,0.85474,0
ILSVRC2012_val_00000389_with_ILSVRC2012_val_00040179_rank631,719,719,0.69242,0
ILSVRC2012_val_00000389_with_ILSVRC2012_val_00001514_rank500,957,957,0.88086,0
ILSVRC2012_val_00000389_with_ILSVRC2012_val_00012178_rank032,22,23,0.6808,2
ILSVRC2012_val_00000389_with_ILSVRC2012_val_00016667_rank892,707,707,0.53002,0
ILSVRC2012_val_00000389_with_ILSVRC2012_val_00020078_rank714,941,941,0.8524,0
ILSVRC2012_val_00000389_with_ILSVRC2012_val_00043846_rank210,578,173,0.10353,114
ILSVRC2012_val_00000389_with_ILSVRC2012_val_00008869_rank584,721,721,0.76592,0
ILSVRC2012_val_00000389_with_ILSVRC2012_val_00048263_rank327,812,812,0.733,0
ILSVRC2012_val_00000389_with_ILSVRC2012_val_00001781_rank565,227,227,0.40814,0
ILSVRC2012_val_00000389_with_ILSVRC2012_val_00049316_rank735,32,32,0.66262,0
ILSVRC2012_val_00000389_with_ILSVRC2012_val_00019964_rank007,138,138,0.82342,0
ILSVRC2012_val_00000389_with_ILSVRC2012_val_00040392_rank757,648,648,0.78786,0
ILSVRC2012_val_00000389_with_ILSVRC2012_val_00021225_rank592,990,990,0.80868,0
ILSVRC2012_val_00000389_with_ILSVRC2012_val_00010173_rank288,288,290,0.50996,2
ILSVRC2012_val_00000389_with_ILSVRC2012_val_00024149_rank760,909,909,0.84226,0
ILSVRC2012_val_00000389_with_ILSVRC2012_val_00006969_rank004,127,127,0.82666,0
ILSVRC2012_val_00000389_with_ILSVRC2012_val_00037118_rank105,269,269,0.52629,0
ILSVRC2012_val_00000389_with_ILSVRC2012_val_00022376_rank463,259,259,0.78982,0
ILSVRC2012_val_00000389_with_ILSVRC2012_val_00000154_rank588,115,115,0.81668,0
ILSVRC2012_val_00000389_with_ILSVRC2012_val_00029274_rank642,752,752,0.80093,0
ILSVRC2012_val_00000389_with_ILSVRC2012_val_00014899_rank697,886,886,0.64891,0
ILSVRC2012_val_00000389_with_ILSVRC2012_val_00049523_rank176,217,217,0.75595,0
ILSVRC2012_val_00000389_with_ILSVRC2012_val_00007912_rank053,19,19,0.53872,0
ILSVRC2012_val_00000389_with_ILSVRC2012_val_00042891_rank637,675,654,0.49791,3
ILSVRC2012_val_00000389_with_ILSVRC2012_val_00043490_rank974,818,472,0.34349,998
ILSVRC2012_val_00000389_with_ILSVRC2012_val_00041716_rank613,987,998,0.44268,1
ILSVRC2012_val_00000389_with_ILSVRC2012_val_00035049_rank196,223,223,0.56948,0
ILSVRC2012_val_00000389_with_ILSVRC2012_val_00040831_rank211,576,576,0.41754,0
ILSVRC2012_val_00000389_with_ILSVRC2012_val_00037379_rank001,134,134,0.84482,0
ILSVRC2012_val_00000389_with_ILSVRC2012_val_00014244_rank781,604,604,0.7781,0
ILSVRC2012_val_00000389_with_ILSVRC2012_val_00036075_rank576,257,222,0.56495,1
ILSVRC2012_val_00000389_with_ILSVRC2012_val_00022200_rank473,727,727,0.20077,0
ILSVRC2012_val_00000389_with_ILSVRC2012_val_00009590_rank512,95,95,0.82736,0
ILSVRC2012_val_00000389_with_ILSVRC2012_val_00026979_rank727,856,856,0.8116,0
ILSVRC2012_val_00000389_with_ILSVRC2012_val_00012109_rank718,63,63,0.17533,0
ILSVRC2012_val_00000389_with_ILSVRC2012_val_00037478_rank075,489,489,0.78288,0
ILSVRC2012_val_00000389_with_ILSVRC2012_val_00005110_rank273,573,573,0.89764,0
ILSVRC2012_val_00000389_with_ILSVRC2012_val_00029119_rank840,478,478,0.27603,0
ILSVRC2012_val_00000389_with_ILSVRC2012_val_00037934_rank497,936,936,0.82719,0
ILSVRC2012_val_00000389_with_ILSVRC2012_val_00013465_rank091,344,344,0.85019,0
ILSVRC2012_val_00000389_with_ILSVRC2012_val_00018916_rank228,162,166,0.4687,2
ILSVRC2012_val_00000389_with_ILSVRC2012_val_00003760_rank682,515,515,0.77263,0
ILSVRC2012_val_00000389_with_ILSVRC2012_val_00006694_rank841,29,29,0.79107,0
ILSVRC2012_val_00000389_with_ILSVRC2012_val_00015517_rank189,425,425,0.84171,0
ILSVRC2012_val_00000389_with_ILSVRC2012_val_00003498_rank242,325,325,0.86669,0
ILSVRC2012_val_00000389_with_ILSVRC2012_val_00044223_rank706,321,321,0.86719,0
ILSVRC2012_val_00000389_with_ILSVRC2012_val_00013468_rank816,659,659,0.89793,0
ILSVRC2012_val_00000389_with_ILSVRC2012_val_00007447_rank151,984,984,0.5122,0
ILSVRC2012_val_00000389_with_ILSVRC2012_val_00022985_rank621,761,590,0.39902,3
ILSVRC2012_val_00000389_with_ILSVRC2012_val_00045893_rank134,382,382,0.27293,0
ILSVRC2012_val_00000389_with_ILSVRC2012_val_00027801_rank790,418,517,0.09612,399
ILSVRC2012_val_00000389_with_ILSVRC2012_val_00047723_rank102,895,895,0.65836,0
ILSVRC2012_val_00000389_with_ILSVRC2012_val_00005533_rank622,452,147,0.20175,713
ILSVRC2012_val_00000389_with_ILSVRC2012_val_00006756_rank907,950,950,0.82848,0
ILSVRC2012_val_00000389_with_ILSVRC2012_val_00040894_rank841,29,975,0.08983,426
ILSVRC2012_val_00000389_with_ILSVRC2012_val_00023615_rank321,250,250,0.34236,0
ILSVRC2012_val_00000389_with_ILSVRC2012_val_00001062_rank660,821,821,0.71988,0
ILSVRC2012_val_00000389_with_ILSVRC2012_val_00010120_rank861,896,775,0.33443,507
ILSVRC2012_val_00000389_with_ILSVRC2012_val_00028570_rank135,90,90,0.8157,0
ILSVRC2012_val_00000389_with_ILSVRC2012_val_00046683_rank196,223,223,0.73835,0
ILSVRC2012_val_00000389_with_ILSVRC2012_val_00043474_rank604,193,193,0.37565,0
ILSVRC2012_val_00000389_with_ILSVRC2012_val_00026869_rank031,272,272,0.77946,0
ILSVRC2012_val_00000389_with_ILSVRC2012_val_00041997_rank276,672,672,0.8355,0
ILSVRC2012_val_00000389_with_ILSVRC2012_val_00037037_rank275,27,27,0.72414,0
ILSVRC2012_val_00000389_with_ILSVRC2012_val_00019519_rank453,249,249,0.83981,0
ILSVRC2012_val_00000389_with_ILSVRC2012_val_00027000_rank959,470,975,0.24082,463
ILSVRC2012_val_00000389_with_ILSVRC2012_val_00027450_rank249,866,866,0.83178,0
ILSVRC2012_val_00000389_with_ILSVRC2012_val_00006164_rank667,655,689,0.34543,6
ILSVRC2012_val_00000389_with_ILSVRC2012_val_00001673_rank290,874,874,0.27722,0
ILSVRC2012_val_00000389_with_ILSVRC2012_val_00032308_rank912,774,774,0.71692,0
ILSVRC2012_val_00000389_with_ILSVRC2012_val_00029365_rank002,132,134,0.83826,3
ILSVRC2012_val_00000389_with_ILSVRC2012_val_00035814_rank300,28,28,0.20772,0
ILSVRC2012_val_00000389_with_ILSVRC2012_val_00014579_rank819,742,742,0.72316,0
ILSVRC2012_val_00000389_with_ILSVRC2012_val_00015783_rank311,914,914,0.64504,0
ILSVRC2012_val_00000389_with_ILSVRC2012_val_00008816_rank115,20,20,0.73945,0
ILSVRC2012_val_00000389_with_ILSVRC2012_val_00049846_rank575,185,185,0.69129,0
ILSVRC2012_val_00000389_with_ILSVRC2012_val_00042315_rank361,123,21,0.18754,486
ILSVRC2012_val_00000389_with_ILSVRC2012_val_00025933_rank643,459,459,0.19744,0
ILSVRC2012_val_00000389_with_ILSVRC2012_val_00032146_rank909,105,105,0.9027,0
ILSVRC2012_val_00000389_with_ILSVRC2012_val_00012667_rank382,518,444,0.82853,31
ILSVRC2012_val_00000389_with_ILSVRC2012_val_00001473_rank091,344,344,0.9034,0
ILSVRC2012_val_00000389_with_ILSVRC2012_val_00046309_rank219,716,716,0.80242,0
ILSVRC2012_val_00000389_with_ILSVRC2012_val_00004773_rank827,849,849,0.87616,0
ILSVRC2012_val_00000389_with_ILSVRC2012_val_00014362_rank051,15,15,0.83283,0
ILSVRC2012_val_00000389_with_ILSVRC2012_val_00045996_rank609,501,913,0.52339,768
ILSVRC2012_val_00000389_with_ILSVRC2012_val_00008662_rank251,955,955,0.44099,0
ILSVRC2012_val_00000389_with_ILSVRC2012_val_00002046_rank156,755,755,0.82501,0
ILSVRC2012_val_00000389_with_ILSVRC2012_val_00034067_rank979,739,472,0.83752,753
ILSVRC2012_val_00000389_with_ILSVRC2012_val_00041304_rank940,899,899,0.19908,0
ILSVRC2012_val_00000389_with_ILSVRC2012_val_00004535_rank707,733,733,0.37645,0
ILSVRC2012_val_00000389_with_ILSVRC2012_val_00037098_rank677,868,868,0.4509,0
ILSVRC2012_val_00000389_with_ILSVRC2012_val_00016454_rank461,738,738,0.40871,0
ILSVRC2012_val_00000389_with_ILSVRC2012_val_00027629_rank367,170,170,0.51259,0
ILSVRC2012_val_00000389_with_ILSVRC2012_val_00000671_rank230,864,864,0.81668,0
ILSVRC2012_val_00000389_with_ILSVRC2012_val_00031788_rank613,987,987,0.14907,0
ILSVRC2012_val_00000389_with_ILSVRC2012_val_00011694_rank099,395,395,0.79327,0
ILSVRC2012_val_00000389_with_ILSVRC2012_val_00039260_rank987,765,765,0.8456,0
ILSVRC2012_val_00000389_with_ILSVRC2012_val_00019446_rank061,348,348,0.81866,0
ILSVRC2012_val_00000389_with_ILSVRC2012_val_00014765_rank640,767,463,0.11353,420
ILSVRC2012_val_00000389_with_ILSVRC2012_val_00031212_rank373,56,56,0.65683,0
ILSVRC2012_val_00000389_with_ILSVRC2012_val_00049701_rank834,804,899,0.26468,4
ILSVRC2012_val_00000389_with_ILSVRC2012_val_00015088_rank918,840,840,0.73305,0
ILSVRC2012_val_00000389_with_ILSVRC2012_val_00021920_rank221,293,293,0.77635,0
ILSVRC2012_val_00000389_with_ILSVRC2012_val_00046655_rank063,383,383,0.78382,0
ILSVRC2012_val_00000389_with_ILSVRC2012_val_00032542_rank670,940,941,0.75251,1
ILSVRC2012_val_00000389_with_ILSVRC2012_val_00012622_rank517,935,910,0.38498,38
ILSVRC2012_val_00000389_with_ILSVRC2012_val_00046410_rank082,83,83,0.83764,0
ILSVRC2012_val_00000389_with_ILSVRC2012_val_00038232_rank529,119,120,0.24162,1
ILSVRC2012_val_00000389_with_ILSVRC2012_val_00035811_rank278,274,274,0.78773,0
ILSVRC2012_val_00000389_with_ILSVRC2012_val_00006765_rank806,938,936,0.46312,2
ILSVRC2012_val_00000389_with_ILSVRC2012_val_00015891_rank151,984,984,0.68025,0
ILSVRC2012_val_00000389_with_ILSVRC2012_val_00002482_rank606,443,472,0.1163,663
ILSVRC2012_val_00000389_with_ILSVRC2012_val_00025793_rank002,132,134,0.75198,3
ILSVRC2012_val_00000389_with_ILSVRC2012_val_00043488_rank743,709,709,0.77223,0
ILSVRC2012_val_00000389_with_ILSVRC2012_val_00002174_rank925,636,636,0.41158,0
ILSVRC2012_val_00000389_with_ILSVRC2012_val_00028714_rank429,880,880,0.78517,0
ILSVRC2012_val_00000389_with_ILSVRC2012_val_00039134_rank822,662,662,0.80933,0
ILSVRC2012_val_00000389_with_ILSVRC2012_val_00026668_rank855,745,745,0.44429,0
ILSVRC2012_val_00000389_with_ILSVRC2012_val_00039221_rank697,886,886,0.85127,0
ILSVRC2012_val_00000389_with_ILSVRC2012_val_00014290_rank991,777,597,0.78365,1
ILSVRC2012_val_00000389_with_ILSVRC2012_val_00023318_rank380,907,519,0.45331,40
ILSVRC2012_val_00000389_with_ILSVRC2012_val_00031695_rank326,493,637,0.15497,121
ILSVRC2012_val_00000389_with_ILSVRC2012_val_00034147_rank533,934,934,0.52572,0
ILSVRC2012_val_00000389_with_ILSVRC2012_val_00010586_rank570,62,62,0.42594,0
ILSVRC2012_val_00000389_with_ILSVRC2012_val_00048116_rank514,147,147,0.82133,0
ILSVRC2012_val_00000389_with_ILSVRC2012_val_00016402_rank966,851,851,0.57131,0
ILSVRC2012_val_00000389_with_ILSVRC2012_val_00042136_rank967,773,773,0.61286,0
ILSVRC2012_val_00000389_with_ILSVRC2012_val_00024749_rank106,148,127,0.40786,409
ILSVRC2012_val_00000389_with_ILSVRC2012_val_00020641_rank668,893,414,0.45267,34
ILSVRC2012_val_00000389_with_ILSVRC2012_val_00022481_rank867,784,912,0.60007,592
ILSVRC2012_val_00000389_with_ILSVRC2012_val_00012079_rank337,289,289,0.59826,0
ILSVRC2012_val_00000389_with_ILSVRC2012_val_00031411_rank511,216,216,0.85935,0
ILSVRC2012_val_00000389_with_ILSVRC2012_val_00000892_rank284,339,339,0.71228,0
ILSVRC2012_val_00000389_with_ILSVRC2012_val_00002744_rank854,931,931,0.72729,0
ILSVRC2012_val_00000389_with_ILSVRC2012_val_00016437_rank055,347,347,0.50767,0
ILSVRC2012_val_00000389_with_ILSVRC2012_val_00046000_rank508,41,41,0.25958,0
ILSVRC2012_val_00000389_with_ILSVRC2012_val_00009455_rank999,606,606,0.88944,0
ILSVRC2012_val_00000389_with_ILSVRC2012_val_00005056_rank303,43,21,0.18686,111
ILSVRC2012_val_00000389_with_ILSVRC2012_val_00023672_rank577,453,519,0.67042,18
ILSVRC2012_val_00000389_with_ILSVRC2012_val_00010171_rank080,39,39,0.77526,0
ILSVRC2012_val_00000389_with_ILSVRC2012_val_00011808_rank616,77,77,0.79427,0
ILSVRC2012_val_00000389_with_ILSVRC2012_val_00015968_rank580,595,595,0.43698,0
ILSVRC2012_val_00000389_with_ILSVRC2012_val_00035219_rank720,883,913,0.18005,625
ILSVRC2012_val_00000389_with_ILSVRC2012_val_00005009_rank974,818,975,0.14425,487
ILSVRC2012_val_00000389_with_ILSVRC2012_val_00001574_rank715,658,658,0.8699,0
ILSVRC2012_val_00000389_with_ILSVRC2012_val_00048234_rank021,89,89,0.78137,0
ILSVRC2012_val_00000389_with_ILSVRC2012_val_00023440_rank039,8,217,0.31683,119
ILSVRC2012_val_00000389_with_ILSVRC2012_val_00023495_rank530,803,609,0.79031,17
ILSVRC2012_val_00000389_with_ILSVRC2012_val_00006797_rank599,103,103,0.6165,0
ILSVRC2012_val_00000389_with_ILSVRC2012_val_00026987_rank953,584,975,0.0996,577
ILSVRC2012_val_00000389_with_ILSVRC2012_val_00002054_rank736,932,923,0.22844,65
ILSVRC2012_val_00000389_with_ILSVRC2012_val_00015897_rank150,292,292,0.62005,0
ILSVRC2012_val_00000389_with_ILSVRC2012_val_00023445_rank152,298,346,0.33852,191
ILSVRC2012_val_00000389_with_ILSVRC2012_val_00026493_rank518,544,544,0.84648,0
ILSVRC2012_val_00000389_with_ILSVRC2012_val_00011431_rank173,574,574,0.82691,0
ILSVRC2012_val_00000389_with_ILSVRC2012_val_00036564_rank420,654,654,0.8607,0
ILSVRC2012_val_00000389_with_ILSVRC2012_val_00028128_rank140,858,807,0.36776,7
ILSVRC2012_val_00000389_with_ILSVRC2012_val_00013508_rank282,179,208,0.38351,8
ILSVRC2012_val_00000389_with_ILSVRC2012_val_00042933_rank044,376,376,0.86994,0
ILSVRC2012_val_00000389_with_ILSVRC2012_val_00031467_rank113,37,37,0.76176,0
ILSVRC2012_val_00000389_with_ILSVRC2012_val_00038522_rank007,138,138,0.78654,0
ILSVRC2012_val_00000389_with_ILSVRC2012_val_00016076_rank215,200,200,0.30368,0
ILSVRC2012_val_00000389_with_ILSVRC2012_val_00026730_rank457,260,260,0.7066,0
ILSVRC2012_val_00000389_with_ILSVRC2012_val_00035659_rank408,644,470,0.46209,2
ILSVRC2012_val_00000389_with_ILSVRC2012_val_00049441_rank480,412,412,0.23175,0
ILSVRC2012_val_00000389_with_ILSVRC2012_val_00016258_rank259,51,51,0.7633,0
ILSVRC2012_val_00000389_with_ILSVRC2012_val_00004910_rank614,688,688,0.89092,0
ILSVRC2012_val_00000389_with_ILSVRC2012_val_00044273_rank446,495,495,0.45336,0
ILSVRC2012_val_00000389_with_ILSVRC2012_val_00002226_rank538,933,923,0.23763,10
ILSVRC2012_val_00000389_with_ILSVRC2012_val_00044421_rank817,813,813,0.71467,0
ILSVRC2012_val_00000389_with_ILSVRC2012_val_00007995_rank976,122,124,0.09474,2
ILSVRC2012_val_00000389_with_ILSVRC2012_val_00006243_rank591,551,472,0.79756,986
ILSVRC2012_val_00000389_with_ILSVRC2012_val_00000658_rank711,261,261,0.87417,0
ILSVRC2012_val_00000389_with_ILSVRC2012_val_00042422_rank164,815,815,0.82103,0
ILSVRC2012_val_00000389_with_ILSVRC2012_val_00027175_rank759,519,519,0.77965,0
ILSVRC2012_val_00000389_with_ILSVRC2012_val_00011728_rank742,151,151,0.85899,0
ILSVRC2012_val_00000389_with_ILSVRC2012_val_00011737_rank037,352,352,0.48944,0
ILSVRC2012_val_00000389_with_ILSVRC2012_val_00010463_rank630,434,501,0.11731,38
ILSVRC2012_val_00000389_with_ILSVRC2012_val_00048923_rank374,757,757,0.61888,0
ILSVRC2012_val_00000389_with_ILSVRC2012_val_00012159_rank879,666,666,0.79942,0
ILSVRC2012_val_00000389_with_ILSVRC2012_val_00008340_rank584,721,797,0.86676,17
ILSVRC2012_val_00000389_with_ILSVRC2012_val_00015022_rank719,305,305,0.52825,0
ILSVRC2012_val_00000389_with_ILSVRC2012_val_00004660_rank133,295,369,0.39555,3
ILSVRC2012_val_00000389_with_ILSVRC2012_val_00024223_rank095,958,958,0.87743,0
ILSVRC2012_val_00000389_with_ILSVRC2012_val_00048973_rank540,435,649,0.21652,304
ILSVRC2012_val_00000389_with_ILSVRC2012_val_00048939_rank545,368,369,0.66552,1
ILSVRC2012_val_00000389_with_ILSVRC2012_val_00025259_rank632,679,679,0.62396,0
ILSVRC2012_val_00000389_with_ILSVRC2012_val_00037772_rank566,354,354,0.84387,0
ILSVRC2012_val_00000389_with_ILSVRC2012_val_00047122_rank379,75,73,0.32503,1
ILSVRC2012_val_00000389_with_ILSVRC2012_val_00013971_rank169,211,208,0.31328,13
ILSVRC2012_val_00000389_with_ILSVRC2012_val_00038181_rank406,306,306,0.69304,0
ILSVRC2012_val_00000389_with_ILSVRC2012_val_00013156_rank740,608,869,0.84203,14
ILSVRC2012_val_00000389_with_ILSVRC2012_val_00020558_rank466,973,92,0.13529,117
ILSVRC2012_val_00000389_with_ILSVRC2012_val_00009628_rank171,557,472,0.41913,454
ILSVRC2012_val_00000389_with_ILSVRC2012_val_00004364_rank336,723,723,0.87826,0
ILSVRC2012_val_00000389_with_ILSVRC2012_val_00029520_rank143,458,458,0.85893,0
ILSVRC2012_val_00000389_with_ILSVRC2012_val_00043245_rank307,58,67,0.35729,12
ILSVRC2012_val_00000389_with_ILSVRC2012_val_00032921_rank515,440,440,0.47034,0
ILSVRC2012_val_00000389_with_ILSVRC2012_val_00024243_rank614,688,688,0.85986,0
ILSVRC2012_val_00000389_with_ILSVRC2012_val_00041463_rank999,606,632,0.11715,260
ILSVRC2012_val_00000389_with_ILSVRC2012_val_00012083_rank462,400,869,0.46993,6
ILSVRC2012_val_00000389_with_ILSVRC2012_val_00036113_rank754,441,441,0.79701,0
ILSVRC2012_val_00000389_with_ILSVRC2012_val_00027696_rank363,904,904,0.37027,0
ILSVRC2012_val_00000389_with_ILSVRC2012_val_00028477_rank476,229,229,0.76425,0
ILSVRC2012_val_00000389_with_ILSVRC2012_val_00028212_rank670,940,940,0.49881,0
ILSVRC2012_val_00000389_with_ILSVRC2012_val_00041815_rank768,481,481,0.63369,0
ILSVRC2012_val_00000389_with_ILSVRC2012_val_00032174_rank092,124,124,0.7917,0
ILSVRC2012_val_00000389_with_ILSVRC2012_val_00040690_rank427,523,523,0.76033,0
ILSVRC2012_val_00000389_with_ILSVRC2012_val_00035834_rank556,399,399,0.5083,0
ILSVRC2012_val_00000389_with_ILSVRC2012_val_00041799_rank110,386,386,0.71222,0
ILSVRC2012_val_00000389_with_ILSVRC2012_val_00028093_rank660,821,821,0.79827,0
ILSVRC2012_val_00000389_with_ILSVRC2012_val_00006649_rank454,256,347,0.35954,38
ILSVRC2012_val_00000389_with_ILSVRC2012_val_00032830_rank002,132,132,0.64476,0
ILSVRC2012_val_00000389_with_ILSVRC2012_val_00030862_rank651,432,432,0.51831,0
ILSVRC2012_val_00000389_with_ILSVRC2012_val_00012788_rank878,112,112,0.76677,0
ILSVRC2012_val_00000389_with_ILSVRC2012_val_00013520_rank962,691,208,0.30235,414
ILSVRC2012_val_00000389_with_ILSVRC2012_val_00028938_rank302,296,296,0.7029,0
ILSVRC2012_val_00000389_with_ILSVRC2012_val_00014249_rank762,729,791,0.0834,95
ILSVRC2012_val_00000389_with_ILSVRC2012_val_00037699_rank504,743,519,0.80723,37
ILSVRC2012_val_00000389_with_ILSVRC2012_val_00048402_rank698,673,673,0.3818,0
ILSVRC2012_val_00000389_with_ILSVRC2012_val_00030875_rank292,964,544,0.1004,24
ILSVRC2012_val_00000389_with_ILSVRC2012_val_00031745_rank988,902,975,0.07448,846
ILSVRC2012_val_00000389_with_ILSVRC2012_val_00021900_rank248,879,879,0.88161,0
ILSVRC2012_val_00000389_with_ILSVRC2012_val_00049119_rank534,30,30,0.85142,0
ILSVRC2012_val_00000389_with_ILSVRC2012_val_00041187_rank660,821,821,0.62005,0
ILSVRC2012_val_00000389_with_ILSVRC2012_val_00003148_rank489,643,221,0.27638,617
ILSVRC2012_val_00000389_with_ILSVRC2012_val_00016702_rank864,632,632,0.72229,0
ILSVRC2012_val_00000389_with_ILSVRC2012_val_00027425_rank143,458,458,0.82144,0
ILSVRC2012_val_00000389_with_ILSVRC2012_val_00039474_rank284,339,339,0.84132,0
ILSVRC2012_val_00000389_with_ILSVRC2012_val_00023346_rank645,221,221,0.72555,0
ILSVRC2012_val_00000389_with_ILSVRC2012_val_00011874_rank023,98,98,0.81417,0
ILSVRC2012_val_00000389_with_ILSVRC2012_val_00044933_rank016,100,100,0.82747,0
ILSVRC2012_val_00000389_with_ILSVRC2012_val_00040444_rank130,42,211,0.72765,150
ILSVRC2012_val_00000389_with_ILSVRC2012_val_00045169_rank840,478,478,0.23573,0
ILSVRC2012_val_00000389_with_ILSVRC2012_val_00047957_rank839,631,765,0.20548,447
ILSVRC2012_val_00000389_with_ILSVRC2012_val_00002072_rank492,285,281,0.44892,1
ILSVRC2012_val_00000389_with_ILSVRC2012_val_00035864_rank255,656,656,0.2547,0
ILSVRC2012_val_00000389_with_ILSVRC2012_val_00032454_rank293,807,472,0.27024,271
ILSVRC2012_val_00000389_with_ILSVRC2012_val_00011889_rank141,313,913,0.65852,259
ILSVRC2012_val_00000389_with_ILSVRC2012_val_00022572_rank694,906,834,0.78986,1
ILSVRC2012_val_00000389_with_ILSVRC2012_val_00023909_rank221,293,293,0.8015,0
ILSVRC2012_val_00000389_with_ILSVRC2012_val_00040412_rank042,17,131,0.06897,5
ILSVRC2012_val_00000389_with_ILSVRC2012_val_00007641_rank741,741,741,0.82698,0
ILSVRC2012_val_00000389_with_ILSVRC2012_val_00035395_rank231,944,944,0.852,0
ILSVRC2012_val_00000389_with_ILSVRC2012_val_00000917_rank899,447,637,0.11478,103
ILSVRC2012_val_00000389_with_ILSVRC2012_val_00004630_rank597,760,760,0.76646,0
ILSVRC2012_val_00000389_with_ILSVRC2012_val_00037682_rank786,601,601,0.51454,0
ILSVRC2012_val_00000389_with_ILSVRC2012_val_00026051_rank463,259,259,0.72642,0
ILSVRC2012_val_00000389_with_ILSVRC2012_val_00018585_rank273,573,621,0.65802,2
ILSVRC2012_val_00000389_with_ILSVRC2012_val_00008406_rank916,402,743,0.12172,340
ILSVRC2012_val_00000389_with_ILSVRC2012_val_00037482_rank972,790,790,0.8481,0
ILSVRC2012_val_00000389_with_ILSVRC2012_val_00047861_rank971,827,637,0.38017,123
ILSVRC2012_val_00000389_with_ILSVRC2012_val_00025522_rank278,274,274,0.76835,0
ILSVRC2012_val_00000389_with_ILSVRC2012_val_00038653_rank061,348,348,0.86714,0
ILSVRC2012_val_00000389_with_ILSVRC2012_val_00049856_rank920,676,249,0.8892,131
ILSVRC2012_val_00000389_with_ILSVRC2012_val_00046183_rank500,957,957,0.87388,0
ILSVRC2012_val_00000389_with_ILSVRC2012_val_00002908_rank323,695,695,0.78903,0
ILSVRC2012_val_00000389_with_ILSVRC2012_val_00022351_rank313,304,304,0.14828,0
ILSVRC2012_val_00000389_with_ILSVRC2012_val_00014058_rank513,194,194,0.84065,0
ILSVRC2012_val_00000389_with_ILSVRC2012_val_00008732_rank447,586,586,0.8456,0
ILSVRC2012_val_00000389_with_ILSVRC2012_val_00042383_rank364,64,64,0.6953,0
ILSVRC2012_val_00000389_with_ILSVRC2012_val_00017321_rank089,205,205,0.73554,0
ILSVRC2012_val_00000389_with_ILSVRC2012_val_00014453_rank140,858,858,0.77689,0
ILSVRC2012_val_00000389_with_ILSVRC2012_val_00032952_rank152,298,298,0.21709,0
ILSVRC2012_val_00000389_with_ILSVRC2012_val_00037690_rank544,937,937,0.6388,0
ILSVRC2012_val_00000389_with_ILSVRC2012_val_00032290_rank710,233,233,0.74892,0
ILSVRC2012_val_00000389_with_ILSVRC2012_val_00023289_rank163,225,273,0.26933,7
ILSVRC2012_val_00000389_with_ILSVRC2012_val_00013910_rank984,830,609,0.26931,55
ILSVRC2012_val_00000389_with_ILSVRC2012_val_00028213_rank377,284,284,0.77742,0
ILSVRC2012_val_00000389_with_ILSVRC2012_val_00030930_rank248,879,728,0.44155,4
ILSVRC2012_val_00000389_with_ILSVRC2012_val_00044557_rank820,54,54,0.44727,0
ILSVRC2012_val_00000389_with_ILSVRC2012_val_00045137_rank940,899,725,0.47076,1
ILSVRC2012_val_00000389_with_ILSVRC2012_val_00028196_rank945,491,491,0.80543,0
ILSVRC2012_val_00000389_with_ILSVRC2012_val_00048505_rank627,76,76,0.39476,0
ILSVRC2012_val_00000389_with_ILSVRC2012_val_00016240_rank521,281,281,0.54515,0
ILSVRC2012_val_00000389_with_ILSVRC2012_val_00025126_rank010,129,129,0.82861,0
ILSVRC2012_val_00000389_with_ILSVRC2012_val_00015277_rank187,554,554,0.8359,0
ILSVRC2012_val_00000389_with_ILSVRC2012_val_00037384_rank668,893,893,0.48341,0
ILSVRC2012_val_00000389_with_ILSVRC2012_val_00007246_rank576,257,257,0.21645,0
ILSVRC2012_val_00000389_with_ILSVRC2012_val_00005798_rank574,581,581,0.33411,0
ILSVRC2012_val_00000389_with_ILSVRC2012_val_00049598_rank529,119,119,0.73868,0
ILSVRC2012_val_00000389_with_ILSVRC2012_val_00038767_rank638,615,806,0.34945,5
ILSVRC2012_val_00000389_with_ILSVRC2012_val_00004598_rank092,124,124,0.65509,0
ILSVRC2012_val_00000389_with_ILSVRC2012_val_00008926_rank246,184,202,0.6474,1
ILSVRC2012_val_00000389_with_ILSVRC2012_val_00003684_rank687,413,413,0.58025,0
ILSVRC2012_val_00000389_with_ILSVRC2012_val_00009824_rank997,528,528,0.80699,0
ILSVRC2012_val_00000389_with_ILSVRC2012_val_00011989_rank981,235,235,0.47406,0
ILSVRC2012_val_00000389_with_ILSVRC2012_val_00031384_rank127,173,173,0.83057,0
ILSVRC2012_val_00000389_with_ILSVRC2012_val_00031396_rank020,136,136,0.82484,0
ILSVRC2012_val_00000389_with_ILSVRC2012_val_00020740_rank634,163,163,0.81386,0
ILSVRC2012_val_00000389_with_ILSVRC2012_val_00001734_rank988,902,875,0.09359,54
ILSVRC2012_val_00000389_with_ILSVRC2012_val_00046062_rank700,800,800,0.79152,0
ILSVRC2012_val_00000389_with_ILSVRC2012_val_00032451_rank245,164,164,0.84557,0
ILSVRC2012_val_00000389_with_ILSVRC2012_val_00009961_rank865,514,514,0.23538,0
ILSVRC2012_val_00000389_with_ILSVRC2012_val_00002421_rank821,889,889,0.42069,0
ILSVRC2012_val_00000389_with_ILSVRC2012_val_00001144_rank352,569,569,0.87806,0
ILSVRC2012_val_00000389_with_ILSVRC2012_val_00043814_rank744,828,828,0.85332,0
ILSVRC2012_val_00000389_with_ILSVRC2012_val_00025213_rank150,292,292,0.68098,0
ILSVRC2012_val_00000389_with_ILSVRC2012_val_00047754_rank046,343,343,0.63042,0
ILSVRC2012_val_00000389_with_ILSVRC2012_val_00002689_rank520,517,517,0.79777,0
ILSVRC2012_val_00000389_with_ILSVRC2012_val_00040821_rank468,345,346,0.42846,2
ILSVRC2012_val_00000389_with_ILSVRC2012_val_00013745_rank680,504,504,0.7334,0
ILSVRC2012_val_00000389_with_ILSVRC2012_val_00015990_rank723,160,160,0.86695,0
ILSVRC2012_val_00000389_with_ILSVRC2012_val_00002631_rank826,507,811,0.12951,184
ILSVRC2012_val_00000389_with_ILSVRC2012_val_00004075_rank093,324,324,0.71012,0
ILSVRC2012_val_00000389_with_ILSVRC2012_val_00000572_rank485,965,965,0.77057,0
ILSVRC2012_val_00000389_with_ILSVRC2012_val_00011285_rank932,917,412,0.1494,216
ILSVRC2012_val_00000389_with_ILSVRC2012_val_00006858_rank911,409,409,0.79999,0
ILSVRC2012_val_00000389_with_ILSVRC2012_val_00025655_rank245,164,164,0.76952,0
ILSVRC2012_val_00000389_with_ILSVRC2012_val_00039991_rank989,420,420,0.76797,0
ILSVRC2012_val_00000389_with_ILSVRC2012_val_00002170_rank024,141,21,0.23517,22
ILSVRC2012_val_00000389_with_ILSVRC2012_val_00021670_rank149,621,621,0.81462,0
ILSVRC2012_val_00000389_with_ILSVRC2012_val_00017880_rank886,771,771,0.70605,0
ILSVRC2012_val_00000389_with_ILSVRC2012_val_00024906_rank101,472,472,0.75961,0
ILSVRC2012_val_00000389_with_ILSVRC2012_val_00008511_rank527,925,925,0.76139,0
ILSVRC2012_val_00000389_with_ILSVRC2012_val_00028486_rank159,853,853,0.28754,0
ILSVRC2012_val_00000389_with_ILSVRC2012_val_00047047_rank008,144,144,0.8291,0
ILSVRC2012_val_00000389_with_ILSVRC2012_val_00032569_rank415,663,448,0.25769,271
ILSVRC2012_val_00000389_with_ILSVRC2012_val_00032139_rank588,115,115,0.36812,0
ILSVRC2012_val_00000389_with_ILSVRC2012_val_00003846_rank523,31,31,0.75059,0
ILSVRC2012_val_00000389_with_ILSVRC2012_val_00027249_rank702,687,425,0.21579,72
ILSVRC2012_val_00000389_with_ILSVRC2012_val_00011007_rank737,451,801,0.09231,933
ILSVRC2012_val_00000389_with_ILSVRC2012_val_00039364_rank955,469,472,0.88328,453
ILSVRC2012_val_00000389_with_ILSVRC2012_val_00021408_rank786,601,601,0.46884,0
ILSVRC2012_val_00000389_with_ILSVRC2012_val_00029840_rank999,606,606,0.82007,0
ILSVRC2012_val_00000389_with_ILSVRC2012_val_00010387_rank791,845,703,0.25471,510
ILSVRC2012_val_00000389_with_ILSVRC2012_val_00029973_rank876,165,165,0.33331,0
ILSVRC2012_val_00000389_with_ILSVRC2012_val_00008442_rank567,700,700,0.85606,0
ILSVRC2012_val_00000389_with_ILSVRC2012_val_00004262_rank945,491,913,0.61867,180
ILSVRC2012_val_00000389_with_ILSVRC2012_val_00009016_rank806,938,938,0.83932,0
ILSVRC2012_val_00000389_with_ILSVRC2012_val_00026554_rank919,995,995,0.77699,0
ILSVRC2012_val_00000389_with_ILSVRC2012_val_00010322_rank784,45,45,0.84356,0
ILSVRC2012_val_00000389_with_ILSVRC2012_val_00033088_rank232,101,101,0.7376,0
ILSVRC2012_val_00000389_with_ILSVRC2012_val_00019595_rank146,547,547,0.13374,0
ILSVRC2012_val_00000389_with_ILSVRC2012_val_00048408_rank475,111,730,0.15053,347
ILSVRC2012_val_00000389_with_ILSVRC2012_val_00008819_rank013,23,23,0.84355,0
ILSVRC2012_val_00000389_with_ILSVRC2012_val_00002100_rank033,93,93,0.798,0
ILSVRC2012_val_00000389_with_ILSVRC2012_val_00013816_rank978,740,208,0.21718,744
ILSVRC2012_val_00000389_with_ILSVRC2012_val_00001311_rank421,444,444,0.86501,0
ILSVRC2012_val_00000389_with_ILSVRC2012_val_00025354_rank331,717,717,0.68435,0
ILSVRC2012_val_00000389_with_ILSVRC2012_val_00001662_rank113,37,37,0.75619,0
ILSVRC2012_val_00000389_with_ILSVRC2012_val_00005808_rank430,168,168,0.75427,0
ILSVRC2012_val_00000389_with_ILSVRC2012_val_00045819_rank003,131,131,0.66989,0
ILSVRC2012_val_00000389_with_ILSVRC2012_val_00022162_rank566,354,354,0.83521,0
ILSVRC2012_val_00000389_with_ILSVRC2012_val_00013528_rank921,333,333,0.79186,0
ILSVRC2012_val_00000389_with_ILSVRC2012_val_00011103_rank658,531,531,0.62954,0
ILSVRC2012_val_00000389_with_ILSVRC2012_val_00043677_rank298,389,389,0.83245,0
ILSVRC2012_val_00000389_with_ILSVRC2012_val_00038689_rank267,670,670,0.64296,0
ILSVRC2012_val_00000389_with_ILSVRC2012_val_00032724_rank379,75,75,0.54599,0
ILSVRC2012_val_00000389_with_ILSVRC2012_val_00033219_rank300,28,28,0.78561,0
ILSVRC2012_val_00000389_with_ILSVRC2012_val_00044407_rank237,316,316,0.85324,0
ILSVRC2012_val_00000389_with_ILSVRC2012_val_00042697_rank441,614,614,0.77855,0
ILSVRC2012_val_00000389_with_ILSVRC2012_val_00025717_rank523,31,31,0.80332,0
ILSVRC2012_val_00000389_with_ILSVRC2012_val_00025275_rank849,610,610,0.77376,0
ILSVRC2012_val_00000389_with_ILSVRC2012_val_00009576_rank843,154,154,0.26771,0
ILSVRC2012_val_00000389_with_ILSVRC2012_val_00028165_rank131,270,270,0.75385,0
ILSVRC2012_val_00000389_with_ILSVRC2012_val_00008178_rank068,24,24,0.83728,0
ILSVRC2012_val_00000389_with_ILSVRC2012_val_00010305_rank803,898,898,0.64376,0
ILSVRC2012_val_00000389_with_ILSVRC2012_val_00004496_rank317,407,407,0.70814,0
ILSVRC2012_val_00000389_with_ILSVRC2012_val_00014569_rank858,594,594,0.76951,0
ILSVRC2012_val_00000389_with_ILSVRC2012_val_00029683_rank116,278,278,0.74275,0
ILSVRC2012_val_00000389_with_ILSVRC2012_val_00006168_rank956,241,238,0.73794,2
ILSVRC2012_val_00000389_with_ILSVRC2012_val_00022539_rank067,946,946,0.78513,0
ILSVRC2012_val_00000389_with_ILSVRC2012_val_00044257_rank323,695,695,0.65578,0
ILSVRC2012_val_00000389_with_ILSVRC2012_val_00036676_rank549,945,945,0.79789,0
ILSVRC2012_val_00000389_with_ILSVRC2012_val_00049630_rank608,488,488,0.6207,0
ILSVRC2012_val_00000389_with_ILSVRC2012_val_00047828_rank944,954,954,0.66819,0
ILSVRC2012_val_00000389_with_ILSVRC2012_val_00038581_rank251,955,955,0.87132,0
ILSVRC2012_val_00000389_with_ILSVRC2012_val_00022314_rank424,388,850,0.35585,26
ILSVRC2012_val_00000389_with_ILSVRC2012_val_00017467_rank919,995,995,0.59773,0
ILSVRC2012_val_00000389_with_ILSVRC2012_val_00008520_rank236,360,360,0.72221,0
ILSVRC2012_val_00000389_with_ILSVRC2012_val_00004416_rank595,758,758,0.57271,0
ILSVRC2012_val_00000389_with_ILSVRC2012_val_00018647_rank850,534,534,0.83124,0
ILSVRC2012_val_00000389_with_ILSVRC2012_val_00000405_rank413,177,177,0.8829,0
ILSVRC2012_val_00000389_with_ILSVRC2012_val_00000168_rank879,666,659,0.681,3
ILSVRC2012_val_00000389_with_ILSVRC2012_val_00017166_rank218,448,448,0.7419,0
ILSVRC2012_val_00000389_with_ILSVRC2012_val_00036695_rank335,817,511,0.68297,2
ILSVRC2012_val_00000389_with_ILSVRC2012_val_00026990_rank101,472,472,0.45584,0
ILSVRC2012_val_00000389_with_ILSVRC2012_val_00010366_rank449,922,975,0.50731,262
ILSVRC2012_val_00000389_with_ILSVRC2012_val_00019284_rank599,103,389,0.33716,51
ILSVRC2012_val_00000389_with_ILSVRC2012_val_00033540_rank704,850,850,0.7152,0
ILSVRC2012_val_00000389_with_ILSVRC2012_val_00027805_rank235,182,273,0.11908,110
ILSVRC2012_val_00000389_with_ILSVRC2012_val_00010545_rank123,55,55,0.75735,0
ILSVRC2012_val_00000389_with_ILSVRC2012_val_00001365_rank853,714,701,0.60787,341
ILSVRC2012_val_00000389_with_ILSVRC2012_val_00032808_rank913,969,427,0.30222,177
ILSVRC2012_val_00000389_with_ILSVRC2012_val_00037729_rank048,49,49,0.87495,0
ILSVRC2012_val_00000389_with_ILSVRC2012_val_00002392_rank316,474,474,0.72637,0
ILSVRC2012_val_00000389_with_ILSVRC2012_val_00034721_rank972,790,790,0.76557,0
ILSVRC2012_val_00000389_with_ILSVRC2012_val_00015888_rank278,274,274,0.81059,0
ILSVRC2012_val_00000389_with_ILSVRC2012_val_00044139_rank344,665,665,0.85473,0
ILSVRC2012_val_00000389_with_ILSVRC2012_val_00002873_rank720,883,725,0.54973,1
ILSVRC2012_val_00000389_with_ILSVRC2012_val_00019232_rank813,524,735,0.18381,83
ILSVRC2012_val_00000389_with_ILSVRC2012_val_00017085_rank140,858,913,0.68637,43
ILSVRC2012_val_00000389_with_ILSVRC2012_val_00041137_rank222,209,209,0.71782,0
ILSVRC2012_val_00000389_with_ILSVRC2012_val_00018986_rank757,648,410,0.55606,225
ILSVRC2012_val_00000389_with_ILSVRC2012_val_00045524_rank563,667,667,0.72693,0
ILSVRC2012_val_00000389_with_ILSVRC2012_val_00013484_rank186,3,3,0.71083,0
ILSVRC2012_val_00000389_with_ILSVRC2012_val_00002040_rank908,502,502,0.376,0
ILSVRC2012_val_00000389_with_ILSVRC2012_val_00016976_rank674,186,186,0.66411,0
ILSVRC2012_val_00000389_with_ILSVRC2012_val_00049646_rank370,35,35,0.79684,0
ILSVRC2012_val_00000389_with_ILSVRC2012_val_00019533_rank360,335,335,0.76256,0
ILSVRC2012_val_00000389_with_ILSVRC2012_val_00045126_rank539,953,953,0.7053,0
ILSVRC2012_val_00000389_with_ILSVRC2012_val_00008323_rank198,835,649,0.39876,13
ILSVRC2012_val_00000389_with_ILSVRC2012_val_00037007_rank631,719,719,0.81416,0
ILSVRC2012_val_00000389_with_ILSVRC2012_val_00017047_rank736,932,932,0.76452,0
ILSVRC2012_val_00000389_with_ILSVRC2012_val_00035330_rank272,299,562,0.16249,303
ILSVRC2012_val_00000389_with_ILSVRC2012_val_00005601_rank009,130,130,0.82344,0
ILSVRC2012_val_00000389_with_ILSVRC2012_val_00039746_rank615,457,457,0.7831,0
ILSVRC2012_val_00000389_with_ILSVRC2012_val_00043798_rank303,43,43,0.7024,0
ILSVRC2012_val_00000389_with_ILSVRC2012_val_00016827_rank948,422,908,0.25945,795
ILSVRC2012_val_00000389_with_ILSVRC2012_val_00021749_rank578,605,605,0.73749,0
ILSVRC2012_val_00000389_with_ILSVRC2012_val_00001325_rank322,873,873,0.8821,0
ILSVRC2012_val_00000389_with_ILSVRC2012_val_00022937_rank112,46,46,0.6072,0
ILSVRC2012_val_00000389_with_ILSVRC2012_val_00038086_rank499,417,417,0.81701,0
ILSVRC2012_val_00000389_with_ILSVRC2012_val_00028628_rank492,285,285,0.37146,0
ILSVRC2012_val_00000389_with_ILSVRC2012_val_00023834_rank902,314,346,0.08735,501
ILSVRC2012_val_00000389_with_ILSVRC2012_val_00018935_rank338,326,326,0.75643,0
ILSVRC2012_val_00000389_with_ILSVRC2012_val_00024140_rank320,377,373,0.4995,10
ILSVRC2012_val_00000389_with_ILSVRC2012_val_00024014_rank724,303,303,0.77828,0
ILSVRC2012_val_00000389_with_ILSVRC2012_val_00021186_rank959,470,913,0.25263,512
ILSVRC2012_val_00000389_with_ILSVRC2012_val_00041289_rank990,759,759,0.74238,0
ILSVRC2012_val_00000389_with_ILSVRC2012_val_00007430_rank958,220,220,0.88283,0
ILSVRC2012_val_00000389_with_ILSVRC2012_val_00003107_rank255,656,656,0.68651,0
ILSVRC2012_val_00000389_with_ILSVRC2012_val_00044690_rank783,847,847,0.80975,0
ILSVRC2012_val_00000389_with_ILSVRC2012_val_00041029_rank514,147,147,0.78006,0
ILSVRC2012_val_00000389_with_ILSVRC2012_val_00023765_rank397,166,166,0.8356,0
ILSVRC2012_val_00000389_with_ILSVRC2012_val_00007178_rank634,163,163,0.79907,0
ILSVRC2012_val_00000389_with_ILSVRC2012_val_00022711_rank508,41,41,0.49498,0
ILSVRC2012_val_00000389_with_ILSVRC2012_val_00046882_rank619,47,47,0.81281,0
ILSVRC2012_val_00000389_with_ILSVRC2012_val_00039897_rank759,519,807,0.38279,159
ILSVRC2012_val_00000389_with_ILSVRC2012_val_00009367_rank954,499,600,0.26445,150
ILSVRC2012_val_00000389_with_ILSVRC2012_val_00020403_rank096,167,166,0.53339,1
ILSVRC2012_val_00000389_with_ILSVRC2012_val_00025358_rank983,720,720,0.84612,0
ILSVRC2012_val_00000389_with_ILSVRC2012_val_00027498_rank192,14,14,0.67076,0
ILSVRC2012_val_00000389_with_ILSVRC2012_val_00039240_rank711,261,261,0.8019,0
ILSVRC2012_val_00000389_with_ILSVRC2012_val_00023934_rank765,607,607,0.81966,0
ILSVRC2012_val_00000389_with_ILSVRC2012_val_00021268_rank622,452,452,0.51098,0
ILSVRC2012_val_00000389_with_ILSVRC2012_val_00048955_rank778,190,188,0.76178,2
ILSVRC2012_val_00000389_with_ILSVRC2012_val_00014857_rank767,867,757,0.76195,5
ILSVRC2012_val_00000389_with_ILSVRC2012_val_00007577_rank461,738,913,0.27943,951
ILSVRC2012_val_00000389_with_ILSVRC2012_val_00039967_rank393,329,825,0.1033,104
ILSVRC2012_val_00000389_with_ILSVRC2012_val_00043729_rank617,616,975,0.18346,613
ILSVRC2012_val_00000389_with_ILSVRC2012_val_00044322_rank957,446,472,0.45247,778
ILSVRC2012_val_00000389_with_ILSVRC2012_val_00031513_rank812,645,718,0.12266,593
ILSVRC2012_val_00000389_with_ILSVRC2012_val_00034967_rank615,457,457,0.80064,0
ILSVRC2012_val_00000389_with_ILSVRC2012_val_00013765_rank754,441,427,0.08203,65
ILSVRC2012_val_00000389_with_ILSVRC2012_val_00024766_rank513,194,194,0.83798,0
ILSVRC2012_val_00000389_with_ILSVRC2012_val_00006287_rank762,729,421,0.45467,50
ILSVRC2012_val_00000389_with_ILSVRC2012_val_00045928_rank583,338,338,0.73611,0
ILSVRC2012_val_00000389_with_ILSVRC2012_val_00003812_rank328,378,378,0.80614,0
ILSVRC2012_val_00000389_with_ILSVRC2012_val_00006279_rank442,396,91,0.68393,92
ILSVRC2012_val_00000389_with_ILSVRC2012_val_00021762_rank488,513,880,0.26936,137
ILSVRC2012_val_00000389_with_ILSVRC2012_val_00048031_rank861,896,896,0.72374,0
ILSVRC2012_val_00000389_with_ILSVRC2012_val_00047713_rank661,26,389,0.86896,36
ILSVRC2012_val_00000389_with_ILSVRC2012_val_00033188_rank092,124,124,0.8333,0
ILSVRC2012_val_00000389_with_ILSVRC2012_val_00029917_rank553,568,568,0.55241,0
ILSVRC2012_val_00000389_with_ILSVRC2012_val_00048824_rank035,92,92,0.66889,0
ILSVRC2012_val_00000389_with_ILSVRC2012_val_00000618_rank242,325,325,0.8242,0
ILSVRC2012_val_00000389_with_ILSVRC2012_val_00015805_rank497,936,936,0.86589,0
ILSVRC2012_val_00000389_with_ILSVRC2012_val_00039396_rank596,963,963,0.29655,0
ILSVRC2012_val_00000389_with_ILSVRC2012_val_00038855_rank293,807,807,0.43966,0
ILSVRC2012_val_00000389_with_ILSVRC2012_val_00003918_rank561,795,472,0.17518,66
ILSVRC2012_val_00000389_with_ILSVRC2012_val_00032663_rank570,62,58,0.27509,5
ILSVRC2012_val_00000389_with_ILSVRC2012_val_00045347_rank377,284,284,0.81446,0
ILSVRC2012_val_00000389_with_ILSVRC2012_val_00032445_rank587,196,196,0.59591,0
ILSVRC2012_val_00000389_with_ILSVRC2012_val_00043156_rank585,903,903,0.13492,0
ILSVRC2012_val_00000389_with_ILSVRC2012_val_00004782_rank233,268,268,0.76082,0
ILSVRC2012_val_00000389_with_ILSVRC2012_val_00032391_rank626,585,585,0.63645,0
ILSVRC2012_val_00000389_with_ILSVRC2012_val_00024318_rank193,436,436,0.88105,0
ILSVRC2012_val_00000389_with_ILSVRC2012_val_00022577_rank727,856,856,0.3711,0
ILSVRC2012_val_00000389_with_ILSVRC2012_val_00034966_rank505,882,882,0.3255,0
ILSVRC2012_val_00000389_with_ILSVRC2012_val_00036352_rank601,482,482,0.47847,0
ILSVRC2012_val_00000389_with_ILSVRC2012_val_00040586_rank588,115,115,0.17994,0
ILSVRC2012_val_00000389_with_ILSVRC2012_val_00007902_rank779,630,637,0.1645,332
ILSVRC2012_val_00000389_with_ILSVRC2012_val_00023644_rank392,862,129,0.36211,248
ILSVRC2012_val_00000389_with_ILSVRC2012_val_00017051_rank625,831,637,0.16666,834
ILSVRC2012_val_00000389_with_ILSVRC2012_val_00038192_rank053,19,19,0.82015,0
ILSVRC2012_val_00000389_with_ILSVRC2012_val_00003016_rank528,555,555,0.57199,0
ILSVRC2012_val_00000389_with_ILSVRC2012_val_00007891_rank679,302,306,0.28825,7
ILSVRC2012_val_00000389_with_ILSVRC2012_val_00045251_rank284,339,912,0.22484,18
ILSVRC2012_val_00000389_with_ILSVRC2012_val_00042554_rank392,862,127,0.08557,262
ILSVRC2012_val_00000389_with_ILSVRC2012_val_00014384_rank670,940,940,0.61319,0
ILSVRC2012_val_00000389_with_ILSVRC2012_val_00016130_rank738,265,267,0.71637,2
ILSVRC2012_val_00000389_with_ILSVRC2012_val_00033017_rank738,265,266,0.48966,1
ILSVRC2012_val_00000389_with_ILSVRC2012_val_00012288_rank771,218,218,0.82298,0
ILSVRC2012_val_00000389_with_ILSVRC2012_val_00021063_rank008,144,21,0.53752,19
ILSVRC2012_val_00000389_with_ILSVRC2012_val_00028756_rank211,576,913,0.75076,38
ILSVRC2012_val_00000389_with_ILSVRC2012_val_00047447_rank746,881,579,0.48934,1
ILSVRC2012_val_00000389_with_ILSVRC2012_val_00013029_rank613,987,950,0.85489,23
ILSVRC2012_val_00000389_with_ILSVRC2012_val_00040364_rank153,437,437,0.80457,0
ILSVRC2012_val_00000389_with_ILSVRC2012_val_00017362_rank802,939,939,0.85646,0
ILSVRC2012_val_00000389_with_ILSVRC2012_val_00045793_rank323,695,695,0.26811,0
ILSVRC2012_val_00000389_with_ILSVRC2012_val_00021229_rank285,180,180,0.7531,0
ILSVRC2012_val_00000389_with_ILSVRC2012_val_00014695_rank897,539,539,0.76248,0
ILSVRC2012_val_00000389_with_ILSVRC2012_val_00040912_rank866,650,733,0.07639,79
ILSVRC2012_val_00000389_with_ILSVRC2012_val_00033792_rank637,675,675,0.63523,0
ILSVRC2012_val_00000389_with_ILSVRC2012_val_00045916_rank369,814,814,0.8382,0
ILSVRC2012_val_00000389_with_ILSVRC2012_val_00026169_rank609,501,885,0.13003,10
ILSVRC2012_val_00000389_with_ILSVRC2012_val_00038342_rank748,67,67,0.90401,0
ILSVRC2012_val_00000389_with_ILSVRC2012_val_00017937_rank434,214,214,0.7917,0
ILSVRC2012_val_00000389_with_ILSVRC2012_val_00012174_rank867,784,670,0.20532,440
ILSVRC2012_val_00000389_with_ILSVRC2012_val_00020691_rank120,985,985,0.71368,0
ILSVRC2012_val_00000389_with_ILSVRC2012_val_00000357_rank314,627,627,0.90476,0
ILSVRC2012_val_00000389_with_ILSVRC2012_val_00026823_rank393,329,913,0.16023,52
ILSVRC2012_val_00000389_with_ILSVRC2012_val_00008148_rank958,220,220,0.85806,0
ILSVRC2012_val_00000389_with_ILSVRC2012_val_00044067_rank725,622,637,0.13812,92
ILSVRC2012_val_00000389_with_ILSVRC2012_val_00048764_rank298,389,389,0.81926,0
ILSVRC2012_val_00000389_with_ILSVRC2012_val_00044112_rank543,61,62,0.51839,1
ILSVRC2012_val_00000389_with_ILSVRC2012_val_00035152_rank844,651,410,0.54758,143
ILSVRC2012_val_00000389_with_ILSVRC2012_val_00034564_rank585,903,903,0.30884,0
ILSVRC2012_val_00000389_with_ILSVRC2012_val_00024430_rank410,829,829,0.75708,0
ILSVRC2012_val_00000389_with_ILSVRC2012_val_00048091_rank141,313,132,0.32625,144
ILSVRC2012_val_00000389_with_ILSVRC2012_val_00045377_rank689,890,747,0.48312,24
ILSVRC2012_val_00000389_with_ILSVRC2012_val_00027963_rank586,219,217,0.20555,2
ILSVRC2012_val_00000389_with_ILSVRC2012_val_00007429_rank340,300,300,0.72088,0
ILSVRC2012_val_00000389_with_ILSVRC2012_val_00019706_rank1000,543,448,0.24119,869
ILSVRC2012_val_00000389_with_ILSVRC2012_val_00049062_rank144,404,908,0.34946,1
ILSVRC2012_val_00000389_with_ILSVRC2012_val_00027819_rank566,354,354,0.84922,0
ILSVRC2012_val_00000389_with_ILSVRC2012_val_00034689_rank095,958,958,0.82809,0
ILSVRC2012_val_00000389_with_ILSVRC2012_val_00040037_rank670,940,940,0.32619,0
ILSVRC2012_val_00000389_with_ILSVRC2012_val_00001686_rank721,264,264,0.74765,0
ILSVRC2012_val_00000389_with_ILSVRC2012_val_00049217_rank909,105,105,0.7656,0
ILSVRC2012_val_00000389_with_ILSVRC2012_val_00039959_rank807,725,725,0.72808,0
ILSVRC2012_val_00000389_with_ILSVRC2012_val_00014188_rank579,962,962,0.35696,0
ILSVRC2012_val_00000389_with_ILSVRC2012_val_00011589_rank093,324,324,0.79403,0
ILSVRC2012_val_00000389_with_ILSVRC2012_val_00020497_rank429,880,880,0.75634,0
ILSVRC2012_val_00000389_with_ILSVRC2012_val_00031916_rank182,369,369,0.50197,0
ILSVRC2012_val_00000389_with_ILSVRC2012_val_00026032_rank499,417,701,0.37327,1
ILSVRC2012_val_00000389_with_ILSVRC2012_val_00030792_rank679,302,302,0.6418,0
ILSVRC2012_val_00000389_with_ILSVRC2012_val_00003736_rank905,558,448,0.22154,103
ILSVRC2012_val_00000389_with_ILSVRC2012_val_00005687_rank778,190,190,0.81462,0
ILSVRC2012_val_00000389_with_ILSVRC2012_val_00047919_rank721,264,264,0.73801,0
ILSVRC2012_val_00000389_with_ILSVRC2012_val_00015170_rank247,363,0,0.06154,108
ILSVRC2012_val_00000389_with_ILSVRC2012_val_00035450_rank275,27,27,0.77584,0
ILSVRC2012_val_00000389_with_ILSVRC2012_val_00007419_rank087,271,271,0.80614,0
ILSVRC2012_val_00000389_with_ILSVRC2012_val_00025154_rank592,990,990,0.8867,0
ILSVRC2012_val_00000389_with_ILSVRC2012_val_00022604_rank823,772,456,0.33272,92
ILSVRC2012_val_00000389_with_ILSVRC2012_val_00027233_rank310,279,385,0.30189,281
ILSVRC2012_val_00000389_with_ILSVRC2012_val_00037870_rank067,946,946,0.80534,0
ILSVRC2012_val_00000389_with_ILSVRC2012_val_00029652_rank271,201,201,0.7632,0
ILSVRC2012_val_00000389_with_ILSVRC2012_val_00048854_rank213,533,533,0.85495,0
ILSVRC2012_val_00000389_with_ILSVRC2012_val_00034110_rank388,213,213,0.8518,0
ILSVRC2012_val_00000389_with_ILSVRC2012_val_00034703_rank500,957,957,0.87117,0
ILSVRC2012_val_00000389_with_ILSVRC2012_val_00033162_rank066,85,85,0.82321,0
ILSVRC2012_val_00000389_with_ILSVRC2012_val_00039389_rank011,135,135,0.82448,0
ILSVRC2012_val_00000389_with_ILSVRC2012_val_00034162_rank384,924,924,0.7831,0
ILSVRC2012_val_00000389_with_ILSVRC2012_val_00011054_rank348,612,612,0.64238,0
ILSVRC2012_val_00000389_with_ILSVRC2012_val_00008907_rank599,103,103,0.76362,0
ILSVRC2012_val_00000389_with_ILSVRC2012_val_00031556_rank996,753,753,0.71465,0
ILSVRC2012_val_00000389_with_ILSVRC2012_val_00009303_rank545,368,368,0.77047,0
ILSVRC2012_val_00000389_with_ILSVRC2012_val_00009249_rank816,659,659,0.49123,0
ILSVRC2012_val_00000389_with_ILSVRC2012_val_00029729_rank739,593,593,0.83091,0
ILSVRC2012_val_00000389_with_ILSVRC2012_val_00042363_rank103,449,410,0.84794,51
ILSVRC2012_val_00000389_with_ILSVRC2012_val_00013012_rank642,752,472,0.32152,129
ILSVRC2012_val_00000389_with_ILSVRC2012_val_00026360_rank162,989,989,0.36267,0
ILSVRC2012_val_00000389_with_ILSVRC2012_val_00016779_rank980,34,21,0.79136,337
ILSVRC2012_val_00000389_with_ILSVRC2012_val_00047900_rank339,693,693,0.38914,0
ILSVRC2012_val_00000389_with_ILSVRC2012_val_00019475_rank781,604,604,0.75711,0
ILSVRC2012_val_00000389_with_ILSVRC2012_val_00020476_rank475,111,390,0.40587,12
ILSVRC2012_val_00000389_with_ILSVRC2012_val_00048333_rank843,154,154,0.74127,0
ILSVRC2012_val_00000389_with_ILSVRC2012_val_00007152_rank225,311,311,0.73962,0
ILSVRC2012_val_00000389_with_ILSVRC2012_val_00001374_rank549,945,945,0.81407,0
ILSVRC2012_val_00000389_with_ILSVRC2012_val_00020102_rank940,899,505,0.45967,3
ILSVRC2012_val_00000389_with_ILSVRC2012_val_00002274_rank960,722,722,0.53864,0
ILSVRC2012_val_00000389_with_ILSVRC2012_val_00045990_rank315,920,637,0.56699,26
ILSVRC2012_val_00000389_with_ILSVRC2012_val_00041171_rank020,136,136,0.69908,0
ILSVRC2012_val_00000389_with_ILSVRC2012_val_00042788_rank013,23,23,0.73915,0
ILSVRC2012_val_00000389_with_ILSVRC2012_val_00033071_rank992,438,975,0.1225,887
ILSVRC2012_val_00000389_with_ILSVRC2012_val_00018190_rank102,895,895,0.35774,0
ILSVRC2012_val_00000389_with_ILSVRC2012_val_00046077_rank059,102,102,0.82557,0
ILSVRC2012_val_00000389_with_ILSVRC2012_val_00031102_rank382,518,518,0.29294,0
ILSVRC2012_val_00000389_with_ILSVRC2012_val_00042193_rank014,133,133,0.83177,0
ILSVRC2012_val_00000389_with_ILSVRC2012_val_00002633_rank024,141,141,0.83623,0
ILSVRC2012_val_00000389_with_ILSVRC2012_val_00004434_rank127,173,173,0.79556,0
ILSVRC2012_val_00000389_with_ILSVRC2012_val_00019797_rank508,41,41,0.47749,0
ILSVRC2012_val_00000389_with_ILSVRC2012_val_00008110_rank339,693,693,0.58657,0
ILSVRC2012_val_00000389_with_ILSVRC2012_val_00002009_rank358,565,565,0.8034,0
ILSVRC2012_val_00000389_with_ILSVRC2012_val_00040180_rank230,864,864,0.78016,0
ILSVRC2012_val_00000389_with_ILSVRC2012_val_00003457_rank904,763,763,0.8367,0
ILSVRC2012_val_00000389_with_ILSVRC2012_val_00045674_rank559,183,196,0.60266,14
ILSVRC2012_val_00000389_with_ILSVRC2012_val_00003989_rank156,755,755,0.71357,0
ILSVRC2012_val_00000389_with_ILSVRC2012_val_00004574_rank372,394,394,0.81305,0
ILSVRC2012_val_00000389_with_ILSVRC2012_val_00040084_rank701,597,461,0.28194,16
ILSVRC2012_val_00000389_with_ILSVRC2012_val_00040235_rank206,768,768,0.88451,0
ILSVRC2012_val_00000389_with_ILSVRC2012_val_00037413_rank353,120,120,0.58638,0
ILSVRC2012_val_00000389_with_ILSVRC2012_val_00029019_rank325,872,872,0.20476,0
ILSVRC2012_val_00000389_with_ILSVRC2012_val_00045096_rank137,234,234,0.79865,0
ILSVRC2012_val_00000389_with_ILSVRC2012_val_00003815_rank260,780,780,0.72399,0
ILSVRC2012_val_00000389_with_ILSVRC2012_val_00014059_rank200,327,327,0.80233,0
ILSVRC2012_val_00000389_with_ILSVRC2012_val_00020300_rank692,611,611,0.86116,0
ILSVRC2012_val_00000389_with_ILSVRC2012_val_00007671_rank330,770,630,0.39011,2
ILSVRC2012_val_00000389_with_ILSVRC2012_val_00034492_rank035,92,95,0.79458,1
ILSVRC2012_val_00000389_with_ILSVRC2012_val_00040683_rank482,796,465,0.6053,10
ILSVRC2012_val_00000389_with_ILSVRC2012_val_00025446_rank177,994,994,0.83642,0
ILSVRC2012_val_00000389_with_ILSVRC2012_val_00020392_rank297,253,253,0.89673,0
ILSVRC2012_val_00000389_with_ILSVRC2012_val_00000333_rank763,254,243,0.43438,2
ILSVRC2012_val_00000389_with_ILSVRC2012_val_00021253_rank352,569,569,0.84227,0
ILSVRC2012_val_00000389_with_ILSVRC2012_val_00034841_rank440,617,975,0.14372,723
ILSVRC2012_val_00000389_with_ILSVRC2012_val_00026050_rank032,22,22,0.82019,0
ILSVRC2012_val_00000389_with_ILSVRC2012_val_00024935_rank445,203,203,0.65236,0
ILSVRC2012_val_00000389_with_ILSVRC2012_val_00017000_rank685,550,550,0.78571,0
ILSVRC2012_val_00000389_with_ILSVRC2012_val_00016415_rank468,345,345,0.64781,0
ILSVRC2012_val_00000389_with_ILSVRC2012_val_00000867_rank738,265,194,0.24506,21
ILSVRC2012_val_00000389_with_ILSVRC2012_val_00004148_rank397,166,167,0.16662,1
ILSVRC2012_val_00000389_with_ILSVRC2012_val_00015023_rank253,372,372,0.80847,0
ILSVRC2012_val_00000389_with_ILSVRC2012_val_00045773_rank206,768,805,0.13314,1
ILSVRC2012_val_00000389_with_ILSVRC2012_val_00039777_rank283,294,294,0.51013,0
ILSVRC2012_val_00000389_with_ILSVRC2012_val_00023033_rank152,298,362,0.35885,18
ILSVRC2012_val_00000389_with_ILSVRC2012_val_00044778_rank940,899,463,0.89781,10
ILSVRC2012_val_00000389_with_ILSVRC2012_val_00022308_rank980,34,34,0.73273,0
ILSVRC2012_val_00000389_with_ILSVRC2012_val_00043018_rank546,106,344,0.63625,19
ILSVRC2012_val_00000389_with_ILSVRC2012_val_00035291_rank860,599,599,0.71386,0
ILSVRC2012_val_00000389_with_ILSVRC2012_val_00004490_rank290,874,705,0.58382,3
ILSVRC2012_val_00000389_with_ILSVRC2012_val_00020362_rank283,294,294,0.81632,0
ILSVRC2012_val_00000389_with_ILSVRC2012_val_00022682_rank354,192,183,0.27596,66
ILSVRC2012_val_00000389_with_ILSVRC2012_val_00019038_rank051,15,15,0.78057,0
ILSVRC2012_val_00000389_with_ILSVRC2012_val_00025568_rank940,899,725,0.61075,1
ILSVRC2012_val_00000389_with_ILSVRC2012_val_00039290_rank953,584,975,0.18873,577
ILSVRC2012_val_00000389_with_ILSVRC2012_val_00035315_rank723,160,160,0.82511,0
ILSVRC2012_val_00000389_with_ILSVRC2012_val_00042297_rank666,901,901,0.83463,0
ILSVRC2012_val_00000389_with_ILSVRC2012_val_00027850_rank747,613,447,0.14045,64
ILSVRC2012_val_00000389_with_ILSVRC2012_val_00041973_rank939,826,826,0.63201,0
ILSVRC2012_val_00000389_with_ILSVRC2012_val_00029529_rank375,871,871,0.77001,0
ILSVRC2012_val_00000389_with_ILSVRC2012_val_00009782_rank535,398,398,0.78948,0
ILSVRC2012_val_00000389_with_ILSVRC2012_val_00006242_rank800,244,244,0.75625,0
ILSVRC2012_val_00000389_with_ILSVRC2012_val_00017403_rank189,425,449,0.71271,1
ILSVRC2012_val_00000389_with_ILSVRC2012_val_00019507_rank540,435,472,0.41512,78
ILSVRC2012_val_00000389_with_ILSVRC2012_val_00036685_rank931,854,854,0.67905,0
ILSVRC2012_val_00000389_with_ILSVRC2012_val_00013094_rank169,211,209,0.55293,6
ILSVRC2012_val_00000389_with_ILSVRC2012_val_00001287_rank1000,543,632,0.17251,64
ILSVRC2012_val_00000389_with_ILSVRC2012_val_00019223_rank276,672,672,0.84612,0
ILSVRC2012_val_00000389_with_ILSVRC2012_val_00033082_rank358,565,565,0.52709,0
ILSVRC2012_val_00000389_with_ILSVRC2012_val_00005258_rank434,214,214,0.78442,0
ILSVRC2012_val_00000389_with_ILSVRC2012_val_00020198_rank360,335,335,0.90361,0
ILSVRC2012_val_00000389_with_ILSVRC2012_val_00042346_rank627,76,76,0.85304,0
ILSVRC2012_val_00000389_with_ILSVRC2012_val_00037973_rank894,121,121,0.8373,0
ILSVRC2012_val_00000389_with_ILSVRC2012_val_00024987_rank389,384,105,0.83279,6
ILSVRC2012_val_00000389_with_ILSVRC2012_val_00011177_rank001,134,134,0.81908,0
ILSVRC2012_val_00000389_with_ILSVRC2012_val_00047427_rank210,578,578,0.31938,0
ILSVRC2012_val_00000389_with_ILSVRC2012_val_00008175_rank036,375,375,0.76121,0
ILSVRC2012_val_00000389_with_ILSVRC2012_val_00014363_rank250,287,287,0.74406,0
ILSVRC2012_val_00000389_with_ILSVRC2012_val_00042889_rank582,114,344,0.11817,425
ILSVRC2012_val_00000389_with_ILSVRC2012_val_00013563_rank645,221,221,0.7545,0
ILSVRC2012_val_00000389_with_ILSVRC2012_val_00001213_rank068,24,24,0.84296,0
ILSVRC2012_val_00000389_with_ILSVRC2012_val_00043215_rank257,649,649,0.81665,0
ILSVRC2012_val_00000389_with_ILSVRC2012_val_00041987_rank118,215,215,0.47463,0
ILSVRC2012_val_00000389_with_ILSVRC2012_val_00023848_rank478,948,943,0.56602,4
ILSVRC2012_val_00000389_with_ILSVRC2012_val_00015816_rank219,716,718,0.52455,38
ILSVRC2012_val_00000389_with_ILSVRC2012_val_00017916_rank053,19,19,0.85977,0
ILSVRC2012_val_00000389_with_ILSVRC2012_val_00033884_rank105,269,269,0.75026,0
ILSVRC2012_val_00000389_with_ILSVRC2012_val_00017554_rank808,224,224,0.88956,0
ILSVRC2012_val_00000389_with_ILSVRC2012_val_00026052_rank148,657,744,0.34006,1
ILSVRC2012_val_00000389_with_ILSVRC2012_val_00021050_rank375,871,871,0.5819,0
ILSVRC2012_val_00000389_with_ILSVRC2012_val_00015129_rank178,410,410,0.91931,0
ILSVRC2012_val_00000389_with_ILSVRC2012_val_00047376_rank941,686,622,0.19107,48
ILSVRC2012_val_00000389_with_ILSVRC2012_val_00018649_rank096,167,167,0.69823,0
ILSVRC2012_val_00000389_with_ILSVRC2012_val_00009402_rank908,502,693,0.41979,80
ILSVRC2012_val_00000389_with_ILSVRC2012_val_00033193_rank292,964,964,0.83236,0
ILSVRC2012_val_00000389_with_ILSVRC2012_val_00042731_rank107,273,273,0.77886,0
ILSVRC2012_val_00000389_with_ILSVRC2012_val_00005204_rank327,812,812,0.79012,0
ILSVRC2012_val_00000389_with_ILSVRC2012_val_00005143_rank544,937,937,0.71189,0
ILSVRC2012_val_00000389_with_ILSVRC2012_val_00020548_rank991,777,703,0.30045,545
ILSVRC2012_val_00000389_with_ILSVRC2012_val_00011392_rank851,923,923,0.73433,0
ILSVRC2012_val_00000389_with_ILSVRC2012_val_00045937_rank139,251,251,0.84171,0
ILSVRC2012_val_00000389_with_ILSVRC2012_val_00041910_rank558,403,403,0.72197,0
ILSVRC2012_val_00000389_with_ILSVRC2012_val_00034983_rank424,388,388,0.79412,0
ILSVRC2012_val_00000389_with_ILSVRC2012_val_00042101_rank880,540,540,0.45645,0
ILSVRC2012_val_00000389_with_ILSVRC2012_val_00015367_rank537,910,913,0.34595,532
ILSVRC2012_val_00000389_with_ILSVRC2012_val_00039410_rank975,811,811,0.34831,0
ILSVRC2012_val_00000389_with_ILSVRC2012_val_00039496_rank885,929,929,0.78037,0
ILSVRC2012_val_00000389_with_ILSVRC2012_val_00038871_rank531,983,983,0.68677,0
ILSVRC2012_val_00000389_with_ILSVRC2012_val_00010500_rank453,249,249,0.87871,0
ILSVRC2012_val_00000389_with_ILSVRC2012_val_00017313_rank107,273,273,0.292,0
ILSVRC2012_val_00000389_with_ILSVRC2012_val_00043178_rank067,946,946,0.79855,0
ILSVRC2012_val_00000389_with_ILSVRC2012_val_00013278_rank763,254,254,0.7361,0
ILSVRC2012_val_00000389_with_ILSVRC2012_val_00022927_rank187,554,595,0.60531,39
ILSVRC2012_val_00000389_with_ILSVRC2012_val_00034416_rank219,716,716,0.85949,0
ILSVRC2012_val_00000389_with_ILSVRC2012_val_00030388_rank472,640,640,0.65361,0
ILSVRC2012_val_00000389_with_ILSVRC2012_val_00004022_rank414,998,941,0.82759,31
ILSVRC2012_val_00000389_with_ILSVRC2012_val_00044475_rank123,55,55,0.79931,0
ILSVRC2012_val_00000389_with_ILSVRC2012_val_00002303_rank958,220,294,0.2731,31
ILSVRC2012_val_00000389_with_ILSVRC2012_val_00013470_rank916,402,402,0.85428,0
ILSVRC2012_val_00000389_with_ILSVRC2012_val_00037535_rank058,370,370,0.77231,0
ILSVRC2012_val_00000389_with_ILSVRC2012_val_00002444_rank032,22,22,0.82993,0
ILSVRC2012_val_00000389_with_ILSVRC2012_val_00002851_rank851,923,922,0.35198,25
ILSVRC2012_val_00000389_with_ILSVRC2012_val_00040400_rank586,219,219,0.74932,0
ILSVRC2012_val_00000389_with_ILSVRC2012_val_00019989_rank509,73,73,0.57422,0
ILSVRC2012_val_00000389_with_ILSVRC2012_val_00028755_rank391,255,255,0.84275,0
ILSVRC2012_val_00000389_with_ILSVRC2012_val_00033804_rank767,867,867,0.83477,0
ILSVRC2012_val_00000389_with_ILSVRC2012_val_00013095_rank030,21,21,0.76108,0
ILSVRC2012_val_00000389_with_ILSVRC2012_val_00029739_rank682,515,515,0.71206,0
ILSVRC2012_val_00000389_with_ILSVRC2012_val_00029169_rank342,6,879,0.14728,303
ILSVRC2012_val_00000389_with_ILSVRC2012_val_00011356_rank280,171,172,0.68728,1
ILSVRC2012_val_00000389_with_ILSVRC2012_val_00027699_rank454,256,256,0.8633,0
ILSVRC2012_val_00000389_with_ILSVRC2012_val_00006957_rank800,244,244,0.78037,0
ILSVRC2012_val_00000389_with_ILSVRC2012_val_00021345_rank019,84,84,0.82664,0
ILSVRC2012_val_00000389_with_ILSVRC2012_val_00004480_rank996,753,753,0.58162,0
ILSVRC2012_val_00000389_with_ILSVRC2012_val_00024061_rank825,961,472,0.69531,710
ILSVRC2012_val_00000389_with_ILSVRC2012_val_00011798_rank430,168,163,0.59194,4
ILSVRC2012_val_00000389_with_ILSVRC2012_val_00013394_rank370,35,35,0.71713,0
ILSVRC2012_val_00000389_with_ILSVRC2012_val_00045719_rank610,520,516,0.19772,1
ILSVRC2012_val_00000389_with_ILSVRC2012_val_00032715_rank542,705,517,0.17217,102
ILSVRC2012_val_00000389_with_ILSVRC2012_val_00026951_rank854,931,931,0.48649,0
ILSVRC2012_val_00000389_with_ILSVRC2012_val_00015926_rank036,375,370,0.38791,1
ILSVRC2012_val_00000389_with_ILSVRC2012_val_00044081_rank499,417,417,0.87136,0
ILSVRC2012_val_00000389_with_ILSVRC2012_val_00007700_rank016,100,100,0.76803,0
ILSVRC2012_val_00000389_with_ILSVRC2012_val_00032967_rank598,671,671,0.92363,0
ILSVRC2012_val_00000389_with_ILSVRC2012_val_00001607_rank341,65,65,0.58593,0
ILSVRC2012_val_00000389_with_ILSVRC2012_val_00030621_rank561,795,132,0.24753,519
ILSVRC2012_val_00000389_with_ILSVRC2012_val_00024169_rank403,175,175,0.36421,0
ILSVRC2012_val_00000389_with_ILSVRC2012_val_00013320_rank787,892,409,0.78293,1
ILSVRC2012_val_00000389_with_ILSVRC2012_val_00039553_rank334,282,282,0.47794,0
ILSVRC2012_val_00000389_with_ILSVRC2012_val_00015069_rank123,55,84,0.23168,113
ILSVRC2012_val_00000389_with_ILSVRC2012_val_00031857_rank981,235,235,0.20951,0
ILSVRC2012_val_00000389_with_ILSVRC2012_val_00025879_rank976,122,122,0.85343,0
ILSVRC2012_val_00000389_with_ILSVRC2012_val_00001429_rank855,745,745,0.59225,0
ILSVRC2012_val_00000389_with_ILSVRC2012_val_00006955_rank926,865,850,0.71943,7
ILSVRC2012_val_00000389_with_ILSVRC2012_val_00037956_rank809,677,596,0.68432,8
ILSVRC2012_val_00000389_with_ILSVRC2012_val_00004680_rank794,824,735,0.25126,1
ILSVRC2012_val_00000389_with_ILSVRC2012_val_00028388_rank948,422,422,0.7796,0
ILSVRC2012_val_00000389_with_ILSVRC2012_val_00010912_rank258,992,992,0.63817,0
ILSVRC2012_val_00000389_with_ILSVRC2012_val_00018498_rank686,629,211,0.29486,768
ILSVRC2012_val_00000389_with_ILSVRC2012_val_00002052_rank142,16,16,0.77782,0
ILSVRC2012_val_00000389_with_ILSVRC2012_val_00041991_rank808,224,224,0.45923,0
ILSVRC2012_val_00000389_with_ILSVRC2012_val_00025032_rank741,741,741,0.37642,0
ILSVRC2012_val_00000389_with_ILSVRC2012_val_00046809_rank600,781,975,0.38565,263
ILSVRC2012_val_00000389_with_ILSVRC2012_val_00028476_rank812,645,913,0.39064,433
ILSVRC2012_val_00000389_with_ILSVRC2012_val_00013836_rank603,852,752,0.74625,1
ILSVRC2012_val_00000389_with_ILSVRC2012_val_00038280_rank199,242,179,0.63179,3
ILSVRC2012_val_00000389_with_ILSVRC2012_val_00034480_rank357,718,536,0.30008,4
ILSVRC2012_val_00000389_with_ILSVRC2012_val_00036549_rank920,676,676,0.76392,0
ILSVRC2012_val_00000389_with_ILSVRC2012_val_00006654_rank498,602,975,0.13418,521
ILSVRC2012_val_00000389_with_ILSVRC2012_val_00014288_rank247,363,363,0.85732,0
ILSVRC2012_val_00000389_with_ILSVRC2012_val_00007070_rank955,469,469,0.84334,0
ILSVRC2012_val_00000389_with_ILSVRC2012_val_00035451_rank100,72,72,0.47903,0
ILSVRC2012_val_00000389_with_ILSVRC2012_val_00007454_rank810,117,117,0.8069,0
ILSVRC2012_val_00000389_with_ILSVRC2012_val_00010167_rank857,775,735,0.60318,16
ILSVRC2012_val_00000389_with_ILSVRC2012_val_00018626_rank045,82,82,0.74516,0
ILSVRC2012_val_00000389_with_ILSVRC2012_val_00028879_rank347,652,649,0.17596,213
ILSVRC2012_val_00000389_with_ILSVRC2012_val_00043849_rank755,797,797,0.85179,0
ILSVRC2012_val_00000389_with_ILSVRC2012_val_00001180_rank893,715,715,0.81229,0
ILSVRC2012_val_00000389_with_ILSVRC2012_val_00029379_rank815,541,427,0.08266,8
ILSVRC2012_val_00000389_with_ILSVRC2012_val_00043650_rank212,698,913,0.26845,123
ILSVRC2012_val_00000389_with_ILSVRC2012_val_00036660_rank369,814,625,0.18752,1
ILSVRC2012_val_00000389_with_ILSVRC2012_val_00014445_rank928,546,546,0.72288,0
ILSVRC2012_val_00000389_with_ILSVRC2012_val_00016354_rank750,283,283,0.85424,0
ILSVRC2012_val_00000389_with_ILSVRC2012_val_00025306_rank640,767,767,0.28579,0
ILSVRC2012_val_00000389_with_ILSVRC2012_val_00044131_rank410,829,829,0.76659,0
ILSVRC2012_val_00000389_with_ILSVRC2012_val_00005980_rank197,668,668,0.78721,0
ILSVRC2012_val_00000389_with_ILSVRC2012_val_00000679_rank569,78,78,0.77497,0
ILSVRC2012_val_00000389_with_ILSVRC2012_val_00028415_rank442,396,144,0.11931,107
ILSVRC2012_val_00000389_with_ILSVRC2012_val_00027780_rank163,225,225,0.78222,0
ILSVRC2012_val_00000389_with_ILSVRC2012_val_00002057_rank602,822,472,0.32967,263
ILSVRC2012_val_00000389_with_ILSVRC2012_val_00008487_rank138,204,185,0.12657,21
ILSVRC2012_val_00000389_with_ILSVRC2012_val_00048483_rank686,629,629,0.80369,0
ILSVRC2012_val_00000389_with_ILSVRC2012_val_00024032_rank533,934,934,0.64419,0
ILSVRC2012_val_00000389_with_ILSVRC2012_val_00041453_rank973,747,747,0.83805,0
ILSVRC2012_val_00000389_with_ILSVRC2012_val_00014195_rank220,397,397,0.68639,0
ILSVRC2012_val_00000389_with_ILSVRC2012_val_00031865_rank278,274,274,0.49533,0
ILSVRC2012_val_00000389_with_ILSVRC2012_val_00031376_rank578,605,605,0.75264,0
ILSVRC2012_val_00000389_with_ILSVRC2012_val_00034709_rank195,704,704,0.68962,0
ILSVRC2012_val_00000389_with_ILSVRC2012_val_00048228_rank277,863,863,0.83827,0
ILSVRC2012_val_00000389_with_ILSVRC2012_val_00021551_rank380,907,409,0.54229,268
ILSVRC2012_val_00000389_with_ILSVRC2012_val_00044470_rank790,418,472,0.34133,691
ILSVRC2012_val_00000389_with_ILSVRC2012_val_00029153_rank543,61,211,0.29109,239
ILSVRC2012_val_00000389_with_ILSVRC2012_val_00005453_rank957,446,449,0.32707,469
ILSVRC2012_val_00000389_with_ILSVRC2012_val_00014578_rank094,371,371,0.77208,0
ILSVRC2012_val_00000389_with_ILSVRC2012_val_00010645_rank063,383,383,0.7537,0
ILSVRC2012_val_00000389_with_ILSVRC2012_val_00025550_rank346,158,215,0.12034,25
ILSVRC2012_val_00000389_with_ILSVRC2012_val_00046376_rank826,507,507,0.63331,0
ILSVRC2012_val_00000389_with_ILSVRC2012_val_00010934_rank889,414,414,0.78068,0
ILSVRC2012_val_00000389_with_ILSVRC2012_val_00008357_rank108,275,275,0.73345,0
ILSVRC2012_val_00000389_with_ILSVRC2012_val_00028849_rank002,132,132,0.66798,0
ILSVRC2012_val_00000389_with_ILSVRC2012_val_00033357_rank391,255,255,0.80229,0
ILSVRC2012_val_00000389_with_ILSVRC2012_val_00016025_rank905,558,733,0.15178,89
ILSVRC2012_val_00000389_with_ILSVRC2012_val_00043722_rank220,397,397,0.85072,0
ILSVRC2012_val_00000389_with_ILSVRC2012_val_00032888_rank995,487,475,0.86533,54
ILSVRC2012_val_00000389_with_ILSVRC2012_val_00006185_rank921,333,333,0.76019,0
ILSVRC2012_val_00000389_with_ILSVRC2012_val_00039767_rank117,374,368,0.78895,4
ILSVRC2012_val_00000389_with_ILSVRC2012_val_00049004_rank413,177,177,0.82263,0
ILSVRC2012_val_00000389_with_ILSVRC2012_val_00043239_rank809,677,677,0.81629,0
ILSVRC2012_val_00000389_with_ILSVRC2012_val_00001430_rank692,611,611,0.80438,0
ILSVRC2012_val_00000389_with_ILSVRC2012_val_00021561_rank472,640,640,0.6567,0
ILSVRC2012_val_00000389_with_ILSVRC2012_val_00022482_rank373,56,56,0.65949,0
ILSVRC2012_val_00000389_with_ILSVRC2012_val_00027502_rank823,772,772,0.82835,0
ILSVRC2012_val_00000389_with_ILSVRC2012_val_00016847_rank632,679,671,0.20446,686
ILSVRC2012_val_00000389_with_ILSVRC2012_val_00004321_rank538,933,933,0.76208,0
ILSVRC2012_val_00000389_with_ILSVRC2012_val_00018073_rank393,329,329,0.13994,0
ILSVRC2012_val_00000389_with_ILSVRC2012_val_00013525_rank353,120,120,0.78962,0
ILSVRC2012_val_00000389_with_ILSVRC2012_val_00023585_rank458,689,842,0.37927,65
ILSVRC2012_val_00000389_with_ILSVRC2012_val_00003779_rank552,751,609,0.89911,33
ILSVRC2012_val_00000389_with_ILSVRC2012_val_00009347_rank778,190,190,0.86711,0
ILSVRC2012_val_00000389_with_ILSVRC2012_val_00010627_rank285,180,180,0.7147,0
ILSVRC2012_val_00000389_with_ILSVRC2012_val_00014927_rank112,46,47,0.83749,7
ILSVRC2012_val_00000389_with_ILSVRC2012_val_00045896_rank372,394,178,0.38966,31
ILSVRC2012_val_00000389_with_ILSVRC2012_val_00020750_rank640,767,472,0.78174,474
ILSVRC2012_val_00000389_with_ILSVRC2012_val_00013542_rank382,518,518,0.63216,0
ILSVRC2012_val_00000389_with_ILSVRC2012_val_00000943_rank569,78,78,0.78283,0
ILSVRC2012_val_00000389_with_ILSVRC2012_val_00019422_rank646,996,996,0.87071,0
ILSVRC2012_val_00000389_with_ILSVRC2012_val_00049282_rank785,477,477,0.73338,0
ILSVRC2012_val_00000389_with_ILSVRC2012_val_00024402_rank824,587,733,0.84174,72
ILSVRC2012_val_00000389_with_ILSVRC2012_val_00014243_rank812,645,645,0.66349,0
ILSVRC2012_val_00000389_with_ILSVRC2012_val_00049817_rank715,658,658,0.7083,0
ILSVRC2012_val_00000389_with_ILSVRC2012_val_00046784_rank679,302,303,0.84422,3
ILSVRC2012_val_00000389_with_ILSVRC2012_val_00031457_rank103,449,449,0.79509,0
ILSVRC2012_val_00000389_with_ILSVRC2012_val_00034453_rank154,913,913,0.88871,0
ILSVRC2012_val_00000389_with_ILSVRC2012_val_00006146_rank234,155,155,0.66275,0
ILSVRC2012_val_00000389_with_ILSVRC2012_val_00007763_rank211,576,127,0.09565,296
ILSVRC2012_val_00000389_with_ILSVRC2012_val_00003641_rank879,666,666,0.79339,0
ILSVRC2012_val_00000389_with_ILSVRC2012_val_00045135_rank062,340,340,0.83046,0
ILSVRC2012_val_00000389_with_ILSVRC2012_val_00040672_rank747,613,613,0.71711,0
ILSVRC2012_val_00000389_with_ILSVRC2012_val_00005369_rank302,296,296,0.80579,0
ILSVRC2012_val_00000389_with_ILSVRC2012_val_00020657_rank329,309,309,0.53991,0
ILSVRC2012_val_00000389_with_ILSVRC2012_val_00018185_rank831,684,472,0.29374,198
ILSVRC2012_val_00000389_with_ILSVRC2012_val_00045487_rank604,193,193,0.61144,0
ILSVRC2012_val_00000389_with_ILSVRC2012_val_00006534_rank190,536,412,0.25368,110
ILSVRC2012_val_00000389_with_ILSVRC2012_val_00032347_rank480,412,412,0.74881,0
ILSVRC2012_val_00000389_with_ILSVRC2012_val_00006195_rank039,8,8,0.67232,0
ILSVRC2012_val_00000389_with_ILSVRC2012_val_00047316_rank916,402,402,0.68713,0
ILSVRC2012_val_00000389_with_ILSVRC2012_val_00022670_rank656,208,208,0.74425,0
ILSVRC2012_val_00000389_with_ILSVRC2012_val_00037635_rank515,440,440,0.75987,0
ILSVRC2012_val_00000389_with_ILSVRC2012_val_00023876_rank997,528,528,0.62978,0
ILSVRC2012_val_00000389_with_ILSVRC2012_val_00002661_rank261,628,628,0.19751,0
ILSVRC2012_val_00000389_with_ILSVRC2012_val_00017663_rank375,871,871,0.8168,0
ILSVRC2012_val_00000389_with_ILSVRC2012_val_00040374_rank323,695,695,0.81611,0
ILSVRC2012_val_00000389_with_ILSVRC2012_val_00009223_rank972,790,851,0.08001,429
ILSVRC2012_val_00000389_with_ILSVRC2012_val_00012098_rank327,812,812,0.76837,0
ILSVRC2012_val_00000389_with_ILSVRC2012_val_00036834_rank531,983,983,0.64766,0
ILSVRC2012_val_00000389_with_ILSVRC2012_val_00043700_rank330,770,630,0.35404,2
ILSVRC2012_val_00000389_with_ILSVRC2012_val_00016825_rank466,973,614,0.52956,396
ILSVRC2012_val_00000389_with_ILSVRC2012_val_00015221_rank847,66,649,0.10917,203
ILSVRC2012_val_00000389_with_ILSVRC2012_val_00027004_rank601,482,482,0.3081,0
ILSVRC2012_val_00000389_with_ILSVRC2012_val_00014641_rank548,776,776,0.59762,0
ILSVRC2012_val_00000389_with_ILSVRC2012_val_00046444_rank213,533,539,0.27575,12
ILSVRC2012_val_00000389_with_ILSVRC2012_val_00042064_rank324,690,603,0.80596,2
ILSVRC2012_val_00000389_with_ILSVRC2012_val_00012835_rank046,343,343,0.80065,0
ILSVRC2012_val_00000389_with_ILSVRC2012_val_00017968_rank428,245,245,0.69528,0
ILSVRC2012_val_00000389_with_ILSVRC2012_val_00009587_rank928,546,448,0.29633,387
ILSVRC2012_val_00000389_with_ILSVRC2012_val_00041491_rank026,353,353,0.79799,0
ILSVRC2012_val_00000389_with_ILSVRC2012_val_00007965_rank749,894,519,0.28566,27
ILSVRC2012_val_00000389_with_ILSVRC2012_val_00045175_rank310,279,258,0.77622,7
ILSVRC2012_val_00000389_with_ILSVRC2012_val_00005822_rank327,812,913,0.37236,120
ILSVRC2012_val_00000389_with_ILSVRC2012_val_00048907_rank066,85,85,0.79905,0
ILSVRC2012_val_00000389_with_ILSVRC2012_val_00031510_rank479,728,728,0.63806,0
ILSVRC2012_val_00000389_with_ILSVRC2012_val_00012819_rank619,47,47,0.85454,0
ILSVRC2012_val_00000389_with_ILSVRC2012_val_00000825_rank017,137,136,0.28543,1
ILSVRC2012_val_00000389_with_ILSVRC2012_val_00021991_rank163,225,225,0.79599,0
ILSVRC2012_val_00000389_with_ILSVRC2012_val_00013972_rank953,584,723,0.81644,12
ILSVRC2012_val_00000389_with_ILSVRC2012_val_00029113_rank814,710,449,0.07286,235
ILSVRC2012_val_00000389_with_ILSVRC2012_val_00032892_rank407,69,69,0.87566,0
ILSVRC2012_val_00000389_with_ILSVRC2012_val_00028459_rank241,152,152,0.77235,0
ILSVRC2012_val_00000389_with_ILSVRC2012_val_00020830_rank511,216,212,0.43866,2
ILSVRC2012_val_00000389_with_ILSVRC2012_val_00009349_rank227,380,347,0.85082,71
ILSVRC2012_val_00000389_with_ILSVRC2012_val_00016411_rank388,213,213,0.83421,0
ILSVRC2012_val_00000389_with_ILSVRC2012_val_00034024_rank430,168,168,0.32942,0
ILSVRC2012_val_00000389_with_ILSVRC2012_val_00046657_rank132,181,181,0.75606,0
ILSVRC2012_val_00000389_with_ILSVRC2012_val_00001896_rank905,558,558,0.17615,0
ILSVRC2012_val_00000389_with_ILSVRC2012_val_00012005_rank220,397,397,0.8021,0
ILSVRC2012_val_00000389_with_ILSVRC2012_val_00035372_rank061,348,342,0.1893,9
ILSVRC2012_val_00000389_with_ILSVRC2012_val_00012166_rank007,138,138,0.8625,0
ILSVRC2012_val_00000389_with_ILSVRC2012_val_00028056_rank930,635,635,0.33331,0
ILSVRC2012_val_00000389_with_ILSVRC2012_val_00035739_rank744,828,828,0.766,0
ILSVRC2012_val_00000389_with_ILSVRC2012_val_00041280_rank732,577,577,0.73686,0
ILSVRC2012_val_00000389_with_ILSVRC2012_val_00021570_rank494,809,809,0.69627,0
ILSVRC2012_val_00000389_with_ILSVRC2012_val_00020589_rank456,239,239,0.53941,0
ILSVRC2012_val_00000389_with_ILSVRC2012_val_00010453_rank910,808,808,0.70594,0
ILSVRC2012_val_00000389_with_ILSVRC2012_val_00039535_rank696,792,792,0.63469,0
ILSVRC2012_val_00000389_with_ILSVRC2012_val_00018862_rank949,206,206,0.83295,0
ILSVRC2012_val_00000389_with_ILSVRC2012_val_00023664_rank840,478,478,0.66527,0
ILSVRC2012_val_00000389_with_ILSVRC2012_val_00023047_rank146,547,547,0.81629,0
ILSVRC2012_val_00000389_with_ILSVRC2012_val_00030788_rank171,557,975,0.1445,64
ILSVRC2012_val_00000389_with_ILSVRC2012_val_00031303_rank626,585,585,0.16014,0
ILSVRC2012_val_00000389_with_ILSVRC2012_val_00021607_rank406,306,306,0.84198,0
ILSVRC2012_val_00000389_with_ILSVRC2012_val_00042966_rank014,133,133,0.87865,0
ILSVRC2012_val_00000389_with_ILSVRC2012_val_00037224_rank959,470,472,0.21796,772
ILSVRC2012_val_00000389_with_ILSVRC2012_val_00021538_rank221,293,293,0.81763,0
ILSVRC2012_val_00000389_with_ILSVRC2012_val_00025194_rank858,594,594,0.806,0
ILSVRC2012_val_00000389_with_ILSVRC2012_val_00002526_rank477,467,913,0.35483,194
ILSVRC2012_val_00000389_with_ILSVRC2012_val_00018654_rank665,169,134,0.19313,675
ILSVRC2012_val_00000389_with_ILSVRC2012_val_00004467_rank755,797,797,0.85298,0
ILSVRC2012_val_00000389_with_ILSVRC2012_val_00015936_rank932,917,701,0.07934,92
ILSVRC2012_val_00000389_with_ILSVRC2012_val_00003447_rank895,492,492,0.74664,0
ILSVRC2012_val_00000389_with_ILSVRC2012_val_00004275_rank793,702,448,0.48461,832
ILSVRC2012_val_00000389_with_ILSVRC2012_val_00018088_rank392,862,975,0.30484,416
ILSVRC2012_val_00000389_with_ILSVRC2012_val_00029580_rank157,74,879,0.43479,937
ILSVRC2012_val_00000389_with_ILSVRC2012_val_00018092_rank013,23,23,0.54584,0
ILSVRC2012_val_00000389_with_ILSVRC2012_val_00039327_rank919,995,995,0.84721,0
ILSVRC2012_val_00000389_with_ILSVRC2012_val_00005662_rank981,235,235,0.80643,0
ILSVRC2012_val_00000389_with_ILSVRC2012_val_00013058_rank761,798,798,0.73374,0
ILSVRC2012_val_00000389_with_ILSVRC2012_val_00034951_rank587,196,196,0.47988,0
ILSVRC2012_val_00000389_with_ILSVRC2012_val_00040330_rank673,512,671,0.27499,301
ILSVRC2012_val_00000389_with_ILSVRC2012_val_00022185_rank061,348,348,0.80907,0
ILSVRC2012_val_00000389_with_ILSVRC2012_val_00003915_rank499,417,417,0.82308,0
ILSVRC2012_val_00000389_with_ILSVRC2012_val_00035882_rank850,534,534,0.81439,0
ILSVRC2012_val_00000389_with_ILSVRC2012_val_00019490_rank897,539,282,0.73184,145
ILSVRC2012_val_00000389_with_ILSVRC2012_val_00018618_rank409,44,39,0.66489,15
ILSVRC2012_val_00000389_with_ILSVRC2012_val_00041061_rank774,930,859,0.49812,20
ILSVRC2012_val_00000389_with_ILSVRC2012_val_00042057_rank882,756,756,0.83303,0
ILSVRC2012_val_00000389_with_ILSVRC2012_val_00024728_rank207,912,912,0.52684,0
ILSVRC2012_val_00000389_with_ILSVRC2012_val_00043970_rank480,412,637,0.61124,2
ILSVRC2012_val_00000389_with_ILSVRC2012_val_00004744_rank271,201,201,0.63664,0
ILSVRC2012_val_00000389_with_ILSVRC2012_val_00038384_rank881,956,956,0.78912,0
ILSVRC2012_val_00000389_with_ILSVRC2012_val_00032485_rank517,935,935,0.46546,0
ILSVRC2012_val_00000389_with_ILSVRC2012_val_00001993_rank825,961,649,0.19447,720
ILSVRC2012_val_00000389_with_ILSVRC2012_val_00015307_rank434,214,214,0.81773,0
ILSVRC2012_val_00000389_with_ILSVRC2012_val_00042116_rank865,514,514,0.85165,0
ILSVRC2012_val_00000389_with_ILSVRC2012_val_00046053_rank370,35,36,0.53886,2
ILSVRC2012_val_00000389_with_ILSVRC2012_val_00041932_rank591,551,551,0.17635,0
ILSVRC2012_val_00000389_with_ILSVRC2012_val_00030376_rank440,617,617,0.3317,0
ILSVRC2012_val_00000389_with_ILSVRC2012_val_00038165_rank535,398,398,0.84891,0
ILSVRC2012_val_00000389_with_ILSVRC2012_val_00042661_rank232,101,101,0.50107,0
ILSVRC2012_val_00000389_with_ILSVRC2012_val_00005235_rank322,873,873,0.87143,0
ILSVRC2012_val_00000389_with_ILSVRC2012_val_00045141_rank398,174,174,0.743,0
ILSVRC2012_val_00000389_with_ILSVRC2012_val_00028203_rank652,530,530,0.68177,0
ILSVRC2012_val_00000389_with_ILSVRC2012_val_00043234_rank401,238,238,0.85647,0
ILSVRC2012_val_00000389_with_ILSVRC2012_val_00045794_rank849,610,610,0.74824,0
ILSVRC2012_val_00000389_with_ILSVRC2012_val_00006905_rank883,731,731,0.44262,0
ILSVRC2012_val_00000389_with_ILSVRC2012_val_00009906_rank464,802,518,0.38298,13
ILSVRC2012_val_00000389_with_ILSVRC2012_val_00025982_rank305,350,350,0.79901,0
ILSVRC2012_val_00000389_with_ILSVRC2012_val_00044521_rank1000,543,471,0.24298,49
ILSVRC2012_val_00000389_with_ILSVRC2012_val_00044125_rank660,821,821,0.82407,0
ILSVRC2012_val_00000389_with_ILSVRC2012_val_00049845_rank313,304,304,0.39168,0
ILSVRC2012_val_00000389_with_ILSVRC2012_val_00022705_rank713,156,156,0.7421,0
ILSVRC2012_val_00000389_with_ILSVRC2012_val_00020367_rank301,207,207,0.80692,0
ILSVRC2012_val_00000389_with_ILSVRC2012_val_00011461_rank136,734,734,0.83458,0
ILSVRC2012_val_00000389_with_ILSVRC2012_val_00021973_rank200,327,327,0.79033,0
ILSVRC2012_val_00000389_with_ILSVRC2012_val_00039188_rank742,151,227,0.26259,13
ILSVRC2012_val_00000389_with_ILSVRC2012_val_00044880_rank709,988,988,0.79298,0
ILSVRC2012_val_00000389_with_ILSVRC2012_val_00016091_rank136,734,734,0.86748,0
ILSVRC2012_val_00000389_with_ILSVRC2012_val_00014048_rank129,791,791,0.19218,0
ILSVRC2012_val_00000389_with_ILSVRC2012_val_00044487_rank917,746,295,0.09229,587
ILSVRC2012_val_00000389_with_ILSVRC2012_val_00006642_rank481,592,592,0.7922,0
ILSVRC2012_val_00000389_with_ILSVRC2012_val_00042310_rank033,93,93,0.79942,0
ILSVRC2012_val_00000389_with_ILSVRC2012_val_00003052_rank946,855,855,0.73297,0
ILSVRC2012_val_00000389_with_ILSVRC2012_val_00026778_rank438,266,267,0.53767,2
ILSVRC2012_val_00000389_with_ILSVRC2012_val_00041645_rank221,293,293,0.79239,0
ILSVRC2012_val_00000389_with_ILSVRC2012_val_00015615_rank584,721,721,0.69179,0
ILSVRC2012_val_00000389_with_ILSVRC2012_val_00043320_rank293,807,807,0.88201,0
ILSVRC2012_val_00000389_with_ILSVRC2012_val_00009143_rank933,641,413,0.09721,576
ILSVRC2012_val_00000389_with_ILSVRC2012_val_00022544_rank786,601,601,0.45058,0
ILSVRC2012_val_00000389_with_ILSVRC2012_val_00033118_rank974,818,595,0.09929,431
ILSVRC2012_val_00000389_with_ILSVRC2012_val_00023226_rank022,140,140,0.80057,0
ILSVRC2012_val_00000389_with_ILSVRC2012_val_00030624_rank871,252,295,0.41586,138
ILSVRC2012_val_00000389_with_ILSVRC2012_val_00025545_rank702,687,687,0.82876,0
ILSVRC2012_val_00000389_with_ILSVRC2012_val_00023880_rank794,824,758,0.29246,989
ILSVRC2012_val_00000389_with_ILSVRC2012_val_00004503_rank050,87,87,0.84865,0
ILSVRC2012_val_00000389_with_ILSVRC2012_val_00029152_rank731,262,179,0.25486,16
ILSVRC2012_val_00000389_with_ILSVRC2012_val_00004825_rank852,465,847,0.21383,21
ILSVRC2012_val_00000389_with_ILSVRC2012_val_00014296_rank060,381,758,0.10421,696
ILSVRC2012_val_00000389_with_ILSVRC2012_val_00016945_rank314,627,627,0.84357,0
ILSVRC2012_val_00000389_with_ILSVRC2012_val_00043046_rank478,948,948,0.79165,0
ILSVRC2012_val_00000389_with_ILSVRC2012_val_00002224_rank765,607,607,0.86579,0
ILSVRC2012_val_00000389_with_ILSVRC2012_val_00018230_rank499,417,417,0.84874,0
ILSVRC2012_val_00000389_with_ILSVRC2012_val_00038186_rank394,291,291,0.63935,0
ILSVRC2012_val_00000389_with_ILSVRC2012_val_00040691_rank685,550,410,0.31302,625
ILSVRC2012_val_00000389_with_ILSVRC2012_val_00014708_rank636,332,258,0.21683,17
ILSVRC2012_val_00000389_with_ILSVRC2012_val_00027049_rank193,436,609,0.79533,8
ILSVRC2012_val_00000389_with_ILSVRC2012_val_00007190_rank350,243,243,0.81347,0
ILSVRC2012_val_00000389_with_ILSVRC2012_val_00040788_rank239,290,290,0.81129,0
ILSVRC2012_val_00000389_with_ILSVRC2012_val_00006586_rank269,236,236,0.8806,0
ILSVRC2012_val_00000389_with_ILSVRC2012_val_00043478_rank835,431,360,0.53489,821
ILSVRC2012_val_00000389_with_ILSVRC2012_val_00047949_rank177,994,913,0.52823,305
ILSVRC2012_val_00000389_with_ILSVRC2012_val_00045718_rank423,230,230,0.57548,0
ILSVRC2012_val_00000389_with_ILSVRC2012_val_00001302_rank401,238,238,0.29971,0
ILSVRC2012_val_00000389_with_ILSVRC2012_val_00041627_rank214,390,390,0.72096,0
ILSVRC2012_val_00000389_with_ILSVRC2012_val_00030199_rank611,191,191,0.86301,0
ILSVRC2012_val_00000389_with_ILSVRC2012_val_00030831_rank445,203,229,0.77749,7
ILSVRC2012_val_00000389_with_ILSVRC2012_val_00028292_rank586,219,219,0.52395,0
ILSVRC2012_val_00000389_with_ILSVRC2012_val_00041270_rank687,413,975,0.08585,970
ILSVRC2012_val_00000389_with_ILSVRC2012_val_00010876_rank556,399,399,0.26805,0
ILSVRC2012_val_00000389_with_ILSVRC2012_val_00023928_rank269,236,236,0.57599,0
ILSVRC2012_val_00000389_with_ILSVRC2012_val_00040920_rank716,754,571,0.81558,83
ILSVRC2012_val_00000389_with_ILSVRC2012_val_00032804_rank144,404,404,0.76965,0
ILSVRC2012_val_00000389_with_ILSVRC2012_val_00040871_rank302,296,296,0.80067,0
ILSVRC2012_val_00000389_with_ILSVRC2012_val_00038585_rank741,741,741,0.85283,0
ILSVRC2012_val_00000389_with_ILSVRC2012_val_00001454_rank379,75,75,0.75587,0
ILSVRC2012_val_00000389_with_ILSVRC2012_val_00034274_rank381,318,318,0.68502,0
ILSVRC2012_val_00000389_with_ILSVRC2012_val_00002749_rank711,261,261,0.80621,0
ILSVRC2012_val_00000389_with_ILSVRC2012_val_00015030_rank105,269,269,0.7761,0
ILSVRC2012_val_00000389_with_ILSVRC2012_val_00013576_rank336,723,723,0.86076,0
ILSVRC2012_val_00000389_with_ILSVRC2012_val_00014755_rank350,243,243,0.83548,0
ILSVRC2012_val_00000389_with_ILSVRC2012_val_00005351_rank603,852,234,0.387,32
ILSVRC2012_val_00000389_with_ILSVRC2012_val_00040860_rank963,633,633,0.43364,0
ILSVRC2012_val_00000389_with_ILSVRC2012_val_00045433_rank360,335,331,0.71556,4
ILSVRC2012_val_00000389_with_ILSVRC2012_val_00041097_rank664,116,701,0.16524,517
ILSVRC2012_val_00000389_with_ILSVRC2012_val_00038160_rank040,12,12,0.71978,0
ILSVRC2012_val_00000389_with_ILSVRC2012_val_00028864_rank400,579,579,0.7413,0
ILSVRC2012_val_00000389_with_ILSVRC2012_val_00024999_rank701,597,597,0.77423,0
ILSVRC2012_val_00000389_with_ILSVRC2012_val_00029313_rank299,248,249,0.90741,2
ILSVRC2012_val_00000389_with_ILSVRC2012_val_00045298_rank747,613,613,0.54118,0
ILSVRC2012_val_00000389_with_ILSVRC2012_val_00012088_rank580,595,595,0.65273,0
ILSVRC2012_val_00000389_with_ILSVRC2012_val_00047050_rank866,650,975,0.30099,758
ILSVRC2012_val_00000389_with_ILSVRC2012_val_00021335_rank068,24,24,0.84077,0
ILSVRC2012_val_00000389_with_ILSVRC2012_val_00049489_rank992,438,438,0.82603,0
ILSVRC2012_val_00000389_with_ILSVRC2012_val_00026053_rank924,878,810,0.482,1
ILSVRC2012_val_00000389_with_ILSVRC2012_val_00020607_rank557,846,494,0.27357,64
ILSVRC2012_val_00000389_with_ILSVRC2012_val_00021124_rank011,135,135,0.86355,0
ILSVRC2012_val_00000389_with_ILSVRC2012_val_00043884_rank579,962,634,0.66111,344
ILSVRC2012_val_00000389_with_ILSVRC2012_val_00024386_rank296,379,346,0.4846,53
ILSVRC2012_val_00000389_with_ILSVRC2012_val_00018226_rank147,981,975,0.22419,528
ILSVRC2012_val_00000389_with_ILSVRC2012_val_00041892_rank361,123,123,0.63026,0
ILSVRC2012_val_00000389_with_ILSVRC2012_val_00034241_rank557,846,846,0.64534,0
ILSVRC2012_val_00000389_with_ILSVRC2012_val_00019106_rank935,726,472,0.32654,507
ILSVRC2012_val_00000389_with_ILSVRC2012_val_00018194_rank736,932,506,0.11685,59
ILSVRC2012_val_00000389_with_ILSVRC2012_val_00045508_rank875,596,596,0.88444,0
ILSVRC2012_val_00000389_with_ILSVRC2012_val_00008399_rank593,52,61,0.17625,20
ILSVRC2012_val_00000389_with_ILSVRC2012_val_00031280_rank359,471,471,0.59559,0
ILSVRC2012_val_00000389_with_ILSVRC2012_val_00044846_rank398,174,164,0.26209,20
ILSVRC2012_val_00000389_with_ILSVRC2012_val_00018699_rank040,12,12,0.79137,0
ILSVRC2012_val_00000389_with_ILSVRC2012_val_00027957_rank344,665,595,0.43327,35
ILSVRC2012_val_00000389_with_ILSVRC2012_val_00046943_rank372,394,394,0.83702,0
ILSVRC2012_val_00000389_with_ILSVRC2012_val_00043789_rank611,191,191,0.82107,0
ILSVRC2012_val_00000389_with_ILSVRC2012_val_00001999_rank668,893,709,0.77974,2
ILSVRC2012_val_00000389_with_ILSVRC2012_val_00001327_rank503,978,774,0.16361,371
ILSVRC2012_val_00000389_with_ILSVRC2012_val_00031353_rank848,713,713,0.83396,0
ILSVRC2012_val_00000389_with_ILSVRC2012_val_00010489_rank610,520,520,0.8464,0
ILSVRC2012_val_00000389_with_ILSVRC2012_val_00045675_rank827,849,849,0.41873,0
ILSVRC2012_val_00000389_with_ILSVRC2012_val_00044380_rank436,240,241,0.75033,1
ILSVRC2012_val_00000389_with_ILSVRC2012_val_00030462_rank957,446,771,0.25201,24
ILSVRC2012_val_00000389_with_ILSVRC2012_val_00014706_rank255,656,913,0.19312,98
ILSVRC2012_val_00000389_with_ILSVRC2012_val_00029619_rank039,8,8,0.73237,0
ILSVRC2012_val_00000389_with_ILSVRC2012_val_00031174_rank629,836,463,0.7003,150
ILSVRC2012_val_00000389_with_ILSVRC2012_val_00007348_rank312,511,511,0.6481,0
ILSVRC2012_val_00000389_with_ILSVRC2012_val_00013993_rank431,609,609,0.79933,0
ILSVRC2012_val_00000389_with_ILSVRC2012_val_00046498_rank349,297,297,0.65439,0
ILSVRC2012_val_00000389_with_ILSVRC2012_val_00038922_rank330,770,770,0.74919,0
ILSVRC2012_val_00000389_with_ILSVRC2012_val_00012828_rank179,70,21,0.29722,185
ILSVRC2012_val_00000389_with_ILSVRC2012_val_00029653_rank487,341,344,0.3884,5
ILSVRC2012_val_00000389_with_ILSVRC2012_val_00002989_rank436,240,238,0.59099,2
ILSVRC2012_val_00000389_with_ILSVRC2012_val_00003532_rank294,661,661,0.82633,0
ILSVRC2012_val_00000389_with_ILSVRC2012_val_00011926_rank899,447,975,0.08363,228
ILSVRC2012_val_00000389_with_ILSVRC2012_val_00035952_rank282,179,179,0.51756,0
ILSVRC2012_val_00000389_with_ILSVRC2012_val_00041529_rank675,153,204,0.17221,1
ILSVRC2012_val_00000389_with_ILSVRC2012_val_00025346_rank556,399,501,0.10524,1
ILSVRC2012_val_00000389_with_ILSVRC2012_val_00028052_rank496,202,184,0.21409,1
ILSVRC2012_val_00000389_with_ILSVRC2012_val_00001536_rank338,326,326,0.72266,0
ILSVRC2012_val_00000389_with_ILSVRC2012_val_00023583_rank551,118,118,0.34669,0
ILSVRC2012_val_00000389_with_ILSVRC2012_val_00016420_rank808,224,224,0.78491,0
ILSVRC2012_val_00000389_with_ILSVRC2012_val_00007427_rank400,579,881,0.18133,1
ILSVRC2012_val_00000389_with_ILSVRC2012_val_00004011_rank093,324,324,0.76968,0
ILSVRC2012_val_00000389_with_ILSVRC2012_val_00048985_rank839,631,585,0.81352,3
ILSVRC2012_val_00000389_with_ILSVRC2012_val_00008723_rank764,494,494,0.61941,0
ILSVRC2012_val_00000389_with_ILSVRC2012_val_00013578_rank668,893,975,0.06606,884
ILSVRC2012_val_00000389_with_ILSVRC2012_val_00028932_rank469,159,159,0.79296,0
ILSVRC2012_val_00000389_with_ILSVRC2012_val_00045458_rank612,708,835,0.39095,2
ILSVRC2012_val_00000389_with_ILSVRC2012_val_00006925_rank166,387,387,0.82882,0
ILSVRC2012_val_00000389_with_ILSVRC2012_val_00043596_rank714,941,942,0.19836,2
ILSVRC2012_val_00000389_with_ILSVRC2012_val_00041112_rank607,971,971,0.22472,0
ILSVRC2012_val_00000389_with_ILSVRC2012_val_00000278_rank035,92,92,0.82585,0
ILSVRC2012_val_00000389_with_ILSVRC2012_val_00011745_rank821,889,486,0.30973,1
ILSVRC2012_val_00000389_with_ILSVRC2012_val_00037396_rank710,233,233,0.77738,0
ILSVRC2012_val_00000389_with_ILSVRC2012_val_00012144_rank895,492,492,0.62528,0
ILSVRC2012_val_00000389_with_ILSVRC2012_val_00008280_rank859,426,426,0.82924,0
ILSVRC2012_val_00000389_with_ILSVRC2012_val_00017980_rank416,157,157,0.73179,0
ILSVRC2012_val_00000389_with_ILSVRC2012_val_00038401_rank159,853,853,0.74056,0
ILSVRC2012_val_00000389_with_ILSVRC2012_val_00024263_rank185,660,449,0.65141,3
ILSVRC2012_val_00000389_with_ILSVRC2012_val_00035778_rank055,347,347,0.84489,0
ILSVRC2012_val_00000389_with_ILSVRC2012_val_00027228_rank307,58,58,0.60354,0
ILSVRC2012_val_00000389_with_ILSVRC2012_val_00027545_rank698,673,975,0.15201,800
ILSVRC2012_val_00000389_with_ILSVRC2012_val_00029747_rank827,849,849,0.78756,0
ILSVRC2012_val_00000389_with_ILSVRC2012_val_00013768_rank041,88,88,0.85093,0
ILSVRC2012_val_00000389_with_ILSVRC2012_val_00033251_rank217,405,405,0.85326,0
ILSVRC2012_val_00000389_with_ILSVRC2012_val_00002502_rank976,122,122,0.47254,0
ILSVRC2012_val_00000389_with_ILSVRC2012_val_00000851_rank519,887,667,0.38293,20
ILSVRC2012_val_00000389_with_ILSVRC2012_val_00017993_rank685,550,447,0.17179,78
ILSVRC2012_val_00000389_with_ILSVRC2012_val_00048634_rank860,599,599,0.42308,0
ILSVRC2012_val_00000389_with_ILSVRC2012_val_00012062_rank651,432,413,0.31752,29
ILSVRC2012_val_00000389_with_ILSVRC2012_val_00030466_rank902,314,314,0.47127,0
ILSVRC2012_val_00000389_with_ILSVRC2012_val_00023027_rank079,178,178,0.68195,0
ILSVRC2012_val_00000389_with_ILSVRC2012_val_00012025_rank651,432,913,0.2474,572
ILSVRC2012_val_00000389_with_ILSVRC2012_val_00018130_rank204,991,996,0.39598,1
ILSVRC2012_val_00000389_with_ILSVRC2012_val_00036906_rank252,870,870,0.74514,0
ILSVRC2012_val_00000389_with_ILSVRC2012_val_00036583_rank951,699,913,0.80488,842
ILSVRC2012_val_00000389_with_ILSVRC2012_val_00002350_rank384,924,924,0.81499,0
ILSVRC2012_val_00000389_with_ILSVRC2012_val_00001319_rank967,773,505,0.88862,2
ILSVRC2012_val_00000389_with_ILSVRC2012_val_00036140_rank645,221,267,0.3373,4
ILSVRC2012_val_00000389_with_ILSVRC2012_val_00013615_rank933,641,422,0.20565,168
ILSVRC2012_val_00000389_with_ILSVRC2012_val_00041272_rank074,351,351,0.81322,0
ILSVRC2012_val_00000389_with_ILSVRC2012_val_00015361_rank579,962,962,0.80901,0
ILSVRC2012_val_00000389_with_ILSVRC2012_val_00000609_rank514,147,147,0.47968,0
ILSVRC2012_val_00000389_with_ILSVRC2012_val_00036687_rank546,106,106,0.62416,0
ILSVRC2012_val_00000389_with_ILSVRC2012_val_00005387_rank310,279,279,0.785,0
ILSVRC2012_val_00000389_with_ILSVRC2012_val_00035480_rank587,196,196,0.45155,0
ILSVRC2012_val_00000389_with_ILSVRC2012_val_00020144_rank183,385,385,0.49069,0
ILSVRC2012_val_00000389_with_ILSVRC2012_val_00008864_rank885,929,227,0.11957,437
ILSVRC2012_val_00000389_with_ILSVRC2012_val_00016656_rank228,162,162,0.82732,0
ILSVRC2012_val_00000389_with_ILSVRC2012_val_00019073_rank033,93,93,0.80544,0
ILSVRC2012_val_00000389_with_ILSVRC2012_val_00000576_rank028,86,86,0.50865,0
ILSVRC2012_val_00000389_with_ILSVRC2012_val_00016577_rank507,237,237,0.72994,0
ILSVRC2012_val_00000389_with_ILSVRC2012_val_00027650_rank638,615,133,0.15672,756
ILSVRC2012_val_00000389_with_ILSVRC2012_val_00045470_rank785,477,477,0.69417,0
ILSVRC2012_val_00000389_with_ILSVRC2012_val_00009179_rank484,408,472,0.45197,59
ILSVRC2012_val_00000389_with_ILSVRC2012_val_00023111_rank201,323,323,0.86543,0
ILSVRC2012_val_00000389_with_ILSVRC2012_val_00036932_rank405,195,245,0.70357,1
ILSVRC2012_val_00000389_with_ILSVRC2012_val_00045183_rank475,111,58,0.25508,19
ILSVRC2012_val_00000389_with_ILSVRC2012_val_00042830_rank664,116,116,0.70071,0
ILSVRC2012_val_00000389_with_ILSVRC2012_val_00044718_rank176,217,219,0.38799,5
ILSVRC2012_val_00000389_with_ILSVRC2012_val_00011616_rank906,359,362,0.30618,4
ILSVRC2012_val_00000389_with_ILSVRC2012_val_00002008_rank880,540,540,0.83572,0
ILSVRC2012_val_00000389_with_ILSVRC2012_val_00007917_rank207,912,912,0.81847,0
ILSVRC2012_val_00000389_with_ILSVRC2012_val_00026248_rank009,130,130,0.81053,0
ILSVRC2012_val_00000389_with_ILSVRC2012_val_00005163_rank532,841,758,0.23886,292
ILSVRC2012_val_00000389_with_ILSVRC2012_val_00041133_rank575,185,184,0.17299,4
ILSVRC2012_val_00000389_with_ILSVRC2012_val_00040552_rank988,902,767,0.24098,20
ILSVRC2012_val_00000389_with_ILSVRC2012_val_00007876_rank865,514,703,0.38367,215
ILSVRC2012_val_00000389_with_ILSVRC2012_val_00034876_rank668,893,893,0.54555,0
ILSVRC2012_val_00000389_with_ILSVRC2012_val_00033470_rank608,488,975,0.20502,266
ILSVRC2012_val_00000389_with_ILSVRC2012_val_00036913_rank228,162,167,0.63425,3
ILSVRC2012_val_00000389_with_ILSVRC2012_val_00027143_rank557,846,619,0.42105,1
ILSVRC2012_val_00000389_with_ILSVRC2012_val_00033812_rank700,800,800,0.77009,0
ILSVRC2012_val_00000389_with_ILSVRC2012_val_00018136_rank273,573,573,0.85226,0
ILSVRC2012_val_00000389_with_ILSVRC2012_val_00000449_rank695,861,861,0.77355,0
ILSVRC2012_val_00000389_with_ILSVRC2012_val_00010189_rank148,657,744,0.46979,1
ILSVRC2012_val_00000389_with_ILSVRC2012_val_00008566_rank050,87,87,0.83879,0
ILSVRC2012_val_00000389_with_ILSVRC2012_val_00025922_rank533,934,934,0.90281,0
ILSVRC2012_val_00000389_with_ILSVRC2012_val_00046913_rank352,569,609,0.54765,23
ILSVRC2012_val_00000389_with_ILSVRC2012_val_00027324_rank861,896,632,0.14582,196
ILSVRC2012_val_00000389_with_ILSVRC2012_val_00005283_rank956,241,241,0.49107,0
ILSVRC2012_val_00000389_with_ILSVRC2012_val_00035764_rank665,169,169,0.73958,0
ILSVRC2012_val_00000389_with_ILSVRC2012_val_00011606_rank194,805,805,0.78047,0
ILSVRC2012_val_00000389_with_ILSVRC2012_val_00046921_rank989,420,420,0.28874,0
ILSVRC2012_val_00000389_with_ILSVRC2012_val_00038770_rank509,73,74,0.53144,1
ILSVRC2012_val_00000389_with_ILSVRC2012_val_00008144_rank361,123,123,0.69033,0
ILSVRC2012_val_00000389_with_ILSVRC2012_val_00042628_rank496,202,202,0.35516,0
ILSVRC2012_val_00000389_with_ILSVRC2012_val_00045781_rank408,644,846,0.45637,123
ILSVRC2012_val_00000389_with_ILSVRC2012_val_00049974_rank253,372,372,0.64782,0
ILSVRC2012_val_00000389_with_ILSVRC2012_val_00046328_rank518,544,544,0.69216,0
ILSVRC2012_val_00000389_with_ILSVRC2012_val_00010822_rank550,697,975,0.11655,393
ILSVRC2012_val_00000389_with_ILSVRC2012_val_00001769_rank877,401,735,0.34944,151
ILSVRC2012_val_00000389_with_ILSVRC2012_val_00015422_rank892,707,707,0.68379,0
ILSVRC2012_val_00000389_with_ILSVRC2012_val_00042115_rank869,450,450,0.83601,0
ILSVRC2012_val_00000389_with_ILSVRC2012_val_00011946_rank655,681,664,0.54521,4
ILSVRC2012_val_00000389_with_ILSVRC2012_val_00019034_rank115,20,20,0.63468,0
ILSVRC2012_val_00000389_with_ILSVRC2012_val_00010952_rank203,307,307,0.76314,0
ILSVRC2012_val_00000389_with_ILSVRC2012_val_00013839_rank703,769,515,0.10018,936
ILSVRC2012_val_00000389_with_ILSVRC2012_val_00007356_rank804,189,189,0.74266,0
ILSVRC2012_val_00000389_with_ILSVRC2012_val_00041922_rank259,51,51,0.80412,0
ILSVRC2012_val_00000389_with_ILSVRC2012_val_00012650_rank990,759,759,0.33186,0
ILSVRC2012_val_00000389_with_ILSVRC2012_val_00048590_rank972,790,790,0.67032,0
ILSVRC2012_val_00000389_with_ILSVRC2012_val_00030537_rank329,309,309,0.66076,0
ILSVRC2012_val_00000389_with_ILSVRC2012_val_00039881_rank928,546,144,0.14241,570
ILSVRC2012_val_00000389_with_ILSVRC2012_val_00022823_rank184,832,832,0.81561,0
ILSVRC2012_val_00000389_with_ILSVRC2012_val_00016152_rank011,135,135,0.8783,0
ILSVRC2012_val_00000389_with_ILSVRC2012_val_00024521_rank397,166,166,0.89468,0
ILSVRC2012_val_00000389_with_ILSVRC2012_val_00049524_rank383,997,997,0.76895,0
ILSVRC2012_val_00000389_with_ILSVRC2012_val_00011175_rank093,324,324,0.82725,0
ILSVRC2012_val_00000389_with_ILSVRC2012_val_00048057_rank622,452,452,0.75429,0
ILSVRC2012_val_00000389_with_ILSVRC2012_val_00006509_rank704,850,850,0.78183,0
ILSVRC2012_val_00000389_with_ILSVRC2012_val_00048593_rank569,78,78,0.74065,0
ILSVRC2012_val_00000389_with_ILSVRC2012_val_00037273_rank145,40,46,0.52331,1
ILSVRC2012_val_00000389_with_ILSVRC2012_val_00036521_rank261,628,536,0.27113,2
ILSVRC2012_val_00000389_with_ILSVRC2012_val_00044923_rank153,437,437,0.76723,0
ILSVRC2012_val_00000389_with_ILSVRC2012_val_00013856_rank199,242,242,0.41934,0
ILSVRC2012_val_00000389_with_ILSVRC2012_val_00000680_rank197,668,913,0.8134,112
ILSVRC2012_val_00000389_with_ILSVRC2012_val_00023972_rank855,745,745,0.78316,0
ILSVRC2012_val_00000389_with_ILSVRC2012_val_00027985_rank033,93,93,0.80325,0
ILSVRC2012_val_00000389_with_ILSVRC2012_val_00036557_rank214,390,390,0.29486,0
ILSVRC2012_val_00000389_with_ILSVRC2012_val_00004213_rank881,956,956,0.8231,0
ILSVRC2012_val_00000389_with_ILSVRC2012_val_00028256_rank449,922,922,0.66201,0
ILSVRC2012_val_00000389_with_ILSVRC2012_val_00038626_rank199,242,245,0.67718,6
ILSVRC2012_val_00000389_with_ILSVRC2012_val_00002555_rank206,768,805,0.69213,1
ILSVRC2012_val_00000389_with_ILSVRC2012_val_00018736_rank391,255,255,0.87066,0
ILSVRC2012_val_00000389_with_ILSVRC2012_val_00027488_rank543,61,288,0.14925,53
ILSVRC2012_val_00000389_with_ILSVRC2012_val_00033616_rank100,72,72,0.61489,0
ILSVRC2012_val_00000389_with_ILSVRC2012_val_00036244_rank250,287,287,0.76327,0
ILSVRC2012_val_00000389_with_ILSVRC2012_val_00031379_rank532,841,975,0.13642,412
ILSVRC2012_val_00000389_with_ILSVRC2012_val_00046321_rank716,754,485,0.53837,5
ILSVRC2012_val_00000389_with_ILSVRC2012_val_00033886_rank979,739,731,0.24426,67
ILSVRC2012_val_00000389_with_ILSVRC2012_val_00030709_rank605,549,472,0.75818,891
ILSVRC2012_val_00000389_with_ILSVRC2012_val_00003977_rank294,661,661,0.85014,0
ILSVRC2012_val_00000389_with_ILSVRC2012_val_00003806_rank306,391,389,0.53232,2
ILSVRC2012_val_00000389_with_ILSVRC2012_val_00044291_rank347,652,652,0.22181,0
ILSVRC2012_val_00000389_with_ILSVRC2012_val_00037889_rank719,305,913,0.49013,411
ILSVRC2012_val_00000389_with_ILSVRC2012_val_00024251_rank279,497,832,0.11386,14
ILSVRC2012_val_00000389_with_ILSVRC2012_val_00024333_rank910,808,808,0.62097,0
ILSVRC2012_val_00000389_with_ILSVRC2012_val_00004644_rank170,839,472,0.7972,28
ILSVRC2012_val_00000389_with_ILSVRC2012_val_00031965_rank241,152,152,0.86348,0
ILSVRC2012_val_00000389_with_ILSVRC2012_val_00038057_rank281,1,1,0.77452,0
ILSVRC2012_val_00000389_with_ILSVRC2012_val_00041211_rank214,390,51,0.32242,161
ILSVRC2012_val_00000389_with_ILSVRC2012_val_00026191_rank047,50,947,0.20755,359
ILSVRC2012_val_00000389_with_ILSVRC2012_val_00047914_rank729,10,10,0.88843,0
ILSVRC2012_val_00000389_with_ILSVRC2012_val_00024724_rank270,806,721,0.66525,25
ILSVRC2012_val_00000389_with_ILSVRC2012_val_00023868_rank818,439,267,0.53688,68
ILSVRC2012_val_00000389_with_ILSVRC2012_val_00031740_rank831,684,684,0.68853,0
ILSVRC2012_val_00000389_with_ILSVRC2012_val_00011671_rank425,748,748,0.91111,0
ILSVRC2012_val_00000389_with_ILSVRC2012_val_00013621_rank348,612,612,0.83671,0
ILSVRC2012_val_00000389_with_ILSVRC2012_val_00020926_rank843,154,154,0.80159,0
ILSVRC2012_val_00000389_with_ILSVRC2012_val_00021203_rank123,55,59,0.66057,2
ILSVRC2012_val_00000389_with_ILSVRC2012_val_00041881_rank004,127,127,0.78097,0
ILSVRC2012_val_00000389_with_ILSVRC2012_val_00006767_rank171,557,672,0.14212,48
ILSVRC2012_val_00000389_with_ILSVRC2012_val_00036248_rank321,250,248,0.48737,1
ILSVRC2012_val_00000389_with_ILSVRC2012_val_00010505_rank158,986,986,0.85181,0
ILSVRC2012_val_00000389_with_ILSVRC2012_val_00045465_rank116,278,280,0.30428,2
ILSVRC2012_val_00000389_with_ILSVRC2012_val_00041595_rank192,14,14,0.74047,0
ILSVRC2012_val_00000389_with_ILSVRC2012_val_00049479_rank864,632,632,0.70097,0
ILSVRC2012_val_00000389_with_ILSVRC2012_val_00008289_rank810,117,117,0.78859,0
ILSVRC2012_val_00000389_with_ILSVRC2012_val_00022753_rank161,172,172,0.65643,0
ILSVRC2012_val_00000389_with_ILSVRC2012_val_00009381_rank224,365,365,0.81849,0
ILSVRC2012_val_00000389_with_ILSVRC2012_val_00005708_rank842,38,67,0.05909,32
ILSVRC2012_val_00000389_with_ILSVRC2012_val_00034184_rank280,171,171,0.63476,0
ILSVRC2012_val_00000389_with_ILSVRC2012_val_00016940_rank672,564,449,0.75015,64
ILSVRC2012_val_00000389_with_ILSVRC2012_val_00045587_rank265,735,735,0.85049,0
ILSVRC2012_val_00000389_with_ILSVRC2012_val_00002292_rank822,662,664,0.20466,24
ILSVRC2012_val_00000389_with_ILSVRC2012_val_00037280_rank627,76,73,0.2802,2
ILSVRC2012_val_00000389_with_ILSVRC2012_val_00011766_rank370,35,913,0.34281,371
ILSVRC2012_val_00000389_with_ILSVRC2012_val_00005153_rank320,377,377,0.79077,0
ILSVRC2012_val_00000389_with_ILSVRC2012_val_00017984_rank383,997,947,0.37882,1
ILSVRC2012_val_00000389_with_ILSVRC2012_val_00000764_rank528,555,609,0.46915,14
ILSVRC2012_val_00000389_with_ILSVRC2012_val_00014460_rank722,905,703,0.80244,225
ILSVRC2012_val_00000389_with_ILSVRC2012_val_00018981_rank065,104,104,0.73754,0
ILSVRC2012_val_00000389_with_ILSVRC2012_val_00013517_rank431,609,609,0.80449,0
ILSVRC2012_val_00000389_with_ILSVRC2012_val_00008730_rank220,397,397,0.7345,0
ILSVRC2012_val_00000389_with_ILSVRC2012_val_00032224_rank861,896,435,0.61408,1
ILSVRC2012_val_00000389_with_ILSVRC2012_val_00002455_rank325,872,872,0.79047,0
ILSVRC2012_val_00000389_with_ILSVRC2012_val_00034308_rank318,943,943,0.82351,0
ILSVRC2012_val_00000389_with_ILSVRC2012_val_00007807_rank366,393,393,0.79012,0
ILSVRC2012_val_00000389_with_ILSVRC2012_val_00008486_rank124,900,900,0.7831,0
ILSVRC2012_val_00000389_with_ILSVRC2012_val_00010394_rank090,373,373,0.76071,0
ILSVRC2012_val_00000389_with_ILSVRC2012_val_00020932_rank618,642,472,0.53006,187
ILSVRC2012_val_00000389_with_ILSVRC2012_val_00001683_rank831,684,684,0.72898,0
ILSVRC2012_val_00000389_with_ILSVRC2012_val_00048579_rank460,949,992,0.41063,15
ILSVRC2012_val_00000389_with_ILSVRC2012_val_00037569_rank015,7,8,0.43187,1
ILSVRC2012_val_00000389_with_ILSVRC2012_val_00040834_rank451,603,603,0.88679,0
ILSVRC2012_val_00000389_with_ILSVRC2012_val_00048035_rank182,369,369,0.85262,0
ILSVRC2012_val_00000389_with_ILSVRC2012_val_00018287_rank435,411,879,0.19991,129
ILSVRC2012_val_00000389_with_ILSVRC2012_val_00009236_rank464,802,802,0.79099,0
ILSVRC2012_val_00000389_with_ILSVRC2012_val_00048024_rank043,145,145,0.82484,0
ILSVRC2012_val_00000389_with_ILSVRC2012_val_00023028_rank318,943,472,0.68479,344
ILSVRC2012_val_00000389_with_ILSVRC2012_val_00035853_rank459,109,109,0.38869,0
ILSVRC2012_val_00000389_with_ILSVRC2012_val_00023179_rank132,181,181,0.75122,0
ILSVRC2012_val_00000389_with_ILSVRC2012_val_00005950_rank415,663,410,0.15114,309
ILSVRC2012_val_00000389_with_ILSVRC2012_val_00041489_rank832,694,694,0.84371,0
ILSVRC2012_val_00000389_with_ILSVRC2012_val_00010906_rank443,79,79,0.27556,0
ILSVRC2012_val_00000389_with_ILSVRC2012_val_00033437_rank661,26,146,0.22491,893
ILSVRC2012_val_00000389_with_ILSVRC2012_val_00042644_rank836,647,913,0.5862,600
ILSVRC2012_val_00000389_with_ILSVRC2012_val_00017535_rank575,185,185,0.63906,0
ILSVRC2012_val_00000389_with_ILSVRC2012_val_00033343_rank027,97,97,0.59383,0
ILSVRC2012_val_00000389_with_ILSVRC2012_val_00025423_rank138,204,204,0.67271,0
ILSVRC2012_val_00000389_with_ILSVRC2012_val_00009658_rank879,666,896,0.13421,10
ILSVRC2012_val_00000389_with_ILSVRC2012_val_00038637_rank763,254,254,0.37895,0
ILSVRC2012_val_00000389_with_ILSVRC2012_val_00027803_rank381,318,318,0.25468,0
ILSVRC2012_val_00000389_with_ILSVRC2012_val_00015374_rank341,65,65,0.80882,0
ILSVRC2012_val_00000389_with_ILSVRC2012_val_00032551_rank240,310,310,0.80416,0
ILSVRC2012_val_00000389_with_ILSVRC2012_val_00042299_rank724,303,251,0.43828,227
ILSVRC2012_val_00000389_with_ILSVRC2012_val_00038073_rank792,857,857,0.38888,0
ILSVRC2012_val_00000389_with_ILSVRC2012_val_00031053_rank616,77,77,0.107,0
ILSVRC2012_val_00000389_with_ILSVRC2012_val_00046927_rank212,698,698,0.74113,0
ILSVRC2012_val_00000389_with_ILSVRC2012_val_00023352_rank025,142,142,0.79586,0
ILSVRC2012_val_00000389_with_ILSVRC2012_val_00044130_rank106,148,148,0.74806,0
ILSVRC2012_val_00000389_with_ILSVRC2012_val_00043654_rank814,710,609,0.58904,672
ILSVRC2012_val_00000389_with_ILSVRC2012_val_00033811_rank356,522,975,0.22749,186
ILSVRC2012_val_00000389_with_ILSVRC2012_val_00010902_rank723,160,160,0.79794,0
ILSVRC2012_val_00000389_with_ILSVRC2012_val_00007589_rank225,311,913,0.4878,252
ILSVRC2012_val_00000389_with_ILSVRC2012_val_00042919_rank577,453,886,0.15307,45
ILSVRC2012_val_00000389_with_ILSVRC2012_val_00022028_rank183,385,385,0.71891,0
ILSVRC2012_val_00000389_with_ILSVRC2012_val_00045999_rank912,774,774,0.62584,0
ILSVRC2012_val_00000389_with_ILSVRC2012_val_00016350_rank021,89,89,0.83781,0
ILSVRC2012_val_00000389_with_ILSVRC2012_val_00008954_rank632,679,472,0.53784,650
ILSVRC2012_val_00000389_with_ILSVRC2012_val_00004333_rank452,970,350,0.7648,9
ILSVRC2012_val_00000389_with_ILSVRC2012_val_00007125_rank335,817,511,0.43643,2
ILSVRC2012_val_00000389_with_ILSVRC2012_val_00004333_rank305,350,350,0.44627,0
ILSVRC2012_val_00000389_with_ILSVRC2012_val_00002047_rank204,991,991,0.71686,0
ILSVRC2012_val_00000389_with_ILSVRC2012_val_00032748_rank973,747,747,0.28744,0
ILSVRC2012_val_00000389_with_ILSVRC2012_val_00001920_rank318,943,943,0.85721,0
ILSVRC2012_val_00000389_with_ILSVRC2012_val_00032476_rank773,626,862,0.697,10
ILSVRC2012_val_00000389_with_ILSVRC2012_val_00029106_rank136,734,609,0.36454,7
ILSVRC2012_val_00000389_with_ILSVRC2012_val_00035720_rank764,494,494,0.70149,0
ILSVRC2012_val_00000389_with_ILSVRC2012_val_00034277_rank450,263,263,0.79126,0
ILSVRC2012_val_00000389_with_ILSVRC2012_val_00049839_rank939,826,426,0.5799,3
ILSVRC2012_val_00000389_with_ILSVRC2012_val_00041504_rank960,722,522,0.53294,12
ILSVRC2012_val_00000389_with_ILSVRC2012_val_00000077_rank469,159,159,0.8256,0
ILSVRC2012_val_00000389_with_ILSVRC2012_val_00034087_rank524,928,928,0.3285,0
ILSVRC2012_val_00000389_with_ILSVRC2012_val_00031993_rank737,451,451,0.80802,0
ILSVRC2012_val_00000389_with_ILSVRC2012_val_00001903_rank716,754,814,0.15225,770
ILSVRC2012_val_00000389_with_ILSVRC2012_val_00018751_rank164,815,427,0.28809,505
ILSVRC2012_val_00000389_with_ILSVRC2012_val_00034598_rank291,364,226,0.42184,102
ILSVRC2012_val_00000389_with_ILSVRC2012_val_00033531_rank137,234,163,0.6819,16
ILSVRC2012_val_00000389_with_ILSVRC2012_val_00013256_rank010,129,129,0.86005,0
ILSVRC2012_val_00000389_with_ILSVRC2012_val_00013243_rank938,199,197,0.8674,1
ILSVRC2012_val_00000389_with_ILSVRC2012_val_00029616_rank362,322,322,0.81779,0
ILSVRC2012_val_00000389_with_ILSVRC2012_val_00014308_rank145,40,40,0.5546,0
ILSVRC2012_val_00000389_with_ILSVRC2012_val_00005366_rank468,345,345,0.80231,0
ILSVRC2012_val_00000389_with_ILSVRC2012_val_00018215_rank553,568,568,0.85037,0
ILSVRC2012_val_00000389_with_ILSVRC2012_val_00028114_rank915,683,23,0.22526,562
ILSVRC2012_val_00000389_with_ILSVRC2012_val_00026023_rank512,95,84,0.8109,39
ILSVRC2012_val_00000389_with_ILSVRC2012_val_00008603_rank777,503,463,0.56454,48
ILSVRC2012_val_00000389_with_ILSVRC2012_val_00028338_rank214,390,390,0.80595,0
ILSVRC2012_val_00000389_with_ILSVRC2012_val_00012142_rank322,873,449,0.24734,146
ILSVRC2012_val_00000389_with_ILSVRC2012_val_00032464_rank367,170,170,0.87222,0
ILSVRC2012_val_00000389_with_ILSVRC2012_val_00021754_rank405,195,159,0.31438,476
ILSVRC2012_val_00000389_with_ILSVRC2012_val_00001331_rank867,784,595,0.14362,846
ILSVRC2012_val_00000389_with_ILSVRC2012_val_00005844_rank177,994,994,0.45687,0
ILSVRC2012_val_00000389_with_ILSVRC2012_val_00048317_rank852,465,465,0.73996,0
ILSVRC2012_val_00000389_with_ILSVRC2012_val_00017149_rank658,531,531,0.25668,0
ILSVRC2012_val_00000389_with_ILSVRC2012_val_00028619_rank305,350,350,0.77079,0
ILSVRC2012_val_00000389_with_ILSVRC2012_val_00015975_rank175,301,301,0.81884,0
ILSVRC2012_val_00000389_with_ILSVRC2012_val_00000084_rank307,58,913,0.20973,107
ILSVRC2012_val_00000389_with_ILSVRC2012_val_00009651_rank663,566,913,0.6884,767
ILSVRC2012_val_00000389_with_ILSVRC2012_val_00008884_rank770,461,461,0.44585,0
ILSVRC2012_val_00000389_with_ILSVRC2012_val_00008285_rank600,781,781,0.72189,0
ILSVRC2012_val_00000389_with_ILSVRC2012_val_00006285_rank335,817,817,0.52739,0
ILSVRC2012_val_00000389_with_ILSVRC2012_val_00026489_rank381,318,318,0.80739,0
ILSVRC2012_val_00000389_with_ILSVRC2012_val_00012358_rank407,69,932,0.17804,198
ILSVRC2012_val_00000389_with_ILSVRC2012_val_00036746_rank781,604,543,0.85437,174
ILSVRC2012_val_00000389_with_ILSVRC2012_val_00046124_rank587,196,196,0.77164,0
ILSVRC2012_val_00000389_with_ILSVRC2012_val_00022258_rank356,522,522,0.43011,0
ILSVRC2012_val_00000389_with_ILSVRC2012_val_00047974_rank768,481,485,0.50753,4
ILSVRC2012_val_00000389_with_ILSVRC2012_val_00026838_rank662,563,563,0.82956,0
ILSVRC2012_val_00000389_with_ILSVRC2012_val_00006868_rank148,657,146,0.13305,72
ILSVRC2012_val_00000389_with_ILSVRC2012_val_00034356_rank634,163,163,0.78821,0
ILSVRC2012_val_00000389_with_ILSVRC2012_val_00015189_rank089,205,208,0.81402,5
ILSVRC2012_val_00000389_with_ILSVRC2012_val_00022076_rank192,14,14,0.76348,0
ILSVRC2012_val_00000389_with_ILSVRC2012_val_00023461_rank389,384,346,0.41921,508
ILSVRC2012_val_00000389_with_ILSVRC2012_val_00027530_rank120,985,985,0.63345,0
ILSVRC2012_val_00000389_with_ILSVRC2012_val_00033014_rank529,119,119,0.74316,0
ILSVRC2012_val_00000389_with_ILSVRC2012_val_00011581_rank173,574,574,0.23402,0
ILSVRC2012_val_00000389_with_ILSVRC2012_val_00011420_rank142,16,16,0.33165,0
ILSVRC2012_val_00000389_with_ILSVRC2012_val_00002136_rank198,835,472,0.20127,158
ILSVRC2012_val_00000389_with_ILSVRC2012_val_00049141_rank053,19,19,0.81784,0
ILSVRC2012_val_00000389_with_ILSVRC2012_val_00040304_rank162,989,730,0.0904,689
ILSVRC2012_val_00000389_with_ILSVRC2012_val_00049829_rank620,161,514,0.1203,233
ILSVRC2012_val_00000389_with_ILSVRC2012_val_00009770_rank254,669,669,0.84172,0
ILSVRC2012_val_00000389_with_ILSVRC2012_val_00007850_rank096,167,210,0.37501,3
ILSVRC2012_val_00000389_with_ILSVRC2012_val_00024240_rank763,254,254,0.85219,0
ILSVRC2012_val_00000389_with_ILSVRC2012_val_00012364_rank938,199,199,0.83661,0
ILSVRC2012_val_00000389_with_ILSVRC2012_val_00029701_rank818,439,23,0.737,594
ILSVRC2012_val_00000389_with_ILSVRC2012_val_00009947_rank134,382,382,0.54298,0
ILSVRC2012_val_00000389_with_ILSVRC2012_val_00016215_rank110,386,386,0.61229,0
ILSVRC2012_val_00000389_with_ILSVRC2012_val_00001480_rank028,86,86,0.62158,0
ILSVRC2012_val_00000389_with_ILSVRC2012_val_00019686_rank794,824,879,0.20382,106
ILSVRC2012_val_00000389_with_ILSVRC2012_val_00040145_rank047,50,50,0.8523,0
ILSVRC2012_val_00000389_with_ILSVRC2012_val_00038751_rank453,249,249,0.79568,0
ILSVRC2012_val_00000389_with_ILSVRC2012_val_00022764_rank179,70,70,0.20153,0
ILSVRC2012_val_00000389_with_ILSVRC2012_val_00010965_rank573,572,572,0.83936,0
ILSVRC2012_val_00000389_with_ILSVRC2012_val_00033510_rank029,143,143,0.83868,0
ILSVRC2012_val_00000389_with_ILSVRC2012_val_00036863_rank077,328,328,0.59262,0
ILSVRC2012_val_00000389_with_ILSVRC2012_val_00016450_rank651,432,432,0.76241,0
ILSVRC2012_val_00000389_with_ILSVRC2012_val_00019386_rank198,835,835,0.89792,0
ILSVRC2012_val_00000389_with_ILSVRC2012_val_00024800_rank012,9,9,0.81998,0
ILSVRC2012_val_00000389_with_ILSVRC2012_val_00023574_rank339,693,472,0.86699,1
ILSVRC2012_val_00000389_with_ILSVRC2012_val_00043702_rank342,6,5,0.24808,1
ILSVRC2012_val_00000389_with_ILSVRC2012_val_00017464_rank143,458,458,0.92224,0
ILSVRC2012_val_00000389_with_ILSVRC2012_val_00044670_rank336,723,723,0.79945,0
ILSVRC2012_val_00000389_with_ILSVRC2012_val_00024342_rank890,787,787,0.60795,0
ILSVRC2012_val_00000389_with_ILSVRC2012_val_00000595_rank262,833,833,0.83303,0
ILSVRC2012_val_00000389_with_ILSVRC2012_val_00049214_rank845,891,891,0.72506,0
ILSVRC2012_val_00000389_with_ILSVRC2012_val_00004281_rank596,963,611,0.08611,30
ILSVRC2012_val_00000389_with_ILSVRC2012_val_00039436_rank966,851,851,0.7759,0
ILSVRC2012_val_00000389_with_ILSVRC2012_val_00010432_rank965,623,725,0.3219,259
ILSVRC2012_val_00000389_with_ILSVRC2012_val_00001645_rank409,44,50,0.24331,11
ILSVRC2012_val_00000389_with_ILSVRC2012_val_00033236_rank737,451,352,0.31946,239
ILSVRC2012_val_00000389_with_ILSVRC2012_val_00040065_rank252,870,671,0.55639,14
ILSVRC2012_val_00000389_with_ILSVRC2012_val_00046771_rank767,867,867,0.74703,0
ILSVRC2012_val_00000389_with_ILSVRC2012_val_00023608_rank758,427,634,0.61732,18
ILSVRC2012_val_00000389_with_ILSVRC2012_val_00045967_rank676,553,553,0.75027,0
ILSVRC2012_val_00000389_with_ILSVRC2012_val_00040888_rank427,523,523,0.66001,0
ILSVRC2012_val_00000389_with_ILSVRC2012_val_00026243_rank825,961,975,0.10451,826
ILSVRC2012_val_00000389_with_ILSVRC2012_val_00030595_rank457,260,260,0.55724,0
ILSVRC2012_val_00000389_with_ILSVRC2012_val_00018056_rank732,577,783,0.21387,786
ILSVRC2012_val_00000389_with_ILSVRC2012_val_00019530_rank908,502,502,0.78301,0
ILSVRC2012_val_00000389_with_ILSVRC2012_val_00003213_rank209,362,362,0.80569,0
ILSVRC2012_val_00000389_with_ILSVRC2012_val_00037103_rank432,226,226,0.89841,0
ILSVRC2012_val_00000389_with_ILSVRC2012_val_00029669_rank305,350,350,0.61878,0
ILSVRC2012_val_00000389_with_ILSVRC2012_val_00045240_rank908,502,502,0.34031,0
ILSVRC2012_val_00000389_with_ILSVRC2012_val_00019001_rank708,532,472,0.87101,382
ILSVRC2012_val_00000389_with_ILSVRC2012_val_00035172_rank750,283,283,0.35127,0
ILSVRC2012_val_00000389_with_ILSVRC2012_val_00018614_rank807,725,725,0.49896,0
ILSVRC2012_val_00000389_with_ILSVRC2012_val_00004060_rank132,181,181,0.86259,0
ILSVRC2012_val_00000389_with_ILSVRC2012_val_00015941_rank580,595,595,0.75193,0
ILSVRC2012_val_00000389_with_ILSVRC2012_val_00015064_rank119,366,366,0.7857,0
ILSVRC2012_val_00000389_with_ILSVRC2012_val_00018580_rank236,360,360,0.80669,0
ILSVRC2012_val_00000389_with_ILSVRC2012_val_00007282_rank646,996,825,0.68467,17
ILSVRC2012_val_00000389_with_ILSVRC2012_val_00034250_rank049,11,11,0.78701,0
ILSVRC2012_val_00000389_with_ILSVRC2012_val_00013625_rank877,401,821,0.22664,187
ILSVRC2012_val_00000389_with_ILSVRC2012_val_00033403_rank256,331,331,0.87235,0
ILSVRC2012_val_00000389_with_ILSVRC2012_val_00035409_rank351,312,303,0.40484,7
ILSVRC2012_val_00000389_with_ILSVRC2012_val_00033740_rank383,997,997,0.5012,0
ILSVRC2012_val_00000389_with_ILSVRC2012_val_00025869_rank771,218,218,0.83809,0
ILSVRC2012_val_00000389_with_ILSVRC2012_val_00037354_rank108,275,275,0.76533,0
ILSVRC2012_val_00000389_with_ILSVRC2012_val_00044166_rank910,808,808,0.8534,0
ILSVRC2012_val_00000389_with_ILSVRC2012_val_00026616_rank126,682,682,0.72137,0
ILSVRC2012_val_00000389_with_ILSVRC2012_val_00006814_rank017,137,137,0.82227,0
ILSVRC2012_val_00000389_with_ILSVRC2012_val_00026107_rank289,462,462,0.30173,0
ILSVRC2012_val_00000389_with_ILSVRC2012_val_00045772_rank991,777,777,0.44933,0
ILSVRC2012_val_00000389_with_ILSVRC2012_val_00011853_rank509,73,73,0.45251,0
ILSVRC2012_val_00000389_with_ILSVRC2012_val_00047650_rank490,625,625,0.87257,0
ILSVRC2012_val_00000389_with_ILSVRC2012_val_00023900_rank348,612,612,0.88579,0
ILSVRC2012_val_00000389_with_ILSVRC2012_val_00014479_rank803,898,975,0.39298,469
ILSVRC2012_val_00000389_with_ILSVRC2012_val_00017297_rank813,524,514,0.10397,22
ILSVRC2012_val_00000389_with_ILSVRC2012_val_00021771_rank915,683,683,0.64255,0
ILSVRC2012_val_00000389_with_ILSVRC2012_val_00012244_rank585,903,9,0.24889,693
ILSVRC2012_val_00000389_with_ILSVRC2012_val_00029406_rank118,215,215,0.83206,0
ILSVRC2012_val_00000389_with_ILSVRC2012_val_00006197_rank736,932,932,0.58731,0
ILSVRC2012_val_00000389_with_ILSVRC2012_val_00039118_rank151,984,984,0.81269,0
ILSVRC2012_val_00000389_with_ILSVRC2012_val_00015185_rank734,545,545,0.84552,0
ILSVRC2012_val_00000389_with_ILSVRC2012_val_00013314_rank719,305,305,0.48465,0
ILSVRC2012_val_00000389_with_ILSVRC2012_val_00026800_rank293,807,807,0.84896,0
ILSVRC2012_val_00000389_with_ILSVRC2012_val_00013207_rank355,496,496,0.82503,0
ILSVRC2012_val_00000389_with_ILSVRC2012_val_00034821_rank167,232,240,0.51824,8
ILSVRC2012_val_00000389_with_ILSVRC2012_val_00003758_rank404,197,197,0.83121,0
ILSVRC2012_val_00000389_with_ILSVRC2012_val_00036141_rank209,362,362,0.88253,0
ILSVRC2012_val_00000389_with_ILSVRC2012_val_00045362_rank047,50,50,0.80746,0
ILSVRC2012_val_00000389_with_ILSVRC2012_val_00048566_rank472,640,640,0.71778,0
ILSVRC2012_val_00000389_with_ILSVRC2012_val_00023390_rank064,96,96,0.8567,0
ILSVRC2012_val_00000389_with_ILSVRC2012_val_00039661_rank379,75,73,0.23563,1
ILSVRC2012_val_00000389_with_ILSVRC2012_val_00014374_rank871,252,197,0.77742,8
ILSVRC2012_val_00000389_with_ILSVRC2012_val_00018055_rank233,268,179,0.36158,7
ILSVRC2012_val_00000389_with_ILSVRC2012_val_00033237_rank717,869,869,0.8166,0
ILSVRC2012_val_00000389_with_ILSVRC2012_val_00020628_rank411,187,235,0.10797,54
ILSVRC2012_val_00000389_with_ILSVRC2012_val_00024932_rank287,149,879,0.14557,993
ILSVRC2012_val_00000389_with_ILSVRC2012_val_00030752_rank524,928,879,0.11814,174
ILSVRC2012_val_00000389_with_ILSVRC2012_val_00047800_rank691,358,358,0.63494,0
ILSVRC2012_val_00000389_with_ILSVRC2012_val_00028586_rank010,129,129,0.78463,0
ILSVRC2012_val_00000389_with_ILSVRC2012_val_00045812_rank880,540,540,0.14453,0
ILSVRC2012_val_00000389_with_ILSVRC2012_val_00042957_rank966,851,598,0.30229,3
ILSVRC2012_val_00000389_with_ILSVRC2012_val_00005265_rank682,515,135,0.10544,902
ILSVRC2012_val_00000389_with_ILSVRC2012_val_00032487_rank826,507,507,0.75882,0
ILSVRC2012_val_00000389_with_ILSVRC2012_val_00020650_rank953,584,584,0.80113,0
ILSVRC2012_val_00000389_with_ILSVRC2012_val_00030208_rank102,895,895,0.62667,0
ILSVRC2012_val_00000389_with_ILSVRC2012_val_00044598_rank663,566,566,0.81212,0
ILSVRC2012_val_00000389_with_ILSVRC2012_val_00048160_rank377,284,284,0.83971,0
ILSVRC2012_val_00000389_with_ILSVRC2012_val_00015736_rank914,732,732,0.83167,0
ILSVRC2012_val_00000389_with_ILSVRC2012_val_00027661_rank583,338,338,0.81817,0
ILSVRC2012_val_00000389_with_ILSVRC2012_val_00046808_rank680,504,504,0.76742,0
ILSVRC2012_val_00000389_with_ILSVRC2012_val_00049520_rank422,696,428,0.48039,176
ILSVRC2012_val_00000389_with_ILSVRC2012_val_00011141_rank391,255,255,0.81966,0
ILSVRC2012_val_00000389_with_ILSVRC2012_val_00004743_rank803,898,441,0.08709,13
ILSVRC2012_val_00000389_with_ILSVRC2012_val_00025527_rank244,0,132,0.22496,267
ILSVRC2012_val_00000389_with_ILSVRC2012_val_00016029_rank268,210,210,0.67529,0
ILSVRC2012_val_00000389_with_ILSVRC2012_val_00015006_rank890,787,472,0.49478,114
ILSVRC2012_val_00000389_with_ILSVRC2012_val_00027301_rank525,5,5,0.33703,0
ILSVRC2012_val_00000389_with_ILSVRC2012_val_00026461_rank520,517,517,0.81379,0
ILSVRC2012_val_00000389_with_ILSVRC2012_val_00008615_rank224,365,365,0.81914,0
ILSVRC2012_val_00000389_with_ILSVRC2012_val_00048884_rank594,456,456,0.39332,0
ILSVRC2012_val_00000389_with_ILSVRC2012_val_00034261_rank451,603,603,0.86168,0
ILSVRC2012_val_00000389_with_ILSVRC2012_val_00011123_rank220,397,397,0.88752,0
ILSVRC2012_val_00000389_with_ILSVRC2012_val_00029783_rank453,249,249,0.798,0
ILSVRC2012_val_00000389_with_ILSVRC2012_val_00002884_rank677,868,868,0.78596,0
ILSVRC2012_val_00000389_with_ILSVRC2012_val_00020431_rank743,709,709,0.31403,0
ILSVRC2012_val_00000389_with_ILSVRC2012_val_00023634_rank949,206,206,0.52025,0
ILSVRC2012_val_00000389_with_ILSVRC2012_val_00033843_rank398,174,174,0.8129,0
ILSVRC2012_val_00000389_with_ILSVRC2012_val_00037345_rank265,735,224,0.24974,112
ILSVRC2012_val_00000389_with_ILSVRC2012_val_00042575_rank839,631,437,0.15059,441
ILSVRC2012_val_00000389_with_ILSVRC2012_val_00045108_rank121,342,342,0.60179,0
ILSVRC2012_val_00000389_with_ILSVRC2012_val_00011439_rank325,872,872,0.1798,0
ILSVRC2012_val_00000389_with_ILSVRC2012_val_00006350_rank133,295,295,0.80443,0
ILSVRC2012_val_00000389_with_ILSVRC2012_val_00019962_rank354,192,192,0.57035,0
ILSVRC2012_val_00000389_with_ILSVRC2012_val_00000505_rank765,607,607,0.85912,0
ILSVRC2012_val_00000389_with_ILSVRC2012_val_00013732_rank775,529,529,0.34933,0
ILSVRC2012_val_00000389_with_ILSVRC2012_val_00041131_rank609,501,501,0.66824,0
ILSVRC2012_val_00000389_with_ILSVRC2012_val_00030084_rank857,775,348,0.05211,958
ILSVRC2012_val_00000389_with_ILSVRC2012_val_00030641_rank261,628,628,0.78763,0
ILSVRC2012_val_00000389_with_ILSVRC2012_val_00044740_rank971,827,463,0.13593,288
ILSVRC2012_val_00000389_with_ILSVRC2012_val_00015961_rank626,585,898,0.22552,11
ILSVRC2012_val_00000389_with_ILSVRC2012_val_00038421_rank191,947,947,0.5944,0
ILSVRC2012_val_00000389_with_ILSVRC2012_val_00022325_rank451,603,603,0.84496,0
ILSVRC2012_val_00000389_with_ILSVRC2012_val_00016319_rank131,270,270,0.79132,0
ILSVRC2012_val_00000389_with_ILSVRC2012_val_00022654_rank255,656,656,0.68976,0
ILSVRC2012_val_00000389_with_ILSVRC2012_val_00002658_rank078,139,139,0.69054,0
ILSVRC2012_val_00000389_with_ILSVRC2012_val_00005089_rank419,315,315,0.72639,0
ILSVRC2012_val_00000389_with_ILSVRC2012_val_00038985_rank963,633,458,0.47791,289
ILSVRC2012_val_00000389_with_ILSVRC2012_val_00022695_rank589,356,360,0.79086,4
ILSVRC2012_val_00000389_with_ILSVRC2012_val_00031087_rank941,686,686,0.87421,0
ILSVRC2012_val_00000389_with_ILSVRC2012_val_00044553_rank278,274,274,0.85782,0
ILSVRC2012_val_00000389_with_ILSVRC2012_val_00048479_rank502,820,820,0.84556,0
ILSVRC2012_val_00000389_with_ILSVRC2012_val_00000030_rank140,858,472,0.56167,471
ILSVRC2012_val_00000389_with_ILSVRC2012_val_00003413_rank476,229,229,0.55764,0
ILSVRC2012_val_00000389_with_ILSVRC2012_val_00037704_rank085,337,337,0.77693,0
ILSVRC2012_val_00000389_with_ILSVRC2012_val_00012813_rank506,834,552,0.13237,29
ILSVRC2012_val_00000389_with_ILSVRC2012_val_00016392_rank820,54,54,0.89055,0
ILSVRC2012_val_00000389_with_ILSVRC2012_val_00033634_rank319,246,251,0.62428,4
ILSVRC2012_val_00000389_with_ILSVRC2012_val_00016694_rank272,299,294,0.52494,73
ILSVRC2012_val_00000389_with_ILSVRC2012_val_00004465_rank267,670,670,0.54956,0
ILSVRC2012_val_00000389_with_ILSVRC2012_val_00001560_rank356,522,522,0.66927,0
ILSVRC2012_val_00000389_with_ILSVRC2012_val_00023829_rank744,828,647,0.50309,2
ILSVRC2012_val_00000389_with_ILSVRC2012_val_00026337_rank473,727,727,0.76391,0
ILSVRC2012_val_00000389_with_ILSVRC2012_val_00003833_rank066,85,85,0.80467,0
ILSVRC2012_val_00000389_with_ILSVRC2012_val_00020792_rank240,310,78,0.67885,14
ILSVRC2012_val_00000389_with_ILSVRC2012_val_00020766_rank118,215,215,0.69726,0
ILSVRC2012_val_00000389_with_ILSVRC2012_val_00014287_rank601,482,482,0.4076,0
ILSVRC2012_val_00000389_with_ILSVRC2012_val_00020934_rank069,349,209,0.15124,34
ILSVRC2012_val_00000389_with_ILSVRC2012_val_00049658_rank895,492,492,0.62978,0
ILSVRC2012_val_00000389_with_ILSVRC2012_val_00016287_rank748,67,67,0.84594,0
ILSVRC2012_val_00000389_with_ILSVRC2012_val_00036728_rank228,162,166,0.50354,2
ILSVRC2012_val_00000389_with_ILSVRC2012_val_00041711_rank365,843,843,0.60982,0
ILSVRC2012_val_00000389_with_ILSVRC2012_val_00012908_rank992,438,438,0.68148,0
ILSVRC2012_val_00000389_with_ILSVRC2012_val_00018848_rank080,39,39,0.80864,0
ILSVRC2012_val_00000389_with_ILSVRC2012_val_00013233_rank982,783,783,0.73268,0
ILSVRC2012_val_00000389_with_ILSVRC2012_val_00030563_rank179,70,70,0.80995,0
ILSVRC2012_val_00000389_with_ILSVRC2012_val_00013387_rank454,256,256,0.70213,0
ILSVRC2012_val_00000389_with_ILSVRC2012_val_00044275_rank354,192,192,0.27429,0
ILSVRC2012_val_00000389_with_ILSVRC2012_val_00007928_rank763,254,254,0.83504,0
ILSVRC2012_val_00000389_with_ILSVRC2012_val_00034285_rank838,653,653,0.87793,0
ILSVRC2012_val_00000389_with_ILSVRC2012_val_00005671_rank392,862,693,0.31331,32
ILSVRC2012_val_00000389_with_ILSVRC2012_val_00007390_rank111,94,94,0.84574,0
ILSVRC2012_val_00000389_with_ILSVRC2012_val_00016668_rank246,184,184,0.55447,0
ILSVRC2012_val_00000389_with_ILSVRC2012_val_00031842_rank260,780,914,0.6549,1
ILSVRC2012_val_00000389_with_ILSVRC2012_val_00014323_rank212,698,698,0.67227,0
ILSVRC2012_val_00000389_with_ILSVRC2012_val_00005444_rank562,473,473,0.64551,0
ILSVRC2012_val_00000389_with_ILSVRC2012_val_00045418_rank748,67,67,0.96068,0
ILSVRC2012_val_00000389_with_ILSVRC2012_val_00007813_rank390,247,247,0.76615,0
ILSVRC2012_val_00000389_with_ILSVRC2012_val_00037020_rank046,343,347,0.36132,17
ILSVRC2012_val_00000389_with_ILSVRC2012_val_00041936_rank773,626,862,0.46442,10
ILSVRC2012_val_00000389_with_ILSVRC2012_val_00046349_rank508,41,41,0.78103,0
ILSVRC2012_val_00000389_with_ILSVRC2012_val_00021110_rank997,528,528,0.78581,0
ILSVRC2012_val_00000389_with_ILSVRC2012_val_00024431_rank354,192,226,0.31454,15
ILSVRC2012_val_00000389_with_ILSVRC2012_val_00024235_rank244,0,132,0.22496,267
ILSVRC2012_val_00000389_with_ILSVRC2012_val_00020859_rank180,280,280,0.74441,0
ILSVRC2012_val_00000389_with_ILSVRC2012_val_00046978_rank027,97,97,0.80057,0
ILSVRC2012_val_00000389_with_ILSVRC2012_val_00005518_rank429,880,880,0.83171,0
ILSVRC2012_val_00000389_with_ILSVRC2012_val_00003901_rank797,785,693,0.27749,267
ILSVRC2012_val_00000389_with_ILSVRC2012_val_00029801_rank179,70,70,0.15037,0
ILSVRC2012_val_00000389_with_ILSVRC2012_val_00043456_rank020,136,136,0.75136,0
ILSVRC2012_val_00000389_with_ILSVRC2012_val_00025774_rank880,540,540,0.76094,0
ILSVRC2012_val_00000389_with_ILSVRC2012_val_00046278_rank260,780,780,0.78971,0
ILSVRC2012_val_00000389_with_ILSVRC2012_val_00029404_rank481,592,592,0.87846,0
ILSVRC2012_val_00000389_with_ILSVRC2012_val_00028713_rank281,1,207,0.27741,133
ILSVRC2012_val_00000389_with_ILSVRC2012_val_00034141_rank836,647,647,0.55912,0
ILSVRC2012_val_00000389_with_ILSVRC2012_val_00027211_rank654,510,510,0.79485,0
ILSVRC2012_val_00000389_with_ILSVRC2012_val_00001115_rank579,962,962,0.20185,0
ILSVRC2012_val_00000389_with_ILSVRC2012_val_00018537_rank837,430,430,0.83262,0
ILSVRC2012_val_00000389_with_ILSVRC2012_val_00036977_rank511,216,216,0.86358,0
ILSVRC2012_val_00000389_with_ILSVRC2012_val_00044489_rank289,462,847,0.26492,246
ILSVRC2012_val_00000389_with_ILSVRC2012_val_00022221_rank531,983,879,0.36996,422
ILSVRC2012_val_00000389_with_ILSVRC2012_val_00027411_rank375,871,871,0.78334,0
ILSVRC2012_val_00000389_with_ILSVRC2012_val_00028375_rank849,610,610,0.23372,0
ILSVRC2012_val_00000389_with_ILSVRC2012_val_00045442_rank237,316,316,0.84265,0
ILSVRC2012_val_00000389_with_ILSVRC2012_val_00020994_rank846,33,33,0.47754,0
ILSVRC2012_val_00000389_with_ILSVRC2012_val_00036206_rank979,739,883,0.72069,57
ILSVRC2012_val_00000389_with_ILSVRC2012_val_00022317_rank440,617,758,0.17343,815
ILSVRC2012_val_00000389_with_ILSVRC2012_val_00049843_rank484,408,408,0.79634,0
ILSVRC2012_val_00000389_with_ILSVRC2012_val_00005229_rank629,836,441,0.34987,66
ILSVRC2012_val_00000389_with_ILSVRC2012_val_00019219_rank196,223,223,0.83572,0
ILSVRC2012_val_00000389_with_ILSVRC2012_val_00007020_rank498,602,733,0.57071,5
ILSVRC2012_val_00000389_with_ILSVRC2012_val_00030502_rank394,291,291,0.84073,0
ILSVRC2012_val_00000389_with_ILSVRC2012_val_00006790_rank045,82,133,0.64777,12
ILSVRC2012_val_00000389_with_ILSVRC2012_val_00020067_rank891,816,816,0.63863,0
ILSVRC2012_val_00000389_with_ILSVRC2012_val_00030228_rank405,195,195,0.64442,0
ILSVRC2012_val_00000389_with_ILSVRC2012_val_00046990_rank821,889,21,0.29797,643
ILSVRC2012_val_00000389_with_ILSVRC2012_val_00047146_rank731,262,262,0.73166,0
ILSVRC2012_val_00000389_with_ILSVRC2012_val_00021717_rank136,734,864,0.73632,11
ILSVRC2012_val_00000389_with_ILSVRC2012_val_00020450_rank140,858,449,0.37572,11
ILSVRC2012_val_00000389_with_ILSVRC2012_val_00004138_rank770,461,524,0.50721,1
ILSVRC2012_val_00000389_with_ILSVRC2012_val_00046121_rank230,864,864,0.71345,0
ILSVRC2012_val_00000389_with_ILSVRC2012_val_00025240_rank655,681,681,0.72619,0
ILSVRC2012_val_00000389_with_ILSVRC2012_val_00015807_rank675,153,153,0.71149,0
ILSVRC2012_val_00000389_with_ILSVRC2012_val_00007305_rank615,457,457,0.77885,0
ILSVRC2012_val_00000389_with_ILSVRC2012_val_00007595_rank388,213,213,0.85168,0
ILSVRC2012_val_00000389_with_ILSVRC2012_val_00028573_rank028,86,86,0.52395,0
ILSVRC2012_val_00000389_with_ILSVRC2012_val_00036111_rank722,905,831,0.13766,10
ILSVRC2012_val_00000389_with_ILSVRC2012_val_00010472_rank337,289,289,0.84542,0
ILSVRC2012_val_00000389_with_ILSVRC2012_val_00008510_rank115,20,20,0.53955,0
ILSVRC2012_val_00000389_with_ILSVRC2012_val_00048726_rank326,493,449,0.50191,619
ILSVRC2012_val_00000389_with_ILSVRC2012_val_00047595_rank331,717,717,0.73125,0
ILSVRC2012_val_00000389_with_ILSVRC2012_val_00042174_rank446,495,495,0.68124,0
ILSVRC2012_val_00000389_with_ILSVRC2012_val_00043911_rank643,459,459,0.86095,0
ILSVRC2012_val_00000389_with_ILSVRC2012_val_00019531_rank186,3,728,0.55381,608
ILSVRC2012_val_00000389_with_ILSVRC2012_val_00019045_rank020,136,136,0.83776,0
ILSVRC2012_val_00000389_with_ILSVRC2012_val_00011954_rank914,732,732,0.79,0
ILSVRC2012_val_00000389_with_ILSVRC2012_val_00003934_rank615,457,833,0.23039,542
ILSVRC2012_val_00000389_with_ILSVRC2012_val_00045759_rank625,831,831,0.66451,0
ILSVRC2012_val_00000389_with_ILSVRC2012_val_00033863_rank534,30,30,0.29754,0
ILSVRC2012_val_00000389_with_ILSVRC2012_val_00033314_rank737,451,451,0.85132,0
ILSVRC2012_val_00000389_with_ILSVRC2012_val_00017895_rank538,933,933,0.57607,0
ILSVRC2012_val_00000389_with_ILSVRC2012_val_00047328_rank295,107,840,0.21171,540
ILSVRC2012_val_00000389_with_ILSVRC2012_val_00023231_rank350,243,243,0.87393,0
ILSVRC2012_val_00000389_with_ILSVRC2012_val_00005013_rank572,526,681,0.27795,11
ILSVRC2012_val_00000389_with_ILSVRC2012_val_00004335_rank509,73,133,0.20228,403
ILSVRC2012_val_00000389_with_ILSVRC2012_val_00015890_rank491,749,386,0.52736,776
ILSVRC2012_val_00000389_with_ILSVRC2012_val_00013968_rank868,463,463,0.83752,0
ILSVRC2012_val_00000389_with_ILSVRC2012_val_00017079_rank099,395,132,0.08483,56
ILSVRC2012_val_00000389_with_ILSVRC2012_val_00029446_rank602,822,541,0.83588,1
ILSVRC2012_val_00000389_with_ILSVRC2012_val_00037242_rank791,845,657,0.30664,45
ILSVRC2012_val_00000389_with_ILSVRC2012_val_00044082_rank135,90,90,0.82945,0
ILSVRC2012_val_00000389_with_ILSVRC2012_val_00044667_rank325,872,872,0.78124,0
ILSVRC2012_val_00000389_with_ILSVRC2012_val_00047511_rank817,813,693,0.61375,31
ILSVRC2012_val_00000389_with_ILSVRC2012_val_00040591_rank687,413,764,0.55017,1
ILSVRC2012_val_00000389_with_ILSVRC2012_val_00007924_rank739,593,593,0.60373,0
ILSVRC2012_val_00000389_with_ILSVRC2012_val_00047156_rank003,131,131,0.81814,0
ILSVRC2012_val_00000389_with_ILSVRC2012_val_00006371_rank375,871,484,0.48667,1
ILSVRC2012_val_00000389_with_ILSVRC2012_val_00004555_rank619,47,209,0.71734,818
ILSVRC2012_val_00000389_with_ILSVRC2012_val_00035628_rank456,239,239,0.70539,0
ILSVRC2012_val_00000389_with_ILSVRC2012_val_00015447_rank934,942,942,0.79486,0
ILSVRC2012_val_00000389_with_ILSVRC2012_val_00045529_rank361,123,124,0.77163,1
ILSVRC2012_val_00000389_with_ILSVRC2012_val_00030501_rank786,601,646,0.06894,182
ILSVRC2012_val_00000389_with_ILSVRC2012_val_00035944_rank445,203,203,0.34645,0
ILSVRC2012_val_00000389_with_ILSVRC2012_val_00000416_rank727,856,471,0.22557,14
ILSVRC2012_val_00000389_with_ILSVRC2012_val_00031640_rank511,216,216,0.83574,0
ILSVRC2012_val_00000389_with_ILSVRC2012_val_00015772_rank701,597,597,0.82522,0
ILSVRC2012_val_00000389_with_ILSVRC2012_val_00021507_rank580,595,595,0.84098,0
ILSVRC2012_val_00000389_with_ILSVRC2012_val_00004580_rank407,69,69,0.74534,0
ILSVRC2012_val_00000389_with_ILSVRC2012_val_00000013_rank058,370,370,0.76738,0
ILSVRC2012_val_00000389_with_ILSVRC2012_val_00045579_rank614,688,688,0.86101,0
ILSVRC2012_val_00000389_with_ILSVRC2012_val_00001187_rank706,321,321,0.81163,0
ILSVRC2012_val_00000389_with_ILSVRC2012_val_00023170_rank095,958,958,0.84468,0
ILSVRC2012_val_00000389_with_ILSVRC2012_val_00031989_rank320,377,377,0.81882,0
ILSVRC2012_val_00000389_with_ILSVRC2012_val_00028572_rank199,242,242,0.69937,0
ILSVRC2012_val_00000389_with_ILSVRC2012_val_00015652_rank095,958,958,0.224,0
ILSVRC2012_val_00000389_with_ILSVRC2012_val_00047645_rank323,695,695,0.79647,0
ILSVRC2012_val_00000389_with_ILSVRC2012_val_00009655_rank751,897,897,0.7701,0
ILSVRC2012_val_00000389_with_ILSVRC2012_val_00044477_rank890,787,787,0.62283,0
ILSVRC2012_val_00000389_with_ILSVRC2012_val_00009997_rank249,866,866,0.75024,0
ILSVRC2012_val_00000389_with_ILSVRC2012_val_00049770_rank360,335,335,0.79223,0
ILSVRC2012_val_00000389_with_ILSVRC2012_val_00007612_rank206,768,768,0.64445,0
ILSVRC2012_val_00000389_with_ILSVRC2012_val_00036240_rank390,247,247,0.67204,0
ILSVRC2012_val_00000389_with_ILSVRC2012_val_00013366_rank187,554,724,0.61352,17
ILSVRC2012_val_00000389_with_ILSVRC2012_val_00001770_rank838,653,603,0.77272,74
ILSVRC2012_val_00000389_with_ILSVRC2012_val_00004470_rank264,972,853,0.36766,20
ILSVRC2012_val_00000389_with_ILSVRC2012_val_00040773_rank710,233,233,0.53974,0
ILSVRC2012_val_00000389_with_ILSVRC2012_val_00036978_rank975,811,519,0.21155,84
ILSVRC2012_val_00000389_with_ILSVRC2012_val_00042879_rank183,385,385,0.67,0
ILSVRC2012_val_00000389_with_ILSVRC2012_val_00003427_rank696,792,792,0.58642,0
ILSVRC2012_val_00000389_with_ILSVRC2012_val_00010301_rank484,408,609,0.71238,6
ILSVRC2012_val_00000389_with_ILSVRC2012_val_00032173_rank172,483,483,0.64735,0
ILSVRC2012_val_00000389_with_ILSVRC2012_val_00015058_rank695,861,861,0.35587,0
ILSVRC2012_val_00000389_with_ILSVRC2012_val_00045312_rank294,661,661,0.86103,0
ILSVRC2012_val_00000389_with_ILSVRC2012_val_00009328_rank560,521,521,0.32669,0
ILSVRC2012_val_00000389_with_ILSVRC2012_val_00034919_rank345,59,59,0.37277,0
ILSVRC2012_val_00000389_with_ILSVRC2012_val_00035588_rank494,809,843,0.61737,634
ILSVRC2012_val_00000389_with_ILSVRC2012_val_00040546_rank176,217,217,0.59878,0
ILSVRC2012_val_00000389_with_ILSVRC2012_val_00041125_rank464,802,346,0.22773,324
ILSVRC2012_val_00000389_with_ILSVRC2012_val_00030959_rank055,347,347,0.84184,0
ILSVRC2012_val_00000389_with_ILSVRC2012_val_00038592_rank966,851,851,0.3508,0
ILSVRC2012_val_00000389_with_ILSVRC2012_val_00015820_rank911,409,409,0.40754,0
ILSVRC2012_val_00000389_with_ILSVRC2012_val_00015331_rank488,513,471,0.52137,53
ILSVRC2012_val_00000389_with_ILSVRC2012_val_00028587_rank465,959,959,0.78252,0
ILSVRC2012_val_00000389_with_ILSVRC2012_val_00027236_rank207,912,912,0.76856,0
ILSVRC2012_val_00000389_with_ILSVRC2012_val_00034051_rank776,392,392,0.849,0
ILSVRC2012_val_00000389_with_ILSVRC2012_val_00039107_rank162,989,989,0.54894,0
ILSVRC2012_val_00000389_with_ILSVRC2012_val_00033575_rank226,25,25,0.71072,0
ILSVRC2012_val_00000389_with_ILSVRC2012_val_00030264_rank126,682,449,0.3846,528
ILSVRC2012_val_00000389_with_ILSVRC2012_val_00002446_rank920,676,758,0.21246,274
ILSVRC2012_val_00000389_with_ILSVRC2012_val_00041806_rank238,466,466,0.50085,0
ILSVRC2012_val_00000389_with_ILSVRC2012_val_00002921_rank565,227,227,0.55599,0
ILSVRC2012_val_00000389_with_ILSVRC2012_val_00022143_rank960,722,722,0.74185,0
ILSVRC2012_val_00000389_with_ILSVRC2012_val_00010916_rank994,711,838,0.13067,16
ILSVRC2012_val_00000389_with_ILSVRC2012_val_00047966_rank539,953,953,0.75517,0
ILSVRC2012_val_00000389_with_ILSVRC2012_val_00045227_rank329,309,309,0.57568,0
ILSVRC2012_val_00000389_with_ILSVRC2012_val_00008739_rank413,177,177,0.42611,0
ILSVRC2012_val_00000389_with_ILSVRC2012_val_00025031_rank545,368,368,0.73748,0
ILSVRC2012_val_00000389_with_ILSVRC2012_val_00003269_rank132,181,181,0.81461,0
ILSVRC2012_val_00000389_with_ILSVRC2012_val_00042137_rank768,481,481,0.69151,0
ILSVRC2012_val_00000389_with_ILSVRC2012_val_00003361_rank078,139,139,0.71372,0
ILSVRC2012_val_00000389_with_ILSVRC2012_val_00024667_rank527,925,925,0.49063,0
ILSVRC2012_val_00000389_with_ILSVRC2012_val_00040307_rank479,728,728,0.61287,0
ILSVRC2012_val_00000389_with_ILSVRC2012_val_00024855_rank796,505,505,0.65217,0
ILSVRC2012_val_00000389_with_ILSVRC2012_val_00021251_rank267,670,670,0.43933,0
ILSVRC2012_val_00000389_with_ILSVRC2012_val_00042065_rank617,616,616,0.85826,0
ILSVRC2012_val_00000389_with_ILSVRC2012_val_00038733_rank497,936,936,0.79815,0
ILSVRC2012_val_00000389_with_ILSVRC2012_val_00019950_rank577,453,454,0.36322,4
ILSVRC2012_val_00000389_with_ILSVRC2012_val_00047757_rank513,194,194,0.81683,0
ILSVRC2012_val_00000389_with_ILSVRC2012_val_00027465_rank855,745,745,0.06029,0
ILSVRC2012_val_00000389_with_ILSVRC2012_val_00015530_rank383,997,997,0.59123,0
ILSVRC2012_val_00000389_with_ILSVRC2012_val_00038517_rank834,804,804,0.88371,0
ILSVRC2012_val_00000389_with_ILSVRC2012_val_00016549_rank304,779,779,0.87188,0
ILSVRC2012_val_00000389_with_ILSVRC2012_val_00033310_rank675,153,222,0.73307,22
ILSVRC2012_val_00000389_with_ILSVRC2012_val_00021572_rank328,378,22,0.25838,65
ILSVRC2012_val_00000389_with_ILSVRC2012_val_00044440_rank135,90,90,0.82974,0
ILSVRC2012_val_00000389_with_ILSVRC2012_val_00045413_rank058,370,370,0.44159,0
ILSVRC2012_val_00000389_with_ILSVRC2012_val_00008700_rank339,693,21,0.14408,313
ILSVRC2012_val_00000389_with_ILSVRC2012_val_00016886_rank161,172,172,0.81173,0
ILSVRC2012_val_00000389_with_ILSVRC2012_val_00039989_rank925,636,431,0.05797,90
ILSVRC2012_val_00000389_with_ILSVRC2012_val_00009572_rank442,396,396,0.66656,0
ILSVRC2012_val_00000389_with_ILSVRC2012_val_00003780_rank555,764,872,0.21537,9
ILSVRC2012_val_00000389_with_ILSVRC2012_val_00027448_rank750,283,285,0.08895,9
ILSVRC2012_val_00000389_with_ILSVRC2012_val_00048254_rank416,157,232,0.50979,6
ILSVRC2012_val_00000389_with_ILSVRC2012_val_00037298_rank988,902,902,0.25556,0
ILSVRC2012_val_00000389_with_ILSVRC2012_val_00004042_rank105,269,269,0.69404,0
ILSVRC2012_val_00000389_with_ILSVRC2012_val_00002800_rank639,842,735,0.53862,149
ILSVRC2012_val_00000389_with_ILSVRC2012_val_00009126_rank126,682,682,0.56641,0
ILSVRC2012_val_00000389_with_ILSVRC2012_val_00030332_rank802,939,938,0.7527,9
ILSVRC2012_val_00000389_with_ILSVRC2012_val_00008284_rank456,239,239,0.60459,0
ILSVRC2012_val_00000389_with_ILSVRC2012_val_00013264_rank090,373,373,0.42234,0
ILSVRC2012_val_00000389_with_ILSVRC2012_val_00043287_rank347,652,346,0.21435,204
ILSVRC2012_val_00000389_with_ILSVRC2012_val_00003980_rank877,401,401,0.7744,0
ILSVRC2012_val_00000389_with_ILSVRC2012_val_00020328_rank622,452,721,0.11727,15
ILSVRC2012_val_00000389_with_ILSVRC2012_val_00009607_rank273,573,814,0.335,16
ILSVRC2012_val_00000389_with_ILSVRC2012_val_00040538_rank051,15,15,0.73948,0
ILSVRC2012_val_00000389_with_ILSVRC2012_val_00017285_rank748,67,67,0.82693,0
ILSVRC2012_val_00000389_with_ILSVRC2012_val_00029950_rank162,989,989,0.71612,0
ILSVRC2012_val_00000389_with_ILSVRC2012_val_00026656_rank042,17,17,0.55172,0
ILSVRC2012_val_00000389_with_ILSVRC2012_val_00020087_rank537,910,567,0.30743,10
ILSVRC2012_val_00000389_with_ILSVRC2012_val_00044772_rank731,262,262,0.76514,0
ILSVRC2012_val_00000389_with_ILSVRC2012_val_00046970_rank869,450,450,0.74844,0
ILSVRC2012_val_00000389_with_ILSVRC2012_val_00044262_rank661,26,353,0.7165,170
ILSVRC2012_val_00000389_with_ILSVRC2012_val_00036452_rank985,680,680,0.13793,0
ILSVRC2012_val_00000389_with_ILSVRC2012_val_00013831_rank877,401,401,0.84582,0
ILSVRC2012_val_00000389_with_ILSVRC2012_val_00015450_rank001,134,134,0.81619,0
ILSVRC2012_val_00000389_with_ILSVRC2012_val_00006656_rank815,541,975,0.16551,720
ILSVRC2012_val_00000389_with_ILSVRC2012_val_00042225_rank648,68,66,0.17359,1
ILSVRC2012_val_00000389_with_ILSVRC2012_val_00032018_rank282,179,179,0.70226,0
ILSVRC2012_val_00000389_with_ILSVRC2012_val_00039162_rank899,447,128,0.13702,667
ILSVRC2012_val_00000389_with_ILSVRC2012_val_00047810_rank373,56,61,0.49779,1
ILSVRC2012_val_00000389_with_ILSVRC2012_val_00009474_rank031,272,272,0.76651,0
ILSVRC2012_val_00000389_with_ILSVRC2012_val_00031383_rank558,403,833,0.24674,3
ILSVRC2012_val_00000389_with_ILSVRC2012_val_00003062_rank895,492,492,0.40767,0
ILSVRC2012_val_00000389_with_ILSVRC2012_val_00034049_rank445,203,186,0.21018,11
ILSVRC2012_val_00000389_with_ILSVRC2012_val_00004514_rank120,985,985,0.75909,0
ILSVRC2012_val_00000389_with_ILSVRC2012_val_00024740_rank017,137,137,0.7428,0
ILSVRC2012_val_00000389_with_ILSVRC2012_val_00041776_rank559,183,267,0.74072,9
ILSVRC2012_val_00000389_with_ILSVRC2012_val_00026624_rank655,681,681,0.66224,0
ILSVRC2012_val_00000389_with_ILSVRC2012_val_00029784_rank796,505,505,0.59998,0
ILSVRC2012_val_00000389_with_ILSVRC2012_val_00000989_rank414,998,998,0.33828,0
ILSVRC2012_val_00000389_with_ILSVRC2012_val_00017419_rank863,736,472,0.72792,111
ILSVRC2012_val_00000389_with_ILSVRC2012_val_00049376_rank262,833,833,0.89181,0
ILSVRC2012_val_00000389_with_ILSVRC2012_val_00004677_rank281,1,88,0.32705,23
ILSVRC2012_val_00000389_with_ILSVRC2012_val_00037065_rank854,931,931,0.86539,0
ILSVRC2012_val_00000389_with_ILSVRC2012_val_00009393_rank002,132,132,0.71976,0
ILSVRC2012_val_00000389_with_ILSVRC2012_val_00020883_rank892,707,480,0.75273,2
ILSVRC2012_val_00000389_with_ILSVRC2012_val_00047021_rank221,293,293,0.80251,0
ILSVRC2012_val_00000389_with_ILSVRC2012_val_00044536_rank658,531,531,0.8314,0
ILSVRC2012_val_00000389_with_ILSVRC2012_val_00041523_rank951,699,699,0.66086,0
ILSVRC2012_val_00000389_with_ILSVRC2012_val_00037955_rank260,780,780,0.45968,0
ILSVRC2012_val_00000389_with_ILSVRC2012_val_00039400_rank091,344,344,0.85632,0
ILSVRC2012_val_00000389_with_ILSVRC2012_val_00008195_rank420,654,654,0.65984,0
ILSVRC2012_val_00000389_with_ILSVRC2012_val_00017843_rank238,466,466,0.7753,0
ILSVRC2012_val_00000389_with_ILSVRC2012_val_00044219_rank418,556,556,0.76793,0
ILSVRC2012_val_00000389_with_ILSVRC2012_val_00034418_rank121,342,294,0.24844,7
ILSVRC2012_val_00000389_with_ILSVRC2012_val_00035383_rank761,798,798,0.68496,0
ILSVRC2012_val_00000389_with_ILSVRC2012_val_00048019_rank590,789,789,0.64018,0
ILSVRC2012_val_00000389_with_ILSVRC2012_val_00014975_rank541,267,267,0.78473,0
ILSVRC2012_val_00000389_with_ILSVRC2012_val_00007266_rank048,49,913,0.56541,92
ILSVRC2012_val_00000389_with_ILSVRC2012_val_00025311_rank829,685,685,0.75164,0
ILSVRC2012_val_00000389_with_ILSVRC2012_val_00026376_rank844,651,448,0.1331,391
ILSVRC2012_val_00000389_with_ILSVRC2012_val_00021099_rank798,423,703,0.09533,53
ILSVRC2012_val_00000389_with_ILSVRC2012_val_00014386_rank723,160,160,0.74157,0
ILSVRC2012_val_00000389_with_ILSVRC2012_val_00011143_rank201,323,323,0.84631,0
ILSVRC2012_val_00000389_with_ILSVRC2012_val_00013242_rank835,431,431,0.8172,0
ILSVRC2012_val_00000389_with_ILSVRC2012_val_00000404_rank846,33,33,0.53585,0
ILSVRC2012_val_00000389_with_ILSVRC2012_val_00007760_rank691,358,358,0.45599,0
ILSVRC2012_val_00000389_with_ILSVRC2012_val_00020884_rank850,534,534,0.65907,0
ILSVRC2012_val_00000389_with_ILSVRC2012_val_00010071_rank034,346,346,0.80565,0
ILSVRC2012_val_00000389_with_ILSVRC2012_val_00032919_rank500,957,957,0.82853,0
ILSVRC2012_val_00000389_with_ILSVRC2012_val_00001405_rank854,931,923,0.4067,12
ILSVRC2012_val_00000389_with_ILSVRC2012_val_00034176_rank004,127,127,0.82018,0
ILSVRC2012_val_00000389_with_ILSVRC2012_val_00049622_rank449,922,458,0.75224,4
ILSVRC2012_val_00000389_with_ILSVRC2012_val_00016789_rank983,720,463,0.42212,81
ILSVRC2012_val_00000389_with_ILSVRC2012_val_00006543_rank424,388,388,0.80832,0
ILSVRC2012_val_00000389_with_ILSVRC2012_val_00028349_rank791,845,913,0.11064,464
ILSVRC2012_val_00000389_with_ILSVRC2012_val_00044006_rank579,962,975,0.16411,880
ILSVRC2012_val_00000389_with_ILSVRC2012_val_00006612_rank385,286,286,0.78905,0
ILSVRC2012_val_00000389_with_ILSVRC2012_val_00000699_rank442,396,396,0.71501,0
ILSVRC2012_val_00000389_with_ILSVRC2012_val_00007103_rank772,859,859,0.76333,0
ILSVRC2012_val_00000389_with_ILSVRC2012_val_00000300_rank223,176,176,0.76719,0
ILSVRC2012_val_00000389_with_ILSVRC2012_val_00048299_rank648,68,66,0.50517,1
ILSVRC2012_val_00000389_with_ILSVRC2012_val_00045226_rank147,981,981,0.22296,0
ILSVRC2012_val_00000389_with_ILSVRC2012_val_00038566_rank044,376,376,0.86967,0
ILSVRC2012_val_00000389_with_ILSVRC2012_val_00032538_rank020,136,136,0.79832,0
ILSVRC2012_val_00000389_with_ILSVRC2012_val_00024799_rank277,863,863,0.7904,0
ILSVRC2012_val_00000389_with_ILSVRC2012_val_00047648_rank411,187,226,0.72677,26
ILSVRC2012_val_00000389_with_ILSVRC2012_val_00041147_rank470,228,181,0.72513,3
ILSVRC2012_val_00000389_with_ILSVRC2012_val_00010354_rank118,215,215,0.739,0
ILSVRC2012_val_00000389_with_ILSVRC2012_val_00020937_rank395,560,975,0.44491,992
ILSVRC2012_val_00000389_with_ILSVRC2012_val_00032737_rank272,299,293,0.47974,26
ILSVRC2012_val_00000389_with_ILSVRC2012_val_00038268_rank352,569,569,0.64884,0
ILSVRC2012_val_00000389_with_ILSVRC2012_val_00007065_rank569,78,78,0.72196,0
ILSVRC2012_val_00000389_with_ILSVRC2012_val_00002398_rank876,165,165,0.47949,0
ILSVRC2012_val_00000389_with_ILSVRC2012_val_00011104_rank636,332,332,0.12357,0
ILSVRC2012_val_00000389_with_ILSVRC2012_val_00030539_rank127,173,173,0.89178,0
ILSVRC2012_val_00000389_with_ILSVRC2012_val_00045384_rank304,779,705,0.41625,9
ILSVRC2012_val_00000389_with_ILSVRC2012_val_00048110_rank642,752,752,0.15542,0
ILSVRC2012_val_00000389_with_ILSVRC2012_val_00008586_rank303,43,43,0.48996,0
ILSVRC2012_val_00000389_with_ILSVRC2012_val_00035805_rank411,187,187,0.5016,0
ILSVRC2012_val_00000389_with_ILSVRC2012_val_00036594_rank730,561,561,0.85421,0
ILSVRC2012_val_00000389_with_ILSVRC2012_val_00006532_rank237,316,316,0.84947,0
ILSVRC2012_val_00000389_with_ILSVRC2012_val_00021863_rank915,683,472,0.13965,815
ILSVRC2012_val_00000389_with_ILSVRC2012_val_00040291_rank511,216,216,0.83074,0
ILSVRC2012_val_00000389_with_ILSVRC2012_val_00049618_rank589,356,356,0.52221,0
ILSVRC2012_val_00000389_with_ILSVRC2012_val_00024964_rank355,496,496,0.92204,0
ILSVRC2012_val_00000389_with_ILSVRC2012_val_00041621_rank082,83,83,0.84653,0
ILSVRC2012_val_00000389_with_ILSVRC2012_val_00029481_rank493,2,2,0.83763,0
ILSVRC2012_val_00000389_with_ILSVRC2012_val_00028514_rank800,244,240,0.22387,15
ILSVRC2012_val_00000389_with_ILSVRC2012_val_00031853_rank460,949,949,0.77575,0
ILSVRC2012_val_00000389_with_ILSVRC2012_val_00036508_rank730,561,561,0.8461,0
ILSVRC2012_val_00000389_with_ILSVRC2012_val_00043039_rank885,929,472,0.25176,438
ILSVRC2012_val_00000389_with_ILSVRC2012_val_00011374_rank201,323,323,0.84503,0
ILSVRC2012_val_00000389_with_ILSVRC2012_val_00020797_rank920,676,208,0.13849,74
ILSVRC2012_val_00000389_with_ILSVRC2012_val_00038481_rank866,650,234,0.25237,568
ILSVRC2012_val_00000389_with_ILSVRC2012_val_00035661_rank862,786,786,0.73512,0
ILSVRC2012_val_00000389_with_ILSVRC2012_val_00000388_rank989,420,420,0.80748,0
ILSVRC2012_val_00000389_with_ILSVRC2012_val_00033535_rank595,758,128,0.77255,585
ILSVRC2012_val_00000389_with_ILSVRC2012_val_00018620_rank128,825,825,0.20044,0
ILSVRC2012_val_00000389_with_ILSVRC2012_val_00023464_rank100,72,72,0.64178,0
ILSVRC2012_val_00000389_with_ILSVRC2012_val_00005991_rank344,665,665,0.67303,0
ILSVRC2012_val_00000389_with_ILSVRC2012_val_00048570_rank406,306,306,0.92744,0
ILSVRC2012_val_00000389_with_ILSVRC2012_val_00010548_rank189,425,449,0.59498,1
ILSVRC2012_val_00000389_with_ILSVRC2012_val_00030425_rank625,831,831,0.65093,0
ILSVRC2012_val_00000389_with_ILSVRC2012_val_00025158_rank733,952,952,0.90383,0
ILSVRC2012_val_00000389_with_ILSVRC2012_val_00016531_rank821,889,889,0.41482,0
ILSVRC2012_val_00000389_with_ILSVRC2012_val_00041928_rank586,219,219,0.70065,0
ILSVRC2012_val_00000389_with_ILSVRC2012_val_00020785_rank281,1,1,0.85135,0
ILSVRC2012_val_00000389_with_ILSVRC2012_val_00049624_rank860,599,309,0.39564,2
ILSVRC2012_val_00000389_with_ILSVRC2012_val_00007981_rank773,626,494,0.0478,794
ILSVRC2012_val_00000389_with_ILSVRC2012_val_00038580_rank215,200,200,0.64838,0
ILSVRC2012_val_00000389_with_ILSVRC2012_val_00020627_rank664,116,116,0.88227,0
ILSVRC2012_val_00000389_with_ILSVRC2012_val_00006126_rank524,928,960,0.32073,1
ILSVRC2012_val_00000389_with_ILSVRC2012_val_00022150_rank447,586,586,0.76778,0
ILSVRC2012_val_00000389_with_ILSVRC2012_val_00002437_rank461,738,775,0.38778,179
ILSVRC2012_val_00000389_with_ILSVRC2012_val_00001640_rank026,353,352,0.47563,1
ILSVRC2012_val_00000389_with_ILSVRC2012_val_00018558_rank778,190,190,0.67749,0
ILSVRC2012_val_00000389_with_ILSVRC2012_val_00016914_rank875,596,632,0.61527,311
ILSVRC2012_val_00000389_with_ILSVRC2012_val_00015790_rank218,448,448,0.79733,0
ILSVRC2012_val_00000389_with_ILSVRC2012_val_00018693_rank913,969,572,0.7368,24
ILSVRC2012_val_00000389_with_ILSVRC2012_val_00041919_rank735,32,32,0.61044,0
ILSVRC2012_val_00000389_with_ILSVRC2012_val_00014795_rank939,826,560,0.39362,49
ILSVRC2012_val_00000389_with_ILSVRC2012_val_00035575_rank702,687,687,0.66035,0
ILSVRC2012_val_00000389_with_ILSVRC2012_val_00027832_rank154,913,913,0.82223,0
ILSVRC2012_val_00000389_with_ILSVRC2012_val_00040598_rank139,251,251,0.80625,0
ILSVRC2012_val_00000389_with_ILSVRC2012_val_00043109_rank311,914,484,0.78874,3
ILSVRC2012_val_00000389_with_ILSVRC2012_val_00045133_rank448,4,4,0.66764,0
ILSVRC2012_val_00000389_with_ILSVRC2012_val_00026195_rank741,741,401,0.13731,95
ILSVRC2012_val_00000389_with_ILSVRC2012_val_00046390_rank731,262,262,0.78536,0
ILSVRC2012_val_00000389_with_ILSVRC2012_val_00023490_rank480,412,412,0.54461,0
ILSVRC2012_val_00000389_with_ILSVRC2012_val_00045640_rank166,387,387,0.71359,0
ILSVRC2012_val_00000389_with_ILSVRC2012_val_00014966_rank240,310,310,0.84688,0
ILSVRC2012_val_00000389_with_ILSVRC2012_val_00026159_rank095,958,958,0.78296,0
ILSVRC2012_val_00000389_with_ILSVRC2012_val_00023937_rank494,809,809,0.74829,0
ILSVRC2012_val_00000389_with_ILSVRC2012_val_00001985_rank353,120,120,0.80563,0
ILSVRC2012_val_00000389_with_ILSVRC2012_val_00000326_rank906,359,359,0.60636,0
ILSVRC2012_val_00000389_with_ILSVRC2012_val_00005266_rank013,23,100,0.22184,29
ILSVRC2012_val_00000389_with_ILSVRC2012_val_00046589_rank608,488,488,0.79755,0
ILSVRC2012_val_00000389_with_ILSVRC2012_val_00019886_rank426,486,486,0.82674,0
ILSVRC2012_val_00000389_with_ILSVRC2012_val_00027397_rank312,511,511,0.52649,0
ILSVRC2012_val_00000389_with_ILSVRC2012_val_00014724_rank362,322,322,0.75335,0
ILSVRC2012_val_00000389_with_ILSVRC2012_val_00007482_rank409,44,44,0.72454,0
ILSVRC2012_val_00000389_with_ILSVRC2012_val_00019172_rank014,133,133,0.85274,0
ILSVRC2012_val_00000389_with_ILSVRC2012_val_00007502_rank567,700,700,0.27561,0
ILSVRC2012_val_00000389_with_ILSVRC2012_val_00023792_rank925,636,748,0.2975,1
ILSVRC2012_val_00000389_with_ILSVRC2012_val_00040389_rank539,953,134,0.27393,544
ILSVRC2012_val_00000389_with_ILSVRC2012_val_00011813_rank952,589,975,0.17943,658
ILSVRC2012_val_00000389_with_ILSVRC2012_val_00036046_rank136,734,734,0.25427,0
ILSVRC2012_val_00000389_with_ILSVRC2012_val_00009915_rank316,474,474,0.34203,0
ILSVRC2012_val_00000389_with_ILSVRC2012_val_00009796_rank863,736,736,0.82402,0
ILSVRC2012_val_00000389_with_ILSVRC2012_val_00003472_rank001,134,134,0.78479,0
ILSVRC2012_val_00000389_with_ILSVRC2012_val_00002925_rank497,936,936,0.88466,0
ILSVRC2012_val_00000389_with_ILSVRC2012_val_00036987_rank972,790,950,0.70217,58
ILSVRC2012_val_00000389_with_ILSVRC2012_val_00015205_rank586,219,219,0.66147,0
ILSVRC2012_val_00000389_with_ILSVRC2012_val_00014963_rank073,212,212,0.80986,0
ILSVRC2012_val_00000389_with_ILSVRC2012_val_00017659_rank733,952,948,0.83181,4
ILSVRC2012_val_00000389_with_ILSVRC2012_val_00008306_rank970,885,501,0.31263,3
ILSVRC2012_val_00000389_with_ILSVRC2012_val_00005399_rank257,649,649,0.15114,0
ILSVRC2012_val_00000389_with_ILSVRC2012_val_00027876_rank171,557,413,0.57948,672
ILSVRC2012_val_00000389_with_ILSVRC2012_val_00048548_rank259,51,23,0.13709,208
ILSVRC2012_val_00000389_with_ILSVRC2012_val_00025970_rank496,202,202,0.61805,0
ILSVRC2012_val_00000389_with_ILSVRC2012_val_00007801_rank871,252,252,0.78055,0
ILSVRC2012_val_00000389_with_ILSVRC2012_val_00036365_rank296,379,205,0.18801,94
ILSVRC2012_val_00000389_with_ILSVRC2012_val_00006075_rank028,86,86,0.57521,0
ILSVRC2012_val_00000389_with_ILSVRC2012_val_00009859_rank706,321,321,0.85217,0
ILSVRC2012_val_00000389_with_ILSVRC2012_val_00027719_rank714,941,417,0.47866,163
ILSVRC2012_val_00000389_with_ILSVRC2012_val_00010722_rank483,188,188,0.62721,0
ILSVRC2012_val_00000389_with_ILSVRC2012_val_00028010_rank390,247,247,0.74231,0
ILSVRC2012_val_00000389_with_ILSVRC2012_val_00008797_rank922,542,843,0.18492,192
ILSVRC2012_val_00000389_with_ILSVRC2012_val_00004443_rank497,936,0,0.1525,76
ILSVRC2012_val_00000389_with_ILSVRC2012_val_00008353_rank610,520,520,0.44221,0
ILSVRC2012_val_00000389_with_ILSVRC2012_val_00000093_rank119,366,366,0.79693,0
ILSVRC2012_val_00000389_with_ILSVRC2012_val_00045762_rank265,735,735,0.37553,0
ILSVRC2012_val_00000389_with_ILSVRC2012_val_00003090_rank266,475,475,0.83869,0
ILSVRC2012_val_00000389_with_ILSVRC2012_val_00026055_rank959,470,470,0.72372,0
ILSVRC2012_val_00000389_with_ILSVRC2012_val_00006448_rank424,388,388,0.82422,0
ILSVRC2012_val_00000389_with_ILSVRC2012_val_00019244_rank316,474,474,0.66148,0
ILSVRC2012_val_00000389_with_ILSVRC2012_val_00040140_rank176,217,217,0.7296,0
ILSVRC2012_val_00000389_with_ILSVRC2012_val_00022496_rank332,701,701,0.85088,0
ILSVRC2012_val_00000389_with_ILSVRC2012_val_00000466_rank016,100,100,0.84458,0
ILSVRC2012_val_00000389_with_ILSVRC2012_val_00001414_rank958,220,220,0.38496,0
ILSVRC2012_val_00000389_with_ILSVRC2012_val_00014872_rank194,805,805,0.66821,0
ILSVRC2012_val_00000389_with_ILSVRC2012_val_00026795_rank421,444,444,0.85192,0
ILSVRC2012_val_00000389_with_ILSVRC2012_val_00028967_rank897,539,539,0.34882,0
ILSVRC2012_val_00000389_with_ILSVRC2012_val_00004175_rank295,107,879,0.57544,614
ILSVRC2012_val_00000389_with_ILSVRC2012_val_00032444_rank930,635,426,0.14488,1
ILSVRC2012_val_00000389_with_ILSVRC2012_val_00000218_rank616,77,77,0.72809,0
ILSVRC2012_val_00000389_with_ILSVRC2012_val_00043842_rank223,176,176,0.28761,0
ILSVRC2012_val_00000389_with_ILSVRC2012_val_00036601_rank475,111,701,0.28436,103
ILSVRC2012_val_00000389_with_ILSVRC2012_val_00029694_rank896,583,583,0.83046,0
ILSVRC2012_val_00000389_with_ILSVRC2012_val_00038692_rank597,760,410,0.10077,100
ILSVRC2012_val_00000389_with_ILSVRC2012_val_00035481_rank384,924,701,0.74594,868
ILSVRC2012_val_00000389_with_ILSVRC2012_val_00031103_rank842,38,38,0.89646,0
ILSVRC2012_val_00000389_with_ILSVRC2012_val_00027818_rank426,486,486,0.20136,0
ILSVRC2012_val_00000389_with_ILSVRC2012_val_00001366_rank811,126,126,0.49711,0
ILSVRC2012_val_00000389_with_ILSVRC2012_val_00045069_rank796,505,725,0.46649,4
ILSVRC2012_val_00000389_with_ILSVRC2012_val_00019225_rank178,410,410,0.60987,0
ILSVRC2012_val_00000389_with_ILSVRC2012_val_00011201_rank905,558,427,0.56156,910
ILSVRC2012_val_00000389_with_ILSVRC2012_val_00024300_rank393,329,329,0.66536,0
ILSVRC2012_val_00000389_with_ILSVRC2012_val_00029470_rank823,772,709,0.61683,41
ILSVRC2012_val_00000389_with_ILSVRC2012_val_00024002_rank883,731,731,0.1559,0
ILSVRC2012_val_00000389_with_ILSVRC2012_val_00029833_rank954,499,499,0.82893,0
