dataset_id,actual_class_index,prediction_class_index,prediction_probability,prediction_distance
ILSVRC2012_val_00008469_with_ILSVRC2012_val_00033111_rank397,945,945,0.46754,0
ILSVRC2012_val_00008469_with_ILSVRC2012_val_00045818_rank826,187,187,0.65215,0
ILSVRC2012_val_00008469_with_ILSVRC2012_val_00008470_rank814,885,958,0.54745,330
ILSVRC2012_val_00008469_with_ILSVRC2012_val_00038580_rank316,200,204,0.15367,1
ILSVRC2012_val_00008469_with_ILSVRC2012_val_00006515_rank262,547,547,0.60094,0
ILSVRC2012_val_00008469_with_ILSVRC2012_val_00044271_rank387,633,807,0.45117,179
ILSVRC2012_val_00008469_with_ILSVRC2012_val_00013063_rank619,402,402,0.26711,0
ILSVRC2012_val_00008469_with_ILSVRC2012_val_00024268_rank092,9,9,0.78509,0
ILSVRC2012_val_00008469_with_ILSVRC2012_val_00049470_rank413,755,835,0.2395,12
ILSVRC2012_val_00008469_with_ILSVRC2012_val_00010375_rank885,655,775,0.09225,5
ILSVRC2012_val_00008469_with_ILSVRC2012_val_00032358_rank189,53,58,0.3356,3
ILSVRC2012_val_00008469_with_ILSVRC2012_val_00043279_rank894,660,913,0.55172,39
ILSVRC2012_val_00008469_with_ILSVRC2012_val_00024726_rank027,98,98,0.84061,0
ILSVRC2012_val_00008469_with_ILSVRC2012_val_00033237_rank847,869,649,0.64541,418
ILSVRC2012_val_00008469_with_ILSVRC2012_val_00008985_rank956,452,533,0.30283,10
ILSVRC2012_val_00008469_with_ILSVRC2012_val_00007211_rank469,255,255,0.80128,0
ILSVRC2012_val_00008469_with_ILSVRC2012_val_00032843_rank185,89,131,0.23455,54
ILSVRC2012_val_00008469_with_ILSVRC2012_val_00042333_rank861,501,501,0.68847,0
ILSVRC2012_val_00008469_with_ILSVRC2012_val_00026493_rank197,544,544,0.53724,0
ILSVRC2012_val_00008469_with_ILSVRC2012_val_00042498_rank686,760,760,0.27798,0
ILSVRC2012_val_00008469_with_ILSVRC2012_val_00034073_rank577,674,674,0.73266,0
ILSVRC2012_val_00008469_with_ILSVRC2012_val_00039712_rank363,985,958,0.17799,185
ILSVRC2012_val_00008469_with_ILSVRC2012_val_00027938_rank342,995,719,0.14673,261
ILSVRC2012_val_00008469_with_ILSVRC2012_val_00010147_rank552,405,405,0.85357,0
ILSVRC2012_val_00008469_with_ILSVRC2012_val_00027326_rank790,923,977,0.12833,300
ILSVRC2012_val_00008469_with_ILSVRC2012_val_00029167_rank749,446,807,0.20047,311
ILSVRC2012_val_00008469_with_ILSVRC2012_val_00020220_rank236,973,649,0.54895,327
ILSVRC2012_val_00008469_with_ILSVRC2012_val_00044251_rank634,685,685,0.85072,0
ILSVRC2012_val_00008469_with_ILSVRC2012_val_00020616_rank338,328,328,0.814,0
ILSVRC2012_val_00008469_with_ILSVRC2012_val_00003700_rank171,370,370,0.80572,0
ILSVRC2012_val_00008469_with_ILSVRC2012_val_00003969_rank196,964,958,0.34904,708
ILSVRC2012_val_00008469_with_ILSVRC2012_val_00002183_rank679,414,414,0.51752,0
ILSVRC2012_val_00008469_with_ILSVRC2012_val_00000392_rank733,471,471,0.84444,0
ILSVRC2012_val_00008469_with_ILSVRC2012_val_00020963_rank917,158,158,0.74906,0
ILSVRC2012_val_00008469_with_ILSVRC2012_val_00011475_rank717,425,425,0.76823,0
ILSVRC2012_val_00008469_with_ILSVRC2012_val_00028455_rank216,341,346,0.19712,7
ILSVRC2012_val_00008469_with_ILSVRC2012_val_00000042_rank613,756,756,0.26873,0
ILSVRC2012_val_00008469_with_ILSVRC2012_val_00045032_rank739,867,346,0.20166,817
ILSVRC2012_val_00008469_with_ILSVRC2012_val_00016531_rank832,889,486,0.42805,1
ILSVRC2012_val_00008469_with_ILSVRC2012_val_00049622_rank326,922,458,0.51309,4
ILSVRC2012_val_00008469_with_ILSVRC2012_val_00045800_rank277,904,853,0.0961,249
ILSVRC2012_val_00008469_with_ILSVRC2012_val_00016240_rank630,281,281,0.57717,0
ILSVRC2012_val_00008469_with_ILSVRC2012_val_00001044_rank042,100,100,0.81503,0
ILSVRC2012_val_00008469_with_ILSVRC2012_val_00021478_rank452,306,306,0.84134,0
ILSVRC2012_val_00008469_with_ILSVRC2012_val_00043825_rank649,160,160,0.58737,0
ILSVRC2012_val_00008469_with_ILSVRC2012_val_00016037_rank376,914,914,0.16107,0
ILSVRC2012_val_00008469_with_ILSVRC2012_val_00016628_rank204,148,148,0.71432,0
ILSVRC2012_val_00008469_with_ILSVRC2012_val_00029591_rank550,171,171,0.75615,0
ILSVRC2012_val_00008469_with_ILSVRC2012_val_00043478_rank683,431,360,0.54248,821
ILSVRC2012_val_00008469_with_ILSVRC2012_val_00021029_rank566,512,512,0.66127,0
ILSVRC2012_val_00008469_with_ILSVRC2012_val_00049854_rank666,753,753,0.78559,0
ILSVRC2012_val_00008469_with_ILSVRC2012_val_00033088_rank063,101,386,0.73382,2
ILSVRC2012_val_00008469_with_ILSVRC2012_val_00001327_rank097,978,843,0.57295,52
ILSVRC2012_val_00008469_with_ILSVRC2012_val_00010009_rank734,803,730,0.54555,3
ILSVRC2012_val_00008469_with_ILSVRC2012_val_00026810_rank942,846,831,0.77666,12
ILSVRC2012_val_00008469_with_ILSVRC2012_val_00023318_rank817,907,737,0.7019,3
ILSVRC2012_val_00008469_with_ILSVRC2012_val_00007366_rank473,202,226,0.28509,4
ILSVRC2012_val_00008469_with_ILSVRC2012_val_00022564_rank963,593,595,0.37353,740
ILSVRC2012_val_00008469_with_ILSVRC2012_val_00028019_rank455,404,895,0.49296,2
ILSVRC2012_val_00008469_with_ILSVRC2012_val_00007358_rank344,621,621,0.7845,0
ILSVRC2012_val_00008469_with_ILSVRC2012_val_00002884_rank503,868,868,0.80189,0
ILSVRC2012_val_00008469_with_ILSVRC2012_val_00016258_rank142,51,51,0.75658,0
ILSVRC2012_val_00008469_with_ILSVRC2012_val_00024109_rank354,76,76,0.87989,0
ILSVRC2012_val_00008469_with_ILSVRC2012_val_00034944_rank981,650,958,0.67053,260
ILSVRC2012_val_00008469_with_ILSVRC2012_val_00013618_rank488,118,118,0.64715,0
ILSVRC2012_val_00008469_with_ILSVRC2012_val_00025720_rank228,225,225,0.77758,0
ILSVRC2012_val_00008469_with_ILSVRC2012_val_00035467_rank378,539,958,0.15569,69
ILSVRC2012_val_00008469_with_ILSVRC2012_val_00024902_rank075,291,291,0.23766,0
ILSVRC2012_val_00008469_with_ILSVRC2012_val_00019928_rank913,615,615,0.16515,0
ILSVRC2012_val_00008469_with_ILSVRC2012_val_00021508_rank382,942,942,0.79194,0
ILSVRC2012_val_00008469_with_ILSVRC2012_val_00000198_rank428,16,16,0.07332,0
ILSVRC2012_val_00008469_with_ILSVRC2012_val_00046588_rank434,642,642,0.65489,0
ILSVRC2012_val_00008469_with_ILSVRC2012_val_00035586_rank786,891,807,0.66822,160
ILSVRC2012_val_00008469_with_ILSVRC2012_val_00043520_rank734,803,408,0.17391,14
ILSVRC2012_val_00008469_with_ILSVRC2012_val_00031348_rank021,293,251,0.32882,38
ILSVRC2012_val_00008469_with_ILSVRC2012_val_00033634_rank390,246,251,0.68526,4
ILSVRC2012_val_00008469_with_ILSVRC2012_val_00040648_rank625,829,829,0.62493,0
ILSVRC2012_val_00008469_with_ILSVRC2012_val_00004921_rank142,51,51,0.71952,0
ILSVRC2012_val_00008469_with_ILSVRC2012_val_00032265_rank161,311,311,0.69795,0
ILSVRC2012_val_00008469_with_ILSVRC2012_val_00043234_rank520,238,238,0.80942,0
ILSVRC2012_val_00008469_with_ILSVRC2012_val_00029301_rank401,959,959,0.82962,0
ILSVRC2012_val_00008469_with_ILSVRC2012_val_00025757_rank853,826,426,0.65361,3
ILSVRC2012_val_00008469_with_ILSVRC2012_val_00014132_rank488,118,344,0.3017,156
ILSVRC2012_val_00008469_with_ILSVRC2012_val_00048176_rank728,896,958,0.15922,635
ILSVRC2012_val_00008469_with_ILSVRC2012_val_00044760_rank156,307,47,0.35788,26
ILSVRC2012_val_00008469_with_ILSVRC2012_val_00038692_rank686,760,760,0.29883,0
ILSVRC2012_val_00008469_with_ILSVRC2012_val_00044440_rank233,90,90,0.79963,0
ILSVRC2012_val_00008469_with_ILSVRC2012_val_00017907_rank353,586,595,0.48505,14
ILSVRC2012_val_00008469_with_ILSVRC2012_val_00032830_rank018,132,132,0.65131,0
ILSVRC2012_val_00008469_with_ILSVRC2012_val_00010547_rank678,663,483,0.76768,3
ILSVRC2012_val_00008469_with_ILSVRC2012_val_00011746_rank256,222,222,0.78074,0
ILSVRC2012_val_00008469_with_ILSVRC2012_val_00030359_rank186,961,977,0.35775,223
ILSVRC2012_val_00008469_with_ILSVRC2012_val_00008317_rank770,339,339,0.81596,0
ILSVRC2012_val_00008469_with_ILSVRC2012_val_00005798_rank533,817,817,0.19438,0
ILSVRC2012_val_00008469_with_ILSVRC2012_val_00036774_rank751,497,497,0.52463,0
ILSVRC2012_val_00008469_with_ILSVRC2012_val_00021507_rank714,595,595,0.81242,0
ILSVRC2012_val_00008469_with_ILSVRC2012_val_00046800_rank832,889,471,0.18913,253
ILSVRC2012_val_00008469_with_ILSVRC2012_val_00033439_rank079,102,102,0.79445,0
ILSVRC2012_val_00008469_with_ILSVRC2012_val_00042050_rank281,890,890,0.52906,0
ILSVRC2012_val_00008469_with_ILSVRC2012_val_00019917_rank074,353,353,0.23815,0
ILSVRC2012_val_00008469_with_ILSVRC2012_val_00000466_rank042,100,100,0.81079,0
ILSVRC2012_val_00008469_with_ILSVRC2012_val_00023399_rank620,754,759,0.39586,29
ILSVRC2012_val_00008469_with_ILSVRC2012_val_00045529_rank178,123,124,0.64889,1
ILSVRC2012_val_00008469_with_ILSVRC2012_val_00008007_rank592,444,444,0.66263,0
ILSVRC2012_val_00008469_with_ILSVRC2012_val_00024787_rank065,137,100,0.20638,3
ILSVRC2012_val_00008469_with_ILSVRC2012_val_00010282_rank564,909,469,0.81616,3
ILSVRC2012_val_00008469_with_ILSVRC2012_val_00045358_rank952,151,151,0.74794,0
ILSVRC2012_val_00008469_with_ILSVRC2012_val_00006106_rank495,820,820,0.75009,0
ILSVRC2012_val_00008469_with_ILSVRC2012_val_00044735_rank424,603,603,0.75196,0
ILSVRC2012_val_00008469_with_ILSVRC2012_val_00038426_rank233,90,90,0.70006,0
ILSVRC2012_val_00008469_with_ILSVRC2012_val_00028522_rank233,90,90,0.81096,0
ILSVRC2012_val_00008469_with_ILSVRC2012_val_00037264_rank003,48,48,0.85667,0
ILSVRC2012_val_00008469_with_ILSVRC2012_val_00005844_rank385,994,994,0.34873,0
ILSVRC2012_val_00008469_with_ILSVRC2012_val_00001759_rank938,816,731,0.29537,12
ILSVRC2012_val_00008469_with_ILSVRC2012_val_00044033_rank796,836,513,0.17057,78
ILSVRC2012_val_00008469_with_ILSVRC2012_val_00015129_rank330,410,410,0.79983,0
ILSVRC2012_val_00008469_with_ILSVRC2012_val_00010246_rank369,984,984,0.84717,0
ILSVRC2012_val_00008469_with_ILSVRC2012_val_00040830_rank901,401,703,0.65787,30
ILSVRC2012_val_00008469_with_ILSVRC2012_val_00017073_rank317,599,460,0.55479,404
ILSVRC2012_val_00008469_with_ILSVRC2012_val_00031470_rank303,277,277,0.61921,0
ILSVRC2012_val_00008469_with_ILSVRC2012_val_00029922_rank137,609,609,0.81861,0
ILSVRC2012_val_00008469_with_ILSVRC2012_val_00020965_rank159,210,210,0.82568,0
ILSVRC2012_val_00008469_with_ILSVRC2012_val_00024356_rank113,271,271,0.79827,0
ILSVRC2012_val_00008469_with_ILSVRC2012_val_00014283_rank442,199,199,0.80247,0
ILSVRC2012_val_00008469_with_ILSVRC2012_val_00012020_rank546,462,131,0.16406,717
ILSVRC2012_val_00008469_with_ILSVRC2012_val_00014126_rank166,71,9,0.40362,520
ILSVRC2012_val_00008469_with_ILSVRC2012_val_00015530_rank425,997,947,0.30024,1
ILSVRC2012_val_00008469_with_ILSVRC2012_val_00001256_rank627,552,552,0.78427,0
ILSVRC2012_val_00008469_with_ILSVRC2012_val_00015522_rank691,924,924,0.17754,0
ILSVRC2012_val_00008469_with_ILSVRC2012_val_00000576_rank106,86,86,0.44238,0
ILSVRC2012_val_00008469_with_ILSVRC2012_val_00014113_rank324,750,797,0.81745,5
ILSVRC2012_val_00008469_with_ILSVRC2012_val_00047775_rank865,456,456,0.84987,0
ILSVRC2012_val_00008469_with_ILSVRC2012_val_00003883_rank766,903,903,0.18887,0
ILSVRC2012_val_00008469_with_ILSVRC2012_val_00001945_rank879,473,730,0.56204,283
ILSVRC2012_val_00008469_with_ILSVRC2012_val_00032634_rank563,805,805,0.75717,0
ILSVRC2012_val_00008469_with_ILSVRC2012_val_00044129_rank088,297,297,0.77095,0
ILSVRC2012_val_00008469_with_ILSVRC2012_val_00031844_rank324,750,977,0.38393,355
ILSVRC2012_val_00008469_with_ILSVRC2012_val_00017929_rank272,983,701,0.43593,25
ILSVRC2012_val_00008469_with_ILSVRC2012_val_00018938_rank792,561,561,0.70867,0
ILSVRC2012_val_00008469_with_ILSVRC2012_val_00017496_rank696,897,897,0.66077,0
ILSVRC2012_val_00008469_with_ILSVRC2012_val_00017324_rank437,540,517,0.31747,2
ILSVRC2012_val_00008469_with_ILSVRC2012_val_00025926_rank103,150,150,0.81489,0
ILSVRC2012_val_00008469_with_ILSVRC2012_val_00024285_rank987,585,463,0.31168,599
ILSVRC2012_val_00008469_with_ILSVRC2012_val_00036362_rank983,684,684,0.844,0
ILSVRC2012_val_00008469_with_ILSVRC2012_val_00023579_rank847,869,958,0.15607,615
ILSVRC2012_val_00008469_with_ILSVRC2012_val_00032031_rank441,430,344,0.41336,417
ILSVRC2012_val_00008469_with_ILSVRC2012_val_00008720_rank379,947,947,0.66068,0
ILSVRC2012_val_00008469_with_ILSVRC2012_val_00022147_rank571,940,940,0.61412,0
ILSVRC2012_val_00008469_with_ILSVRC2012_val_00004817_rank901,401,401,0.82308,0
ILSVRC2012_val_00008469_with_ILSVRC2012_val_00026730_rank423,260,260,0.75397,0
ILSVRC2012_val_00008469_with_ILSVRC2012_val_00002398_rank954,165,241,0.43292,8
ILSVRC2012_val_00008469_with_ILSVRC2012_val_00037233_rank073,136,136,0.8081,0
ILSVRC2012_val_00008469_with_ILSVRC2012_val_00026086_rank811,250,250,0.54797,0
ILSVRC2012_val_00008469_with_ILSVRC2012_val_00019530_rank957,502,502,0.76271,0
ILSVRC2012_val_00008469_with_ILSVRC2012_val_00008432_rank286,384,384,0.77931,0
ILSVRC2012_val_00008469_with_ILSVRC2012_val_00027308_rank431,981,958,0.28515,115
ILSVRC2012_val_00008469_with_ILSVRC2012_val_00027993_rank595,411,411,0.72879,0
ILSVRC2012_val_00008469_with_ILSVRC2012_val_00017443_rank831,567,807,0.15937,285
ILSVRC2012_val_00008469_with_ILSVRC2012_val_00039066_rank727,715,832,0.20394,25
ILSVRC2012_val_00008469_with_ILSVRC2012_val_00023644_rank950,862,132,0.27498,311
ILSVRC2012_val_00008469_with_ILSVRC2012_val_00014270_rank740,208,208,0.76635,0
ILSVRC2012_val_00008469_with_ILSVRC2012_val_00023352_rank045,142,142,0.79726,0
ILSVRC2012_val_00008469_with_ILSVRC2012_val_00038335_rank917,158,166,0.10589,7
ILSVRC2012_val_00008469_with_ILSVRC2012_val_00043185_rank907,879,672,0.65593,3
ILSVRC2012_val_00008469_with_ILSVRC2012_val_00038540_rank802,809,463,0.17017,69
ILSVRC2012_val_00008469_with_ILSVRC2012_val_00041440_rank772,417,701,0.27759,1
ILSVRC2012_val_00008469_with_ILSVRC2012_val_00033019_rank219,853,853,0.7337,0
ILSVRC2012_val_00008469_with_ILSVRC2012_val_00049618_rank554,356,356,0.33513,0
ILSVRC2012_val_00008469_with_ILSVRC2012_val_00024412_rank850,725,725,0.64153,0
ILSVRC2012_val_00008469_with_ILSVRC2012_val_00041624_rank415,771,771,0.19804,0
ILSVRC2012_val_00008469_with_ILSVRC2012_val_00045094_rank435,204,204,0.78539,0
ILSVRC2012_val_00008469_with_ILSVRC2012_val_00043797_rank081,147,34,0.81409,3
ILSVRC2012_val_00008469_with_ILSVRC2012_val_00011951_rank704,491,491,0.67852,0
ILSVRC2012_val_00008469_with_ILSVRC2012_val_00027228_rank014,58,50,0.27077,10
ILSVRC2012_val_00008469_with_ILSVRC2012_val_00018515_rank509,666,666,0.82019,0
ILSVRC2012_val_00008469_with_ILSVRC2012_val_00048270_rank798,475,475,0.71087,0
ILSVRC2012_val_00008469_with_ILSVRC2012_val_00035778_rank188,347,347,0.79647,0
ILSVRC2012_val_00008469_with_ILSVRC2012_val_00026933_rank929,422,471,0.72691,24
ILSVRC2012_val_00008469_with_ILSVRC2012_val_00022812_rank001,49,49,0.70696,0
ILSVRC2012_val_00008469_with_ILSVRC2012_val_00031993_rank779,451,451,0.69916,0
ILSVRC2012_val_00008469_with_ILSVRC2012_val_00032522_rank507,241,241,0.74384,0
ILSVRC2012_val_00008469_with_ILSVRC2012_val_00005954_rank260,126,126,0.76158,0
ILSVRC2012_val_00008469_with_ILSVRC2012_val_00037554_rank995,714,714,0.75184,0
ILSVRC2012_val_00008469_with_ILSVRC2012_val_00015833_rank887,594,594,0.87131,0
ILSVRC2012_val_00008469_with_ILSVRC2012_val_00042787_rank194,388,232,0.19591,50
ILSVRC2012_val_00008469_with_ILSVRC2012_val_00045285_rank873,503,899,0.33032,15
ILSVRC2012_val_00008469_with_ILSVRC2012_val_00032324_rank286,384,384,0.47062,0
ILSVRC2012_val_00008469_with_ILSVRC2012_val_00037819_rank415,771,771,0.87213,0
ILSVRC2012_val_00008469_with_ILSVRC2012_val_00020994_rank026,33,33,0.38147,0
ILSVRC2012_val_00008469_with_ILSVRC2012_val_00007589_rank161,311,701,0.0942,251
ILSVRC2012_val_00008469_with_ILSVRC2012_val_00046976_rank126,29,29,0.80225,0
ILSVRC2012_val_00008469_with_ILSVRC2012_val_00019938_rank585,712,712,0.74676,0
ILSVRC2012_val_00008469_with_ILSVRC2012_val_00027572_rank808,678,678,0.1943,0
ILSVRC2012_val_00008469_with_ILSVRC2012_val_00040571_rank736,920,344,0.26592,640
ILSVRC2012_val_00008469_with_ILSVRC2012_val_00045175_rank284,279,279,0.52431,0
ILSVRC2012_val_00008469_with_ILSVRC2012_val_00007172_rank045,142,142,0.87566,0
ILSVRC2012_val_00008469_with_ILSVRC2012_val_00042891_rank828,675,654,0.56449,3
ILSVRC2012_val_00008469_with_ILSVRC2012_val_00011798_rank641,168,168,0.15517,0
ILSVRC2012_val_00008469_with_ILSVRC2012_val_00016741_rank335,361,386,0.37068,611
ILSVRC2012_val_00008469_with_ILSVRC2012_val_00044827_rank096,377,377,0.64941,0
ILSVRC2012_val_00008469_with_ILSVRC2012_val_00041973_rank853,826,826,0.45881,0
ILSVRC2012_val_00008469_with_ILSVRC2012_val_00044150_rank697,800,800,0.88646,0
ILSVRC2012_val_00008469_with_ILSVRC2012_val_00049629_rank015,276,276,0.8598,0
ILSVRC2012_val_00008469_with_ILSVRC2012_val_00049908_rank541,268,268,0.39887,0
ILSVRC2012_val_00008469_with_ILSVRC2012_val_00029281_rank671,185,185,0.81232,0
ILSVRC2012_val_00008469_with_ILSVRC2012_val_00033843_rank524,174,174,0.68359,0
ILSVRC2012_val_00008469_with_ILSVRC2012_val_00016195_rank337,99,346,0.28304,57
ILSVRC2012_val_00008469_with_ILSVRC2012_val_00002350_rank691,924,924,0.82502,0
ILSVRC2012_val_00008469_with_ILSVRC2012_val_00034025_rank690,247,247,0.83347,0
ILSVRC2012_val_00008469_with_ILSVRC2012_val_00020058_rank157,177,177,0.61018,0
ILSVRC2012_val_00008469_with_ILSVRC2012_val_00009743_rank112,449,449,0.70842,0
ILSVRC2012_val_00008469_with_ILSVRC2012_val_00005974_rank629,616,701,0.90758,53
ILSVRC2012_val_00008469_with_ILSVRC2012_val_00015673_rank299,96,96,0.83509,0
ILSVRC2012_val_00008469_with_ILSVRC2012_val_00014664_rank360,70,70,0.29591,0
ILSVRC2012_val_00008469_with_ILSVRC2012_val_00009070_rank572,587,587,0.79019,0
ILSVRC2012_val_00008469_with_ILSVRC2012_val_00033071_rank735,438,755,0.5052,390
ILSVRC2012_val_00008469_with_ILSVRC2012_val_00035277_rank934,426,426,0.84423,0
ILSVRC2012_val_00008469_with_ILSVRC2012_val_00005888_rank598,950,950,0.85695,0
ILSVRC2012_val_00008469_with_ILSVRC2012_val_00017851_rank041,128,472,0.81009,304
ILSVRC2012_val_00008469_with_ILSVRC2012_val_00032473_rank331,88,88,0.83849,0
ILSVRC2012_val_00008469_with_ILSVRC2012_val_00013908_rank426,794,794,0.8619,0
ILSVRC2012_val_00008469_with_ILSVRC2012_val_00036596_rank379,947,947,0.56338,0
ILSVRC2012_val_00008469_with_ILSVRC2012_val_00002653_rank425,997,947,0.39746,1
ILSVRC2012_val_00008469_with_ILSVRC2012_val_00008144_rank178,123,562,0.20423,537
ILSVRC2012_val_00008469_with_ILSVRC2012_val_00039828_rank304,775,797,0.43427,49
ILSVRC2012_val_00008469_with_ILSVRC2012_val_00005038_rank680,787,787,0.74113,0
ILSVRC2012_val_00008469_with_ILSVRC2012_val_00019665_rank541,268,346,0.16671,21
ILSVRC2012_val_00008469_with_ILSVRC2012_val_00032772_rank953,447,447,0.60318,0
ILSVRC2012_val_00008469_with_ILSVRC2012_val_00030433_rank524,174,174,0.817,0
ILSVRC2012_val_00008469_with_ILSVRC2012_val_00041864_rank136,91,91,0.83208,0
ILSVRC2012_val_00008469_with_ILSVRC2012_val_00037948_rank108,389,389,0.88066,0
ILSVRC2012_val_00008469_with_ILSVRC2012_val_00016345_rank729,630,630,0.71298,0
ILSVRC2012_val_00008469_with_ILSVRC2012_val_00041652_rank699,530,530,0.75524,0
ILSVRC2012_val_00008469_with_ILSVRC2012_val_00014303_rank660,669,669,0.79894,0
ILSVRC2012_val_00008469_with_ILSVRC2012_val_00033683_rank288,179,179,0.48522,0
ILSVRC2012_val_00008469_with_ILSVRC2012_val_00009270_rank065,137,137,0.73787,0
ILSVRC2012_val_00008469_with_ILSVRC2012_val_00019120_rank791,234,177,0.67967,81
ILSVRC2012_val_00008469_with_ILSVRC2012_val_00049791_rank274,743,743,0.2978,0
ILSVRC2012_val_00008469_with_ILSVRC2012_val_00047021_rank021,293,293,0.84202,0
ILSVRC2012_val_00008469_with_ILSVRC2012_val_00039958_rank997,333,333,0.80823,0
ILSVRC2012_val_00008469_with_ILSVRC2012_val_00024342_rank680,787,787,0.41855,0
ILSVRC2012_val_00008469_with_ILSVRC2012_val_00010814_rank897,637,637,0.81719,0
ILSVRC2012_val_00008469_with_ILSVRC2012_val_00020492_rank043,394,394,0.72909,0
ILSVRC2012_val_00008469_with_ILSVRC2012_val_00013791_rank677,988,988,0.83312,0
ILSVRC2012_val_00008469_with_ILSVRC2012_val_00044262_rank062,26,374,0.16056,519
ILSVRC2012_val_00008469_with_ILSVRC2012_val_00030084_rank304,775,386,0.13726,336
ILSVRC2012_val_00008469_with_ILSVRC2012_val_00007595_rank422,213,213,0.72867,0
ILSVRC2012_val_00008469_with_ILSVRC2012_val_00023875_rank232,483,483,0.73581,0
ILSVRC2012_val_00008469_with_ILSVRC2012_val_00030600_rank821,556,807,0.58267,48
ILSVRC2012_val_00008469_with_ILSVRC2012_val_00030539_rank261,173,173,0.80182,0
ILSVRC2012_val_00008469_with_ILSVRC2012_val_00015058_rank789,861,731,0.85202,7
ILSVRC2012_val_00008469_with_ILSVRC2012_val_00024596_rank238,874,874,0.68175,0
ILSVRC2012_val_00008469_with_ILSVRC2012_val_00022525_rank026,33,33,0.73982,0
ILSVRC2012_val_00008469_with_ILSVRC2012_val_00039754_rank190,992,992,0.80181,0
ILSVRC2012_val_00008469_with_ILSVRC2012_val_00008770_rank167,336,345,0.12697,223
ILSVRC2012_val_00008469_with_ILSVRC2012_val_00031304_rank187,135,135,0.82911,0
ILSVRC2012_val_00008469_with_ILSVRC2012_val_00035628_rank341,239,239,0.81169,0
ILSVRC2012_val_00008469_with_ILSVRC2012_val_00042823_rank513,912,912,0.20018,0
ILSVRC2012_val_00008469_with_ILSVRC2012_val_00002172_rank185,89,89,0.79249,0
ILSVRC2012_val_00008469_with_ILSVRC2012_val_00002573_rank221,197,197,0.16182,0
ILSVRC2012_val_00008469_with_ILSVRC2012_val_00005148_rank516,592,867,0.08576,146
ILSVRC2012_val_00008469_with_ILSVRC2012_val_00003938_rank723,245,346,0.34038,646
ILSVRC2012_val_00008469_with_ILSVRC2012_val_00046544_rank107,327,327,0.73411,0
ILSVRC2012_val_00008469_with_ILSVRC2012_val_00014879_rank249,8,80,0.4617,21
ILSVRC2012_val_00008469_with_ILSVRC2012_val_00042947_rank919,883,899,0.22196,5
ILSVRC2012_val_00008469_with_ILSVRC2012_val_00014542_rank811,250,250,0.7555,0
ILSVRC2012_val_00008469_with_ILSVRC2012_val_00043097_rank203,149,149,0.70275,0
ILSVRC2012_val_00008469_with_ILSVRC2012_val_00012554_rank018,132,134,0.58401,3
ILSVRC2012_val_00008469_with_ILSVRC2012_val_00039541_rank529,519,595,0.3405,88
ILSVRC2012_val_00008469_with_ILSVRC2012_val_00033056_rank252,376,376,0.78861,0
ILSVRC2012_val_00008469_with_ILSVRC2012_val_00023972_rank767,745,745,0.49648,0
ILSVRC2012_val_00008469_with_ILSVRC2012_val_00011756_rank074,353,353,0.81419,0
ILSVRC2012_val_00008469_with_ILSVRC2012_val_00049583_rank631,612,603,0.19553,1
ILSVRC2012_val_00008469_with_ILSVRC2012_val_00030637_rank740,208,208,0.56045,0
ILSVRC2012_val_00008469_with_ILSVRC2012_val_00016356_rank626,617,617,0.55369,0
ILSVRC2012_val_00008469_with_ILSVRC2012_val_00013525_rank067,120,120,0.84395,0
ILSVRC2012_val_00008469_with_ILSVRC2012_val_00001155_rank115,372,386,0.21901,24
ILSVRC2012_val_00008469_with_ILSVRC2012_val_00049653_rank449,201,201,0.54188,0
ILSVRC2012_val_00008469_with_ILSVRC2012_val_00043598_rank316,200,155,0.73678,2
ILSVRC2012_val_00008469_with_ILSVRC2012_val_00015207_rank674,546,420,0.53246,2
ILSVRC2012_val_00008469_with_ILSVRC2012_val_00000127_rank037,352,352,0.63679,0
ILSVRC2012_val_00008469_with_ILSVRC2012_val_00024219_rank025,288,288,0.59013,0
ILSVRC2012_val_00008469_with_ILSVRC2012_val_00014049_rank484,833,472,0.48839,42
ILSVRC2012_val_00008469_with_ILSVRC2012_val_00027555_rank136,91,91,0.91361,0
ILSVRC2012_val_00008469_with_ILSVRC2012_val_00024209_rank619,402,402,0.46886,0
ILSVRC2012_val_00008469_with_ILSVRC2012_val_00014555_rank585,712,712,0.78742,0
ILSVRC2012_val_00008469_with_ILSVRC2012_val_00028124_rank219,853,853,0.64494,0
ILSVRC2012_val_00008469_with_ILSVRC2012_val_00031971_rank779,451,730,0.10584,903
ILSVRC2012_val_00008469_with_ILSVRC2012_val_00042187_rank492,335,374,0.74482,78
ILSVRC2012_val_00008469_with_ILSVRC2012_val_00010821_rank574,505,505,0.731,0
ILSVRC2012_val_00008469_with_ILSVRC2012_val_00046786_rank048,290,290,0.78023,0
ILSVRC2012_val_00008469_with_ILSVRC2012_val_00000595_rank484,833,833,0.84931,0
ILSVRC2012_val_00008469_with_ILSVRC2012_val_00032775_rank380,658,474,0.25256,3
ILSVRC2012_val_00008469_with_ILSVRC2012_val_00036918_rank470,257,257,0.78081,0
ILSVRC2012_val_00008469_with_ILSVRC2012_val_00014596_rank907,879,914,0.27961,659
ILSVRC2012_val_00008469_with_ILSVRC2012_val_00044135_rank759,226,200,0.49682,2
ILSVRC2012_val_00008469_with_ILSVRC2012_val_00041137_rank561,209,209,0.71422,0
ILSVRC2012_val_00008469_with_ILSVRC2012_val_00012109_rank182,63,50,0.41702,86
ILSVRC2012_val_00008469_with_ILSVRC2012_val_00004347_rank648,957,100,0.07676,200
ILSVRC2012_val_00008469_with_ILSVRC2012_val_00039790_rank599,905,449,0.10376,70
ILSVRC2012_val_00008469_with_ILSVRC2012_val_00023834_rank462,314,730,0.20345,449
ILSVRC2012_val_00008469_with_ILSVRC2012_val_00001558_rank373,764,413,0.41077,1
ILSVRC2012_val_00008469_with_ILSVRC2012_val_00033908_rank801,392,392,0.84535,0
ILSVRC2012_val_00008469_with_ILSVRC2012_val_00010338_rank816,921,917,0.36234,1
ILSVRC2012_val_00008469_with_ILSVRC2012_val_00012121_rank627,552,134,0.39321,692
ILSVRC2012_val_00008469_with_ILSVRC2012_val_00006893_rank330,410,595,0.42499,42
ILSVRC2012_val_00008469_with_ILSVRC2012_val_00019104_rank989,588,588,0.91138,0
ILSVRC2012_val_00008469_with_ILSVRC2012_val_00012136_rank631,612,559,0.30523,37
ILSVRC2012_val_00008469_with_ILSVRC2012_val_00014312_rank013,45,45,0.81121,0
ILSVRC2012_val_00008469_with_ILSVRC2012_val_00029391_rank336,736,913,0.64855,544
ILSVRC2012_val_00008469_with_ILSVRC2012_val_00021570_rank802,809,809,0.79113,0
ILSVRC2012_val_00008469_with_ILSVRC2012_val_00008506_rank355,963,963,0.81079,0
ILSVRC2012_val_00008469_with_ILSVRC2012_val_00020772_rank126,29,386,0.10738,913
ILSVRC2012_val_00008469_with_ILSVRC2012_val_00013276_rank933,808,693,0.49662,156
ILSVRC2012_val_00008469_with_ILSVRC2012_val_00003833_rank199,85,85,0.67691,0
ILSVRC2012_val_00008469_with_ILSVRC2012_val_00020092_rank439,458,458,0.75212,0
ILSVRC2012_val_00008469_with_ILSVRC2012_val_00020059_rank024,32,34,0.26206,68
ILSVRC2012_val_00008469_with_ILSVRC2012_val_00047072_rank939,855,855,0.50004,0
ILSVRC2012_val_00008469_with_ILSVRC2012_val_00008948_rank995,714,646,0.54657,563
ILSVRC2012_val_00008469_with_ILSVRC2012_val_00013895_rank264,345,984,0.60095,135
ILSVRC2012_val_00008469_with_ILSVRC2012_val_00017441_rank042,100,100,0.76191,0
ILSVRC2012_val_00008469_with_ILSVRC2012_val_00038108_rank823,827,827,0.28219,0
ILSVRC2012_val_00008469_with_ILSVRC2012_val_00020209_rank516,592,592,0.09429,0
ILSVRC2012_val_00008469_with_ILSVRC2012_val_00032307_rank869,644,958,0.32128,259
ILSVRC2012_val_00008469_with_ILSVRC2012_val_00002685_rank805,910,641,0.47261,11
ILSVRC2012_val_00008469_with_ILSVRC2012_val_00046671_rank837,845,595,0.24532,862
ILSVRC2012_val_00008469_with_ILSVRC2012_val_00017954_rank782,793,730,0.04726,985
ILSVRC2012_val_00008469_with_ILSVRC2012_val_00006307_rank534,703,703,0.81005,0
ILSVRC2012_val_00008469_with_ILSVRC2012_val_00042041_rank317,599,599,0.82853,0
ILSVRC2012_val_00008469_with_ILSVRC2012_val_00012438_rank732,677,958,0.1265,160
ILSVRC2012_val_00008469_with_ILSVRC2012_val_00049803_rank428,16,16,0.8552,0
ILSVRC2012_val_00008469_with_ILSVRC2012_val_00049936_rank234,391,391,0.13056,0
ILSVRC2012_val_00008469_with_ILSVRC2012_val_00010822_rank517,697,649,0.27107,889
ILSVRC2012_val_00008469_with_ILSVRC2012_val_00024031_rank546,462,669,0.39618,24
ILSVRC2012_val_00008469_with_ILSVRC2012_val_00000082_rank649,160,160,0.79653,0
ILSVRC2012_val_00008469_with_ILSVRC2012_val_00012612_rank594,466,466,0.52126,0
ILSVRC2012_val_00008469_with_ILSVRC2012_val_00040774_rank091,106,106,0.73015,0
ILSVRC2012_val_00008469_with_ILSVRC2012_val_00019465_rank836,707,757,0.31478,265
ILSVRC2012_val_00008469_with_ILSVRC2012_val_00021866_rank329,962,962,0.51893,0
ILSVRC2012_val_00008469_with_ILSVRC2012_val_00013938_rank906,572,757,0.41464,710
ILSVRC2012_val_00008469_with_ILSVRC2012_val_00043722_rank339,397,397,0.318,0
ILSVRC2012_val_00008469_with_ILSVRC2012_val_00048659_rank220,14,14,0.33593,0
ILSVRC2012_val_00008469_with_ILSVRC2012_val_00045928_rank682,338,338,0.68993,0
ILSVRC2012_val_00008469_with_ILSVRC2012_val_00007652_rank726,153,153,0.6632,0
ILSVRC2012_val_00008469_with_ILSVRC2012_val_00022605_rank532,463,463,0.49575,0
ILSVRC2012_val_00008469_with_ILSVRC2012_val_00039637_rank970,859,637,0.18221,53
ILSVRC2012_val_00008469_with_ILSVRC2012_val_00026386_rank268,993,344,0.8035,70
ILSVRC2012_val_00008469_with_ILSVRC2012_val_00038280_rank175,242,179,0.61295,3
ILSVRC2012_val_00008469_with_ILSVRC2012_val_00007757_rank755,125,125,0.77096,0
ILSVRC2012_val_00008469_with_ILSVRC2012_val_00011032_rank584,378,386,0.79553,524
ILSVRC2012_val_00008469_with_ILSVRC2012_val_00029033_rank651,111,833,0.18169,251
ILSVRC2012_val_00008469_with_ILSVRC2012_val_00042225_rank035,68,66,0.14541,1
ILSVRC2012_val_00008469_with_ILSVRC2012_val_00038723_rank344,621,621,0.76285,0
ILSVRC2012_val_00008469_with_ILSVRC2012_val_00013299_rank012,36,35,0.54919,1
ILSVRC2012_val_00008469_with_ILSVRC2012_val_00032764_rank512,110,110,0.83881,0
ILSVRC2012_val_00008469_with_ILSVRC2012_val_00034227_rank857,559,525,0.83098,355
ILSVRC2012_val_00008469_with_ILSVRC2012_val_00019797_rank049,41,340,0.13247,77
ILSVRC2012_val_00008469_with_ILSVRC2012_val_00038320_rank979,596,499,0.50092,2
ILSVRC2012_val_00008469_with_ILSVRC2012_val_00008663_rank222,321,321,0.81022,0
ILSVRC2012_val_00008469_with_ILSVRC2012_val_00015662_rank483,798,703,0.0534,576
ILSVRC2012_val_00008469_with_ILSVRC2012_val_00012001_rank708,733,912,0.16045,33
ILSVRC2012_val_00008469_with_ILSVRC2012_val_00022256_rank665,681,681,0.67066,0
ILSVRC2012_val_00008469_with_ILSVRC2012_val_00023244_rank302,77,77,0.73751,0
ILSVRC2012_val_00008469_with_ILSVRC2012_val_00029576_rank806,758,758,0.61165,0
ILSVRC2012_val_00008469_with_ILSVRC2012_val_00037578_rank535,550,550,0.54687,0
ILSVRC2012_val_00008469_with_ILSVRC2012_val_00007623_rank693,488,346,0.085,462
ILSVRC2012_val_00008469_with_ILSVRC2012_val_00011661_rank056,25,30,0.64324,8
ILSVRC2012_val_00008469_with_ILSVRC2012_val_00008744_rank495,820,820,0.31801,0
ILSVRC2012_val_00008469_with_ILSVRC2012_val_00049223_rank967,469,958,0.84505,199
ILSVRC2012_val_00008469_with_ILSVRC2012_val_00023093_rank664,789,958,0.68521,715
ILSVRC2012_val_00008469_with_ILSVRC2012_val_00013961_rank515,554,554,0.66502,0
ILSVRC2012_val_00008469_with_ILSVRC2012_val_00015076_rank288,179,180,0.51463,1
ILSVRC2012_val_00008469_with_ILSVRC2012_val_00022834_rank937,822,822,0.77973,0
ILSVRC2012_val_00008469_with_ILSVRC2012_val_00018437_rank039,292,292,0.60771,0
ILSVRC2012_val_00008469_with_ILSVRC2012_val_00047447_rank738,881,579,0.51126,1
ILSVRC2012_val_00008469_with_ILSVRC2012_val_00030034_rank686,760,760,0.90127,0
ILSVRC2012_val_00008469_with_ILSVRC2012_val_00008328_rank963,593,595,0.31867,740
ILSVRC2012_val_00008469_with_ILSVRC2012_val_00023971_rank654,524,787,0.39841,3
ILSVRC2012_val_00008469_with_ILSVRC2012_val_00006613_rank019,138,138,0.83111,0
ILSVRC2012_val_00008469_with_ILSVRC2012_val_00023417_rank202,510,510,0.74725,0
ILSVRC2012_val_00008469_with_ILSVRC2012_val_00002292_rank522,662,851,0.20195,96
ILSVRC2012_val_00008469_with_ILSVRC2012_val_00028680_rank767,745,681,0.49012,16
ILSVRC2012_val_00008469_with_ILSVRC2012_val_00015362_rank085,351,351,0.754,0
ILSVRC2012_val_00008469_with_ILSVRC2012_val_00042169_rank745,551,637,0.38467,690
ILSVRC2012_val_00008469_with_ILSVRC2012_val_00038789_rank226,231,231,0.86426,0
ILSVRC2012_val_00008469_with_ILSVRC2012_val_00022497_rank779,451,428,0.20093,505
ILSVRC2012_val_00008469_with_ILSVRC2012_val_00001977_rank347,623,913,0.17208,716
ILSVRC2012_val_00008469_with_ILSVRC2012_val_00006114_rank226,231,230,0.44716,2
ILSVRC2012_val_00008469_with_ILSVRC2012_val_00014684_rank569,522,522,0.69464,0
ILSVRC2012_val_00008469_with_ILSVRC2012_val_00010140_rank111,57,57,0.68751,0
ILSVRC2012_val_00008469_with_ILSVRC2012_val_00008944_rank402,216,216,0.31074,0
ILSVRC2012_val_00008469_with_ILSVRC2012_val_00038991_rank228,225,225,0.74157,0
ILSVRC2012_val_00008469_with_ILSVRC2012_val_00038514_rank873,503,503,0.83391,0
ILSVRC2012_val_00008469_with_ILSVRC2012_val_00037103_rank759,226,226,0.80212,0
ILSVRC2012_val_00008469_with_ILSVRC2012_val_00010351_rank258,628,913,0.36764,12
ILSVRC2012_val_00008469_with_ILSVRC2012_val_00046677_rank070,139,139,0.78643,0
ILSVRC2012_val_00008469_with_ILSVRC2012_val_00027542_rank396,770,514,0.36173,8
ILSVRC2012_val_00008469_with_ILSVRC2012_val_00004942_rank750,863,863,0.77711,0
ILSVRC2012_val_00008469_with_ILSVRC2012_val_00024364_rank262,547,547,0.78617,0
ILSVRC2012_val_00008469_with_ILSVRC2012_val_00005155_rank114,362,362,0.27589,0
ILSVRC2012_val_00008469_with_ILSVRC2012_val_00045245_rank130,104,386,0.47461,130
ILSVRC2012_val_00008469_with_ILSVRC2012_val_00013419_rank175,242,242,0.83049,0
ILSVRC2012_val_00008469_with_ILSVRC2012_val_00006102_rank695,499,499,0.75739,0
ILSVRC2012_val_00008469_with_ILSVRC2012_val_00025031_rank223,368,368,0.78926,0
ILSVRC2012_val_00008469_with_ILSVRC2012_val_00030716_rank627,552,501,0.78324,89
ILSVRC2012_val_00008469_with_ILSVRC2012_val_00039219_rank498,18,18,0.81714,0
ILSVRC2012_val_00008469_with_ILSVRC2012_val_00049068_rank373,764,703,0.46926,47
ILSVRC2012_val_00008469_with_ILSVRC2012_val_00049280_rank294,330,331,0.82928,1
ILSVRC2012_val_00008469_with_ILSVRC2012_val_00046959_rank860,602,471,0.1929,265
ILSVRC2012_val_00008469_with_ILSVRC2012_val_00045029_rank421,387,387,0.86195,0
ILSVRC2012_val_00008469_with_ILSVRC2012_val_00018530_rank177,221,206,0.4053,1
ILSVRC2012_val_00008469_with_ILSVRC2012_val_00004393_rank760,900,900,0.73418,0
ILSVRC2012_val_00008469_with_ILSVRC2012_val_00030100_rank897,637,637,0.82111,0
ILSVRC2012_val_00008469_with_ILSVRC2012_val_00005245_rank859,427,427,0.72976,0
ILSVRC2012_val_00008469_with_ILSVRC2012_val_00016473_rank745,551,692,0.29213,51
ILSVRC2012_val_00008469_with_ILSVRC2012_val_00013029_rank703,987,950,0.3925,23
ILSVRC2012_val_00008469_with_ILSVRC2012_val_00009414_rank732,677,677,0.31617,0
ILSVRC2012_val_00008469_with_ILSVRC2012_val_00044778_rank551,899,463,0.75138,10
ILSVRC2012_val_00008469_with_ILSVRC2012_val_00035775_rank724,532,425,0.9176,229
ILSVRC2012_val_00008469_with_ILSVRC2012_val_00040570_rank676,188,188,0.6643,0
ILSVRC2012_val_00008469_with_ILSVRC2012_val_00005439_rank716,399,399,0.63388,0
ILSVRC2012_val_00008469_with_ILSVRC2012_val_00017105_rank104,2,2,0.76669,0
ILSVRC2012_val_00008469_with_ILSVRC2012_val_00007949_rank896,543,543,0.71598,0
ILSVRC2012_val_00008469_with_ILSVRC2012_val_00010865_rank675,223,232,0.33793,21
ILSVRC2012_val_00008469_with_ILSVRC2012_val_00003505_rank819,645,484,0.09681,155
ILSVRC2012_val_00008469_with_ILSVRC2012_val_00029338_rank763,769,867,0.27702,363
ILSVRC2012_val_00008469_with_ILSVRC2012_val_00012490_rank877,656,656,0.63684,0
ILSVRC2012_val_00008469_with_ILSVRC2012_val_00041659_rank145,40,46,0.47547,1
ILSVRC2012_val_00008469_with_ILSVRC2012_val_00038219_rank977,419,463,0.72435,222
ILSVRC2012_val_00008469_with_ILSVRC2012_val_00008993_rank208,972,501,0.19031,180
ILSVRC2012_val_00008469_with_ILSVRC2012_val_00032605_rank395,679,730,0.20025,522
ILSVRC2012_val_00008469_with_ILSVRC2012_val_00018890_rank420,193,185,0.52977,4
ILSVRC2012_val_00008469_with_ILSVRC2012_val_00012244_rank766,903,197,0.2521,390
ILSVRC2012_val_00008469_with_ILSVRC2012_val_00047377_rank338,328,328,0.661,0
ILSVRC2012_val_00008469_with_ILSVRC2012_val_00017464_rank439,458,458,0.8555,0
ILSVRC2012_val_00008469_with_ILSVRC2012_val_00023069_rank068,134,134,0.81021,0
ILSVRC2012_val_00008469_with_ILSVRC2012_val_00005100_rank123,82,81,0.44402,4
ILSVRC2012_val_00008469_with_ILSVRC2012_val_00018398_rank189,53,346,0.59639,346
ILSVRC2012_val_00008469_with_ILSVRC2012_val_00022940_rank734,803,730,0.36205,3
ILSVRC2012_val_00008469_with_ILSVRC2012_val_00009979_rank055,64,64,0.71883,0
ILSVRC2012_val_00008469_with_ILSVRC2012_val_00049609_rank124,56,58,0.39498,11
ILSVRC2012_val_00008469_with_ILSVRC2012_val_00040335_rank656,190,190,0.73687,0
ILSVRC2012_val_00008469_with_ILSVRC2012_val_00047682_rank801,392,392,0.87905,0
ILSVRC2012_val_00008469_with_ILSVRC2012_val_00048513_rank255,218,218,0.68017,0
ILSVRC2012_val_00008469_with_ILSVRC2012_val_00011625_rank238,874,874,0.29384,0
ILSVRC2012_val_00008469_with_ILSVRC2012_val_00020151_rank542,915,915,0.82857,0
ILSVRC2012_val_00008469_with_ILSVRC2012_val_00023871_rank670,285,285,0.78078,0
ILSVRC2012_val_00008469_with_ILSVRC2012_val_00023765_rank553,166,166,0.85205,0
ILSVRC2012_val_00008469_with_ILSVRC2012_val_00023205_rank802,809,809,0.75129,0
ILSVRC2012_val_00008469_with_ILSVRC2012_val_00018161_rank307,316,316,0.63428,0
ILSVRC2012_val_00008469_with_ILSVRC2012_val_00041419_rank929,422,422,0.16175,0
ILSVRC2012_val_00008469_with_ILSVRC2012_val_00006514_rank374,322,326,0.47632,1
ILSVRC2012_val_00008469_with_ILSVRC2012_val_00021370_rank469,255,255,0.68101,0
ILSVRC2012_val_00008469_with_ILSVRC2012_val_00035802_rank415,771,771,0.88043,0
ILSVRC2012_val_00008469_with_ILSVRC2012_val_00027253_rank970,859,463,0.88181,247
ILSVRC2012_val_00008469_with_ILSVRC2012_val_00010165_rank634,685,685,0.83395,0
ILSVRC2012_val_00008469_with_ILSVRC2012_val_00029109_rank835,310,310,0.12327,0
ILSVRC2012_val_00008469_with_ILSVRC2012_val_00008259_rank784,738,463,0.13792,10
ILSVRC2012_val_00008469_with_ILSVRC2012_val_00035532_rank227,282,281,0.47117,1
ILSVRC2012_val_00008469_with_ILSVRC2012_val_00008732_rank353,586,586,0.83236,0
ILSVRC2012_val_00008469_with_ILSVRC2012_val_00049198_rank954,165,241,0.2247,8
ILSVRC2012_val_00008469_with_ILSVRC2012_val_00016477_rank625,829,408,0.35693,31
ILSVRC2012_val_00008469_with_ILSVRC2012_val_00018010_rank864,606,899,0.51312,13
ILSVRC2012_val_00008469_with_ILSVRC2012_val_00041756_rank223,368,368,0.7283,0
ILSVRC2012_val_00008469_with_ILSVRC2012_val_00029287_rank311,122,122,0.1416,0
ILSVRC2012_val_00008469_with_ILSVRC2012_val_00030672_rank016,141,141,0.80572,0
ILSVRC2012_val_00008469_with_ILSVRC2012_val_00036829_rank985,691,463,0.22297,695
ILSVRC2012_val_00008469_with_ILSVRC2012_val_00001430_rank508,611,611,0.83595,0
ILSVRC2012_val_00008469_with_ILSVRC2012_val_00014092_rank023,343,343,0.7874,0
ILSVRC2012_val_00008469_with_ILSVRC2012_val_00033550_rank716,399,982,0.13665,23
ILSVRC2012_val_00008469_with_ILSVRC2012_val_00004657_rank673,214,214,0.77844,0
ILSVRC2012_val_00008469_with_ILSVRC2012_val_00011028_rank669,857,857,0.10599,0
ILSVRC2012_val_00008469_with_ILSVRC2012_val_00022291_rank534,703,703,0.79996,0
ILSVRC2012_val_00008469_with_ILSVRC2012_val_00006789_rank196,964,150,0.64729,778
ILSVRC2012_val_00008469_with_ILSVRC2012_val_00036329_rank790,923,923,0.32253,0
ILSVRC2012_val_00008469_with_ILSVRC2012_val_00047766_rank960,813,813,0.72919,0
ILSVRC2012_val_00008469_with_ILSVRC2012_val_00006638_rank870,699,699,0.72497,0
ILSVRC2012_val_00008469_with_ILSVRC2012_val_00049343_rank907,879,879,0.6215,0
ILSVRC2012_val_00008469_with_ILSVRC2012_val_00043801_rank158,23,23,0.84177,0
ILSVRC2012_val_00008469_with_ILSVRC2012_val_00045112_rank962,818,807,0.15869,24
ILSVRC2012_val_00008469_with_ILSVRC2012_val_00034070_rank334,205,224,0.76123,3
ILSVRC2012_val_00008469_with_ILSVRC2012_val_00034255_rank094,69,69,0.74712,0
ILSVRC2012_val_00008469_with_ILSVRC2012_val_00036876_rank320,198,198,0.68631,0
ILSVRC2012_val_00008469_with_ILSVRC2012_val_00003224_rank534,703,703,0.69044,0
ILSVRC2012_val_00008469_with_ILSVRC2012_val_00027511_rank284,279,279,0.40297,0
ILSVRC2012_val_00008469_with_ILSVRC2012_val_00031215_rank748,457,457,0.77087,0
ILSVRC2012_val_00008469_with_ILSVRC2012_val_00026683_rank812,146,146,0.81385,0
ILSVRC2012_val_00008469_with_ILSVRC2012_val_00031341_rank878,786,786,0.86941,0
ILSVRC2012_val_00008469_with_ILSVRC2012_val_00019817_rank884,784,730,0.06071,778
ILSVRC2012_val_00008469_with_ILSVRC2012_val_00031324_rank777,689,601,0.45843,1
ILSVRC2012_val_00008469_with_ILSVRC2012_val_00020390_rank614,709,472,0.62913,102
ILSVRC2012_val_00008469_with_ILSVRC2012_val_00023272_rank194,388,388,0.88553,0
ILSVRC2012_val_00008469_with_ILSVRC2012_val_00021803_rank750,863,863,0.72573,0
ILSVRC2012_val_00008469_with_ILSVRC2012_val_00005798_rank702,581,817,0.26512,5
ILSVRC2012_val_00008469_with_ILSVRC2012_val_00017195_rank490,192,192,0.7584,0
ILSVRC2012_val_00008469_with_ILSVRC2012_val_00024547_rank980,542,703,0.429,914
ILSVRC2012_val_00008469_with_ILSVRC2012_val_00009050_rank006,39,39,0.80845,0
ILSVRC2012_val_00008469_with_ILSVRC2012_val_00020710_rank191,21,87,0.49512,23
ILSVRC2012_val_00008469_with_ILSVRC2012_val_00042030_rank159,210,210,0.79971,0
ILSVRC2012_val_00008469_with_ILSVRC2012_val_00043904_rank209,114,329,0.36139,6
ILSVRC2012_val_00008469_with_ILSVRC2012_val_00022189_rank266,81,81,0.72492,0
ILSVRC2012_val_00008469_with_ILSVRC2012_val_00047061_rank035,68,66,0.71191,1
ILSVRC2012_val_00008469_with_ILSVRC2012_val_00047871_rank099,329,329,0.86729,0
ILSVRC2012_val_00008469_with_ILSVRC2012_val_00022028_rank109,385,385,0.61717,0
ILSVRC2012_val_00008469_with_ILSVRC2012_val_00026820_rank078,140,562,0.09065,470
ILSVRC2012_val_00008469_with_ILSVRC2012_val_00031554_rank417,901,901,0.6945,0
ILSVRC2012_val_00008469_with_ILSVRC2012_val_00025922_rank624,934,934,0.56874,0
ILSVRC2012_val_00008469_with_ILSVRC2012_val_00005262_rank144,59,958,0.36739,509
ILSVRC2012_val_00008469_with_ILSVRC2012_val_00013384_rank493,607,607,0.79173,0
ILSVRC2012_val_00008469_with_ILSVRC2012_val_00021337_rank852,78,78,0.84568,0
ILSVRC2012_val_00008469_with_ILSVRC2012_val_00007390_rank496,94,94,0.7634,0
ILSVRC2012_val_00008469_with_ILSVRC2012_val_00039283_rank151,299,299,0.71451,0
ILSVRC2012_val_00008469_with_ILSVRC2012_val_00000298_rank055,64,64,0.75525,0
ILSVRC2012_val_00008469_with_ILSVRC2012_val_00037181_rank319,324,324,0.78016,0
ILSVRC2012_val_00008469_with_ILSVRC2012_val_00005454_rank008,346,346,0.80303,0
ILSVRC2012_val_00008469_with_ILSVRC2012_val_00043176_rank391,622,622,0.76769,0
ILSVRC2012_val_00008469_with_ILSVRC2012_val_00047805_rank853,826,426,0.7175,3
ILSVRC2012_val_00008469_with_ILSVRC2012_val_00017009_rank613,756,756,0.7688,0
ILSVRC2012_val_00008469_with_ILSVRC2012_val_00002032_rank961,577,471,0.39031,140
ILSVRC2012_val_00008469_with_ILSVRC2012_val_00033523_rank281,890,958,0.1943,133
ILSVRC2012_val_00008469_with_ILSVRC2012_val_00003393_rank775,737,737,0.23901,0
ILSVRC2012_val_00008469_with_ILSVRC2012_val_00004298_rank031,360,360,0.85327,0
ILSVRC2012_val_00008469_with_ILSVRC2012_val_00022316_rank796,836,977,0.30855,83
ILSVRC2012_val_00008469_with_ILSVRC2012_val_00017532_rank770,339,339,0.63358,0
ILSVRC2012_val_00008469_with_ILSVRC2012_val_00009358_rank903,507,489,0.23722,42
ILSVRC2012_val_00008469_with_ILSVRC2012_val_00001451_rank590,565,565,0.87053,0
ILSVRC2012_val_00008469_with_ILSVRC2012_val_00006532_rank307,316,49,0.55369,290
ILSVRC2012_val_00008469_with_ILSVRC2012_val_00014927_rank084,46,47,0.42763,7
ILSVRC2012_val_00008469_with_ILSVRC2012_val_00046860_rank883,470,898,0.24218,185
ILSVRC2012_val_00008469_with_ILSVRC2012_val_00031396_rank073,136,136,0.80099,0
ILSVRC2012_val_00008469_with_ILSVRC2012_val_00013383_rank251,354,354,0.82636,0
ILSVRC2012_val_00008469_with_ILSVRC2012_val_00038247_rank526,152,152,0.52429,0
ILSVRC2012_val_00008469_with_ILSVRC2012_val_00034141_rank846,647,647,0.42151,0
ILSVRC2012_val_00008469_with_ILSVRC2012_val_00019219_rank675,223,223,0.74546,0
ILSVRC2012_val_00008469_with_ILSVRC2012_val_00035302_rank826,187,184,0.12533,34
ILSVRC2012_val_00008469_with_ILSVRC2012_val_00014386_rank649,160,160,0.59426,0
ILSVRC2012_val_00008469_with_ILSVRC2012_val_00022351_rank581,304,801,0.22816,301
ILSVRC2012_val_00008469_with_ILSVRC2012_val_00018580_rank031,360,360,0.82241,0
ILSVRC2012_val_00008469_with_ILSVRC2012_val_00021599_rank221,197,197,0.78937,0
ILSVRC2012_val_00008469_with_ILSVRC2012_val_00016135_rank269,349,349,0.42877,0
ILSVRC2012_val_00008469_with_ILSVRC2012_val_00035514_rank323,576,595,0.45691,627
ILSVRC2012_val_00008469_with_ILSVRC2012_val_00045879_rank181,381,501,0.17091,348
ILSVRC2012_val_00008469_with_ILSVRC2012_val_00014795_rank853,826,747,0.38435,144
ILSVRC2012_val_00008469_with_ILSVRC2012_val_00019814_rank969,545,545,0.83419,0
ILSVRC2012_val_00008469_with_ILSVRC2012_val_00013084_rank329,962,962,0.53665,0
ILSVRC2012_val_00008469_with_ILSVRC2012_val_00047415_rank883,470,744,0.33311,216
ILSVRC2012_val_00008469_with_ILSVRC2012_val_00007807_rank213,393,393,0.81982,0
ILSVRC2012_val_00008469_with_ILSVRC2012_val_00042985_rank197,544,544,0.85342,0
ILSVRC2012_val_00008469_with_ILSVRC2012_val_00036601_rank651,111,977,0.1861,384
ILSVRC2012_val_00008469_with_ILSVRC2012_val_00030157_rank459,465,465,0.06591,0
ILSVRC2012_val_00008469_with_ILSVRC2012_val_00027273_rank958,849,505,0.19141,1
ILSVRC2012_val_00008469_with_ILSVRC2012_val_00017014_rank382,942,942,0.84885,0
ILSVRC2012_val_00008469_with_ILSVRC2012_val_00044557_rank082,54,62,0.30715,8
ILSVRC2012_val_00008469_with_ILSVRC2012_val_00023362_rank243,215,215,0.56475,0
ILSVRC2012_val_00008469_with_ILSVRC2012_val_00002839_rank186,961,345,0.29956,670
ILSVRC2012_val_00008469_with_ILSVRC2012_val_00008330_rank217,367,367,0.78838,0
ILSVRC2012_val_00008469_with_ILSVRC2012_val_00003383_rank114,362,362,0.81693,0
ILSVRC2012_val_00008469_with_ILSVRC2012_val_00034940_rank745,551,838,0.67978,3
ILSVRC2012_val_00008469_with_ILSVRC2012_val_00023634_rank207,206,267,0.25134,4
ILSVRC2012_val_00008469_with_ILSVRC2012_val_00021884_rank183,649,649,0.76061,0
ILSVRC2012_val_00008469_with_ILSVRC2012_val_00026588_rank554,356,177,0.11059,356
ILSVRC2012_val_00008469_with_ILSVRC2012_val_00036112_rank836,707,707,0.77266,0
ILSVRC2012_val_00008469_with_ILSVRC2012_val_00010497_rank730,418,471,0.19081,776
ILSVRC2012_val_00008469_with_ILSVRC2012_val_00029610_rank531,258,258,0.69999,0
ILSVRC2012_val_00008469_with_ILSVRC2012_val_00043667_rank895,850,431,0.60608,143
ILSVRC2012_val_00008469_with_ILSVRC2012_val_00017538_rank575,717,717,0.69256,0
ILSVRC2012_val_00008469_with_ILSVRC2012_val_00040725_rank176,232,264,0.36844,3
ILSVRC2012_val_00008469_with_ILSVRC2012_val_00010293_rank623,876,977,0.27965,181
ILSVRC2012_val_00008469_with_ILSVRC2012_val_00001987_rank447,74,730,0.16572,812
ILSVRC2012_val_00008469_with_ILSVRC2012_val_00004839_rank501,834,457,0.53324,3
ILSVRC2012_val_00008469_with_ILSVRC2012_val_00021118_rank849,521,469,0.3012,14
ILSVRC2012_val_00008469_with_ILSVRC2012_val_00020216_rank290,233,233,0.61325,0
ILSVRC2012_val_00008469_with_ILSVRC2012_val_00032086_rank189,53,53,0.7722,0
ILSVRC2012_val_00008469_with_ILSVRC2012_val_00048116_rank081,147,147,0.76432,0
ILSVRC2012_val_00008469_with_ILSVRC2012_val_00048489_rank913,615,615,0.73913,0
ILSVRC2012_val_00008469_with_ILSVRC2012_val_00025656_rank418,866,866,0.53944,0
ILSVRC2012_val_00008469_with_ILSVRC2012_val_00041957_rank008,346,346,0.80957,0
ILSVRC2012_val_00008469_with_ILSVRC2012_val_00023240_rank380,658,797,0.21721,34
ILSVRC2012_val_00008469_with_ILSVRC2012_val_00029613_rank657,729,447,0.25103,864
ILSVRC2012_val_00008469_with_ILSVRC2012_val_00014957_rank774,265,267,0.34538,2
ILSVRC2012_val_00008469_with_ILSVRC2012_val_00024391_rank168,839,460,0.37886,8
ILSVRC2012_val_00008469_with_ILSVRC2012_val_00031904_rank722,761,761,0.68797,0
ILSVRC2012_val_00008469_with_ILSVRC2012_val_00000720_rank381,468,654,0.21007,5
ILSVRC2012_val_00008469_with_ILSVRC2012_val_00020883_rank836,707,480,0.16765,2
ILSVRC2012_val_00008469_with_ILSVRC2012_val_00023035_rank373,764,703,0.36572,47
ILSVRC2012_val_00008469_with_ILSVRC2012_val_00033902_rank083,847,847,0.76326,0
ILSVRC2012_val_00008469_with_ILSVRC2012_val_00043664_rank682,338,338,0.80552,0
ILSVRC2012_val_00008469_with_ILSVRC2012_val_00022378_rank961,577,958,0.5422,407
ILSVRC2012_val_00008469_with_ILSVRC2012_val_00046082_rank888,841,841,0.55999,0
ILSVRC2012_val_00008469_with_ILSVRC2012_val_00025287_rank140,79,49,0.66948,114
ILSVRC2012_val_00008469_with_ILSVRC2012_val_00036904_rank668,776,776,0.6338,0
ILSVRC2012_val_00008469_with_ILSVRC2012_val_00040578_rank843,747,747,0.83016,0
ILSVRC2012_val_00008469_with_ILSVRC2012_val_00004374_rank603,182,182,0.74676,0
ILSVRC2012_val_00008469_with_ILSVRC2012_val_00027782_rank432,484,408,0.57877,13
ILSVRC2012_val_00008469_with_ILSVRC2012_val_00014158_rank045,142,142,0.8751,0
ILSVRC2012_val_00008469_with_ILSVRC2012_val_00002290_rank993,570,501,0.55843,28
ILSVRC2012_val_00008469_with_ILSVRC2012_val_00022695_rank554,356,360,0.81178,4
ILSVRC2012_val_00008469_with_ILSVRC2012_val_00026137_rank934,426,426,0.78216,0
ILSVRC2012_val_00008469_with_ILSVRC2012_val_00002712_rank868,528,528,0.69185,0
ILSVRC2012_val_00008469_with_ILSVRC2012_val_00036125_rank191,21,21,0.83055,0
ILSVRC2012_val_00008469_with_ILSVRC2012_val_00036906_rank604,870,870,0.42203,0
ILSVRC2012_val_00008469_with_ILSVRC2012_val_00031273_rank291,15,85,0.15208,11
ILSVRC2012_val_00008469_with_ILSVRC2012_val_00037291_rank789,861,861,0.89841,0
ILSVRC2012_val_00008469_with_ILSVRC2012_val_00026649_rank837,845,595,0.30218,862
ILSVRC2012_val_00008469_with_ILSVRC2012_val_00039308_rank172,6,346,0.13985,58
ILSVRC2012_val_00008469_with_ILSVRC2012_val_00017230_rank060,337,337,0.43206,0
ILSVRC2012_val_00008469_with_ILSVRC2012_val_00044393_rank287,80,80,0.79555,0
ILSVRC2012_val_00008469_with_ILSVRC2012_val_00038531_rank863,840,345,0.09059,491
ILSVRC2012_val_00008469_with_ILSVRC2012_val_00024207_rank461,578,958,0.13292,55
ILSVRC2012_val_00008469_with_ILSVRC2012_val_00011950_rank587,777,777,0.80259,0
ILSVRC2012_val_00008469_with_ILSVRC2012_val_00020447_rank687,591,591,0.85119,0
ILSVRC2012_val_00008469_with_ILSVRC2012_val_00016886_rank230,172,172,0.62492,0
ILSVRC2012_val_00008469_with_ILSVRC2012_val_00024546_rank216,341,341,0.64208,0
ILSVRC2012_val_00008469_with_ILSVRC2012_val_00017115_rank601,315,315,0.72235,0
ILSVRC2012_val_00008469_with_ILSVRC2012_val_00010618_rank016,141,141,0.77965,0
ILSVRC2012_val_00008469_with_ILSVRC2012_val_00026103_rank004,344,344,0.84153,0
ILSVRC2012_val_00008469_with_ILSVRC2012_val_00021684_rank880,667,879,0.93227,18
ILSVRC2012_val_00008469_with_ILSVRC2012_val_00041195_rank971,811,811,0.17455,0
ILSVRC2012_val_00008469_with_ILSVRC2012_val_00006025_rank697,800,800,0.30743,0
ILSVRC2012_val_00008469_with_ILSVRC2012_val_00040380_rank506,854,854,0.78741,0
ILSVRC2012_val_00008469_with_ILSVRC2012_val_00014751_rank755,125,125,0.90391,0
ILSVRC2012_val_00008469_with_ILSVRC2012_val_00037997_rank630,281,281,0.37229,0
ILSVRC2012_val_00008469_with_ILSVRC2012_val_00046529_rank852,78,78,0.24679,0
ILSVRC2012_val_00008469_with_ILSVRC2012_val_00021236_rank002,50,50,0.86085,0
ILSVRC2012_val_00008469_with_ILSVRC2012_val_00040141_rank691,924,924,0.8292,0
ILSVRC2012_val_00008469_with_ILSVRC2012_val_00009333_rank978,763,763,0.58615,0
ILSVRC2012_val_00008469_with_ILSVRC2012_val_00039254_rank926,686,913,0.45714,879
ILSVRC2012_val_00008469_with_ILSVRC2012_val_00004669_rank203,149,344,0.85496,10
ILSVRC2012_val_00008469_with_ILSVRC2012_val_00022994_rank987,585,585,0.26252,0
ILSVRC2012_val_00008469_with_ILSVRC2012_val_00013368_rank029,275,275,0.56554,0
ILSVRC2012_val_00008469_with_ILSVRC2012_val_00013394_rank010,35,35,0.66634,0
ILSVRC2012_val_00008469_with_ILSVRC2012_val_00044424_rank295,364,367,0.49362,19
ILSVRC2012_val_00008469_with_ILSVRC2012_val_00005482_rank464,300,300,0.26107,0
ILSVRC2012_val_00008469_with_ILSVRC2012_val_00010945_rank474,228,228,0.53607,0
ILSVRC2012_val_00008469_with_ILSVRC2012_val_00030012_rank393,113,113,0.34594,0
ILSVRC2012_val_00008469_with_ILSVRC2012_val_00006455_rank348,105,105,0.84634,0
ILSVRC2012_val_00008469_with_ILSVRC2012_val_00009255_rank846,647,412,0.16597,327
ILSVRC2012_val_00008469_with_ILSVRC2012_val_00027823_rank691,924,973,0.20711,100
ILSVRC2012_val_00008469_with_ILSVRC2012_val_00009474_rank077,272,272,0.80127,0
ILSVRC2012_val_00008469_with_ILSVRC2012_val_00027569_rank909,605,605,0.6288,0
ILSVRC2012_val_00008469_with_ILSVRC2012_val_00002044_rank542,915,915,0.82946,0
ILSVRC2012_val_00008469_with_ILSVRC2012_val_00029914_rank948,790,790,0.5307,0
ILSVRC2012_val_00008469_with_ILSVRC2012_val_00012566_rank740,208,208,0.63416,0
ILSVRC2012_val_00008469_with_ILSVRC2012_val_00012608_rank261,173,173,0.45425,0
ILSVRC2012_val_00008469_with_ILSVRC2012_val_00011587_rank989,588,588,0.84436,0
ILSVRC2012_val_00008469_with_ILSVRC2012_val_00004445_rank608,453,453,0.62365,0
ILSVRC2012_val_00008469_with_ILSVRC2012_val_00005242_rank591,236,236,0.75023,0
ILSVRC2012_val_00008469_with_ILSVRC2012_val_00008589_rank923,584,434,0.13673,160
ILSVRC2012_val_00008469_with_ILSVRC2012_val_00010338_rank558,917,917,0.13461,0
ILSVRC2012_val_00008469_with_ILSVRC2012_val_00030351_rank533,817,511,0.8362,2
ILSVRC2012_val_00008469_with_ILSVRC2012_val_00035164_rank100,280,270,0.20098,9
ILSVRC2012_val_00008469_with_ILSVRC2012_val_00037922_rank281,890,913,0.20303,130
ILSVRC2012_val_00008469_with_ILSVRC2012_val_00000196_rank162,396,396,0.75646,0
ILSVRC2012_val_00008469_with_ILSVRC2012_val_00039098_rank761,618,567,0.50038,11
ILSVRC2012_val_00008469_with_ILSVRC2012_val_00028514_rank454,244,244,0.71646,0
ILSVRC2012_val_00008469_with_ILSVRC2012_val_00000367_rank516,592,458,0.17313,135
ILSVRC2012_val_00008469_with_ILSVRC2012_val_00041178_rank290,233,233,0.75622,0
ILSVRC2012_val_00008469_with_ILSVRC2012_val_00029271_rank304,775,775,0.15034,0
ILSVRC2012_val_00008469_with_ILSVRC2012_val_00019151_rank307,316,316,0.8119,0
ILSVRC2012_val_00008469_with_ILSVRC2012_val_00036519_rank886,882,463,0.17101,184
ILSVRC2012_val_00008469_with_ILSVRC2012_val_00048175_rank110,24,24,0.831,0
ILSVRC2012_val_00008469_with_ILSVRC2012_val_00026455_rank342,995,354,0.07769,187
ILSVRC2012_val_00008469_with_ILSVRC2012_val_00001525_rank838,657,657,0.47082,0
ILSVRC2012_val_00008469_with_ILSVRC2012_val_00038421_rank379,947,947,0.4601,0
ILSVRC2012_val_00008469_with_ILSVRC2012_val_00014698_rank713,252,256,0.37901,14
ILSVRC2012_val_00008469_with_ILSVRC2012_val_00038174_rank442,199,197,0.89561,1
ILSVRC2012_val_00008469_with_ILSVRC2012_val_00045996_rank861,501,958,0.24718,294
ILSVRC2012_val_00008469_with_ILSVRC2012_val_00045968_rank954,165,165,0.78479,0
ILSVRC2012_val_00008469_with_ILSVRC2012_val_00040111_rank482,648,782,0.30959,80
ILSVRC2012_val_00008469_with_ILSVRC2012_val_00006908_rank801,392,392,0.86142,0
ILSVRC2012_val_00008469_with_ILSVRC2012_val_00041187_rank163,821,821,0.74914,0
ILSVRC2012_val_00008469_with_ILSVRC2012_val_00025186_rank883,470,460,0.12227,909
ILSVRC2012_val_00008469_with_ILSVRC2012_val_00040112_rank681,643,863,0.68323,6
ILSVRC2012_val_00008469_with_ILSVRC2012_val_00039584_rank300,955,955,0.87244,0
ILSVRC2012_val_00008469_with_ILSVRC2012_val_00024964_rank537,496,496,0.87806,0
ILSVRC2012_val_00008469_with_ILSVRC2012_val_00003227_rank622,176,176,0.76924,0
ILSVRC2012_val_00008469_with_ILSVRC2012_val_00025545_rank358,687,687,0.80439,0
ILSVRC2012_val_00008469_with_ILSVRC2012_val_00021698_rank440,878,609,0.79585,329
ILSVRC2012_val_00008469_with_ILSVRC2012_val_00023063_rank598,950,950,0.73284,0
ILSVRC2012_val_00008469_with_ILSVRC2012_val_00029493_rank853,826,826,0.62789,0
ILSVRC2012_val_00008469_with_ILSVRC2012_val_00004467_rank842,797,797,0.46687,0
ILSVRC2012_val_00008469_with_ILSVRC2012_val_00025958_rank860,602,602,0.41335,0
ILSVRC2012_val_00008469_with_ILSVRC2012_val_00036558_rank547,710,637,0.57515,67
ILSVRC2012_val_00008469_with_ILSVRC2012_val_00014322_rank689,626,481,0.7535,74
ILSVRC2012_val_00008469_with_ILSVRC2012_val_00011432_rank249,8,595,0.13974,350
ILSVRC2012_val_00008469_with_ILSVRC2012_val_00016373_rank324,750,879,0.31443,315
ILSVRC2012_val_00008469_with_ILSVRC2012_val_00023845_rank718,574,574,0.30305,0
ILSVRC2012_val_00008469_with_ILSVRC2012_val_00009627_rank728,896,501,0.36386,505
ILSVRC2012_val_00008469_with_ILSVRC2012_val_00033742_rank190,992,992,0.63144,0
ILSVRC2012_val_00008469_with_ILSVRC2012_val_00029799_rank451,264,264,0.54383,0
ILSVRC2012_val_00008469_with_ILSVRC2012_val_00047174_rank806,758,344,0.16526,818
ILSVRC2012_val_00008469_with_ILSVRC2012_val_00010972_rank899,746,746,0.76045,0
ILSVRC2012_val_00008469_with_ILSVRC2012_val_00042146_rank466,495,449,0.58907,296
ILSVRC2012_val_00008469_with_ILSVRC2012_val_00032238_rank563,805,805,0.72682,0
ILSVRC2012_val_00008469_with_ILSVRC2012_val_00035137_rank109,385,385,0.56011,0
ILSVRC2012_val_00008469_with_ILSVRC2012_val_00004213_rank445,956,956,0.85837,0
ILSVRC2012_val_00008469_with_ILSVRC2012_val_00002303_rank438,220,346,0.31062,282
ILSVRC2012_val_00008469_with_ILSVRC2012_val_00016361_rank999,772,701,0.576,297
ILSVRC2012_val_00008469_with_ILSVRC2012_val_00044304_rank719,583,428,0.08573,151
ILSVRC2012_val_00008469_with_ILSVRC2012_val_00039736_rank077,272,269,0.44851,1
ILSVRC2012_val_00008469_with_ILSVRC2012_val_00022815_rank749,446,460,0.05238,592
ILSVRC2012_val_00008469_with_ILSVRC2012_val_00003196_rank226,231,231,0.47708,0
ILSVRC2012_val_00008469_with_ILSVRC2012_val_00027293_rank278,436,408,0.75995,21
ILSVRC2012_val_00008469_with_ILSVRC2012_val_00047342_rank811,250,250,0.54512,0
ILSVRC2012_val_00008469_with_ILSVRC2012_val_00021867_rank645,107,723,0.59814,967
ILSVRC2012_val_00008469_with_ILSVRC2012_val_00028849_rank018,132,132,0.65428,0
ILSVRC2012_val_00008469_with_ILSVRC2012_val_00011700_rank993,570,570,0.82809,0
ILSVRC2012_val_00008469_with_ILSVRC2012_val_00004616_rank741,906,671,0.16173,824
ILSVRC2012_val_00008469_with_ILSVRC2012_val_00011780_rank319,324,324,0.81343,0
ILSVRC2012_val_00008469_with_ILSVRC2012_val_00009514_rank413,755,755,0.81681,0
ILSVRC2012_val_00008469_with_ILSVRC2012_val_00007012_rank679,414,414,0.28274,0
ILSVRC2012_val_00008469_with_ILSVRC2012_val_00009500_rank586,428,472,0.29029,19
ILSVRC2012_val_00008469_with_ILSVRC2012_val_00010934_rank679,414,414,0.30913,0
ILSVRC2012_val_00008469_with_ILSVRC2012_val_00010434_rank585,712,637,0.19793,934
ILSVRC2012_val_00008469_with_ILSVRC2012_val_00023440_rank249,8,7,0.50479,1
ILSVRC2012_val_00008469_with_ILSVRC2012_val_00039290_rank923,584,958,0.71996,263
ILSVRC2012_val_00008469_with_ILSVRC2012_val_00036720_rank252,376,376,0.79834,0
ILSVRC2012_val_00008469_with_ILSVRC2012_val_00018789_rank034,395,395,0.87598,0
ILSVRC2012_val_00008469_with_ILSVRC2012_val_00000398_rank122,383,383,0.72963,0
ILSVRC2012_val_00008469_with_ILSVRC2012_val_00017633_rank819,645,888,0.13061,141
ILSVRC2012_val_00008469_with_ILSVRC2012_val_00034155_rank477,181,181,0.79638,0
ILSVRC2012_val_00008469_with_ILSVRC2012_val_00027629_rank231,170,269,0.15999,19
ILSVRC2012_val_00008469_with_ILSVRC2012_val_00036033_rank494,830,879,0.46839,220
ILSVRC2012_val_00008469_with_ILSVRC2012_val_00012504_rank855,571,571,0.83357,0
ILSVRC2012_val_00008469_with_ILSVRC2012_val_00034998_rank162,396,340,0.72928,28
ILSVRC2012_val_00008469_with_ILSVRC2012_val_00043489_rank180,698,483,0.48884,1
ILSVRC2012_val_00008469_with_ILSVRC2012_val_00025482_rank741,906,128,0.31178,630
ILSVRC2012_val_00008469_with_ILSVRC2012_val_00046836_rank474,228,229,0.48278,2
ILSVRC2012_val_00008469_with_ILSVRC2012_val_00048834_rank159,210,210,0.39273,0
ILSVRC2012_val_00008469_with_ILSVRC2012_val_00028437_rank478,464,464,0.49597,0
ILSVRC2012_val_00008469_with_ILSVRC2012_val_00003622_rank606,440,440,0.63406,0
ILSVRC2012_val_00008469_with_ILSVRC2012_val_00012003_rank947,87,80,0.07838,112
ILSVRC2012_val_00008469_with_ILSVRC2012_val_00038607_rank863,840,840,0.21354,0
ILSVRC2012_val_00008469_with_ILSVRC2012_val_00035007_rank317,599,599,0.7419,0
ILSVRC2012_val_00008469_with_ILSVRC2012_val_00036201_rank410,783,783,0.79568,0
ILSVRC2012_val_00008469_with_ILSVRC2012_val_00024623_rank808,678,144,0.17786,707
ILSVRC2012_val_00008469_with_ILSVRC2012_val_00007028_rank397,945,945,0.85533,0
ILSVRC2012_val_00008469_with_ILSVRC2012_val_00014446_rank639,212,212,0.80228,0
ILSVRC2012_val_00008469_with_ILSVRC2012_val_00047850_rank113,271,271,0.81973,0
ILSVRC2012_val_00008469_with_ILSVRC2012_val_00044178_rank949,604,604,0.72268,0
ILSVRC2012_val_00008469_with_ILSVRC2012_val_00021567_rank739,867,867,0.89146,0
ILSVRC2012_val_00008469_with_ILSVRC2012_val_00009549_rank703,987,987,0.80376,0
ILSVRC2012_val_00008469_with_ILSVRC2012_val_00039535_rank912,792,649,0.3722,127
ILSVRC2012_val_00008469_with_ILSVRC2012_val_00011421_rank773,531,531,0.80899,0
ILSVRC2012_val_00008469_with_ILSVRC2012_val_00000278_rank072,92,92,0.7672,0
ILSVRC2012_val_00008469_with_ILSVRC2012_val_00035480_rank662,196,196,0.37153,0
ILSVRC2012_val_00008469_with_ILSVRC2012_val_00049008_rank572,587,997,0.17631,113
ILSVRC2012_val_00008469_with_ILSVRC2012_val_00005762_rank399,423,423,0.80004,0
ILSVRC2012_val_00008469_with_ILSVRC2012_val_00001012_rank592,444,880,0.27511,2
ILSVRC2012_val_00008469_with_ILSVRC2012_val_00024101_rank418,866,866,0.51919,0
ILSVRC2012_val_00008469_with_ILSVRC2012_val_00000405_rank157,177,177,0.76733,0
ILSVRC2012_val_00008469_with_ILSVRC2012_val_00028056_rank556,635,635,0.53967,0
ILSVRC2012_val_00008469_with_ILSVRC2012_val_00017836_rank250,323,323,0.86766,0
ILSVRC2012_val_00008469_with_ILSVRC2012_val_00035842_rank064,61,61,0.76336,0
ILSVRC2012_val_00008469_with_ILSVRC2012_val_00034158_rank602,894,894,0.32326,0
ILSVRC2012_val_00008469_with_ILSVRC2012_val_00023208_rank204,148,148,0.85645,0
ILSVRC2012_val_00008469_with_ILSVRC2012_val_00001702_rank475,251,251,0.73014,0
ILSVRC2012_val_00008469_with_ILSVRC2012_val_00039456_rank427,946,879,0.34945,940
ILSVRC2012_val_00008469_with_ILSVRC2012_val_00034197_rank246,320,320,0.63989,0
ILSVRC2012_val_00008469_with_ILSVRC2012_val_00007017_rank787,898,898,0.6412,0
ILSVRC2012_val_00008469_with_ILSVRC2012_val_00048723_rank788,237,346,0.52541,523
ILSVRC2012_val_00008469_with_ILSVRC2012_val_00021132_rank777,689,578,0.48994,2
ILSVRC2012_val_00008469_with_ILSVRC2012_val_00043168_rank668,776,776,0.62716,0
ILSVRC2012_val_00008469_with_ILSVRC2012_val_00040630_rank039,292,292,0.59436,0
ILSVRC2012_val_00008469_with_ILSVRC2012_val_00036401_rank040,289,289,0.55993,0
ILSVRC2012_val_00008469_with_ILSVRC2012_val_00017465_rank983,684,684,0.83899,0
ILSVRC2012_val_00008469_with_ILSVRC2012_val_00047106_rank185,89,89,0.76387,0
ILSVRC2012_val_00008469_with_ILSVRC2012_val_00009913_rank242,930,730,0.2186,893
ILSVRC2012_val_00008469_with_ILSVRC2012_val_00042180_rank605,302,730,0.70575,850
ILSVRC2012_val_00008469_with_ILSVRC2012_val_00040683_rank936,796,465,0.24195,10
ILSVRC2012_val_00008469_with_ILSVRC2012_val_00049209_rank437,540,540,0.34543,0
ILSVRC2012_val_00008469_with_ILSVRC2012_val_00048985_rank991,631,585,0.70856,3
ILSVRC2012_val_00008469_with_ILSVRC2012_val_00016481_rank406,520,520,0.74244,0
ILSVRC2012_val_00008469_with_ILSVRC2012_val_00002421_rank832,889,913,0.24051,491
ILSVRC2012_val_00008469_with_ILSVRC2012_val_00013243_rank442,199,197,0.81989,1
ILSVRC2012_val_00008469_with_ILSVRC2012_val_00043795_rank211,145,145,0.88482,0
ILSVRC2012_val_00008469_with_ILSVRC2012_val_00018999_rank232,483,730,0.14716,198
ILSVRC2012_val_00008469_with_ILSVRC2012_val_00008036_rank980,542,958,0.29626,210
ILSVRC2012_val_00008469_with_ILSVRC2012_val_00006606_rank395,679,135,0.78227,826
ILSVRC2012_val_00008469_with_ILSVRC2012_val_00026616_rank616,682,682,0.79706,0
ILSVRC2012_val_00008469_with_ILSVRC2012_val_00026714_rank241,858,913,0.56446,43
ILSVRC2012_val_00008469_with_ILSVRC2012_val_00004154_rank725,651,859,0.25574,5
ILSVRC2012_val_00008469_with_ILSVRC2012_val_00017258_rank271,492,637,0.20159,10
ILSVRC2012_val_00008469_with_ILSVRC2012_val_00040055_rank207,206,206,0.82584,0
ILSVRC2012_val_00008469_with_ILSVRC2012_val_00017071_rank457,933,933,0.84584,0
ILSVRC2012_val_00008469_with_ILSVRC2012_val_00019978_rank040,289,289,0.72884,0
ILSVRC2012_val_00008469_with_ILSVRC2012_val_00020078_rank560,941,941,0.87803,0
ILSVRC2012_val_00008469_with_ILSVRC2012_val_00045037_rank115,372,372,0.81369,0
ILSVRC2012_val_00008469_with_ILSVRC2012_val_00014009_rank224,27,211,0.15907,160
ILSVRC2012_val_00008469_with_ILSVRC2012_val_00018381_rank303,277,278,0.62318,1
ILSVRC2012_val_00008469_with_ILSVRC2012_val_00041484_rank112,449,449,0.7942,0
ILSVRC2012_val_00008469_with_ILSVRC2012_val_00028164_rank966,478,519,0.32018,1
ILSVRC2012_val_00008469_with_ILSVRC2012_val_00034600_rank051,47,47,0.74579,0
ILSVRC2012_val_00008469_with_ILSVRC2012_val_00009929_rank872,722,977,0.17136,860
ILSVRC2012_val_00008469_with_ILSVRC2012_val_00024981_rank256,222,222,0.57038,0
ILSVRC2012_val_00008469_with_ILSVRC2012_val_00042513_rank301,348,348,0.69431,0
ILSVRC2012_val_00008469_with_ILSVRC2012_val_00045134_rank726,153,153,0.64085,0
ILSVRC2012_val_00008469_with_ILSVRC2012_val_00018807_rank166,71,9,0.66464,520
ILSVRC2012_val_00008469_with_ILSVRC2012_val_00025536_rank175,242,243,0.58009,1
ILSVRC2012_val_00008469_with_ILSVRC2012_val_00027409_rank722,761,761,0.60944,0
ILSVRC2012_val_00008469_with_ILSVRC2012_val_00004243_rank259,11,11,0.7806,0
ILSVRC2012_val_00008469_with_ILSVRC2012_val_00041735_rank239,175,175,0.83773,0
ILSVRC2012_val_00008469_with_ILSVRC2012_val_00048565_rank626,617,982,0.11461,19
ILSVRC2012_val_00008469_with_ILSVRC2012_val_00020650_rank923,584,584,0.58154,0
ILSVRC2012_val_00008469_with_ILSVRC2012_val_00037733_rank752,283,283,0.77437,0
ILSVRC2012_val_00008469_with_ILSVRC2012_val_00036146_rank637,951,951,0.3365,0
ILSVRC2012_val_00008469_with_ILSVRC2012_val_00040080_rank637,951,951,0.88837,0
ILSVRC2012_val_00008469_with_ILSVRC2012_val_00039763_rank913,615,958,0.08594,495
ILSVRC2012_val_00008469_with_ILSVRC2012_val_00031772_rank428,16,373,0.47958,61
ILSVRC2012_val_00008469_with_ILSVRC2012_val_00038331_rank248,668,663,0.28628,3
ILSVRC2012_val_00008469_with_ILSVRC2012_val_00029226_rank337,99,134,0.24112,3
ILSVRC2012_val_00008469_with_ILSVRC2012_val_00049758_rank628,748,958,0.12893,538
ILSVRC2012_val_00008469_with_ILSVRC2012_val_00041175_rank137,609,609,0.76042,0
ILSVRC2012_val_00008469_with_ILSVRC2012_val_00046064_rank976,765,449,0.68266,205
ILSVRC2012_val_00008469_with_ILSVRC2012_val_00045362_rank002,50,50,0.75824,0
ILSVRC2012_val_00008469_with_ILSVRC2012_val_00023908_rank964,518,518,0.80058,0
ILSVRC2012_val_00008469_with_ILSVRC2012_val_00022095_rank123,82,83,0.49428,3
ILSVRC2012_val_00008469_with_ILSVRC2012_val_00024414_rank008,346,730,0.40997,12
ILSVRC2012_val_00008469_with_ILSVRC2012_val_00025272_rank292,938,938,0.8662,0
ILSVRC2012_val_00008469_with_ILSVRC2012_val_00047518_rank351,191,189,0.31636,1
ILSVRC2012_val_00008469_with_ILSVRC2012_val_00022947_rank015,276,276,0.80806,0
ILSVRC2012_val_00008469_with_ILSVRC2012_val_00024795_rank035,68,66,0.45746,1
ILSVRC2012_val_00008469_with_ILSVRC2012_val_00030959_rank188,347,347,0.70692,0
ILSVRC2012_val_00008469_with_ILSVRC2012_val_00000721_rank730,418,517,0.2435,399
ILSVRC2012_val_00008469_with_ILSVRC2012_val_00023613_rank560,941,941,0.83674,0
ILSVRC2012_val_00008469_with_ILSVRC2012_val_00024684_rank049,41,730,0.16104,291
ILSVRC2012_val_00008469_with_ILSVRC2012_val_00016721_rank684,359,358,0.27369,2
ILSVRC2012_val_00008469_with_ILSVRC2012_val_00038567_rank593,261,261,0.75184,0
ILSVRC2012_val_00008469_with_ILSVRC2012_val_00026856_rank297,693,693,0.7697,0
ILSVRC2012_val_00008469_with_ILSVRC2012_val_00048619_rank396,770,770,0.80244,0
ILSVRC2012_val_00008469_with_ILSVRC2012_val_00003525_rank642,939,939,0.46626,0
ILSVRC2012_val_00008469_with_ILSVRC2012_val_00026159_rank511,958,958,0.9334,0
ILSVRC2012_val_00008469_with_ILSVRC2012_val_00000328_rank191,21,21,0.80556,0
ILSVRC2012_val_00008469_with_ILSVRC2012_val_00018355_rank395,679,100,0.4641,603
ILSVRC2012_val_00008469_with_ILSVRC2012_val_00039579_rank374,322,322,0.77052,0
ILSVRC2012_val_00008469_with_ILSVRC2012_val_00011751_rank922,157,157,0.82698,0
ILSVRC2012_val_00008469_with_ILSVRC2012_val_00016949_rank751,497,497,0.63587,0
ILSVRC2012_val_00008469_with_ILSVRC2012_val_00004619_rank549,670,670,0.64798,0
ILSVRC2012_val_00008469_with_ILSVRC2012_val_00016217_rank491,575,575,0.81323,0
ILSVRC2012_val_00008469_with_ILSVRC2012_val_00024266_rank037,352,353,0.4217,1
ILSVRC2012_val_00008469_with_ILSVRC2012_val_00008863_rank908,851,595,0.13823,445
ILSVRC2012_val_00008469_with_ILSVRC2012_val_00014852_rank756,740,344,0.09941,984
ILSVRC2012_val_00008469_with_ILSVRC2012_val_00030738_rank131,350,350,0.82355,0
ILSVRC2012_val_00008469_with_ILSVRC2012_val_00026668_rank767,745,899,0.14225,227
ILSVRC2012_val_00008469_with_ILSVRC2012_val_00026167_rank029,275,275,0.77489,0
ILSVRC2012_val_00008469_with_ILSVRC2012_val_00029514_rank784,738,178,0.3983,431
ILSVRC2012_val_00008469_with_ILSVRC2012_val_00012463_rank222,321,321,0.83045,0
ILSVRC2012_val_00008469_with_ILSVRC2012_val_00041433_rank956,452,452,0.32987,0
ILSVRC2012_val_00008469_with_ILSVRC2012_val_00041881_rank071,127,127,0.84191,0
ILSVRC2012_val_00008469_with_ILSVRC2012_val_00033884_rank095,269,269,0.78036,0
ILSVRC2012_val_00008469_with_ILSVRC2012_val_00003556_rank047,298,386,0.43983,65
ILSVRC2012_val_00008469_with_ILSVRC2012_val_00028404_rank093,913,913,0.5681,0
ILSVRC2012_val_00008469_with_ILSVRC2012_val_00034619_rank451,264,263,0.60395,1
ILSVRC2012_val_00008469_with_ILSVRC2012_val_00037117_rank723,245,245,0.86066,0
ILSVRC2012_val_00008469_with_ILSVRC2012_val_00041358_rank911,203,203,0.7297,0
ILSVRC2012_val_00008469_with_ILSVRC2012_val_00040341_rank241,858,858,0.30101,0
ILSVRC2012_val_00008469_with_ILSVRC2012_val_00045758_rank050,342,342,0.48229,0
ILSVRC2012_val_00008469_with_ILSVRC2012_val_00039674_rank556,635,730,0.12228,643
ILSVRC2012_val_00008469_with_ILSVRC2012_val_00008184_rank339,397,397,0.79737,0
ILSVRC2012_val_00008469_with_ILSVRC2012_val_00010799_rank315,489,599,0.14084,34
ILSVRC2012_val_00008469_with_ILSVRC2012_val_00020048_rank387,633,633,0.75416,0
ILSVRC2012_val_00008469_with_ILSVRC2012_val_00030537_rank597,309,472,0.31534,781
ILSVRC2012_val_00008469_with_ILSVRC2012_val_00000970_rank348,105,958,0.07601,582
ILSVRC2012_val_00008469_with_ILSVRC2012_val_00032592_rank713,252,197,0.6646,8
ILSVRC2012_val_00008469_with_ILSVRC2012_val_00037933_rank852,78,78,0.72944,0
ILSVRC2012_val_00008469_with_ILSVRC2012_val_00033188_rank164,124,344,0.64756,201
ILSVRC2012_val_00008469_with_ILSVRC2012_val_00004937_rank617,807,807,0.31761,0
ILSVRC2012_val_00008469_with_ILSVRC2012_val_00040634_rank844,641,641,0.60909,0
ILSVRC2012_val_00008469_with_ILSVRC2012_val_00041378_rank294,330,330,0.50462,0
ILSVRC2012_val_00008469_with_ILSVRC2012_val_00020618_rank941,919,919,0.73899,0
ILSVRC2012_val_00008469_with_ILSVRC2012_val_00046668_rank138,295,295,0.82421,0
ILSVRC2012_val_00008469_with_ILSVRC2012_val_00015049_rank297,693,913,0.80195,81
ILSVRC2012_val_00008469_with_ILSVRC2012_val_00024953_rank263,931,931,0.81431,0
ILSVRC2012_val_00008469_with_ILSVRC2012_val_00006748_rank515,554,730,0.24439,427
ILSVRC2012_val_00008469_with_ILSVRC2012_val_00042365_rank667,517,821,0.63266,14
ILSVRC2012_val_00008469_with_ILSVRC2012_val_00026739_rank055,64,64,0.07603,0
ILSVRC2012_val_00008469_with_ILSVRC2012_val_00036158_rank448,313,730,0.29793,200
ILSVRC2012_val_00008469_with_ILSVRC2012_val_00010627_rank386,180,180,0.40336,0
ILSVRC2012_val_00008469_with_ILSVRC2012_val_00005204_rank904,812,895,0.19572,4
ILSVRC2012_val_00008469_with_ILSVRC2012_val_00043239_rank732,677,677,0.24013,0
ILSVRC2012_val_00008469_with_ILSVRC2012_val_00003656_rank280,308,428,0.09359,789
ILSVRC2012_val_00008469_with_ILSVRC2012_val_00029892_rank819,645,958,0.08465,65
ILSVRC2012_val_00008469_with_ILSVRC2012_val_00028009_rank744,235,164,0.35107,39
ILSVRC2012_val_00008469_with_ILSVRC2012_val_00003049_rank533,817,751,0.69757,1
ILSVRC2012_val_00008469_with_ILSVRC2012_val_00020964_rank945,610,610,0.53253,0
ILSVRC2012_val_00008469_with_ILSVRC2012_val_00007361_rank413,755,755,0.77046,0
ILSVRC2012_val_00008469_with_ILSVRC2012_val_00011043_rank023,343,343,0.67906,0
ILSVRC2012_val_00008469_with_ILSVRC2012_val_00022182_rank895,850,850,0.72984,0
ILSVRC2012_val_00008469_with_ILSVRC2012_val_00010154_rank296,936,936,0.86436,0
ILSVRC2012_val_00008469_with_ILSVRC2012_val_00049761_rank044,103,103,0.61378,0
ILSVRC2012_val_00008469_with_ILSVRC2012_val_00036477_rank908,851,851,0.72755,0
ILSVRC2012_val_00008469_with_ILSVRC2012_val_00028213_rank990,284,284,0.82252,0
ILSVRC2012_val_00008469_with_ILSVRC2012_val_00036048_rank404,573,595,0.19886,19
ILSVRC2012_val_00008469_with_ILSVRC2012_val_00036164_rank563,805,805,0.62941,0
ILSVRC2012_val_00008469_with_ILSVRC2012_val_00010692_rank248,668,668,0.73368,0
ILSVRC2012_val_00008469_with_ILSVRC2012_val_00042618_rank962,818,989,0.12375,579
ILSVRC2012_val_00008469_with_ILSVRC2012_val_00013251_rank205,211,344,0.77166,120
ILSVRC2012_val_00008469_with_ILSVRC2012_val_00020655_rank504,948,948,0.70635,0
ILSVRC2012_val_00008469_with_ILSVRC2012_val_00024999_rank841,597,597,0.74099,0
ILSVRC2012_val_00008469_with_ILSVRC2012_val_00011060_rank992,749,386,0.43111,776
ILSVRC2012_val_00008469_with_ILSVRC2012_val_00024291_rank497,944,944,0.80387,0
ILSVRC2012_val_00008469_with_ILSVRC2012_val_00026459_rank644,804,804,0.60825,0
ILSVRC2012_val_00008469_with_ILSVRC2012_val_00008153_rank742,719,719,0.87428,0
ILSVRC2012_val_00008469_with_ILSVRC2012_val_00025354_rank575,717,717,0.58438,0
ILSVRC2012_val_00008469_with_ILSVRC2012_val_00014943_rank189,53,53,0.1853,0
ILSVRC2012_val_00008469_with_ILSVRC2012_val_00032899_rank810,735,474,0.29591,2
ILSVRC2012_val_00008469_with_ILSVRC2012_val_00015704_rank206,365,365,0.19486,0
ILSVRC2012_val_00008469_with_ILSVRC2012_val_00014225_rank603,182,182,0.51333,0
ILSVRC2012_val_00008469_with_ILSVRC2012_val_00012142_rank543,873,449,0.35256,146
ILSVRC2012_val_00008469_with_ILSVRC2012_val_00020896_rank681,643,958,0.24665,670
ILSVRC2012_val_00008469_with_ILSVRC2012_val_00044172_rank511,958,958,0.85892,0
ILSVRC2012_val_00008469_with_ILSVRC2012_val_00044295_rank669,857,730,0.68553,445
ILSVRC2012_val_00008469_with_ILSVRC2012_val_00009354_rank015,276,276,0.78455,0
ILSVRC2012_val_00008469_with_ILSVRC2012_val_00013475_rank390,246,246,0.44803,0
ILSVRC2012_val_00008469_with_ILSVRC2012_val_00048505_rank354,76,76,0.11719,0
ILSVRC2012_val_00008469_with_ILSVRC2012_val_00039602_rank577,674,595,0.15117,234
ILSVRC2012_val_00008469_with_ILSVRC2012_val_00029652_rank449,201,201,0.81093,0
ILSVRC2012_val_00008469_with_ILSVRC2012_val_00036113_rank580,441,441,0.67224,0
ILSVRC2012_val_00008469_with_ILSVRC2012_val_00007163_rank801,392,392,0.74698,0
ILSVRC2012_val_00008469_with_ILSVRC2012_val_00042174_rank466,495,580,0.48242,75
ILSVRC2012_val_00008469_with_ILSVRC2012_val_00035220_rank382,942,942,0.74853,0
ILSVRC2012_val_00008469_with_ILSVRC2012_val_00000382_rank183,649,649,0.76749,0
ILSVRC2012_val_00008469_with_ILSVRC2012_val_00049842_rank719,583,583,0.46783,0
ILSVRC2012_val_00008469_with_ILSVRC2012_val_00035553_rank195,183,183,0.1625,0
ILSVRC2012_val_00008469_with_ILSVRC2012_val_00019431_rank742,719,719,0.85646,0
ILSVRC2012_val_00008469_with_ILSVRC2012_val_00009014_rank527,249,248,0.34353,2
ILSVRC2012_val_00008469_with_ILSVRC2012_val_00018753_rank468,768,768,0.42831,0
ILSVRC2012_val_00008469_with_ILSVRC2012_val_00044131_rank625,829,829,0.28705,0
ILSVRC2012_val_00008469_with_ILSVRC2012_val_00015186_rank156,307,49,0.18941,128
ILSVRC2012_val_00008469_with_ILSVRC2012_val_00001264_rank276,694,694,0.78435,0
ILSVRC2012_val_00008469_with_ILSVRC2012_val_00013563_rank177,221,206,0.54176,1
ILSVRC2012_val_00008469_with_ILSVRC2012_val_00000155_rank229,937,937,0.67927,0
ILSVRC2012_val_00008469_with_ILSVRC2012_val_00012659_rank416,852,852,0.82297,0
ILSVRC2012_val_00008469_with_ILSVRC2012_val_00015992_rank268,993,993,0.87138,0
ILSVRC2012_val_00008469_with_ILSVRC2012_val_00004952_rank180,698,698,0.32032,0
ILSVRC2012_val_00008469_with_ILSVRC2012_val_00048696_rank222,321,321,0.80339,0
ILSVRC2012_val_00008469_with_ILSVRC2012_val_00013501_rank531,258,258,0.81049,0
ILSVRC2012_val_00008469_with_ILSVRC2012_val_00001738_rank471,848,609,0.63243,120
ILSVRC2012_val_00008469_with_ILSVRC2012_val_00019496_rank640,511,511,0.76824,0
ILSVRC2012_val_00008469_with_ILSVRC2012_val_00018916_rank800,162,166,0.77703,2
ILSVRC2012_val_00008469_with_ILSVRC2012_val_00005036_rank694,828,828,0.68587,0
ILSVRC2012_val_00008469_with_ILSVRC2012_val_00034952_rank859,427,427,0.6735,0
ILSVRC2012_val_00008469_with_ILSVRC2012_val_00020737_rank422,213,213,0.84108,0
ILSVRC2012_val_00008469_with_ILSVRC2012_val_00048162_rank077,272,272,0.81644,0
ILSVRC2012_val_00008469_with_ILSVRC2012_val_00038739_rank510,871,871,0.45537,0
ILSVRC2012_val_00008469_with_ILSVRC2012_val_00039112_rank281,890,890,0.4764,0
ILSVRC2012_val_00008469_with_ILSVRC2012_val_00018950_rank248,668,668,0.36353,0
ILSVRC2012_val_00008469_with_ILSVRC2012_val_00007454_rank996,117,117,0.76004,0
ILSVRC2012_val_00008469_with_ILSVRC2012_val_00024738_rank433,774,774,0.61228,0
ILSVRC2012_val_00008469_with_ILSVRC2012_val_00048168_rank829,929,929,0.17945,0
ILSVRC2012_val_00008469_with_ILSVRC2012_val_00010815_rank445,956,958,0.2524,935
ILSVRC2012_val_00008469_with_ILSVRC2012_val_00048010_rank594,466,466,0.76818,0
ILSVRC2012_val_00008469_with_ILSVRC2012_val_00038895_rank192,10,10,0.60312,0
ILSVRC2012_val_00008469_with_ILSVRC2012_val_00011826_rank564,909,849,0.74104,27
ILSVRC2012_val_00008469_with_ILSVRC2012_val_00029928_rank711,549,620,0.38849,41
ILSVRC2012_val_00008469_with_ILSVRC2012_val_00005187_rank716,399,501,0.32811,1
ILSVRC2012_val_00008469_with_ILSVRC2012_val_00004911_rank989,588,588,0.82507,0
ILSVRC2012_val_00008469_with_ILSVRC2012_val_00016337_rank640,511,511,0.48986,0
ILSVRC2012_val_00008469_with_ILSVRC2012_val_00041727_rank329,962,930,0.42184,4
ILSVRC2012_val_00008469_with_ILSVRC2012_val_00023993_rank336,736,736,0.61071,0
ILSVRC2012_val_00008469_with_ILSVRC2012_val_00016263_rank176,232,217,0.43412,2
ILSVRC2012_val_00008469_with_ILSVRC2012_val_00039892_rank274,743,525,0.53583,21
ILSVRC2012_val_00008469_with_ILSVRC2012_val_00018089_rank694,828,828,0.59797,0
ILSVRC2012_val_00008469_with_ILSVRC2012_val_00003628_rank177,221,219,0.14223,16
ILSVRC2012_val_00008469_with_ILSVRC2012_val_00002175_rank665,681,526,0.27386,13
ILSVRC2012_val_00008469_with_ILSVRC2012_val_00031087_rank926,686,686,0.49038,0
ILSVRC2012_val_00008469_with_ILSVRC2012_val_00033418_rank475,251,251,0.81295,0
ILSVRC2012_val_00008469_with_ILSVRC2012_val_00033393_rank123,82,24,0.27627,7
ILSVRC2012_val_00008469_with_ILSVRC2012_val_00009609_rank633,487,530,0.24878,26
ILSVRC2012_val_00008469_with_ILSVRC2012_val_00033148_rank312,533,533,0.42029,0
ILSVRC2012_val_00008469_with_ILSVRC2012_val_00007738_rank162,396,344,0.57836,162
ILSVRC2012_val_00008469_with_ILSVRC2012_val_00016332_rank632,864,609,0.42784,8
ILSVRC2012_val_00008469_with_ILSVRC2012_val_00000544_rank495,820,820,0.68468,0
ILSVRC2012_val_00008469_with_ILSVRC2012_val_00027805_rank603,182,273,0.09774,110
ILSVRC2012_val_00008469_with_ILSVRC2012_val_00012530_rank204,148,148,0.63125,0
ILSVRC2012_val_00008469_with_ILSVRC2012_val_00020649_rank448,313,346,0.65024,693
ILSVRC2012_val_00008469_with_ILSVRC2012_val_00031064_rank631,612,612,0.53182,0
ILSVRC2012_val_00008469_with_ILSVRC2012_val_00014438_rank459,465,465,0.75652,0
ILSVRC2012_val_00008469_with_ILSVRC2012_val_00042876_rank319,324,324,0.73543,0
ILSVRC2012_val_00008469_with_ILSVRC2012_val_00041392_rank935,515,344,0.69875,486
ILSVRC2012_val_00008469_with_ILSVRC2012_val_00021792_rank765,614,346,0.6308,391
ILSVRC2012_val_00008469_with_ILSVRC2012_val_00011728_rank952,151,151,0.86638,0
ILSVRC2012_val_00008469_with_ILSVRC2012_val_00037083_rank228,225,225,0.82324,0
ILSVRC2012_val_00008469_with_ILSVRC2012_val_00016739_rank180,698,483,0.44129,1
ILSVRC2012_val_00008469_with_ILSVRC2012_val_00016902_rank568,195,195,0.8301,0
ILSVRC2012_val_00008469_with_ILSVRC2012_val_00004148_rank553,166,166,0.13464,0
ILSVRC2012_val_00008469_with_ILSVRC2012_val_00036050_rank563,805,805,0.7625,0
ILSVRC2012_val_00008469_with_ILSVRC2012_val_00011797_rank974,723,723,0.83257,0
ILSVRC2012_val_00008469_with_ILSVRC2012_val_00012174_rank884,784,693,0.50491,200
ILSVRC2012_val_00008469_with_ILSVRC2012_val_00008654_rank403,52,52,0.69649,0
ILSVRC2012_val_00008469_with_ILSVRC2012_val_00005871_rank655,843,843,0.62984,0
ILSVRC2012_val_00008469_with_ILSVRC2012_val_00004535_rank708,733,733,0.55335,0
ILSVRC2012_val_00008469_with_ILSVRC2012_val_00030621_rank809,795,132,0.43641,519
ILSVRC2012_val_00008469_with_ILSVRC2012_val_00002446_rank848,676,801,0.23808,138
ILSVRC2012_val_00008469_with_ILSVRC2012_val_00022705_rank528,156,156,0.72451,0
ILSVRC2012_val_00008469_with_ILSVRC2012_val_00043493_rank599,905,958,0.2111,506
ILSVRC2012_val_00008469_with_ILSVRC2012_val_00048892_rank167,336,336,0.54662,0
ILSVRC2012_val_00008469_with_ILSVRC2012_val_00040205_rank158,23,23,0.87264,0
ILSVRC2012_val_00008469_with_ILSVRC2012_val_00023111_rank250,323,323,0.83143,0
ILSVRC2012_val_00008469_with_ILSVRC2012_val_00005174_rank449,201,201,0.85768,0
ILSVRC2012_val_00008469_with_ILSVRC2012_val_00011564_rank250,323,323,0.87271,0
ILSVRC2012_val_00008469_with_ILSVRC2012_val_00009796_rank336,736,736,0.80948,0
ILSVRC2012_val_00008469_with_ILSVRC2012_val_00011042_rank050,342,342,0.3965,0
ILSVRC2012_val_00008469_with_ILSVRC2012_val_00041567_rank873,503,412,0.48033,58
ILSVRC2012_val_00008469_with_ILSVRC2012_val_00017393_rank240,326,326,0.82026,0
ILSVRC2012_val_00008469_with_ILSVRC2012_val_00009953_rank834,514,514,0.85498,0
ILSVRC2012_val_00008469_with_ILSVRC2012_val_00040330_rank566,512,671,0.72692,301
ILSVRC2012_val_00008469_with_ILSVRC2012_val_00037016_rank747,523,9,0.74198,552
ILSVRC2012_val_00008469_with_ILSVRC2012_val_00032007_rank781,727,727,0.7772,0
ILSVRC2012_val_00008469_with_ILSVRC2012_val_00006073_rank356,429,429,0.80644,0
ILSVRC2012_val_00008469_with_ILSVRC2012_val_00017748_rank149,640,703,0.63764,66
ILSVRC2012_val_00008469_with_ILSVRC2012_val_00001910_rank305,407,407,0.7922,0
ILSVRC2012_val_00008469_with_ILSVRC2012_val_00013901_rank812,146,146,0.83643,0
ILSVRC2012_val_00008469_with_ILSVRC2012_val_00015258_rank638,739,899,0.10891,46
ILSVRC2012_val_00008469_with_ILSVRC2012_val_00038470_rank792,561,595,0.75281,10
ILSVRC2012_val_00008469_with_ILSVRC2012_val_00049845_rank581,304,301,0.47341,1
ILSVRC2012_val_00008469_with_ILSVRC2012_val_00014949_rank041,128,128,0.8303,0
ILSVRC2012_val_00008469_with_ILSVRC2012_val_00013626_rank560,941,728,0.25214,748
ILSVRC2012_val_00008469_with_ILSVRC2012_val_00001707_rank493,607,607,0.83121,0
ILSVRC2012_val_00008469_with_ILSVRC2012_val_00020067_rank938,816,876,0.05655,989
ILSVRC2012_val_00008469_with_ILSVRC2012_val_00032064_rank226,231,230,0.54771,2
ILSVRC2012_val_00008469_with_ILSVRC2012_val_00023828_rank532,463,463,0.49408,0
ILSVRC2012_val_00008469_with_ILSVRC2012_val_00021203_rank218,55,59,0.66041,2
ILSVRC2012_val_00008469_with_ILSVRC2012_val_00042082_rank189,53,386,0.1405,635
ILSVRC2012_val_00008469_with_ILSVRC2012_val_00003559_rank881,526,526,0.30076,0
ILSVRC2012_val_00008469_with_ILSVRC2012_val_00026398_rank640,511,511,0.49461,0
ILSVRC2012_val_00008469_with_ILSVRC2012_val_00046125_rank838,657,657,0.45228,0
ILSVRC2012_val_00008469_with_ILSVRC2012_val_00026338_rank041,128,128,0.69845,0
ILSVRC2012_val_00008469_with_ILSVRC2012_val_00042371_rank912,792,131,0.17564,746
ILSVRC2012_val_00008469_with_ILSVRC2012_val_00007185_rank339,397,397,0.67857,0
ILSVRC2012_val_00008469_with_ILSVRC2012_val_00049729_rank424,603,603,0.26692,0
ILSVRC2012_val_00008469_with_ILSVRC2012_val_00048576_rank141,4,386,0.08626,785
ILSVRC2012_val_00008469_with_ILSVRC2012_val_00005537_rank843,747,412,0.50923,87
ILSVRC2012_val_00008469_with_ILSVRC2012_val_00014046_rank428,16,93,0.13999,12
ILSVRC2012_val_00008469_with_ILSVRC2012_val_00002424_rank306,832,832,0.17248,0
ILSVRC2012_val_00008469_with_ILSVRC2012_val_00036751_rank346,155,182,0.39549,38
ILSVRC2012_val_00008469_with_ILSVRC2012_val_00038522_rank019,138,138,0.81439,0
ILSVRC2012_val_00008469_with_ILSVRC2012_val_00006325_rank967,469,469,0.72745,0
ILSVRC2012_val_00008469_with_ILSVRC2012_val_00003041_rank992,749,730,0.22584,438
ILSVRC2012_val_00008469_with_ILSVRC2012_val_00031994_rank405,230,230,0.60772,0
ILSVRC2012_val_00008469_with_ILSVRC2012_val_00005584_rank910,872,872,0.44203,0
ILSVRC2012_val_00008469_with_ILSVRC2012_val_00015404_rank831,567,898,0.27447,689
ILSVRC2012_val_00008469_with_ILSVRC2012_val_00045782_rank738,881,881,0.76335,0
ILSVRC2012_val_00008469_with_ILSVRC2012_val_00043911_rank793,459,459,0.86898,0
ILSVRC2012_val_00008469_with_ILSVRC2012_val_00024170_rank877,656,656,0.63374,0
ILSVRC2012_val_00008469_with_ILSVRC2012_val_00024462_rank930,262,262,0.78739,0
ILSVRC2012_val_00008469_with_ILSVRC2012_val_00035680_rank656,190,181,0.76021,8
ILSVRC2012_val_00008469_with_ILSVRC2012_val_00038099_rank453,759,759,0.73165,0
ILSVRC2012_val_00008469_with_ILSVRC2012_val_00008088_rank278,436,436,0.807,0
ILSVRC2012_val_00008469_with_ILSVRC2012_val_00047414_rank927,178,178,0.70306,0
ILSVRC2012_val_00008469_with_ILSVRC2012_val_00006699_rank111,57,57,0.84784,0
ILSVRC2012_val_00008469_with_ILSVRC2012_val_00041112_rank357,971,755,0.70869,167
ILSVRC2012_val_00008469_with_ILSVRC2012_val_00027413_rank075,291,291,0.85324,0
ILSVRC2012_val_00008469_with_ILSVRC2012_val_00014340_rank004,344,344,0.86697,0
ILSVRC2012_val_00008469_with_ILSVRC2012_val_00004555_rank051,47,51,0.2417,21
ILSVRC2012_val_00008469_with_ILSVRC2012_val_00021418_rank981,650,982,0.74637,168
ILSVRC2012_val_00008469_with_ILSVRC2012_val_00035363_rank045,142,135,0.22736,5
ILSVRC2012_val_00008469_with_ILSVRC2012_val_00008080_rank152,814,814,0.75005,0
ILSVRC2012_val_00008469_with_ILSVRC2012_val_00001777_rank458,167,161,0.47219,8
ILSVRC2012_val_00008469_with_ILSVRC2012_val_00004569_rank520,238,238,0.6183,0
ILSVRC2012_val_00008469_with_ILSVRC2012_val_00026956_rank675,223,223,0.88652,0
ILSVRC2012_val_00008469_with_ILSVRC2012_val_00025076_rank614,709,637,0.50956,76
ILSVRC2012_val_00008469_with_ILSVRC2012_val_00048677_rank383,990,990,0.77331,0
ILSVRC2012_val_00008469_with_ILSVRC2012_val_00004268_rank861,501,730,0.09341,323
ILSVRC2012_val_00008469_with_ILSVRC2012_val_00032724_rank712,75,75,0.33322,0
ILSVRC2012_val_00008469_with_ILSVRC2012_val_00023315_rank270,625,625,0.77651,0
ILSVRC2012_val_00008469_with_ILSVRC2012_val_00040952_rank658,240,240,0.49538,0
ILSVRC2012_val_00008469_with_ILSVRC2012_val_00019977_rank130,104,104,0.63611,0
ILSVRC2012_val_00008469_with_ILSVRC2012_val_00010287_rank009,30,30,0.76908,0
ILSVRC2012_val_00008469_with_ILSVRC2012_val_00007281_rank925,702,702,0.83189,0
ILSVRC2012_val_00008469_with_ILSVRC2012_val_00025041_rank907,879,807,0.32748,305
ILSVRC2012_val_00008469_with_ILSVRC2012_val_00025638_rank023,343,343,0.798,0
ILSVRC2012_val_00008469_with_ILSVRC2012_val_00010079_rank487,791,791,0.78094,0
ILSVRC2012_val_00008469_with_ILSVRC2012_val_00006028_rank945,610,610,0.59719,0
ILSVRC2012_val_00008469_with_ILSVRC2012_val_00020745_rank767,745,745,0.68669,0
ILSVRC2012_val_00008469_with_ILSVRC2012_val_00020321_rank024,32,32,0.14439,0
ILSVRC2012_val_00008469_with_ILSVRC2012_val_00043691_rank806,758,758,0.46673,0
ILSVRC2012_val_00008469_with_ILSVRC2012_val_00029122_rank157,177,177,0.78152,0
ILSVRC2012_val_00008469_with_ILSVRC2012_val_00032723_rank934,426,426,0.7255,0
ILSVRC2012_val_00008469_with_ILSVRC2012_val_00038013_rank943,680,562,0.29512,521
ILSVRC2012_val_00008469_with_ILSVRC2012_val_00043128_rank183,649,148,0.29704,678
ILSVRC2012_val_00008469_with_ILSVRC2012_val_00045579_rank429,688,688,0.87669,0
ILSVRC2012_val_00008469_with_ILSVRC2012_val_00007251_rank165,334,334,0.47065,0
ILSVRC2012_val_00008469_with_ILSVRC2012_val_00029756_rank447,74,815,0.40981,3
ILSVRC2012_val_00008469_with_ILSVRC2012_val_00049096_rank707,968,968,0.19916,0
ILSVRC2012_val_00008469_with_ILSVRC2012_val_00020257_rank351,191,233,0.33354,32
ILSVRC2012_val_00008469_with_ILSVRC2012_val_00044378_rank291,15,15,0.45842,0
ILSVRC2012_val_00008469_with_ILSVRC2012_val_00030673_rank629,616,701,0.72469,53
ILSVRC2012_val_00008469_with_ILSVRC2012_val_00006168_rank507,241,238,0.8067,2
ILSVRC2012_val_00008469_with_ILSVRC2012_val_00020588_rank834,514,514,0.83482,0
ILSVRC2012_val_00008469_with_ILSVRC2012_val_00048056_rank756,740,895,0.50275,272
ILSVRC2012_val_00008469_with_ILSVRC2012_val_00014782_rank450,380,348,0.06775,412
ILSVRC2012_val_00008469_with_ILSVRC2012_val_00044110_rank735,438,438,0.25565,0
ILSVRC2012_val_00008469_with_ILSVRC2012_val_00018103_rank848,676,676,0.8071,0
ILSVRC2012_val_00008469_with_ILSVRC2012_val_00002390_rank729,630,399,0.40898,15
ILSVRC2012_val_00008469_with_ILSVRC2012_val_00021159_rank866,661,661,0.82024,0
ILSVRC2012_val_00008469_with_ILSVRC2012_val_00004256_rank120,83,83,0.8319,0
ILSVRC2012_val_00008469_with_ILSVRC2012_val_00026554_rank342,995,995,0.7329,0
ILSVRC2012_val_00008469_with_ILSVRC2012_val_00036548_rank450,380,380,0.48491,0
ILSVRC2012_val_00008469_with_ILSVRC2012_val_00012026_rank392,189,189,0.77168,0
ILSVRC2012_val_00008469_with_ILSVRC2012_val_00028899_rank356,429,429,0.82858,0
ILSVRC2012_val_00008469_with_ILSVRC2012_val_00039378_rank033,38,344,0.3098,219
ILSVRC2012_val_00008469_with_ILSVRC2012_val_00003845_rank812,146,146,0.31911,0
ILSVRC2012_val_00008469_with_ILSVRC2012_val_00027486_rank947,87,87,0.80085,0
ILSVRC2012_val_00008469_with_ILSVRC2012_val_00019995_rank847,869,834,0.33175,1
ILSVRC2012_val_00008469_with_ILSVRC2012_val_00006868_rank838,657,744,0.44279,1
ILSVRC2012_val_00008469_with_ILSVRC2012_val_00029264_rank309,112,525,0.4017,757
ILSVRC2012_val_00008469_with_ILSVRC2012_val_00047951_rank829,929,338,0.76762,180
ILSVRC2012_val_00008469_with_ILSVRC2012_val_00039940_rank914,600,835,0.18684,159
ILSVRC2012_val_00008469_with_ILSVRC2012_val_00030437_rank214,115,115,0.68715,0
ILSVRC2012_val_00008469_with_ILSVRC2012_val_00008218_rank830,952,463,0.48494,749
ILSVRC2012_val_00008469_with_ILSVRC2012_val_00009658_rank509,666,968,0.14966,12
ILSVRC2012_val_00008469_with_ILSVRC2012_val_00005533_rank956,452,958,0.14061,108
ILSVRC2012_val_00008469_with_ILSVRC2012_val_00015875_rank417,901,504,0.62057,6
ILSVRC2012_val_00008469_with_ILSVRC2012_val_00039871_rank503,868,958,0.89721,793
ILSVRC2012_val_00008469_with_ILSVRC2012_val_00021198_rank583,732,732,0.69022,0
ILSVRC2012_val_00008469_with_ILSVRC2012_val_00000989_rank443,998,977,0.13472,385
ILSVRC2012_val_00008469_with_ILSVRC2012_val_00038200_rank364,815,815,0.83272,0
ILSVRC2012_val_00008469_with_ILSVRC2012_val_00047651_rank461,578,434,0.46428,27
ILSVRC2012_val_00008469_with_ILSVRC2012_val_00039099_rank908,851,851,0.66909,0
ILSVRC2012_val_00008469_with_ILSVRC2012_val_00012503_rank132,0,958,0.25987,929
ILSVRC2012_val_00008469_with_ILSVRC2012_val_00016779_rank022,34,34,0.44582,0
ILSVRC2012_val_00008469_with_ILSVRC2012_val_00041928_rank799,219,219,0.70766,0
ILSVRC2012_val_00008469_with_ILSVRC2012_val_00043576_rank332,382,382,0.71737,0
ILSVRC2012_val_00008469_with_ILSVRC2012_val_00047373_rank772,417,417,0.84165,0
ILSVRC2012_val_00008469_with_ILSVRC2012_val_00049161_rank171,370,374,0.1787,6
ILSVRC2012_val_00008469_with_ILSVRC2012_val_00025428_rank220,14,14,0.71589,0
ILSVRC2012_val_00008469_with_ILSVRC2012_val_00019925_rank087,116,116,0.71771,0
ILSVRC2012_val_00008469_with_ILSVRC2012_val_00014020_rank532,463,192,0.72778,851
ILSVRC2012_val_00008469_with_ILSVRC2012_val_00020951_rank855,571,571,0.5922,0
ILSVRC2012_val_00008469_with_ILSVRC2012_val_00027498_rank220,14,14,0.81544,0
ILSVRC2012_val_00008469_with_ILSVRC2012_val_00043334_rank400,169,169,0.74177,0
ILSVRC2012_val_00008469_with_ILSVRC2012_val_00036299_rank429,688,688,0.83761,0
ILSVRC2012_val_00008469_with_ILSVRC2012_val_00035811_rank052,274,274,0.70727,0
ILSVRC2012_val_00008469_with_ILSVRC2012_val_00031415_rank207,206,219,0.69903,61
ILSVRC2012_val_00008469_with_ILSVRC2012_val_00029718_rank036,130,130,0.57237,0
ILSVRC2012_val_00008469_with_ILSVRC2012_val_00021546_rank726,153,153,0.71216,0
ILSVRC2012_val_00008469_with_ILSVRC2012_val_00020803_rank108,389,389,0.88573,0
ILSVRC2012_val_00008469_with_ILSVRC2012_val_00031741_rank234,391,391,0.7656,0
ILSVRC2012_val_00008469_with_ILSVRC2012_val_00043339_rank636,757,757,0.7352,0
ILSVRC2012_val_00008469_with_ILSVRC2012_val_00014844_rank485,705,958,0.5402,179
ILSVRC2012_val_00008469_with_ILSVRC2012_val_00025542_rank194,388,388,0.80563,0
ILSVRC2012_val_00008469_with_ILSVRC2012_val_00046498_rank088,297,297,0.58981,0
ILSVRC2012_val_00008469_with_ILSVRC2012_val_00023642_rank252,376,376,0.82198,0
ILSVRC2012_val_00008469_with_ILSVRC2012_val_00012681_rank246,320,320,0.82832,0
ILSVRC2012_val_00008469_with_ILSVRC2012_val_00019446_rank301,348,348,0.7569,0
ILSVRC2012_val_00008469_with_ILSVRC2012_val_00002690_rank824,579,579,0.86172,0
ILSVRC2012_val_00008469_with_ILSVRC2012_val_00004273_rank186,961,386,0.07659,685
ILSVRC2012_val_00008469_with_ILSVRC2012_val_00019719_rank231,170,170,0.76673,0
ILSVRC2012_val_00008469_with_ILSVRC2012_val_00007644_rank107,327,327,0.7295,0
ILSVRC2012_val_00008469_with_ILSVRC2012_val_00002766_rank397,945,945,0.77544,0
ILSVRC2012_val_00008469_with_ILSVRC2012_val_00005109_rank020,386,386,0.83891,0
ILSVRC2012_val_00008469_with_ILSVRC2012_val_00026631_rank522,662,833,0.15732,172
ILSVRC2012_val_00008469_with_ILSVRC2012_val_00043492_rank152,814,814,0.60297,0
ILSVRC2012_val_00008469_with_ILSVRC2012_val_00004470_rank208,972,49,0.13654,216
ILSVRC2012_val_00008469_with_ILSVRC2012_val_00034840_rank010,35,35,0.81487,0
ILSVRC2012_val_00008469_with_ILSVRC2012_val_00025669_rank527,249,249,0.3882,0
ILSVRC2012_val_00008469_with_ILSVRC2012_val_00006741_rank276,694,694,0.83176,0
ILSVRC2012_val_00008469_with_ILSVRC2012_val_00025001_rank273,227,227,0.83714,0
ILSVRC2012_val_00008469_with_ILSVRC2012_val_00035489_rank066,143,143,0.79022,0
ILSVRC2012_val_00008469_with_ILSVRC2012_val_00039505_rank676,188,188,0.63382,0
ILSVRC2012_val_00008469_with_ILSVRC2012_val_00013468_rank709,659,659,0.88006,0
ILSVRC2012_val_00008469_with_ILSVRC2012_val_00002768_rank846,647,701,0.48657,272
ILSVRC2012_val_00008469_with_ILSVRC2012_val_00049647_rank388,781,781,0.25616,0
ILSVRC2012_val_00008469_with_ILSVRC2012_val_00009628_rank882,557,472,0.20834,454
ILSVRC2012_val_00008469_with_ILSVRC2012_val_00018716_rank107,327,9,0.09723,633
ILSVRC2012_val_00008469_with_ILSVRC2012_val_00003713_rank950,862,448,0.3034,390
ILSVRC2012_val_00008469_with_ILSVRC2012_val_00018057_rank653,413,637,0.55398,600
ILSVRC2012_val_00008469_with_ILSVRC2012_val_00032183_rank238,874,874,0.4533,0
ILSVRC2012_val_00008469_with_ILSVRC2012_val_00046356_rank233,90,90,0.85311,0
ILSVRC2012_val_00008469_with_ILSVRC2012_val_00031973_rank017,20,20,0.83101,0
ILSVRC2012_val_00008469_with_ILSVRC2012_val_00029048_rank302,77,76,0.37596,1
ILSVRC2012_val_00008469_with_ILSVRC2012_val_00016825_rank236,973,879,0.19461,952
ILSVRC2012_val_00008469_with_ILSVRC2012_val_00041681_rank781,727,703,0.47379,97
ILSVRC2012_val_00008469_with_ILSVRC2012_val_00014464_rank258,628,628,0.68684,0
ILSVRC2012_val_00008469_with_ILSVRC2012_val_00015901_rank869,644,838,0.15996,465
ILSVRC2012_val_00008469_with_ILSVRC2012_val_00034291_rank527,249,249,0.80856,0
ILSVRC2012_val_00008469_with_ILSVRC2012_val_00041304_rank551,899,899,0.32179,0
ILSVRC2012_val_00008469_with_ILSVRC2012_val_00003746_rank026,33,148,0.27125,67
ILSVRC2012_val_00008469_with_ILSVRC2012_val_00032924_rank910,872,872,0.72353,0
ILSVRC2012_val_00008469_with_ILSVRC2012_val_00023060_rank382,942,942,0.92083,0
ILSVRC2012_val_00008469_with_ILSVRC2012_val_00021808_rank280,308,595,0.2842,545
ILSVRC2012_val_00008469_with_ILSVRC2012_val_00029375_rank567,267,267,0.66577,0
ILSVRC2012_val_00008469_with_ILSVRC2012_val_00015192_rank840,716,716,0.81035,0
ILSVRC2012_val_00008469_with_ILSVRC2012_val_00046245_rank628,748,893,0.15748,1
ILSVRC2012_val_00008469_with_ILSVRC2012_val_00048575_rank019,138,138,0.76967,0
ILSVRC2012_val_00008469_with_ILSVRC2012_val_00009000_rank062,26,26,0.79599,0
ILSVRC2012_val_00008469_with_ILSVRC2012_val_00023062_rank050,342,342,0.62215,0
ILSVRC2012_val_00008469_with_ILSVRC2012_val_00022462_rank772,417,417,0.83222,0
ILSVRC2012_val_00008469_with_ILSVRC2012_val_00023258_rank601,315,730,0.28073,325
ILSVRC2012_val_00008469_with_ILSVRC2012_val_00025607_rank860,602,702,0.33324,1
ILSVRC2012_val_00008469_with_ILSVRC2012_val_00011525_rank212,121,397,0.26987,26
ILSVRC2012_val_00008469_with_ILSVRC2012_val_00044449_rank747,523,958,0.6583,401
ILSVRC2012_val_00008469_with_ILSVRC2012_val_00014579_rank946,742,742,0.86394,0
ILSVRC2012_val_00008469_with_ILSVRC2012_val_00029639_rank569,522,417,0.77374,71
ILSVRC2012_val_00008469_with_ILSVRC2012_val_00005986_rank674,546,546,0.61278,0
ILSVRC2012_val_00008469_with_ILSVRC2012_val_00027850_rank820,613,408,0.2396,586
ILSVRC2012_val_00008469_with_ILSVRC2012_val_00005610_rank977,419,977,0.32876,327
ILSVRC2012_val_00008469_with_ILSVRC2012_val_00023862_rank874,892,835,0.72447,11
ILSVRC2012_val_00008469_with_ILSVRC2012_val_00035023_rank011,62,49,0.25926,17
ILSVRC2012_val_00008469_with_ILSVRC2012_val_00044583_rank572,587,595,0.42146,700
ILSVRC2012_val_00008469_with_ILSVRC2012_val_00022929_rank549,670,518,0.27341,3
ILSVRC2012_val_00008469_with_ILSVRC2012_val_00023604_rank086,119,131,0.25225,249
ILSVRC2012_val_00008469_with_ILSVRC2012_val_00017584_rank644,804,475,0.65852,157
ILSVRC2012_val_00008469_with_ILSVRC2012_val_00026537_rank167,336,336,0.35564,0
ILSVRC2012_val_00008469_with_ILSVRC2012_val_00007356_rank392,189,189,0.65781,0
ILSVRC2012_val_00008469_with_ILSVRC2012_val_00000706_rank977,419,463,0.84104,222
ILSVRC2012_val_00008469_with_ILSVRC2012_val_00006982_rank872,722,417,0.57477,32
ILSVRC2012_val_00008469_with_ILSVRC2012_val_00027148_rank064,61,61,0.7609,0
ILSVRC2012_val_00008469_with_ILSVRC2012_val_00012196_rank568,195,195,0.69021,0
ILSVRC2012_val_00008469_with_ILSVRC2012_val_00017362_rank642,939,939,0.88137,0
ILSVRC2012_val_00008469_with_ILSVRC2012_val_00034001_rank739,867,569,0.77416,3
ILSVRC2012_val_00008469_with_ILSVRC2012_val_00005416_rank033,38,38,0.82947,0
ILSVRC2012_val_00008469_with_ILSVRC2012_val_00045587_rank810,735,735,0.49653,0
ILSVRC2012_val_00008469_with_ILSVRC2012_val_00014402_rank247,373,372,0.34045,1
ILSVRC2012_val_00008469_with_ILSVRC2012_val_00016568_rank755,125,344,0.08437,149
ILSVRC2012_val_00008469_with_ILSVRC2012_val_00022415_rank369,984,984,0.83699,0
ILSVRC2012_val_00008469_with_ILSVRC2012_val_00011172_rank773,531,531,0.69189,0
ILSVRC2012_val_00008469_with_ILSVRC2012_val_00009538_rank615,504,504,0.75696,0
ILSVRC2012_val_00008469_with_ILSVRC2012_val_00018283_rank401,959,959,0.8442,0
ILSVRC2012_val_00008469_with_ILSVRC2012_val_00004916_rank771,529,434,0.23304,5
ILSVRC2012_val_00008469_with_ILSVRC2012_val_00011054_rank631,612,612,0.64768,0
ILSVRC2012_val_00008469_with_ILSVRC2012_val_00028361_rank600,893,893,0.43213,0
ILSVRC2012_val_00008469_with_ILSVRC2012_val_00032897_rank953,447,463,0.76715,125
ILSVRC2012_val_00008469_with_ILSVRC2012_val_00039243_rank720,943,943,0.79053,0
ILSVRC2012_val_00008469_with_ILSVRC2012_val_00015927_rank031,360,360,0.8106,0
ILSVRC2012_val_00008469_with_ILSVRC2012_val_00048019_rank664,789,789,0.52253,0
ILSVRC2012_val_00008469_with_ILSVRC2012_val_00016847_rank395,679,671,0.16614,686
ILSVRC2012_val_00008469_with_ILSVRC2012_val_00030223_rank871,434,434,0.15925,0
ILSVRC2012_val_00008469_with_ILSVRC2012_val_00045173_rank991,631,585,0.16132,3
ILSVRC2012_val_00008469_with_ILSVRC2012_val_00026333_rank355,963,963,0.82836,0
ILSVRC2012_val_00008469_with_ILSVRC2012_val_00008945_rank911,203,203,0.66287,0
ILSVRC2012_val_00008469_with_ILSVRC2012_val_00037029_rank476,752,752,0.6493,0
ILSVRC2012_val_00008469_with_ILSVRC2012_val_00014857_rank739,867,757,0.48035,5
ILSVRC2012_val_00008469_with_ILSVRC2012_val_00039735_rank912,792,428,0.41484,1
ILSVRC2012_val_00008469_with_ILSVRC2012_val_00012414_rank165,334,334,0.84989,0
ILSVRC2012_val_00008469_with_ILSVRC2012_val_00027937_rank528,156,156,0.79033,0
ILSVRC2012_val_00008469_with_ILSVRC2012_val_00047781_rank433,774,770,0.50628,1
ILSVRC2012_val_00008469_with_ILSVRC2012_val_00014019_rank202,510,510,0.86905,0
ILSVRC2012_val_00008469_with_ILSVRC2012_val_00033980_rank080,305,306,0.84581,2
ILSVRC2012_val_00008469_with_ILSVRC2012_val_00010995_rank752,283,283,0.82289,0
ILSVRC2012_val_00008469_with_ILSVRC2012_val_00047011_rank729,630,630,0.66125,0
ILSVRC2012_val_00008469_with_ILSVRC2012_val_00035920_rank924,608,386,0.1551,826
ILSVRC2012_val_00008469_with_ILSVRC2012_val_00038644_rank005,44,49,0.37866,13
ILSVRC2012_val_00008469_with_ILSVRC2012_val_00017937_rank673,214,214,0.73582,0
ILSVRC2012_val_00008469_with_ILSVRC2012_val_00023155_rank641,168,178,0.31737,19
ILSVRC2012_val_00008469_with_ILSVRC2012_val_00045259_rank681,643,643,0.54014,0
ILSVRC2012_val_00008469_with_ILSVRC2012_val_00000471_rank006,39,39,0.78079,0
ILSVRC2012_val_00008469_with_ILSVRC2012_val_00049287_rank080,305,344,0.32142,175
ILSVRC2012_val_00008469_with_ILSVRC2012_val_00035928_rank497,944,946,0.7131,1
ILSVRC2012_val_00008469_with_ILSVRC2012_val_00012178_rank133,22,23,0.71702,2
ILSVRC2012_val_00008469_with_ILSVRC2012_val_00014981_rank969,545,545,0.83108,0
ILSVRC2012_val_00008469_with_ILSVRC2012_val_00025307_rank240,326,326,0.68136,0
ILSVRC2012_val_00008469_with_ILSVRC2012_val_00006350_rank138,295,295,0.77897,0
ILSVRC2012_val_00008469_with_ILSVRC2012_val_00044984_rank736,920,463,0.65656,480
ILSVRC2012_val_00008469_with_ILSVRC2012_val_00040873_rank546,462,693,0.4378,10
ILSVRC2012_val_00008469_with_ILSVRC2012_val_00032542_rank571,940,940,0.60089,0
ILSVRC2012_val_00008469_with_ILSVRC2012_val_00019578_rank009,30,30,0.8024,0
ILSVRC2012_val_00008469_with_ILSVRC2012_val_00029709_rank609,12,701,0.20843,454
ILSVRC2012_val_00008469_with_ILSVRC2012_val_00014097_rank066,143,428,0.47784,778
ILSVRC2012_val_00008469_with_ILSVRC2012_val_00026023_rank169,95,84,0.67242,39
ILSVRC2012_val_00008469_with_ILSVRC2012_val_00013065_rank629,616,121,0.18479,121
ILSVRC2012_val_00008469_with_ILSVRC2012_val_00002330_rank390,246,246,0.76011,0
ILSVRC2012_val_00008469_with_ILSVRC2012_val_00024470_rank205,211,178,0.78557,3
ILSVRC2012_val_00008469_with_ILSVRC2012_val_00014719_rank386,180,180,0.65949,0
ILSVRC2012_val_00008469_with_ILSVRC2012_val_00020892_rank675,223,295,0.62918,6
ILSVRC2012_val_00008469_with_ILSVRC2012_val_00044396_rank849,521,521,0.81448,0
ILSVRC2012_val_00008469_with_ILSVRC2012_val_00018311_rank095,269,269,0.59694,0
ILSVRC2012_val_00008469_with_ILSVRC2012_val_00025942_rank170,287,346,0.56768,741
ILSVRC2012_val_00008469_with_ILSVRC2012_val_00029111_rank512,110,958,0.19078,878
ILSVRC2012_val_00008469_with_ILSVRC2012_val_00048005_rank719,583,843,0.21201,21
ILSVRC2012_val_00008469_with_ILSVRC2012_val_00000036_rank463,887,460,0.20032,303
ILSVRC2012_val_00008469_with_ILSVRC2012_val_00030805_rank547,710,710,0.8125,0
ILSVRC2012_val_00008469_with_ILSVRC2012_val_00018948_rank141,4,4,0.26195,0
ILSVRC2012_val_00008469_with_ILSVRC2012_val_00030399_rank288,179,179,0.26133,0
ILSVRC2012_val_00008469_with_ILSVRC2012_val_00048519_rank966,478,478,0.51352,0
ILSVRC2012_val_00008469_with_ILSVRC2012_val_00004548_rank318,217,217,0.43525,0
ILSVRC2012_val_00008469_with_ILSVRC2012_val_00004993_rank441,430,430,0.56172,0
ILSVRC2012_val_00008469_with_ILSVRC2012_val_00002914_rank857,559,559,0.67316,0
ILSVRC2012_val_00008469_with_ILSVRC2012_val_00046905_rank714,595,730,0.35543,3
ILSVRC2012_val_00008469_with_ILSVRC2012_val_00007026_rank870,699,699,0.54911,0
ILSVRC2012_val_00008469_with_ILSVRC2012_val_00006869_rank964,518,518,0.12342,0
ILSVRC2012_val_00008469_with_ILSVRC2012_val_00015394_rank594,466,895,0.21625,22
ILSVRC2012_val_00008469_with_ILSVRC2012_val_00040362_rank710,673,630,0.20595,222
ILSVRC2012_val_00008469_with_ILSVRC2012_val_00023193_rank613,756,637,0.15397,23
ILSVRC2012_val_00008469_with_ILSVRC2012_val_00007564_rank187,135,135,0.79431,0
ILSVRC2012_val_00008469_with_ILSVRC2012_val_00040773_rank290,233,197,0.58889,1
ILSVRC2012_val_00008469_with_ILSVRC2012_val_00001985_rank067,120,730,0.41886,233
ILSVRC2012_val_00008469_with_ILSVRC2012_val_00010645_rank122,383,383,0.72524,0
ILSVRC2012_val_00008469_with_ILSVRC2012_val_00047405_rank002,50,49,0.66149,1
ILSVRC2012_val_00008469_with_ILSVRC2012_val_00021098_rank555,954,954,0.42141,0
ILSVRC2012_val_00008469_with_ILSVRC2012_val_00026931_rank993,570,570,0.84169,0
ILSVRC2012_val_00008469_with_ILSVRC2012_val_00045024_rank587,777,472,0.08125,133
ILSVRC2012_val_00008469_with_ILSVRC2012_val_00040870_rank682,338,338,0.74113,0
ILSVRC2012_val_00008469_with_ILSVRC2012_val_00002729_rank573,842,958,0.27801,413
ILSVRC2012_val_00008469_with_ILSVRC2012_val_00009473_rank907,879,463,0.48072,28
ILSVRC2012_val_00008469_with_ILSVRC2012_val_00024327_rank132,0,958,0.25987,929
ILSVRC2012_val_00008469_with_ILSVRC2012_val_00038177_rank506,854,525,0.18336,181
ILSVRC2012_val_00008469_with_ILSVRC2012_val_00038792_rank902,398,398,0.79859,0
ILSVRC2012_val_00008469_with_ILSVRC2012_val_00019324_rank029,275,275,0.81604,0
ILSVRC2012_val_00008469_with_ILSVRC2012_val_00019879_rank842,797,797,0.4165,0
ILSVRC2012_val_00008469_with_ILSVRC2012_val_00048965_rank999,772,730,0.07547,615
ILSVRC2012_val_00008469_with_ILSVRC2012_val_00039371_rank253,935,935,0.67261,0
ILSVRC2012_val_00008469_with_ILSVRC2012_val_00041532_rank599,905,958,0.25061,506
ILSVRC2012_val_00008469_with_ILSVRC2012_val_00033740_rank425,997,649,0.64751,54
ILSVRC2012_val_00008469_with_ILSVRC2012_val_00039583_rank122,383,383,0.82003,0
ILSVRC2012_val_00008469_with_ILSVRC2012_val_00002764_rank334,205,208,0.50327,5
ILSVRC2012_val_00008469_with_ILSVRC2012_val_00001089_rank394,508,843,0.05809,489
ILSVRC2012_val_00008469_with_ILSVRC2012_val_00040970_rank133,22,22,0.81798,0
ILSVRC2012_val_00008469_with_ILSVRC2012_val_00014903_rank136,91,91,0.85418,0
ILSVRC2012_val_00008469_with_ILSVRC2012_val_00009539_rank143,270,270,0.79399,0
ILSVRC2012_val_00008469_with_ILSVRC2012_val_00033899_rank522,662,916,0.40962,42
ILSVRC2012_val_00008469_with_ILSVRC2012_val_00015500_rank164,124,50,0.22106,163
ILSVRC2012_val_00008469_with_ILSVRC2012_val_00046278_rank480,780,780,0.78499,0
ILSVRC2012_val_00008469_with_ILSVRC2012_val_00000837_rank519,19,19,0.81059,0
ILSVRC2012_val_00008469_with_ILSVRC2012_val_00012924_rank744,235,235,0.76276,0
ILSVRC2012_val_00008469_with_ILSVRC2012_val_00041144_rank359,243,243,0.85389,0
ILSVRC2012_val_00008469_with_ILSVRC2012_val_00027588_rank158,23,23,0.8679,0
ILSVRC2012_val_00008469_with_ILSVRC2012_val_00006461_rank565,982,879,0.66898,50
ILSVRC2012_val_00008469_with_ILSVRC2012_val_00039984_rank890,711,804,0.13943,7
ILSVRC2012_val_00008469_with_ILSVRC2012_val_00014442_rank277,904,904,0.71295,0
ILSVRC2012_val_00008469_with_ILSVRC2012_val_00035940_rank477,181,181,0.83686,0
ILSVRC2012_val_00008469_with_ILSVRC2012_val_00017614_rank992,749,23,0.11355,475
ILSVRC2012_val_00008469_with_ILSVRC2012_val_00027165_rank226,231,231,0.50734,0
ILSVRC2012_val_00008469_with_ILSVRC2012_val_00037571_rank601,315,958,0.45396,172
ILSVRC2012_val_00008469_with_ILSVRC2012_val_00025099_rank760,900,900,0.87324,0
ILSVRC2012_val_00008469_with_ILSVRC2012_val_00043381_rank240,326,701,0.26984,242
ILSVRC2012_val_00008469_with_ILSVRC2012_val_00029898_rank383,990,990,0.64749,0
ILSVRC2012_val_00008469_with_ILSVRC2012_val_00006157_rank906,572,572,0.1544,0
ILSVRC2012_val_00008469_with_ILSVRC2012_val_00048051_rank889,224,224,0.81442,0
ILSVRC2012_val_00008469_with_ILSVRC2012_val_00039559_rank515,554,536,0.1521,9
ILSVRC2012_val_00008469_with_ILSVRC2012_val_00019900_rank328,325,325,0.79555,0
ILSVRC2012_val_00008469_with_ILSVRC2012_val_00038418_rank169,95,95,0.78134,0
ILSVRC2012_val_00008469_with_ILSVRC2012_val_00015710_rank231,170,177,0.38024,1
ILSVRC2012_val_00008469_with_ILSVRC2012_val_00009896_rank841,597,597,0.40264,0
ILSVRC2012_val_00008469_with_ILSVRC2012_val_00048957_rank218,55,55,0.86475,0
ILSVRC2012_val_00008469_with_ILSVRC2012_val_00043552_rank895,850,850,0.85651,0
ILSVRC2012_val_00008469_with_ILSVRC2012_val_00048897_rank444,379,369,0.18132,3
ILSVRC2012_val_00008469_with_ILSVRC2012_val_00007364_rank453,759,759,0.45263,0
ILSVRC2012_val_00008469_with_ILSVRC2012_val_00020881_rank358,687,958,0.38079,628
ILSVRC2012_val_00008469_with_ILSVRC2012_val_00011974_rank929,422,422,0.54549,0
ILSVRC2012_val_00008469_with_ILSVRC2012_val_00039817_rank711,549,458,0.74952,149
ILSVRC2012_val_00008469_with_ILSVRC2012_val_00026021_rank199,85,85,0.80112,0
ILSVRC2012_val_00008469_with_ILSVRC2012_val_00036952_rank545,886,886,0.73808,0
ILSVRC2012_val_00008469_with_ILSVRC2012_val_00027290_rank641,168,178,0.77976,19
ILSVRC2012_val_00008469_with_ILSVRC2012_val_00030431_rank496,94,94,0.81764,0
ILSVRC2012_val_00008469_with_ILSVRC2012_val_00025440_rank703,987,987,0.74226,0
ILSVRC2012_val_00008469_with_ILSVRC2012_val_00029832_rank998,696,696,0.83615,0
ILSVRC2012_val_00008469_with_ILSVRC2012_val_00039324_rank585,712,479,0.26301,360
ILSVRC2012_val_00008469_with_ILSVRC2012_val_00017492_rank275,888,649,0.48782,15
ILSVRC2012_val_00008469_with_ILSVRC2012_val_00023655_rank301,348,348,0.5658,0
ILSVRC2012_val_00008469_with_ILSVRC2012_val_00013931_rank121,825,649,0.55913,1
ILSVRC2012_val_00008469_with_ILSVRC2012_val_00042363_rank112,449,437,0.2486,14
ILSVRC2012_val_00008469_with_ILSVRC2012_val_00047074_rank408,564,564,0.12222,0
ILSVRC2012_val_00008469_with_ILSVRC2012_val_00012423_rank075,291,291,0.81801,0
ILSVRC2012_val_00008469_with_ILSVRC2012_val_00036175_rank857,559,559,0.7007,0
ILSVRC2012_val_00008469_with_ILSVRC2012_val_00016016_rank036,130,130,0.76472,0
ILSVRC2012_val_00008469_with_ILSVRC2012_val_00006135_rank387,633,632,0.16639,116
ILSVRC2012_val_00008469_with_ILSVRC2012_val_00001513_rank264,345,345,0.70799,0
ILSVRC2012_val_00008469_with_ILSVRC2012_val_00000224_rank467,207,207,0.83883,0
ILSVRC2012_val_00008469_with_ILSVRC2012_val_00034830_rank879,473,505,0.22567,53
ILSVRC2012_val_00008469_with_ILSVRC2012_val_00014999_rank941,919,919,0.73452,0
ILSVRC2012_val_00008469_with_ILSVRC2012_val_00007284_rank169,95,95,0.78697,0
ILSVRC2012_val_00008469_with_ILSVRC2012_val_00041075_rank411,996,460,0.05661,310
ILSVRC2012_val_00008469_with_ILSVRC2012_val_00029580_rank447,74,701,0.68263,141
ILSVRC2012_val_00008469_with_ILSVRC2012_val_00009347_rank656,190,190,0.81003,0
ILSVRC2012_val_00008469_with_ILSVRC2012_val_00020792_rank835,310,989,0.22019,31
ILSVRC2012_val_00008469_with_ILSVRC2012_val_00028335_rank634,685,685,0.80178,0
ILSVRC2012_val_00008469_with_ILSVRC2012_val_00006938_rank729,630,630,0.71905,0
ILSVRC2012_val_00008469_with_ILSVRC2012_val_00046390_rank930,262,243,0.25919,17
ILSVRC2012_val_00008469_with_ILSVRC2012_val_00028923_rank936,796,344,0.91316,695
ILSVRC2012_val_00008469_with_ILSVRC2012_val_00014911_rank526,152,152,0.75105,0
ILSVRC2012_val_00008469_with_ILSVRC2012_val_00045379_rank343,358,362,0.21797,5
ILSVRC2012_val_00008469_with_ILSVRC2012_val_00048570_rank452,306,306,0.8572,0
ILSVRC2012_val_00008469_with_ILSVRC2012_val_00049582_rank453,759,340,0.14307,317
ILSVRC2012_val_00008469_with_ILSVRC2012_val_00031439_rank649,160,160,0.74212,0
ILSVRC2012_val_00008469_with_ILSVRC2012_val_00039956_rank275,888,888,0.84956,0
ILSVRC2012_val_00008469_with_ILSVRC2012_val_00048741_rank254,366,367,0.61483,1
ILSVRC2012_val_00008469_with_ILSVRC2012_val_00006303_rank966,478,519,0.30546,1
ILSVRC2012_val_00008469_with_ILSVRC2012_val_00020112_rank536,779,779,0.80908,0
ILSVRC2012_val_00008469_with_ILSVRC2012_val_00016787_rank319,324,324,0.79442,0
ILSVRC2012_val_00008469_with_ILSVRC2012_val_00007151_rank289,375,375,0.79973,0
ILSVRC2012_val_00008469_with_ILSVRC2012_val_00003738_rank260,126,126,0.80517,0
ILSVRC2012_val_00008469_with_ILSVRC2012_val_00000051_rank072,92,92,0.81201,0
ILSVRC2012_val_00008469_with_ILSVRC2012_val_00030641_rank258,628,595,0.22974,321
ILSVRC2012_val_00008469_with_ILSVRC2012_val_00025394_rank759,226,226,0.72134,0
ILSVRC2012_val_00008469_with_ILSVRC2012_val_00040955_rank025,288,288,0.72994,0
ILSVRC2012_val_00008469_with_ILSVRC2012_val_00006543_rank194,388,388,0.86736,0
ILSVRC2012_val_00008469_with_ILSVRC2012_val_00015305_rank666,753,753,0.78939,0
ILSVRC2012_val_00008469_with_ILSVRC2012_val_00021015_rank133,22,22,0.75896,0
ILSVRC2012_val_00008469_with_ILSVRC2012_val_00033528_rank252,376,372,0.56577,16
ILSVRC2012_val_00008469_with_ILSVRC2012_val_00020635_rank280,308,308,0.77885,0
ILSVRC2012_val_00008469_with_ILSVRC2012_val_00010876_rank716,399,501,0.36188,1
ILSVRC2012_val_00008469_with_ILSVRC2012_val_00024307_rank616,682,682,0.79447,0
ILSVRC2012_val_00008469_with_ILSVRC2012_val_00017677_rank298,312,311,0.12174,1
ILSVRC2012_val_00008469_with_ILSVRC2012_val_00000747_rank192,10,10,0.82635,0
ILSVRC2012_val_00008469_with_ILSVRC2012_val_00010631_rank657,729,729,0.81044,0
ILSVRC2012_val_00008469_with_ILSVRC2012_val_00027207_rank147,7,7,0.78895,0
ILSVRC2012_val_00008469_with_ILSVRC2012_val_00028179_rank478,464,977,0.09938,465
ILSVRC2012_val_00008469_with_ILSVRC2012_val_00029851_rank387,633,469,0.18463,234
ILSVRC2012_val_00008469_with_ILSVRC2012_val_00030101_rank448,313,872,0.17871,783
ILSVRC2012_val_00008469_with_ILSVRC2012_val_00027686_rank825,332,332,0.79315,0
ILSVRC2012_val_00008469_with_ILSVRC2012_val_00042586_rank027,98,18,0.55778,67
ILSVRC2012_val_00008469_with_ILSVRC2012_val_00049168_rank452,306,306,0.83691,0
ILSVRC2012_val_00008469_with_ILSVRC2012_val_00030563_rank360,70,70,0.67068,0
ILSVRC2012_val_00008469_with_ILSVRC2012_val_00016849_rank586,428,428,0.62043,0
ILSVRC2012_val_00008469_with_ILSVRC2012_val_00038758_rank046,363,363,0.78979,0
ILSVRC2012_val_00008469_with_ILSVRC2012_val_00007158_rank864,606,619,0.18409,129
ILSVRC2012_val_00008469_with_ILSVRC2012_val_00042664_rank010,35,36,0.53941,2
ILSVRC2012_val_00008469_with_ILSVRC2012_val_00001411_rank828,675,867,0.70932,1
ILSVRC2012_val_00008469_with_ILSVRC2012_val_00005969_rank247,373,344,0.3621,53
ILSVRC2012_val_00008469_with_ILSVRC2012_val_00009727_rank931,619,619,0.65625,0
ILSVRC2012_val_00008469_with_ILSVRC2012_val_00003665_rank498,18,18,0.8828,0
ILSVRC2012_val_00008469_with_ILSVRC2012_val_00039709_rank531,258,258,0.81461,0
ILSVRC2012_val_00008469_with_ILSVRC2012_val_00048597_rank957,502,502,0.78327,0
ILSVRC2012_val_00008469_with_ILSVRC2012_val_00040546_rank318,217,217,0.78633,0
ILSVRC2012_val_00008469_with_ILSVRC2012_val_00022482_rank124,56,56,0.66362,0
ILSVRC2012_val_00008469_with_ILSVRC2012_val_00010819_rank984,632,632,0.68657,0
ILSVRC2012_val_00008469_with_ILSVRC2012_val_00005998_rank170,287,287,0.51312,0
ILSVRC2012_val_00008469_with_ILSVRC2012_val_00014058_rank663,194,194,0.80828,0
ILSVRC2012_val_00008469_with_ILSVRC2012_val_00035015_rank899,746,551,0.38909,7
ILSVRC2012_val_00008469_with_ILSVRC2012_val_00033246_rank854,568,386,0.12437,491
ILSVRC2012_val_00008469_with_ILSVRC2012_val_00039138_rank212,121,121,0.85624,0
ILSVRC2012_val_00008469_with_ILSVRC2012_val_00046508_rank179,93,93,0.82454,0
ILSVRC2012_val_00008469_with_ILSVRC2012_val_00034807_rank286,384,384,0.8588,0
ILSVRC2012_val_00008469_with_ILSVRC2012_val_00044439_rank362,751,609,0.35017,33
ILSVRC2012_val_00008469_with_ILSVRC2012_val_00005481_rank757,259,259,0.75589,0
ILSVRC2012_val_00008469_with_ILSVRC2012_val_00039400_rank004,344,346,0.36497,2
ILSVRC2012_val_00008469_with_ILSVRC2012_val_00021124_rank187,135,135,0.7573,0
ILSVRC2012_val_00008469_with_ILSVRC2012_val_00023928_rank591,236,176,0.19837,40
ILSVRC2012_val_00008469_with_ILSVRC2012_val_00030074_rank600,893,958,0.38477,743
ILSVRC2012_val_00008469_with_ILSVRC2012_val_00018801_rank741,906,834,0.57143,1
ILSVRC2012_val_00008469_with_ILSVRC2012_val_00002046_rank413,755,755,0.80856,0
ILSVRC2012_val_00008469_with_ILSVRC2012_val_00030332_rank642,939,649,0.13744,459
ILSVRC2012_val_00008469_with_ILSVRC2012_val_00049841_rank486,248,248,0.4179,0
ILSVRC2012_val_00008469_with_ILSVRC2012_val_00003829_rank991,631,838,0.62356,1
ILSVRC2012_val_00008469_with_ILSVRC2012_val_00025311_rank634,685,685,0.82698,0
ILSVRC2012_val_00008469_with_ILSVRC2012_val_00001827_rank860,602,472,0.71151,321
ILSVRC2012_val_00008469_with_ILSVRC2012_val_00013885_rank690,247,247,0.78761,0
ILSVRC2012_val_00008469_with_ILSVRC2012_val_00038581_rank300,955,955,0.85504,0
ILSVRC2012_val_00008469_with_ILSVRC2012_val_00036929_rank121,825,825,0.73989,0
ILSVRC2012_val_00008469_with_ILSVRC2012_val_00021138_rank122,383,383,0.72012,0
ILSVRC2012_val_00008469_with_ILSVRC2012_val_00014567_rank638,739,739,0.8696,0
ILSVRC2012_val_00008469_with_ILSVRC2012_val_00049316_rank024,32,32,0.68297,0
ILSVRC2012_val_00008469_with_ILSVRC2012_val_00049218_rank318,217,217,0.5004,0
ILSVRC2012_val_00008469_with_ILSVRC2012_val_00031441_rank919,883,883,0.72078,0
ILSVRC2012_val_00008469_with_ILSVRC2012_val_00043009_rank230,172,172,0.5825,0
ILSVRC2012_val_00008469_with_ILSVRC2012_val_00001536_rank240,326,326,0.50987,0
ILSVRC2012_val_00008469_with_ILSVRC2012_val_00011801_rank727,715,132,0.5455,672
ILSVRC2012_val_00008469_with_ILSVRC2012_val_00042719_rank153,369,369,0.6269,0
ILSVRC2012_val_00008469_with_ILSVRC2012_val_00045438_rank280,308,308,0.75177,0
ILSVRC2012_val_00008469_with_ILSVRC2012_val_00041692_rank824,579,579,0.79553,0
ILSVRC2012_val_00008469_with_ILSVRC2012_val_00035383_rank483,798,798,0.6785,0
ILSVRC2012_val_00008469_with_ILSVRC2012_val_00008992_rank475,251,251,0.7847,0
ILSVRC2012_val_00008469_with_ILSVRC2012_val_00023961_rank778,928,927,0.83757,2
ILSVRC2012_val_00008469_with_ILSVRC2012_val_00013948_rank426,794,525,0.6895,110
ILSVRC2012_val_00008469_with_ILSVRC2012_val_00028016_rank662,196,196,0.44865,0
ILSVRC2012_val_00008469_with_ILSVRC2012_val_00027199_rank412,516,412,0.10798,275
ILSVRC2012_val_00008469_with_ILSVRC2012_val_00020400_rank646,482,482,0.39875,0
ILSVRC2012_val_00008469_with_ILSVRC2012_val_00047263_rank479,965,463,0.84584,832
ILSVRC2012_val_00008469_with_ILSVRC2012_val_00045942_rank286,384,267,0.26603,57
ILSVRC2012_val_00008469_with_ILSVRC2012_val_00005053_rank344,621,730,0.16884,7
ILSVRC2012_val_00008469_with_ILSVRC2012_val_00021221_rank298,312,730,0.19068,420
ILSVRC2012_val_00008469_with_ILSVRC2012_val_00043935_rank058,340,340,0.87051,0
ILSVRC2012_val_00008469_with_ILSVRC2012_val_00034038_rank154,3,3,0.83327,0
ILSVRC2012_val_00008469_with_ILSVRC2012_val_00003923_rank765,614,614,0.74165,0
ILSVRC2012_val_00008469_with_ILSVRC2012_val_00022688_rank812,146,134,0.15948,43
ILSVRC2012_val_00008469_with_ILSVRC2012_val_00022307_rank516,592,592,0.89108,0
ILSVRC2012_val_00008469_with_ILSVRC2012_val_00047228_rank830,952,958,0.46562,816
ILSVRC2012_val_00008469_with_ILSVRC2012_val_00037864_rank535,550,550,0.13657,0
ILSVRC2012_val_00008469_with_ILSVRC2012_val_00043632_rank990,284,284,0.81643,0
ILSVRC2012_val_00008469_with_ILSVRC2012_val_00045003_rank882,557,733,0.19053,1
ILSVRC2012_val_00008469_with_ILSVRC2012_val_00037252_rank528,156,156,0.77152,0
ILSVRC2012_val_00008469_with_ILSVRC2012_val_00034520_rank326,922,958,0.18475,407
ILSVRC2012_val_00008469_with_ILSVRC2012_val_00011541_rank030,42,42,0.53188,0
ILSVRC2012_val_00008469_with_ILSVRC2012_val_00038107_rank917,158,158,0.79782,0
ILSVRC2012_val_00008469_with_ILSVRC2012_val_00016948_rank241,858,730,0.13708,138
ILSVRC2012_val_00008469_with_ILSVRC2012_val_00040381_rank952,151,173,0.65329,10
ILSVRC2012_val_00008469_with_ILSVRC2012_val_00031577_rank224,27,27,0.69042,0
ILSVRC2012_val_00008469_with_ILSVRC2012_val_00047896_rank723,245,245,0.83565,0
ILSVRC2012_val_00008469_with_ILSVRC2012_val_00007245_rank135,472,693,0.48829,1
ILSVRC2012_val_00008469_with_ILSVRC2012_val_00011953_rank847,869,399,0.759,6
ILSVRC2012_val_00008469_with_ILSVRC2012_val_00006975_rank023,343,343,0.53378,0
ILSVRC2012_val_00008469_with_ILSVRC2012_val_00041033_rank418,866,730,0.6625,2
ILSVRC2012_val_00008469_with_ILSVRC2012_val_00005862_rank278,436,609,0.44742,8
ILSVRC2012_val_00008469_with_ILSVRC2012_val_00038650_rank463,887,887,0.38839,0
ILSVRC2012_val_00008469_with_ILSVRC2012_val_00042743_rank491,575,575,0.84249,0
ILSVRC2012_val_00008469_with_ILSVRC2012_val_00026169_rank861,501,344,0.44203,572
ILSVRC2012_val_00008469_with_ILSVRC2012_val_00000113_rank273,227,227,0.70843,0
ILSVRC2012_val_00008469_with_ILSVRC2012_val_00032043_rank256,222,222,0.61555,0
ILSVRC2012_val_00008469_with_ILSVRC2012_val_00028573_rank106,86,86,0.49279,0
ILSVRC2012_val_00008469_with_ILSVRC2012_val_00041991_rank889,224,224,0.70101,0
ILSVRC2012_val_00008469_with_ILSVRC2012_val_00038678_rank281,890,417,0.19842,38
ILSVRC2012_val_00008469_with_ILSVRC2012_val_00007822_rank617,807,807,0.83308,0
ILSVRC2012_val_00008469_with_ILSVRC2012_val_00010309_rank561,209,209,0.67584,0
ILSVRC2012_val_00008469_with_ILSVRC2012_val_00001344_rank245,253,253,0.78745,0
ILSVRC2012_val_00008469_with_ILSVRC2012_val_00024837_rank768,513,346,0.22479,355
ILSVRC2012_val_00008469_with_ILSVRC2012_val_00027743_rank195,183,183,0.32996,0
ILSVRC2012_val_00008469_with_ILSVRC2012_val_00013160_rank593,261,261,0.77794,0
ILSVRC2012_val_00008469_with_ILSVRC2012_val_00008225_rank642,939,987,0.2199,28
ILSVRC2012_val_00008469_with_ILSVRC2012_val_00021818_rank633,487,590,0.50051,1
ILSVRC2012_val_00008469_with_ILSVRC2012_val_00036599_rank497,944,944,0.8611,0
ILSVRC2012_val_00008469_with_ILSVRC2012_val_00023585_rank777,689,501,0.16677,3
ILSVRC2012_val_00008469_with_ILSVRC2012_val_00016892_rank616,682,682,0.838,0
ILSVRC2012_val_00008469_with_ILSVRC2012_val_00003919_rank180,698,698,0.66194,0
ILSVRC2012_val_00008469_with_ILSVRC2012_val_00048692_rank168,839,839,0.65139,0
ILSVRC2012_val_00008469_with_ILSVRC2012_val_00028911_rank984,632,482,0.52149,5
ILSVRC2012_val_00008469_with_ILSVRC2012_val_00019538_rank481,450,908,0.08326,70
ILSVRC2012_val_00008469_with_ILSVRC2012_val_00038473_rank796,836,670,0.17728,88
ILSVRC2012_val_00008469_with_ILSVRC2012_val_00005662_rank744,235,235,0.7674,0
ILSVRC2012_val_00008469_with_ILSVRC2012_val_00010608_rank379,947,352,0.16097,144
ILSVRC2012_val_00008469_with_ILSVRC2012_val_00044780_rank823,827,827,0.53993,0
ILSVRC2012_val_00008469_with_ILSVRC2012_val_00012555_rank819,645,645,0.71048,0
ILSVRC2012_val_00008469_with_ILSVRC2012_val_00044577_rank055,64,64,0.88344,0
ILSVRC2012_val_00008469_with_ILSVRC2012_val_00049759_rank699,530,530,0.64783,0
ILSVRC2012_val_00008469_with_ILSVRC2012_val_00019810_rank057,133,133,0.81562,0
ILSVRC2012_val_00008469_with_ILSVRC2012_val_00019759_rank386,180,179,0.53536,1
ILSVRC2012_val_00008469_with_ILSVRC2012_val_00037654_rank410,783,958,0.09336,186
ILSVRC2012_val_00008469_with_ILSVRC2012_val_00000417_rank902,398,398,0.84716,0
ILSVRC2012_val_00008469_with_ILSVRC2012_val_00019664_rank319,324,324,0.78781,0
ILSVRC2012_val_00008469_with_ILSVRC2012_val_00042868_rank025,288,288,0.341,0
ILSVRC2012_val_00008469_with_ILSVRC2012_val_00009663_rank147,7,7,0.82525,0
ILSVRC2012_val_00008469_with_ILSVRC2012_val_00028350_rank364,815,958,0.09483,114
ILSVRC2012_val_00008469_with_ILSVRC2012_val_00045036_rank310,108,108,0.41893,0
ILSVRC2012_val_00008469_with_ILSVRC2012_val_00005436_rank694,828,344,0.21176,937
ILSVRC2012_val_00008469_with_ILSVRC2012_val_00022503_rank389,437,437,0.89583,0
ILSVRC2012_val_00008469_with_ILSVRC2012_val_00038727_rank932,566,566,0.77896,0
ILSVRC2012_val_00008469_with_ILSVRC2012_val_00030723_rank667,517,958,0.26904,105
ILSVRC2012_val_00008469_with_ILSVRC2012_val_00024945_rank349,927,927,0.86193,0
ILSVRC2012_val_00008469_with_ILSVRC2012_val_00007018_rank353,586,586,0.59753,0
ILSVRC2012_val_00008469_with_ILSVRC2012_val_00003799_rank797,534,449,0.19584,397
ILSVRC2012_val_00008469_with_ILSVRC2012_val_00017364_rank258,628,628,0.71897,0
ILSVRC2012_val_00008469_with_ILSVRC2012_val_00025711_rank927,178,178,0.70627,0
ILSVRC2012_val_00008469_with_ILSVRC2012_val_00004286_rank864,606,814,0.06101,100
ILSVRC2012_val_00008469_with_ILSVRC2012_val_00037247_rank598,950,950,0.6547,0
ILSVRC2012_val_00008469_with_ILSVRC2012_val_00020045_rank404,573,791,0.23062,17
ILSVRC2012_val_00008469_with_ILSVRC2012_val_00017930_rank036,130,130,0.397,0
ILSVRC2012_val_00008469_with_ILSVRC2012_val_00041822_rank709,659,659,0.14498,0
ILSVRC2012_val_00008469_with_ILSVRC2012_val_00049288_rank492,335,335,0.67265,0
ILSVRC2012_val_00008469_with_ILSVRC2012_val_00049479_rank984,632,632,0.59408,0
ILSVRC2012_val_00008469_with_ILSVRC2012_val_00042934_rank898,601,601,0.55995,0
ILSVRC2012_val_00008469_with_ILSVRC2012_val_00042545_rank857,559,559,0.78537,0
ILSVRC2012_val_00008469_with_ILSVRC2012_val_00010937_rank238,874,874,0.51117,0
ILSVRC2012_val_00008469_with_ILSVRC2012_val_00044649_rank140,79,79,0.68187,0
ILSVRC2012_val_00008469_with_ILSVRC2012_val_00030404_rank091,106,106,0.7994,0
ILSVRC2012_val_00008469_with_ILSVRC2012_val_00024424_rank572,587,9,0.84733,568
ILSVRC2012_val_00008469_with_ILSVRC2012_val_00038695_rank429,688,688,0.53259,0
ILSVRC2012_val_00008469_with_ILSVRC2012_val_00016647_rank696,897,897,0.83862,0
ILSVRC2012_val_00008469_with_ILSVRC2012_val_00039188_rank952,151,227,0.78813,13
ILSVRC2012_val_00008469_with_ILSVRC2012_val_00025885_rank707,968,958,0.1589,147
ILSVRC2012_val_00008469_with_ILSVRC2012_val_00028351_rank145,40,46,0.24032,1
ILSVRC2012_val_00008469_with_ILSVRC2012_val_00002581_rank304,775,775,0.61787,0
ILSVRC2012_val_00008469_with_ILSVRC2012_val_00006577_rank251,354,171,0.21353,93
ILSVRC2012_val_00008469_with_ILSVRC2012_val_00034654_rank132,0,958,0.25987,929
ILSVRC2012_val_00008469_with_ILSVRC2012_val_00037692_rank234,391,391,0.3469,0
ILSVRC2012_val_00008469_with_ILSVRC2012_val_00018858_rank539,301,301,0.27217,0
ILSVRC2012_val_00008469_with_ILSVRC2012_val_00037635_rank606,440,737,0.52701,1
ILSVRC2012_val_00008469_with_ILSVRC2012_val_00027444_rank234,391,391,0.75888,0
ILSVRC2012_val_00008469_with_ILSVRC2012_val_00017235_rank979,596,131,0.20141,743
ILSVRC2012_val_00008469_with_ILSVRC2012_val_00010078_rank020,386,386,0.82348,0
ILSVRC2012_val_00008469_with_ILSVRC2012_val_00011249_rank519,19,10,0.77843,6
ILSVRC2012_val_00008469_with_ILSVRC2012_val_00049365_rank468,768,768,0.15677,0
ILSVRC2012_val_00008469_with_ILSVRC2012_val_00004825_rank459,465,958,0.13232,841
ILSVRC2012_val_00008469_with_ILSVRC2012_val_00024157_rank697,800,449,0.15741,521
ILSVRC2012_val_00008469_with_ILSVRC2012_val_00006630_rank255,218,218,0.70619,0
ILSVRC2012_val_00008469_with_ILSVRC2012_val_00007103_rank970,859,859,0.65577,0
ILSVRC2012_val_00008469_with_ILSVRC2012_val_00049201_rank160,319,319,0.70586,0
ILSVRC2012_val_00008469_with_ILSVRC2012_val_00037780_rank154,3,3,0.85719,0
ILSVRC2012_val_00008469_with_ILSVRC2012_val_00049282_rank715,477,477,0.75688,0
ILSVRC2012_val_00008469_with_ILSVRC2012_val_00002274_rank872,722,491,0.52581,180
ILSVRC2012_val_00008469_with_ILSVRC2012_val_00024539_rank532,463,463,0.58129,0
ILSVRC2012_val_00008469_with_ILSVRC2012_val_00010480_rank517,697,578,0.43521,3
ILSVRC2012_val_00008469_with_ILSVRC2012_val_00001181_rank741,906,100,0.15614,829
ILSVRC2012_val_00008469_with_ILSVRC2012_val_00012624_rank370,726,344,0.55705,191
ILSVRC2012_val_00008469_with_ILSVRC2012_val_00049642_rank255,218,218,0.77314,0
ILSVRC2012_val_00008469_with_ILSVRC2012_val_00004175_rank645,107,958,0.3707,168
ILSVRC2012_val_00008469_with_ILSVRC2012_val_00014374_rank713,252,197,0.81308,8
ILSVRC2012_val_00008469_with_ILSVRC2012_val_00024017_rank915,541,541,0.64277,0
ILSVRC2012_val_00008469_with_ILSVRC2012_val_00008197_rank811,250,250,0.61695,0
ILSVRC2012_val_00008469_with_ILSVRC2012_val_00047858_rank404,573,864,0.15032,21
ILSVRC2012_val_00008469_with_ILSVRC2012_val_00012900_rank894,660,449,0.79955,3
ILSVRC2012_val_00008469_with_ILSVRC2012_val_00022034_rank850,725,725,0.67281,0
ILSVRC2012_val_00008469_with_ILSVRC2012_val_00040923_rank109,385,101,0.35091,1
ILSVRC2012_val_00008469_with_ILSVRC2012_val_00041711_rank655,843,843,0.70598,0
ILSVRC2012_val_00008469_with_ILSVRC2012_val_00049955_rank960,813,428,0.49624,245
ILSVRC2012_val_00008469_with_ILSVRC2012_val_00018986_rank482,648,510,0.44362,95
ILSVRC2012_val_00008469_with_ILSVRC2012_val_00027920_rank164,124,344,0.25963,201
ILSVRC2012_val_00008469_with_ILSVRC2012_val_00021917_rank122,383,383,0.77281,0
ILSVRC2012_val_00008469_with_ILSVRC2012_val_00000333_rank982,254,346,0.25747,238
ILSVRC2012_val_00008469_with_ILSVRC2012_val_00032543_rank988,448,448,0.77097,0
ILSVRC2012_val_00008469_with_ILSVRC2012_val_00011473_rank528,156,156,0.71233,0
ILSVRC2012_val_00008469_with_ILSVRC2012_val_00015120_rank488,118,23,0.07954,802
ILSVRC2012_val_00008469_with_ILSVRC2012_val_00010898_rank837,845,471,0.32946,596
ILSVRC2012_val_00008469_with_ILSVRC2012_val_00004537_rank626,617,617,0.55235,0
ILSVRC2012_val_00008469_with_ILSVRC2012_val_00034876_rank600,893,833,0.33005,640
ILSVRC2012_val_00008469_with_ILSVRC2012_val_00011007_rank779,451,882,0.40892,993
ILSVRC2012_val_00008469_with_ILSVRC2012_val_00047428_rank810,735,735,0.64682,0
ILSVRC2012_val_00008469_with_ILSVRC2012_val_00025358_rank596,720,720,0.59073,0
ILSVRC2012_val_00008469_with_ILSVRC2012_val_00002752_rank104,2,2,0.82747,0
ILSVRC2012_val_00008469_with_ILSVRC2012_val_00015988_rank330,410,595,0.12474,42
ILSVRC2012_val_00008469_with_ILSVRC2012_val_00022677_rank578,672,672,0.80616,0
ILSVRC2012_val_00008469_with_ILSVRC2012_val_00044948_rank997,333,345,0.25055,770
ILSVRC2012_val_00008469_with_ILSVRC2012_val_00047947_rank827,949,992,0.14451,15
ILSVRC2012_val_00008469_with_ILSVRC2012_val_00013022_rank901,401,401,0.70376,0
ILSVRC2012_val_00008469_with_ILSVRC2012_val_00012982_rank108,389,389,0.55717,0
ILSVRC2012_val_00008469_with_ILSVRC2012_val_00031195_rank332,382,382,0.68032,0
ILSVRC2012_val_00008469_with_ILSVRC2012_val_00048208_rank315,489,958,0.87035,64
ILSVRC2012_val_00008469_with_ILSVRC2012_val_00023263_rank961,577,577,0.69347,0
ILSVRC2012_val_00008469_with_ILSVRC2012_val_00046776_rank454,244,244,0.85674,0
ILSVRC2012_val_00008469_with_ILSVRC2012_val_00017162_rank178,123,122,0.20216,2
ILSVRC2012_val_00008469_with_ILSVRC2012_val_00029757_rank775,737,851,0.27086,182
ILSVRC2012_val_00008469_with_ILSVRC2012_val_00002860_rank831,567,567,0.80926,0
ILSVRC2012_val_00008469_with_ILSVRC2012_val_00001397_rank982,254,254,0.75617,0
ILSVRC2012_val_00008469_with_ILSVRC2012_val_00025437_rank346,155,256,0.29541,50
ILSVRC2012_val_00008469_with_ILSVRC2012_val_00001559_rank756,740,386,0.27154,859
ILSVRC2012_val_00008469_with_ILSVRC2012_val_00029094_rank278,436,609,0.6816,8
ILSVRC2012_val_00008469_with_ILSVRC2012_val_00040364_rank389,437,437,0.78986,0
ILSVRC2012_val_00008469_with_ILSVRC2012_val_00001533_rank734,803,866,0.27198,2
ILSVRC2012_val_00008469_with_ILSVRC2012_val_00020178_rank220,14,14,0.76256,0
ILSVRC2012_val_00008469_with_ILSVRC2012_val_00018874_rank993,570,570,0.78324,0
ILSVRC2012_val_00008469_with_ILSVRC2012_val_00016163_rank429,688,688,0.88605,0
ILSVRC2012_val_00008469_with_ILSVRC2012_val_00020306_rank708,733,460,0.09082,49
ILSVRC2012_val_00008469_with_ILSVRC2012_val_00004533_rank529,519,519,0.52894,0
ILSVRC2012_val_00008469_with_ILSVRC2012_val_00043945_rank444,379,649,0.26976,379
ILSVRC2012_val_00008469_with_ILSVRC2012_val_00015603_rank325,303,25,0.13741,42
ILSVRC2012_val_00008469_with_ILSVRC2012_val_00048726_rank460,493,637,0.32713,121
ILSVRC2012_val_00008469_with_ILSVRC2012_val_00026208_rank759,226,226,0.54073,0
ILSVRC2012_val_00008469_with_ILSVRC2012_val_00001235_rank494,830,977,0.32918,955
ILSVRC2012_val_00008469_with_ILSVRC2012_val_00002678_rank081,147,649,0.61409,46
ILSVRC2012_val_00008469_with_ILSVRC2012_val_00027314_rank973,412,412,0.66563,0
ILSVRC2012_val_00008469_with_ILSVRC2012_val_00047874_rank814,885,721,0.14566,17
ILSVRC2012_val_00008469_with_ILSVRC2012_val_00045310_rank302,77,76,0.14821,1
ILSVRC2012_val_00008469_with_ILSVRC2012_val_00024259_rank082,54,9,0.09269,264
ILSVRC2012_val_00008469_with_ILSVRC2012_val_00024529_rank148,278,277,0.51993,1
ILSVRC2012_val_00008469_with_ILSVRC2012_val_00019687_rank924,608,608,0.20117,0
ILSVRC2012_val_00008469_with_ILSVRC2012_val_00042049_rank054,37,34,0.38237,16
ILSVRC2012_val_00008469_with_ILSVRC2012_val_00003131_rank615,504,504,0.73449,0
ILSVRC2012_val_00008469_with_ILSVRC2012_val_00030317_rank306,832,958,0.23278,49
ILSVRC2012_val_00008469_with_ILSVRC2012_val_00044793_rank704,491,491,0.81573,0
ILSVRC2012_val_00008469_with_ILSVRC2012_val_00043231_rank103,150,150,0.77074,0
ILSVRC2012_val_00008469_with_ILSVRC2012_val_00002057_rank937,822,472,0.26679,263
ILSVRC2012_val_00008469_with_ILSVRC2012_val_00043242_rank455,404,913,0.70103,126
ILSVRC2012_val_00008469_with_ILSVRC2012_val_00048110_rank476,752,595,0.09078,321
ILSVRC2012_val_00008469_with_ILSVRC2012_val_00020476_rank651,111,943,0.40697,53
ILSVRC2012_val_00008469_with_ILSVRC2012_val_00042269_rank926,686,686,0.75104,0
ILSVRC2012_val_00008469_with_ILSVRC2012_val_00032780_rank118,144,144,0.75702,0
ILSVRC2012_val_00008469_with_ILSVRC2012_val_00023061_rank330,410,595,0.23225,42
ILSVRC2012_val_00008469_with_ILSVRC2012_val_00032202_rank343,358,344,0.35296,740
ILSVRC2012_val_00008469_with_ILSVRC2012_val_00040888_rank747,523,523,0.19343,0
ILSVRC2012_val_00008469_with_ILSVRC2012_val_00011954_rank583,732,732,0.68917,0
ILSVRC2012_val_00008469_with_ILSVRC2012_val_00032871_rank581,304,304,0.27793,0
ILSVRC2012_val_00008469_with_ILSVRC2012_val_00026660_rank383,990,990,0.84217,0
ILSVRC2012_val_00008469_with_ILSVRC2012_val_00008746_rank291,15,95,0.6939,10
ILSVRC2012_val_00008469_with_ILSVRC2012_val_00026979_rank688,856,856,0.80154,0
ILSVRC2012_val_00008469_with_ILSVRC2012_val_00006852_rank426,794,794,0.71022,0
ILSVRC2012_val_00008469_with_ILSVRC2012_val_00003756_rank646,482,482,0.34101,0
ILSVRC2012_val_00008469_with_ILSVRC2012_val_00029404_rank516,592,408,0.26525,807
ILSVRC2012_val_00008469_with_ILSVRC2012_val_00008908_rank998,696,701,0.7994,344
ILSVRC2012_val_00008469_with_ILSVRC2012_val_00002136_rank538,835,580,0.18651,110
ILSVRC2012_val_00008469_with_ILSVRC2012_val_00018017_rank252,376,376,0.811,0
ILSVRC2012_val_00008469_with_ILSVRC2012_val_00045798_rank536,779,779,0.82173,0
ILSVRC2012_val_00008469_with_ILSVRC2012_val_00044855_rank105,31,958,0.14915,291
ILSVRC2012_val_00008469_with_ILSVRC2012_val_00019375_rank892,558,344,0.2391,736
ILSVRC2012_val_00008469_with_ILSVRC2012_val_00028825_rank004,344,344,0.83395,0
ILSVRC2012_val_00008469_with_ILSVRC2012_val_00001993_rank186,961,427,0.30679,906
ILSVRC2012_val_00008469_with_ILSVRC2012_val_00040421_rank497,944,958,0.27282,268
ILSVRC2012_val_00008469_with_ILSVRC2012_val_00044314_rank307,316,389,0.23954,169
ILSVRC2012_val_00008469_with_ILSVRC2012_val_00009081_rank060,337,295,0.19685,23
ILSVRC2012_val_00008469_with_ILSVRC2012_val_00045657_rank483,798,798,0.80705,0
ILSVRC2012_val_00008469_with_ILSVRC2012_val_00047692_rank845,560,560,0.30911,0
ILSVRC2012_val_00008469_with_ILSVRC2012_val_00048548_rank142,51,51,0.80938,0
ILSVRC2012_val_00008469_with_ILSVRC2012_val_00023593_rank489,895,895,0.69231,0
ILSVRC2012_val_00008469_with_ILSVRC2012_val_00012093_rank087,116,116,0.57249,0
ILSVRC2012_val_00008469_with_ILSVRC2012_val_00016284_rank637,951,987,0.1508,24
ILSVRC2012_val_00008469_with_ILSVRC2012_val_00049812_rank664,789,789,0.32071,0
ILSVRC2012_val_00008469_with_ILSVRC2012_val_00014028_rank023,343,343,0.75412,0
ILSVRC2012_val_00008469_with_ILSVRC2012_val_00038201_rank757,259,259,0.75247,0
ILSVRC2012_val_00008469_with_ILSVRC2012_val_00024699_rank537,496,496,0.79433,0
ILSVRC2012_val_00008469_with_ILSVRC2012_val_00046075_rank506,854,449,0.18832,158
ILSVRC2012_val_00008469_with_ILSVRC2012_val_00019147_rank807,569,569,0.78017,0
ILSVRC2012_val_00008469_with_ILSVRC2012_val_00049104_rank971,811,811,0.7637,0
ILSVRC2012_val_00008469_with_ILSVRC2012_val_00038573_rank417,901,899,0.49566,3
ILSVRC2012_val_00008469_with_ILSVRC2012_val_00020565_rank703,987,998,0.37583,1
ILSVRC2012_val_00008469_with_ILSVRC2012_val_00011520_rank153,369,369,0.71009,0
ILSVRC2012_val_00008469_with_ILSVRC2012_val_00039943_rank513,912,912,0.36398,0
ILSVRC2012_val_00008469_with_ILSVRC2012_val_00009587_rank674,546,637,0.51969,801
ILSVRC2012_val_00008469_with_ILSVRC2012_val_00049093_rank299,96,96,0.84422,0
ILSVRC2012_val_00008469_with_ILSVRC2012_val_00012107_rank598,950,950,0.77692,0
ILSVRC2012_val_00008469_with_ILSVRC2012_val_00043629_rank499,164,164,0.92745,0
ILSVRC2012_val_00008469_with_ILSVRC2012_val_00017049_rank300,955,955,0.78792,0
ILSVRC2012_val_00008469_with_ILSVRC2012_val_00000755_rank342,995,730,0.71426,562
ILSVRC2012_val_00008469_with_ILSVRC2012_val_00002359_rank741,906,447,0.24625,624
ILSVRC2012_val_00008469_with_ILSVRC2012_val_00007116_rank524,174,174,0.77369,0
ILSVRC2012_val_00008469_with_ILSVRC2012_val_00003716_rank066,143,143,0.79371,0
ILSVRC2012_val_00008469_with_ILSVRC2012_val_00012120_rank005,44,49,0.41238,13
ILSVRC2012_val_00008469_with_ILSVRC2012_val_00026778_rank414,266,267,0.39975,2
ILSVRC2012_val_00008469_with_ILSVRC2012_val_00022682_rank490,192,197,0.4392,40
ILSVRC2012_val_00008469_with_ILSVRC2012_val_00034356_rank737,163,163,0.71126,0
ILSVRC2012_val_00008469_with_ILSVRC2012_val_00031411_rank402,216,216,0.85222,0
ILSVRC2012_val_00008469_with_ILSVRC2012_val_00021180_rank754,831,701,0.738,302
ILSVRC2012_val_00008469_with_ILSVRC2012_val_00031661_rank797,534,534,0.8394,0
ILSVRC2012_val_00008469_with_ILSVRC2012_val_00027547_rank734,803,609,0.36707,17
ILSVRC2012_val_00008469_with_ILSVRC2012_val_00031403_rank115,372,296,0.23848,84
ILSVRC2012_val_00008469_with_ILSVRC2012_val_00027985_rank179,93,93,0.78513,0
ILSVRC2012_val_00008469_with_ILSVRC2012_val_00003106_rank388,781,412,0.21672,218
ILSVRC2012_val_00008469_with_ILSVRC2012_val_00019581_rank764,161,161,0.78787,0
ILSVRC2012_val_00008469_with_ILSVRC2012_val_00045267_rank149,640,640,0.70694,0
ILSVRC2012_val_00008469_with_ILSVRC2012_val_00039459_rank584,378,378,0.68085,0
ILSVRC2012_val_00008469_with_ILSVRC2012_val_00039411_rank795,823,0,0.23271,829
ILSVRC2012_val_00008469_with_ILSVRC2012_val_00005367_rank679,414,636,0.37984,1
ILSVRC2012_val_00008469_with_ILSVRC2012_val_00022376_rank757,259,263,0.46479,11
ILSVRC2012_val_00008469_with_ILSVRC2012_val_00040924_rank093,913,913,0.80441,0
ILSVRC2012_val_00008469_with_ILSVRC2012_val_00007089_rank808,678,386,0.20062,589
ILSVRC2012_val_00008469_with_ILSVRC2012_val_00016423_rank607,553,553,0.63776,0
ILSVRC2012_val_00008469_with_ILSVRC2012_val_00035018_rank381,468,468,0.52764,0
ILSVRC2012_val_00008469_with_ILSVRC2012_val_00033291_rank347,623,872,0.75586,95
ILSVRC2012_val_00008469_with_ILSVRC2012_val_00016890_rank514,256,256,0.60956,0
ILSVRC2012_val_00008469_with_ILSVRC2012_val_00000024_rank781,727,727,0.79481,0
ILSVRC2012_val_00008469_with_ILSVRC2012_val_00015926_rank289,375,375,0.08237,0
ILSVRC2012_val_00008469_with_ILSVRC2012_val_00022178_rank314,741,741,0.82616,0
ILSVRC2012_val_00008469_with_ILSVRC2012_val_00046206_rank639,212,212,0.86356,0
ILSVRC2012_val_00008469_with_ILSVRC2012_val_00021665_rank900,778,778,0.82007,0
ILSVRC2012_val_00008469_with_ILSVRC2012_val_00039866_rank096,377,373,0.741,10
ILSVRC2012_val_00008469_with_ILSVRC2012_val_00026656_rank612,17,17,0.63466,0
ILSVRC2012_val_00008469_with_ILSVRC2012_val_00007857_rank627,552,552,0.84816,0
ILSVRC2012_val_00008469_with_ILSVRC2012_val_00009232_rank166,71,71,0.79471,0
ILSVRC2012_val_00008469_with_ILSVRC2012_val_00023222_rank559,695,695,0.68758,0
ILSVRC2012_val_00008469_with_ILSVRC2012_val_00003958_rank074,353,353,0.25791,0
ILSVRC2012_val_00008469_with_ILSVRC2012_val_00008810_rank218,55,801,0.37927,342
ILSVRC2012_val_00008469_with_ILSVRC2012_val_00009790_rank994,700,700,0.30522,0
ILSVRC2012_val_00008469_with_ILSVRC2012_val_00018052_rank488,118,344,0.06392,156
ILSVRC2012_val_00008469_with_ILSVRC2012_val_00037506_rank638,739,344,0.76181,217
ILSVRC2012_val_00008469_with_ILSVRC2012_val_00021934_rank788,237,237,0.5445,0
ILSVRC2012_val_00008469_with_ILSVRC2012_val_00006782_rank618,486,437,0.29089,694
ILSVRC2012_val_00008469_with_ILSVRC2012_val_00016881_rank289,375,375,0.81996,0
ILSVRC2012_val_00008469_with_ILSVRC2012_val_00033663_rank958,849,849,0.83862,0
ILSVRC2012_val_00008469_with_ILSVRC2012_val_00036779_rank846,647,958,0.12514,768
ILSVRC2012_val_00008469_with_ILSVRC2012_val_00022932_rank631,612,612,0.35786,0
ILSVRC2012_val_00008469_with_ILSVRC2012_val_00029712_rank111,57,57,0.60601,0
ILSVRC2012_val_00008469_with_ILSVRC2012_val_00011887_rank888,841,958,0.19132,887
ILSVRC2012_val_00008469_with_ILSVRC2012_val_00041760_rank789,861,755,0.35208,133
ILSVRC2012_val_00008469_with_ILSVRC2012_val_00002097_rank799,219,219,0.69379,0
ILSVRC2012_val_00008469_with_ILSVRC2012_val_00004599_rank793,459,730,0.22136,364
ILSVRC2012_val_00008469_with_ILSVRC2012_val_00019686_rank371,824,879,0.46443,106
ILSVRC2012_val_00008469_with_ILSVRC2012_val_00008150_rank900,778,778,0.85001,0
ILSVRC2012_val_00008469_with_ILSVRC2012_val_00022937_rank084,46,46,0.42973,0
ILSVRC2012_val_00008469_with_ILSVRC2012_val_00048523_rank712,75,75,0.43794,0
ILSVRC2012_val_00008469_with_ILSVRC2012_val_00006132_rank970,859,859,0.32681,0
ILSVRC2012_val_00008469_with_ILSVRC2012_val_00037180_rank866,661,661,0.65794,0
ILSVRC2012_val_00008469_with_ILSVRC2012_val_00014860_rank754,831,282,0.21593,363
ILSVRC2012_val_00008469_with_ILSVRC2012_val_00043474_rank420,193,186,0.22092,3
ILSVRC2012_val_00008469_with_ILSVRC2012_val_00000825_rank065,137,137,0.81853,0
ILSVRC2012_val_00008469_with_ILSVRC2012_val_00012241_rank034,395,395,0.76303,0
ILSVRC2012_val_00008469_with_ILSVRC2012_val_00034309_rank503,868,977,0.20194,231
ILSVRC2012_val_00008469_with_ILSVRC2012_val_00000406_rank253,935,935,0.75244,0
ILSVRC2012_val_00008469_with_ILSVRC2012_val_00024650_rank768,513,513,0.7415,0
ILSVRC2012_val_00008469_with_ILSVRC2012_val_00007414_rank928,439,295,0.48182,94
ILSVRC2012_val_00008469_with_ILSVRC2012_val_00029435_rank195,183,197,0.80785,2
ILSVRC2012_val_00008469_with_ILSVRC2012_val_00033425_rank827,949,872,0.63779,787
ILSVRC2012_val_00008469_with_ILSVRC2012_val_00009268_rank465,665,665,0.78745,0
ILSVRC2012_val_00008469_with_ILSVRC2012_val_00048263_rank904,812,730,0.37212,871
ILSVRC2012_val_00008469_with_ILSVRC2012_val_00026360_rank652,989,990,0.32513,3
ILSVRC2012_val_00008469_with_ILSVRC2012_val_00033284_rank964,518,730,0.32281,980
ILSVRC2012_val_00008469_with_ILSVRC2012_val_00025528_rank118,144,144,0.8171,0
ILSVRC2012_val_00008469_with_ILSVRC2012_val_00003384_rank921,555,555,0.61521,0
ILSVRC2012_val_00008469_with_ILSVRC2012_val_00022865_rank407,5,5,0.70552,0
ILSVRC2012_val_00008469_with_ILSVRC2012_val_00028656_rank146,84,84,0.78955,0
ILSVRC2012_val_00008469_with_ILSVRC2012_val_00048680_rank926,686,427,0.2697,5
ILSVRC2012_val_00008469_with_ILSVRC2012_val_00036228_rank628,748,958,0.13644,538
ILSVRC2012_val_00008469_with_ILSVRC2012_val_00032808_rank875,969,463,0.1753,582
ILSVRC2012_val_00008469_with_ILSVRC2012_val_00035791_rank653,413,386,0.26166,178
ILSVRC2012_val_00008469_with_ILSVRC2012_val_00025766_rank315,489,489,0.47962,0
ILSVRC2012_val_00008469_with_ILSVRC2012_val_00004670_rank849,521,521,0.76451,0
ILSVRC2012_val_00008469_with_ILSVRC2012_val_00015736_rank583,732,732,0.83162,0
ILSVRC2012_val_00008469_with_ILSVRC2012_val_00014014_rank772,417,417,0.76534,0
ILSVRC2012_val_00008469_with_ILSVRC2012_val_00017565_rank294,330,330,0.66816,0
ILSVRC2012_val_00008469_with_ILSVRC2012_val_00003268_rank014,58,386,0.31788,538
ILSVRC2012_val_00008469_with_ILSVRC2012_val_00034899_rank652,989,130,0.22386,75
ILSVRC2012_val_00008469_with_ILSVRC2012_val_00049352_rank337,99,99,0.78213,0
ILSVRC2012_val_00008469_with_ILSVRC2012_val_00005429_rank651,111,65,0.2668,11
ILSVRC2012_val_00008469_with_ILSVRC2012_val_00026224_rank485,705,705,0.53524,0
ILSVRC2012_val_00008469_with_ILSVRC2012_val_00035110_rank909,605,761,0.1161,2
ILSVRC2012_val_00008469_with_ILSVRC2012_val_00008201_rank473,202,202,0.42205,0
ILSVRC2012_val_00008469_with_ILSVRC2012_val_00033773_rank922,157,157,0.88205,0
ILSVRC2012_val_00008469_with_ILSVRC2012_val_00030683_rank391,622,622,0.82687,0
ILSVRC2012_val_00008469_with_ILSVRC2012_val_00039615_rank886,882,595,0.12111,179
ILSVRC2012_val_00008469_with_ILSVRC2012_val_00035045_rank235,371,371,0.79508,0
ILSVRC2012_val_00008469_with_ILSVRC2012_val_00043013_rank467,207,207,0.71303,0
ILSVRC2012_val_00008469_with_ILSVRC2012_val_00046808_rank615,504,504,0.52944,0
ILSVRC2012_val_00008469_with_ILSVRC2012_val_00022231_rank494,830,830,0.81328,0
ILSVRC2012_val_00008469_with_ILSVRC2012_val_00006596_rank465,665,665,0.52117,0
ILSVRC2012_val_00008469_with_ILSVRC2012_val_00004262_rank704,491,913,0.68471,180
ILSVRC2012_val_00008469_with_ILSVRC2012_val_00002758_rank865,456,456,0.68458,0
ILSVRC2012_val_00008469_with_ILSVRC2012_val_00005358_rank630,281,285,0.52115,2
ILSVRC2012_val_00008469_with_ILSVRC2012_val_00013619_rank272,983,983,0.74896,0
ILSVRC2012_val_00008469_with_ILSVRC2012_val_00022123_rank834,514,842,0.20867,147
ILSVRC2012_val_00008469_with_ILSVRC2012_val_00026793_rank033,38,344,0.25749,219
ILSVRC2012_val_00008469_with_ILSVRC2012_val_00003934_rank748,457,958,0.36228,356
ILSVRC2012_val_00008469_with_ILSVRC2012_val_00019974_rank396,770,127,0.2198,666
ILSVRC2012_val_00008469_with_ILSVRC2012_val_00010156_rank169,95,95,0.80303,0
ILSVRC2012_val_00008469_with_ILSVRC2012_val_00008751_rank699,530,530,0.80954,0
ILSVRC2012_val_00008469_with_ILSVRC2012_val_00010613_rank881,526,492,0.22603,25
ILSVRC2012_val_00008469_with_ILSVRC2012_val_00047346_rank366,986,986,0.68745,0
ILSVRC2012_val_00008469_with_ILSVRC2012_val_00006905_rank951,731,731,0.27572,0
ILSVRC2012_val_00008469_with_ILSVRC2012_val_00015205_rank799,219,219,0.63831,0
ILSVRC2012_val_00008469_with_ILSVRC2012_val_00047237_rank613,756,822,0.73634,8
ILSVRC2012_val_00008469_with_ILSVRC2012_val_00047073_rank337,99,99,0.73186,0
ILSVRC2012_val_00008469_with_ILSVRC2012_val_00018365_rank298,312,312,0.48573,0
ILSVRC2012_val_00008469_with_ILSVRC2012_val_00015633_rank884,784,595,0.52188,846
ILSVRC2012_val_00008469_with_ILSVRC2012_val_00037334_rank008,346,345,0.71415,1
ILSVRC2012_val_00008469_with_ILSVRC2012_val_00032790_rank834,514,514,0.86225,0
ILSVRC2012_val_00008469_with_ILSVRC2012_val_00021214_rank245,253,253,0.85495,0
ILSVRC2012_val_00008469_with_ILSVRC2012_val_00029911_rank965,420,420,0.78463,0
ILSVRC2012_val_00008469_with_ILSVRC2012_val_00007737_rank021,293,293,0.79215,0
ILSVRC2012_val_00008469_with_ILSVRC2012_val_00023162_rank609,12,12,0.76107,0
ILSVRC2012_val_00008469_with_ILSVRC2012_val_00023186_rank607,553,553,0.75705,0
ILSVRC2012_val_00008469_with_ILSVRC2012_val_00043559_rank028,66,66,0.81011,0
ILSVRC2012_val_00008469_with_ILSVRC2012_val_00024862_rank382,942,942,0.14185,0
ILSVRC2012_val_00008469_with_ILSVRC2012_val_00041803_rank374,322,322,0.45957,0
ILSVRC2012_val_00008469_with_ILSVRC2012_val_00040289_rank181,381,730,0.28746,670
ILSVRC2012_val_00008469_with_ILSVRC2012_val_00003090_rank798,475,475,0.78791,0
ILSVRC2012_val_00008469_with_ILSVRC2012_val_00029729_rank963,593,593,0.89839,0
ILSVRC2012_val_00008469_with_ILSVRC2012_val_00036397_rank181,381,381,0.73604,0
ILSVRC2012_val_00008469_with_ILSVRC2012_val_00001187_rank222,321,321,0.78992,0
ILSVRC2012_val_00008469_with_ILSVRC2012_val_00024826_rank481,450,450,0.78011,0
ILSVRC2012_val_00008469_with_ILSVRC2012_val_00021373_rank418,866,730,0.52771,2
ILSVRC2012_val_00008469_with_ILSVRC2012_val_00002422_rank696,897,651,0.2487,2
ILSVRC2012_val_00008469_with_ILSVRC2012_val_00024969_rank182,63,63,0.84802,0
ILSVRC2012_val_00008469_with_ILSVRC2012_val_00046316_rank027,98,98,0.76454,0
ILSVRC2012_val_00008469_with_ILSVRC2012_val_00008385_rank709,659,618,0.15479,17
ILSVRC2012_val_00008469_with_ILSVRC2012_val_00034268_rank466,495,958,0.2,885
ILSVRC2012_val_00008469_with_ILSVRC2012_val_00039695_rank726,153,153,0.8855,0
ILSVRC2012_val_00008469_with_ILSVRC2012_val_00042206_rank390,246,246,0.81172,0
ILSVRC2012_val_00008469_with_ILSVRC2012_val_00025005_rank368,331,331,0.5723,0
ILSVRC2012_val_00008469_with_ILSVRC2012_val_00010364_rank576,627,627,0.4906,0
ILSVRC2012_val_00008469_with_ILSVRC2012_val_00024799_rank750,863,863,0.693,0
ILSVRC2012_val_00008469_with_ILSVRC2012_val_00011102_rank921,555,555,0.78902,0
ILSVRC2012_val_00008469_with_ILSVRC2012_val_00002226_rank457,933,923,0.35913,10
ILSVRC2012_val_00008469_with_ILSVRC2012_val_00014112_rank743,629,629,0.475,0
ILSVRC2012_val_00008469_with_ILSVRC2012_val_00005386_rank869,644,470,0.82088,2
ILSVRC2012_val_00008469_with_ILSVRC2012_val_00023460_rank586,428,428,0.83437,0
ILSVRC2012_val_00008469_with_ILSVRC2012_val_00029152_rank930,262,179,0.43032,16
ILSVRC2012_val_00008469_with_ILSVRC2012_val_00028781_rank478,464,958,0.43401,201
ILSVRC2012_val_00008469_with_ILSVRC2012_val_00016452_rank819,645,958,0.48593,65
ILSVRC2012_val_00008469_with_ILSVRC2012_val_00041679_rank977,419,649,0.16533,741
ILSVRC2012_val_00008469_with_ILSVRC2012_val_00020548_rank587,777,471,0.40737,51
ILSVRC2012_val_00008469_with_ILSVRC2012_val_00049344_rank737,163,234,0.39741,12
ILSVRC2012_val_00008469_with_ILSVRC2012_val_00033635_rank666,753,753,0.80673,0
ILSVRC2012_val_00008469_with_ILSVRC2012_val_00015257_rank345,374,369,0.7241,16
ILSVRC2012_val_00008469_with_ILSVRC2012_val_00027348_rank553,166,164,0.82896,2
ILSVRC2012_val_00008469_with_ILSVRC2012_val_00007584_rank445,956,956,0.76948,0
ILSVRC2012_val_00008469_with_ILSVRC2012_val_00021586_rank060,337,337,0.59246,0
ILSVRC2012_val_00008469_with_ILSVRC2012_val_00013879_rank654,524,787,0.52853,3
ILSVRC2012_val_00008469_with_ILSVRC2012_val_00010689_rank192,10,10,0.84986,0
ILSVRC2012_val_00008469_with_ILSVRC2012_val_00031916_rank153,369,369,0.23856,0
ILSVRC2012_val_00008469_with_ILSVRC2012_val_00025300_rank664,789,958,0.16148,715
ILSVRC2012_val_00008469_with_ILSVRC2012_val_00018731_rank326,922,458,0.45965,4
ILSVRC2012_val_00008469_with_ILSVRC2012_val_00027986_rank072,92,94,0.61887,4
ILSVRC2012_val_00008469_with_ILSVRC2012_val_00019097_rank007,67,807,0.66251,715
ILSVRC2012_val_00008469_with_ILSVRC2012_val_00020575_rank236,973,649,0.22381,327
ILSVRC2012_val_00008469_with_ILSVRC2012_val_00001370_rank419,72,72,0.52936,0
ILSVRC2012_val_00008469_with_ILSVRC2012_val_00042279_rank413,755,755,0.82968,0
ILSVRC2012_val_00008469_with_ILSVRC2012_val_00030719_rank218,55,55,0.82568,0
ILSVRC2012_val_00008469_with_ILSVRC2012_val_00031370_rank343,358,358,0.31568,0
ILSVRC2012_val_00008469_with_ILSVRC2012_val_00002565_rank143,270,270,0.67599,0
ILSVRC2012_val_00008469_with_ILSVRC2012_val_00030160_rank809,795,49,0.44426,820
ILSVRC2012_val_00008469_with_ILSVRC2012_val_00025666_rank738,881,881,0.34837,0
ILSVRC2012_val_00008469_with_ILSVRC2012_val_00011030_rank863,840,840,0.34013,0
ILSVRC2012_val_00008469_with_ILSVRC2012_val_00046243_rank056,25,25,0.73219,0
ILSVRC2012_val_00008469_with_ILSVRC2012_val_00005147_rank308,654,609,0.81762,12
ILSVRC2012_val_00008469_with_ILSVRC2012_val_00044644_rank649,160,160,0.67623,0
ILSVRC2012_val_00008469_with_ILSVRC2012_val_00027034_rank987,585,585,0.21586,0
ILSVRC2012_val_00008469_with_ILSVRC2012_val_00036187_rank718,574,574,0.87622,0
ILSVRC2012_val_00008469_with_ILSVRC2012_val_00027317_rank413,755,755,0.77476,0
ILSVRC2012_val_00008469_with_ILSVRC2012_val_00001875_rank935,515,501,0.06747,79
ILSVRC2012_val_00008469_with_ILSVRC2012_val_00032672_rank131,350,350,0.83098,0
ILSVRC2012_val_00008469_with_ILSVRC2012_val_00027407_rank786,891,958,0.10543,961
ILSVRC2012_val_00008469_with_ILSVRC2012_val_00040715_rank855,571,571,0.84871,0
ILSVRC2012_val_00008469_with_ILSVRC2012_val_00028419_rank529,519,958,0.21105,50
ILSVRC2012_val_00008469_with_ILSVRC2012_val_00011808_rank302,77,77,0.71966,0
ILSVRC2012_val_00008469_with_ILSVRC2012_val_00006461_rank501,834,977,0.09105,501
ILSVRC2012_val_00008469_with_ILSVRC2012_val_00047497_rank233,90,90,0.83848,0
ILSVRC2012_val_00008469_with_ILSVRC2012_val_00047213_rank817,907,907,0.54179,0
ILSVRC2012_val_00008469_with_ILSVRC2012_val_00038291_rank059,294,296,0.86252,2
ILSVRC2012_val_00008469_with_ILSVRC2012_val_00003213_rank114,362,362,0.73519,0
ILSVRC2012_val_00008469_with_ILSVRC2012_val_00025309_rank367,229,229,0.76352,0
ILSVRC2012_val_00008469_with_ILSVRC2012_val_00041929_rank176,232,232,0.39847,0
ILSVRC2012_val_00008469_with_ILSVRC2012_val_00016151_rank480,780,780,0.73891,0
ILSVRC2012_val_00008469_with_ILSVRC2012_val_00025075_rank032,129,129,0.84255,0
ILSVRC2012_val_00008469_with_ILSVRC2012_val_00040208_rank048,290,290,0.54525,0
ILSVRC2012_val_00008469_with_ILSVRC2012_val_00016215_rank020,386,386,0.84737,0
ILSVRC2012_val_00008469_with_ILSVRC2012_val_00003309_rank257,953,953,0.39718,0
ILSVRC2012_val_00008469_with_ILSVRC2012_val_00044746_rank342,995,849,0.14653,166
ILSVRC2012_val_00008469_with_ILSVRC2012_val_00045864_rank099,329,329,0.22433,0
ILSVRC2012_val_00008469_with_ILSVRC2012_val_00008962_rank363,985,985,0.43869,0
ILSVRC2012_val_00008469_with_ILSVRC2012_val_00019036_rank266,81,81,0.1244,0
ILSVRC2012_val_00008469_with_ILSVRC2012_val_00001295_rank980,542,472,0.34454,705
ILSVRC2012_val_00008469_with_ILSVRC2012_val_00049562_rank269,349,348,0.4416,1
ILSVRC2012_val_00008469_with_ILSVRC2012_val_00034184_rank550,171,171,0.64809,0
ILSVRC2012_val_00008469_with_ILSVRC2012_val_00015631_rank154,3,4,0.38248,2
ILSVRC2012_val_00008469_with_ILSVRC2012_val_00049776_rank291,15,15,0.80011,0
ILSVRC2012_val_00008469_with_ILSVRC2012_val_00028619_rank131,350,350,0.80278,0
ILSVRC2012_val_00008469_with_ILSVRC2012_val_00043109_rank376,914,484,0.76736,3
ILSVRC2012_val_00008469_with_ILSVRC2012_val_00039002_rank729,630,630,0.83068,0
ILSVRC2012_val_00008469_with_ILSVRC2012_val_00015246_rank296,936,936,0.84986,0
ILSVRC2012_val_00008469_with_ILSVRC2012_val_00031296_rank537,496,408,0.05631,901
ILSVRC2012_val_00008469_with_ILSVRC2012_val_00002901_rank041,128,128,0.7266,0
ILSVRC2012_val_00008469_with_ILSVRC2012_val_00001574_rank380,658,658,0.88977,0
ILSVRC2012_val_00008469_with_ILSVRC2012_val_00042346_rank354,76,76,0.82878,0
ILSVRC2012_val_00008469_with_ILSVRC2012_val_00037418_rank250,323,323,0.8431,0
ILSVRC2012_val_00008469_with_ILSVRC2012_val_00008804_rank867,704,704,0.74111,0
ILSVRC2012_val_00008469_with_ILSVRC2012_val_00009212_rank558,917,412,0.23558,216
ILSVRC2012_val_00008469_with_ILSVRC2012_val_00040203_rank287,80,134,0.47039,65
ILSVRC2012_val_00008469_with_ILSVRC2012_val_00027205_rank822,767,755,0.72596,593
ILSVRC2012_val_00008469_with_ILSVRC2012_val_00035720_rank968,494,494,0.70425,0
ILSVRC2012_val_00008469_with_ILSVRC2012_val_00035781_rank239,175,185,0.24646,18
ILSVRC2012_val_00008469_with_ILSVRC2012_val_00007906_rank267,186,186,0.71337,0
ILSVRC2012_val_00008469_with_ILSVRC2012_val_00042811_rank462,314,327,0.73386,127
ILSVRC2012_val_00008469_with_ILSVRC2012_val_00010463_rank871,434,386,0.23245,636
ILSVRC2012_val_00008469_with_ILSVRC2012_val_00013665_rank502,590,590,0.30957,0
ILSVRC2012_val_00008469_with_ILSVRC2012_val_00029126_rank048,290,290,0.86017,0
ILSVRC2012_val_00008469_with_ILSVRC2012_val_00031885_rank124,56,408,0.21701,826
ILSVRC2012_val_00008469_with_ILSVRC2012_val_00011192_rank727,715,715,0.43643,0
ILSVRC2012_val_00008469_with_ILSVRC2012_val_00049616_rank843,747,747,0.51968,0
ILSVRC2012_val_00008469_with_ILSVRC2012_val_00045468_rank885,655,842,0.28438,24
ILSVRC2012_val_00008469_with_ILSVRC2012_val_00017710_rank046,363,363,0.82584,0
ILSVRC2012_val_00008469_with_ILSVRC2012_val_00033532_rank896,543,344,0.40717,338
ILSVRC2012_val_00008469_with_ILSVRC2012_val_00046913_rank807,569,595,0.38718,16
ILSVRC2012_val_00008469_with_ILSVRC2012_val_00025964_rank689,626,862,0.26619,10
ILSVRC2012_val_00008469_with_ILSVRC2012_val_00032737_rank151,299,298,0.36872,1
ILSVRC2012_val_00008469_with_ILSVRC2012_val_00027505_rank500,664,553,0.51521,28
ILSVRC2012_val_00008469_with_ILSVRC2012_val_00003736_rank892,558,189,0.11604,875
ILSVRC2012_val_00008469_with_ILSVRC2012_val_00000300_rank622,176,176,0.77474,0
ILSVRC2012_val_00008469_with_ILSVRC2012_val_00030625_rank810,735,672,0.31812,67
ILSVRC2012_val_00008469_with_ILSVRC2012_val_00014647_rank197,544,544,0.61003,0
ILSVRC2012_val_00008469_with_ILSVRC2012_val_00021361_rank254,366,366,0.86756,0
ILSVRC2012_val_00008469_with_ILSVRC2012_val_00013120_rank269,349,349,0.5121,0
ILSVRC2012_val_00008469_with_ILSVRC2012_val_00045511_rank851,563,472,0.59162,454
ILSVRC2012_val_00008469_with_ILSVRC2012_val_00026606_rank130,104,104,0.86861,0
ILSVRC2012_val_00008469_with_ILSVRC2012_val_00028827_rank294,330,331,0.42424,1
ILSVRC2012_val_00008469_with_ILSVRC2012_val_00022931_rank065,137,137,0.75847,0
ILSVRC2012_val_00008469_with_ILSVRC2012_val_00004428_rank827,949,949,0.8277,0
ILSVRC2012_val_00008469_with_ILSVRC2012_val_00046410_rank120,83,83,0.91152,0
ILSVRC2012_val_00008469_with_ILSVRC2012_val_00045143_rank487,791,791,0.70052,0
ILSVRC2012_val_00008469_with_ILSVRC2012_val_00005652_rank741,906,501,0.40023,41
ILSVRC2012_val_00008469_with_ILSVRC2012_val_00039443_rank082,54,54,0.8128,0
ILSVRC2012_val_00008469_with_ILSVRC2012_val_00013716_rank132,0,958,0.25987,929
ILSVRC2012_val_00008469_with_ILSVRC2012_val_00012288_rank255,218,218,0.64764,0
ILSVRC2012_val_00008469_with_ILSVRC2012_val_00015562_rank230,172,172,0.48236,0
ILSVRC2012_val_00008469_with_ILSVRC2012_val_00023369_rank699,530,530,0.81881,0
ILSVRC2012_val_00008469_with_ILSVRC2012_val_00005425_rank465,665,665,0.59306,0
ILSVRC2012_val_00008469_with_ILSVRC2012_val_00034480_rank184,718,525,0.25022,7
ILSVRC2012_val_00008469_with_ILSVRC2012_val_00016517_rank087,116,116,0.3677,0
ILSVRC2012_val_00008469_with_ILSVRC2012_val_00009632_rank149,640,755,0.5764,121
ILSVRC2012_val_00008469_with_ILSVRC2012_val_00047672_rank824,579,579,0.65884,0
ILSVRC2012_val_00008469_with_ILSVRC2012_val_00016246_rank375,474,958,0.11209,216
ILSVRC2012_val_00008469_with_ILSVRC2012_val_00031367_rank979,596,596,0.42533,0
ILSVRC2012_val_00008469_with_ILSVRC2012_val_00027004_rank646,482,482,0.43635,0
ILSVRC2012_val_00008469_with_ILSVRC2012_val_00010171_rank006,39,39,0.74323,0
ILSVRC2012_val_00008469_with_ILSVRC2012_val_00049278_rank264,345,345,0.79857,0
ILSVRC2012_val_00008469_with_ILSVRC2012_val_00037118_rank095,269,269,0.79437,0
ILSVRC2012_val_00008469_with_ILSVRC2012_val_00029068_rank284,279,279,0.77059,0
ILSVRC2012_val_00008469_with_ILSVRC2012_val_00033003_rank764,161,162,0.47333,1
ILSVRC2012_val_00008469_with_ILSVRC2012_val_00024604_rank821,556,703,0.71922,158
ILSVRC2012_val_00008469_with_ILSVRC2012_val_00010322_rank013,45,45,0.84485,0
ILSVRC2012_val_00008469_with_ILSVRC2012_val_00031674_rank012,36,36,0.5932,0
ILSVRC2012_val_00008469_with_ILSVRC2012_val_00023308_rank009,30,30,0.81674,0
ILSVRC2012_val_00008469_with_ILSVRC2012_val_00029325_rank605,302,34,0.18389,58
ILSVRC2012_val_00008469_with_ILSVRC2012_val_00041173_rank328,325,325,0.51629,0
ILSVRC2012_val_00008469_with_ILSVRC2012_val_00025141_rank213,393,393,0.76931,0
ILSVRC2012_val_00008469_with_ILSVRC2012_val_00033219_rank155,28,28,0.80026,0
ILSVRC2012_val_00008469_with_ILSVRC2012_val_00017963_rank001,49,49,0.73684,0
ILSVRC2012_val_00008469_with_ILSVRC2012_val_00048133_rank761,618,618,0.69181,0
ILSVRC2012_val_00008469_with_ILSVRC2012_val_00011262_rank051,47,47,0.8573,0
ILSVRC2012_val_00008469_with_ILSVRC2012_val_00005115_rank578,672,672,0.72183,0
ILSVRC2012_val_00008469_with_ILSVRC2012_val_00046257_rank403,52,52,0.4493,0
ILSVRC2012_val_00008469_with_ILSVRC2012_val_00012206_rank127,690,690,0.54517,0
ILSVRC2012_val_00008469_with_ILSVRC2012_val_00007032_rank318,217,217,0.82323,0
ILSVRC2012_val_00008469_with_ILSVRC2012_val_00044125_rank163,821,821,0.77793,0
ILSVRC2012_val_00008469_with_ILSVRC2012_val_00018357_rank791,234,234,0.86408,0
ILSVRC2012_val_00008469_with_ILSVRC2012_val_00049701_rank644,804,804,0.43194,0
ILSVRC2012_val_00008469_with_ILSVRC2012_val_00020911_rank731,875,660,0.09928,787
ILSVRC2012_val_00008469_with_ILSVRC2012_val_00005947_rank605,302,302,0.40172,0
ILSVRC2012_val_00008469_with_ILSVRC2012_val_00007718_rank646,482,482,0.47359,0
ILSVRC2012_val_00008469_with_ILSVRC2012_val_00006517_rank476,752,752,0.62315,0
ILSVRC2012_val_00008469_with_ILSVRC2012_val_00034178_rank141,4,4,0.6539,0
ILSVRC2012_val_00008469_with_ILSVRC2012_val_00033193_rank196,964,964,0.8632,0
ILSVRC2012_val_00008469_with_ILSVRC2012_val_00016986_rank031,360,360,0.65491,0
ILSVRC2012_val_00008469_with_ILSVRC2012_val_00003193_rank421,387,387,0.83372,0
ILSVRC2012_val_00008469_with_ILSVRC2012_val_00004184_rank306,832,832,0.82894,0
ILSVRC2012_val_00008469_with_ILSVRC2012_val_00024763_rank879,473,473,0.77102,0
ILSVRC2012_val_00008469_with_ILSVRC2012_val_00004861_rank165,334,334,0.77162,0
ILSVRC2012_val_00008469_with_ILSVRC2012_val_00021242_rank770,339,339,0.49972,0
ILSVRC2012_val_00008469_with_ILSVRC2012_val_00018848_rank006,39,39,0.75441,0
ILSVRC2012_val_00008469_with_ILSVRC2012_val_00043693_rank688,856,856,0.75264,0
ILSVRC2012_val_00008469_with_ILSVRC2012_val_00031471_rank434,642,642,0.24643,0
ILSVRC2012_val_00008469_with_ILSVRC2012_val_00047335_rank972,708,835,0.47076,2
ILSVRC2012_val_00008469_with_ILSVRC2012_val_00033335_rank332,382,382,0.68272,0
ILSVRC2012_val_00008469_with_ILSVRC2012_val_00003826_rank358,687,687,0.78658,0
ILSVRC2012_val_00008469_with_ILSVRC2012_val_00013845_rank091,106,106,0.77026,0
ILSVRC2012_val_00008469_with_ILSVRC2012_val_00002598_rank881,526,664,0.50015,4
ILSVRC2012_val_00008469_with_ILSVRC2012_val_00035321_rank255,218,218,0.6338,0
ILSVRC2012_val_00008469_with_ILSVRC2012_val_00017018_rank895,850,728,0.07896,408
ILSVRC2012_val_00008469_with_ILSVRC2012_val_00044866_rank258,628,595,0.49847,321
ILSVRC2012_val_00008469_with_ILSVRC2012_val_00035438_rank383,990,730,0.0833,628
ILSVRC2012_val_00008469_with_ILSVRC2012_val_00043188_rank714,595,595,0.78328,0
ILSVRC2012_val_00008469_with_ILSVRC2012_val_00006966_rank539,301,301,0.78657,0
ILSVRC2012_val_00008469_with_ILSVRC2012_val_00000121_rank184,718,449,0.66993,9
ILSVRC2012_val_00008469_with_ILSVRC2012_val_00047615_rank880,667,667,0.75138,0
ILSVRC2012_val_00008469_with_ILSVRC2012_val_00023125_rank409,13,18,0.35588,10
ILSVRC2012_val_00008469_with_ILSVRC2012_val_00021179_rank813,409,409,0.8162,0
ILSVRC2012_val_00008469_with_ILSVRC2012_val_00009194_rank947,87,87,0.86857,0
ILSVRC2012_val_00008469_with_ILSVRC2012_val_00034087_rank778,928,344,0.28709,653
ILSVRC2012_val_00008469_with_ILSVRC2012_val_00018706_rank474,228,228,0.58865,0
ILSVRC2012_val_00008469_with_ILSVRC2012_val_00031558_rank640,511,511,0.62738,0
ILSVRC2012_val_00008469_with_ILSVRC2012_val_00029185_rank599,905,797,0.79451,472
ILSVRC2012_val_00008469_with_ILSVRC2012_val_00017083_rank356,429,429,0.86757,0
ILSVRC2012_val_00008469_with_ILSVRC2012_val_00007446_rank239,175,175,0.77109,0
ILSVRC2012_val_00008469_with_ILSVRC2012_val_00027065_rank789,861,412,0.13267,14
ILSVRC2012_val_00008469_with_ILSVRC2012_val_00002055_rank602,894,637,0.20324,191
ILSVRC2012_val_00008469_with_ILSVRC2012_val_00010234_rank992,749,501,0.5454,127
ILSVRC2012_val_00008469_with_ILSVRC2012_val_00017297_rank654,524,958,0.15144,282
ILSVRC2012_val_00008469_with_ILSVRC2012_val_00020627_rank087,116,116,0.81822,0
ILSVRC2012_val_00008469_with_ILSVRC2012_val_00004871_rank813,409,958,0.78704,498
ILSVRC2012_val_00008469_with_ILSVRC2012_val_00039292_rank666,753,753,0.61572,0
ILSVRC2012_val_00008469_with_ILSVRC2012_val_00018701_rank593,261,261,0.68834,0
ILSVRC2012_val_00008469_with_ILSVRC2012_val_00038705_rank157,177,177,0.82451,0
ILSVRC2012_val_00008469_with_ILSVRC2012_val_00008306_rank814,885,958,0.59071,330
ILSVRC2012_val_00008469_with_ILSVRC2012_val_00002210_rank807,569,569,0.64422,0
ILSVRC2012_val_00008469_with_ILSVRC2012_val_00043738_rank388,781,781,0.75721,0
ILSVRC2012_val_00008469_with_ILSVRC2012_val_00037714_rank018,132,132,0.67411,0
ILSVRC2012_val_00008469_with_ILSVRC2012_val_00041889_rank310,108,108,0.76442,0
ILSVRC2012_val_00008469_with_ILSVRC2012_val_00008604_rank339,397,397,0.83178,0
ILSVRC2012_val_00008469_with_ILSVRC2012_val_00023130_rank995,714,714,0.45435,0
ILSVRC2012_val_00008469_with_ILSVRC2012_val_00001614_rank725,651,530,0.27109,17
ILSVRC2012_val_00008469_with_ILSVRC2012_val_00025540_rank890,711,838,0.1843,16
ILSVRC2012_val_00008469_with_ILSVRC2012_val_00035409_rank298,312,730,0.70459,420
ILSVRC2012_val_00008469_with_ILSVRC2012_val_00023704_rank929,422,471,0.74869,24
ILSVRC2012_val_00008469_with_ILSVRC2012_val_00027829_rank053,60,58,0.39187,9
ILSVRC2012_val_00008469_with_ILSVRC2012_val_00035508_rank573,842,958,0.29625,413
ILSVRC2012_val_00008469_with_ILSVRC2012_val_00039474_rank770,339,339,0.80791,0
ILSVRC2012_val_00008469_with_ILSVRC2012_val_00049742_rank328,325,879,0.22463,611
ILSVRC2012_val_00008469_with_ILSVRC2012_val_00030503_rank897,637,637,0.86172,0
ILSVRC2012_val_00008469_with_ILSVRC2012_val_00030285_rank927,178,178,0.68753,0
ILSVRC2012_val_00008469_with_ILSVRC2012_val_00006431_rank015,276,276,0.81495,0
ILSVRC2012_val_00008469_with_ILSVRC2012_val_00016549_rank536,779,779,0.79141,0
ILSVRC2012_val_00008469_with_ILSVRC2012_val_00024061_rank186,961,346,0.3676,740
ILSVRC2012_val_00008469_with_ILSVRC2012_val_00035966_rank330,410,410,0.66324,0
ILSVRC2012_val_00008469_with_ILSVRC2012_val_00004060_rank477,181,181,0.81859,0
ILSVRC2012_val_00008469_with_ILSVRC2012_val_00036004_rank113,271,271,0.81787,0
ILSVRC2012_val_00008469_with_ILSVRC2012_val_00031181_rank437,540,649,0.15794,76
ILSVRC2012_val_00008469_with_ILSVRC2012_val_00020480_rank614,709,919,0.10667,114
ILSVRC2012_val_00008469_with_ILSVRC2012_val_00037396_rank290,233,233,0.69689,0
ILSVRC2012_val_00008469_with_ILSVRC2012_val_00029461_rank341,239,239,0.38807,0
ILSVRC2012_val_00008469_with_ILSVRC2012_val_00028153_rank044,103,103,0.36051,0
ILSVRC2012_val_00008469_with_ILSVRC2012_val_00016563_rank537,496,496,0.79353,0
ILSVRC2012_val_00008469_with_ILSVRC2012_val_00041168_rank249,8,8,0.82721,0
ILSVRC2012_val_00008469_with_ILSVRC2012_val_00046017_rank302,77,77,0.72944,0
ILSVRC2012_val_00008469_with_ILSVRC2012_val_00043814_rank694,828,828,0.71783,0
ILSVRC2012_val_00008469_with_ILSVRC2012_val_00018003_rank448,313,958,0.15018,155
ILSVRC2012_val_00008469_with_ILSVRC2012_val_00001661_rank225,671,671,0.6522,0
ILSVRC2012_val_00008469_with_ILSVRC2012_val_00004185_rank438,220,220,0.89025,0
ILSVRC2012_val_00008469_with_ILSVRC2012_val_00033273_rank629,616,340,0.2956,528
ILSVRC2012_val_00008469_with_ILSVRC2012_val_00027397_rank640,511,511,0.40223,0
ILSVRC2012_val_00008469_with_ILSVRC2012_val_00043851_rank818,154,154,0.82129,0
ILSVRC2012_val_00008469_with_ILSVRC2012_val_00007502_rank994,700,879,0.73473,535
ILSVRC2012_val_00008469_with_ILSVRC2012_val_00036455_rank001,49,49,0.84879,0
ILSVRC2012_val_00008469_with_ILSVRC2012_val_00037796_rank733,471,471,0.81705,0
ILSVRC2012_val_00008469_with_ILSVRC2012_val_00034670_rank067,120,120,0.75269,0
ILSVRC2012_val_00008469_with_ILSVRC2012_val_00039148_rank262,547,408,0.53086,19
ILSVRC2012_val_00008469_with_ILSVRC2012_val_00039557_rank372,73,76,0.43095,7
ILSVRC2012_val_00008469_with_ILSVRC2012_val_00010321_rank607,553,553,0.69518,0
ILSVRC2012_val_00008469_with_ILSVRC2012_val_00003107_rank877,656,656,0.67113,0
ILSVRC2012_val_00008469_with_ILSVRC2012_val_00030655_rank304,775,958,0.28213,200
ILSVRC2012_val_00008469_with_ILSVRC2012_val_00043327_rank271,492,492,0.70029,0
ILSVRC2012_val_00008469_with_ILSVRC2012_val_00033866_rank224,27,27,0.82112,0
ILSVRC2012_val_00008469_with_ILSVRC2012_val_00029470_rank999,772,472,0.75389,332
ILSVRC2012_val_00008469_with_ILSVRC2012_val_00041389_rank388,781,781,0.8633,0
ILSVRC2012_val_00008469_with_ILSVRC2012_val_00036075_rank470,257,222,0.55524,1
ILSVRC2012_val_00008469_with_ILSVRC2012_val_00010150_rank160,319,319,0.80906,0
ILSVRC2012_val_00008469_with_ILSVRC2012_val_00047001_rank684,359,359,0.26954,0
ILSVRC2012_val_00008469_with_ILSVRC2012_val_00032201_rank408,564,977,0.26186,245
ILSVRC2012_val_00008469_with_ILSVRC2012_val_00018826_rank486,248,250,0.52818,1
ILSVRC2012_val_00008469_with_ILSVRC2012_val_00022830_rank416,852,852,0.32213,0
ILSVRC2012_val_00008469_with_ILSVRC2012_val_00045098_rank088,297,297,0.85969,0
ILSVRC2012_val_00008469_with_ILSVRC2012_val_00042788_rank158,23,23,0.69763,0
ILSVRC2012_val_00008469_with_ILSVRC2012_val_00029689_rank484,833,833,0.71409,0
ILSVRC2012_val_00008469_with_ILSVRC2012_val_00048249_rank356,429,981,0.32753,1
ILSVRC2012_val_00008469_with_ILSVRC2012_val_00049286_rank018,132,132,0.79725,0
ILSVRC2012_val_00008469_with_ILSVRC2012_val_00025161_rank107,327,327,0.79061,0
ILSVRC2012_val_00008469_with_ILSVRC2012_val_00033655_rank552,405,405,0.85285,0
ILSVRC2012_val_00008469_with_ILSVRC2012_val_00027070_rank027,98,98,0.70914,0
ILSVRC2012_val_00008469_with_ILSVRC2012_val_00045936_rank407,5,344,0.27782,86
ILSVRC2012_val_00008469_with_ILSVRC2012_val_00036142_rank642,939,939,0.6375,0
ILSVRC2012_val_00008469_with_ILSVRC2012_val_00023426_rank206,365,365,0.12611,0
ILSVRC2012_val_00008469_with_ILSVRC2012_val_00021293_rank867,704,704,0.70732,0
ILSVRC2012_val_00008469_with_ILSVRC2012_val_00045432_rank127,690,690,0.48482,0
ILSVRC2012_val_00008469_with_ILSVRC2012_val_00020861_rank035,68,649,0.13623,138
ILSVRC2012_val_00008469_with_ILSVRC2012_val_00035376_rank660,669,669,0.85546,0
ILSVRC2012_val_00008469_with_ILSVRC2012_val_00034847_rank355,963,963,0.86427,0
ILSVRC2012_val_00008469_with_ILSVRC2012_val_00003169_rank110,24,24,0.67501,0
ILSVRC2012_val_00008469_with_ILSVRC2012_val_00017663_rank510,871,871,0.56185,0
ILSVRC2012_val_00008469_with_ILSVRC2012_val_00035287_rank146,84,84,0.72051,0
ILSVRC2012_val_00008469_with_ILSVRC2012_val_00008116_rank678,663,958,0.19606,47
ILSVRC2012_val_00008469_with_ILSVRC2012_val_00020358_rank487,791,913,0.67783,96
ILSVRC2012_val_00008469_with_ILSVRC2012_val_00027019_rank620,754,598,0.25095,11
ILSVRC2012_val_00008469_with_ILSVRC2012_val_00038966_rank695,499,346,0.54088,521
ILSVRC2012_val_00008469_with_ILSVRC2012_val_00040709_rank943,680,680,0.28514,0
ILSVRC2012_val_00008469_with_ILSVRC2012_val_00026908_rank172,6,6,0.49943,0
ILSVRC2012_val_00008469_with_ILSVRC2012_val_00047139_rank1000,589,589,0.31907,0
ILSVRC2012_val_00008469_with_ILSVRC2012_val_00002137_rank043,394,131,0.17334,278
ILSVRC2012_val_00008469_with_ILSVRC2012_val_00041061_rank242,930,859,0.7017,20
ILSVRC2012_val_00008469_with_ILSVRC2012_val_00024033_rank127,690,690,0.62436,0
ILSVRC2012_val_00008469_with_ILSVRC2012_val_00013428_rank312,533,533,0.84649,0
ILSVRC2012_val_00008469_with_ILSVRC2012_val_00047479_rank713,252,227,0.07623,411
ILSVRC2012_val_00008469_with_ILSVRC2012_val_00029766_rank696,897,897,0.87188,0
ILSVRC2012_val_00008469_with_ILSVRC2012_val_00015519_rank696,897,595,0.11488,621
ILSVRC2012_val_00008469_with_ILSVRC2012_val_00042382_rank669,857,857,0.20261,0
ILSVRC2012_val_00008469_with_ILSVRC2012_val_00043930_rank735,438,438,0.84638,0
ILSVRC2012_val_00008469_with_ILSVRC2012_val_00045499_rank580,441,441,0.14759,0
ILSVRC2012_val_00008469_with_ILSVRC2012_val_00035179_rank717,425,425,0.66304,0
ILSVRC2012_val_00008469_with_ILSVRC2012_val_00021255_rank193,317,317,0.652,0
ILSVRC2012_val_00008469_with_ILSVRC2012_val_00022133_rank486,248,248,0.40844,0
ILSVRC2012_val_00008469_with_ILSVRC2012_val_00031925_rank464,300,300,0.77904,0
ILSVRC2012_val_00008469_with_ILSVRC2012_val_00047532_rank212,121,121,0.73058,0
ILSVRC2012_val_00008469_with_ILSVRC2012_val_00049253_rank172,6,6,0.77534,0
ILSVRC2012_val_00008469_with_ILSVRC2012_val_00038861_rank902,398,398,0.84935,0
ILSVRC2012_val_00008469_with_ILSVRC2012_val_00037298_rank944,902,929,0.23597,11
ILSVRC2012_val_00008469_with_ILSVRC2012_val_00011165_rank451,264,264,0.73565,0
ILSVRC2012_val_00008469_with_ILSVRC2012_val_00026172_rank408,564,564,0.7798,0
ILSVRC2012_val_00008469_with_ILSVRC2012_val_00035337_rank085,351,351,0.81953,0
ILSVRC2012_val_00008469_with_ILSVRC2012_val_00037478_rank315,489,489,0.80176,0
ILSVRC2012_val_00008469_with_ILSVRC2012_val_00047878_rank192,10,10,0.83687,0
ILSVRC2012_val_00008469_with_ILSVRC2012_val_00019555_rank385,994,352,0.11882,123
ILSVRC2012_val_00008469_with_ILSVRC2012_val_00003859_rank755,125,112,0.48866,2
ILSVRC2012_val_00008469_with_ILSVRC2012_val_00011853_rank372,73,73,0.25861,0
ILSVRC2012_val_00008469_with_ILSVRC2012_val_00043463_rank717,425,449,0.579,1
ILSVRC2012_val_00008469_with_ILSVRC2012_val_00001624_rank470,257,257,0.28042,0
ILSVRC2012_val_00008469_with_ILSVRC2012_val_00026527_rank884,784,587,0.8762,2
ILSVRC2012_val_00008469_with_ILSVRC2012_val_00034874_rank586,428,428,0.75841,0
ILSVRC2012_val_00008469_with_ILSVRC2012_val_00004743_rank787,898,958,0.20907,337
ILSVRC2012_val_00008469_with_ILSVRC2012_val_00015314_rank504,948,948,0.6735,0
ILSVRC2012_val_00008469_with_ILSVRC2012_val_00014384_rank571,940,940,0.81022,0
ILSVRC2012_val_00008469_with_ILSVRC2012_val_00045147_rank093,913,913,0.52319,0
ILSVRC2012_val_00008469_with_ILSVRC2012_val_00028477_rank367,229,229,0.78566,0
ILSVRC2012_val_00008469_with_ILSVRC2012_val_00012952_rank207,206,206,0.81842,0
ILSVRC2012_val_00008469_with_ILSVRC2012_val_00031695_rank460,493,492,0.27037,4
ILSVRC2012_val_00008469_with_ILSVRC2012_val_00004250_rank654,524,787,0.55035,3
ILSVRC2012_val_00008469_with_ILSVRC2012_val_00012788_rank309,112,112,0.76448,0
ILSVRC2012_val_00008469_with_ILSVRC2012_val_00018134_rank199,85,85,0.67561,0
ILSVRC2012_val_00008469_with_ILSVRC2012_val_00011070_rank212,121,121,0.69208,0
ILSVRC2012_val_00008469_with_ILSVRC2012_val_00026052_rank838,657,744,0.39521,1
ILSVRC2012_val_00008469_with_ILSVRC2012_val_00037584_rank552,405,471,0.14939,221
ILSVRC2012_val_00008469_with_ILSVRC2012_val_00047252_rank120,83,346,0.25063,717
ILSVRC2012_val_00008469_with_ILSVRC2012_val_00018738_rank366,986,986,0.60693,0
ILSVRC2012_val_00008469_with_ILSVRC2012_val_00017708_rank708,733,408,0.71259,634
ILSVRC2012_val_00008469_with_ILSVRC2012_val_00045185_rank361,286,286,0.8155,0
ILSVRC2012_val_00008469_with_ILSVRC2012_val_00021057_rank574,505,505,0.88978,0
ILSVRC2012_val_00008469_with_ILSVRC2012_val_00000421_rank976,765,765,0.47016,0
ILSVRC2012_val_00008469_with_ILSVRC2012_val_00047802_rank749,446,958,0.59035,630
ILSVRC2012_val_00008469_with_ILSVRC2012_val_00014054_rank636,757,757,0.81649,0
ILSVRC2012_val_00008469_with_ILSVRC2012_val_00012677_rank298,312,978,0.05909,390
ILSVRC2012_val_00008469_with_ILSVRC2012_val_00009771_rank344,621,621,0.73909,0
ILSVRC2012_val_00008469_with_ILSVRC2012_val_00006572_rank660,669,669,0.70137,0
ILSVRC2012_val_00008469_with_ILSVRC2012_val_00031652_rank758,806,806,0.83504,0
ILSVRC2012_val_00008469_with_ILSVRC2012_val_00045785_rank428,16,138,0.41163,68
ILSVRC2012_val_00008469_with_ILSVRC2012_val_00012057_rank446,773,773,0.64042,0
ILSVRC2012_val_00008469_with_ILSVRC2012_val_00049965_rank639,212,212,0.64636,0
ILSVRC2012_val_00008469_with_ILSVRC2012_val_00041291_rank747,523,958,0.11701,401
ILSVRC2012_val_00008469_with_ILSVRC2012_val_00006447_rank223,368,368,0.78229,0
ILSVRC2012_val_00008469_with_ILSVRC2012_val_00010423_rank808,678,354,0.10004,364
ILSVRC2012_val_00008469_with_ILSVRC2012_val_00029495_rank291,15,15,0.78467,0
ILSVRC2012_val_00008469_with_ILSVRC2012_val_00005878_rank894,660,449,0.3737,3
ILSVRC2012_val_00008469_with_ILSVRC2012_val_00032921_rank606,440,440,0.23356,0
ILSVRC2012_val_00008469_with_ILSVRC2012_val_00030994_rank833,461,461,0.53831,0
ILSVRC2012_val_00008469_with_ILSVRC2012_val_00018743_rank021,293,293,0.62696,0
ILSVRC2012_val_00008469_with_ILSVRC2012_val_00043736_rank617,807,807,0.74465,0
ILSVRC2012_val_00008469_with_ILSVRC2012_val_00026430_rank543,873,873,0.77469,0
ILSVRC2012_val_00008469_with_ILSVRC2012_val_00003457_rank978,763,763,0.75217,0
ILSVRC2012_val_00008469_with_ILSVRC2012_val_00004272_rank254,366,346,0.72405,18
ILSVRC2012_val_00008469_with_ILSVRC2012_val_00024735_rank809,795,701,0.65739,10
ILSVRC2012_val_00008469_with_ILSVRC2012_val_00019949_rank706,932,931,0.80601,1
ILSVRC2012_val_00008469_with_ILSVRC2012_val_00034362_rank711,549,346,0.38782,707
ILSVRC2012_val_00008469_with_ILSVRC2012_val_00019971_rank412,516,977,0.23724,472
ILSVRC2012_val_00008469_with_ILSVRC2012_val_00044001_rank684,359,358,0.41307,2
ILSVRC2012_val_00008469_with_ILSVRC2012_val_00043101_rank356,429,429,0.79723,0
ILSVRC2012_val_00008469_with_ILSVRC2012_val_00008952_rank172,6,6,0.17551,0
ILSVRC2012_val_00008469_with_ILSVRC2012_val_00020247_rank750,863,863,0.49997,0
ILSVRC2012_val_00008469_with_ILSVRC2012_val_00001202_rank715,477,408,0.12559,603
ILSVRC2012_val_00008469_with_ILSVRC2012_val_00004747_rank609,12,12,0.66835,0
ILSVRC2012_val_00008469_with_ILSVRC2012_val_00036834_rank272,983,701,0.76917,25
ILSVRC2012_val_00008469_with_ILSVRC2012_val_00030408_rank067,120,120,0.83362,0
ILSVRC2012_val_00008469_with_ILSVRC2012_val_00007013_rank830,952,952,0.81598,0
ILSVRC2012_val_00008469_with_ILSVRC2012_val_00012273_rank395,679,958,0.43993,364
ILSVRC2012_val_00008469_with_ILSVRC2012_val_00011167_rank597,309,730,0.25785,512
ILSVRC2012_val_00008469_with_ILSVRC2012_val_00034767_rank310,108,9,0.24913,323
ILSVRC2012_val_00008469_with_ILSVRC2012_val_00045122_rank382,942,942,0.53031,0
ILSVRC2012_val_00008469_with_ILSVRC2012_val_00039050_rank555,954,49,0.15668,562
ILSVRC2012_val_00008469_with_ILSVRC2012_val_00037854_rank978,763,763,0.83379,0
ILSVRC2012_val_00008469_with_ILSVRC2012_val_00038875_rank007,67,67,0.8657,0
ILSVRC2012_val_00008469_with_ILSVRC2012_val_00015899_rank042,100,100,0.79203,0
ILSVRC2012_val_00008469_with_ILSVRC2012_val_00001108_rank144,59,730,0.16536,615
ILSVRC2012_val_00008469_with_ILSVRC2012_val_00008839_rank618,486,486,0.81732,0
ILSVRC2012_val_00008469_with_ILSVRC2012_val_00035146_rank500,664,483,0.38135,124
ILSVRC2012_val_00008469_with_ILSVRC2012_val_00003977_rank866,661,661,0.61421,0
ILSVRC2012_val_00008469_with_ILSVRC2012_val_00026296_rank013,45,45,0.79861,0
ILSVRC2012_val_00008469_with_ILSVRC2012_val_00002637_rank083,847,847,0.53773,0
ILSVRC2012_val_00008469_with_ILSVRC2012_val_00015419_rank982,254,254,0.44424,0
ILSVRC2012_val_00008469_with_ILSVRC2012_val_00048302_rank378,539,958,0.20047,69
ILSVRC2012_val_00008469_with_ILSVRC2012_val_00017497_rank003,48,48,0.37648,0
ILSVRC2012_val_00008469_with_ILSVRC2012_val_00021052_rank591,236,236,0.82632,0
ILSVRC2012_val_00008469_with_ILSVRC2012_val_00014790_rank033,38,345,0.11714,730
ILSVRC2012_val_00008469_with_ILSVRC2012_val_00027445_rank405,230,232,0.13387,4
ILSVRC2012_val_00008469_with_ILSVRC2012_val_00035138_rank034,395,395,0.42065,0
ILSVRC2012_val_00008469_with_ILSVRC2012_val_00033017_rank774,265,266,0.2574,1
ILSVRC2012_val_00008469_with_ILSVRC2012_val_00016761_rank426,794,427,0.21864,751
ILSVRC2012_val_00008469_with_ILSVRC2012_val_00019214_rank232,483,483,0.83057,0
ILSVRC2012_val_00008469_with_ILSVRC2012_val_00011288_rank602,894,958,0.19386,359
ILSVRC2012_val_00008469_with_ILSVRC2012_val_00000459_rank679,414,414,0.51399,0
ILSVRC2012_val_00008469_with_ILSVRC2012_val_00048747_rank391,622,622,0.81009,0
ILSVRC2012_val_00008469_with_ILSVRC2012_val_00046882_rank051,47,47,0.79719,0
ILSVRC2012_val_00008469_with_ILSVRC2012_val_00006119_rank949,604,604,0.82171,0
ILSVRC2012_val_00008469_with_ILSVRC2012_val_00045788_rank950,862,127,0.21442,262
ILSVRC2012_val_00008469_with_ILSVRC2012_val_00025639_rank619,402,402,0.72779,0
ILSVRC2012_val_00008469_with_ILSVRC2012_val_00043183_rank297,693,472,0.66097,1
ILSVRC2012_val_00008469_with_ILSVRC2012_val_00024274_rank478,464,523,0.34619,144
ILSVRC2012_val_00008469_with_ILSVRC2012_val_00001805_rank594,466,466,0.28246,0
ILSVRC2012_val_00008469_with_ILSVRC2012_val_00006656_rank915,541,346,0.18374,766
ILSVRC2012_val_00008469_with_ILSVRC2012_val_00048035_rank153,369,369,0.66339,0
ILSVRC2012_val_00008469_with_ILSVRC2012_val_00008690_rank832,889,486,0.63343,1
ILSVRC2012_val_00008469_with_ILSVRC2012_val_00036095_rank167,336,344,0.82826,494
ILSVRC2012_val_00008469_with_ILSVRC2012_val_00027656_rank331,88,88,0.82987,0
ILSVRC2012_val_00008469_with_ILSVRC2012_val_00000326_rank684,359,359,0.59465,0
ILSVRC2012_val_00008469_with_ILSVRC2012_val_00023694_rank508,611,412,0.40971,785
ILSVRC2012_val_00008469_with_ILSVRC2012_val_00003392_rank265,109,109,0.92569,0
ILSVRC2012_val_00008469_with_ILSVRC2012_val_00007429_rank464,300,300,0.80815,0
ILSVRC2012_val_00008469_with_ILSVRC2012_val_00042835_rank973,412,704,0.47054,6
ILSVRC2012_val_00008469_with_ILSVRC2012_val_00043970_rank973,412,637,0.59751,2
ILSVRC2012_val_00008469_with_ILSVRC2012_val_00016269_rank794,880,131,0.28581,743
ILSVRC2012_val_00008469_with_ILSVRC2012_val_00007554_rank295,364,364,0.75873,0
ILSVRC2012_val_00008469_with_ILSVRC2012_val_00049428_rank872,722,722,0.35734,0
ILSVRC2012_val_00008469_with_ILSVRC2012_val_00006623_rank513,912,912,0.80457,0
ILSVRC2012_val_00008469_with_ILSVRC2012_val_00031926_rank795,823,617,0.46503,1
ILSVRC2012_val_00008469_with_ILSVRC2012_val_00036431_rank220,14,17,0.60096,3
ILSVRC2012_val_00008469_with_ILSVRC2012_val_00036097_rank226,231,230,0.46964,2
ILSVRC2012_val_00008469_with_ILSVRC2012_val_00030670_rank782,793,701,0.54569,205
ILSVRC2012_val_00008469_with_ILSVRC2012_val_00038141_rank587,777,704,0.11856,762
ILSVRC2012_val_00008469_with_ILSVRC2012_val_00015553_rank969,545,755,0.70465,17
ILSVRC2012_val_00008469_with_ILSVRC2012_val_00012435_rank065,137,137,0.81507,0
ILSVRC2012_val_00008469_with_ILSVRC2012_val_00012009_rank190,992,992,0.727,0
ILSVRC2012_val_00008469_with_ILSVRC2012_val_00031171_rank609,12,12,0.67085,0
ILSVRC2012_val_00008469_with_ILSVRC2012_val_00003913_rank493,607,607,0.82848,0
ILSVRC2012_val_00008469_with_ILSVRC2012_val_00033014_rank086,119,119,0.61718,0
ILSVRC2012_val_00008469_with_ILSVRC2012_val_00000154_rank214,115,115,0.90337,0
ILSVRC2012_val_00008469_with_ILSVRC2012_val_00002515_rank311,122,122,0.73419,0
ILSVRC2012_val_00008469_with_ILSVRC2012_val_00009790_rank893,999,700,0.81747,1
ILSVRC2012_val_00008469_with_ILSVRC2012_val_00036542_rank171,370,370,0.84867,0
ILSVRC2012_val_00008469_with_ILSVRC2012_val_00022306_rank969,545,545,0.66932,0
ILSVRC2012_val_00008469_with_ILSVRC2012_val_00013765_rank580,441,463,0.5794,76
ILSVRC2012_val_00008469_with_ILSVRC2012_val_00013101_rank094,69,69,0.78271,0
ILSVRC2012_val_00008469_with_ILSVRC2012_val_00031853_rank827,949,949,0.78208,0
ILSVRC2012_val_00008469_with_ILSVRC2012_val_00022401_rank549,670,665,0.21229,1
ILSVRC2012_val_00008469_with_ILSVRC2012_val_00018760_rank867,704,704,0.84491,0
ILSVRC2012_val_00008469_with_ILSVRC2012_val_00000479_rank731,875,875,0.67406,0
ILSVRC2012_val_00008469_with_ILSVRC2012_val_00005383_rank686,760,760,0.92219,0
ILSVRC2012_val_00008469_with_ILSVRC2012_val_00025500_rank060,337,337,0.80121,0
ILSVRC2012_val_00008469_with_ILSVRC2012_val_00021374_rank615,504,504,0.71434,0
ILSVRC2012_val_00008469_with_ILSVRC2012_val_00020697_rank485,705,867,0.48209,16
ILSVRC2012_val_00008469_with_ILSVRC2012_val_00027852_rank587,777,913,0.25561,951
ILSVRC2012_val_00008469_with_ILSVRC2012_val_00027027_rank749,446,595,0.2144,970
ILSVRC2012_val_00008469_with_ILSVRC2012_val_00029332_rank349,927,927,0.73177,0
ILSVRC2012_val_00008469_with_ILSVRC2012_val_00012355_rank414,266,267,0.35014,2
ILSVRC2012_val_00008469_with_ILSVRC2012_val_00017788_rank274,743,449,0.11309,124
ILSVRC2012_val_00008469_with_ILSVRC2012_val_00010029_rank127,690,690,0.64372,0
ILSVRC2012_val_00008469_with_ILSVRC2012_val_00040552_rank944,902,417,0.28969,144
ILSVRC2012_val_00008469_with_ILSVRC2012_val_00046592_rank955,636,636,0.58004,0
ILSVRC2012_val_00008469_with_ILSVRC2012_val_00027737_rank125,97,97,0.77742,0
ILSVRC2012_val_00008469_with_ILSVRC2012_val_00016231_rank590,565,565,0.82141,0
ILSVRC2012_val_00008469_with_ILSVRC2012_val_00016437_rank188,347,347,0.28749,0
ILSVRC2012_val_00008469_with_ILSVRC2012_val_00041994_rank035,68,506,0.09192,461
ILSVRC2012_val_00008469_with_ILSVRC2012_val_00014624_rank945,610,610,0.41534,0
ILSVRC2012_val_00008469_with_ILSVRC2012_val_00005939_rank236,973,980,0.16092,36
ILSVRC2012_val_00008469_with_ILSVRC2012_val_00010096_rank309,112,112,0.7529,0
ILSVRC2012_val_00008469_with_ILSVRC2012_val_00032148_rank474,228,228,0.77546,0
ILSVRC2012_val_00008469_with_ILSVRC2012_val_00025148_rank787,898,898,0.73708,0
ILSVRC2012_val_00008469_with_ILSVRC2012_val_00001412_rank730,418,977,0.14527,449
ILSVRC2012_val_00008469_with_ILSVRC2012_val_00034666_rank051,47,47,0.89001,0
ILSVRC2012_val_00008469_with_ILSVRC2012_val_00029809_rank976,765,765,0.73952,0
ILSVRC2012_val_00008469_with_ILSVRC2012_val_00020634_rank197,544,544,0.51973,0
ILSVRC2012_val_00008469_with_ILSVRC2012_val_00003111_rank564,909,544,0.3238,4
ILSVRC2012_val_00008469_with_ILSVRC2012_val_00029153_rank064,61,344,0.83552,220
ILSVRC2012_val_00008469_with_ILSVRC2012_val_00004638_rank033,38,38,0.64223,0
ILSVRC2012_val_00008469_with_ILSVRC2012_val_00020346_rank188,347,347,0.852,0
ILSVRC2012_val_00008469_with_ILSVRC2012_val_00015539_rank479,965,965,0.2689,0
ILSVRC2012_val_00008469_with_ILSVRC2012_val_00008244_rank971,811,637,0.6938,384
ILSVRC2012_val_00008469_with_ILSVRC2012_val_00014708_rank825,332,332,0.28116,0
ILSVRC2012_val_00008469_with_ILSVRC2012_val_00021086_rank193,317,317,0.82078,0
ILSVRC2012_val_00008469_with_ILSVRC2012_val_00025891_rank081,147,147,0.17622,0
ILSVRC2012_val_00008469_with_ILSVRC2012_val_00003726_rank740,208,208,0.74299,0
ILSVRC2012_val_00008469_with_ILSVRC2012_val_00037597_rank834,514,502,0.76175,3
ILSVRC2012_val_00008469_with_ILSVRC2012_val_00015721_rank084,46,958,0.28575,359
ILSVRC2012_val_00008469_with_ILSVRC2012_val_00047276_rank526,152,152,0.70144,0
ILSVRC2012_val_00008469_with_ILSVRC2012_val_00028558_rank948,790,790,0.82224,0
ILSVRC2012_val_00008469_with_ILSVRC2012_val_00036867_rank679,414,501,0.11344,36
ILSVRC2012_val_00008469_with_ILSVRC2012_val_00005992_rank163,821,821,0.5442,0
ILSVRC2012_val_00008469_with_ILSVRC2012_val_00034130_rank059,294,294,0.81203,0
ILSVRC2012_val_00008469_with_ILSVRC2012_val_00026233_rank373,764,652,0.36124,5
ILSVRC2012_val_00008469_with_ILSVRC2012_val_00030247_rank560,941,941,0.83879,0
ILSVRC2012_val_00008469_with_ILSVRC2012_val_00045070_rank348,105,105,0.86596,0
ILSVRC2012_val_00008469_with_ILSVRC2012_val_00024924_rank260,126,346,0.14892,963
ILSVRC2012_val_00008469_with_ILSVRC2012_val_00049789_rank575,717,730,0.41842,85
ILSVRC2012_val_00008469_with_ILSVRC2012_val_00001753_rank308,654,675,0.45689,4
ILSVRC2012_val_00008469_with_ILSVRC2012_val_00045901_rank954,165,236,0.34825,2
ILSVRC2012_val_00008469_with_ILSVRC2012_val_00013306_rank258,628,913,0.83316,12
ILSVRC2012_val_00008469_with_ILSVRC2012_val_00032331_rank557,721,721,0.78495,0
ILSVRC2012_val_00008469_with_ILSVRC2012_val_00011474_rank126,29,49,0.48121,100
ILSVRC2012_val_00008469_with_ILSVRC2012_val_00040621_rank360,70,977,0.07926,247
ILSVRC2012_val_00008469_with_ILSVRC2012_val_00037603_rank963,593,595,0.86326,740
ILSVRC2012_val_00008469_with_ILSVRC2012_val_00036988_rank179,93,93,0.72434,0
ILSVRC2012_val_00008469_with_ILSVRC2012_val_00032902_rank852,78,78,0.87831,0
ILSVRC2012_val_00008469_with_ILSVRC2012_val_00027665_rank875,969,969,0.33323,0
ILSVRC2012_val_00008469_with_ILSVRC2012_val_00014453_rank241,858,858,0.57772,0
ILSVRC2012_val_00008469_with_ILSVRC2012_val_00046124_rank662,196,196,0.76752,0
ILSVRC2012_val_00008469_with_ILSVRC2012_val_00038172_rank168,839,839,0.79701,0
ILSVRC2012_val_00008469_with_ILSVRC2012_val_00042022_rank490,192,192,0.50331,0
ILSVRC2012_val_00008469_with_ILSVRC2012_val_00012989_rank518,802,895,0.10987,24
ILSVRC2012_val_00008469_with_ILSVRC2012_val_00003734_rank176,232,232,0.57696,0
ILSVRC2012_val_00008469_with_ILSVRC2012_val_00006530_rank632,864,609,0.77955,8
ILSVRC2012_val_00008469_with_ILSVRC2012_val_00041099_rank573,842,842,0.08587,0
ILSVRC2012_val_00008469_with_ILSVRC2012_val_00035512_rank360,70,730,0.28814,550
ILSVRC2012_val_00008469_with_ILSVRC2012_val_00006126_rank778,928,960,0.15101,1
ILSVRC2012_val_00008469_with_ILSVRC2012_val_00044772_rank930,262,262,0.79324,0
ILSVRC2012_val_00008469_with_ILSVRC2012_val_00047286_rank946,742,742,0.83075,0
ILSVRC2012_val_00008469_with_ILSVRC2012_val_00001096_rank891,263,263,0.72811,0
ILSVRC2012_val_00008469_with_ILSVRC2012_val_00022030_rank754,831,721,0.33434,6
ILSVRC2012_val_00008469_with_ILSVRC2012_val_00018317_rank132,0,958,0.25987,929
ILSVRC2012_val_00008469_with_ILSVRC2012_val_00025965_rank988,448,448,0.66075,0
ILSVRC2012_val_00008469_with_ILSVRC2012_val_00012523_rank211,145,145,0.79154,0
ILSVRC2012_val_00008469_with_ILSVRC2012_val_00033260_rank445,956,956,0.86787,0
ILSVRC2012_val_00008469_with_ILSVRC2012_val_00036549_rank848,676,676,0.72807,0
ILSVRC2012_val_00008469_with_ILSVRC2012_val_00006422_rank242,930,958,0.48245,136
ILSVRC2012_val_00008469_with_ILSVRC2012_val_00030962_rank973,412,412,0.60431,0
ILSVRC2012_val_00008469_with_ILSVRC2012_val_00002215_rank781,727,727,0.83826,0
ILSVRC2012_val_00008469_with_ILSVRC2012_val_00038582_rank569,522,958,0.39196,108
ILSVRC2012_val_00008469_with_ILSVRC2012_val_00000343_rank918,355,355,0.74216,0
ILSVRC2012_val_00008469_with_ILSVRC2012_val_00015148_rank217,367,367,0.73002,0
ILSVRC2012_val_00008469_with_ILSVRC2012_val_00020300_rank508,611,611,0.82921,0
ILSVRC2012_val_00008469_with_ILSVRC2012_val_00016668_rank244,184,184,0.3404,0
ILSVRC2012_val_00008469_with_ILSVRC2012_val_00028577_rank082,54,54,0.50464,0
ILSVRC2012_val_00008469_with_ILSVRC2012_val_00012394_rank346,155,155,0.78349,0
ILSVRC2012_val_00008469_with_ILSVRC2012_val_00002577_rank984,632,632,0.6573,0
ILSVRC2012_val_00008469_with_ILSVRC2012_val_00008314_rank633,487,487,0.34452,0
ILSVRC2012_val_00008469_with_ILSVRC2012_val_00047471_rank459,465,465,0.82696,0
ILSVRC2012_val_00008469_with_ILSVRC2012_val_00002338_rank104,2,2,0.7589,0
ILSVRC2012_val_00008469_with_ILSVRC2012_val_00018647_rank797,534,534,0.17999,0
ILSVRC2012_val_00008469_with_ILSVRC2012_val_00011399_rank106,86,86,0.53144,0
ILSVRC2012_val_00008469_with_ILSVRC2012_val_00008542_rank155,28,25,0.78394,1
ILSVRC2012_val_00008469_with_ILSVRC2012_val_00023197_rank219,853,649,0.2239,10
ILSVRC2012_val_00008469_with_ILSVRC2012_val_00022308_rank022,34,34,0.87258,0
ILSVRC2012_val_00008469_with_ILSVRC2012_val_00021147_rank444,379,366,0.35286,12
ILSVRC2012_val_00008469_with_ILSVRC2012_val_00015556_rank787,898,899,0.41558,2
ILSVRC2012_val_00008469_with_ILSVRC2012_val_00023940_rank448,313,730,0.57292,200
ILSVRC2012_val_00008469_with_ILSVRC2012_val_00045125_rank947,87,87,0.75756,0
ILSVRC2012_val_00008469_with_ILSVRC2012_val_00033792_rank828,675,675,0.54766,0
ILSVRC2012_val_00008469_with_ILSVRC2012_val_00000179_rank770,339,339,0.65276,0
ILSVRC2012_val_00008469_with_ILSVRC2012_val_00029002_rank522,662,472,0.62391,869
ILSVRC2012_val_00008469_with_ILSVRC2012_val_00044320_rank063,101,101,0.40944,0
ILSVRC2012_val_00008469_with_ILSVRC2012_val_00036083_rank606,440,898,0.44587,5
ILSVRC2012_val_00008469_with_ILSVRC2012_val_00048666_rank032,129,129,0.86709,0
ILSVRC2012_val_00008469_with_ILSVRC2012_val_00018018_rank590,565,565,0.71457,0
ILSVRC2012_val_00008469_with_ILSVRC2012_val_00028525_rank790,923,762,0.10474,4
ILSVRC2012_val_00008469_with_ILSVRC2012_val_00009707_rank367,229,229,0.67059,0
ILSVRC2012_val_00008469_with_ILSVRC2012_val_00027281_rank045,142,142,0.8716,0
ILSVRC2012_val_00008469_with_ILSVRC2012_val_00025539_rank764,161,161,0.68315,0
ILSVRC2012_val_00008469_with_ILSVRC2012_val_00039261_rank169,95,95,0.82635,0
ILSVRC2012_val_00008469_with_ILSVRC2012_val_00007042_rank208,972,972,0.79554,0
ILSVRC2012_val_00008469_with_ILSVRC2012_val_00035152_rank725,651,897,0.20575,6
ILSVRC2012_val_00008469_with_ILSVRC2012_val_00044975_rank092,9,9,0.80538,0
ILSVRC2012_val_00008469_with_ILSVRC2012_val_00025377_rank754,831,831,0.79958,0
ILSVRC2012_val_00008469_with_ILSVRC2012_val_00009265_rank815,443,443,0.69941,0
ILSVRC2012_val_00008469_with_ILSVRC2012_val_00008759_rank750,863,863,0.69676,0
ILSVRC2012_val_00008469_with_ILSVRC2012_val_00041402_rank965,420,913,0.3728,622
ILSVRC2012_val_00008469_with_ILSVRC2012_val_00032173_rank232,483,483,0.63055,0
ILSVRC2012_val_00008469_with_ILSVRC2012_val_00041757_rank822,767,958,0.4147,492
ILSVRC2012_val_00008469_with_ILSVRC2012_val_00032694_rank387,633,346,0.7648,787
ILSVRC2012_val_00008469_with_ILSVRC2012_val_00048525_rank343,358,279,0.11143,19
ILSVRC2012_val_00008469_with_ILSVRC2012_val_00020589_rank341,239,239,0.65234,0
ILSVRC2012_val_00008469_with_ILSVRC2012_val_00002023_rank192,10,10,0.85284,0
ILSVRC2012_val_00008469_with_ILSVRC2012_val_00005746_rank891,263,263,0.45386,0
ILSVRC2012_val_00008469_with_ILSVRC2012_val_00038592_rank908,851,851,0.31809,0
ILSVRC2012_val_00008469_with_ILSVRC2012_val_00001178_rank308,654,654,0.73146,0
ILSVRC2012_val_00008469_with_ILSVRC2012_val_00031234_rank967,469,913,0.51563,172
ILSVRC2012_val_00008469_with_ILSVRC2012_val_00031483_rank600,893,472,0.26854,752
ILSVRC2012_val_00008469_with_ILSVRC2012_val_00040542_rank953,447,447,0.14293,0
ILSVRC2012_val_00008469_with_ILSVRC2012_val_00023332_rank979,596,958,0.50813,106
ILSVRC2012_val_00008469_with_ILSVRC2012_val_00048697_rank993,570,570,0.81665,0
ILSVRC2012_val_00008469_with_ILSVRC2012_val_00035889_rank495,820,820,0.4337,0
ILSVRC2012_val_00008469_with_ILSVRC2012_val_00047690_rank077,272,355,0.86719,151
ILSVRC2012_val_00008469_with_ILSVRC2012_val_00033236_rank779,451,730,0.1552,903
ILSVRC2012_val_00008469_with_ILSVRC2012_val_00005794_rank638,739,730,0.67357,295
ILSVRC2012_val_00008469_with_ILSVRC2012_val_00007114_rank403,52,52,0.21886,0
ILSVRC2012_val_00008469_with_ILSVRC2012_val_00041101_rank983,684,684,0.85071,0
ILSVRC2012_val_00008469_with_ILSVRC2012_val_00030321_rank407,5,5,0.15315,0
ILSVRC2012_val_00008469_with_ILSVRC2012_val_00002548_rank478,464,787,0.62139,17
ILSVRC2012_val_00008469_with_ILSVRC2012_val_00016885_rank874,892,787,0.13106,15
ILSVRC2012_val_00008469_with_ILSVRC2012_val_00042878_rank211,145,344,0.65373,44
ILSVRC2012_val_00008469_with_ILSVRC2012_val_00003860_rank126,29,29,0.82627,0
ILSVRC2012_val_00008469_with_ILSVRC2012_val_00024300_rank099,329,51,0.34303,679
ILSVRC2012_val_00008469_with_ILSVRC2012_val_00046396_rank888,841,501,0.12219,3
ILSVRC2012_val_00008469_with_ILSVRC2012_val_00009637_rank071,127,127,0.85829,0
ILSVRC2012_val_00008469_with_ILSVRC2012_val_00003512_rank620,754,754,0.8788,0
ILSVRC2012_val_00008469_with_ILSVRC2012_val_00018650_rank229,937,937,0.69743,0
ILSVRC2012_val_00008469_with_ILSVRC2012_val_00049520_rank998,696,428,0.24677,176
ILSVRC2012_val_00008469_with_ILSVRC2012_val_00025733_rank668,776,776,0.2091,0
ILSVRC2012_val_00008469_with_ILSVRC2012_val_00041151_rank491,575,575,0.54425,0
ILSVRC2012_val_00008469_with_ILSVRC2012_val_00033134_rank002,50,50,0.41831,0
ILSVRC2012_val_00008469_with_ILSVRC2012_val_00034125_rank003,48,48,0.61007,0
ILSVRC2012_val_00008469_with_ILSVRC2012_val_00014332_rank245,253,253,0.64129,0
ILSVRC2012_val_00008469_with_ILSVRC2012_val_00016117_rank181,381,369,0.49452,5
ILSVRC2012_val_00008469_with_ILSVRC2012_val_00024331_rank943,680,958,0.77886,597
ILSVRC2012_val_00008469_with_ILSVRC2012_val_00005970_rank902,398,703,0.88611,211
ILSVRC2012_val_00008469_with_ILSVRC2012_val_00029350_rank219,853,958,0.48264,5
ILSVRC2012_val_00008469_with_ILSVRC2012_val_00022276_rank632,864,864,0.74795,0
ILSVRC2012_val_00008469_with_ILSVRC2012_val_00027847_rank795,823,617,0.23259,1
ILSVRC2012_val_00008469_with_ILSVRC2012_val_00027812_rank695,499,716,0.6328,272
ILSVRC2012_val_00008469_with_ILSVRC2012_val_00043248_rank263,931,931,0.06867,0
ILSVRC2012_val_00008469_with_ILSVRC2012_val_00007309_rank265,109,109,0.62302,0
ILSVRC2012_val_00008469_with_ILSVRC2012_val_00014117_rank422,213,372,0.81227,113
ILSVRC2012_val_00008469_with_ILSVRC2012_val_00027144_rank782,793,147,0.80576,276
ILSVRC2012_val_00008469_with_ILSVRC2012_val_00043535_rank1000,589,589,0.4762,0
ILSVRC2012_val_00008469_with_ILSVRC2012_val_00006668_rank303,277,277,0.59706,0
ILSVRC2012_val_00008469_with_ILSVRC2012_val_00008665_rank182,63,703,0.55938,321
ILSVRC2012_val_00008469_with_ILSVRC2012_val_00022224_rank246,320,320,0.51205,0
ILSVRC2012_val_00008469_with_ILSVRC2012_val_00027866_rank103,150,150,0.64716,0
ILSVRC2012_val_00008469_with_ILSVRC2012_val_00016867_rank047,298,298,0.86393,0
ILSVRC2012_val_00008469_with_ILSVRC2012_val_00025546_rank345,374,374,0.80946,0
ILSVRC2012_val_00008469_with_ILSVRC2012_val_00043694_rank053,60,9,0.27341,721
ILSVRC2012_val_00008469_with_ILSVRC2012_val_00034846_rank844,641,958,0.38815,835
ILSVRC2012_val_00008469_with_ILSVRC2012_val_00032840_rank150,390,390,0.84705,0
ILSVRC2012_val_00008469_with_ILSVRC2012_val_00040402_rank573,842,885,0.13295,237
ILSVRC2012_val_00008469_with_ILSVRC2012_val_00047683_rank328,325,325,0.79778,0
ILSVRC2012_val_00008469_with_ILSVRC2012_val_00004852_rank774,265,265,0.36289,0
ILSVRC2012_val_00008469_with_ILSVRC2012_val_00039815_rank371,824,824,0.07664,0
ILSVRC2012_val_00008469_with_ILSVRC2012_val_00039175_rank128,408,408,0.78913,0
ILSVRC2012_val_00008469_with_ILSVRC2012_val_00036473_rank918,355,355,0.83144,0
ILSVRC2012_val_00008469_with_ILSVRC2012_val_00041954_rank315,489,489,0.62848,0
ILSVRC2012_val_00008469_with_ILSVRC2012_val_00012553_rank030,42,42,0.83013,0
ILSVRC2012_val_00008469_with_ILSVRC2012_val_00031647_rank397,945,945,0.77072,0
ILSVRC2012_val_00008469_with_ILSVRC2012_val_00041644_rank896,543,543,0.54622,0
ILSVRC2012_val_00008469_with_ILSVRC2012_val_00042709_rank996,117,117,0.87124,0
ILSVRC2012_val_00008469_with_ILSVRC2012_val_00000357_rank576,627,627,0.70971,0
ILSVRC2012_val_00008469_with_ILSVRC2012_val_00002679_rank111,57,49,0.84446,104
ILSVRC2012_val_00008469_with_ILSVRC2012_val_00025368_rank797,534,534,0.14102,0
ILSVRC2012_val_00008469_with_ILSVRC2012_val_00038733_rank296,936,936,0.70256,0
ILSVRC2012_val_00008469_with_ILSVRC2012_val_00043942_rank130,104,104,0.57769,0
ILSVRC2012_val_00008469_with_ILSVRC2012_val_00026952_rank416,852,340,0.10832,928
ILSVRC2012_val_00008469_with_ILSVRC2012_val_00035025_rank868,528,528,0.83528,0
ILSVRC2012_val_00008469_with_ILSVRC2012_val_00004466_rank608,453,453,0.38957,0
ILSVRC2012_val_00008469_with_ILSVRC2012_val_00041937_rank750,863,863,0.619,0
ILSVRC2012_val_00008469_with_ILSVRC2012_val_00045705_rank578,672,672,0.68781,0
ILSVRC2012_val_00008469_with_ILSVRC2012_val_00001697_rank922,157,157,0.82916,0
ILSVRC2012_val_00008469_with_ILSVRC2012_val_00022824_rank927,178,178,0.67071,0
ILSVRC2012_val_00008469_with_ILSVRC2012_val_00030496_rank836,707,707,0.8149,0
ILSVRC2012_val_00008469_with_ILSVRC2012_val_00038844_rank863,840,595,0.45247,493
ILSVRC2012_val_00008469_with_ILSVRC2012_val_00037926_rank677,988,988,0.79435,0
ILSVRC2012_val_00008469_with_ILSVRC2012_val_00032414_rank830,952,958,0.8591,816
ILSVRC2012_val_00008469_with_ILSVRC2012_val_00035292_rank138,295,295,0.79613,0
ILSVRC2012_val_00008469_with_ILSVRC2012_val_00002191_rank192,10,10,0.71662,0
ILSVRC2012_val_00008469_with_ILSVRC2012_val_00035183_rank337,99,99,0.7142,0
ILSVRC2012_val_00008469_with_ILSVRC2012_val_00039315_rank572,587,587,0.84701,0
ILSVRC2012_val_00008469_with_ILSVRC2012_val_00007157_rank645,107,107,0.51053,0
ILSVRC2012_val_00008469_with_ILSVRC2012_val_00003409_rank251,354,354,0.79337,0
ILSVRC2012_val_00008469_with_ILSVRC2012_val_00027963_rank799,219,219,0.17919,0
ILSVRC2012_val_00008469_with_ILSVRC2012_val_00004603_rank439,458,458,0.72427,0
ILSVRC2012_val_00008469_with_ILSVRC2012_val_00009340_rank557,721,437,0.38743,640
ILSVRC2012_val_00008469_with_ILSVRC2012_val_00012752_rank069,273,273,0.59176,0
ILSVRC2012_val_00008469_with_ILSVRC2012_val_00032676_rank777,689,689,0.35675,0
ILSVRC2012_val_00008469_with_ILSVRC2012_val_00047332_rank636,757,757,0.84691,0
ILSVRC2012_val_00008469_with_ILSVRC2012_val_00014718_rank232,483,483,0.71339,0
ILSVRC2012_val_00008469_with_ILSVRC2012_val_00011024_rank639,212,212,0.76493,0
ILSVRC2012_val_00008469_with_ILSVRC2012_val_00005938_rank1000,589,701,0.16493,934
ILSVRC2012_val_00008469_with_ILSVRC2012_val_00020932_rank434,642,913,0.70117,316
ILSVRC2012_val_00008469_with_ILSVRC2012_val_00004366_rank690,247,247,0.77664,0
ILSVRC2012_val_00008469_with_ILSVRC2012_val_00001740_rank107,327,327,0.83597,0
ILSVRC2012_val_00008469_with_ILSVRC2012_val_00001754_rank890,711,792,0.14957,612
ILSVRC2012_val_00008469_with_ILSVRC2012_val_00020677_rank529,519,410,0.59702,4
ILSVRC2012_val_00008469_with_ILSVRC2012_val_00007686_rank976,765,765,0.45008,0
ILSVRC2012_val_00008469_with_ILSVRC2012_val_00038560_rank610,713,713,0.82546,0
ILSVRC2012_val_00008469_with_ILSVRC2012_val_00004473_rank805,910,958,0.3214,207
ILSVRC2012_val_00008469_with_ILSVRC2012_val_00032570_rank969,545,545,0.49851,0
ILSVRC2012_val_00008469_with_ILSVRC2012_val_00019688_rank349,927,927,0.86708,0
ILSVRC2012_val_00008469_with_ILSVRC2012_val_00015180_rank771,529,143,0.18706,495
ILSVRC2012_val_00008469_with_ILSVRC2012_val_00027082_rank603,182,243,0.35298,24
ILSVRC2012_val_00008469_with_ILSVRC2012_val_00015496_rank370,726,492,0.32123,27
ILSVRC2012_val_00008469_with_ILSVRC2012_val_00034299_rank395,679,730,0.2758,522
ILSVRC2012_val_00008469_with_ILSVRC2012_val_00007671_rank396,770,630,0.56751,2
ILSVRC2012_val_00008469_with_ILSVRC2012_val_00010366_rank326,922,958,0.31576,407
ILSVRC2012_val_00008469_with_ILSVRC2012_val_00041892_rank178,123,123,0.61358,0
ILSVRC2012_val_00008469_with_ILSVRC2012_val_00004056_rank359,243,254,0.44067,4
ILSVRC2012_val_00008469_with_ILSVRC2012_val_00048388_rank247,373,373,0.74037,0
ILSVRC2012_val_00008469_with_ILSVRC2012_val_00043117_rank025,288,288,0.70466,0
ILSVRC2012_val_00008469_with_ILSVRC2012_val_00008301_rank608,453,454,0.39018,4
ILSVRC2012_val_00008469_with_ILSVRC2012_val_00030300_rank056,25,25,0.77786,0
ILSVRC2012_val_00008469_with_ILSVRC2012_val_00041396_rank962,818,704,0.81883,348
ILSVRC2012_val_00008469_with_ILSVRC2012_val_00026482_rank294,330,330,0.71232,0
ILSVRC2012_val_00008469_with_ILSVRC2012_val_00005316_rank691,924,816,0.11862,280
ILSVRC2012_val_00008469_with_ILSVRC2012_val_00029665_rank436,925,925,0.43328,0
ILSVRC2012_val_00008469_with_ILSVRC2012_val_00041491_rank074,353,353,0.84139,0
ILSVRC2012_val_00008469_with_ILSVRC2012_val_00010103_rank838,657,403,0.52413,8
ILSVRC2012_val_00008469_with_ILSVRC2012_val_00001040_rank752,283,386,0.21298,275
ILSVRC2012_val_00008469_with_ILSVRC2012_val_00046220_rank467,207,208,0.46766,2
ILSVRC2012_val_00008469_with_ILSVRC2012_val_00033860_rank715,477,477,0.62839,0
ILSVRC2012_val_00008469_with_ILSVRC2012_val_00046116_rank804,400,879,0.36914,102
ILSVRC2012_val_00008469_with_ILSVRC2012_val_00019362_rank682,338,345,0.30803,231
ILSVRC2012_val_00008469_with_ILSVRC2012_val_00009378_rank400,169,169,0.52292,0
ILSVRC2012_val_00008469_with_ILSVRC2012_val_00032308_rank433,774,774,0.8232,0
ILSVRC2012_val_00008469_with_ILSVRC2012_val_00017644_rank709,659,659,0.79858,0
ILSVRC2012_val_00008469_with_ILSVRC2012_val_00000886_rank571,940,940,0.68182,0
ILSVRC2012_val_00008469_with_ILSVRC2012_val_00028589_rank938,816,879,0.27852,115
ILSVRC2012_val_00008469_with_ILSVRC2012_val_00017424_rank731,875,875,0.77534,0
ILSVRC2012_val_00008469_with_ILSVRC2012_val_00033411_rank660,669,516,0.17119,9
ILSVRC2012_val_00008469_with_ILSVRC2012_val_00010650_rank365,734,734,0.77064,0
ILSVRC2012_val_00008469_with_ILSVRC2012_val_00014197_rank559,695,695,0.79761,0
ILSVRC2012_val_00008469_with_ILSVRC2012_val_00012710_rank733,471,471,0.46807,0
ILSVRC2012_val_00008469_with_ILSVRC2012_val_00024800_rank092,9,9,0.86069,0
ILSVRC2012_val_00008469_with_ILSVRC2012_val_00039321_rank370,726,726,0.82683,0
ILSVRC2012_val_00008469_with_ILSVRC2012_val_00001609_rank915,541,541,0.56313,0
ILSVRC2012_val_00008469_with_ILSVRC2012_val_00046502_rank751,497,483,0.32971,1
ILSVRC2012_val_00008469_with_ILSVRC2012_val_00021399_rank837,845,879,0.26306,58
ILSVRC2012_val_00008469_with_ILSVRC2012_val_00041700_rank791,234,234,0.88982,0
ILSVRC2012_val_00008469_with_ILSVRC2012_val_00049638_rank298,312,311,0.59633,1
ILSVRC2012_val_00008469_with_ILSVRC2012_val_00042268_rank564,909,909,0.26754,0
ILSVRC2012_val_00008469_with_ILSVRC2012_val_00046626_rank162,396,396,0.82079,0
ILSVRC2012_val_00008469_with_ILSVRC2012_val_00045861_rank676,188,188,0.86931,0
ILSVRC2012_val_00008469_with_ILSVRC2012_val_00044402_rank050,342,346,0.5883,6
ILSVRC2012_val_00008469_with_ILSVRC2012_val_00000582_rank695,499,499,0.82022,0
ILSVRC2012_val_00008469_with_ILSVRC2012_val_00032329_rank870,699,958,0.25722,394
ILSVRC2012_val_00008469_with_ILSVRC2012_val_00010870_rank014,58,58,0.24426,0
ILSVRC2012_val_00008469_with_ILSVRC2012_val_00004998_rank489,895,404,0.36939,1
ILSVRC2012_val_00008469_with_ILSVRC2012_val_00038460_rank886,882,882,0.26762,0
ILSVRC2012_val_00008469_with_ILSVRC2012_val_00033341_rank889,224,206,0.29343,8
ILSVRC2012_val_00008469_with_ILSVRC2012_val_00040171_rank573,842,701,0.78063,47
ILSVRC2012_val_00008469_with_ILSVRC2012_val_00046328_rank197,544,544,0.82352,0
ILSVRC2012_val_00008469_with_ILSVRC2012_val_00008049_rank110,24,24,0.8394,0
ILSVRC2012_val_00008469_with_ILSVRC2012_val_00034765_rank695,499,499,0.80482,0
ILSVRC2012_val_00008469_with_ILSVRC2012_val_00016029_rank159,210,210,0.74246,0
ILSVRC2012_val_00008469_with_ILSVRC2012_val_00029502_rank849,521,521,0.3056,0
ILSVRC2012_val_00008469_with_ILSVRC2012_val_00044883_rank747,523,523,0.54365,0
ILSVRC2012_val_00008469_with_ILSVRC2012_val_00041490_rank877,656,609,0.79211,10
ILSVRC2012_val_00008469_with_ILSVRC2012_val_00014101_rank675,223,223,0.86759,0
ILSVRC2012_val_00008469_with_ILSVRC2012_val_00011248_rank735,438,438,0.45631,0
ILSVRC2012_val_00008469_with_ILSVRC2012_val_00023757_rank569,522,522,0.41388,0
ILSVRC2012_val_00008469_with_ILSVRC2012_val_00042447_rank958,849,849,0.6696,0
ILSVRC2012_val_00008469_with_ILSVRC2012_val_00043320_rank617,807,807,0.86301,0
ILSVRC2012_val_00008469_with_ILSVRC2012_val_00041337_rank469,255,255,0.81885,0
ILSVRC2012_val_00008469_with_ILSVRC2012_val_00010238_rank726,153,155,0.67907,3
ILSVRC2012_val_00008469_with_ILSVRC2012_val_00012277_rank607,553,553,0.68157,0
ILSVRC2012_val_00008469_with_ILSVRC2012_val_00011394_rank351,191,191,0.28796,0
ILSVRC2012_val_00008469_with_ILSVRC2012_val_00040784_rank048,290,288,0.56221,1
ILSVRC2012_val_00008469_with_ILSVRC2012_val_00034329_rank845,560,867,0.40416,508
ILSVRC2012_val_00008469_with_ILSVRC2012_val_00002009_rank590,565,565,0.74053,0
ILSVRC2012_val_00008469_with_ILSVRC2012_val_00034630_rank745,551,551,0.63708,0
ILSVRC2012_val_00008469_with_ILSVRC2012_val_00021414_rank892,558,958,0.91023,400
ILSVRC2012_val_00008469_with_ILSVRC2012_val_00022718_rank824,579,579,0.89214,0
ILSVRC2012_val_00008469_with_ILSVRC2012_val_00021215_rank182,63,63,0.88142,0
ILSVRC2012_val_00008469_with_ILSVRC2012_val_00000608_rank681,643,643,0.33109,0
ILSVRC2012_val_00008469_with_ILSVRC2012_val_00001769_rank901,401,525,0.3003,280
ILSVRC2012_val_00008469_with_ILSVRC2012_val_00013264_rank247,373,373,0.57487,0
ILSVRC2012_val_00008469_with_ILSVRC2012_val_00001838_rank722,761,761,0.48524,0
ILSVRC2012_val_00008469_with_ILSVRC2012_val_00036172_rank323,576,472,0.72938,2
ILSVRC2012_val_00008469_with_ILSVRC2012_val_00046851_rank820,613,613,0.62926,0
ILSVRC2012_val_00008469_with_ILSVRC2012_val_00014094_rank511,958,958,0.60053,0
ILSVRC2012_val_00008469_with_ILSVRC2012_val_00030581_rank823,827,827,0.71641,0
ILSVRC2012_val_00008469_with_ILSVRC2012_val_00044672_rank451,264,264,0.74259,0
ILSVRC2012_val_00008469_with_ILSVRC2012_val_00027717_rank156,307,9,0.40343,190
ILSVRC2012_val_00008469_with_ILSVRC2012_val_00003555_rank638,739,739,0.78428,0
ILSVRC2012_val_00008469_with_ILSVRC2012_val_00035005_rank763,769,77,0.32857,112
ILSVRC2012_val_00008469_with_ILSVRC2012_val_00002835_rank497,944,944,0.7251,0
ILSVRC2012_val_00008469_with_ILSVRC2012_val_00044067_rank391,622,958,0.56656,193
ILSVRC2012_val_00008469_with_ILSVRC2012_val_00049345_rank059,294,294,0.83729,0
ILSVRC2012_val_00008469_with_ILSVRC2012_val_00029848_rank592,444,870,0.65777,4
ILSVRC2012_val_00008469_with_ILSVRC2012_val_00030390_rank558,917,972,0.11086,404
ILSVRC2012_val_00008469_with_ILSVRC2012_val_00012636_rank624,934,934,0.76531,0
ILSVRC2012_val_00008469_with_ILSVRC2012_val_00038260_rank867,704,704,0.86925,0
ILSVRC2012_val_00008469_with_ILSVRC2012_val_00023226_rank078,140,140,0.82668,0
ILSVRC2012_val_00008469_with_ILSVRC2012_val_00031025_rank477,181,181,0.82275,0
ILSVRC2012_val_00008469_with_ILSVRC2012_val_00014249_rank657,729,791,0.26577,95
ILSVRC2012_val_00008469_with_ILSVRC2012_val_00001545_rank574,505,505,0.68311,0
ILSVRC2012_val_00008469_with_ILSVRC2012_val_00017246_rank274,743,799,0.10604,29
ILSVRC2012_val_00008469_with_ILSVRC2012_val_00042999_rank720,943,502,0.33109,516
ILSVRC2012_val_00008469_with_ILSVRC2012_val_00000748_rank473,202,366,0.28756,269
ILSVRC2012_val_00008469_with_ILSVRC2012_val_00026940_rank616,682,708,0.21015,2
ILSVRC2012_val_00008469_with_ILSVRC2012_val_00030902_rank280,308,308,0.37152,0
ILSVRC2012_val_00008469_with_ILSVRC2012_val_00023848_rank504,948,948,0.26328,0
ILSVRC2012_val_00008469_with_ILSVRC2012_val_00016723_rank768,513,471,0.85215,53
ILSVRC2012_val_00008469_with_ILSVRC2012_val_00008404_rank566,512,512,0.86675,0
ILSVRC2012_val_00008469_with_ILSVRC2012_val_00026489_rank198,318,318,0.76613,0
ILSVRC2012_val_00008469_with_ILSVRC2012_val_00001429_rank767,745,408,0.13797,338
ILSVRC2012_val_00008469_with_ILSVRC2012_val_00011783_rank198,318,317,0.48577,1
ILSVRC2012_val_00008469_with_ILSVRC2012_val_00029166_rank590,565,565,0.79633,0
ILSVRC2012_val_00008469_with_ILSVRC2012_val_00040028_rank415,771,771,0.85197,0
ILSVRC2012_val_00008469_with_ILSVRC2012_val_00024638_rank951,731,693,0.15141,109
ILSVRC2012_val_00008469_with_ILSVRC2012_val_00007427_rank824,579,595,0.37709,271
ILSVRC2012_val_00008469_with_ILSVRC2012_val_00019723_rank503,868,859,0.36431,36
ILSVRC2012_val_00008469_with_ILSVRC2012_val_00025949_rank713,252,233,0.55836,2
ILSVRC2012_val_00008469_with_ILSVRC2012_val_00016736_rank434,642,595,0.2844,602
ILSVRC2012_val_00008469_with_ILSVRC2012_val_00040793_rank411,996,649,0.3573,98
ILSVRC2012_val_00008469_with_ILSVRC2012_val_00040586_rank214,115,115,0.27636,0
ILSVRC2012_val_00008469_with_ILSVRC2012_val_00006934_rank615,504,504,0.44484,0
ILSVRC2012_val_00008469_with_ILSVRC2012_val_00029895_rank985,691,691,0.54944,0
ILSVRC2012_val_00008469_with_ILSVRC2012_val_00000415_rank125,97,97,0.76244,0
ILSVRC2012_val_00008469_with_ILSVRC2012_val_00022877_rank983,684,684,0.8373,0
ILSVRC2012_val_00008469_with_ILSVRC2012_val_00000864_rank248,668,668,0.67461,0
ILSVRC2012_val_00008469_with_ILSVRC2012_val_00019703_rank765,614,614,0.78665,0
ILSVRC2012_val_00008469_with_ILSVRC2012_val_00001288_rank185,89,89,0.85157,0
ILSVRC2012_val_00008469_with_ILSVRC2012_val_00036654_rank995,714,714,0.80814,0
ILSVRC2012_val_00008469_with_ILSVRC2012_val_00026093_rank906,572,572,0.89823,0
ILSVRC2012_val_00008469_with_ILSVRC2012_val_00013045_rank541,268,268,0.4232,0
ILSVRC2012_val_00008469_with_ILSVRC2012_val_00036884_rank202,510,510,0.83972,0
ILSVRC2012_val_00008469_with_ILSVRC2012_val_00016786_rank944,902,902,0.82125,0
ILSVRC2012_val_00008469_with_ILSVRC2012_val_00025979_rank233,90,90,0.89018,0
ILSVRC2012_val_00008469_with_ILSVRC2012_val_00020999_rank082,54,54,0.44699,0
ILSVRC2012_val_00008469_with_ILSVRC2012_val_00031758_rank961,577,640,0.26339,90
ILSVRC2012_val_00008469_with_ILSVRC2012_val_00037820_rank400,169,169,0.76811,0
ILSVRC2012_val_00008469_with_ILSVRC2012_val_00012853_rank062,26,49,0.37712,61
ILSVRC2012_val_00008469_with_ILSVRC2012_val_00019421_rank833,461,461,0.59088,0
ILSVRC2012_val_00008469_with_ILSVRC2012_val_00024858_rank294,330,330,0.73727,0
ILSVRC2012_val_00008469_with_ILSVRC2012_val_00037496_rank778,928,417,0.59074,273
ILSVRC2012_val_00008469_with_ILSVRC2012_val_00040298_rank826,187,204,0.51655,15
ILSVRC2012_val_00008469_with_ILSVRC2012_val_00004128_rank878,786,345,0.15836,491
ILSVRC2012_val_00008469_with_ILSVRC2012_val_00042516_rank332,382,382,0.665,0
ILSVRC2012_val_00008469_with_ILSVRC2012_val_00048824_rank072,92,92,0.30042,0
ILSVRC2012_val_00008469_with_ILSVRC2012_val_00014461_rank906,572,463,0.59703,90
ILSVRC2012_val_00008469_with_ILSVRC2012_val_00009676_rank796,836,346,0.33931,895
ILSVRC2012_val_00008469_with_ILSVRC2012_val_00043204_rank720,943,939,0.59642,1
ILSVRC2012_val_00008469_with_ILSVRC2012_val_00001408_rank390,246,251,0.64178,4
ILSVRC2012_val_00008469_with_ILSVRC2012_val_00048751_rank190,992,992,0.58472,0
ILSVRC2012_val_00008469_with_ILSVRC2012_val_00026102_rank997,333,460,0.18749,814
ILSVRC2012_val_00008469_with_ILSVRC2012_val_00048439_rank402,216,216,0.79283,0
ILSVRC2012_val_00008469_with_ILSVRC2012_val_00026688_rank357,971,971,0.21649,0
ILSVRC2012_val_00008469_with_ILSVRC2012_val_00010925_rank160,319,129,0.12539,60
ILSVRC2012_val_00008469_with_ILSVRC2012_val_00036068_rank028,66,66,0.67443,0
ILSVRC2012_val_00008469_with_ILSVRC2012_val_00025261_rank316,200,200,0.6674,0
ILSVRC2012_val_00008469_with_ILSVRC2012_val_00030519_rank952,151,151,0.59264,0
ILSVRC2012_val_00008469_with_ILSVRC2012_val_00004397_rank490,192,182,0.68403,2
ILSVRC2012_val_00008469_with_ILSVRC2012_val_00031739_rank866,661,661,0.78639,0
ILSVRC2012_val_00008469_with_ILSVRC2012_val_00031466_rank104,2,2,0.69312,0
ILSVRC2012_val_00008469_with_ILSVRC2012_val_00041322_rank989,588,958,0.1692,35
ILSVRC2012_val_00008469_with_ILSVRC2012_val_00011735_rank484,833,977,0.12377,63
ILSVRC2012_val_00008469_with_ILSVRC2012_val_00049524_rank425,997,997,0.62691,0
ILSVRC2012_val_00008469_with_ILSVRC2012_val_00035893_rank237,159,159,0.73812,0
ILSVRC2012_val_00008469_with_ILSVRC2012_val_00012992_rank843,747,747,0.71892,0
ILSVRC2012_val_00008469_with_ILSVRC2012_val_00021796_rank085,351,351,0.25441,0
ILSVRC2012_val_00008469_with_ILSVRC2012_val_00031472_rank193,317,317,0.81862,0
ILSVRC2012_val_00008469_with_ILSVRC2012_val_00042396_rank854,568,460,0.25141,399
ILSVRC2012_val_00008469_with_ILSVRC2012_val_00030699_rank092,9,9,0.79756,0
ILSVRC2012_val_00008469_with_ILSVRC2012_val_00038736_rank199,85,85,0.77006,0
ILSVRC2012_val_00008469_with_ILSVRC2012_val_00022300_rank710,673,673,0.19754,0
ILSVRC2012_val_00008469_with_ILSVRC2012_val_00015760_rank914,600,913,0.20333,225
ILSVRC2012_val_00008469_with_ILSVRC2012_val_00007075_rank029,275,372,0.23233,21
ILSVRC2012_val_00008469_with_ILSVRC2012_val_00041216_rank182,63,63,0.80645,0
ILSVRC2012_val_00008469_with_ILSVRC2012_val_00023957_rank257,953,51,0.6701,361
ILSVRC2012_val_00008469_with_ILSVRC2012_val_00012350_rank705,683,958,0.15445,327
ILSVRC2012_val_00008469_with_ILSVRC2012_val_00024458_rank452,306,306,0.82691,0
ILSVRC2012_val_00008469_with_ILSVRC2012_val_00033343_rank125,97,99,0.62131,1
ILSVRC2012_val_00008469_with_ILSVRC2012_val_00017473_rank759,226,226,0.75359,0
ILSVRC2012_val_00008469_with_ILSVRC2012_val_00016402_rank908,851,851,0.44771,0
ILSVRC2012_val_00008469_with_ILSVRC2012_val_00029407_rank230,172,172,0.73233,0
ILSVRC2012_val_00008469_with_ILSVRC2012_val_00019051_rank418,866,866,0.67663,0
ILSVRC2012_val_00008469_with_ILSVRC2012_val_00002100_rank179,93,93,0.61544,0
ILSVRC2012_val_00008469_with_ILSVRC2012_val_00022167_rank652,989,417,0.49668,159
ILSVRC2012_val_00008469_with_ILSVRC2012_val_00003684_rank653,413,413,0.39172,0
ILSVRC2012_val_00008469_with_ILSVRC2012_val_00023560_rank309,112,112,0.73131,0
ILSVRC2012_val_00008469_with_ILSVRC2012_val_00044470_rank730,418,958,0.40136,796
ILSVRC2012_val_00008469_with_ILSVRC2012_val_00012333_rank408,564,958,0.38191,322
ILSVRC2012_val_00008469_with_ILSVRC2012_val_00025717_rank105,31,31,0.18347,0
ILSVRC2012_val_00008469_with_ILSVRC2012_val_00012754_rank677,988,988,0.88501,0
ILSVRC2012_val_00008469_with_ILSVRC2012_val_00034303_rank874,892,730,0.65175,451
ILSVRC2012_val_00008469_with_ILSVRC2012_val_00029194_rank604,870,730,0.32108,27
ILSVRC2012_val_00008469_with_ILSVRC2012_val_00002921_rank273,227,227,0.24045,0
ILSVRC2012_val_00008469_with_ILSVRC2012_val_00048854_rank312,533,533,0.8373,0
ILSVRC2012_val_00008469_with_ILSVRC2012_val_00024854_rank272,983,463,0.33829,293
ILSVRC2012_val_00008469_with_ILSVRC2012_val_00043047_rank362,751,621,0.49904,34
ILSVRC2012_val_00008469_with_ILSVRC2012_val_00042133_rank420,193,193,0.80563,0
ILSVRC2012_val_00008469_with_ILSVRC2012_val_00003605_rank147,7,7,0.48328,0
ILSVRC2012_val_00008469_with_ILSVRC2012_val_00048422_rank338,328,328,0.65459,0
ILSVRC2012_val_00008469_with_ILSVRC2012_val_00041272_rank085,351,351,0.79879,0
ILSVRC2012_val_00008469_with_ILSVRC2012_val_00018296_rank526,152,152,0.65543,0
ILSVRC2012_val_00008469_with_ILSVRC2012_val_00009824_rank868,528,528,0.8194,0
ILSVRC2012_val_00008469_with_ILSVRC2012_val_00018030_rank383,990,990,0.79423,0
ILSVRC2012_val_00008469_with_ILSVRC2012_val_00027594_rank805,910,792,0.45148,33
ILSVRC2012_val_00008469_with_ILSVRC2012_val_00026985_rank157,177,177,0.74959,0
ILSVRC2012_val_00008469_with_ILSVRC2012_val_00010045_rank586,428,428,0.79933,0
ILSVRC2012_val_00008469_with_ILSVRC2012_val_00025032_rank314,741,741,0.40939,0
ILSVRC2012_val_00008469_with_ILSVRC2012_val_00011215_rank730,418,463,0.54298,886
ILSVRC2012_val_00008469_with_ILSVRC2012_val_00031965_rank526,152,152,0.84564,0
ILSVRC2012_val_00008469_with_ILSVRC2012_val_00042705_rank070,139,139,0.82961,0
ILSVRC2012_val_00008469_with_ILSVRC2012_val_00004138_rank833,461,524,0.53092,1
ILSVRC2012_val_00008469_with_ILSVRC2012_val_00043628_rank792,561,561,0.66013,0
ILSVRC2012_val_00008469_with_ILSVRC2012_val_00035593_rank447,74,412,0.10873,987
ILSVRC2012_val_00008469_with_ILSVRC2012_val_00027577_rank517,697,520,0.48473,4
ILSVRC2012_val_00008469_with_ILSVRC2012_val_00033510_rank066,143,143,0.84091,0
ILSVRC2012_val_00008469_with_ILSVRC2012_val_00025772_rank965,420,420,0.74751,0
ILSVRC2012_val_00008469_with_ILSVRC2012_val_00030667_rank332,382,382,0.68952,0
ILSVRC2012_val_00008469_with_ILSVRC2012_val_00001640_rank074,353,353,0.61328,0
ILSVRC2012_val_00008469_with_ILSVRC2012_val_00020370_rank651,111,879,0.22891,782
ILSVRC2012_val_00008469_with_ILSVRC2012_val_00007196_rank332,382,381,0.07819,1
ILSVRC2012_val_00008469_with_ILSVRC2012_val_00005126_rank723,245,245,0.76784,0
ILSVRC2012_val_00008469_with_ILSVRC2012_val_00042299_rank325,303,251,0.48396,227
ILSVRC2012_val_00008469_with_ILSVRC2012_val_00047815_rank946,742,742,0.75957,0
ILSVRC2012_val_00008469_with_ILSVRC2012_val_00032501_rank677,988,958,0.30918,165
ILSVRC2012_val_00008469_with_ILSVRC2012_val_00012175_rank821,556,412,0.37867,87
ILSVRC2012_val_00008469_with_ILSVRC2012_val_00005621_rank139,357,357,0.7982,0
ILSVRC2012_val_00008469_with_ILSVRC2012_val_00026521_rank318,217,217,0.77848,0
ILSVRC2012_val_00008469_with_ILSVRC2012_val_00046970_rank481,450,450,0.77273,0
ILSVRC2012_val_00008469_with_ILSVRC2012_val_00031745_rank944,902,958,0.14322,758
ILSVRC2012_val_00008469_with_ILSVRC2012_val_00019451_rank584,378,378,0.60028,0
ILSVRC2012_val_00008469_with_ILSVRC2012_val_00005158_rank160,319,88,0.47577,70
ILSVRC2012_val_00008469_with_ILSVRC2012_val_00041762_rank392,189,189,0.3943,0
ILSVRC2012_val_00008469_with_ILSVRC2012_val_00020687_rank667,517,595,0.75554,4
ILSVRC2012_val_00008469_with_ILSVRC2012_val_00017880_rank415,771,771,0.77251,0
ILSVRC2012_val_00008469_with_ILSVRC2012_val_00014008_rank597,309,309,0.48058,0
ILSVRC2012_val_00008469_with_ILSVRC2012_val_00041961_rank170,287,287,0.80431,0
ILSVRC2012_val_00008469_with_ILSVRC2012_val_00026950_rank128,408,408,0.78477,0
ILSVRC2012_val_00008469_with_ILSVRC2012_val_00027559_rank211,145,145,0.78468,0
ILSVRC2012_val_00008469_with_ILSVRC2012_val_00001119_rank745,551,551,0.72853,0
ILSVRC2012_val_00008469_with_ILSVRC2012_val_00004070_rank667,517,733,0.29971,31
ILSVRC2012_val_00008469_with_ILSVRC2012_val_00041905_rank918,355,355,0.87984,0
ILSVRC2012_val_00008469_with_ILSVRC2012_val_00025218_rank539,301,301,0.79934,0
ILSVRC2012_val_00008469_with_ILSVRC2012_val_00044328_rank103,150,344,0.72829,7
ILSVRC2012_val_00008469_with_ILSVRC2012_val_00020380_rank273,227,227,0.64029,0
ILSVRC2012_val_00008469_with_ILSVRC2012_val_00026147_rank297,693,693,0.41955,0
ILSVRC2012_val_00008469_with_ILSVRC2012_val_00016567_rank473,202,200,0.33694,8
ILSVRC2012_val_00008469_with_ILSVRC2012_val_00045720_rank244,184,202,0.4755,1
ILSVRC2012_val_00008469_with_ILSVRC2012_val_00003002_rank351,191,191,0.83323,0
ILSVRC2012_val_00008469_with_ILSVRC2012_val_00045510_rank038,43,43,0.84959,0
ILSVRC2012_val_00008469_with_ILSVRC2012_val_00010384_rank571,940,940,0.7339,0
ILSVRC2012_val_00008469_with_ILSVRC2012_val_00029003_rank431,981,981,0.59293,0
ILSVRC2012_val_00008469_with_ILSVRC2012_val_00009158_rank025,288,288,0.57013,0
ILSVRC2012_val_00008469_with_ILSVRC2012_val_00032888_rank633,487,475,0.76875,54
ILSVRC2012_val_00008469_with_ILSVRC2012_val_00015641_rank140,79,79,0.90677,0
ILSVRC2012_val_00008469_with_ILSVRC2012_val_00029297_rank106,86,86,0.53834,0
ILSVRC2012_val_00008469_with_ILSVRC2012_val_00026310_rank550,171,171,0.43944,0
ILSVRC2012_val_00008469_with_ILSVRC2012_val_00035805_rank826,187,187,0.46065,0
ILSVRC2012_val_00008469_with_ILSVRC2012_val_00014151_rank514,256,256,0.8176,0
ILSVRC2012_val_00008469_with_ILSVRC2012_val_00035780_rank951,731,731,0.66493,0
ILSVRC2012_val_00008469_with_ILSVRC2012_val_00048653_rank655,843,843,0.73427,0
ILSVRC2012_val_00008469_with_ILSVRC2012_val_00027418_rank197,544,544,0.71237,0
ILSVRC2012_val_00008469_with_ILSVRC2012_val_00002496_rank212,121,121,0.84462,0
ILSVRC2012_val_00008469_with_ILSVRC2012_val_00006369_rank326,922,386,0.11607,604
ILSVRC2012_val_00008469_with_ILSVRC2012_val_00012604_rank811,250,250,0.45014,0
ILSVRC2012_val_00008469_with_ILSVRC2012_val_00011341_rank939,855,898,0.56437,191
ILSVRC2012_val_00008469_with_ILSVRC2012_val_00019455_rank556,635,635,0.29775,0
ILSVRC2012_val_00008469_with_ILSVRC2012_val_00038170_rank597,309,977,0.20375,859
ILSVRC2012_val_00008469_with_ILSVRC2012_val_00002811_rank348,105,105,0.79472,0
ILSVRC2012_val_00008469_with_ILSVRC2012_val_00046309_rank840,716,716,0.80239,0
ILSVRC2012_val_00008469_with_ILSVRC2012_val_00046961_rank760,900,900,0.83234,0
ILSVRC2012_val_00008469_with_ILSVRC2012_val_00045693_rank415,771,771,0.86631,0
ILSVRC2012_val_00008469_with_ILSVRC2012_val_00012364_rank442,199,199,0.82186,0
ILSVRC2012_val_00008469_with_ILSVRC2012_val_00026894_rank161,311,311,0.63401,0
ILSVRC2012_val_00008469_with_ILSVRC2012_val_00005754_rank840,716,912,0.48164,1
ILSVRC2012_val_00008469_with_ILSVRC2012_val_00041050_rank023,343,343,0.71718,0
ILSVRC2012_val_00008469_with_ILSVRC2012_val_00005745_rank190,992,992,0.79261,0
ILSVRC2012_val_00008469_with_ILSVRC2012_val_00001979_rank004,344,344,0.8316,0
ILSVRC2012_val_00008469_with_ILSVRC2012_val_00044257_rank559,695,695,0.56577,0
ILSVRC2012_val_00008469_with_ILSVRC2012_val_00002470_rank839,653,653,0.57633,0
ILSVRC2012_val_00008469_with_ILSVRC2012_val_00008435_rank800,162,162,0.59816,0
ILSVRC2012_val_00008469_with_ILSVRC2012_val_00025446_rank385,994,994,0.77298,0
ILSVRC2012_val_00008469_with_ILSVRC2012_val_00012235_rank458,167,166,0.5179,1
ILSVRC2012_val_00008469_with_ILSVRC2012_val_00023586_rank912,792,730,0.13529,8
ILSVRC2012_val_00008469_with_ILSVRC2012_val_00033923_rank365,734,609,0.56189,7
ILSVRC2012_val_00008469_with_ILSVRC2012_val_00009486_rank902,398,398,0.81765,0
ILSVRC2012_val_00008469_with_ILSVRC2012_val_00025116_rank074,353,352,0.49995,1
ILSVRC2012_val_00008469_with_ILSVRC2012_val_00046888_rank946,742,595,0.28416,175
ILSVRC2012_val_00008469_with_ILSVRC2012_val_00046921_rank965,420,420,0.44028,0
ILSVRC2012_val_00008469_with_ILSVRC2012_val_00025928_rank496,94,94,0.25826,0
ILSVRC2012_val_00008469_with_ILSVRC2012_val_00035057_rank559,695,695,0.73388,0
ILSVRC2012_val_00008469_with_ILSVRC2012_val_00014691_rank376,914,484,0.80838,3
ILSVRC2012_val_00008469_with_ILSVRC2012_val_00003497_rank664,789,958,0.41697,715
ILSVRC2012_val_00008469_with_ILSVRC2012_val_00007379_rank143,270,270,0.87093,0
ILSVRC2012_val_00008469_with_ILSVRC2012_val_00018130_rank215,991,991,0.50211,0
ILSVRC2012_val_00008469_with_ILSVRC2012_val_00029768_rank923,584,701,0.16898,372
ILSVRC2012_val_00008469_with_ILSVRC2012_val_00017910_rank374,322,322,0.78833,0
ILSVRC2012_val_00008469_with_ILSVRC2012_val_00001188_rank508,611,958,0.79013,709
ILSVRC2012_val_00008469_with_ILSVRC2012_val_00025869_rank255,218,218,0.72489,0
ILSVRC2012_val_00008469_with_ILSVRC2012_val_00006432_rank557,721,721,0.8105,0
ILSVRC2012_val_00008469_with_ILSVRC2012_val_00039222_rank148,278,277,0.6581,1
ILSVRC2012_val_00008469_with_ILSVRC2012_val_00025066_rank438,220,207,0.58642,13
ILSVRC2012_val_00008469_with_ILSVRC2012_val_00000688_rank011,62,62,0.55592,0
ILSVRC2012_val_00008469_with_ILSVRC2012_val_00017048_rank203,149,728,0.5623,356
ILSVRC2012_val_00008469_with_ILSVRC2012_val_00031679_rank671,185,185,0.78788,0
ILSVRC2012_val_00008469_with_ILSVRC2012_val_00010290_rank568,195,195,0.72698,0
ILSVRC2012_val_00008469_with_ILSVRC2012_val_00019589_rank100,280,280,0.45774,0
ILSVRC2012_val_00008469_with_ILSVRC2012_val_00044317_rank179,93,93,0.79215,0
ILSVRC2012_val_00008469_with_ILSVRC2012_val_00023652_rank269,349,348,0.4697,1
ILSVRC2012_val_00008469_with_ILSVRC2012_val_00038412_rank349,927,927,0.80132,0
ILSVRC2012_val_00008469_with_ILSVRC2012_val_00008826_rank280,308,308,0.34428,0
ILSVRC2012_val_00008469_with_ILSVRC2012_val_00003912_rank241,858,858,0.74941,0
ILSVRC2012_val_00008469_with_ILSVRC2012_val_00002922_rank154,3,2,0.29642,1
ILSVRC2012_val_00008469_with_ILSVRC2012_val_00022942_rank712,75,75,0.49693,0
ILSVRC2012_val_00008469_with_ILSVRC2012_val_00002765_rank955,636,787,0.3811,179
ILSVRC2012_val_00008469_with_ILSVRC2012_val_00022297_rank736,920,879,0.27188,281
ILSVRC2012_val_00008469_with_ILSVRC2012_val_00010804_rank981,650,650,0.68344,0
ILSVRC2012_val_00008469_with_ILSVRC2012_val_00001244_rank346,155,155,0.89053,0
ILSVRC2012_val_00008469_with_ILSVRC2012_val_00004990_rank020,386,386,0.81869,0
ILSVRC2012_val_00008469_with_ILSVRC2012_val_00048771_rank269,349,386,0.29518,16
ILSVRC2012_val_00008469_with_ILSVRC2012_val_00038265_rank002,50,50,0.74014,0
ILSVRC2012_val_00008469_with_ILSVRC2012_val_00020715_rank668,776,595,0.17813,264
ILSVRC2012_val_00008469_with_ILSVRC2012_val_00022076_rank220,14,14,0.69287,0
ILSVRC2012_val_00008469_with_ILSVRC2012_val_00020431_rank614,709,977,0.25371,578
ILSVRC2012_val_00008469_with_ILSVRC2012_val_00023033_rank047,298,298,0.72036,0
ILSVRC2012_val_00008469_with_ILSVRC2012_val_00029942_rank433,774,774,0.20729,0
ILSVRC2012_val_00008469_with_ILSVRC2012_val_00039001_rank758,806,806,0.37199,0
ILSVRC2012_val_00008469_with_ILSVRC2012_val_00000493_rank771,529,463,0.16544,65
ILSVRC2012_val_00008469_with_ILSVRC2012_val_00001311_rank592,444,444,0.81262,0
ILSVRC2012_val_00008469_with_ILSVRC2012_val_00017116_rank923,584,701,0.69323,372
ILSVRC2012_val_00008469_with_ILSVRC2012_val_00000168_rank509,666,659,0.43283,3
ILSVRC2012_val_00008469_with_ILSVRC2012_val_00019921_rank693,488,488,0.74648,0
ILSVRC2012_val_00008469_with_ILSVRC2012_val_00008164_rank236,973,972,0.16895,30
ILSVRC2012_val_00008469_with_ILSVRC2012_val_00042833_rank490,192,192,0.43041,0
ILSVRC2012_val_00008469_with_ILSVRC2012_val_00027204_rank046,363,363,0.82434,0
ILSVRC2012_val_00008469_with_ILSVRC2012_val_00046524_rank147,7,7,0.60582,0
ILSVRC2012_val_00008469_with_ILSVRC2012_val_00008692_rank265,109,109,0.48159,0
ILSVRC2012_val_00008469_with_ILSVRC2012_val_00005740_rank202,510,510,0.81436,0
ILSVRC2012_val_00008469_with_ILSVRC2012_val_00006355_rank232,483,483,0.69843,0
ILSVRC2012_val_00008469_with_ILSVRC2012_val_00014931_rank091,106,344,0.13716,19
ILSVRC2012_val_00008469_with_ILSVRC2012_val_00006336_rank256,222,222,0.75276,0
ILSVRC2012_val_00008469_with_ILSVRC2012_val_00014630_rank997,333,333,0.74307,0
ILSVRC2012_val_00008469_with_ILSVRC2012_val_00019386_rank538,835,835,0.81844,0
ILSVRC2012_val_00008469_with_ILSVRC2012_val_00013522_rank628,748,958,0.3998,538
ILSVRC2012_val_00008469_with_ILSVRC2012_val_00004775_rank378,539,539,0.28331,0
ILSVRC2012_val_00008469_with_ILSVRC2012_val_00044875_rank499,164,164,0.78225,0
ILSVRC2012_val_00008469_with_ILSVRC2012_val_00014017_rank637,951,950,0.50784,1
ILSVRC2012_val_00008469_with_ILSVRC2012_val_00026483_rank892,558,472,0.67912,134
ILSVRC2012_val_00008469_with_ILSVRC2012_val_00038979_rank786,891,891,0.81623,0
ILSVRC2012_val_00008469_with_ILSVRC2012_val_00002528_rank578,672,672,0.79433,0
ILSVRC2012_val_00008469_with_ILSVRC2012_val_00026577_rank381,468,609,0.61414,32
ILSVRC2012_val_00008469_with_ILSVRC2012_val_00016850_rank785,728,412,0.24123,3
ILSVRC2012_val_00008469_with_ILSVRC2012_val_00011589_rank319,324,324,0.79036,0
ILSVRC2012_val_00008469_with_ILSVRC2012_val_00025423_rank435,204,204,0.67404,0
ILSVRC2012_val_00008469_with_ILSVRC2012_val_00012729_rank840,716,716,0.77914,0
ILSVRC2012_val_00008469_with_ILSVRC2012_val_00003200_rank202,510,510,0.84229,0
ILSVRC2012_val_00008469_with_ILSVRC2012_val_00005825_rank064,61,61,0.77857,0
ILSVRC2012_val_00008469_with_ILSVRC2012_val_00026789_rank756,740,958,0.18879,935
ILSVRC2012_val_00008469_with_ILSVRC2012_val_00035749_rank458,167,166,0.64721,1
ILSVRC2012_val_00008469_with_ILSVRC2012_val_00019428_rank636,757,757,0.72793,0
ILSVRC2012_val_00008469_with_ILSVRC2012_val_00041633_rank139,357,357,0.62115,0
ILSVRC2012_val_00008469_with_ILSVRC2012_val_00021947_rank552,405,405,0.86744,0
ILSVRC2012_val_00008469_with_ILSVRC2012_val_00035415_rank339,397,397,0.7707,0
ILSVRC2012_val_00008469_with_ILSVRC2012_val_00015749_rank311,122,122,0.83802,0
ILSVRC2012_val_00008469_with_ILSVRC2012_val_00044202_rank490,192,192,0.81736,0
ILSVRC2012_val_00008469_with_ILSVRC2012_val_00015639_rank865,456,456,0.21473,0
ILSVRC2012_val_00008469_with_ILSVRC2012_val_00001726_rank707,968,504,0.40782,1
ILSVRC2012_val_00008469_with_ILSVRC2012_val_00033336_rank401,959,958,0.81945,193
ILSVRC2012_val_00008469_with_ILSVRC2012_val_00031736_rank738,881,881,0.7507,0
ILSVRC2012_val_00008469_with_ILSVRC2012_val_00018542_rank566,512,512,0.74974,0
ILSVRC2012_val_00008469_with_ILSVRC2012_val_00041385_rank712,75,75,0.52274,0
ILSVRC2012_val_00008469_with_ILSVRC2012_val_00023113_rank774,265,276,0.42391,252
ILSVRC2012_val_00008469_with_ILSVRC2012_val_00010941_rank100,280,280,0.86425,0
ILSVRC2012_val_00008469_with_ILSVRC2012_val_00000453_rank822,767,958,0.65925,492
ILSVRC2012_val_00008469_with_ILSVRC2012_val_00031361_rank227,282,282,0.55621,0
ILSVRC2012_val_00008469_with_ILSVRC2012_val_00013279_rank593,261,261,0.80874,0
ILSVRC2012_val_00008469_with_ILSVRC2012_val_00024216_rank261,173,173,0.74735,0
ILSVRC2012_val_00008469_with_ILSVRC2012_val_00004793_rank918,355,355,0.80842,0
ILSVRC2012_val_00008469_with_ILSVRC2012_val_00014250_rank029,275,275,0.78324,0
ILSVRC2012_val_00008469_with_ILSVRC2012_val_00018994_rank046,363,363,0.77293,0
ILSVRC2012_val_00008469_with_ILSVRC2012_val_00033242_rank116,65,65,0.56862,0
ILSVRC2012_val_00008469_with_ILSVRC2012_val_00047292_rank348,105,347,0.78155,110
ILSVRC2012_val_00008469_with_ILSVRC2012_val_00028012_rank837,845,463,0.19992,417
ILSVRC2012_val_00008469_with_ILSVRC2012_val_00045689_rank667,517,595,0.23039,4
ILSVRC2012_val_00008469_with_ILSVRC2012_val_00006711_rank068,134,134,0.79408,0
ILSVRC2012_val_00008469_with_ILSVRC2012_val_00039285_rank538,835,833,0.27281,154
ILSVRC2012_val_00008469_with_ILSVRC2012_val_00013905_rank487,791,791,0.34942,0
ILSVRC2012_val_00008469_with_ILSVRC2012_val_00026553_rank904,812,895,0.62223,4
ILSVRC2012_val_00008469_with_ILSVRC2012_val_00046187_rank686,760,412,0.26498,44
ILSVRC2012_val_00008469_with_ILSVRC2012_val_00010746_rank885,655,405,0.31831,523
ILSVRC2012_val_00008469_with_ILSVRC2012_val_00031237_rank835,310,100,0.10435,543
ILSVRC2012_val_00008469_with_ILSVRC2012_val_00010456_rank409,13,13,0.83157,0
ILSVRC2012_val_00008469_with_ILSVRC2012_val_00017658_rank810,735,735,0.65015,0
ILSVRC2012_val_00008469_with_ILSVRC2012_val_00031693_rank239,175,175,0.73,0
ILSVRC2012_val_00008469_with_ILSVRC2012_val_00007879_rank262,547,595,0.34155,22
ILSVRC2012_val_00008469_with_ILSVRC2012_val_00005236_rank119,977,134,0.29519,424
ILSVRC2012_val_00008469_with_ILSVRC2012_val_00042645_rank785,728,703,0.73463,139
ILSVRC2012_val_00008469_with_ILSVRC2012_val_00000940_rank044,103,471,0.30555,684
ILSVRC2012_val_00008469_with_ILSVRC2012_val_00005836_rank067,120,120,0.40422,0
ILSVRC2012_val_00008469_with_ILSVRC2012_val_00004772_rank338,328,328,0.92389,0
ILSVRC2012_val_00008469_with_ILSVRC2012_val_00045967_rank607,553,553,0.80527,0
ILSVRC2012_val_00008469_with_ILSVRC2012_val_00042640_rank634,685,685,0.28483,0
ILSVRC2012_val_00008469_with_ILSVRC2012_val_00027045_rank998,696,696,0.09838,0
ILSVRC2012_val_00008469_with_ILSVRC2012_val_00001482_rank011,62,49,0.25074,17
ILSVRC2012_val_00008469_with_ILSVRC2012_val_00015936_rank558,917,958,0.17365,876
ILSVRC2012_val_00008469_with_ILSVRC2012_val_00035561_rank115,372,366,0.23786,6
ILSVRC2012_val_00008469_with_ILSVRC2012_val_00026833_rank758,806,879,0.8625,193
ILSVRC2012_val_00008469_with_ILSVRC2012_val_00041313_rank617,807,807,0.84752,0
ILSVRC2012_val_00008469_with_ILSVRC2012_val_00047064_rank847,869,399,0.77399,6
ILSVRC2012_val_00008469_with_ILSVRC2012_val_00014737_rank971,811,654,0.07731,398
ILSVRC2012_val_00008469_with_ILSVRC2012_val_00003507_rank685,782,681,0.26389,9
ILSVRC2012_val_00008469_with_ILSVRC2012_val_00013770_rank853,826,778,0.37526,18
ILSVRC2012_val_00008469_with_ILSVRC2012_val_00008438_rank928,439,463,0.19575,140
ILSVRC2012_val_00008469_with_ILSVRC2012_val_00026142_rank431,981,981,0.49453,0
ILSVRC2012_val_00008469_with_ILSVRC2012_val_00006385_rank085,351,351,0.8016,0
ILSVRC2012_val_00008469_with_ILSVRC2012_val_00013467_rank744,235,235,0.75277,0
ILSVRC2012_val_00008469_with_ILSVRC2012_val_00035319_rank799,219,208,0.36035,23
ILSVRC2012_val_00008469_with_ILSVRC2012_val_00032445_rank662,196,196,0.56895,0
ILSVRC2012_val_00008469_with_ILSVRC2012_val_00043589_rank953,447,447,0.87109,0
ILSVRC2012_val_00008469_with_ILSVRC2012_val_00032967_rank225,671,671,0.86669,0
ILSVRC2012_val_00008469_with_ILSVRC2012_val_00049062_rank455,404,908,0.73281,1
ILSVRC2012_val_00008469_with_ILSVRC2012_val_00037885_rank757,259,259,0.77435,0
ILSVRC2012_val_00008469_with_ILSVRC2012_val_00002842_rank961,577,958,0.56388,407
ILSVRC2012_val_00008469_with_ILSVRC2012_val_00013259_rank993,570,570,0.43707,0
ILSVRC2012_val_00008469_with_ILSVRC2012_val_00047398_rank686,760,408,0.2702,958
ILSVRC2012_val_00008469_with_ILSVRC2012_val_00018693_rank875,969,572,0.52277,24
ILSVRC2012_val_00008469_with_ILSVRC2012_val_00042424_rank808,678,914,0.11963,733
ILSVRC2012_val_00008469_with_ILSVRC2012_val_00022704_rank761,618,435,0.14979,101
ILSVRC2012_val_00008469_with_ILSVRC2012_val_00028566_rank336,736,736,0.80156,0
ILSVRC2012_val_00008469_with_ILSVRC2012_val_00038524_rank903,507,17,0.09979,236
ILSVRC2012_val_00008469_with_ILSVRC2012_val_00018368_rank398,435,899,0.3527,87
ILSVRC2012_val_00008469_with_ILSVRC2012_val_00000240_rank925,702,958,0.25816,734
ILSVRC2012_val_00008469_with_ILSVRC2012_val_00028967_rank378,539,919,0.28337,26
ILSVRC2012_val_00008469_with_ILSVRC2012_val_00011103_rank773,531,609,0.23599,377
ILSVRC2012_val_00008469_with_ILSVRC2012_val_00041671_rank373,764,958,0.38591,357
ILSVRC2012_val_00008469_with_ILSVRC2012_val_00034492_rank072,92,95,0.69218,1
ILSVRC2012_val_00008469_with_ILSVRC2012_val_00042834_rank113,271,269,0.50352,1
ILSVRC2012_val_00008469_with_ILSVRC2012_val_00033658_rank166,71,71,0.85972,0
ILSVRC2012_val_00008469_with_ILSVRC2012_val_00006251_rank407,5,5,0.43462,0
ILSVRC2012_val_00008469_with_ILSVRC2012_val_00017486_rank227,282,104,0.26791,33
ILSVRC2012_val_00008469_with_ILSVRC2012_val_00018872_rank095,269,269,0.82916,0
ILSVRC2012_val_00008469_with_ILSVRC2012_val_00024887_rank922,157,157,0.74807,0
ILSVRC2012_val_00008469_with_ILSVRC2012_val_00028050_rank334,205,206,0.81809,2
ILSVRC2012_val_00008469_with_ILSVRC2012_val_00044651_rank974,723,723,0.83372,0
ILSVRC2012_val_00008469_with_ILSVRC2012_val_00011581_rank718,574,958,0.22244,42
ILSVRC2012_val_00008469_with_ILSVRC2012_val_00016838_rank610,713,742,0.2276,1
ILSVRC2012_val_00008469_with_ILSVRC2012_val_00015032_rank535,550,469,0.20406,573
ILSVRC2012_val_00008469_with_ILSVRC2012_val_00001170_rank839,653,653,0.82641,0
ILSVRC2012_val_00008469_with_ILSVRC2012_val_00004073_rank922,157,157,0.85811,0
ILSVRC2012_val_00008469_with_ILSVRC2012_val_00019291_rank743,629,629,0.75507,0
ILSVRC2012_val_00008469_with_ILSVRC2012_val_00021351_rank337,99,99,0.52595,0
ILSVRC2012_val_00008469_with_ILSVRC2012_val_00015450_rank068,134,134,0.77152,0
ILSVRC2012_val_00008469_with_ILSVRC2012_val_00004407_rank230,172,172,0.82623,0
ILSVRC2012_val_00008469_with_ILSVRC2012_val_00048260_rank870,699,699,0.68881,0
ILSVRC2012_val_00008469_with_ILSVRC2012_val_00025903_rank475,251,251,0.74986,0
ILSVRC2012_val_00008469_with_ILSVRC2012_val_00010695_rank795,823,610,0.3704,137
ILSVRC2012_val_00008469_with_ILSVRC2012_val_00002555_rank468,768,768,0.39757,0
ILSVRC2012_val_00008469_with_ILSVRC2012_val_00044999_rank037,352,353,0.22502,1
ILSVRC2012_val_00008469_with_ILSVRC2012_val_00029683_rank148,278,278,0.16959,0
ILSVRC2012_val_00008469_with_ILSVRC2012_val_00032464_rank231,170,170,0.80548,0
ILSVRC2012_val_00008469_with_ILSVRC2012_val_00018402_rank892,558,856,0.17495,997
ILSVRC2012_val_00008469_with_ILSVRC2012_val_00045487_rank420,193,193,0.65228,0
ILSVRC2012_val_00008469_with_ILSVRC2012_val_00022800_rank728,896,896,0.16796,0
ILSVRC2012_val_00008469_with_ILSVRC2012_val_00022749_rank213,393,1,0.6342,5
ILSVRC2012_val_00008469_with_ILSVRC2012_val_00008341_rank851,563,694,0.40606,551
ILSVRC2012_val_00008469_with_ILSVRC2012_val_00008797_rank980,542,463,0.61756,155
ILSVRC2012_val_00008469_with_ILSVRC2012_val_00040987_rank812,146,146,0.39633,0
ILSVRC2012_val_00008469_with_ILSVRC2012_val_00040836_rank221,197,197,0.86828,0
ILSVRC2012_val_00008469_with_ILSVRC2012_val_00001621_rank789,861,895,0.19998,819
ILSVRC2012_val_00008469_with_ILSVRC2012_val_00020239_rank120,83,83,0.87561,0
ILSVRC2012_val_00008469_with_ILSVRC2012_val_00026031_rank562,652,847,0.45492,3
ILSVRC2012_val_00008469_with_ILSVRC2012_val_00008778_rank324,750,672,0.14686,107
ILSVRC2012_val_00008469_with_ILSVRC2012_val_00048818_rank454,244,244,0.55364,0
ILSVRC2012_val_00008469_with_ILSVRC2012_val_00015125_rank436,925,925,0.4437,0
ILSVRC2012_val_00008469_with_ILSVRC2012_val_00008685_rank190,992,992,0.75174,0
ILSVRC2012_val_00008469_with_ILSVRC2012_val_00022606_rank227,282,263,0.35648,19
ILSVRC2012_val_00008469_with_ILSVRC2012_val_00028107_rank249,8,345,0.17333,147
ILSVRC2012_val_00008469_with_ILSVRC2012_val_00018557_rank542,915,915,0.83132,0
ILSVRC2012_val_00008469_with_ILSVRC2012_val_00034564_rank766,903,903,0.77235,0
ILSVRC2012_val_00008469_with_ILSVRC2012_val_00039969_rank454,244,244,0.81253,0
ILSVRC2012_val_00008469_with_ILSVRC2012_val_00041031_rank788,237,237,0.68203,0
ILSVRC2012_val_00008469_with_ILSVRC2012_val_00031972_rank634,685,685,0.75329,0
ILSVRC2012_val_00008469_with_ILSVRC2012_val_00027579_rank405,230,230,0.74839,0
ILSVRC2012_val_00008469_with_ILSVRC2012_val_00013479_rank486,248,269,0.724,6
ILSVRC2012_val_00008469_with_ILSVRC2012_val_00000356_rank036,130,127,0.24646,6
ILSVRC2012_val_00008469_with_ILSVRC2012_val_00038884_rank320,198,198,0.80103,0
ILSVRC2012_val_00008469_with_ILSVRC2012_val_00002003_rank061,131,131,0.77173,0
ILSVRC2012_val_00008469_with_ILSVRC2012_val_00016601_rank761,618,618,0.187,0
ILSVRC2012_val_00008469_with_ILSVRC2012_val_00015022_rank080,305,305,0.86388,0
ILSVRC2012_val_00008469_with_ILSVRC2012_val_00015884_rank966,478,478,0.70489,0
ILSVRC2012_val_00008469_with_ILSVRC2012_val_00026811_rank042,100,24,0.04575,39
ILSVRC2012_val_00008469_with_ILSVRC2012_val_00041621_rank120,83,83,0.80956,0
ILSVRC2012_val_00008469_with_ILSVRC2012_val_00011274_rank975,432,432,0.57395,0
ILSVRC2012_val_00008469_with_ILSVRC2012_val_00023474_rank278,436,609,0.60304,8
ILSVRC2012_val_00008469_with_ILSVRC2012_val_00005020_rank060,337,337,0.83217,0
ILSVRC2012_val_00008469_with_ILSVRC2012_val_00014725_rank559,695,695,0.79038,0
ILSVRC2012_val_00008469_with_ILSVRC2012_val_00019467_rank080,305,305,0.76253,0
ILSVRC2012_val_00008469_with_ILSVRC2012_val_00015534_rank517,697,697,0.70828,0
ILSVRC2012_val_00008469_with_ILSVRC2012_val_00039455_rank144,59,472,0.13286,401
ILSVRC2012_val_00008469_with_ILSVRC2012_val_00036356_rank191,21,146,0.35732,5
ILSVRC2012_val_00008469_with_ILSVRC2012_val_00002484_rank891,263,263,0.78143,0
ILSVRC2012_val_00008469_with_ILSVRC2012_val_00035285_rank899,746,958,0.40198,820
ILSVRC2012_val_00008469_with_ILSVRC2012_val_00036802_rank013,45,45,0.71654,0
ILSVRC2012_val_00008469_with_ILSVRC2012_val_00005973_rank437,540,540,0.50389,0
ILSVRC2012_val_00008469_with_ILSVRC2012_val_00043178_rank427,946,946,0.5731,0
ILSVRC2012_val_00008469_with_ILSVRC2012_val_00002008_rank437,540,540,0.76447,0
ILSVRC2012_val_00008469_with_ILSVRC2012_val_00002683_rank893,999,999,0.23819,0
ILSVRC2012_val_00008469_with_ILSVRC2012_val_00023924_rank100,280,280,0.8397,0
ILSVRC2012_val_00008469_with_ILSVRC2012_val_00019634_rank914,600,346,0.20812,439
ILSVRC2012_val_00008469_with_ILSVRC2012_val_00000746_rank353,586,586,0.86921,0
ILSVRC2012_val_00008469_with_ILSVRC2012_val_00029987_rank898,601,649,0.4012,761
ILSVRC2012_val_00008469_with_ILSVRC2012_val_00033732_rank874,892,958,0.62703,407
ILSVRC2012_val_00008469_with_ILSVRC2012_val_00009349_rank450,380,347,0.55595,71
ILSVRC2012_val_00008469_with_ILSVRC2012_val_00000229_rank010,35,649,0.38941,140
ILSVRC2012_val_00008469_with_ILSVRC2012_val_00021340_rank871,434,346,0.32107,780
ILSVRC2012_val_00008469_with_ILSVRC2012_val_00017505_rank105,31,31,0.6724,0
ILSVRC2012_val_00008469_with_ILSVRC2012_val_00049527_rank802,809,471,0.27765,765
ILSVRC2012_val_00008469_with_ILSVRC2012_val_00022330_rank069,273,273,0.46098,0
ILSVRC2012_val_00008469_with_ILSVRC2012_val_00013556_rank960,813,595,0.32121,998
ILSVRC2012_val_00008469_with_ILSVRC2012_val_00016420_rank889,224,224,0.80075,0
ILSVRC2012_val_00008469_with_ILSVRC2012_val_00013014_rank510,871,871,0.78056,0
ILSVRC2012_val_00008469_with_ILSVRC2012_val_00006281_rank683,431,529,0.34842,3
ILSVRC2012_val_00008469_with_ILSVRC2012_val_00026871_rank837,845,898,0.18243,33
ILSVRC2012_val_00008469_with_ILSVRC2012_val_00033321_rank794,880,134,0.16947,449
ILSVRC2012_val_00008469_with_ILSVRC2012_val_00004041_rank457,933,933,0.58008,0
ILSVRC2012_val_00008469_with_ILSVRC2012_val_00045137_rank551,899,725,0.3637,1
ILSVRC2012_val_00008469_with_ILSVRC2012_val_00021185_rank938,816,958,0.38491,209
ILSVRC2012_val_00008469_with_ILSVRC2012_val_00025791_rank401,959,958,0.22107,193
ILSVRC2012_val_00008469_with_ILSVRC2012_val_00035466_rank620,754,759,0.31785,29
ILSVRC2012_val_00008469_with_ILSVRC2012_val_00008530_rank440,878,878,0.33219,0
ILSVRC2012_val_00008469_with_ILSVRC2012_val_00026433_rank802,809,530,0.32277,378
ILSVRC2012_val_00008469_with_ILSVRC2012_val_00022654_rank877,656,656,0.46937,0
ILSVRC2012_val_00008469_with_ILSVRC2012_val_00002658_rank070,139,139,0.83128,0
ILSVRC2012_val_00008469_with_ILSVRC2012_val_00001752_rank246,320,701,0.82774,144
ILSVRC2012_val_00008469_with_ILSVRC2012_val_00037911_rank509,666,666,0.24279,0
ILSVRC2012_val_00008469_with_ILSVRC2012_val_00010586_rank011,62,62,0.65664,0
ILSVRC2012_val_00008469_with_ILSVRC2012_val_00002040_rank957,502,502,0.54549,0
ILSVRC2012_val_00008469_with_ILSVRC2012_val_00005611_rank660,669,672,0.38645,6
ILSVRC2012_val_00008469_with_ILSVRC2012_val_00025743_rank734,803,609,0.37073,17
ILSVRC2012_val_00008469_with_ILSVRC2012_val_00006603_rank428,16,16,0.49668,0
ILSVRC2012_val_00008469_with_ILSVRC2012_val_00005600_rank808,678,344,0.12138,812
ILSVRC2012_val_00008469_with_ILSVRC2012_val_00031306_rank414,266,265,0.48596,1
ILSVRC2012_val_00008469_with_ILSVRC2012_val_00040958_rank310,108,397,0.3401,28
ILSVRC2012_val_00008469_with_ILSVRC2012_val_00009873_rank862,701,701,0.88833,0
ILSVRC2012_val_00008469_with_ILSVRC2012_val_00035609_rank622,176,176,0.80697,0
ILSVRC2012_val_00008469_with_ILSVRC2012_val_00020674_rank704,491,491,0.72353,0
ILSVRC2012_val_00008469_with_ILSVRC2012_val_00028010_rank690,247,247,0.62989,0
ILSVRC2012_val_00008469_with_ILSVRC2012_val_00005325_rank357,971,807,0.20052,139
ILSVRC2012_val_00008469_with_ILSVRC2012_val_00026895_rank710,673,595,0.78971,716
ILSVRC2012_val_00008469_with_ILSVRC2012_val_00016358_rank551,899,899,0.59607,0
ILSVRC2012_val_00008469_with_ILSVRC2012_val_00029887_rank355,963,963,0.7792,0
ILSVRC2012_val_00008469_with_ILSVRC2012_val_00012489_rank376,914,914,0.78914,0
ILSVRC2012_val_00008469_with_ILSVRC2012_val_00040903_rank017,20,20,0.73274,0
ILSVRC2012_val_00008469_with_ILSVRC2012_val_00047409_rank506,854,449,0.2748,158
ILSVRC2012_val_00008469_with_ILSVRC2012_val_00021548_rank596,720,417,0.20206,188
ILSVRC2012_val_00008469_with_ILSVRC2012_val_00012306_rank784,738,738,0.736,0
ILSVRC2012_val_00008469_with_ILSVRC2012_val_00023568_rank792,561,561,0.3278,0
ILSVRC2012_val_00008469_with_ILSVRC2012_val_00025677_rank757,259,259,0.35773,0
ILSVRC2012_val_00008469_with_ILSVRC2012_val_00012650_rank453,759,759,0.4113,0
ILSVRC2012_val_00008469_with_ILSVRC2012_val_00013579_rank300,955,955,0.45221,0
ILSVRC2012_val_00008469_with_ILSVRC2012_val_00021301_rank381,468,468,0.34577,0
ILSVRC2012_val_00008469_with_ILSVRC2012_val_00045886_rank792,561,561,0.8206,0
ILSVRC2012_val_00008469_with_ILSVRC2012_val_00012703_rank632,864,864,0.82479,0
ILSVRC2012_val_00008469_with_ILSVRC2012_val_00039635_rank972,708,525,0.12287,532
ILSVRC2012_val_00008469_with_ILSVRC2012_val_00014144_rank998,696,913,0.33613,150
ILSVRC2012_val_00008469_with_ILSVRC2012_val_00023364_rank479,965,965,0.77517,0
ILSVRC2012_val_00008469_with_ILSVRC2012_val_00005609_rank958,849,899,0.60354,5
ILSVRC2012_val_00008469_with_ILSVRC2012_val_00032625_rank518,802,595,0.2278,19
ILSVRC2012_val_00008469_with_ILSVRC2012_val_00011514_rank549,670,670,0.65923,0
ILSVRC2012_val_00008469_with_ILSVRC2012_val_00022744_rank554,356,356,0.74655,0
ILSVRC2012_val_00008469_with_ILSVRC2012_val_00046655_rank122,383,383,0.77969,0
ILSVRC2012_val_00008469_with_ILSVRC2012_val_00048299_rank035,68,66,0.23735,1
ILSVRC2012_val_00008469_with_ILSVRC2012_val_00043654_rank547,710,595,0.39832,428
ILSVRC2012_val_00008469_with_ILSVRC2012_val_00017568_rank528,156,156,0.77395,0
ILSVRC2012_val_00008469_with_ILSVRC2012_val_00013686_rank305,407,407,0.82037,0
ILSVRC2012_val_00008469_with_ILSVRC2012_val_00002973_rank215,991,991,0.10263,0
ILSVRC2012_val_00008469_with_ILSVRC2012_val_00049364_rank676,188,188,0.74954,0
ILSVRC2012_val_00008469_with_ILSVRC2012_val_00016507_rank360,70,70,0.61722,0
ILSVRC2012_val_00008469_with_ILSVRC2012_val_00025830_rank974,723,723,0.7082,0
ILSVRC2012_val_00008469_with_ILSVRC2012_val_00034012_rank796,836,472,0.24184,272
ILSVRC2012_val_00008469_with_ILSVRC2012_val_00041948_rank599,905,437,0.19998,114
ILSVRC2012_val_00008469_with_ILSVRC2012_val_00048676_rank325,303,303,0.81286,0
ILSVRC2012_val_00008469_with_ILSVRC2012_val_00011181_rank156,307,181,0.3031,799
ILSVRC2012_val_00008469_with_ILSVRC2012_val_00014963_rank639,212,212,0.75245,0
ILSVRC2012_val_00008469_with_ILSVRC2012_val_00005080_rank728,896,958,0.24295,635
ILSVRC2012_val_00008469_with_ILSVRC2012_val_00043934_rank268,993,344,0.72698,70
ILSVRC2012_val_00008469_with_ILSVRC2012_val_00028605_rank256,222,222,0.89121,0
ILSVRC2012_val_00008469_with_ILSVRC2012_val_00033375_rank829,929,929,0.78363,0
ILSVRC2012_val_00008469_with_ILSVRC2012_val_00038054_rank069,273,273,0.36687,0
ILSVRC2012_val_00008469_with_ILSVRC2012_val_00003065_rank610,713,713,0.68968,0
ILSVRC2012_val_00008469_with_ILSVRC2012_val_00025597_rank820,613,613,0.48001,0
ILSVRC2012_val_00008469_with_ILSVRC2012_val_00009001_rank270,625,625,0.82683,0
ILSVRC2012_val_00008469_with_ILSVRC2012_val_00019744_rank259,11,11,0.8529,0
ILSVRC2012_val_00008469_with_ILSVRC2012_val_00016614_rank355,963,963,0.32803,0
ILSVRC2012_val_00008469_with_ILSVRC2012_val_00027832_rank093,913,913,0.78788,0
ILSVRC2012_val_00008469_with_ILSVRC2012_val_00020071_rank121,825,825,0.76569,0
ILSVRC2012_val_00008469_with_ILSVRC2012_val_00006767_rank882,557,672,0.34188,48
ILSVRC2012_val_00008469_with_ILSVRC2012_val_00045371_rank606,440,440,0.76794,0
ILSVRC2012_val_00008469_with_ILSVRC2012_val_00031121_rank757,259,263,0.71079,11
ILSVRC2012_val_00008469_with_ILSVRC2012_val_00000091_rank143,270,270,0.64384,0
ILSVRC2012_val_00008469_with_ILSVRC2012_val_00003987_rank331,88,88,0.86445,0
ILSVRC2012_val_00008469_with_ILSVRC2012_val_00025294_rank589,785,744,0.14476,370
ILSVRC2012_val_00008469_with_ILSVRC2012_val_00004606_rank880,667,977,0.22774,571
ILSVRC2012_val_00008469_with_ILSVRC2012_val_00019293_rank108,389,389,0.52284,0
ILSVRC2012_val_00008469_with_ILSVRC2012_val_00006021_rank424,603,603,0.82113,0
ILSVRC2012_val_00008469_with_ILSVRC2012_val_00035098_rank110,24,24,0.75641,0
ILSVRC2012_val_00008469_with_ILSVRC2012_val_00038401_rank219,853,853,0.22238,0
ILSVRC2012_val_00008469_with_ILSVRC2012_val_00016602_rank866,661,661,0.75402,0
ILSVRC2012_val_00008469_with_ILSVRC2012_val_00044292_rank660,669,669,0.30773,0
ILSVRC2012_val_00008469_with_ILSVRC2012_val_00001386_rank554,356,294,0.1695,45
ILSVRC2012_val_00008469_with_ILSVRC2012_val_00010472_rank040,289,289,0.81505,0
ILSVRC2012_val_00008469_with_ILSVRC2012_val_00035882_rank797,534,534,0.74795,0
ILSVRC2012_val_00008469_with_ILSVRC2012_val_00048968_rank542,915,915,0.87116,0
ILSVRC2012_val_00008469_with_ILSVRC2012_val_00005884_rank150,390,390,0.76844,0
ILSVRC2012_val_00008469_with_ILSVRC2012_val_00048940_rank089,296,270,0.22462,2
ILSVRC2012_val_00008469_with_ILSVRC2012_val_00032884_rank923,584,879,0.82628,709
ILSVRC2012_val_00008469_with_ILSVRC2012_val_00034313_rank946,742,609,0.1988,490
ILSVRC2012_val_00008469_with_ILSVRC2012_val_00034823_rank320,198,198,0.65155,0
ILSVRC2012_val_00008469_with_ILSVRC2012_val_00042074_rank794,880,755,0.48519,138
ILSVRC2012_val_00008469_with_ILSVRC2012_val_00027135_rank854,568,649,0.27712,87
ILSVRC2012_val_00008469_with_ILSVRC2012_val_00034588_rank859,427,756,0.51331,1
ILSVRC2012_val_00008469_with_ILSVRC2012_val_00026088_rank983,684,684,0.83947,0
ILSVRC2012_val_00008469_with_ILSVRC2012_val_00044059_rank402,216,216,0.78317,0
ILSVRC2012_val_00008469_with_ILSVRC2012_val_00016700_rank022,34,34,0.75858,0
ILSVRC2012_val_00008469_with_ILSVRC2012_val_00044253_rank455,404,404,0.36996,0
ILSVRC2012_val_00008469_with_ILSVRC2012_val_00042319_rank561,209,209,0.76822,0
ILSVRC2012_val_00008469_with_ILSVRC2012_val_00006050_rank068,134,134,0.78852,0
ILSVRC2012_val_00008469_with_ILSVRC2012_val_00049986_rank441,430,958,0.27882,341
ILSVRC2012_val_00008469_with_ILSVRC2012_val_00042710_rank365,734,913,0.32602,812
ILSVRC2012_val_00008469_with_ILSVRC2012_val_00042290_rank532,463,463,0.57626,0
ILSVRC2012_val_00008469_with_ILSVRC2012_val_00020730_rank017,20,20,0.80326,0
ILSVRC2012_val_00008469_with_ILSVRC2012_val_00023515_rank244,184,184,0.80259,0
ILSVRC2012_val_00008469_with_ILSVRC2012_val_00039567_rank589,785,703,0.15575,143
ILSVRC2012_val_00008469_with_ILSVRC2012_val_00007419_rank113,271,355,0.3423,88
ILSVRC2012_val_00008469_with_ILSVRC2012_val_00001560_rank569,522,417,0.363,71
ILSVRC2012_val_00008469_with_ILSVRC2012_val_00038751_rank527,249,249,0.75343,0
ILSVRC2012_val_00008469_with_ILSVRC2012_val_00000275_rank722,761,761,0.72854,0
ILSVRC2012_val_00008469_with_ILSVRC2012_val_00039300_rank277,904,449,0.2517,50
ILSVRC2012_val_00008469_with_ILSVRC2012_val_00021176_rank475,251,251,0.62837,0
ILSVRC2012_val_00008469_with_ILSVRC2012_val_00007995_rank311,122,843,0.14315,928
ILSVRC2012_val_00008469_with_ILSVRC2012_val_00023119_rank335,361,361,0.83537,0
ILSVRC2012_val_00008469_with_ILSVRC2012_val_00010599_rank728,896,435,0.4459,1
ILSVRC2012_val_00008469_with_ILSVRC2012_val_00025699_rank953,447,653,0.41649,71
ILSVRC2012_val_00008469_with_ILSVRC2012_val_00042683_rank417,901,901,0.73408,0
ILSVRC2012_val_00008469_with_ILSVRC2012_val_00032017_rank639,212,212,0.73412,0
ILSVRC2012_val_00008469_with_ILSVRC2012_val_00042703_rank187,135,135,0.81457,0
ILSVRC2012_val_00008469_with_ILSVRC2012_val_00034901_rank996,117,117,0.75265,0
ILSVRC2012_val_00008469_with_ILSVRC2012_val_00026412_rank630,281,285,0.31063,2
ILSVRC2012_val_00008469_with_ILSVRC2012_val_00023446_rank547,710,735,0.34338,590
ILSVRC2012_val_00008469_with_ILSVRC2012_val_00022467_rank618,486,958,0.48427,123
ILSVRC2012_val_00008469_with_ILSVRC2012_val_00040334_rank123,82,82,0.58214,0
ILSVRC2012_val_00008469_with_ILSVRC2012_val_00032005_rank286,384,384,0.79997,0
ILSVRC2012_val_00008469_with_ILSVRC2012_val_00044551_rank399,423,958,0.21414,730
ILSVRC2012_val_00008469_with_ILSVRC2012_val_00005421_rank985,691,518,0.56075,18
ILSVRC2012_val_00008469_with_ILSVRC2012_val_00003753_rank178,123,730,0.66792,281
ILSVRC2012_val_00008469_with_ILSVRC2012_val_00029274_rank476,752,752,0.80635,0
ILSVRC2012_val_00008469_with_ILSVRC2012_val_00029793_rank604,870,870,0.51637,0
ILSVRC2012_val_00008469_with_ILSVRC2012_val_00028338_rank150,390,390,0.13435,0
ILSVRC2012_val_00008469_with_ILSVRC2012_val_00042718_rank379,947,947,0.23814,0
ILSVRC2012_val_00008469_with_ILSVRC2012_val_00030227_rank787,898,898,0.38785,0
ILSVRC2012_val_00008469_with_ILSVRC2012_val_00001569_rank168,839,839,0.71985,0
ILSVRC2012_val_00008469_with_ILSVRC2012_val_00017114_rank114,362,362,0.69531,0
ILSVRC2012_val_00008469_with_ILSVRC2012_val_00038647_rank001,49,50,0.79936,1
ILSVRC2012_val_00008469_with_ILSVRC2012_val_00027658_rank833,461,524,0.54954,1
ILSVRC2012_val_00008469_with_ILSVRC2012_val_00004784_rank043,394,730,0.13352,292
ILSVRC2012_val_00008469_with_ILSVRC2012_val_00047845_rank053,60,293,0.34888,499
ILSVRC2012_val_00008469_with_ILSVRC2012_val_00020326_rank118,144,144,0.72867,0
ILSVRC2012_val_00008469_with_ILSVRC2012_val_00048495_rank678,663,483,0.38298,3
ILSVRC2012_val_00008469_with_ILSVRC2012_val_00020438_rank952,151,219,0.55477,39
ILSVRC2012_val_00008469_with_ILSVRC2012_val_00039429_rank763,769,856,0.37887,853
ILSVRC2012_val_00008469_with_ILSVRC2012_val_00007612_rank468,768,768,0.14841,0
ILSVRC2012_val_00008469_with_ILSVRC2012_val_00028360_rank648,957,957,0.78526,0
ILSVRC2012_val_00008469_with_ILSVRC2012_val_00023314_rank883,470,896,0.17021,102
ILSVRC2012_val_00008469_with_ILSVRC2012_val_00005045_rank009,30,30,0.83157,0
ILSVRC2012_val_00008469_with_ILSVRC2012_val_00038015_rank093,913,913,0.43771,0
ILSVRC2012_val_00008469_with_ILSVRC2012_val_00029513_rank806,758,758,0.74691,0
ILSVRC2012_val_00008469_with_ILSVRC2012_val_00034377_rank953,447,447,0.74141,0
ILSVRC2012_val_00008469_with_ILSVRC2012_val_00045786_rank135,472,472,0.64884,0
ILSVRC2012_val_00008469_with_ILSVRC2012_val_00028029_rank242,930,930,0.3029,0
ILSVRC2012_val_00008469_with_ILSVRC2012_val_00004118_rank419,72,72,0.5325,0
ILSVRC2012_val_00008469_with_ILSVRC2012_val_00000212_rank832,889,486,0.26897,1
ILSVRC2012_val_00008469_with_ILSVRC2012_val_00015855_rank003,48,48,0.44496,0
ILSVRC2012_val_00008469_with_ILSVRC2012_val_00019564_rank094,69,958,0.8725,227
ILSVRC2012_val_00008469_with_ILSVRC2012_val_00013745_rank615,504,504,0.65058,0
ILSVRC2012_val_00008469_with_ILSVRC2012_val_00031599_rank243,215,215,0.8575,0
ILSVRC2012_val_00008469_with_ILSVRC2012_val_00009956_rank188,347,347,0.85657,0
ILSVRC2012_val_00008469_with_ILSVRC2012_val_00037954_rank949,604,604,0.74007,0
ILSVRC2012_val_00008469_with_ILSVRC2012_val_00003445_rank345,374,374,0.83866,0
ILSVRC2012_val_00008469_with_ILSVRC2012_val_00023857_rank620,754,754,0.22091,0
ILSVRC2012_val_00008469_with_ILSVRC2012_val_00004598_rank164,124,124,0.61242,0
ILSVRC2012_val_00008469_with_ILSVRC2012_val_00044605_rank737,163,163,0.63235,0
ILSVRC2012_val_00008469_with_ILSVRC2012_val_00031956_rank785,728,412,0.61363,3
ILSVRC2012_val_00008469_with_ILSVRC2012_val_00031593_rank268,993,993,0.87207,0
ILSVRC2012_val_00008469_with_ILSVRC2012_val_00042517_rank257,953,953,0.82193,0
ILSVRC2012_val_00008469_with_ILSVRC2012_val_00002170_rank016,141,143,0.26095,4
ILSVRC2012_val_00008469_with_ILSVRC2012_val_00001807_rank602,894,958,0.63743,359
ILSVRC2012_val_00008469_with_ILSVRC2012_val_00025435_rank155,28,28,0.78305,0
ILSVRC2012_val_00008469_with_ILSVRC2012_val_00031440_rank827,949,949,0.79728,0
ILSVRC2012_val_00008469_with_ILSVRC2012_val_00028283_rank512,110,110,0.80691,0
ILSVRC2012_val_00008469_with_ILSVRC2012_val_00023237_rank268,993,344,0.87269,70
ILSVRC2012_val_00008469_with_ILSVRC2012_val_00001175_rank869,644,703,0.226,702
ILSVRC2012_val_00008469_with_ILSVRC2012_val_00007367_rank320,198,233,0.73321,3
ILSVRC2012_val_00008469_with_ILSVRC2012_val_00015585_rank653,413,413,0.5763,0
ILSVRC2012_val_00008469_with_ILSVRC2012_val_00025339_rank116,65,383,0.13933,118
ILSVRC2012_val_00008469_with_ILSVRC2012_val_00022729_rank277,904,807,0.56127,7
ILSVRC2012_val_00008469_with_ILSVRC2012_val_00022882_rank663,194,200,0.36589,21
ILSVRC2012_val_00008469_with_ILSVRC2012_val_00002552_rank975,432,432,0.74032,0
ILSVRC2012_val_00008469_with_ILSVRC2012_val_00016359_rank436,925,925,0.6387,0
ILSVRC2012_val_00008469_with_ILSVRC2012_val_00040360_rank760,900,900,0.76106,0
ILSVRC2012_val_00008469_with_ILSVRC2012_val_00009719_rank918,355,355,0.45637,0
ILSVRC2012_val_00008469_with_ILSVRC2012_val_00047325_rank673,214,214,0.75473,0
ILSVRC2012_val_00008469_with_ILSVRC2012_val_00033364_rank855,571,571,0.76499,0
ILSVRC2012_val_00008469_with_ILSVRC2012_val_00032900_rank463,887,735,0.23632,13
ILSVRC2012_val_00008469_with_ILSVRC2012_val_00042136_rank446,773,773,0.58495,0
ILSVRC2012_val_00008469_with_ILSVRC2012_val_00011517_rank006,39,39,0.67946,0
ILSVRC2012_val_00008469_with_ILSVRC2012_val_00043798_rank038,43,913,0.22916,589
ILSVRC2012_val_00008469_with_ILSVRC2012_val_00005949_rank108,389,389,0.88707,0
ILSVRC2012_val_00008469_with_ILSVRC2012_val_00010468_rank896,543,543,0.78603,0
ILSVRC2012_val_00008469_with_ILSVRC2012_val_00049233_rank732,677,958,0.60998,160
ILSVRC2012_val_00008469_with_ILSVRC2012_val_00045044_rank438,220,219,0.35041,3
ILSVRC2012_val_00008469_with_ILSVRC2012_val_00000778_rank168,839,839,0.65743,0
ILSVRC2012_val_00008469_with_ILSVRC2012_val_00006841_rank577,674,674,0.46469,0
ILSVRC2012_val_00008469_with_ILSVRC2012_val_00049227_rank066,143,143,0.83958,0
ILSVRC2012_val_00008469_with_ILSVRC2012_val_00040443_rank943,680,958,0.16928,597
ILSVRC2012_val_00008469_with_ILSVRC2012_val_00005964_rank083,847,408,0.40437,3
ILSVRC2012_val_00008469_with_ILSVRC2012_val_00043983_rank481,450,450,0.77679,0
ILSVRC2012_val_00008469_with_ILSVRC2012_val_00046323_rank070,139,139,0.80028,0
ILSVRC2012_val_00008469_with_ILSVRC2012_val_00017035_rank880,667,637,0.11935,177
ILSVRC2012_val_00008469_with_ILSVRC2012_val_00036982_rank028,66,66,0.32324,0
ILSVRC2012_val_00008469_with_ILSVRC2012_val_00035330_rank151,299,649,0.1309,99
ILSVRC2012_val_00008469_with_ILSVRC2012_val_00010354_rank243,215,215,0.66514,0
ILSVRC2012_val_00008469_with_ILSVRC2012_val_00016179_rank624,934,934,0.64508,0
ILSVRC2012_val_00008469_with_ILSVRC2012_val_00010958_rank773,531,723,0.11705,570
ILSVRC2012_val_00008469_with_ILSVRC2012_val_00031491_rank216,341,341,0.77574,0
ILSVRC2012_val_00008469_with_ILSVRC2012_val_00046444_rank312,533,958,0.27039,331
ILSVRC2012_val_00008469_with_ILSVRC2012_val_00007305_rank748,457,457,0.34888,0
ILSVRC2012_val_00008469_with_ILSVRC2012_val_00045973_rank411,996,825,0.46254,17
ILSVRC2012_val_00008469_with_ILSVRC2012_val_00005808_rank641,168,168,0.62348,0
ILSVRC2012_val_00008469_with_ILSVRC2012_val_00041388_rank925,702,856,0.39285,52
ILSVRC2012_val_00008469_with_ILSVRC2012_val_00015762_rank124,56,56,0.87646,0
ILSVRC2012_val_00008469_with_ILSVRC2012_val_00017823_rank386,180,346,0.22159,133
ILSVRC2012_val_00008469_with_ILSVRC2012_val_00018537_rank441,430,430,0.61234,0
ILSVRC2012_val_00008469_with_ILSVRC2012_val_00011593_rank744,235,225,0.36191,1
ILSVRC2012_val_00008469_with_ILSVRC2012_val_00020368_rank393,113,113,0.77844,0
ILSVRC2012_val_00008469_with_ILSVRC2012_val_00009170_rank353,586,586,0.82033,0
ILSVRC2012_val_00008469_with_ILSVRC2012_val_00008190_rank900,778,778,0.49226,0
ILSVRC2012_val_00008469_with_ILSVRC2012_val_00041634_rank209,114,79,0.08461,11
ILSVRC2012_val_00008469_with_ILSVRC2012_val_00036903_rank592,444,444,0.62713,0
ILSVRC2012_val_00008469_with_ILSVRC2012_val_00047240_rank782,793,793,0.84237,0
ILSVRC2012_val_00008469_with_ILSVRC2012_val_00036013_rank323,576,576,0.77521,0
ILSVRC2012_val_00008469_with_ILSVRC2012_val_00014129_rank383,990,958,0.2763,227
ILSVRC2012_val_00008469_with_ILSVRC2012_val_00012457_rank361,286,286,0.75009,0
ILSVRC2012_val_00008469_with_ILSVRC2012_val_00005737_rank625,829,829,0.66096,0
ILSVRC2012_val_00008469_with_ILSVRC2012_val_00033357_rank469,255,255,0.78635,0
ILSVRC2012_val_00008469_with_ILSVRC2012_val_00031363_rank295,364,344,0.15315,596
ILSVRC2012_val_00008469_with_ILSVRC2012_val_00048927_rank948,790,790,0.78348,0
ILSVRC2012_val_00008469_with_ILSVRC2012_val_00001622_rank358,687,687,0.78423,0
ILSVRC2012_val_00008469_with_ILSVRC2012_val_00049018_rank075,291,291,0.78041,0
ILSVRC2012_val_00008469_with_ILSVRC2012_val_00007109_rank195,183,183,0.68729,0
ILSVRC2012_val_00008469_with_ILSVRC2012_val_00011071_rank086,119,9,0.27443,407
ILSVRC2012_val_00008469_with_ILSVRC2012_val_00022155_rank198,318,318,0.8046,0
ILSVRC2012_val_00008469_with_ILSVRC2012_val_00015141_rank419,72,977,0.14214,925
ILSVRC2012_val_00008469_with_ILSVRC2012_val_00031701_rank371,824,474,0.64044,2
ILSVRC2012_val_00008469_with_ILSVRC2012_val_00009045_rank451,264,264,0.74237,0
ILSVRC2012_val_00008469_with_ILSVRC2012_val_00008475_rank693,488,958,0.93201,443
ILSVRC2012_val_00008469_with_ILSVRC2012_val_00029220_rank720,943,943,0.52475,0
ILSVRC2012_val_00008469_with_ILSVRC2012_val_00048352_rank468,768,768,0.30501,0
ILSVRC2012_val_00008469_with_ILSVRC2012_val_00045916_rank152,814,814,0.79731,0
ILSVRC2012_val_00008469_with_ILSVRC2012_val_00037405_rank938,816,958,0.0984,209
ILSVRC2012_val_00008469_with_ILSVRC2012_val_00022332_rank462,314,314,0.6311,0
ILSVRC2012_val_00008469_with_ILSVRC2012_val_00042329_rank657,729,595,0.52694,577
ILSVRC2012_val_00008469_with_ILSVRC2012_val_00011272_rank844,641,641,0.735,0
ILSVRC2012_val_00008469_with_ILSVRC2012_val_00033968_rank775,737,737,0.38754,0
ILSVRC2012_val_00008469_with_ILSVRC2012_val_00004574_rank043,394,394,0.80368,0
ILSVRC2012_val_00008469_with_ILSVRC2012_val_00038572_rank079,102,102,0.8441,0
ILSVRC2012_val_00008469_with_ILSVRC2012_val_00012712_rank168,839,839,0.79726,0
ILSVRC2012_val_00008469_with_ILSVRC2012_val_00030008_rank805,910,703,0.21668,821
ILSVRC2012_val_00008469_with_ILSVRC2012_val_00025879_rank311,122,122,0.77723,0
ILSVRC2012_val_00008469_with_ILSVRC2012_val_00001487_rank052,274,274,0.83517,0
ILSVRC2012_val_00008469_with_ILSVRC2012_val_00020403_rank458,167,166,0.70855,1
ILSVRC2012_val_00008469_with_ILSVRC2012_val_00016559_rank206,365,365,0.48654,0
ILSVRC2012_val_00008469_with_ILSVRC2012_val_00004660_rank138,295,344,0.6411,56
ILSVRC2012_val_00008469_with_ILSVRC2012_val_00047566_rank454,244,244,0.85332,0
ILSVRC2012_val_00008469_with_ILSVRC2012_val_00024565_rank683,431,525,0.166,577
ILSVRC2012_val_00008469_with_ILSVRC2012_val_00035590_rank599,905,553,0.37263,28
ILSVRC2012_val_00008469_with_ILSVRC2012_val_00010515_rank687,591,591,0.65731,0
ILSVRC2012_val_00008469_with_ILSVRC2012_val_00012085_rank791,234,234,0.80929,0
ILSVRC2012_val_00008469_with_ILSVRC2012_val_00017272_rank277,904,807,0.29009,7
ILSVRC2012_val_00008469_with_ILSVRC2012_val_00046461_rank942,846,831,0.45519,12
ILSVRC2012_val_00008469_with_ILSVRC2012_val_00005814_rank760,900,900,0.72551,0
ILSVRC2012_val_00008469_with_ILSVRC2012_val_00049973_rank138,295,295,0.7494,0
ILSVRC2012_val_00008469_with_ILSVRC2012_val_00016045_rank324,750,797,0.60701,5
ILSVRC2012_val_00008469_with_ILSVRC2012_val_00035372_rank301,348,346,0.21696,5
ILSVRC2012_val_00008469_with_ILSVRC2012_val_00045117_rank440,878,878,0.71435,0
ILSVRC2012_val_00008469_with_ILSVRC2012_val_00006695_rank705,683,471,0.1206,444
ILSVRC2012_val_00008469_with_ILSVRC2012_val_00012158_rank562,652,399,0.30234,43
ILSVRC2012_val_00008469_with_ILSVRC2012_val_00026757_rank181,381,381,0.80243,0
ILSVRC2012_val_00008469_with_ILSVRC2012_val_00041383_rank403,52,9,0.21596,343
ILSVRC2012_val_00008469_with_ILSVRC2012_val_00007099_rank583,732,732,0.78413,0
ILSVRC2012_val_00008469_with_ILSVRC2012_val_00002982_rank677,988,988,0.519,0
ILSVRC2012_val_00008469_with_ILSVRC2012_val_00017844_rank913,615,615,0.71091,0
ILSVRC2012_val_00008469_with_ILSVRC2012_val_00033818_rank545,886,886,0.46391,0
ILSVRC2012_val_00008469_with_ILSVRC2012_val_00001293_rank625,829,705,0.37324,3
ILSVRC2012_val_00008469_with_ILSVRC2012_val_00005516_rank689,626,463,0.53236,476
ILSVRC2012_val_00008469_with_ILSVRC2012_val_00022753_rank230,172,172,0.58068,0
ILSVRC2012_val_00008469_with_ILSVRC2012_val_00007937_rank055,64,55,0.41415,1
ILSVRC2012_val_00008469_with_ILSVRC2012_val_00045384_rank536,779,958,0.27209,73
ILSVRC2012_val_00008469_with_ILSVRC2012_val_00030327_rank690,247,218,0.28197,3
ILSVRC2012_val_00008469_with_ILSVRC2012_val_00040629_rank562,652,701,0.39303,77
ILSVRC2012_val_00008469_with_ILSVRC2012_val_00036405_rank325,303,303,0.28251,0
ILSVRC2012_val_00008469_with_ILSVRC2012_val_00003413_rank367,229,229,0.65612,0
ILSVRC2012_val_00008469_with_ILSVRC2012_val_00034841_rank626,617,346,0.14003,996
ILSVRC2012_val_00008469_with_ILSVRC2012_val_00031140_rank539,301,301,0.87912,0
ILSVRC2012_val_00008469_with_ILSVRC2012_val_00000680_rank248,668,913,0.82078,112
ILSVRC2012_val_00008469_with_ILSVRC2012_val_00017691_rank545,886,958,0.27236,688
ILSVRC2012_val_00008469_with_ILSVRC2012_val_00037592_rank932,566,566,0.81084,0
ILSVRC2012_val_00008469_with_ILSVRC2012_val_00045857_rank287,80,80,0.85344,0
ILSVRC2012_val_00008469_with_ILSVRC2012_val_00012959_rank304,775,775,0.90317,0
ILSVRC2012_val_00008469_with_ILSVRC2012_val_00022049_rank817,907,907,0.56288,0
ILSVRC2012_val_00008469_with_ILSVRC2012_val_00041069_rank145,40,39,0.54816,12
ILSVRC2012_val_00008469_with_ILSVRC2012_val_00022413_rank617,807,654,0.52017,218
ILSVRC2012_val_00008469_with_ILSVRC2012_val_00039106_rank051,47,47,0.40075,0
ILSVRC2012_val_00008469_with_ILSVRC2012_val_00033384_rank229,937,937,0.85168,0
ILSVRC2012_val_00008469_with_ILSVRC2012_val_00025010_rank516,592,592,0.81321,0
ILSVRC2012_val_00008469_with_ILSVRC2012_val_00044027_rank227,282,282,0.38348,0
ILSVRC2012_val_00008469_with_ILSVRC2012_val_00032347_rank973,412,412,0.53474,0
ILSVRC2012_val_00008469_with_ILSVRC2012_val_00033978_rank439,458,458,0.32412,0
ILSVRC2012_val_00008469_with_ILSVRC2012_val_00023307_rank015,276,276,0.84052,0
ILSVRC2012_val_00008469_with_ILSVRC2012_val_00003813_rank619,402,402,0.7309,0
ILSVRC2012_val_00008469_with_ILSVRC2012_val_00043254_rank100,280,169,0.06357,254
ILSVRC2012_val_00008469_with_ILSVRC2012_val_00033082_rank590,565,565,0.49543,0
ILSVRC2012_val_00008469_with_ILSVRC2012_val_00044543_rank351,191,191,0.79496,0
ILSVRC2012_val_00008469_with_ILSVRC2012_val_00026124_rank534,703,703,0.77807,0
ILSVRC2012_val_00008469_with_ILSVRC2012_val_00041426_rank761,618,618,0.38879,0
ILSVRC2012_val_00008469_with_ILSVRC2012_val_00006925_rank421,387,387,0.86338,0
ILSVRC2012_val_00008469_with_ILSVRC2012_val_00045652_rank108,389,389,0.79258,0
ILSVRC2012_val_00008469_with_ILSVRC2012_val_00012971_rank608,453,886,0.85918,45
ILSVRC2012_val_00008469_with_ILSVRC2012_val_00025972_rank868,528,866,0.48561,592
ILSVRC2012_val_00008469_with_ILSVRC2012_val_00030617_rank722,761,632,0.77348,35
ILSVRC2012_val_00008469_with_ILSVRC2012_val_00025183_rank061,131,131,0.73729,0
ILSVRC2012_val_00008469_with_ILSVRC2012_val_00035182_rank568,195,195,0.75024,0
ILSVRC2012_val_00008469_with_ILSVRC2012_val_00021220_rank587,777,797,0.61872,219
ILSVRC2012_val_00008469_with_ILSVRC2012_val_00048994_rank347,623,435,0.78873,544
ILSVRC2012_val_00008469_with_ILSVRC2012_val_00007504_rank494,830,346,0.12006,454
ILSVRC2012_val_00008469_with_ILSVRC2012_val_00037569_rank147,7,7,0.3846,0
ILSVRC2012_val_00008469_with_ILSVRC2012_val_00044326_rank606,440,440,0.85548,0
ILSVRC2012_val_00008469_with_ILSVRC2012_val_00007577_rank784,738,958,0.42241,446
ILSVRC2012_val_00008469_with_ILSVRC2012_val_00021719_rank822,767,412,0.70949,509
ILSVRC2012_val_00008469_with_ILSVRC2012_val_00018075_rank173,1,1,0.81248,0
ILSVRC2012_val_00008469_with_ILSVRC2012_val_00010138_rank068,134,134,0.35974,0
ILSVRC2012_val_00008469_with_ILSVRC2012_val_00013604_rank788,237,237,0.78686,0
ILSVRC2012_val_00008469_with_ILSVRC2012_val_00026593_rank103,150,150,0.5607,0
ILSVRC2012_val_00008469_with_ILSVRC2012_val_00030378_rank689,626,919,0.36246,186
ILSVRC2012_val_00008469_with_ILSVRC2012_val_00025507_rank259,11,11,0.64299,0
ILSVRC2012_val_00008469_with_ILSVRC2012_val_00044859_rank398,435,231,0.12544,215
ILSVRC2012_val_00008469_with_ILSVRC2012_val_00018825_rank637,951,951,0.47808,0
ILSVRC2012_val_00008469_with_ILSVRC2012_val_00038638_rank136,91,91,0.81931,0
ILSVRC2012_val_00008469_with_ILSVRC2012_val_00038491_rank305,407,407,0.53821,0
ILSVRC2012_val_00008469_with_ILSVRC2012_val_00047278_rank236,973,958,0.64338,278
ILSVRC2012_val_00008469_with_ILSVRC2012_val_00020750_rank822,767,472,0.53594,474
ILSVRC2012_val_00008469_with_ILSVRC2012_val_00023778_rank092,9,9,0.79966,0
ILSVRC2012_val_00008469_with_ILSVRC2012_val_00045089_rank652,989,989,0.23276,0
ILSVRC2012_val_00008469_with_ILSVRC2012_val_00021550_rank703,987,987,0.74706,0
ILSVRC2012_val_00008469_with_ILSVRC2012_val_00004868_rank640,511,511,0.57873,0
ILSVRC2012_val_00008469_with_ILSVRC2012_val_00029947_rank038,43,43,0.52272,0
ILSVRC2012_val_00008469_with_ILSVRC2012_val_00041138_rank389,437,437,0.81905,0
ILSVRC2012_val_00008469_with_ILSVRC2012_val_00010259_rank412,516,516,0.80827,0
ILSVRC2012_val_00008469_with_ILSVRC2012_val_00031053_rank302,77,386,0.70163,587
ILSVRC2012_val_00008469_with_ILSVRC2012_val_00042506_rank519,19,18,0.80698,10
ILSVRC2012_val_00008469_with_ILSVRC2012_val_00009269_rank862,701,701,0.81034,0
ILSVRC2012_val_00008469_with_ILSVRC2012_val_00048855_rank247,373,373,0.62206,0
ILSVRC2012_val_00008469_with_ILSVRC2012_val_00043129_rank989,588,595,0.28882,369
ILSVRC2012_val_00008469_with_ILSVRC2012_val_00005683_rank761,618,463,0.19338,33
ILSVRC2012_val_00008469_with_ILSVRC2012_val_00017592_rank622,176,212,0.82953,5
ILSVRC2012_val_00008469_with_ILSVRC2012_val_00021754_rank568,195,211,0.40389,170
ILSVRC2012_val_00008469_with_ILSVRC2012_val_00015247_rank991,631,631,0.40256,0
ILSVRC2012_val_00008469_with_ILSVRC2012_val_00045929_rank595,411,411,0.59507,0
ILSVRC2012_val_00008469_with_ILSVRC2012_val_00009273_rank234,391,814,0.07024,56
ILSVRC2012_val_00008469_with_ILSVRC2012_val_00018700_rank575,717,717,0.70075,0
ILSVRC2012_val_00008469_with_ILSVRC2012_val_00007703_rank626,617,434,0.16451,66
ILSVRC2012_val_00008469_with_ILSVRC2012_val_00011682_rank159,210,210,0.84063,0
ILSVRC2012_val_00008469_with_ILSVRC2012_val_00007098_rank937,822,822,0.83699,0
ILSVRC2012_val_00008469_with_ILSVRC2012_val_00011400_rank231,170,177,0.43952,1
ILSVRC2012_val_00008469_with_ILSVRC2012_val_00030836_rank427,946,946,0.57211,0
ILSVRC2012_val_00008469_with_ILSVRC2012_val_00029739_rank935,515,515,0.6168,0
ILSVRC2012_val_00008469_with_ILSVRC2012_val_00005847_rank511,958,958,0.90653,0
ILSVRC2012_val_00008469_with_ILSVRC2012_val_00038466_rank246,320,472,0.21663,190
ILSVRC2012_val_00008469_with_ILSVRC2012_val_00022949_rank974,723,723,0.77159,0
ILSVRC2012_val_00008469_with_ILSVRC2012_val_00003024_rank924,608,514,0.6558,9
ILSVRC2012_val_00008469_with_ILSVRC2012_val_00022604_rank999,772,456,0.41353,92
ILSVRC2012_val_00008469_with_ILSVRC2012_val_00015352_rank970,859,859,0.48625,0
ILSVRC2012_val_00008469_with_ILSVRC2012_val_00030551_rank887,594,594,0.76437,0
ILSVRC2012_val_00008469_with_ILSVRC2012_val_00009576_rank818,154,154,0.13489,0
ILSVRC2012_val_00008469_with_ILSVRC2012_val_00011329_rank225,671,671,0.30661,0
ILSVRC2012_val_00008469_with_ILSVRC2012_val_00045412_rank578,672,672,0.70278,0
ILSVRC2012_val_00008469_with_ILSVRC2012_val_00006797_rank044,103,103,0.73013,0
ILSVRC2012_val_00008469_with_ILSVRC2012_val_00047941_rank012,36,37,0.67987,2
ILSVRC2012_val_00008469_with_ILSVRC2012_val_00040708_rank737,163,163,0.79797,0
ILSVRC2012_val_00008469_with_ILSVRC2012_val_00046662_rank914,600,958,0.36387,227
ILSVRC2012_val_00008469_with_ILSVRC2012_val_00012901_rank658,240,240,0.77716,0
ILSVRC2012_val_00008469_with_ILSVRC2012_val_00001152_rank423,260,260,0.81875,0
ILSVRC2012_val_00008469_with_ILSVRC2012_val_00011660_rank112,449,449,0.74526,0
ILSVRC2012_val_00008469_with_ILSVRC2012_val_00031665_rank833,461,461,0.45281,0
ILSVRC2012_val_00008469_with_ILSVRC2012_val_00003269_rank477,181,181,0.80014,0
ILSVRC2012_val_00008469_with_ILSVRC2012_val_00033692_rank406,520,958,0.13347,610
ILSVRC2012_val_00008469_with_ILSVRC2012_val_00041538_rank368,331,331,0.83176,0
ILSVRC2012_val_00008469_with_ILSVRC2012_val_00034919_rank144,59,64,0.45568,2
ILSVRC2012_val_00008469_with_ILSVRC2012_val_00020652_rank581,304,701,0.774,101
ILSVRC2012_val_00008469_with_ILSVRC2012_val_00034957_rank393,113,958,0.58594,240
ILSVRC2012_val_00008469_with_ILSVRC2012_val_00026559_rank786,891,891,0.86619,0
ILSVRC2012_val_00008469_with_ILSVRC2012_val_00039496_rank829,929,929,0.78552,0
ILSVRC2012_val_00008469_with_ILSVRC2012_val_00021538_rank021,293,293,0.8002,0
ILSVRC2012_val_00008469_with_ILSVRC2012_val_00012051_rank483,798,595,0.81092,536
ILSVRC2012_val_00008469_with_ILSVRC2012_val_00020708_rank143,270,270,0.80469,0
ILSVRC2012_val_00008469_with_ILSVRC2012_val_00037905_rank857,559,559,0.80515,0
ILSVRC2012_val_00008469_with_ILSVRC2012_val_00012119_rank257,953,953,0.18023,0
ILSVRC2012_val_00008469_with_ILSVRC2012_val_00029144_rank421,387,387,0.78814,0
ILSVRC2012_val_00008469_with_ILSVRC2012_val_00027099_rank500,664,782,0.60921,1
ILSVRC2012_val_00008469_with_ILSVRC2012_val_00032117_rank982,254,254,0.79871,0
ILSVRC2012_val_00008469_with_ILSVRC2012_val_00016905_rank007,67,67,0.30715,0
ILSVRC2012_val_00008469_with_ILSVRC2012_val_00008563_rank879,473,408,0.238,515
ILSVRC2012_val_00008469_with_ILSVRC2012_val_00003641_rank509,666,666,0.78815,0
ILSVRC2012_val_00008469_with_ILSVRC2012_val_00031508_rank239,175,175,0.87248,0
ILSVRC2012_val_00008469_with_ILSVRC2012_val_00033423_rank140,79,50,0.19233,372
ILSVRC2012_val_00008469_with_ILSVRC2012_val_00015891_rank369,984,646,0.31343,55
ILSVRC2012_val_00008469_with_ILSVRC2012_val_00036818_rank416,852,852,0.7942,0
ILSVRC2012_val_00008469_with_ILSVRC2012_val_00002992_rank674,546,471,0.45815,593
ILSVRC2012_val_00008469_with_ILSVRC2012_val_00023269_rank285,724,724,0.36962,0
ILSVRC2012_val_00008469_with_ILSVRC2012_val_00014413_rank481,450,676,0.31921,462
ILSVRC2012_val_00008469_with_ILSVRC2012_val_00037314_rank984,632,632,0.65227,0
ILSVRC2012_val_00008469_with_ILSVRC2012_val_00018386_rank895,850,850,0.64803,0
ILSVRC2012_val_00008469_with_ILSVRC2012_val_00022711_rank049,41,41,0.57877,0
ILSVRC2012_val_00008469_with_ILSVRC2012_val_00025849_rank699,530,781,0.45112,4
ILSVRC2012_val_00008469_with_ILSVRC2012_val_00038184_rank504,948,948,0.80471,0
ILSVRC2012_val_00008469_with_ILSVRC2012_val_00017139_rank307,316,316,0.80696,0
ILSVRC2012_val_00008469_with_ILSVRC2012_val_00002132_rank151,299,299,0.56484,0
ILSVRC2012_val_00008469_with_ILSVRC2012_val_00039723_rank632,864,864,0.78546,0
ILSVRC2012_val_00008469_with_ILSVRC2012_val_00027645_rank457,933,933,0.87077,0
ILSVRC2012_val_00008469_with_ILSVRC2012_val_00017402_rank875,969,899,0.12154,61
ILSVRC2012_val_00008469_with_ILSVRC2012_val_00041627_rank150,390,390,0.63415,0
ILSVRC2012_val_00008469_with_ILSVRC2012_val_00033720_rank267,186,194,0.25515,12
ILSVRC2012_val_00008469_with_ILSVRC2012_val_00028286_rank342,995,995,0.23314,0
ILSVRC2012_val_00008469_with_ILSVRC2012_val_00034999_rank711,549,637,0.55457,38
ILSVRC2012_val_00008469_with_ILSVRC2012_val_00024506_rank899,746,746,0.17916,0
ILSVRC2012_val_00008469_with_ILSVRC2012_val_00007004_rank489,895,895,0.73378,0
ILSVRC2012_val_00008469_with_ILSVRC2012_val_00029243_rank755,125,125,0.63302,0
ILSVRC2012_val_00008469_with_ILSVRC2012_val_00014912_rank917,158,151,0.1713,2
ILSVRC2012_val_00008469_with_ILSVRC2012_val_00018192_rank032,129,129,0.8467,0
ILSVRC2012_val_00008469_with_ILSVRC2012_val_00048924_rank049,41,49,0.35114,58
ILSVRC2012_val_00008469_with_ILSVRC2012_val_00011453_rank212,121,121,0.81934,0
ILSVRC2012_val_00008469_with_ILSVRC2012_val_00009281_rank788,237,236,0.33916,1
ILSVRC2012_val_00008469_with_ILSVRC2012_val_00016539_rank529,519,519,0.69441,0
ILSVRC2012_val_00008469_with_ILSVRC2012_val_00037644_rank370,726,703,0.76118,291
ILSVRC2012_val_00008469_with_ILSVRC2012_val_00024919_rank815,443,443,0.78603,0
ILSVRC2012_val_00008469_with_ILSVRC2012_val_00003679_rank134,403,895,0.53694,1
ILSVRC2012_val_00008469_with_ILSVRC2012_val_00001464_rank705,683,683,0.48585,0
ILSVRC2012_val_00008469_with_ILSVRC2012_val_00041377_rank531,258,258,0.8598,0
ILSVRC2012_val_00008469_with_ILSVRC2012_val_00028840_rank748,457,386,0.27217,802
ILSVRC2012_val_00008469_with_ILSVRC2012_val_00006664_rank423,260,260,0.83377,0
ILSVRC2012_val_00008469_with_ILSVRC2012_val_00023484_rank362,751,751,0.72829,0
ILSVRC2012_val_00008469_with_ILSVRC2012_val_00036400_rank357,971,971,0.35452,0
ILSVRC2012_val_00008469_with_ILSVRC2012_val_00011727_rank460,493,492,0.33614,4
ILSVRC2012_val_00008469_with_ILSVRC2012_val_00045508_rank979,596,596,0.88169,0
ILSVRC2012_val_00008469_with_ILSVRC2012_val_00033555_rank214,115,115,0.55716,0
ILSVRC2012_val_00008469_with_ILSVRC2012_val_00025628_rank818,154,154,0.74202,0
ILSVRC2012_val_00008469_with_ILSVRC2012_val_00009935_rank509,666,666,0.61375,0
ILSVRC2012_val_00008469_with_ILSVRC2012_val_00022150_rank353,586,586,0.71505,0
ILSVRC2012_val_00008469_with_ILSVRC2012_val_00026076_rank427,946,946,0.49126,0
ILSVRC2012_val_00008469_with_ILSVRC2012_val_00046225_rank848,676,676,0.87079,0
ILSVRC2012_val_00008469_with_ILSVRC2012_val_00005089_rank601,315,315,0.82675,0
ILSVRC2012_val_00008469_with_ILSVRC2012_val_00011902_rank301,348,348,0.78394,0
ILSVRC2012_val_00008469_with_ILSVRC2012_val_00005991_rank465,665,665,0.64151,0
ILSVRC2012_val_00008469_with_ILSVRC2012_val_00044380_rank658,240,241,0.81333,1
ILSVRC2012_val_00008469_with_ILSVRC2012_val_00000821_rank164,124,913,0.26079,349
ILSVRC2012_val_00008469_with_ILSVRC2012_val_00017092_rank622,176,176,0.31115,0
ILSVRC2012_val_00008469_with_ILSVRC2012_val_00041564_rank061,131,131,0.72665,0
ILSVRC2012_val_00008469_with_ILSVRC2012_val_00031303_rank987,585,653,0.34128,69
ILSVRC2012_val_00008469_with_ILSVRC2012_val_00039556_rank764,161,161,0.82236,0
ILSVRC2012_val_00008469_with_ILSVRC2012_val_00021774_rank893,999,999,0.34996,0
ILSVRC2012_val_00008469_with_ILSVRC2012_val_00032242_rank433,774,770,0.4217,1
ILSVRC2012_val_00008469_with_ILSVRC2012_val_00014381_rank862,701,701,0.84314,0
ILSVRC2012_val_00008469_with_ILSVRC2012_val_00005604_rank058,340,340,0.83619,0
ILSVRC2012_val_00008469_with_ILSVRC2012_val_00027015_rank941,919,472,0.20826,331
ILSVRC2012_val_00008469_with_ILSVRC2012_val_00046280_rank612,17,17,0.79381,0
ILSVRC2012_val_00008469_with_ILSVRC2012_val_00039026_rank007,67,67,0.69228,0
ILSVRC2012_val_00008469_with_ILSVRC2012_val_00045347_rank990,284,284,0.88608,0
ILSVRC2012_val_00008469_with_ILSVRC2012_val_00043258_rank123,82,82,0.58513,0
ILSVRC2012_val_00008469_with_ILSVRC2012_val_00021751_rank330,410,410,0.87463,0
ILSVRC2012_val_00008469_with_ILSVRC2012_val_00034097_rank735,438,472,0.16881,974
ILSVRC2012_val_00008469_with_ILSVRC2012_val_00048347_rank496,94,94,0.80056,0
ILSVRC2012_val_00008469_with_ILSVRC2012_val_00012812_rank112,449,867,0.34419,131
ILSVRC2012_val_00008469_with_ILSVRC2012_val_00024691_rank467,207,215,0.40316,8
ILSVRC2012_val_00008469_with_ILSVRC2012_val_00033121_rank483,798,703,0.56958,576
ILSVRC2012_val_00008469_with_ILSVRC2012_val_00024516_rank936,796,399,0.30229,6
ILSVRC2012_val_00008469_with_ILSVRC2012_val_00027780_rank228,225,225,0.8163,0
ILSVRC2012_val_00008469_with_ILSVRC2012_val_00035290_rank215,991,825,0.68284,42
ILSVRC2012_val_00008469_with_ILSVRC2012_val_00043767_rank805,910,913,0.74148,532
ILSVRC2012_val_00008469_with_ILSVRC2012_val_00025147_rank205,211,211,0.74769,0
ILSVRC2012_val_00008469_with_ILSVRC2012_val_00017227_rank603,182,182,0.80655,0
ILSVRC2012_val_00008469_with_ILSVRC2012_val_00040794_rank254,366,366,0.79507,0
ILSVRC2012_val_00008469_with_ILSVRC2012_val_00014224_rank839,653,899,0.19563,5
ILSVRC2012_val_00008469_with_ILSVRC2012_val_00042731_rank069,273,273,0.7699,0
ILSVRC2012_val_00008469_with_ILSVRC2012_val_00031494_rank357,971,958,0.51822,72
ILSVRC2012_val_00008469_with_ILSVRC2012_val_00036049_rank506,854,854,0.7565,0
ILSVRC2012_val_00008469_with_ILSVRC2012_val_00003758_rank221,197,197,0.8013,0
ILSVRC2012_val_00008469_with_ILSVRC2012_val_00046837_rank336,736,977,0.44556,212
ILSVRC2012_val_00008469_with_ILSVRC2012_val_00047359_rank328,325,325,0.80019,0
ILSVRC2012_val_00008469_with_ILSVRC2012_val_00042555_rank719,583,595,0.26936,472
ILSVRC2012_val_00008469_with_ILSVRC2012_val_00039792_rank887,594,594,0.83064,0
ILSVRC2012_val_00008469_with_ILSVRC2012_val_00028628_rank670,285,285,0.62912,0
ILSVRC2012_val_00008469_with_ILSVRC2012_val_00011927_rank003,48,344,0.69661,9
ILSVRC2012_val_00008469_with_ILSVRC2012_val_00013728_rank449,201,182,0.04858,12
ILSVRC2012_val_00008469_with_ILSVRC2012_val_00013732_rank771,529,345,0.06514,661
ILSVRC2012_val_00008469_with_ILSVRC2012_val_00003439_rank873,503,898,0.32172,25
ILSVRC2012_val_00008469_with_ILSVRC2012_val_00019039_rank850,725,725,0.58073,0
ILSVRC2012_val_00008469_with_ILSVRC2012_val_00018941_rank257,953,958,0.4422,77
ILSVRC2012_val_00008469_with_ILSVRC2012_val_00035427_rank633,487,590,0.75326,1
ILSVRC2012_val_00008469_with_ILSVRC2012_val_00048090_rank020,386,386,0.60045,0
ILSVRC2012_val_00008469_with_ILSVRC2012_val_00012320_rank369,984,984,0.46662,0
ILSVRC2012_val_00008469_with_ILSVRC2012_val_00021449_rank517,697,344,0.20278,564
ILSVRC2012_val_00008469_with_ILSVRC2012_val_00014042_rank215,991,132,0.1915,83
ILSVRC2012_val_00008469_with_ILSVRC2012_val_00037682_rank898,601,601,0.36581,0
ILSVRC2012_val_00008469_with_ILSVRC2012_val_00030778_rank448,313,313,0.28302,0
ILSVRC2012_val_00008469_with_ILSVRC2012_val_00016988_rank104,2,701,0.43208,204
ILSVRC2012_val_00008469_with_ILSVRC2012_val_00021480_rank944,902,902,0.41481,0
ILSVRC2012_val_00008469_with_ILSVRC2012_val_00014188_rank329,962,962,0.69106,0
ILSVRC2012_val_00008469_with_ILSVRC2012_val_00021164_rank142,51,51,0.76823,0
ILSVRC2012_val_00008469_with_ILSVRC2012_val_00009578_rank113,271,272,0.76922,2
ILSVRC2012_val_00008469_with_ILSVRC2012_val_00000309_rank624,934,934,0.82903,0
ILSVRC2012_val_00008469_with_ILSVRC2012_val_00027636_rank482,648,707,0.18292,55
ILSVRC2012_val_00008469_with_ILSVRC2012_val_00049769_rank534,703,703,0.80649,0
ILSVRC2012_val_00008469_with_ILSVRC2012_val_00047224_rank038,43,43,0.76571,0
ILSVRC2012_val_00008469_with_ILSVRC2012_val_00040821_rank264,345,345,0.36796,0
ILSVRC2012_val_00008469_with_ILSVRC2012_val_00026416_rank061,131,346,0.26283,45
ILSVRC2012_val_00008469_with_ILSVRC2012_val_00042889_rank209,114,838,0.15216,594
ILSVRC2012_val_00008469_with_ILSVRC2012_val_00037437_rank774,265,265,0.48144,0
ILSVRC2012_val_00008469_with_ILSVRC2012_val_00042652_rank770,339,339,0.60087,0
ILSVRC2012_val_00008469_with_ILSVRC2012_val_00011268_rank951,731,595,0.30551,945
ILSVRC2012_val_00008469_with_ILSVRC2012_val_00014941_rank619,402,402,0.56683,0
ILSVRC2012_val_00008469_with_ILSVRC2012_val_00010853_rank254,366,366,0.72159,0
ILSVRC2012_val_00008469_with_ILSVRC2012_val_00012516_rank244,184,184,0.70352,0
ILSVRC2012_val_00008469_with_ILSVRC2012_val_00004503_rank947,87,87,0.85447,0
ILSVRC2012_val_00008469_with_ILSVRC2012_val_00013615_rank844,641,471,0.90781,973
ILSVRC2012_val_00008469_with_ILSVRC2012_val_00031581_rank729,630,630,0.64783,0
ILSVRC2012_val_00008469_with_ILSVRC2012_val_00000768_rank464,300,730,0.69134,360
ILSVRC2012_val_00008469_with_ILSVRC2012_val_00030207_rank595,411,411,0.85937,0
ILSVRC2012_val_00008469_with_ILSVRC2012_val_00005495_rank175,242,215,0.23055,43
ILSVRC2012_val_00008469_with_ILSVRC2012_val_00006747_rank417,901,899,0.26038,3
ILSVRC2012_val_00008469_with_ILSVRC2012_val_00043949_rank556,635,635,0.7861,0
ILSVRC2012_val_00008469_with_ILSVRC2012_val_00018585_rank404,573,621,0.61608,2
ILSVRC2012_val_00008469_with_ILSVRC2012_val_00024080_rank079,102,102,0.80707,0
ILSVRC2012_val_00008469_with_ILSVRC2012_val_00006765_rank292,938,938,0.32842,0
ILSVRC2012_val_00008469_with_ILSVRC2012_val_00043312_rank009,30,344,0.40292,51
ILSVRC2012_val_00008469_with_ILSVRC2012_val_00030646_rank915,541,541,0.21382,0
ILSVRC2012_val_00008469_with_ILSVRC2012_val_00011946_rank665,681,664,0.32121,4
ILSVRC2012_val_00008469_with_ILSVRC2012_val_00025550_rank917,158,171,0.23184,8
ILSVRC2012_val_00008469_with_ILSVRC2012_val_00020128_rank177,221,206,0.3439,1
ILSVRC2012_val_00008469_with_ILSVRC2012_val_00005761_rank584,378,378,0.57921,0
ILSVRC2012_val_00008469_with_ILSVRC2012_val_00025982_rank131,350,350,0.48635,0
ILSVRC2012_val_00008469_with_ILSVRC2012_val_00032364_rank919,883,898,0.75135,41
ILSVRC2012_val_00008469_with_ILSVRC2012_val_00030573_rank148,278,346,0.25749,241
ILSVRC2012_val_00008469_with_ILSVRC2012_val_00017659_rank830,952,948,0.6772,4
ILSVRC2012_val_00008469_with_ILSVRC2012_val_00007178_rank737,163,163,0.64236,0
ILSVRC2012_val_00008469_with_ILSVRC2012_val_00018336_rank724,532,428,0.61403,169
ILSVRC2012_val_00008469_with_ILSVRC2012_val_00022463_rank068,134,134,0.70863,0
ILSVRC2012_val_00008469_with_ILSVRC2012_val_00007260_rank424,603,730,0.3957,9
ILSVRC2012_val_00008469_with_ILSVRC2012_val_00045977_rank995,714,646,0.77003,563
ILSVRC2012_val_00008469_with_ILSVRC2012_val_00047489_rank897,637,637,0.76448,0
ILSVRC2012_val_00008469_with_ILSVRC2012_val_00042699_rank148,278,278,0.63386,0
ILSVRC2012_val_00008469_with_ILSVRC2012_val_00033395_rank898,601,578,0.16544,2
ILSVRC2012_val_00008469_with_ILSVRC2012_val_00049285_rank520,238,238,0.78882,0
ILSVRC2012_val_00008469_with_ILSVRC2012_val_00002714_rank392,189,188,0.47335,1
ILSVRC2012_val_00008469_with_ILSVRC2012_val_00008017_rank223,368,368,0.30053,0
ILSVRC2012_val_00008469_with_ILSVRC2012_val_00023858_rank533,817,913,0.35003,583
ILSVRC2012_val_00008469_with_ILSVRC2012_val_00001395_rank842,797,797,0.87842,0
ILSVRC2012_val_00008469_with_ILSVRC2012_val_00005444_rank879,473,471,0.19358,384
ILSVRC2012_val_00008469_with_ILSVRC2012_val_00025674_rank828,675,410,0.20415,82
ILSVRC2012_val_00008469_with_ILSVRC2012_val_00029446_rank937,822,595,0.18755,933
ILSVRC2012_val_00008469_with_ILSVRC2012_val_00017168_rank763,769,769,0.71424,0
ILSVRC2012_val_00008469_with_ILSVRC2012_val_00027790_rank028,66,66,0.53266,0
ILSVRC2012_val_00008469_with_ILSVRC2012_val_00009523_rank567,267,267,0.81341,0
ILSVRC2012_val_00008469_with_ILSVRC2012_val_00007190_rank359,243,243,0.7847,0
ILSVRC2012_val_00008469_with_ILSVRC2012_val_00048672_rank362,751,751,0.715,0
ILSVRC2012_val_00008469_with_ILSVRC2012_val_00036135_rank502,590,681,0.54431,3
ILSVRC2012_val_00008469_with_ILSVRC2012_val_00046978_rank125,97,97,0.78439,0
ILSVRC2012_val_00008469_with_ILSVRC2012_val_00006195_rank249,8,8,0.5582,0
ILSVRC2012_val_00008469_with_ILSVRC2012_val_00013052_rank088,297,297,0.84046,0
ILSVRC2012_val_00008469_with_ILSVRC2012_val_00000947_rank683,431,529,0.54269,3
ILSVRC2012_val_00008469_with_ILSVRC2012_val_00024855_rank574,505,505,0.79544,0
ILSVRC2012_val_00008469_with_ILSVRC2012_val_00030915_rank386,180,180,0.59648,0
ILSVRC2012_val_00008469_with_ILSVRC2012_val_00013314_rank080,305,305,0.73416,0
ILSVRC2012_val_00008469_with_ILSVRC2012_val_00039683_rank522,662,662,0.87649,0
ILSVRC2012_val_00008469_with_ILSVRC2012_val_00023782_rank157,177,177,0.7378,0
ILSVRC2012_val_00008469_with_ILSVRC2012_val_00048160_rank990,284,284,0.83436,0
ILSVRC2012_val_00008469_with_ILSVRC2012_val_00019837_rank305,407,407,0.86499,0
ILSVRC2012_val_00008469_with_ILSVRC2012_val_00023829_rank694,828,647,0.54548,2
ILSVRC2012_val_00008469_with_ILSVRC2012_val_00026491_rank724,532,830,0.10784,123
ILSVRC2012_val_00008469_with_ILSVRC2012_val_00049734_rank586,428,428,0.72227,0
ILSVRC2012_val_00008469_with_ILSVRC2012_val_00019279_rank450,380,380,0.50044,0
ILSVRC2012_val_00008469_with_ILSVRC2012_val_00014554_rank933,808,958,0.82354,25
ILSVRC2012_val_00008469_with_ILSVRC2012_val_00026432_rank573,842,958,0.26649,413
ILSVRC2012_val_00008469_with_ILSVRC2012_val_00049658_rank271,492,492,0.50073,0
ILSVRC2012_val_00008469_with_ILSVRC2012_val_00034616_rank237,159,159,0.73072,0
ILSVRC2012_val_00008469_with_ILSVRC2012_val_00019531_rank154,3,147,0.15468,13
ILSVRC2012_val_00008469_with_ILSVRC2012_val_00006423_rank665,681,453,0.20656,60
ILSVRC2012_val_00008469_with_ILSVRC2012_val_00003812_rank584,378,378,0.77134,0
ILSVRC2012_val_00008469_with_ILSVRC2012_val_00040392_rank482,648,648,0.24841,0
ILSVRC2012_val_00008469_with_ILSVRC2012_val_00019000_rank476,752,132,0.1869,560
ILSVRC2012_val_00008469_with_ILSVRC2012_val_00047511_rank960,813,813,0.36082,0
ILSVRC2012_val_00008469_with_ILSVRC2012_val_00045674_rank195,183,196,0.39432,14
ILSVRC2012_val_00008469_with_ILSVRC2012_val_00016102_rank678,663,483,0.45029,3
ILSVRC2012_val_00008469_with_ILSVRC2012_val_00048279_rank817,907,649,0.52576,326
ILSVRC2012_val_00008469_with_ILSVRC2012_val_00005686_rank851,563,595,0.08774,598
ILSVRC2012_val_00008469_with_ILSVRC2012_val_00030291_rank243,215,215,0.689,0
ILSVRC2012_val_00008469_with_ILSVRC2012_val_00026830_rank752,283,283,0.83004,0
ILSVRC2012_val_00008469_with_ILSVRC2012_val_00017037_rank768,513,471,0.57682,53
ILSVRC2012_val_00008469_with_ILSVRC2012_val_00046755_rank299,96,96,0.79027,0
ILSVRC2012_val_00008469_with_ILSVRC2012_val_00002651_rank902,398,398,0.83407,0
ILSVRC2012_val_00008469_with_ILSVRC2012_val_00047697_rank314,741,741,0.67873,0
ILSVRC2012_val_00008469_with_ILSVRC2012_val_00010665_rank524,174,174,0.75364,0
ILSVRC2012_val_00008469_with_ILSVRC2012_val_00042569_rank910,872,872,0.25937,0
ILSVRC2012_val_00008469_with_ILSVRC2012_val_00033316_rank135,472,472,0.36133,0
ILSVRC2012_val_00008469_with_ILSVRC2012_val_00030233_rank444,379,367,0.47894,15
ILSVRC2012_val_00008469_with_ILSVRC2012_val_00035389_rank409,13,13,0.69068,0
ILSVRC2012_val_00008469_with_ILSVRC2012_val_00041816_rank724,532,449,0.25169,121
ILSVRC2012_val_00008469_with_ILSVRC2012_val_00034176_rank071,127,127,0.85543,0
ILSVRC2012_val_00008469_with_ILSVRC2012_val_00021035_rank015,276,276,0.81067,0
ILSVRC2012_val_00008469_with_ILSVRC2012_val_00023761_rank844,641,958,0.41957,835
ILSVRC2012_val_00008469_with_ILSVRC2012_val_00012799_rank736,920,410,0.15961,555
ILSVRC2012_val_00008469_with_ILSVRC2012_val_00010964_rank369,984,984,0.90954,0
ILSVRC2012_val_00008469_with_ILSVRC2012_val_00023839_rank408,564,958,0.7372,322
ILSVRC2012_val_00008469_with_ILSVRC2012_val_00031331_rank894,660,913,0.18091,39
ILSVRC2012_val_00008469_with_ILSVRC2012_val_00019425_rank512,110,293,0.76295,128
ILSVRC2012_val_00008469_with_ILSVRC2012_val_00018088_rank950,862,127,0.28296,262
ILSVRC2012_val_00008469_with_ILSVRC2012_val_00047768_rank427,946,321,0.75952,10
ILSVRC2012_val_00008469_with_ILSVRC2012_val_00014896_rank674,546,546,0.63664,0
ILSVRC2012_val_00008469_with_ILSVRC2012_val_00020641_rank600,893,414,0.62083,34
ILSVRC2012_val_00008469_with_ILSVRC2012_val_00002834_rank570,490,100,0.49465,362
ILSVRC2012_val_00008469_with_ILSVRC2012_val_00015820_rank813,409,409,0.71084,0
ILSVRC2012_val_00008469_with_ILSVRC2012_val_00027201_rank276,694,694,0.61654,0
ILSVRC2012_val_00008469_with_ILSVRC2012_val_00027924_rank906,572,572,0.66873,0
ILSVRC2012_val_00008469_with_ILSVRC2012_val_00004289_rank778,928,961,0.22823,6
ILSVRC2012_val_00008469_with_ILSVRC2012_val_00025367_rank116,65,65,0.47951,0
ILSVRC2012_val_00008469_with_ILSVRC2012_val_00046763_rank059,294,294,0.53559,0
ILSVRC2012_val_00008469_with_ILSVRC2012_val_00036466_rank139,357,222,0.13289,119
ILSVRC2012_val_00008469_with_ILSVRC2012_val_00042933_rank252,376,376,0.89632,0
ILSVRC2012_val_00008469_with_ILSVRC2012_val_00016025_rank892,558,595,0.40279,983
ILSVRC2012_val_00008469_with_ILSVRC2012_val_00042297_rank417,901,901,0.82003,0
ILSVRC2012_val_00008469_with_ILSVRC2012_val_00011156_rank937,822,730,0.23881,545
ILSVRC2012_val_00008469_with_ILSVRC2012_val_00039009_rank566,512,512,0.21809,0
ILSVRC2012_val_00008469_with_ILSVRC2012_val_00016409_rank290,233,233,0.79187,0
ILSVRC2012_val_00008469_with_ILSVRC2012_val_00005056_rank038,43,649,0.23447,212
ILSVRC2012_val_00008469_with_ILSVRC2012_val_00046929_rank904,812,812,0.84894,0
ILSVRC2012_val_00008469_with_ILSVRC2012_val_00047710_rank844,641,417,0.22991,21
ILSVRC2012_val_00008469_with_ILSVRC2012_val_00049689_rank460,493,492,0.26752,4
ILSVRC2012_val_00008469_with_ILSVRC2012_val_00043779_rank133,22,22,0.83734,0
ILSVRC2012_val_00008469_with_ILSVRC2012_val_00035186_rank099,329,329,0.35095,0
ILSVRC2012_val_00008469_with_ILSVRC2012_val_00042116_rank834,514,514,0.82444,0
ILSVRC2012_val_00008469_with_ILSVRC2012_val_00038549_rank022,34,972,0.1472,118
ILSVRC2012_val_00008469_with_ILSVRC2012_val_00006249_rank890,711,503,0.07055,14
ILSVRC2012_val_00008469_with_ILSVRC2012_val_00005369_rank089,296,296,0.73725,0
ILSVRC2012_val_00008469_with_ILSVRC2012_val_00021537_rank949,604,604,0.74169,0
ILSVRC2012_val_00008469_with_ILSVRC2012_val_00016010_rank955,636,636,0.60714,0
ILSVRC2012_val_00008469_with_ILSVRC2012_val_00018497_rank371,824,649,0.66853,245
ILSVRC2012_val_00008469_with_ILSVRC2012_val_00025655_rank499,164,164,0.73519,0
ILSVRC2012_val_00008469_with_ILSVRC2012_val_00041211_rank150,390,394,0.08062,12
ILSVRC2012_val_00008469_with_ILSVRC2012_val_00043411_rank479,965,965,0.48258,0
ILSVRC2012_val_00008469_with_ILSVRC2012_val_00002007_rank462,314,344,0.21205,366
ILSVRC2012_val_00008469_with_ILSVRC2012_val_00021834_rank806,758,758,0.27102,0
ILSVRC2012_val_00008469_with_ILSVRC2012_val_00042395_rank242,930,291,0.1533,381
ILSVRC2012_val_00008469_with_ILSVRC2012_val_00000416_rank688,856,595,0.36751,1
ILSVRC2012_val_00008469_with_ILSVRC2012_val_00017376_rank732,677,587,0.35378,2
ILSVRC2012_val_00008469_with_ILSVRC2012_val_00044348_rank334,205,256,0.52013,1
ILSVRC2012_val_00008469_with_ILSVRC2012_val_00012062_rank975,432,595,0.64731,458
ILSVRC2012_val_00008469_with_ILSVRC2012_val_00043319_rank245,253,240,0.30907,9
ILSVRC2012_val_00008469_with_ILSVRC2012_val_00013165_rank324,750,609,0.04559,540
ILSVRC2012_val_00008469_with_ILSVRC2012_val_00033474_rank343,358,106,0.32258,11
ILSVRC2012_val_00008469_with_ILSVRC2012_val_00000501_rank143,270,270,0.16216,0
ILSVRC2012_val_00008469_with_ILSVRC2012_val_00028271_rank934,426,426,0.56285,0
ILSVRC2012_val_00008469_with_ILSVRC2012_val_00018189_rank363,985,130,0.0873,72
ILSVRC2012_val_00008469_with_ILSVRC2012_val_00028376_rank297,693,472,0.77421,1
ILSVRC2012_val_00008469_with_ILSVRC2012_val_00019710_rank126,29,344,0.50712,115
ILSVRC2012_val_00008469_with_ILSVRC2012_val_00007891_rank605,302,302,0.60857,0
ILSVRC2012_val_00008469_with_ILSVRC2012_val_00048409_rank687,591,591,0.72274,0
ILSVRC2012_val_00008469_with_ILSVRC2012_val_00018663_rank616,682,682,0.78522,0
ILSVRC2012_val_00008469_with_ILSVRC2012_val_00009557_rank809,795,912,0.15822,156
ILSVRC2012_val_00008469_with_ILSVRC2012_val_00018866_rank390,246,246,0.61069,0
ILSVRC2012_val_00008469_with_ILSVRC2012_val_00046126_rank879,473,595,0.33102,681
ILSVRC2012_val_00008469_with_ILSVRC2012_val_00049214_rank786,891,891,0.74092,0
ILSVRC2012_val_00008469_with_ILSVRC2012_val_00001267_rank641,168,268,0.22757,27
ILSVRC2012_val_00008469_with_ILSVRC2012_val_00030188_rank047,298,177,0.06835,435
ILSVRC2012_val_00008469_with_ILSVRC2012_val_00034688_rank198,318,318,0.67654,0
ILSVRC2012_val_00008469_with_ILSVRC2012_val_00043046_rank504,948,948,0.76897,0
ILSVRC2012_val_00008469_with_ILSVRC2012_val_00039613_rank914,600,600,0.39064,0
ILSVRC2012_val_00008469_with_ILSVRC2012_val_00048215_rank873,503,972,0.18675,856
ILSVRC2012_val_00008469_with_ILSVRC2012_val_00011033_rank900,778,778,0.44894,0
ILSVRC2012_val_00008469_with_ILSVRC2012_val_00047743_rank323,576,576,0.83356,0
ILSVRC2012_val_00008469_with_ILSVRC2012_val_00046768_rank527,249,249,0.84181,0
ILSVRC2012_val_00008469_with_ILSVRC2012_val_00009013_rank863,840,840,0.7724,0
ILSVRC2012_val_00008469_with_ILSVRC2012_val_00010671_rank594,466,814,0.31989,25
ILSVRC2012_val_00008469_with_ILSVRC2012_val_00022706_rank057,133,133,0.79472,0
ILSVRC2012_val_00008469_with_ILSVRC2012_val_00003875_rank512,110,110,0.67088,0
ILSVRC2012_val_00008469_with_ILSVRC2012_val_00038659_rank854,568,568,0.31592,0
ILSVRC2012_val_00008469_with_ILSVRC2012_val_00039100_rank943,680,755,0.15663,537
ILSVRC2012_val_00008469_with_ILSVRC2012_val_00036484_rank043,394,394,0.85083,0
ILSVRC2012_val_00008469_with_ILSVRC2012_val_00042095_rank423,260,260,0.78904,0
ILSVRC2012_val_00008469_with_ILSVRC2012_val_00041071_rank914,600,600,0.8333,0
ILSVRC2012_val_00008469_with_ILSVRC2012_val_00017186_rank990,284,284,0.87235,0
ILSVRC2012_val_00008469_with_ILSVRC2012_val_00044712_rank292,938,938,0.87732,0
ILSVRC2012_val_00008469_with_ILSVRC2012_val_00028388_rank929,422,730,0.37347,353
ILSVRC2012_val_00008469_with_ILSVRC2012_val_00035951_rank314,741,741,0.80923,0
ILSVRC2012_val_00008469_with_ILSVRC2012_val_00040145_rank002,50,50,0.90059,0
ILSVRC2012_val_00008469_with_ILSVRC2012_val_00001081_rank820,613,613,0.74863,0
ILSVRC2012_val_00008469_with_ILSVRC2012_val_00010452_rank366,986,986,0.43,0
ILSVRC2012_val_00008469_with_ILSVRC2012_val_00045120_rank056,25,25,0.77375,0
ILSVRC2012_val_00008469_with_ILSVRC2012_val_00004544_rank602,894,958,0.15189,359
ILSVRC2012_val_00008469_with_ILSVRC2012_val_00013183_rank067,120,344,0.36189,147
ILSVRC2012_val_00008469_with_ILSVRC2012_val_00025352_rank037,352,353,0.56809,1
ILSVRC2012_val_00008469_with_ILSVRC2012_val_00044041_rank638,739,739,0.82197,0
ILSVRC2012_val_00008469_with_ILSVRC2012_val_00005344_rank492,335,344,0.10705,562
ILSVRC2012_val_00008469_with_ILSVRC2012_val_00003447_rank271,492,492,0.59722,0
ILSVRC2012_val_00008469_with_ILSVRC2012_val_00043948_rank483,798,471,0.10015,461
ILSVRC2012_val_00008469_with_ILSVRC2012_val_00041516_rank063,101,386,0.57974,2
ILSVRC2012_val_00008469_with_ILSVRC2012_val_00028879_rank562,652,825,0.38406,140
ILSVRC2012_val_00008469_with_ILSVRC2012_val_00025479_rank422,213,207,0.56218,2
ILSVRC2012_val_00008469_with_ILSVRC2012_val_00018237_rank137,609,609,0.76295,0
ILSVRC2012_val_00008469_with_ILSVRC2012_val_00041056_rank825,332,229,0.51015,10
ILSVRC2012_val_00008469_with_ILSVRC2012_val_00001886_rank742,719,719,0.87661,0
ILSVRC2012_val_00008469_with_ILSVRC2012_val_00008323_rank538,835,649,0.23243,13
ILSVRC2012_val_00008469_with_ILSVRC2012_val_00037927_rank820,613,958,0.46049,952
ILSVRC2012_val_00008469_with_ILSVRC2012_val_00025486_rank865,456,386,0.36242,724
ILSVRC2012_val_00008469_with_ILSVRC2012_val_00015814_rank487,791,791,0.82219,0
ILSVRC2012_val_00008469_with_ILSVRC2012_val_00026610_rank865,456,49,0.1623,808
ILSVRC2012_val_00008469_with_ILSVRC2012_val_00033974_rank996,117,117,0.82235,0
ILSVRC2012_val_00008469_with_ILSVRC2012_val_00036077_rank140,79,79,0.48709,0
ILSVRC2012_val_00008469_with_ILSVRC2012_val_00024104_rank961,577,577,0.74364,0
ILSVRC2012_val_00008469_with_ILSVRC2012_val_00022117_rank933,808,978,0.18618,150
ILSVRC2012_val_00008469_with_ILSVRC2012_val_00033332_rank991,631,631,0.36223,0
ILSVRC2012_val_00008469_with_ILSVRC2012_val_00034167_rank739,867,867,0.66199,0
ILSVRC2012_val_00008469_with_ILSVRC2012_val_00037858_rank507,241,241,0.87549,0
ILSVRC2012_val_00008469_with_ILSVRC2012_val_00038935_rank172,6,6,0.79634,0
ILSVRC2012_val_00008469_with_ILSVRC2012_val_00026785_rank984,632,632,0.41753,0
ILSVRC2012_val_00008469_with_ILSVRC2012_val_00022392_rank144,59,55,0.43243,1
ILSVRC2012_val_00008469_with_ILSVRC2012_val_00039696_rank889,224,224,0.8155,0
ILSVRC2012_val_00008469_with_ILSVRC2012_val_00021345_rank146,84,84,0.51428,0
ILSVRC2012_val_00008469_with_ILSVRC2012_val_00032621_rank265,109,109,0.74174,0
ILSVRC2012_val_00008469_with_ILSVRC2012_val_00018727_rank515,554,554,0.65326,0
ILSVRC2012_val_00008469_with_ILSVRC2012_val_00016976_rank267,186,186,0.75159,0
ILSVRC2012_val_00008469_with_ILSVRC2012_val_00045810_rank349,927,927,0.30459,0
ILSVRC2012_val_00008469_with_ILSVRC2012_val_00045517_rank677,988,988,0.78515,0
ILSVRC2012_val_00008469_with_ILSVRC2012_val_00049164_rank555,954,954,0.93236,0
ILSVRC2012_val_00008469_with_ILSVRC2012_val_00045719_rank406,520,958,0.28971,610
ILSVRC2012_val_00008469_with_ILSVRC2012_val_00029623_rank253,935,935,0.71765,0
ILSVRC2012_val_00008469_with_ILSVRC2012_val_00047347_rank326,922,958,0.1217,407
ILSVRC2012_val_00008469_with_ILSVRC2012_val_00043483_rank146,84,84,0.78977,0
ILSVRC2012_val_00008469_with_ILSVRC2012_val_00035089_rank317,599,599,0.66515,0
ILSVRC2012_val_00008469_with_ILSVRC2012_val_00013583_rank176,232,232,0.53923,0
ILSVRC2012_val_00008469_with_ILSVRC2012_val_00044471_rank404,573,408,0.80182,28
ILSVRC2012_val_00008469_with_ILSVRC2012_val_00035493_rank235,371,381,0.72658,9
ILSVRC2012_val_00008469_with_ILSVRC2012_val_00012060_rank891,263,263,0.60477,0
ILSVRC2012_val_00008469_with_ILSVRC2012_val_00021357_rank800,162,166,0.76491,2
ILSVRC2012_val_00008469_with_ILSVRC2012_val_00015424_rank494,830,523,0.24204,31
ILSVRC2012_val_00008469_with_ILSVRC2012_val_00007614_rank504,948,948,0.68983,0
ILSVRC2012_val_00008469_with_ILSVRC2012_val_00024723_rank207,206,206,0.76188,0
ILSVRC2012_val_00008469_with_ILSVRC2012_val_00015101_rank398,435,755,0.33068,170
ILSVRC2012_val_00008469_with_ILSVRC2012_val_00032391_rank987,585,585,0.42708,0
ILSVRC2012_val_00008469_with_ILSVRC2012_val_00039457_rank167,336,336,0.70303,0
ILSVRC2012_val_00008469_with_ILSVRC2012_val_00049109_rank503,868,949,0.80723,51
ILSVRC2012_val_00008469_with_ILSVRC2012_val_00030314_rank381,468,408,0.69519,35
ILSVRC2012_val_00008469_with_ILSVRC2012_val_00021439_rank705,683,683,0.49643,0
ILSVRC2012_val_00008469_with_ILSVRC2012_val_00005980_rank248,668,668,0.48501,0
ILSVRC2012_val_00008469_with_ILSVRC2012_val_00002527_rank112,449,449,0.33586,0
ILSVRC2012_val_00008469_with_ILSVRC2012_val_00039082_rank823,827,827,0.54356,0
ILSVRC2012_val_00008469_with_ILSVRC2012_val_00042425_rank815,443,443,0.65683,0
ILSVRC2012_val_00008469_with_ILSVRC2012_val_00038932_rank977,419,649,0.2051,741
ILSVRC2012_val_00008469_with_ILSVRC2012_val_00003756_rank471,848,482,0.27854,1
ILSVRC2012_val_00008469_with_ILSVRC2012_val_00022414_rank036,130,130,0.77123,0
ILSVRC2012_val_00008469_with_ILSVRC2012_val_00004761_rank668,776,776,0.68771,0
ILSVRC2012_val_00008469_with_ILSVRC2012_val_00022809_rank693,488,958,0.30302,443
ILSVRC2012_val_00008469_with_ILSVRC2012_val_00012622_rank253,935,618,0.34145,102
ILSVRC2012_val_00008469_with_ILSVRC2012_val_00002723_rank825,332,344,0.10291,671
ILSVRC2012_val_00008469_with_ILSVRC2012_val_00006649_rank514,256,295,0.45151,23
ILSVRC2012_val_00008469_with_ILSVRC2012_val_00012876_rank687,591,591,0.73636,0
ILSVRC2012_val_00008469_with_ILSVRC2012_val_00036557_rank150,390,51,0.20985,161
ILSVRC2012_val_00008469_with_ILSVRC2012_val_00002341_rank926,686,686,0.81598,0
ILSVRC2012_val_00008469_with_ILSVRC2012_val_00002447_rank284,279,279,0.85989,0
ILSVRC2012_val_00008469_with_ILSVRC2012_val_00024996_rank459,465,465,0.69177,0
ILSVRC2012_val_00008469_with_ILSVRC2012_val_00039032_rank161,311,977,0.07048,839
ILSVRC2012_val_00008469_with_ILSVRC2012_val_00046509_rank950,862,980,0.18638,10
ILSVRC2012_val_00008469_with_ILSVRC2012_val_00020860_rank271,492,492,0.76009,0
ILSVRC2012_val_00008469_with_ILSVRC2012_val_00020740_rank737,163,163,0.74632,0
ILSVRC2012_val_00008469_with_ILSVRC2012_val_00023086_rank040,289,289,0.79802,0
ILSVRC2012_val_00008469_with_ILSVRC2012_val_00034160_rank237,159,176,0.34911,25
ILSVRC2012_val_00008469_with_ILSVRC2012_val_00024683_rank269,349,355,0.14556,19
ILSVRC2012_val_00008469_with_ILSVRC2012_val_00001228_rank526,152,152,0.49245,0
ILSVRC2012_val_00008469_with_ILSVRC2012_val_00012395_rank244,184,185,0.28683,5
ILSVRC2012_val_00008469_with_ILSVRC2012_val_00008000_rank316,200,200,0.40917,0
ILSVRC2012_val_00008469_with_ILSVRC2012_val_00007108_rank008,346,346,0.82159,0
ILSVRC2012_val_00008469_with_ILSVRC2012_val_00015911_rank264,345,345,0.78792,0
ILSVRC2012_val_00008469_with_ILSVRC2012_val_00038199_rank335,361,361,0.89977,0
ILSVRC2012_val_00008469_with_ILSVRC2012_val_00021676_rank385,994,130,0.13549,66
ILSVRC2012_val_00008469_with_ILSVRC2012_val_00023385_rank419,72,72,0.57324,0
ILSVRC2012_val_00008469_with_ILSVRC2012_val_00046992_rank882,557,958,0.3847,145
ILSVRC2012_val_00008469_with_ILSVRC2012_val_00024203_rank899,746,746,0.67059,0
ILSVRC2012_val_00008469_with_ILSVRC2012_val_00017079_rank034,395,958,0.31313,559
ILSVRC2012_val_00008469_with_ILSVRC2012_val_00018066_rank576,627,408,0.50273,56
ILSVRC2012_val_00008469_with_ILSVRC2012_val_00039649_rank944,902,412,0.34179,999
ILSVRC2012_val_00008469_with_ILSVRC2012_val_00036736_rank717,425,425,0.82968,0
ILSVRC2012_val_00008469_with_ILSVRC2012_val_00040645_rank723,245,245,0.81915,0
ILSVRC2012_val_00008469_with_ILSVRC2012_val_00014552_rank574,505,899,0.35795,3
ILSVRC2012_val_00008469_with_ILSVRC2012_val_00043999_rank281,890,722,0.33419,9
ILSVRC2012_val_00008469_with_ILSVRC2012_val_00020984_rank719,583,649,0.17878,158
ILSVRC2012_val_00008469_with_ILSVRC2012_val_00027248_rank309,112,112,0.41275,0
ILSVRC2012_val_00008469_with_ILSVRC2012_val_00001897_rank687,591,591,0.19917,0
ILSVRC2012_val_00008469_with_ILSVRC2012_val_00016194_rank752,283,257,0.09822,36
ILSVRC2012_val_00008469_with_ILSVRC2012_val_00000891_rank706,932,932,0.36781,0
ILSVRC2012_val_00008469_with_ILSVRC2012_val_00009517_rank432,484,144,0.10122,35
ILSVRC2012_val_00008469_with_ILSVRC2012_val_00013130_rank465,665,665,0.74678,0
ILSVRC2012_val_00008469_with_ILSVRC2012_val_00037130_rank058,340,340,0.82173,0
ILSVRC2012_val_00008469_with_ILSVRC2012_val_00035663_rank305,407,654,0.63866,3
ILSVRC2012_val_00008469_with_ILSVRC2012_val_00002173_rank936,796,796,0.78626,0
ILSVRC2012_val_00008469_with_ILSVRC2012_val_00012025_rank975,432,913,0.37048,572
ILSVRC2012_val_00008469_with_ILSVRC2012_val_00017403_rank717,425,425,0.78853,0
ILSVRC2012_val_00008469_with_ILSVRC2012_val_00040655_rank978,763,597,0.46642,1
ILSVRC2012_val_00008469_with_ILSVRC2012_val_00006067_rank707,968,958,0.15485,147
ILSVRC2012_val_00008469_with_ILSVRC2012_val_00001285_rank716,399,501,0.35981,1
ILSVRC2012_val_00008469_with_ILSVRC2012_val_00004661_rank198,318,318,0.80124,0
ILSVRC2012_val_00008469_with_ILSVRC2012_val_00002873_rank919,883,725,0.56962,1
ILSVRC2012_val_00008469_with_ILSVRC2012_val_00003016_rank921,555,555,0.4601,0
ILSVRC2012_val_00008469_with_ILSVRC2012_val_00043278_rank932,566,566,0.8144,0
ILSVRC2012_val_00008469_with_ILSVRC2012_val_00037388_rank454,244,244,0.72172,0
ILSVRC2012_val_00008469_with_ILSVRC2012_val_00012005_rank339,397,397,0.71875,0
ILSVRC2012_val_00008469_with_ILSVRC2012_val_00007160_rank433,774,703,0.26739,60
ILSVRC2012_val_00008469_with_ILSVRC2012_val_00029330_rank627,552,730,0.32134,876
ILSVRC2012_val_00008469_with_ILSVRC2012_val_00022373_rank018,132,134,0.47322,3
ILSVRC2012_val_00008469_with_ILSVRC2012_val_00033118_rank962,818,958,0.05238,751
ILSVRC2012_val_00008469_with_ILSVRC2012_val_00044083_rank432,484,484,0.839,0
ILSVRC2012_val_00008469_with_ILSVRC2012_val_00006033_rank378,539,539,0.59047,0
ILSVRC2012_val_00008469_with_ILSVRC2012_val_00045352_rank671,185,186,0.46149,1
ILSVRC2012_val_00008469_with_ILSVRC2012_val_00048783_rank473,202,200,0.25352,8
ILSVRC2012_val_00008469_with_ILSVRC2012_val_00010108_rank878,786,505,0.24124,31
ILSVRC2012_val_00008469_with_ILSVRC2012_val_00034966_rank886,882,703,0.19799,991
ILSVRC2012_val_00008469_with_ILSVRC2012_val_00032944_rank533,817,408,0.8054,15
ILSVRC2012_val_00008469_with_ILSVRC2012_val_00001768_rank891,263,386,0.203,250
ILSVRC2012_val_00008469_with_ILSVRC2012_val_00013283_rank204,148,148,0.65681,0
ILSVRC2012_val_00008469_with_ILSVRC2012_val_00040816_rank285,724,913,0.20792,2
ILSVRC2012_val_00008469_with_ILSVRC2012_val_00032444_rank556,635,730,0.11137,643
ILSVRC2012_val_00008469_with_ILSVRC2012_val_00025680_rank927,178,178,0.62041,0
ILSVRC2012_val_00008469_with_ILSVRC2012_val_00018861_rank485,705,705,0.38862,0
ILSVRC2012_val_00008469_with_ILSVRC2012_val_00047420_rank884,784,703,0.38789,961
ILSVRC2012_val_00008469_with_ILSVRC2012_val_00005081_rank850,725,505,0.29974,4
ILSVRC2012_val_00008469_with_ILSVRC2012_val_00044917_rank545,886,886,0.7585,0
ILSVRC2012_val_00008469_with_ILSVRC2012_val_00013397_rank144,59,59,0.77989,0
ILSVRC2012_val_00008469_with_ILSVRC2012_val_00040430_rank977,419,701,0.61741,409
ILSVRC2012_val_00008469_with_ILSVRC2012_val_00006628_rank292,938,938,0.44189,0
ILSVRC2012_val_00008469_with_ILSVRC2012_val_00017847_rank137,609,609,0.81115,0
ILSVRC2012_val_00008469_with_ILSVRC2012_val_00038653_rank301,348,348,0.77179,0
ILSVRC2012_val_00008469_with_ILSVRC2012_val_00020334_rank714,595,595,0.83984,0
ILSVRC2012_val_00008469_with_ILSVRC2012_val_00003361_rank070,139,139,0.78628,0
ILSVRC2012_val_00008469_with_ILSVRC2012_val_00021268_rank956,452,958,0.11517,108
ILSVRC2012_val_00008469_with_ILSVRC2012_val_00013332_rank859,427,427,0.85798,0
ILSVRC2012_val_00008469_with_ILSVRC2012_val_00040960_rank789,861,435,0.61604,4
ILSVRC2012_val_00008469_with_ILSVRC2012_val_00032483_rank806,758,389,0.52995,3
ILSVRC2012_val_00008469_with_ILSVRC2012_val_00040000_rank123,82,82,0.59893,0
ILSVRC2012_val_00008469_with_ILSVRC2012_val_00045661_rank663,194,194,0.8027,0
ILSVRC2012_val_00008469_with_ILSVRC2012_val_00007191_rank501,834,501,0.13633,14
ILSVRC2012_val_00008469_with_ILSVRC2012_val_00049538_rank347,623,549,0.24237,7
ILSVRC2012_val_00008469_with_ILSVRC2012_val_00044045_rank804,400,400,0.60666,0
ILSVRC2012_val_00008469_with_ILSVRC2012_val_00030579_rank334,205,206,0.70078,2
ILSVRC2012_val_00008469_with_ILSVRC2012_val_00027583_rank176,232,231,0.37422,1
ILSVRC2012_val_00008469_with_ILSVRC2012_val_00006353_rank531,258,258,0.76182,0
ILSVRC2012_val_00008469_with_ILSVRC2012_val_00009520_rank998,696,958,0.27176,192
ILSVRC2012_val_00008469_with_ILSVRC2012_val_00007850_rank458,167,210,0.33836,3
ILSVRC2012_val_00008469_with_ILSVRC2012_val_00006117_rank610,713,713,0.36405,0
ILSVRC2012_val_00008469_with_ILSVRC2012_val_00045382_rank550,171,171,0.76493,0
ILSVRC2012_val_00008469_with_ILSVRC2012_val_00006237_rank629,616,144,0.36689,148
ILSVRC2012_val_00008469_with_ILSVRC2012_val_00005958_rank707,968,968,0.75357,0
ILSVRC2012_val_00008469_with_ILSVRC2012_val_00028501_rank501,834,834,0.36899,0
ILSVRC2012_val_00008469_with_ILSVRC2012_val_00040233_rank348,105,105,0.3555,0
ILSVRC2012_val_00008469_with_ILSVRC2012_val_00020130_rank904,812,812,0.3608,0
ILSVRC2012_val_00008469_with_ILSVRC2012_val_00013191_rank135,472,472,0.10255,0
ILSVRC2012_val_00008469_with_ILSVRC2012_val_00022341_rank422,213,213,0.45731,0
ILSVRC2012_val_00008469_with_ILSVRC2012_val_00024088_rank784,738,346,0.20057,306
ILSVRC2012_val_00008469_with_ILSVRC2012_val_00016350_rank185,89,89,0.88205,0
ILSVRC2012_val_00008469_with_ILSVRC2012_val_00035450_rank224,27,27,0.20741,0
ILSVRC2012_val_00008469_with_ILSVRC2012_val_00035545_rank099,329,147,0.52618,58
ILSVRC2012_val_00008469_with_ILSVRC2012_val_00022673_rank894,660,449,0.69004,3
ILSVRC2012_val_00008469_with_ILSVRC2012_val_00030789_rank308,654,654,0.84371,0
ILSVRC2012_val_00008469_with_ILSVRC2012_val_00049677_rank445,956,956,0.84538,0
ILSVRC2012_val_00008469_with_ILSVRC2012_val_00029917_rank854,568,568,0.23916,0
ILSVRC2012_val_00008469_with_ILSVRC2012_val_00007693_rank669,857,857,0.81289,0
ILSVRC2012_val_00008469_with_ILSVRC2012_val_00034737_rank603,182,182,0.74406,0
ILSVRC2012_val_00008469_with_ILSVRC2012_val_00020469_rank519,19,19,0.77479,0
ILSVRC2012_val_00008469_with_ILSVRC2012_val_00021008_rank895,850,975,0.10967,824
ILSVRC2012_val_00008469_with_ILSVRC2012_val_00006160_rank453,759,958,0.16667,703
ILSVRC2012_val_00008469_with_ILSVRC2012_val_00048269_rank645,107,346,0.18083,563
ILSVRC2012_val_00008469_with_ILSVRC2012_val_00029582_rank589,785,344,0.33324,772
ILSVRC2012_val_00008469_with_ILSVRC2012_val_00010576_rank206,365,344,0.42896,20
ILSVRC2012_val_00008469_with_ILSVRC2012_val_00021017_rank155,28,344,0.71148,160
ILSVRC2012_val_00008469_with_ILSVRC2012_val_00035367_rank141,4,88,0.16841,271
ILSVRC2012_val_00008469_with_ILSVRC2012_val_00004728_rank427,946,946,0.78957,0
ILSVRC2012_val_00008469_with_ILSVRC2012_val_00029939_rank048,290,288,0.38723,1
ILSVRC2012_val_00008469_with_ILSVRC2012_val_00018469_rank059,294,294,0.75322,0
ILSVRC2012_val_00008469_with_ILSVRC2012_val_00039575_rank380,658,658,0.81494,0
ILSVRC2012_val_00008469_with_ILSVRC2012_val_00045168_rank971,811,681,0.19351,188
ILSVRC2012_val_00008469_with_ILSVRC2012_val_00044847_rank725,651,897,0.14102,6
ILSVRC2012_val_00008469_with_ILSVRC2012_val_00041369_rank838,657,895,0.19402,2
ILSVRC2012_val_00008469_with_ILSVRC2012_val_00042931_rank992,749,134,0.29372,479
ILSVRC2012_val_00008469_with_ILSVRC2012_val_00045354_rank185,89,89,0.86724,0
ILSVRC2012_val_00008469_with_ILSVRC2012_val_00043067_rank289,375,375,0.77466,0
ILSVRC2012_val_00008469_with_ILSVRC2012_val_00015089_rank376,914,914,0.63753,0
ILSVRC2012_val_00008469_with_ILSVRC2012_val_00037761_rank653,413,413,0.23438,0
ILSVRC2012_val_00008469_with_ILSVRC2012_val_00048758_rank644,804,958,0.33983,926
ILSVRC2012_val_00008469_with_ILSVRC2012_val_00049593_rank887,594,594,0.7962,0
ILSVRC2012_val_00008469_with_ILSVRC2012_val_00024323_rank717,425,425,0.61964,0
ILSVRC2012_val_00008469_with_ILSVRC2012_val_00024246_rank318,217,217,0.82902,0
ILSVRC2012_val_00008469_with_ILSVRC2012_val_00026243_rank186,961,344,0.67168,577
ILSVRC2012_val_00008469_with_ILSVRC2012_val_00035952_rank288,179,179,0.34128,0
ILSVRC2012_val_00008469_with_ILSVRC2012_val_00019509_rank137,609,609,0.8348,0
ILSVRC2012_val_00008469_with_ILSVRC2012_val_00047888_rank921,555,569,0.67278,5
ILSVRC2012_val_00008469_with_ILSVRC2012_val_00003252_rank942,846,846,0.5171,0
ILSVRC2012_val_00008469_with_ILSVRC2012_val_00029693_rank435,204,204,0.57073,0
ILSVRC2012_val_00008469_with_ILSVRC2012_val_00038626_rank175,242,245,0.74241,6
ILSVRC2012_val_00008469_with_ILSVRC2012_val_00035925_rank845,560,730,0.34826,437
ILSVRC2012_val_00008469_with_ILSVRC2012_val_00004667_rank412,516,516,0.74513,0
ILSVRC2012_val_00008469_with_ILSVRC2012_val_00035864_rank877,656,656,0.61981,0
ILSVRC2012_val_00008469_with_ILSVRC2012_val_00025777_rank772,417,595,0.34131,67
ILSVRC2012_val_00008469_with_ILSVRC2012_val_00039659_rank800,162,162,0.76839,0
ILSVRC2012_val_00008469_with_ILSVRC2012_val_00034647_rank030,42,50,0.31007,37
ILSVRC2012_val_00008469_with_ILSVRC2012_val_00016642_rank320,198,198,0.78643,0
ILSVRC2012_val_00008469_with_ILSVRC2012_val_00041873_rank381,468,436,0.53452,1
ILSVRC2012_val_00008469_with_ILSVRC2012_val_00004677_rank173,1,701,0.82733,293
ILSVRC2012_val_00008469_with_ILSVRC2012_val_00029474_rank999,772,693,0.73936,767
ILSVRC2012_val_00008469_with_ILSVRC2012_val_00008311_rank764,161,161,0.86082,0
ILSVRC2012_val_00008469_with_ILSVRC2012_val_00013836_rank416,852,752,0.70455,1
ILSVRC2012_val_00008469_with_ILSVRC2012_val_00022951_rank165,334,386,0.24837,124
ILSVRC2012_val_00008469_with_ILSVRC2012_val_00010701_rank131,350,350,0.82095,0
ILSVRC2012_val_00008469_with_ILSVRC2012_val_00022405_rank1000,589,895,0.58292,540
ILSVRC2012_val_00008469_with_ILSVRC2012_val_00019059_rank554,356,354,0.79269,669
ILSVRC2012_val_00008469_with_ILSVRC2012_val_00034707_rank725,651,651,0.64605,0
ILSVRC2012_val_00008469_with_ILSVRC2012_val_00015795_rank447,74,74,0.21472,0
ILSVRC2012_val_00008469_with_ILSVRC2012_val_00017661_rank871,434,346,0.32393,780
ILSVRC2012_val_00008469_with_ILSVRC2012_val_00044006_rank329,962,958,0.15446,294
ILSVRC2012_val_00008469_with_ILSVRC2012_val_00045235_rank894,660,449,0.73019,3
ILSVRC2012_val_00008469_with_ILSVRC2012_val_00032736_rank903,507,507,0.79173,0
ILSVRC2012_val_00008469_with_ILSVRC2012_val_00010580_rank642,939,939,0.79382,0
ILSVRC2012_val_00008469_with_ILSVRC2012_val_00049044_rank541,268,268,0.3871,0
ILSVRC2012_val_00008469_with_ILSVRC2012_val_00033863_rank009,30,730,0.30466,581
ILSVRC2012_val_00008469_with_ILSVRC2012_val_00027995_rank139,357,856,0.07919,285
ILSVRC2012_val_00008469_with_ILSVRC2012_val_00015214_rank410,783,733,0.2682,192
ILSVRC2012_val_00008469_with_ILSVRC2012_val_00021513_rank193,317,317,0.74792,0
ILSVRC2012_val_00008469_with_ILSVRC2012_val_00015113_rank368,331,331,0.74125,0
ILSVRC2012_val_00008469_with_ILSVRC2012_val_00029013_rank214,115,801,0.20814,111
ILSVRC2012_val_00008469_with_ILSVRC2012_val_00012735_rank047,298,336,0.68621,4
ILSVRC2012_val_00008469_with_ILSVRC2012_val_00031242_rank793,459,459,0.89169,0
ILSVRC2012_val_00008469_with_ILSVRC2012_val_00040222_rank658,240,240,0.35897,0
ILSVRC2012_val_00008469_with_ILSVRC2012_val_00012834_rank663,194,194,0.81505,0
ILSVRC2012_val_00008469_with_ILSVRC2012_val_00028260_rank044,103,150,0.30589,18
ILSVRC2012_val_00008469_with_ILSVRC2012_val_00048861_rank204,148,148,0.76005,0
ILSVRC2012_val_00008469_with_ILSVRC2012_val_00037482_rank948,790,790,0.8636,0
ILSVRC2012_val_00008469_with_ILSVRC2012_val_00036456_rank616,682,682,0.53526,0
ILSVRC2012_val_00008469_with_ILSVRC2012_val_00010047_rank361,286,286,0.83711,0
ILSVRC2012_val_00008469_with_ILSVRC2012_val_00037630_rank095,269,269,0.81728,0
ILSVRC2012_val_00008469_with_ILSVRC2012_val_00021013_rank674,546,546,0.79134,0
ILSVRC2012_val_00008469_with_ILSVRC2012_val_00011829_rank716,399,501,0.28971,1
ILSVRC2012_val_00008469_with_ILSVRC2012_val_00032130_rank154,3,344,0.62943,68
ILSVRC2012_val_00008469_with_ILSVRC2012_val_00026818_rank696,897,897,0.77467,0
ILSVRC2012_val_00008469_with_ILSVRC2012_val_00034970_rank053,60,49,0.67393,33
ILSVRC2012_val_00008469_with_ILSVRC2012_val_00006582_rank224,27,27,0.77333,0
ILSVRC2012_val_00008469_with_ILSVRC2012_val_00006814_rank065,137,137,0.8248,0
ILSVRC2012_val_00008469_with_ILSVRC2012_val_00012898_rank091,106,346,0.49241,66
ILSVRC2012_val_00008469_with_ILSVRC2012_val_00021770_rank790,923,961,0.20865,47
ILSVRC2012_val_00008469_with_ILSVRC2012_val_00010669_rank022,34,34,0.7972,0
ILSVRC2012_val_00008469_with_ILSVRC2012_val_00009697_rank086,119,39,0.71875,26
ILSVRC2012_val_00008469_with_ILSVRC2012_val_00042205_rank267,186,186,0.8016,0
ILSVRC2012_val_00008469_with_ILSVRC2012_val_00035702_rank841,597,609,0.15357,396
ILSVRC2012_val_00008469_with_ILSVRC2012_val_00011573_rank889,224,205,0.51915,1
ILSVRC2012_val_00008469_with_ILSVRC2012_val_00045912_rank954,165,164,0.31473,1
ILSVRC2012_val_00008469_with_ILSVRC2012_val_00002027_rank198,318,318,0.80547,0
ILSVRC2012_val_00008469_with_ILSVRC2012_val_00046074_rank372,73,9,0.11637,257
ILSVRC2012_val_00008469_with_ILSVRC2012_val_00001144_rank807,569,569,0.82973,0
ILSVRC2012_val_00008469_with_ILSVRC2012_val_00020232_rank980,542,733,0.29663,36
ILSVRC2012_val_00008469_with_ILSVRC2012_val_00020669_rank506,854,854,0.7047,0
ILSVRC2012_val_00008469_with_ILSVRC2012_val_00047151_rank153,369,367,0.35127,2
ILSVRC2012_val_00008469_with_ILSVRC2012_val_00047226_rank310,108,108,0.79395,0
ILSVRC2012_val_00008469_with_ILSVRC2012_val_00025270_rank708,733,958,0.16382,55
ILSVRC2012_val_00008469_with_ILSVRC2012_val_00004022_rank443,998,941,0.82292,31
ILSVRC2012_val_00008469_with_ILSVRC2012_val_00008760_rank386,180,180,0.79608,0
ILSVRC2012_val_00008469_with_ILSVRC2012_val_00018325_rank274,743,707,0.13764,68
ILSVRC2012_val_00008469_with_ILSVRC2012_val_00031086_rank259,11,11,0.14073,0
ILSVRC2012_val_00008469_with_ILSVRC2012_val_00048207_rank425,997,971,0.31849,968
ILSVRC2012_val_00008469_with_ILSVRC2012_val_00041453_rank843,747,747,0.81856,0
ILSVRC2012_val_00008469_with_ILSVRC2012_val_00036796_rank507,241,241,0.39219,0
ILSVRC2012_val_00008469_with_ILSVRC2012_val_00045152_rank225,671,514,0.16542,889
ILSVRC2012_val_00008469_with_ILSVRC2012_val_00031468_rank545,886,886,0.69016,0
ILSVRC2012_val_00008469_with_ILSVRC2012_val_00025016_rank493,607,607,0.85504,0
ILSVRC2012_val_00008469_with_ILSVRC2012_val_00030214_rank547,710,412,0.77443,43
ILSVRC2012_val_00008469_with_ILSVRC2012_val_00010454_rank096,377,377,0.49951,0
ILSVRC2012_val_00008469_with_ILSVRC2012_val_00026737_rank235,371,371,0.83239,0
ILSVRC2012_val_00008469_with_ILSVRC2012_val_00008934_rank073,136,136,0.68427,0
ILSVRC2012_val_00008469_with_ILSVRC2012_val_00039221_rank545,886,886,0.91285,0
ILSVRC2012_val_00008469_with_ILSVRC2012_val_00000553_rank217,367,367,0.80014,0
ILSVRC2012_val_00008469_with_ILSVRC2012_val_00030355_rank957,502,502,0.88006,0
ILSVRC2012_val_00008469_with_ILSVRC2012_val_00026662_rank251,354,354,0.1722,0
ILSVRC2012_val_00008469_with_ILSVRC2012_val_00016064_rank657,729,729,0.59498,0
ILSVRC2012_val_00008469_with_ILSVRC2012_val_00025906_rank315,489,134,0.10733,76
ILSVRC2012_val_00008469_with_ILSVRC2012_val_00025213_rank039,292,292,0.46764,0
ILSVRC2012_val_00008469_with_ILSVRC2012_val_00006709_rank008,346,346,0.80137,0
ILSVRC2012_val_00008469_with_ILSVRC2012_val_00027836_rank058,340,340,0.79067,0
ILSVRC2012_val_00008469_with_ILSVRC2012_val_00033982_rank341,239,239,0.59372,0
ILSVRC2012_val_00008469_with_ILSVRC2012_val_00031865_rank052,274,274,0.76389,0
ILSVRC2012_val_00008469_with_ILSVRC2012_val_00039711_rank316,200,200,0.8241,0
ILSVRC2012_val_00008469_with_ILSVRC2012_val_00046927_rank180,698,449,0.39252,26
ILSVRC2012_val_00008469_with_ILSVRC2012_val_00004210_rank462,314,346,0.34631,501
ILSVRC2012_val_00008469_with_ILSVRC2012_val_00031433_rank656,190,229,0.6695,7
ILSVRC2012_val_00008469_with_ILSVRC2012_val_00020444_rank906,572,649,0.26193,558
ILSVRC2012_val_00008469_with_ILSVRC2012_val_00044392_rank839,653,653,0.6382,0
ILSVRC2012_val_00008469_with_ILSVRC2012_val_00044477_rank680,787,787,0.72605,0
ILSVRC2012_val_00008469_with_ILSVRC2012_val_00016694_rank151,299,299,0.47278,0
ILSVRC2012_val_00008469_with_ILSVRC2012_val_00039080_rank178,123,51,0.18877,91
ILSVRC2012_val_00008469_with_ILSVRC2012_val_00022077_rank440,878,878,0.75017,0
ILSVRC2012_val_00008469_with_ILSVRC2012_val_00012396_rank441,430,417,0.61521,42
ILSVRC2012_val_00008469_with_ILSVRC2012_val_00000452_rank365,734,734,0.82266,0
ILSVRC2012_val_00008469_with_ILSVRC2012_val_00000095_rank247,373,373,0.70552,0
ILSVRC2012_val_00008469_with_ILSVRC2012_val_00029940_rank793,459,472,0.43038,824
ILSVRC2012_val_00008469_with_ILSVRC2012_val_00038342_rank007,67,67,0.88385,0
ILSVRC2012_val_00008469_with_ILSVRC2012_val_00031868_rank550,171,171,0.76582,0
ILSVRC2012_val_00008469_with_ILSVRC2012_val_00045470_rank715,477,477,0.52903,0
ILSVRC2012_val_00008469_with_ILSVRC2012_val_00015315_rank951,731,9,0.14083,899
ILSVRC2012_val_00008469_with_ILSVRC2012_val_00005735_rank069,273,104,0.44266,20
ILSVRC2012_val_00008469_with_ILSVRC2012_val_00025552_rank578,672,672,0.71755,0
ILSVRC2012_val_00008469_with_ILSVRC2012_val_00028938_rank089,296,296,0.56118,0
ILSVRC2012_val_00008469_with_ILSVRC2012_val_00041058_rank667,517,517,0.80245,0
ILSVRC2012_val_00008469_with_ILSVRC2012_val_00020166_rank312,533,533,0.86211,0
ILSVRC2012_val_00008469_with_ILSVRC2012_val_00017552_rank325,303,303,0.79634,0
ILSVRC2012_val_00008469_with_ILSVRC2012_val_00025130_rank027,98,98,0.85393,0
ILSVRC2012_val_00008469_with_ILSVRC2012_val_00026675_rank663,194,194,0.78691,0
ILSVRC2012_val_00008469_with_ILSVRC2012_val_00001936_rank555,954,954,0.46836,0
ILSVRC2012_val_00008469_with_ILSVRC2012_val_00045129_rank011,62,62,0.48812,0
ILSVRC2012_val_00008469_with_ILSVRC2012_val_00012521_rank094,69,701,0.1794,894
ILSVRC2012_val_00008469_with_ILSVRC2012_val_00004283_rank613,756,756,0.56306,0
ILSVRC2012_val_00008469_with_ILSVRC2012_val_00007763_rank323,576,472,0.59153,2
ILSVRC2012_val_00008469_with_ILSVRC2012_val_00024914_rank179,93,93,0.75844,0
ILSVRC2012_val_00008469_with_ILSVRC2012_val_00045184_rank784,738,738,0.13546,0
ILSVRC2012_val_00008469_with_ILSVRC2012_val_00043290_rank815,443,443,0.91386,0
ILSVRC2012_val_00008469_with_ILSVRC2012_val_00027595_rank988,448,448,0.3002,0
ILSVRC2012_val_00008469_with_ILSVRC2012_val_00005236_rank118,144,99,0.3509,6
ILSVRC2012_val_00008469_with_ILSVRC2012_val_00022985_rank722,761,590,0.48384,3
ILSVRC2012_val_00008469_with_ILSVRC2012_val_00028367_rank461,578,501,0.23803,8
ILSVRC2012_val_00008469_with_ILSVRC2012_val_00027338_rank546,462,462,0.16206,0
ILSVRC2012_val_00008469_with_ILSVRC2012_val_00047725_rank697,800,800,0.78161,0
ILSVRC2012_val_00008469_with_ILSVRC2012_val_00025866_rank275,888,888,0.81986,0
ILSVRC2012_val_00008469_with_ILSVRC2012_val_00048975_rank363,985,985,0.77783,0
ILSVRC2012_val_00008469_with_ILSVRC2012_val_00007311_rank489,895,895,0.35664,0
ILSVRC2012_val_00008469_with_ILSVRC2012_val_00049395_rank142,51,51,0.85086,0
ILSVRC2012_val_00008469_with_ILSVRC2012_val_00035338_rank939,855,958,0.29203,195
ILSVRC2012_val_00008469_with_ILSVRC2012_val_00027069_rank361,286,286,0.56757,0
ILSVRC2012_val_00008469_with_ILSVRC2012_val_00021962_rank089,296,296,0.8339,0
ILSVRC2012_val_00008469_with_ILSVRC2012_val_00042795_rank886,882,882,0.58334,0
ILSVRC2012_val_00008469_with_ILSVRC2012_val_00030792_rank605,302,302,0.69342,0
ILSVRC2012_val_00008469_with_ILSVRC2012_val_00001319_rank446,773,505,0.82093,2
ILSVRC2012_val_00008469_with_ILSVRC2012_val_00041156_rank089,296,296,0.37412,0
ILSVRC2012_val_00008469_with_ILSVRC2012_val_00029516_rank820,613,613,0.68019,0
ILSVRC2012_val_00008469_with_ILSVRC2012_val_00045604_rank338,328,276,0.27462,559
ILSVRC2012_val_00008469_with_ILSVRC2012_val_00018104_rank441,430,958,0.12658,341
ILSVRC2012_val_00008469_with_ILSVRC2012_val_00000504_rank437,540,595,0.14239,24
ILSVRC2012_val_00008469_with_ILSVRC2012_val_00019402_rank267,186,263,0.44552,17
ILSVRC2012_val_00008469_with_ILSVRC2012_val_00020252_rank738,881,579,0.76191,1
ILSVRC2012_val_00008469_with_ILSVRC2012_val_00001946_rank502,590,918,0.13936,23
ILSVRC2012_val_00008469_with_ILSVRC2012_val_00035577_rank670,285,290,0.20336,8
ILSVRC2012_val_00008469_with_ILSVRC2012_val_00007928_rank982,254,254,0.80174,0
ILSVRC2012_val_00008469_with_ILSVRC2012_val_00003620_rank932,566,566,0.87069,0
ILSVRC2012_val_00008469_with_ILSVRC2012_val_00042821_rank798,475,475,0.73779,0
ILSVRC2012_val_00008469_with_ILSVRC2012_val_00032715_rank485,705,703,0.29187,118
ILSVRC2012_val_00008469_with_ILSVRC2012_val_00000176_rank442,199,199,0.85324,0
ILSVRC2012_val_00008469_with_ILSVRC2012_val_00022355_rank331,88,88,0.81846,0
ILSVRC2012_val_00008469_with_ILSVRC2012_val_00024667_rank436,925,925,0.29316,0
ILSVRC2012_val_00008469_with_ILSVRC2012_val_00008128_rank648,957,417,0.25644,654
ILSVRC2012_val_00008469_with_ILSVRC2012_val_00034669_rank003,48,48,0.77714,0
ILSVRC2012_val_00008469_with_ILSVRC2012_val_00018532_rank063,101,386,0.27067,2
ILSVRC2012_val_00008469_with_ILSVRC2012_val_00015701_rank591,236,158,0.35462,23
ILSVRC2012_val_00008469_with_ILSVRC2012_val_00011975_rank972,708,682,0.47306,1
ILSVRC2012_val_00008469_with_ILSVRC2012_val_00044876_rank194,388,388,0.8295,0
ILSVRC2012_val_00008469_with_ILSVRC2012_val_00003188_rank502,590,590,0.58538,0
ILSVRC2012_val_00008469_with_ILSVRC2012_val_00016822_rank964,518,518,0.53981,0
ILSVRC2012_val_00008469_with_ILSVRC2012_val_00022898_rank542,915,915,0.7871,0
ILSVRC2012_val_00008469_with_ILSVRC2012_val_00035701_rank688,856,856,0.49146,0
ILSVRC2012_val_00008469_with_ILSVRC2012_val_00037387_rank453,759,759,0.6576,0
ILSVRC2012_val_00008469_with_ILSVRC2012_val_00002989_rank658,240,238,0.79663,2
ILSVRC2012_val_00008469_with_ILSVRC2012_val_00026549_rank121,825,460,0.27514,2
ILSVRC2012_val_00008469_with_ILSVRC2012_val_00022936_rank362,751,751,0.77506,0
ILSVRC2012_val_00008469_with_ILSVRC2012_val_00046248_rank393,113,113,0.75407,0
ILSVRC2012_val_00008469_with_ILSVRC2012_val_00043978_rank084,46,49,0.41294,88
ILSVRC2012_val_00008469_with_ILSVRC2012_val_00047331_rank671,185,185,0.76608,0
ILSVRC2012_val_00008469_with_ILSVRC2012_val_00039375_rank960,813,425,0.34518,608
ILSVRC2012_val_00008469_with_ILSVRC2012_val_00039762_rank936,796,643,0.21897,1
ILSVRC2012_val_00008469_with_ILSVRC2012_val_00012776_rank885,655,344,0.71004,959
ILSVRC2012_val_00008469_with_ILSVRC2012_val_00004560_rank221,197,197,0.73385,0
ILSVRC2012_val_00008469_with_ILSVRC2012_val_00008425_rank859,427,427,0.81133,0
ILSVRC2012_val_00008469_with_ILSVRC2012_val_00020553_rank800,162,166,0.17932,2
ILSVRC2012_val_00008469_with_ILSVRC2012_val_00033517_rank403,52,386,0.49023,654
ILSVRC2012_val_00008469_with_ILSVRC2012_val_00002622_rank218,55,958,0.11809,290
ILSVRC2012_val_00008469_with_ILSVRC2012_val_00017860_rank335,361,386,0.10025,611
ILSVRC2012_val_00008469_with_ILSVRC2012_val_00040475_rank296,936,936,0.85964,0
ILSVRC2012_val_00008469_with_ILSVRC2012_val_00009179_rank128,408,595,0.2052,21
ILSVRC2012_val_00008469_with_ILSVRC2012_val_00030857_rank208,972,976,0.10103,1
ILSVRC2012_val_00008469_with_ILSVRC2012_val_00037831_rank036,130,130,0.8286,0
ILSVRC2012_val_00008469_with_ILSVRC2012_val_00047663_rank463,887,887,0.14721,0
ILSVRC2012_val_00008469_with_ILSVRC2012_val_00010522_rank014,58,58,0.11187,0
ILSVRC2012_val_00008469_with_ILSVRC2012_val_00011423_rank561,209,209,0.19451,0
ILSVRC2012_val_00008469_with_ILSVRC2012_val_00021362_rank449,201,201,0.22321,0
ILSVRC2012_val_00008469_with_ILSVRC2012_val_00028052_rank473,202,202,0.31299,0
ILSVRC2012_val_00008469_with_ILSVRC2012_val_00008441_rank676,188,188,0.79231,0
ILSVRC2012_val_00008469_with_ILSVRC2012_val_00000103_rank910,872,872,0.52204,0
ILSVRC2012_val_00008469_with_ILSVRC2012_val_00015331_rank768,513,471,0.74025,53
ILSVRC2012_val_00008469_with_ILSVRC2012_val_00004136_rank140,79,730,0.16876,407
ILSVRC2012_val_00008469_with_ILSVRC2012_val_00007194_rank987,585,898,0.39199,11
ILSVRC2012_val_00008469_with_ILSVRC2012_val_00008003_rank359,243,243,0.77281,0
ILSVRC2012_val_00008469_with_ILSVRC2012_val_00040057_rank715,477,703,0.64711,942
ILSVRC2012_val_00008469_with_ILSVRC2012_val_00034974_rank765,614,958,0.31605,655
ILSVRC2012_val_00008469_with_ILSVRC2012_val_00022195_rank295,364,364,0.65487,0
ILSVRC2012_val_00008469_with_ILSVRC2012_val_00027175_rank529,519,519,0.76961,0
ILSVRC2012_val_00008469_with_ILSVRC2012_val_00026951_rank263,931,150,0.49907,299
ILSVRC2012_val_00008469_with_ILSVRC2012_val_00007070_rank967,469,469,0.7641,0
ILSVRC2012_val_00008469_with_ILSVRC2012_val_00036159_rank514,256,205,0.35416,1
ILSVRC2012_val_00008469_with_ILSVRC2012_val_00021031_rank893,999,958,0.83025,178
ILSVRC2012_val_00008469_with_ILSVRC2012_val_00024118_rank295,364,9,0.87173,136
ILSVRC2012_val_00008469_with_ILSVRC2012_val_00040474_rank133,22,23,0.60204,2
ILSVRC2012_val_00008469_with_ILSVRC2012_val_00040124_rank867,704,704,0.84164,0
ILSVRC2012_val_00008469_with_ILSVRC2012_val_00025825_rank081,147,147,0.80164,0
ILSVRC2012_val_00008469_with_ILSVRC2012_val_00019316_rank942,846,637,0.13714,408
ILSVRC2012_val_00008469_with_ILSVRC2012_val_00007963_rank740,208,208,0.83457,0
ILSVRC2012_val_00008469_with_ILSVRC2012_val_00025867_rank064,61,344,0.44523,220
ILSVRC2012_val_00008469_with_ILSVRC2012_val_00012171_rank245,253,253,0.95584,0
ILSVRC2012_val_00008469_with_ILSVRC2012_val_00020102_rank551,899,899,0.41109,0
ILSVRC2012_val_00008469_with_ILSVRC2012_val_00006116_rank041,128,128,0.75105,0
ILSVRC2012_val_00008469_with_ILSVRC2012_val_00041766_rank601,315,730,0.50518,325
ILSVRC2012_val_00008469_with_ILSVRC2012_val_00047946_rank633,487,487,0.55573,0
ILSVRC2012_val_00008469_with_ILSVRC2012_val_00016703_rank055,64,64,0.5491,0
ILSVRC2012_val_00008469_with_ILSVRC2012_val_00038976_rank670,285,285,0.24915,0
ILSVRC2012_val_00008469_with_ILSVRC2012_val_00028696_rank841,597,597,0.67342,0
ILSVRC2012_val_00008469_with_ILSVRC2012_val_00013710_rank443,998,958,0.15571,16
ILSVRC2012_val_00008469_with_ILSVRC2012_val_00009224_rank245,253,253,0.72319,0
ILSVRC2012_val_00008469_with_ILSVRC2012_val_00015225_rank410,783,783,0.52161,0
ILSVRC2012_val_00008469_with_ILSVRC2012_val_00015656_rank569,522,574,0.39149,1
ILSVRC2012_val_00008469_with_ILSVRC2012_val_00004111_rank482,648,648,0.83016,0
ILSVRC2012_val_00008469_with_ILSVRC2012_val_00023349_rank798,475,475,0.7943,0
ILSVRC2012_val_00008469_with_ILSVRC2012_val_00020884_rank797,534,534,0.47372,0
ILSVRC2012_val_00008469_with_ILSVRC2012_val_00031174_rank796,836,463,0.44851,150
ILSVRC2012_val_00008469_with_ILSVRC2012_val_00017132_rank561,209,209,0.6568,0
ILSVRC2012_val_00008469_with_ILSVRC2012_val_00017000_rank535,550,550,0.75826,0
ILSVRC2012_val_00008469_with_ILSVRC2012_val_00000293_rank132,0,958,0.25987,929
ILSVRC2012_val_00008469_with_ILSVRC2012_val_00037593_rank788,237,197,0.24372,71
ILSVRC2012_val_00008469_with_ILSVRC2012_val_00034195_rank714,595,595,0.83787,0
ILSVRC2012_val_00008469_with_ILSVRC2012_val_00003191_rank452,306,306,0.46509,0
ILSVRC2012_val_00008469_with_ILSVRC2012_val_00008682_rank289,375,375,0.83168,0
ILSVRC2012_val_00008469_with_ILSVRC2012_val_00023911_rank446,773,773,0.20044,0
ILSVRC2012_val_00008469_with_ILSVRC2012_val_00047233_rank831,567,567,0.69629,0
ILSVRC2012_val_00008469_with_ILSVRC2012_val_00038223_rank286,384,369,0.12082,16
ILSVRC2012_val_00008469_with_ILSVRC2012_val_00020785_rank173,1,1,0.78152,0
ILSVRC2012_val_00008469_with_ILSVRC2012_val_00008930_rank662,196,196,0.70999,0
ILSVRC2012_val_00008469_with_ILSVRC2012_val_00046614_rank735,438,999,0.13992,524
ILSVRC2012_val_00008469_with_ILSVRC2012_val_00036494_rank393,113,113,0.76842,0
ILSVRC2012_val_00008469_with_ILSVRC2012_val_00026374_rank216,341,341,0.57094,0
ILSVRC2012_val_00008469_with_ILSVRC2012_val_00038556_rank053,60,24,0.22596,310
ILSVRC2012_val_00008469_with_ILSVRC2012_val_00031185_rank752,283,250,0.09923,47
ILSVRC2012_val_00008469_with_ILSVRC2012_val_00000765_rank583,732,732,0.11359,0
ILSVRC2012_val_00008469_with_ILSVRC2012_val_00038192_rank519,19,19,0.82603,0
ILSVRC2012_val_00008469_with_ILSVRC2012_val_00001127_rank878,786,479,0.49116,372
ILSVRC2012_val_00008469_with_ILSVRC2012_val_00026869_rank077,272,272,0.71506,0
ILSVRC2012_val_00008469_with_ILSVRC2012_val_00026006_rank419,72,958,0.45842,600
ILSVRC2012_val_00008469_with_ILSVRC2012_val_00038898_rank457,933,933,0.84609,0
ILSVRC2012_val_00008469_with_ILSVRC2012_val_00030274_rank127,690,690,0.27539,0
ILSVRC2012_val_00008469_with_ILSVRC2012_val_00019119_rank670,285,285,0.48146,0
ILSVRC2012_val_00008469_with_ILSVRC2012_val_00035124_rank439,458,458,0.18845,0
ILSVRC2012_val_00008469_with_ILSVRC2012_val_00029826_rank501,834,834,0.06963,0
ILSVRC2012_val_00008469_with_ILSVRC2012_val_00004013_rank020,386,386,0.82944,0
ILSVRC2012_val_00008469_with_ILSVRC2012_val_00035860_rank728,896,755,0.48809,243
ILSVRC2012_val_00008469_with_ILSVRC2012_val_00031379_rank888,841,958,0.13863,887
ILSVRC2012_val_00008469_with_ILSVRC2012_val_00001662_rank054,37,37,0.72259,0
ILSVRC2012_val_00008469_with_ILSVRC2012_val_00033360_rank161,311,311,0.85543,0
ILSVRC2012_val_00008469_with_ILSVRC2012_val_00034763_rank285,724,724,0.77178,0
ILSVRC2012_val_00008469_with_ILSVRC2012_val_00047258_rank266,81,81,0.72422,0
ILSVRC2012_val_00008469_with_ILSVRC2012_val_00024544_rank897,637,637,0.82758,0
ILSVRC2012_val_00008469_with_ILSVRC2012_val_00012759_rank006,39,369,0.03933,104
ILSVRC2012_val_00008469_with_ILSVRC2012_val_00043672_rank205,211,180,0.55193,19
ILSVRC2012_val_00008469_with_ILSVRC2012_val_00017876_rank535,550,899,0.64271,15
ILSVRC2012_val_00008469_with_ILSVRC2012_val_00045363_rank422,213,207,0.43811,2
ILSVRC2012_val_00008469_with_ILSVRC2012_val_00017343_rank732,677,677,0.2228,0
ILSVRC2012_val_00008469_with_ILSVRC2012_val_00005576_rank017,20,20,0.78229,0
ILSVRC2012_val_00008469_with_ILSVRC2012_val_00017810_rank391,622,622,0.85436,0
ILSVRC2012_val_00008469_with_ILSVRC2012_val_00025513_rank277,904,449,0.32978,50
ILSVRC2012_val_00008469_with_ILSVRC2012_val_00039570_rank219,853,958,0.33444,5
ILSVRC2012_val_00008469_with_ILSVRC2012_val_00022314_rank194,388,388,0.35702,0
ILSVRC2012_val_00008469_with_ILSVRC2012_val_00035575_rank358,687,687,0.34153,0
ILSVRC2012_val_00008469_with_ILSVRC2012_val_00011162_rank121,825,825,0.82202,0
ILSVRC2012_val_00008469_with_ILSVRC2012_val_00026607_rank389,437,437,0.86708,0
ILSVRC2012_val_00008469_with_ILSVRC2012_val_00015555_rank172,6,6,0.60745,0
ILSVRC2012_val_00008469_with_ILSVRC2012_val_00040868_rank710,673,412,0.67635,352
ILSVRC2012_val_00008469_with_ILSVRC2012_val_00030802_rank276,694,694,0.71087,0
ILSVRC2012_val_00008469_with_ILSVRC2012_val_00036119_rank225,671,671,0.73774,0
ILSVRC2012_val_00008469_with_ILSVRC2012_val_00037729_rank001,49,49,0.8267,0
ILSVRC2012_val_00008469_with_ILSVRC2012_val_00002562_rank845,560,560,0.88379,0
ILSVRC2012_val_00008469_with_ILSVRC2012_val_00018703_rank911,203,203,0.84843,0
ILSVRC2012_val_00008469_with_ILSVRC2012_val_00013488_rank903,507,913,0.12535,724
ILSVRC2012_val_00008469_with_ILSVRC2012_val_00033078_rank331,88,88,0.83942,0
ILSVRC2012_val_00008469_with_ILSVRC2012_val_00017639_rank045,142,142,0.85153,0
ILSVRC2012_val_00008469_with_ILSVRC2012_val_00041935_rank515,554,437,0.12629,23
ILSVRC2012_val_00008469_with_ILSVRC2012_val_00026465_rank612,17,17,0.69337,0
ILSVRC2012_val_00008469_with_ILSVRC2012_val_00026967_rank027,98,98,0.85399,0
ILSVRC2012_val_00008469_with_ILSVRC2012_val_00039553_rank227,282,282,0.42818,0
ILSVRC2012_val_00008469_with_ILSVRC2012_val_00028275_rank100,280,280,0.6428,0
ILSVRC2012_val_00008469_with_ILSVRC2012_val_00000941_rank124,56,56,0.87653,0
ILSVRC2012_val_00008469_with_ILSVRC2012_val_00023012_rank438,220,220,0.46353,0
ILSVRC2012_val_00008469_with_ILSVRC2012_val_00027957_rank465,665,595,0.79807,35
ILSVRC2012_val_00008469_with_ILSVRC2012_val_00014773_rank990,284,284,0.71665,0
ILSVRC2012_val_00008469_with_ILSVRC2012_val_00038985_rank387,633,458,0.48125,289
ILSVRC2012_val_00008469_with_ILSVRC2012_val_00022766_rank356,429,429,0.82357,0
ILSVRC2012_val_00008469_with_ILSVRC2012_val_00027789_rank368,331,331,0.80273,0
ILSVRC2012_val_00008469_with_ILSVRC2012_val_00032395_rank843,747,747,0.47672,0
ILSVRC2012_val_00008469_with_ILSVRC2012_val_00038806_rank709,659,428,0.19845,209
ILSVRC2012_val_00008469_with_ILSVRC2012_val_00000735_rank032,129,129,0.31896,0
ILSVRC2012_val_00008469_with_ILSVRC2012_val_00033703_rank690,247,247,0.78606,0
ILSVRC2012_val_00008469_with_ILSVRC2012_val_00005688_rank945,610,610,0.26062,0
ILSVRC2012_val_00008469_with_ILSVRC2012_val_00017634_rank078,140,140,0.07374,0
ILSVRC2012_val_00008469_with_ILSVRC2012_val_00028026_rank536,779,779,0.81134,0
ILSVRC2012_val_00008469_with_ILSVRC2012_val_00041384_rank367,229,386,0.66144,305
ILSVRC2012_val_00008469_with_ILSVRC2012_val_00029552_rank111,57,57,0.86971,0
ILSVRC2012_val_00008469_with_ILSVRC2012_val_00038649_rank400,169,169,0.63096,0
ILSVRC2012_val_00008469_with_ILSVRC2012_val_00018675_rank030,42,42,0.79465,0
ILSVRC2012_val_00008469_with_ILSVRC2012_val_00046077_rank079,102,102,0.72953,0
ILSVRC2012_val_00008469_with_ILSVRC2012_val_00028636_rank206,365,365,0.63266,0
ILSVRC2012_val_00008469_with_ILSVRC2012_val_00004174_rank763,769,769,0.43845,0
ILSVRC2012_val_00008469_with_ILSVRC2012_val_00031738_rank754,831,879,0.59278,733
ILSVRC2012_val_00008469_with_ILSVRC2012_val_00038603_rank910,872,471,0.46173,92
ILSVRC2012_val_00008469_with_ILSVRC2012_val_00042298_rank225,671,671,0.28598,0
ILSVRC2012_val_00008469_with_ILSVRC2012_val_00015772_rank841,597,913,0.36796,920
ILSVRC2012_val_00008469_with_ILSVRC2012_val_00024967_rank930,262,262,0.66764,0
ILSVRC2012_val_00008469_with_ILSVRC2012_val_00014341_rank306,832,832,0.76345,0
ILSVRC2012_val_00008469_with_ILSVRC2012_val_00030231_rank743,629,899,0.08164,697
ILSVRC2012_val_00008469_with_ILSVRC2012_val_00047356_rank256,222,222,0.76009,0
ILSVRC2012_val_00008469_with_ILSVRC2012_val_00048812_rank900,778,778,0.71971,0
ILSVRC2012_val_00008469_with_ILSVRC2012_val_00030175_rank094,69,69,0.76505,0
ILSVRC2012_val_00008469_with_ILSVRC2012_val_00018538_rank466,495,648,0.72497,7
ILSVRC2012_val_00008469_with_ILSVRC2012_val_00047505_rank842,797,797,0.34847,0
ILSVRC2012_val_00008469_with_ILSVRC2012_val_00032462_rank432,484,484,0.50105,0
ILSVRC2012_val_00008469_with_ILSVRC2012_val_00041000_rank261,173,344,0.54425,558
ILSVRC2012_val_00008469_with_ILSVRC2012_val_00036695_rank533,817,511,0.32272,2
ILSVRC2012_val_00008469_with_ILSVRC2012_val_00003832_rank177,221,221,0.73788,0
ILSVRC2012_val_00008469_with_ILSVRC2012_val_00025953_rank798,475,475,0.45905,0
ILSVRC2012_val_00008469_with_ILSVRC2012_val_00046977_rank760,900,900,0.77526,0
ILSVRC2012_val_00008469_with_ILSVRC2012_val_00011265_rank648,957,968,0.42728,203
ILSVRC2012_val_00008469_with_ILSVRC2012_val_00028713_rank173,1,130,0.08904,6
ILSVRC2012_val_00008469_with_ILSVRC2012_val_00027946_rank266,81,81,0.74501,0
ILSVRC2012_val_00008469_with_ILSVRC2012_val_00008444_rank457,933,933,0.83504,0
ILSVRC2012_val_00008469_with_ILSVRC2012_val_00047646_rank344,621,621,0.58286,0
ILSVRC2012_val_00008469_with_ILSVRC2012_val_00028936_rank423,260,260,0.80757,0
ILSVRC2012_val_00008469_with_ILSVRC2012_val_00013444_rank974,723,723,0.75465,0
ILSVRC2012_val_00008469_with_ILSVRC2012_val_00039043_rank265,109,109,0.82036,0
ILSVRC2012_val_00008469_with_ILSVRC2012_val_00018549_rank614,709,958,0.54113,837
ILSVRC2012_val_00008469_with_ILSVRC2012_val_00029178_rank048,290,290,0.82017,0
ILSVRC2012_val_00008469_with_ILSVRC2012_val_00048678_rank262,547,547,0.73915,0
ILSVRC2012_val_00008469_with_ILSVRC2012_val_00024737_rank080,305,305,0.84342,0
ILSVRC2012_val_00008469_with_ILSVRC2012_val_00043836_rank011,62,49,0.15474,17
ILSVRC2012_val_00008469_with_ILSVRC2012_val_00034762_rank484,833,833,0.86521,0
ILSVRC2012_val_00008469_with_ILSVRC2012_val_00026543_rank836,707,707,0.75392,0
ILSVRC2012_val_00008469_with_ILSVRC2012_val_00000131_rank518,802,802,0.34617,0
ILSVRC2012_val_00008469_with_ILSVRC2012_val_00012083_rank804,400,501,0.50501,4
ILSVRC2012_val_00008469_with_ILSVRC2012_val_00017992_rank392,189,189,0.84859,0
ILSVRC2012_val_00008469_with_ILSVRC2012_val_00037690_rank229,937,649,0.18715,394
ILSVRC2012_val_00008469_with_ILSVRC2012_val_00007399_rank081,147,460,0.15153,26
ILSVRC2012_val_00008469_with_ILSVRC2012_val_00009987_rank399,423,423,0.63252,0
ILSVRC2012_val_00008469_with_ILSVRC2012_val_00003757_rank991,631,346,0.22649,993
ILSVRC2012_val_00008469_with_ILSVRC2012_val_00020141_rank026,33,51,0.74952,84
ILSVRC2012_val_00008469_with_ILSVRC2012_val_00022350_rank012,36,34,0.26321,3
ILSVRC2012_val_00008469_with_ILSVRC2012_val_00023833_rank539,301,301,0.91656,0
ILSVRC2012_val_00008469_with_ILSVRC2012_val_00032389_rank158,23,23,0.80021,0
ILSVRC2012_val_00008469_with_ILSVRC2012_val_00016073_rank900,778,778,0.12922,0
ILSVRC2012_val_00008469_with_ILSVRC2012_val_00044473_rank930,262,262,0.50811,0
ILSVRC2012_val_00008469_with_ILSVRC2012_val_00021824_rank707,968,849,0.82604,6
ILSVRC2012_val_00008469_with_ILSVRC2012_val_00044505_rank947,87,87,0.87262,0
ILSVRC2012_val_00008469_with_ILSVRC2012_val_00011580_rank047,298,298,0.82006,0
ILSVRC2012_val_00008469_with_ILSVRC2012_val_00037280_rank354,76,73,0.27879,2
ILSVRC2012_val_00008469_with_ILSVRC2012_val_00039258_rank296,936,936,0.83176,0
ILSVRC2012_val_00008469_with_ILSVRC2012_val_00001809_rank739,867,675,0.29024,2
ILSVRC2012_val_00008469_with_ILSVRC2012_val_00037971_rank756,740,866,0.14684,100
ILSVRC2012_val_00008469_with_ILSVRC2012_val_00032616_rank292,938,938,0.87203,0
ILSVRC2012_val_00008469_with_ILSVRC2012_val_00029207_rank918,355,355,0.80199,0
ILSVRC2012_val_00008469_with_ILSVRC2012_val_00014255_rank215,991,730,0.19616,368
ILSVRC2012_val_00008469_with_ILSVRC2012_val_00006017_rank344,621,621,0.73813,0
ILSVRC2012_val_00008469_with_ILSVRC2012_val_00034743_rank041,128,128,0.7746,0
ILSVRC2012_val_00008469_with_ILSVRC2012_val_00029815_rank626,617,617,0.50398,0
ILSVRC2012_val_00008469_with_ILSVRC2012_val_00007853_rank409,13,13,0.78002,0
ILSVRC2012_val_00008469_with_ILSVRC2012_val_00004781_rank054,37,37,0.71421,0
ILSVRC2012_val_00008469_with_ILSVRC2012_val_00007430_rank438,220,220,0.87088,0
ILSVRC2012_val_00008469_with_ILSVRC2012_val_00013864_rank967,469,469,0.58978,0
ILSVRC2012_val_00008469_with_ILSVRC2012_val_00020716_rank170,287,287,0.82124,0
ILSVRC2012_val_00008469_with_ILSVRC2012_val_00029424_rank075,291,291,0.56724,0
ILSVRC2012_val_00008469_with_ILSVRC2012_val_00045718_rank405,230,230,0.61199,0
ILSVRC2012_val_00008469_with_ILSVRC2012_val_00034800_rank995,714,714,0.69822,0
ILSVRC2012_val_00008469_with_ILSVRC2012_val_00030839_rank375,474,474,0.65693,0
ILSVRC2012_val_00008469_with_ILSVRC2012_val_00035685_rank975,432,912,0.22918,563
ILSVRC2012_val_00008469_with_ILSVRC2012_val_00004449_rank175,242,242,0.78724,0
ILSVRC2012_val_00008469_with_ILSVRC2012_val_00010807_rank275,888,888,0.83448,0
ILSVRC2012_val_00008469_with_ILSVRC2012_val_00000009_rank577,674,340,0.14354,932
ILSVRC2012_val_00008469_with_ILSVRC2012_val_00048216_rank857,559,559,0.64682,0
ILSVRC2012_val_00008469_with_ILSVRC2012_val_00017477_rank589,785,835,0.2214,531
ILSVRC2012_val_00008469_with_ILSVRC2012_val_00036660_rank152,814,814,0.41018,0
ILSVRC2012_val_00008469_with_ILSVRC2012_val_00048125_rank470,257,257,0.60519,0
ILSVRC2012_val_00008469_with_ILSVRC2012_val_00028162_rank054,37,35,0.60702,1
ILSVRC2012_val_00008469_with_ILSVRC2012_val_00018280_rank519,19,19,0.79914,0
ILSVRC2012_val_00008469_with_ILSVRC2012_val_00029853_rank742,719,719,0.68452,0
ILSVRC2012_val_00008469_with_ILSVRC2012_val_00043837_rank244,184,184,0.74874,0
ILSVRC2012_val_00008469_with_ILSVRC2012_val_00035751_rank646,482,482,0.58742,0
ILSVRC2012_val_00008469_with_ILSVRC2012_val_00026044_rank078,140,140,0.85351,0
ILSVRC2012_val_00008469_with_ILSVRC2012_val_00000851_rank463,887,701,0.25674,274
ILSVRC2012_val_00008469_with_ILSVRC2012_val_00003515_rank766,903,958,0.13195,216
ILSVRC2012_val_00008469_with_ILSVRC2012_val_00043609_rank434,642,642,0.67926,0
ILSVRC2012_val_00008469_with_ILSVRC2012_val_00004528_rank491,575,575,0.86676,0
ILSVRC2012_val_00008469_with_ILSVRC2012_val_00029428_rank840,716,716,0.67656,0
ILSVRC2012_val_00008469_with_ILSVRC2012_val_00042598_rank771,529,775,0.13731,38
ILSVRC2012_val_00008469_with_ILSVRC2012_val_00046153_rank345,374,374,0.64707,0
ILSVRC2012_val_00008469_with_ILSVRC2012_val_00009792_rank271,492,703,0.71,64
ILSVRC2012_val_00008469_with_ILSVRC2012_val_00025555_rank329,962,923,0.29494,3
ILSVRC2012_val_00008469_with_ILSVRC2012_val_00027934_rank951,731,958,0.23602,624
ILSVRC2012_val_00008469_with_ILSVRC2012_val_00039742_rank580,441,441,0.70228,0
ILSVRC2012_val_00008469_with_ILSVRC2012_val_00044861_rank881,526,958,0.1539,591
ILSVRC2012_val_00008469_with_ILSVRC2012_val_00036289_rank260,126,126,0.75633,0
ILSVRC2012_val_00008469_with_ILSVRC2012_val_00010609_rank238,874,705,0.31695,3
ILSVRC2012_val_00008469_with_ILSVRC2012_val_00024654_rank502,590,782,0.27857,5
ILSVRC2012_val_00008469_with_ILSVRC2012_val_00004910_rank429,688,688,0.85054,0
ILSVRC2012_val_00008469_with_ILSVRC2012_val_00001731_rank772,417,417,0.81678,0
ILSVRC2012_val_00008469_with_ILSVRC2012_val_00021398_rank366,986,986,0.83737,0
ILSVRC2012_val_00008469_with_ILSVRC2012_val_00013855_rank794,880,9,0.86231,492
ILSVRC2012_val_00008469_with_ILSVRC2012_val_00043637_rank538,835,835,0.73964,0
ILSVRC2012_val_00008469_with_ILSVRC2012_val_00015250_rank134,403,403,0.11545,0
ILSVRC2012_val_00008469_with_ILSVRC2012_val_00036150_rank917,158,151,0.62348,2
ILSVRC2012_val_00008469_with_ILSVRC2012_val_00001141_rank528,156,162,0.2842,11
ILSVRC2012_val_00008469_with_ILSVRC2012_val_00005731_rank466,495,519,0.29915,112
ILSVRC2012_val_00008469_with_ILSVRC2012_val_00039360_rank240,326,326,0.74319,0
ILSVRC2012_val_00008469_with_ILSVRC2012_val_00009461_rank444,379,381,0.23333,1
ILSVRC2012_val_00008469_with_ILSVRC2012_val_00012140_rank507,241,232,0.21635,7
ILSVRC2012_val_00008469_with_ILSVRC2012_val_00041759_rank531,258,258,0.862,0
ILSVRC2012_val_00008469_with_ILSVRC2012_val_00006722_rank203,149,149,0.40821,0
ILSVRC2012_val_00008469_with_ILSVRC2012_val_00049905_rank087,116,649,0.51035,58
ILSVRC2012_val_00008469_with_ILSVRC2012_val_00008071_rank682,338,338,0.85952,0
ILSVRC2012_val_00008469_with_ILSVRC2012_val_00044489_rank546,462,386,0.13009,603
ILSVRC2012_val_00008469_with_ILSVRC2012_val_00017793_rank494,830,595,0.39141,81
ILSVRC2012_val_00008469_with_ILSVRC2012_val_00013470_rank619,402,402,0.62471,0
ILSVRC2012_val_00008469_with_ILSVRC2012_val_00021379_rank469,255,255,0.81506,0
ILSVRC2012_val_00008469_with_ILSVRC2012_val_00004142_rank128,408,408,0.78542,0
ILSVRC2012_val_00008469_with_ILSVRC2012_val_00017068_rank146,84,84,0.79804,0
ILSVRC2012_val_00008469_with_ILSVRC2012_val_00022577_rank688,856,730,0.54793,4
ILSVRC2012_val_00008469_with_ILSVRC2012_val_00011432_rank377,467,344,0.37676,92
ILSVRC2012_val_00008469_with_ILSVRC2012_val_00012743_rank171,370,375,0.43738,2
ILSVRC2012_val_00008469_with_ILSVRC2012_val_00043045_rank491,575,575,0.77072,0
ILSVRC2012_val_00008469_with_ILSVRC2012_val_00024155_rank827,949,949,0.88049,0
ILSVRC2012_val_00008469_with_ILSVRC2012_val_00021552_rank681,643,863,0.53043,6
ILSVRC2012_val_00008469_with_ILSVRC2012_val_00032006_rank254,366,366,0.40219,0
ILSVRC2012_val_00008469_with_ILSVRC2012_val_00045704_rank720,943,943,0.85798,0
ILSVRC2012_val_00008469_with_ILSVRC2012_val_00043829_rank968,494,494,0.75761,0
ILSVRC2012_val_00008469_with_ILSVRC2012_val_00000596_rank733,471,471,0.70604,0
ILSVRC2012_val_00008469_with_ILSVRC2012_val_00005266_rank158,23,128,0.30801,5
ILSVRC2012_val_00008469_with_ILSVRC2012_val_00047372_rank345,374,374,0.74875,0
ILSVRC2012_val_00008469_with_ILSVRC2012_val_00037999_rank420,193,193,0.81348,0
ILSVRC2012_val_00008469_with_ILSVRC2012_val_00043980_rank585,712,463,0.25835,65
ILSVRC2012_val_00008469_with_ILSVRC2012_val_00019821_rank673,214,234,0.20379,3
ILSVRC2012_val_00008469_with_ILSVRC2012_val_00013621_rank631,612,612,0.35399,0
ILSVRC2012_val_00008469_with_ILSVRC2012_val_00006871_rank765,614,614,0.81199,0
ILSVRC2012_val_00008469_with_ILSVRC2012_val_00043648_rank138,295,295,0.75158,0
ILSVRC2012_val_00008469_with_ILSVRC2012_val_00036933_rank170,287,287,0.73315,0
ILSVRC2012_val_00008469_with_ILSVRC2012_val_00018769_rank637,951,951,0.50697,0
ILSVRC2012_val_00008469_with_ILSVRC2012_val_00048333_rank818,154,154,0.77369,0
ILSVRC2012_val_00008469_with_ILSVRC2012_val_00002655_rank612,17,17,0.7876,0
ILSVRC2012_val_00008469_with_ILSVRC2012_val_00025919_rank708,733,525,0.24257,411
ILSVRC2012_val_00008469_with_ILSVRC2012_val_00036514_rank385,994,994,0.17552,0
ILSVRC2012_val_00008469_with_ILSVRC2012_val_00039549_rank962,818,977,0.27299,784
ILSVRC2012_val_00008469_with_ILSVRC2012_val_00010974_rank997,333,333,0.80685,0
ILSVRC2012_val_00008469_with_ILSVRC2012_val_00029533_rank878,786,958,0.21758,803
ILSVRC2012_val_00008469_with_ILSVRC2012_val_00028323_rank056,25,25,0.8155,0
ILSVRC2012_val_00008469_with_ILSVRC2012_val_00025909_rank005,44,43,0.23661,12
ILSVRC2012_val_00008469_with_ILSVRC2012_val_00021063_rank118,144,23,0.13227,9
ILSVRC2012_val_00008469_with_ILSVRC2012_val_00003782_rank580,441,463,0.53816,76
ILSVRC2012_val_00008469_with_ILSVRC2012_val_00037177_rank645,107,793,0.3129,88
ILSVRC2012_val_00008469_with_ILSVRC2012_val_00011278_rank056,25,25,0.75963,0
ILSVRC2012_val_00008469_with_ILSVRC2012_val_00016590_rank517,697,614,0.25502,1
ILSVRC2012_val_00008469_with_ILSVRC2012_val_00027685_rank933,808,808,0.71614,0
ILSVRC2012_val_00008469_with_ILSVRC2012_val_00015683_rank825,332,332,0.79082,0
ILSVRC2012_val_00008469_with_ILSVRC2012_val_00003780_rank373,764,764,0.41908,0
ILSVRC2012_val_00008469_with_ILSVRC2012_val_00034340_rank921,555,609,0.51159,14
ILSVRC2012_val_00008469_with_ILSVRC2012_val_00029719_rank492,335,355,0.2301,563
ILSVRC2012_val_00008469_with_ILSVRC2012_val_00001548_rank261,173,173,0.77383,0
ILSVRC2012_val_00008469_with_ILSVRC2012_val_00023488_rank062,26,26,0.73778,0
ILSVRC2012_val_00008469_with_ILSVRC2012_val_00048187_rank216,341,341,0.31243,0
ILSVRC2012_val_00008469_with_ILSVRC2012_val_00020198_rank492,335,335,0.4821,0
ILSVRC2012_val_00008469_with_ILSVRC2012_val_00001142_rank136,91,91,0.69191,0
ILSVRC2012_val_00008469_with_ILSVRC2012_val_00048715_rank563,805,805,0.07113,0
ILSVRC2012_val_00008469_with_ILSVRC2012_val_00026753_rank847,869,958,0.35298,615
ILSVRC2012_val_00008469_with_ILSVRC2012_val_00049187_rank084,46,46,0.35648,0
ILSVRC2012_val_00008469_with_ILSVRC2012_val_00036480_rank391,622,622,0.87834,0
ILSVRC2012_val_00008469_with_ILSVRC2012_val_00002277_rank507,241,241,0.28835,0
ILSVRC2012_val_00008469_with_ILSVRC2012_val_00048773_rank135,472,472,0.41539,0
ILSVRC2012_val_00008469_with_ILSVRC2012_val_00014328_rank092,9,9,0.79098,0
ILSVRC2012_val_00008469_with_ILSVRC2012_val_00001781_rank273,227,227,0.52683,0
ILSVRC2012_val_00008469_with_ILSVRC2012_val_00043849_rank842,797,797,0.87009,0
ILSVRC2012_val_00008469_with_ILSVRC2012_val_00039769_rank969,545,545,0.80469,0
ILSVRC2012_val_00008469_with_ILSVRC2012_val_00007338_rank912,792,428,0.72064,1
ILSVRC2012_val_00008469_with_ILSVRC2012_val_00020450_rank241,858,449,0.62922,11
ILSVRC2012_val_00008469_with_ILSVRC2012_val_00014832_rank163,821,730,0.39367,394
ILSVRC2012_val_00008469_with_ILSVRC2012_val_00032641_rank715,477,571,0.2424,138
ILSVRC2012_val_00008469_with_ILSVRC2012_val_00015572_rank272,983,354,0.49943,495
ILSVRC2012_val_00008469_with_ILSVRC2012_val_00021694_rank829,929,929,0.38557,0
ILSVRC2012_val_00008469_with_ILSVRC2012_val_00036899_rank030,42,276,0.25561,283
ILSVRC2012_val_00008469_with_ILSVRC2012_val_00034716_rank645,107,107,0.71499,0
ILSVRC2012_val_00008469_with_ILSVRC2012_val_00026601_rank426,794,958,0.71799,850
ILSVRC2012_val_00008469_with_ILSVRC2012_val_00000476_rank498,18,18,0.59171,0
ILSVRC2012_val_00008469_with_ILSVRC2012_val_00047484_rank031,360,344,0.51987,8
ILSVRC2012_val_00008469_with_ILSVRC2012_val_00031788_rank703,987,701,0.88614,257
ILSVRC2012_val_00008469_with_ILSVRC2012_val_00015420_rank424,603,603,0.75427,0
ILSVRC2012_val_00008469_with_ILSVRC2012_val_00035481_rank691,924,701,0.88727,868
ILSVRC2012_val_00008469_with_ILSVRC2012_val_00039746_rank748,457,775,0.15953,162
ILSVRC2012_val_00008469_with_ILSVRC2012_val_00043082_rank846,647,463,0.76471,18
ILSVRC2012_val_00008469_with_ILSVRC2012_val_00005189_rank477,181,181,0.82852,0
ILSVRC2012_val_00008469_with_ILSVRC2012_val_00032696_rank869,644,958,0.18555,259
ILSVRC2012_val_00008469_with_ILSVRC2012_val_00018425_rank854,568,474,0.33877,7
ILSVRC2012_val_00008469_with_ILSVRC2012_val_00048415_rank743,629,629,0.61274,0
ILSVRC2012_val_00008469_with_ILSVRC2012_val_00027000_rank883,470,448,0.11787,395
ILSVRC2012_val_00008469_with_ILSVRC2012_val_00021249_rank405,230,230,0.66678,0
ILSVRC2012_val_00008469_with_ILSVRC2012_val_00003957_rank125,97,97,0.75428,0
ILSVRC2012_val_00008469_with_ILSVRC2012_val_00015416_rank409,13,13,0.82661,0
ILSVRC2012_val_00008469_with_ILSVRC2012_val_00008353_rank406,520,520,0.17135,0
ILSVRC2012_val_00008469_with_ILSVRC2012_val_00012112_rank268,993,344,0.57529,70
ILSVRC2012_val_00008469_with_ILSVRC2012_val_00026838_rank851,563,563,0.76901,0
ILSVRC2012_val_00008469_with_ILSVRC2012_val_00009794_rank765,614,842,0.72847,108
ILSVRC2012_val_00008469_with_ILSVRC2012_val_00020445_rank705,683,471,0.58817,444
ILSVRC2012_val_00008469_with_ILSVRC2012_val_00002080_rank503,868,958,0.08145,793
ILSVRC2012_val_00008469_with_ILSVRC2012_val_00044119_rank211,145,145,0.85818,0
ILSVRC2012_val_00008469_with_ILSVRC2012_val_00014975_rank567,267,267,0.62057,0
ILSVRC2012_val_00008469_with_ILSVRC2012_val_00007600_rank285,724,724,0.7848,0
ILSVRC2012_val_00008469_with_ILSVRC2012_val_00049695_rank794,880,671,0.67682,2
ILSVRC2012_val_00008469_with_ILSVRC2012_val_00032285_rank040,289,289,0.72073,0
ILSVRC2012_val_00008469_with_ILSVRC2012_val_00033493_rank693,488,958,0.18344,443
ILSVRC2012_val_00008469_with_ILSVRC2012_val_00017587_rank864,606,606,0.77118,0
ILSVRC2012_val_00008469_with_ILSVRC2012_val_00040861_rank434,642,642,0.68773,0
ILSVRC2012_val_00008469_with_ILSVRC2012_val_00010872_rank790,923,595,0.31724,807
ILSVRC2012_val_00008469_with_ILSVRC2012_val_00010432_rank347,623,883,0.14606,240
ILSVRC2012_val_00008469_with_ILSVRC2012_val_00044526_rank872,722,722,0.8518,0
ILSVRC2012_val_00008469_with_ILSVRC2012_val_00007266_rank001,49,730,0.38214,199
ILSVRC2012_val_00008469_with_ILSVRC2012_val_00047778_rank862,701,701,0.78017,0
ILSVRC2012_val_00008469_with_ILSVRC2012_val_00044060_rank369,984,649,0.54477,5
ILSVRC2012_val_00008469_with_ILSVRC2012_val_00033779_rank300,955,955,0.74325,0
ILSVRC2012_val_00008469_with_ILSVRC2012_val_00021983_rank026,33,344,0.78353,50
ILSVRC2012_val_00008469_with_ILSVRC2012_val_00048667_rank871,434,434,0.48871,0
ILSVRC2012_val_00008469_with_ILSVRC2012_val_00019944_rank787,898,898,0.89522,0
ILSVRC2012_val_00008469_with_ILSVRC2012_val_00044743_rank826,187,185,0.48533,6
ILSVRC2012_val_00008469_with_ILSVRC2012_val_00000505_rank493,607,607,0.70561,0
ILSVRC2012_val_00008469_with_ILSVRC2012_val_00048272_rank577,674,373,0.36028,374
ILSVRC2012_val_00008469_with_ILSVRC2012_val_00043755_rank600,893,446,0.57711,3
ILSVRC2012_val_00008469_with_ILSVRC2012_val_00005528_rank950,862,958,0.08392,730
ILSVRC2012_val_00008469_with_ILSVRC2012_val_00035509_rank763,769,472,0.1106,762
ILSVRC2012_val_00008469_with_ILSVRC2012_val_00026349_rank161,311,346,0.25903,714
ILSVRC2012_val_00008469_with_ILSVRC2012_val_00041787_rank317,599,599,0.71613,0
ILSVRC2012_val_00008469_with_ILSVRC2012_val_00019080_rank520,238,238,0.84924,0
ILSVRC2012_val_00008469_with_ILSVRC2012_val_00021689_rank618,486,486,0.75066,0
ILSVRC2012_val_00008469_with_ILSVRC2012_val_00017460_rank556,635,409,0.87117,4
ILSVRC2012_val_00008469_with_ILSVRC2012_val_00012874_rank680,787,958,0.60526,165
ILSVRC2012_val_00008469_with_ILSVRC2012_val_00003372_rank798,475,475,0.74983,0
ILSVRC2012_val_00008469_with_ILSVRC2012_val_00016310_rank893,999,999,0.7942,0
ILSVRC2012_val_00008469_with_ILSVRC2012_val_00006739_rank285,724,724,0.81653,0
ILSVRC2012_val_00008469_with_ILSVRC2012_val_00019660_rank652,989,989,0.60105,0
ILSVRC2012_val_00008469_with_ILSVRC2012_val_00013247_rank817,907,966,0.48507,1
ILSVRC2012_val_00008469_with_ILSVRC2012_val_00011550_rank410,783,958,0.84628,186
ILSVRC2012_val_00008469_with_ILSVRC2012_val_00036823_rank153,369,369,0.73259,0
ILSVRC2012_val_00008469_with_ILSVRC2012_val_00003623_rank791,234,208,0.34196,7
ILSVRC2012_val_00008469_with_ILSVRC2012_val_00010489_rank406,520,520,0.79541,0
ILSVRC2012_val_00008469_with_ILSVRC2012_val_00006477_rank463,887,887,0.70056,0
ILSVRC2012_val_00008469_with_ILSVRC2012_val_00035036_rank811,250,250,0.51619,0
ILSVRC2012_val_00008469_with_ILSVRC2012_val_00042140_rank139,357,177,0.49033,179
ILSVRC2012_val_00008469_with_ILSVRC2012_val_00015190_rank013,45,45,0.7161,0
ILSVRC2012_val_00008469_with_ILSVRC2012_val_00018813_rank234,391,344,0.48155,35
ILSVRC2012_val_00008469_with_ILSVRC2012_val_00008923_rank228,225,225,0.77931,0
ILSVRC2012_val_00008469_with_ILSVRC2012_val_00017238_rank508,611,958,0.23437,709
ILSVRC2012_val_00008469_with_ILSVRC2012_val_00003141_rank839,653,653,0.7865,0
ILSVRC2012_val_00008469_with_ILSVRC2012_val_00042624_rank597,309,308,0.37637,1
ILSVRC2012_val_00008469_with_ILSVRC2012_val_00002329_rank088,297,297,0.55389,0
ILSVRC2012_val_00008469_with_ILSVRC2012_val_00021045_rank361,286,286,0.59422,0
ILSVRC2012_val_00008469_with_ILSVRC2012_val_00011999_rank792,561,561,0.76319,0
ILSVRC2012_val_00008469_with_ILSVRC2012_val_00043244_rank733,471,471,0.71583,0
ILSVRC2012_val_00008469_with_ILSVRC2012_val_00027267_rank622,176,176,0.65394,0
ILSVRC2012_val_00008469_with_ILSVRC2012_val_00012131_rank555,954,954,0.7125,0
ILSVRC2012_val_00008469_with_ILSVRC2012_val_00006374_rank375,474,474,0.48317,0
ILSVRC2012_val_00008469_with_ILSVRC2012_val_00022124_rank139,357,106,0.56544,33
ILSVRC2012_val_00008469_with_ILSVRC2012_val_00040476_rank436,925,809,0.43184,1
ILSVRC2012_val_00008469_with_ILSVRC2012_val_00046001_rank184,718,718,0.29668,0
ILSVRC2012_val_00008469_with_ILSVRC2012_val_00045413_rank171,370,370,0.4607,0
ILSVRC2012_val_00008469_with_ILSVRC2012_val_00033912_rank712,75,75,0.73758,0
ILSVRC2012_val_00008469_with_ILSVRC2012_val_00022162_rank251,354,354,0.7288,0
ILSVRC2012_val_00008469_with_ILSVRC2012_val_00028093_rank163,821,821,0.81986,0
ILSVRC2012_val_00008469_with_ILSVRC2012_val_00013287_rank486,248,232,0.57275,7
ILSVRC2012_val_00008469_with_ILSVRC2012_val_00014657_rank075,291,291,0.79001,0
ILSVRC2012_val_00008469_with_ILSVRC2012_val_00008816_rank017,20,20,0.76102,0
ILSVRC2012_val_00008469_with_ILSVRC2012_val_00008099_rank431,981,981,0.23552,0
ILSVRC2012_val_00008469_with_ILSVRC2012_val_00004965_rank488,118,730,0.13765,939
ILSVRC2012_val_00008469_with_ILSVRC2012_val_00031721_rank818,154,154,0.82367,0
ILSVRC2012_val_00008469_with_ILSVRC2012_val_00037601_rank782,793,793,0.45797,0
ILSVRC2012_val_00008469_with_ILSVRC2012_val_00015101_rank623,876,435,0.4429,1
ILSVRC2012_val_00008469_with_ILSVRC2012_val_00013377_rank086,119,119,0.26918,0
ILSVRC2012_val_00008469_with_ILSVRC2012_val_00020100_rank466,495,495,0.5539,0
ILSVRC2012_val_00008469_with_ILSVRC2012_val_00038471_rank480,780,780,0.76634,0
ILSVRC2012_val_00008469_with_ILSVRC2012_val_00005167_rank604,870,870,0.70998,0
ILSVRC2012_val_00008469_with_ILSVRC2012_val_00018135_rank265,109,109,0.89964,0
ILSVRC2012_val_00008469_with_ILSVRC2012_val_00025806_rank498,18,879,0.13821,485
ILSVRC2012_val_00008469_with_ILSVRC2012_val_00003815_rank480,780,780,0.79166,0
ILSVRC2012_val_00008469_with_ILSVRC2012_val_00011585_rank086,119,344,0.29591,326
ILSVRC2012_val_00008469_with_ILSVRC2012_val_00031230_rank357,971,958,0.48919,72
ILSVRC2012_val_00008469_with_ILSVRC2012_val_00035048_rank651,111,562,0.24407,532
ILSVRC2012_val_00008469_with_ILSVRC2012_val_00015459_rank335,361,361,0.79706,0
ILSVRC2012_val_00008469_with_ILSVRC2012_val_00035655_rank338,328,328,0.8564,0
ILSVRC2012_val_00008469_with_ILSVRC2012_val_00016612_rank682,338,338,0.8274,0
ILSVRC2012_val_00008469_with_ILSVRC2012_val_00041094_rank665,681,608,0.22084,177
ILSVRC2012_val_00008469_with_ILSVRC2012_val_00030610_rank501,834,834,0.493,0
ILSVRC2012_val_00008469_with_ILSVRC2012_val_00044014_rank196,964,964,0.87795,0
ILSVRC2012_val_00008469_with_ILSVRC2012_val_00012098_rank904,812,812,0.82567,0
ILSVRC2012_val_00008469_with_ILSVRC2012_val_00017167_rank163,821,821,0.78672,0
ILSVRC2012_val_00008469_with_ILSVRC2012_val_00042094_rank274,743,799,0.16559,29
ILSVRC2012_val_00008469_with_ILSVRC2012_val_00035911_rank389,437,437,0.61887,0
ILSVRC2012_val_00008469_with_ILSVRC2012_val_00011405_rank134,403,833,0.26111,3
ILSVRC2012_val_00008469_with_ILSVRC2012_val_00021878_rank513,912,912,0.85075,0
ILSVRC2012_val_00008469_with_ILSVRC2012_val_00019796_rank881,526,913,0.46402,370
ILSVRC2012_val_00008469_with_ILSVRC2012_val_00012229_rank013,45,45,0.82275,0
ILSVRC2012_val_00008469_with_ILSVRC2012_val_00040313_rank593,261,261,0.79821,0
ILSVRC2012_val_00008469_with_ILSVRC2012_val_00003160_rank054,37,344,0.23888,138
ILSVRC2012_val_00008469_with_ILSVRC2012_val_00034491_rank648,957,957,0.39898,0
ILSVRC2012_val_00008469_with_ILSVRC2012_val_00011356_rank550,171,171,0.64375,0
ILSVRC2012_val_00008469_with_ILSVRC2012_val_00041171_rank073,136,136,0.6757,0
ILSVRC2012_val_00008469_with_ILSVRC2012_val_00046488_rank149,640,640,0.6849,0
ILSVRC2012_val_00008469_with_ILSVRC2012_val_00017286_rank967,469,469,0.34858,0
ILSVRC2012_val_00008469_with_ILSVRC2012_val_00005428_rank941,919,919,0.7387,0
ILSVRC2012_val_00008469_with_ILSVRC2012_val_00013751_rank189,53,50,0.23661,216
ILSVRC2012_val_00008469_with_ILSVRC2012_val_00046506_rank963,593,958,0.65059,560
ILSVRC2012_val_00008469_with_ILSVRC2012_val_00049819_rank800,162,161,0.80097,1
ILSVRC2012_val_00008469_with_ILSVRC2012_val_00038119_rank260,126,126,0.15532,0
ILSVRC2012_val_00008469_with_ILSVRC2012_val_00019787_rank106,86,86,0.56708,0
ILSVRC2012_val_00008469_with_ILSVRC2012_val_00013365_rank563,805,805,0.79624,0
ILSVRC2012_val_00008469_with_ILSVRC2012_val_00024115_rank004,344,344,0.84191,0
ILSVRC2012_val_00008469_with_ILSVRC2012_val_00005235_rank543,873,873,0.70199,0
ILSVRC2012_val_00008469_with_ILSVRC2012_val_00032979_rank043,394,394,0.86997,0
ILSVRC2012_val_00008469_with_ILSVRC2012_val_00027412_rank431,981,981,0.67556,0
ILSVRC2012_val_00008469_with_ILSVRC2012_val_00030818_rank988,448,448,0.39986,0
ILSVRC2012_val_00008469_with_ILSVRC2012_val_00009545_rank596,720,720,0.78675,0
ILSVRC2012_val_00008469_with_ILSVRC2012_val_00048252_rank125,97,97,0.80135,0
ILSVRC2012_val_00008469_with_ILSVRC2012_val_00037472_rank924,608,958,0.30871,200
ILSVRC2012_val_00008469_with_ILSVRC2012_val_00041932_rank745,551,977,0.16719,278
ILSVRC2012_val_00008469_with_ILSVRC2012_val_00003329_rank242,930,930,0.5456,0
ILSVRC2012_val_00008469_with_ILSVRC2012_val_00014238_rank543,873,873,0.79711,0
ILSVRC2012_val_00008469_with_ILSVRC2012_val_00012594_rank817,907,907,0.7889,0
ILSVRC2012_val_00008469_with_ILSVRC2012_val_00030412_rank231,170,229,0.10614,15
ILSVRC2012_val_00008469_with_ILSVRC2012_val_00015040_rank191,21,21,0.81642,0
ILSVRC2012_val_00008469_with_ILSVRC2012_val_00036755_rank718,574,574,0.85922,0
ILSVRC2012_val_00008469_with_ILSVRC2012_val_00041035_rank899,746,958,0.2711,820
ILSVRC2012_val_00008469_with_ILSVRC2012_val_00045833_rank363,985,985,0.78948,0
ILSVRC2012_val_00008469_with_ILSVRC2012_val_00033483_rank498,18,18,0.82665,0
ILSVRC2012_val_00008469_with_ILSVRC2012_val_00044740_rank823,827,876,0.31952,84
ILSVRC2012_val_00008469_with_ILSVRC2012_val_00039846_rank188,347,347,0.6917,0
ILSVRC2012_val_00008469_with_ILSVRC2012_val_00037003_rank943,680,972,0.14562,907
ILSVRC2012_val_00008469_with_ILSVRC2012_val_00001056_rank211,145,145,0.84615,0
ILSVRC2012_val_00008469_with_ILSVRC2012_val_00020381_rank577,674,801,0.22141,887
ILSVRC2012_val_00008469_with_ILSVRC2012_val_00019782_rank393,113,138,0.42496,602
ILSVRC2012_val_00008469_with_ILSVRC2012_val_00013847_rank141,4,895,0.11183,38
ILSVRC2012_val_00008469_with_ILSVRC2012_val_00046491_rank801,392,701,0.61429,266
ILSVRC2012_val_00008469_with_ILSVRC2012_val_00041919_rank024,32,32,0.40295,0
ILSVRC2012_val_00008469_with_ILSVRC2012_val_00040386_rank759,226,175,0.15234,3
ILSVRC2012_val_00008469_with_ILSVRC2012_val_00013163_rank653,413,413,0.53345,0
ILSVRC2012_val_00008469_with_ILSVRC2012_val_00034202_rank580,441,441,0.7744,0
ILSVRC2012_val_00008469_with_ILSVRC2012_val_00042745_rank927,178,178,0.68507,0
ILSVRC2012_val_00008469_with_ILSVRC2012_val_00005103_rank945,610,842,0.63809,8
ILSVRC2012_val_00008469_with_ILSVRC2012_val_00001099_rank096,377,377,0.78022,0
ILSVRC2012_val_00008469_with_ILSVRC2012_val_00034104_rank921,555,555,0.64158,0
ILSVRC2012_val_00008469_with_ILSVRC2012_val_00012402_rank057,133,133,0.67319,0
ILSVRC2012_val_00008469_with_ILSVRC2012_val_00021026_rank909,605,958,0.16848,386
ILSVRC2012_val_00008469_with_ILSVRC2012_val_00028021_rank524,174,174,0.74607,0
ILSVRC2012_val_00008469_with_ILSVRC2012_val_00029019_rank910,872,413,0.21918,3
ILSVRC2012_val_00008469_with_ILSVRC2012_val_00024223_rank511,958,958,0.8708,0
ILSVRC2012_val_00008469_with_ILSVRC2012_val_00028950_rank966,478,579,0.45714,255
ILSVRC2012_val_00008469_with_ILSVRC2012_val_00031176_rank518,802,346,0.15173,324
ILSVRC2012_val_00008469_with_ILSVRC2012_val_00038913_rank170,287,287,0.49818,0
ILSVRC2012_val_00008469_with_ILSVRC2012_val_00049838_rank478,464,464,0.80593,0
ILSVRC2012_val_00008469_with_ILSVRC2012_val_00008653_rank713,252,252,0.52279,0
ILSVRC2012_val_00008469_with_ILSVRC2012_val_00038930_rank364,815,595,0.13202,354
ILSVRC2012_val_00008469_with_ILSVRC2012_val_00039968_rank997,333,338,0.42132,1
ILSVRC2012_val_00008469_with_ILSVRC2012_val_00041978_rank754,831,831,0.71825,0
ILSVRC2012_val_00008469_with_ILSVRC2012_val_00048693_rank077,272,272,0.67161,0
ILSVRC2012_val_00008469_with_ILSVRC2012_val_00020578_rank071,127,127,0.84019,0
ILSVRC2012_val_00008469_with_ILSVRC2012_val_00015876_rank206,365,365,0.61109,0
ILSVRC2012_val_00008469_with_ILSVRC2012_val_00009702_rank646,482,482,0.34965,0
ILSVRC2012_val_00008469_with_ILSVRC2012_val_00028742_rank470,257,346,0.54431,83
ILSVRC2012_val_00008469_with_ILSVRC2012_val_00000041_rank412,516,431,0.67686,1
ILSVRC2012_val_00008469_with_ILSVRC2012_val_00034921_rank835,310,310,0.63145,0
ILSVRC2012_val_00008469_with_ILSVRC2012_val_00031371_rank476,752,828,0.16809,13
ILSVRC2012_val_00008469_with_ILSVRC2012_val_00033465_rank073,136,136,0.76966,0
ILSVRC2012_val_00008469_with_ILSVRC2012_val_00032569_rank678,663,346,0.06578,86
ILSVRC2012_val_00008469_with_ILSVRC2012_val_00011894_rank496,94,94,0.65965,0
ILSVRC2012_val_00008469_with_ILSVRC2012_val_00003717_rank861,501,501,0.30772,0
ILSVRC2012_val_00008469_with_ILSVRC2012_val_00018795_rank398,435,871,0.08818,268
ILSVRC2012_val_00008469_with_ILSVRC2012_val_00019110_rank087,116,116,0.69499,0
ILSVRC2012_val_00008469_with_ILSVRC2012_val_00033054_rank781,727,672,0.74547,58
ILSVRC2012_val_00008469_with_ILSVRC2012_val_00017681_rank574,505,505,0.6996,0
ILSVRC2012_val_00008469_with_ILSVRC2012_val_00043687_rank235,371,371,0.85049,0
ILSVRC2012_val_00008469_with_ILSVRC2012_val_00005418_rank099,329,329,0.28714,0
ILSVRC2012_val_00008469_with_ILSVRC2012_val_00042054_rank846,647,647,0.34886,0
ILSVRC2012_val_00008469_with_ILSVRC2012_val_00041032_rank736,920,958,0.32383,199
ILSVRC2012_val_00008469_with_ILSVRC2012_val_00045675_rank958,849,725,0.69286,2
ILSVRC2012_val_00008469_with_ILSVRC2012_val_00031384_rank261,173,173,0.76861,0
ILSVRC2012_val_00008469_with_ILSVRC2012_val_00005014_rank655,843,843,0.78082,0
ILSVRC2012_val_00008469_with_ILSVRC2012_val_00027465_rank767,745,745,0.14387,0
ILSVRC2012_val_00008469_with_ILSVRC2012_val_00009402_rank957,502,958,0.47342,686
ILSVRC2012_val_00008469_with_ILSVRC2012_val_00040010_rank893,999,958,0.27474,178
ILSVRC2012_val_00008469_with_ILSVRC2012_val_00012475_rank187,135,135,0.77491,0
ILSVRC2012_val_00008469_with_ILSVRC2012_val_00009432_rank559,695,958,0.56914,416
ILSVRC2012_val_00008469_with_ILSVRC2012_val_00017766_rank400,169,169,0.73882,0
ILSVRC2012_val_00008469_with_ILSVRC2012_val_00020728_rank423,260,260,0.78288,0
ILSVRC2012_val_00008469_with_ILSVRC2012_val_00030164_rank543,873,525,0.41188,71
ILSVRC2012_val_00008469_with_ILSVRC2012_val_00016076_rank316,200,200,0.63934,0
ILSVRC2012_val_00008469_with_ILSVRC2012_val_00034250_rank259,11,11,0.76183,0
ILSVRC2012_val_00008469_with_ILSVRC2012_val_00027748_rank974,723,723,0.80852,0
ILSVRC2012_val_00008469_with_ILSVRC2012_val_00037783_rank779,451,730,0.69456,903
ILSVRC2012_val_00008469_with_ILSVRC2012_val_00018618_rank005,44,49,0.45232,13
ILSVRC2012_val_00008469_with_ILSVRC2012_val_00034571_rank764,161,161,0.86024,0
ILSVRC2012_val_00008469_with_ILSVRC2012_val_00047823_rank037,352,353,0.41271,1
ILSVRC2012_val_00008469_with_ILSVRC2012_val_00030543_rank257,953,953,0.81125,0
ILSVRC2012_val_00008469_with_ILSVRC2012_val_00048057_rank956,452,452,0.79431,0
ILSVRC2012_val_00008469_with_ILSVRC2012_val_00036712_rank675,223,208,0.39276,17
ILSVRC2012_val_00008469_with_ILSVRC2012_val_00029779_rank814,885,735,0.24163,82
ILSVRC2012_val_00008469_with_ILSVRC2012_val_00043028_rank604,870,870,0.76533,0
ILSVRC2012_val_00008469_with_ILSVRC2012_val_00011694_rank034,395,49,0.23309,21
ILSVRC2012_val_00008469_with_ILSVRC2012_val_00038521_rank446,773,463,0.278,743
ILSVRC2012_val_00008469_with_ILSVRC2012_val_00038145_rank628,748,595,0.45,661
ILSVRC2012_val_00008469_with_ILSVRC2012_val_00032782_rank336,736,736,0.85726,0
ILSVRC2012_val_00008469_with_ILSVRC2012_val_00039710_rank270,625,595,0.79831,40
ILSVRC2012_val_00008469_with_ILSVRC2012_val_00019106_rank370,726,472,0.23182,507
ILSVRC2012_val_00008469_with_ILSVRC2012_val_00043018_rank091,106,344,0.27452,19
ILSVRC2012_val_00008469_with_ILSVRC2012_val_00021749_rank909,605,605,0.69045,0
ILSVRC2012_val_00008469_with_ILSVRC2012_val_00033616_rank419,72,72,0.54488,0
ILSVRC2012_val_00008469_with_ILSVRC2012_val_00027411_rank510,871,871,0.78889,0
ILSVRC2012_val_00008469_with_ILSVRC2012_val_00039319_rank971,811,637,0.78266,384
ILSVRC2012_val_00008469_with_ILSVRC2012_val_00021846_rank341,239,239,0.48569,0
ILSVRC2012_val_00008469_with_ILSVRC2012_val_00009280_rank109,385,196,0.29625,624
ILSVRC2012_val_00008469_with_ILSVRC2012_val_00017745_rank985,691,344,0.83894,526
ILSVRC2012_val_00008469_with_ILSVRC2012_val_00008442_rank994,700,700,0.67404,0
ILSVRC2012_val_00008469_with_ILSVRC2012_val_00023129_rank058,340,340,0.83106,0
ILSVRC2012_val_00008469_with_ILSVRC2012_val_00028732_rank880,667,667,0.72533,0
ILSVRC2012_val_00008469_with_ILSVRC2012_val_00047307_rank766,903,903,0.17169,0
ILSVRC2012_val_00008469_with_ILSVRC2012_val_00015006_rank680,787,958,0.24099,165
ILSVRC2012_val_00008469_with_ILSVRC2012_val_00006221_rank266,81,81,0.7825,0
ILSVRC2012_val_00008469_with_ILSVRC2012_val_00029476_rank253,935,935,0.68592,0
ILSVRC2012_val_00008469_with_ILSVRC2012_val_00012249_rank694,828,828,0.39965,0
ILSVRC2012_val_00008469_with_ILSVRC2012_val_00007981_rank689,626,471,0.28149,384
ILSVRC2012_val_00008469_with_ILSVRC2012_val_00022349_rank610,713,713,0.79307,0
ILSVRC2012_val_00008469_with_ILSVRC2012_val_00014159_rank204,148,148,0.86206,0
ILSVRC2012_val_00008469_with_ILSVRC2012_val_00040030_rank558,917,917,0.0554,0
ILSVRC2012_val_00008469_with_ILSVRC2012_val_00029440_rank867,704,704,0.87377,0
ILSVRC2012_val_00008469_with_ILSVRC2012_val_00005153_rank096,377,377,0.67323,0
ILSVRC2012_val_00008469_with_ILSVRC2012_val_00032159_rank496,94,21,0.16145,33
ILSVRC2012_val_00008469_with_ILSVRC2012_val_00008260_rank440,878,810,0.4237,1
ILSVRC2012_val_00008469_with_ILSVRC2012_val_00023767_rank870,699,958,0.91698,394
ILSVRC2012_val_00008469_with_ILSVRC2012_val_00034710_rank748,457,457,0.50299,0
ILSVRC2012_val_00008469_with_ILSVRC2012_val_00009635_rank835,310,310,0.40354,0
ILSVRC2012_val_00008469_with_ILSVRC2012_val_00014856_rank598,950,950,0.67551,0
ILSVRC2012_val_00008469_with_ILSVRC2012_val_00046789_rank773,531,531,0.88745,0
ILSVRC2012_val_00008469_with_ILSVRC2012_val_00021673_rank547,710,703,0.40126,756
ILSVRC2012_val_00008469_with_ILSVRC2012_val_00005366_rank264,345,345,0.68514,0
ILSVRC2012_val_00008469_with_ILSVRC2012_val_00003535_rank938,816,427,0.25307,626
ILSVRC2012_val_00008469_with_ILSVRC2012_val_00034954_rank581,304,304,0.3375,0
ILSVRC2012_val_00008469_with_ILSVRC2012_val_00016805_rank567,267,221,0.31703,5
ILSVRC2012_val_00008469_with_ILSVRC2012_val_00009567_rank978,763,763,0.80389,0
ILSVRC2012_val_00008469_with_ILSVRC2012_val_00035646_rank942,846,846,0.47429,0
ILSVRC2012_val_00008469_with_ILSVRC2012_val_00041832_rank120,83,137,0.61891,51
ILSVRC2012_val_00008469_with_ILSVRC2012_val_00042963_rank349,927,927,0.61783,0
ILSVRC2012_val_00008469_with_ILSVRC2012_val_00028949_rank793,459,730,0.56457,364
ILSVRC2012_val_00008469_with_ILSVRC2012_val_00046468_rank718,574,574,0.8475,0
ILSVRC2012_val_00008469_with_ILSVRC2012_val_00009467_rank596,720,478,0.07683,62
ILSVRC2012_val_00008469_with_ILSVRC2012_val_00031351_rank941,919,919,0.55244,0
ILSVRC2012_val_00008469_with_ILSVRC2012_val_00021986_rank385,994,994,0.41692,0
ILSVRC2012_val_00008469_with_ILSVRC2012_val_00042142_rank145,40,40,0.37009,0
ILSVRC2012_val_00008469_with_ILSVRC2012_val_00021953_rank464,300,300,0.71042,0
ILSVRC2012_val_00008469_with_ILSVRC2012_val_00014742_rank771,529,529,0.38961,0
ILSVRC2012_val_00008469_with_ILSVRC2012_val_00021463_rank742,719,719,0.86827,0
ILSVRC2012_val_00008469_with_ILSVRC2012_val_00006694_rank126,29,29,0.77037,0
ILSVRC2012_val_00008469_with_ILSVRC2012_val_00007482_rank005,44,44,0.55414,0
ILSVRC2012_val_00008469_with_ILSVRC2012_val_00007323_rank287,80,80,0.84595,0
ILSVRC2012_val_00008469_with_ILSVRC2012_val_00032487_rank903,507,507,0.71084,0
ILSVRC2012_val_00008469_with_ILSVRC2012_val_00018845_rank727,715,958,0.24476,917
ILSVRC2012_val_00008469_with_ILSVRC2012_val_00005390_rank367,229,229,0.74397,0
ILSVRC2012_val_00008469_with_ILSVRC2012_val_00016392_rank082,54,58,0.27094,6
ILSVRC2012_val_00008469_with_ILSVRC2012_val_00028581_rank775,737,595,0.47788,445
ILSVRC2012_val_00008469_with_ILSVRC2012_val_00044389_rank208,972,972,0.70765,0
ILSVRC2012_val_00008469_with_ILSVRC2012_val_00023085_rank403,52,52,0.70672,0
ILSVRC2012_val_00008469_with_ILSVRC2012_val_00005250_rank576,627,627,0.83104,0
ILSVRC2012_val_00008469_with_ILSVRC2012_val_00013244_rank813,409,409,0.36661,0
ILSVRC2012_val_00008469_with_ILSVRC2012_val_00002284_rank407,5,51,0.1334,59
ILSVRC2012_val_00008469_with_ILSVRC2012_val_00008440_rank443,998,693,0.27257,482
ILSVRC2012_val_00008469_with_ILSVRC2012_val_00018785_rank411,996,996,0.80703,0
ILSVRC2012_val_00008469_with_ILSVRC2012_val_00010146_rank482,648,757,0.25499,115
ILSVRC2012_val_00008469_with_ILSVRC2012_val_00013921_rank375,474,386,0.3188,96
ILSVRC2012_val_00008469_with_ILSVRC2012_val_00042859_rank287,80,80,0.87275,0
ILSVRC2012_val_00008469_with_ILSVRC2012_val_00009469_rank149,640,646,0.64806,2
ILSVRC2012_val_00008469_with_ILSVRC2012_val_00016811_rank374,322,322,0.82929,0
ILSVRC2012_val_00008469_with_ILSVRC2012_val_00003412_rank555,954,49,0.04832,562
ILSVRC2012_val_00008469_with_ILSVRC2012_val_00041922_rank142,51,51,0.80846,0
ILSVRC2012_val_00008469_with_ILSVRC2012_val_00021082_rank378,539,958,0.22237,69
ILSVRC2012_val_00008469_with_ILSVRC2012_val_00039010_rank499,164,164,0.74331,0
ILSVRC2012_val_00008469_with_ILSVRC2012_val_00009908_rank812,146,146,0.84754,0
ILSVRC2012_val_00008469_with_ILSVRC2012_val_00043631_rank073,136,9,0.18385,66
ILSVRC2012_val_00008469_with_ILSVRC2012_val_00020768_rank398,435,472,0.06698,78
ILSVRC2012_val_00008469_with_ILSVRC2012_val_00002091_rank589,785,958,0.14494,185
ILSVRC2012_val_00008469_with_ILSVRC2012_val_00047906_rank495,820,820,0.5589,0
ILSVRC2012_val_00008469_with_ILSVRC2012_val_00001554_rank275,888,888,0.83634,0
ILSVRC2012_val_00008469_with_ILSVRC2012_val_00018076_rank309,112,958,0.1606,331
ILSVRC2012_val_00008469_with_ILSVRC2012_val_00015396_rank595,411,414,0.24995,3
ILSVRC2012_val_00008469_with_ILSVRC2012_val_00007768_rank785,728,557,0.52565,54
ILSVRC2012_val_00008469_with_ILSVRC2012_val_00044701_rank740,208,208,0.92476,0
ILSVRC2012_val_00008469_with_ILSVRC2012_val_00006860_rank209,114,950,0.76487,88
ILSVRC2012_val_00008469_with_ILSVRC2012_val_00019654_rank830,952,952,0.33651,0
ILSVRC2012_val_00008469_with_ILSVRC2012_val_00041246_rank731,875,913,0.25223,237
ILSVRC2012_val_00008469_with_ILSVRC2012_val_00026965_rank169,95,95,0.82762,0
ILSVRC2012_val_00008469_with_ILSVRC2012_val_00039070_rank934,426,426,0.70712,0
ILSVRC2012_val_00008469_with_ILSVRC2012_val_00009996_rank131,350,350,0.67631,0
ILSVRC2012_val_00008469_with_ILSVRC2012_val_00026922_rank575,717,717,0.7058,0
ILSVRC2012_val_00008469_with_ILSVRC2012_val_00021817_rank180,698,682,0.82748,12
ILSVRC2012_val_00008469_with_ILSVRC2012_val_00002302_rank520,238,238,0.89099,0
ILSVRC2012_val_00008469_with_ILSVRC2012_val_00030878_rank019,138,138,0.81583,0
ILSVRC2012_val_00008469_with_ILSVRC2012_val_00004172_rank360,70,730,0.1764,550
ILSVRC2012_val_00008469_with_ILSVRC2012_val_00002358_rank700,481,732,0.47085,3
ILSVRC2012_val_00008469_with_ILSVRC2012_val_00025914_rank458,167,162,0.32609,2
ILSVRC2012_val_00008469_with_ILSVRC2012_val_00032636_rank775,737,737,0.80468,0
ILSVRC2012_val_00008469_with_ILSVRC2012_val_00012403_rank135,472,472,0.84067,0
ILSVRC2012_val_00008469_with_ILSVRC2012_val_00024844_rank289,375,375,0.79646,0
ILSVRC2012_val_00008469_with_ILSVRC2012_val_00019389_rank016,141,141,0.82072,0
ILSVRC2012_val_00008469_with_ILSVRC2012_val_00040503_rank303,277,276,0.38998,13
ILSVRC2012_val_00008469_with_ILSVRC2012_val_00016302_rank891,263,264,0.63796,1
ILSVRC2012_val_00008469_with_ILSVRC2012_val_00010782_rank687,591,591,0.38897,0
ILSVRC2012_val_00008469_with_ILSVRC2012_val_00021158_rank831,567,471,0.62871,767
ILSVRC2012_val_00008469_with_ILSVRC2012_val_00031769_rank217,367,366,0.48104,1
ILSVRC2012_val_00008469_with_ILSVRC2012_val_00046158_rank553,166,162,0.54067,3
ILSVRC2012_val_00008469_with_ILSVRC2012_val_00035063_rank372,73,76,0.8106,7
ILSVRC2012_val_00008469_with_ILSVRC2012_val_00040103_rank199,85,344,0.73768,458
ILSVRC2012_val_00008469_with_ILSVRC2012_val_00022205_rank712,75,75,0.85517,0
ILSVRC2012_val_00008469_with_ILSVRC2012_val_00016664_rank160,319,319,0.62252,0
ILSVRC2012_val_00008469_with_ILSVRC2012_val_00010659_rank436,925,925,0.79662,0
ILSVRC2012_val_00008469_with_ILSVRC2012_val_00002392_rank375,474,474,0.72322,0
ILSVRC2012_val_00008469_with_ILSVRC2012_val_00032551_rank835,310,310,0.77428,0
ILSVRC2012_val_00008469_with_ILSVRC2012_val_00041987_rank243,215,217,0.17702,4
ILSVRC2012_val_00008469_with_ILSVRC2012_val_00040235_rank468,768,768,0.79299,0
ILSVRC2012_val_00008469_with_ILSVRC2012_val_00025065_rank567,267,267,0.73122,0
ILSVRC2012_val_00008469_with_ILSVRC2012_val_00041133_rank671,185,202,0.5071,12
ILSVRC2012_val_00008469_with_ILSVRC2012_val_00018027_rank964,518,518,0.77439,0
ILSVRC2012_val_00008469_with_ILSVRC2012_val_00018289_rank790,923,923,0.28389,0
ILSVRC2012_val_00008469_with_ILSVRC2012_val_00010505_rank366,986,986,0.79881,0
ILSVRC2012_val_00008469_with_ILSVRC2012_val_00017101_rank985,691,730,0.48729,892
ILSVRC2012_val_00008469_with_ILSVRC2012_val_00006948_rank875,969,473,0.33481,88
ILSVRC2012_val_00008469_with_ILSVRC2012_val_00044284_rank663,194,194,0.8628,0
ILSVRC2012_val_00008469_with_ILSVRC2012_val_00044362_rank968,494,494,0.68752,0
ILSVRC2012_val_00008469_with_ILSVRC2012_val_00020809_rank216,341,341,0.34902,0
ILSVRC2012_val_00008469_with_ILSVRC2012_val_00017346_rank111,57,57,0.83286,0
ILSVRC2012_val_00008469_with_ILSVRC2012_val_00008168_rank275,888,888,0.78453,0
ILSVRC2012_val_00008469_with_ILSVRC2012_val_00003722_rank145,40,40,0.1906,0
ILSVRC2012_val_00008469_with_ILSVRC2012_val_00040351_rank187,135,135,0.8272,0
ILSVRC2012_val_00008469_with_ILSVRC2012_val_00038637_rank982,254,254,0.30521,0
ILSVRC2012_val_00008469_with_ILSVRC2012_val_00039794_rank207,206,206,0.49068,0
ILSVRC2012_val_00008469_with_ILSVRC2012_val_00045442_rank307,316,316,0.21706,0
ILSVRC2012_val_00008469_with_ILSVRC2012_val_00017413_rank515,554,595,0.15927,39
ILSVRC2012_val_00008469_with_ILSVRC2012_val_00014980_rank085,351,351,0.75103,0
ILSVRC2012_val_00008469_with_ILSVRC2012_val_00008357_rank029,275,275,0.8048,0
ILSVRC2012_val_00008469_with_ILSVRC2012_val_00001972_rank915,541,541,0.8787,0
ILSVRC2012_val_00008469_with_ILSVRC2012_val_00032104_rank105,31,31,0.71465,0
ILSVRC2012_val_00008469_with_ILSVRC2012_val_00000960_rank276,694,694,0.69714,0
ILSVRC2012_val_00008469_with_ILSVRC2012_val_00010479_rank560,941,941,0.80917,0
ILSVRC2012_val_00008469_with_ILSVRC2012_val_00020820_rank683,431,431,0.14981,0
ILSVRC2012_val_00008469_with_ILSVRC2012_val_00003461_rank308,654,609,0.70699,12
ILSVRC2012_val_00008469_with_ILSVRC2012_val_00028208_rank146,84,84,0.67463,0
ILSVRC2012_val_00008469_with_ILSVRC2012_val_00024921_rank217,367,198,0.1565,104
ILSVRC2012_val_00008469_with_ILSVRC2012_val_00008869_rank557,721,958,0.07464,258
ILSVRC2012_val_00008469_with_ILSVRC2012_val_00000014_rank636,757,757,0.82738,0
ILSVRC2012_val_00008469_with_ILSVRC2012_val_00011285_rank558,917,412,0.61819,216
ILSVRC2012_val_00008469_with_ILSVRC2012_val_00049603_rank115,372,372,0.76009,0
ILSVRC2012_val_00008469_with_ILSVRC2012_val_00023887_rank710,673,609,0.12398,955
ILSVRC2012_val_00008469_with_ILSVRC2012_val_00005399_rank183,649,682,0.51994,2
ILSVRC2012_val_00008469_with_ILSVRC2012_val_00016483_rank630,281,281,0.7054,0
ILSVRC2012_val_00008469_with_ILSVRC2012_val_00030241_rank602,894,894,0.15889,0
ILSVRC2012_val_00008469_with_ILSVRC2012_val_00011842_rank968,494,494,0.75697,0
ILSVRC2012_val_00008469_with_ILSVRC2012_val_00042193_rank057,133,133,0.59961,0
ILSVRC2012_val_00008469_with_ILSVRC2012_val_00039109_rank684,359,358,0.58604,2
ILSVRC2012_val_00008469_with_ILSVRC2012_val_00015790_rank988,448,448,0.68232,0
ILSVRC2012_val_00008469_with_ILSVRC2012_val_00012609_rank297,693,472,0.43724,1
ILSVRC2012_val_00008469_with_ILSVRC2012_val_00013486_rank848,676,676,0.95798,0
ILSVRC2012_val_00008469_with_ILSVRC2012_val_00012088_rank714,595,595,0.75584,0
ILSVRC2012_val_00008469_with_ILSVRC2012_val_00047861_rank823,827,771,0.32041,17
ILSVRC2012_val_00008469_with_ILSVRC2012_val_00000438_rank557,721,721,0.15186,0
ILSVRC2012_val_00008469_with_ILSVRC2012_val_00015538_rank880,667,879,0.66834,18
ILSVRC2012_val_00008469_with_ILSVRC2012_val_00047974_rank700,481,867,0.46417,253
ILSVRC2012_val_00008469_with_ILSVRC2012_val_00015804_rank524,174,174,0.7982,0
ILSVRC2012_val_00008469_with_ILSVRC2012_val_00041696_rank666,753,753,0.74829,0
ILSVRC2012_val_00008469_with_ILSVRC2012_val_00029828_rank957,502,502,0.79803,0
ILSVRC2012_val_00008469_with_ILSVRC2012_val_00019671_rank290,233,233,0.77875,0
ILSVRC2012_val_00008469_with_ILSVRC2012_val_00022416_rank941,919,919,0.65504,0
ILSVRC2012_val_00008469_with_ILSVRC2012_val_00021863_rank705,683,595,0.06005,858
ILSVRC2012_val_00008469_with_ILSVRC2012_val_00018907_rank064,61,61,0.76971,0
ILSVRC2012_val_00008469_with_ILSVRC2012_val_00022634_rank397,945,945,0.68906,0
ILSVRC2012_val_00008469_with_ILSVRC2012_val_00035991_rank742,719,719,0.83028,0
ILSVRC2012_val_00008469_with_ILSVRC2012_val_00039906_rank083,847,847,0.77942,0
ILSVRC2012_val_00008469_with_ILSVRC2012_val_00035734_rank376,914,914,0.86094,0
ILSVRC2012_val_00008469_with_ILSVRC2012_val_00010227_rank549,670,670,0.35827,0
ILSVRC2012_val_00008469_with_ILSVRC2012_val_00025673_rank897,637,899,0.29404,240
ILSVRC2012_val_00008469_with_ILSVRC2012_val_00004859_rank110,24,24,0.78192,0
ILSVRC2012_val_00008469_with_ILSVRC2012_val_00038783_rank1000,589,589,0.59474,0
ILSVRC2012_val_00008469_with_ILSVRC2012_val_00028332_rank288,179,179,0.43825,0
ILSVRC2012_val_00008469_with_ILSVRC2012_val_00018184_rank502,590,590,0.53104,0
ILSVRC2012_val_00008469_with_ILSVRC2012_val_00006762_rank939,855,773,0.20284,1
ILSVRC2012_val_00008469_with_ILSVRC2012_val_00002373_rank553,166,210,0.38076,9
ILSVRC2012_val_00008469_with_ILSVRC2012_val_00034051_rank801,392,392,0.8255,0
ILSVRC2012_val_00008469_with_ILSVRC2012_val_00045858_rank053,60,344,0.18421,763
ILSVRC2012_val_00008469_with_ILSVRC2012_val_00011390_rank710,673,526,0.18074,5
ILSVRC2012_val_00008469_with_ILSVRC2012_val_00023490_rank973,412,412,0.24984,0
ILSVRC2012_val_00008469_with_ILSVRC2012_val_00015221_rank028,66,649,0.16331,203
ILSVRC2012_val_00008469_with_ILSVRC2012_val_00023792_rank955,636,750,0.13562,58
ILSVRC2012_val_00008469_with_ILSVRC2012_val_00018707_rank890,711,711,0.37224,0
ILSVRC2012_val_00008469_with_ILSVRC2012_val_00039053_rank751,497,449,0.41461,13
ILSVRC2012_val_00008469_with_ILSVRC2012_val_00026050_rank133,22,22,0.75973,0
ILSVRC2012_val_00008469_with_ILSVRC2012_val_00029368_rank928,439,229,0.24548,134
ILSVRC2012_val_00008469_with_ILSVRC2012_val_00014536_rank446,773,958,0.05193,908
ILSVRC2012_val_00008469_with_ILSVRC2012_val_00038770_rank372,73,74,0.75222,1
ILSVRC2012_val_00008469_with_ILSVRC2012_val_00047304_rank272,983,983,0.52677,0
ILSVRC2012_val_00008469_with_ILSVRC2012_val_00024856_rank306,832,832,0.5633,0
ILSVRC2012_val_00008469_with_ILSVRC2012_val_00006111_rank534,703,912,0.41605,5
ILSVRC2012_val_00008469_with_ILSVRC2012_val_00039805_rank396,770,770,0.82353,0
ILSVRC2012_val_00008469_with_ILSVRC2012_val_00013871_rank669,857,857,0.70262,0
ILSVRC2012_val_00008469_with_ILSVRC2012_val_00046231_rank246,320,319,0.39156,1
ILSVRC2012_val_00008469_with_ILSVRC2012_val_00045848_rank325,303,303,0.74631,0
ILSVRC2012_val_00008469_with_ILSVRC2012_val_00013542_rank964,518,672,0.31917,92
ILSVRC2012_val_00008469_with_ILSVRC2012_val_00045135_rank058,340,340,0.83572,0
ILSVRC2012_val_00008469_with_ILSVRC2012_val_00045154_rank795,823,872,0.53382,193
ILSVRC2012_val_00008469_with_ILSVRC2012_val_00013256_rank032,129,129,0.84217,0
ILSVRC2012_val_00008469_with_ILSVRC2012_val_00046267_rank464,300,730,0.47124,360
ILSVRC2012_val_00008469_with_ILSVRC2012_val_00014221_rank885,655,501,0.32121,120
ILSVRC2012_val_00008469_with_ILSVRC2012_val_00002876_rank552,405,405,0.78854,0
ILSVRC2012_val_00008469_with_ILSVRC2012_val_00022776_rank359,243,243,0.76462,0
ILSVRC2012_val_00008469_with_ILSVRC2012_val_00009258_rank970,859,859,0.6404,0
ILSVRC2012_val_00008469_with_ILSVRC2012_val_00044044_rank114,362,362,0.84094,0
ILSVRC2012_val_00008469_with_ILSVRC2012_val_00018308_rank821,556,599,0.60349,118
ILSVRC2012_val_00008469_with_ILSVRC2012_val_00022781_rank370,726,726,0.07409,0
ILSVRC2012_val_00008469_with_ILSVRC2012_val_00024433_rank134,403,403,0.76662,0
ILSVRC2012_val_00008469_with_ILSVRC2012_val_00002072_rank670,285,285,0.39808,0
ILSVRC2012_val_00008469_with_ILSVRC2012_val_00013255_rank374,322,324,0.33847,3
ILSVRC2012_val_00008469_with_ILSVRC2012_val_00044544_rank014,58,65,0.16442,1
ILSVRC2012_val_00008469_with_ILSVRC2012_val_00008227_rank384,433,417,0.3168,24
ILSVRC2012_val_00008469_with_ILSVRC2012_val_00009016_rank292,938,938,0.89934,0
ILSVRC2012_val_00008469_with_ILSVRC2012_val_00039713_rank945,610,610,0.60403,0
ILSVRC2012_val_00008469_with_ILSVRC2012_val_00041709_rank958,849,849,0.64681,0
ILSVRC2012_val_00008469_with_ILSVRC2012_val_00044625_rank421,387,387,0.82889,0
ILSVRC2012_val_00008469_with_ILSVRC2012_val_00001246_rank500,664,372,0.43723,706
ILSVRC2012_val_00008469_with_ILSVRC2012_val_00000079_rank239,175,175,0.73934,0
ILSVRC2012_val_00008469_with_ILSVRC2012_val_00004787_rank831,567,567,0.70671,0
ILSVRC2012_val_00008469_with_ILSVRC2012_val_00037918_rank149,640,640,0.73666,0
ILSVRC2012_val_00008469_with_ILSVRC2012_val_00001405_rank263,931,931,0.24597,0
ILSVRC2012_val_00008469_with_ILSVRC2012_val_00005768_rank024,32,30,0.83592,1
ILSVRC2012_val_00008469_with_ILSVRC2012_val_00044690_rank083,847,847,0.78517,0
ILSVRC2012_val_00008469_with_ILSVRC2012_val_00049944_rank738,881,881,0.68963,0
ILSVRC2012_val_00008469_with_ILSVRC2012_val_00046740_rank084,46,39,0.37499,3
ILSVRC2012_val_00008469_with_ILSVRC2012_val_00042858_rank078,140,140,0.82444,0
ILSVRC2012_val_00008469_with_ILSVRC2012_val_00027809_rank287,80,80,0.83366,0
ILSVRC2012_val_00008469_with_ILSVRC2012_val_00008884_rank833,461,461,0.38817,0
ILSVRC2012_val_00008469_with_ILSVRC2012_val_00048074_rank860,602,602,0.58131,0
ILSVRC2012_val_00008469_with_ILSVRC2012_val_00023770_rank809,795,908,0.38448,19
ILSVRC2012_val_00008469_with_ILSVRC2012_val_00027719_rank560,941,417,0.56805,163
ILSVRC2012_val_00008469_with_ILSVRC2012_val_00034724_rank238,874,874,0.62809,0
ILSVRC2012_val_00008469_with_ILSVRC2012_val_00031155_rank411,996,344,0.18966,739
ILSVRC2012_val_00008469_with_ILSVRC2012_val_00016775_rank310,108,991,0.16818,7
ILSVRC2012_val_00008469_with_ILSVRC2012_val_00046989_rank095,269,269,0.81772,0
ILSVRC2012_val_00008469_with_ILSVRC2012_val_00004912_rank751,497,449,0.34394,13
ILSVRC2012_val_00008469_with_ILSVRC2012_val_00027455_rank849,521,521,0.86667,0
ILSVRC2012_val_00008469_with_ILSVRC2012_val_00001254_rank345,374,369,0.30928,16
ILSVRC2012_val_00008469_with_ILSVRC2012_val_00045465_rank148,278,280,0.46027,2
ILSVRC2012_val_00008469_with_ILSVRC2012_val_00044929_rank335,361,361,0.72066,0
ILSVRC2012_val_00008469_with_ILSVRC2012_val_00034933_rank799,219,219,0.53653,0
ILSVRC2012_val_00008469_with_ILSVRC2012_val_00036303_rank937,822,822,0.82678,0
ILSVRC2012_val_00008469_with_ILSVRC2012_val_00014360_rank744,235,235,0.80437,0
ILSVRC2012_val_00008469_with_ILSVRC2012_val_00017047_rank706,932,932,0.55643,0
ILSVRC2012_val_00008469_with_ILSVRC2012_val_00044032_rank576,627,627,0.54006,0
ILSVRC2012_val_00008469_with_ILSVRC2012_val_00039908_rank202,510,510,0.82569,0
ILSVRC2012_val_00008469_with_ILSVRC2012_val_00036280_rank929,422,471,0.103,24
ILSVRC2012_val_00008469_with_ILSVRC2012_val_00017442_rank159,210,210,0.8286,0
ILSVRC2012_val_00008469_with_ILSVRC2012_val_00045907_rank933,808,958,0.77807,25
ILSVRC2012_val_00008469_with_ILSVRC2012_val_00021006_rank021,293,293,0.69103,0
ILSVRC2012_val_00008469_with_ILSVRC2012_val_00014989_rank285,724,724,0.77696,0
ILSVRC2012_val_00008469_with_ILSVRC2012_val_00021717_rank365,734,609,0.57005,7
ILSVRC2012_val_00008469_with_ILSVRC2012_val_00019202_rank156,307,307,0.16657,0
ILSVRC2012_val_00008469_with_ILSVRC2012_val_00039078_rank222,321,321,0.86078,0
ILSVRC2012_val_00008469_with_ILSVRC2012_val_00013778_rank859,427,427,0.76122,0
ILSVRC2012_val_00008469_with_ILSVRC2012_val_00039178_rank031,360,360,0.84006,0
ILSVRC2012_val_00008469_with_ILSVRC2012_val_00011736_rank039,292,292,0.56879,0
ILSVRC2012_val_00008469_with_ILSVRC2012_val_00030486_rank543,873,873,0.59855,0
ILSVRC2012_val_00008469_with_ILSVRC2012_val_00011488_rank066,143,98,0.72254,4
ILSVRC2012_val_00008469_with_ILSVRC2012_val_00046183_rank648,957,957,0.8309,0
ILSVRC2012_val_00008469_with_ILSVRC2012_val_00029045_rank868,528,528,0.71816,0
ILSVRC2012_val_00008469_with_ILSVRC2012_val_00045148_rank278,436,609,0.36463,8
ILSVRC2012_val_00008469_with_ILSVRC2012_val_00002925_rank296,936,936,0.85922,0
ILSVRC2012_val_00008469_with_ILSVRC2012_val_00024541_rank182,63,63,0.83735,0
ILSVRC2012_val_00008469_with_ILSVRC2012_val_00004589_rank508,611,483,0.13022,26
ILSVRC2012_val_00008469_with_ILSVRC2012_val_00017975_rank612,17,17,0.48638,0
ILSVRC2012_val_00008469_with_ILSVRC2012_val_00008698_rank237,159,168,0.54473,2
ILSVRC2012_val_00008469_with_ILSVRC2012_val_00048065_rank208,972,972,0.69582,0
ILSVRC2012_val_00008469_with_ILSVRC2012_val_00017835_rank777,689,501,0.2227,3
ILSVRC2012_val_00008469_with_ILSVRC2012_val_00038744_rank706,932,932,0.61514,0
ILSVRC2012_val_00008469_with_ILSVRC2012_val_00011636_rank270,625,625,0.8566,0
ILSVRC2012_val_00008469_with_ILSVRC2012_val_00007174_rank235,371,371,0.81887,0
ILSVRC2012_val_00008469_with_ILSVRC2012_val_00004335_rank372,73,181,0.0795,250
ILSVRC2012_val_00008469_with_ILSVRC2012_val_00037372_rank537,496,496,0.81535,0
ILSVRC2012_val_00008469_with_ILSVRC2012_val_00045605_rank306,832,832,0.69285,0
ILSVRC2012_val_00008469_with_ILSVRC2012_val_00042149_rank585,712,807,0.76242,69
ILSVRC2012_val_00008469_with_ILSVRC2012_val_00040040_rank467,207,207,0.73088,0
ILSVRC2012_val_00008469_with_ILSVRC2012_val_00017599_rank359,243,243,0.82246,0
ILSVRC2012_val_00008469_with_ILSVRC2012_val_00036192_rank209,114,386,0.21047,404
ILSVRC2012_val_00008469_with_ILSVRC2012_val_00047121_rank017,20,20,0.84532,0
ILSVRC2012_val_00008469_with_ILSVRC2012_val_00048923_rank636,757,654,0.32297,2
ILSVRC2012_val_00008469_with_ILSVRC2012_val_00018190_rank489,895,895,0.41524,0
ILSVRC2012_val_00008469_with_ILSVRC2012_val_00048833_rank229,937,958,0.34756,86
ILSVRC2012_val_00008469_with_ILSVRC2012_val_00022883_rank804,400,400,0.5179,0
ILSVRC2012_val_00008469_with_ILSVRC2012_val_00039693_rank314,741,449,0.3454,216
ILSVRC2012_val_00008469_with_ILSVRC2012_val_00009252_rank589,785,958,0.51989,185
ILSVRC2012_val_00008469_with_ILSVRC2012_val_00005852_rank165,334,346,0.0877,432
ILSVRC2012_val_00008469_with_ILSVRC2012_val_00040412_rank612,17,346,0.65851,730
ILSVRC2012_val_00008469_with_ILSVRC2012_val_00008135_rank057,133,133,0.80124,0
ILSVRC2012_val_00008469_with_ILSVRC2012_val_00021051_rank527,249,249,0.80324,0
ILSVRC2012_val_00008469_with_ILSVRC2012_val_00021066_rank025,288,293,0.75827,3
ILSVRC2012_val_00008469_with_ILSVRC2012_val_00019535_rank520,238,238,0.49227,0
ILSVRC2012_val_00008469_with_ILSVRC2012_val_00038321_rank484,833,833,0.81591,0
ILSVRC2012_val_00008469_with_ILSVRC2012_val_00028399_rank932,566,566,0.79591,0
ILSVRC2012_val_00008469_with_ILSVRC2012_val_00043706_rank925,702,703,0.11814,47
ILSVRC2012_val_00008469_with_ILSVRC2012_val_00030444_rank852,78,78,0.46894,0
ILSVRC2012_val_00008469_with_ILSVRC2012_val_00021865_rank960,813,595,0.2169,998
ILSVRC2012_val_00008469_with_ILSVRC2012_val_00011322_rank341,239,239,0.77111,0
ILSVRC2012_val_00008469_with_ILSVRC2012_val_00020155_rank522,662,662,0.19294,0
ILSVRC2012_val_00008469_with_ILSVRC2012_val_00044837_rank848,676,676,0.82897,0
ILSVRC2012_val_00008469_with_ILSVRC2012_val_00008217_rank474,228,228,0.77774,0
ILSVRC2012_val_00008469_with_ILSVRC2012_val_00028113_rank024,32,30,0.83667,1
ILSVRC2012_val_00008469_with_ILSVRC2012_val_00033846_rank949,604,604,0.83297,0
ILSVRC2012_val_00008469_with_ILSVRC2012_val_00013675_rank012,36,36,0.75705,0
ILSVRC2012_val_00008469_with_ILSVRC2012_val_00015770_rank368,331,331,0.23114,0
ILSVRC2012_val_00008469_with_ILSVRC2012_val_00016039_rank424,603,603,0.68968,0
ILSVRC2012_val_00008469_with_ILSVRC2012_val_00020367_rank467,207,207,0.80535,0
ILSVRC2012_val_00008469_with_ILSVRC2012_val_00006802_rank461,578,578,0.38019,0
ILSVRC2012_val_00008469_with_ILSVRC2012_val_00037741_rank980,542,912,0.16224,737
ILSVRC2012_val_00008469_with_ILSVRC2012_val_00035327_rank782,793,793,0.88765,0
ILSVRC2012_val_00008469_with_ILSVRC2012_val_00027669_rank237,159,159,0.65737,0
ILSVRC2012_val_00008469_with_ILSVRC2012_val_00047381_rank850,725,653,0.67999,18
ILSVRC2012_val_00008469_with_ILSVRC2012_val_00039777_rank059,294,294,0.28654,0
ILSVRC2012_val_00008469_with_ILSVRC2012_val_00005241_rank693,488,100,0.44932,203
ILSVRC2012_val_00008469_with_ILSVRC2012_val_00019937_rank284,279,279,0.58047,0
ILSVRC2012_val_00008469_with_ILSVRC2012_val_00020682_rank487,791,791,0.72182,0
ILSVRC2012_val_00008469_with_ILSVRC2012_val_00038786_rank435,204,155,0.53052,1
ILSVRC2012_val_00008469_with_ILSVRC2012_val_00036619_rank697,800,800,0.91601,0
ILSVRC2012_val_00008469_with_ILSVRC2012_val_00013010_rank725,651,485,0.48011,28
ILSVRC2012_val_00008469_with_ILSVRC2012_val_00011419_rank213,393,958,0.10453,206
ILSVRC2012_val_00008469_with_ILSVRC2012_val_00030887_rank042,100,100,0.74882,0
ILSVRC2012_val_00008469_with_ILSVRC2012_val_00010404_rank439,458,458,0.75576,0
ILSVRC2012_val_00008469_with_ILSVRC2012_val_00034192_rank160,319,319,0.46103,0
ILSVRC2012_val_00008469_with_ILSVRC2012_val_00048864_rank173,1,1,0.77567,0
ILSVRC2012_val_00008469_with_ILSVRC2012_val_00049844_rank629,616,958,0.19237,67
ILSVRC2012_val_00008469_with_ILSVRC2012_val_00040690_rank747,523,523,0.78172,0
ILSVRC2012_val_00008469_with_ILSVRC2012_val_00039058_rank079,102,102,0.81649,0
ILSVRC2012_val_00008469_with_ILSVRC2012_val_00033775_rank449,201,185,0.27093,5
ILSVRC2012_val_00008469_with_ILSVRC2012_val_00015338_rank656,190,229,0.28672,7
ILSVRC2012_val_00008469_with_ILSVRC2012_val_00000353_rank700,481,481,0.73209,0
ILSVRC2012_val_00008469_with_ILSVRC2012_val_00005318_rank505,582,945,0.81702,20
ILSVRC2012_val_00008469_with_ILSVRC2012_val_00019869_rank250,323,323,0.81396,0
ILSVRC2012_val_00008469_with_ILSVRC2012_val_00007917_rank513,912,912,0.78152,0
ILSVRC2012_val_00008469_with_ILSVRC2012_val_00028251_rank432,484,871,0.1099,1
ILSVRC2012_val_00008469_with_ILSVRC2012_val_00018977_rank919,883,899,0.29896,5
ILSVRC2012_val_00008469_with_ILSVRC2012_val_00020805_rank671,185,185,0.8415,0
ILSVRC2012_val_00008469_with_ILSVRC2012_val_00010518_rank851,563,471,0.36232,378
ILSVRC2012_val_00008469_with_ILSVRC2012_val_00035020_rank822,767,958,0.08025,492
ILSVRC2012_val_00008469_with_ILSVRC2012_val_00001903_rank620,754,609,0.17073,138
ILSVRC2012_val_00008469_with_ILSVRC2012_val_00017213_rank388,781,781,0.40145,0
ILSVRC2012_val_00008469_with_ILSVRC2012_val_00037921_rank743,629,701,0.7582,743
ILSVRC2012_val_00008469_with_ILSVRC2012_val_00029150_rank266,81,81,0.76251,0
ILSVRC2012_val_00008469_with_ILSVRC2012_val_00037637_rank768,513,513,0.65159,0
ILSVRC2012_val_00008469_with_ILSVRC2012_val_00028672_rank758,806,474,0.09258,4
ILSVRC2012_val_00008469_with_ILSVRC2012_val_00049817_rank380,658,658,0.77035,0
ILSVRC2012_val_00008469_with_ILSVRC2012_val_00037830_rank491,575,511,0.39536,9
ILSVRC2012_val_00008469_with_ILSVRC2012_val_00006724_rank479,965,965,0.71177,0
ILSVRC2012_val_00008469_with_ILSVRC2012_val_00002900_rank652,989,989,0.42199,0
ILSVRC2012_val_00008469_with_ILSVRC2012_val_00029701_rank928,439,23,0.26189,594
ILSVRC2012_val_00008469_with_ILSVRC2012_val_00036140_rank177,221,267,0.57795,4
ILSVRC2012_val_00008469_with_ILSVRC2012_val_00017679_rank668,776,913,0.19383,231
ILSVRC2012_val_00008469_with_ILSVRC2012_val_00030961_rank911,203,203,0.41674,0
ILSVRC2012_val_00008469_with_ILSVRC2012_val_00001975_rank034,395,395,0.37992,0
ILSVRC2012_val_00008469_with_ILSVRC2012_val_00038451_rank510,871,871,0.55233,0
ILSVRC2012_val_00008469_with_ILSVRC2012_val_00039146_rank911,203,346,0.1772,401
ILSVRC2012_val_00008469_with_ILSVRC2012_val_00040271_rank963,593,958,0.09812,560
ILSVRC2012_val_00008469_with_ILSVRC2012_val_00007246_rank470,257,345,0.10164,156
ILSVRC2012_val_00008469_with_ILSVRC2012_val_00020004_rank756,740,410,0.8412,84
ILSVRC2012_val_00008469_with_ILSVRC2012_val_00019232_rank654,524,386,0.23683,451
ILSVRC2012_val_00008469_with_ILSVRC2012_val_00020830_rank402,216,212,0.31368,2
ILSVRC2012_val_00008469_with_ILSVRC2012_val_00028714_rank794,880,880,0.59872,0
ILSVRC2012_val_00008469_with_ILSVRC2012_val_00019207_rank836,707,707,0.8314,0
ILSVRC2012_val_00008469_with_ILSVRC2012_val_00025568_rank551,899,725,0.65152,1
ILSVRC2012_val_00008469_with_ILSVRC2012_val_00049219_rank624,934,934,0.57819,0
ILSVRC2012_val_00008469_with_ILSVRC2012_val_00037070_rank147,7,7,0.77031,0
ILSVRC2012_val_00008469_with_ILSVRC2012_val_00007739_rank983,684,684,0.76182,0
ILSVRC2012_val_00008469_with_ILSVRC2012_val_00023672_rank608,453,519,0.43549,18
ILSVRC2012_val_00008469_with_ILSVRC2012_val_00029086_rank539,301,301,0.84762,0
ILSVRC2012_val_00008469_with_ILSVRC2012_val_00018614_rank850,725,725,0.37736,0
ILSVRC2012_val_00008469_with_ILSVRC2012_val_00010453_rank933,808,808,0.73572,0
ILSVRC2012_val_00008469_with_ILSVRC2012_val_00048449_rank913,615,434,0.34338,185
ILSVRC2012_val_00008469_with_ILSVRC2012_val_00033437_rank062,26,49,0.33693,61
ILSVRC2012_val_00008469_with_ILSVRC2012_val_00043164_rank364,815,472,0.43943,307
ILSVRC2012_val_00008469_with_ILSVRC2012_val_00019479_rank365,734,609,0.38815,7
ILSVRC2012_val_00008469_with_ILSVRC2012_val_00002749_rank593,261,261,0.75329,0
ILSVRC2012_val_00008469_with_ILSVRC2012_val_00035944_rank911,203,203,0.71535,0
ILSVRC2012_val_00008469_with_ILSVRC2012_val_00013173_rank818,154,154,0.8004,0
ILSVRC2012_val_00008469_with_ILSVRC2012_val_00001218_rank191,21,21,0.55418,0
ILSVRC2012_val_00008469_with_ILSVRC2012_val_00006945_rank584,378,378,0.29498,0
ILSVRC2012_val_00008469_with_ILSVRC2012_val_00047097_rank689,626,472,0.1507,376
ILSVRC2012_val_00008469_with_ILSVRC2012_val_00022613_rank681,643,879,0.09551,85
ILSVRC2012_val_00008469_with_ILSVRC2012_val_00046674_rank096,377,344,0.11558,263
ILSVRC2012_val_00008469_with_ILSVRC2012_val_00017541_rank354,76,76,0.8352,0
ILSVRC2012_val_00008469_with_ILSVRC2012_val_00044572_rank939,855,898,0.29961,191
ILSVRC2012_val_00008469_with_ILSVRC2012_val_00033488_rank485,705,839,0.52623,55
ILSVRC2012_val_00008469_with_ILSVRC2012_val_00000511_rank553,166,166,0.85444,0
ILSVRC2012_val_00008469_with_ILSVRC2012_val_00018055_rank541,268,246,0.13678,2
ILSVRC2012_val_00008469_with_ILSVRC2012_val_00001539_rank581,304,701,0.83698,101
ILSVRC2012_val_00008469_with_ILSVRC2012_val_00008756_rank078,140,140,0.84664,0
ILSVRC2012_val_00008469_with_ILSVRC2012_val_00046053_rank010,35,35,0.4946,0
ILSVRC2012_val_00008469_with_ILSVRC2012_val_00033255_rank121,825,825,0.35347,0
ILSVRC2012_val_00008469_with_ILSVRC2012_val_00021365_rank205,211,159,0.30465,1
ILSVRC2012_val_00008469_with_ILSVRC2012_val_00033008_rank566,512,895,0.8089,482
ILSVRC2012_val_00008469_with_ILSVRC2012_val_00028980_rank598,950,950,0.10641,0
ILSVRC2012_val_00008469_with_ILSVRC2012_val_00015788_rank595,411,411,0.22769,0
ILSVRC2012_val_00008469_with_ILSVRC2012_val_00019595_rank262,547,913,0.10085,77
ILSVRC2012_val_00008469_with_ILSVRC2012_val_00006858_rank813,409,409,0.86092,0
ILSVRC2012_val_00008469_with_ILSVRC2012_val_00045682_rank758,806,595,0.3967,684
ILSVRC2012_val_00008469_with_ILSVRC2012_val_00016130_rank774,265,267,0.58777,2
ILSVRC2012_val_00008469_with_ILSVRC2012_val_00034658_rank878,786,595,0.17793,728
ILSVRC2012_val_00008469_with_ILSVRC2012_val_00044706_rank259,11,11,0.78832,0
ILSVRC2012_val_00008469_with_ILSVRC2012_val_00036987_rank948,790,950,0.31827,58
ILSVRC2012_val_00008469_with_ILSVRC2012_val_00049208_rank731,875,870,0.1481,500
ILSVRC2012_val_00008469_with_ILSVRC2012_val_00044528_rank401,959,959,0.71471,0
ILSVRC2012_val_00008469_with_ILSVRC2012_val_00023233_rank480,780,780,0.60557,0
ILSVRC2012_val_00008469_with_ILSVRC2012_val_00030152_rank842,797,797,0.68389,0
ILSVRC2012_val_00008469_with_ILSVRC2012_val_00043512_rank492,335,106,0.2583,39
ILSVRC2012_val_00008469_with_ILSVRC2012_val_00044708_rank214,115,115,0.87814,0
ILSVRC2012_val_00008469_with_ILSVRC2012_val_00024932_rank203,149,149,0.3068,0
ILSVRC2012_val_00008469_with_ILSVRC2012_val_00036141_rank114,362,362,0.85954,0
ILSVRC2012_val_00008469_with_ILSVRC2012_val_00020769_rank260,126,344,0.43311,143
ILSVRC2012_val_00008469_with_ILSVRC2012_val_00004227_rank115,372,372,0.83494,0
ILSVRC2012_val_00008469_with_ILSVRC2012_val_00001645_rank005,44,50,0.80214,11
ILSVRC2012_val_00008469_with_ILSVRC2012_val_00021186_rank883,470,913,0.15224,512
ILSVRC2012_val_00008469_with_ILSVRC2012_val_00037278_rank948,790,790,0.5095,0
ILSVRC2012_val_00008469_with_ILSVRC2012_val_00015830_rank609,12,12,0.58059,0
ILSVRC2012_val_00008469_with_ILSVRC2012_val_00042978_rank052,274,274,0.85204,0
ILSVRC2012_val_00008469_with_ILSVRC2012_val_00028953_rank731,875,875,0.22026,0
ILSVRC2012_val_00008469_with_ILSVRC2012_val_00037005_rank284,279,279,0.77123,0
ILSVRC2012_val_00008469_with_ILSVRC2012_val_00011817_rank628,748,958,0.45688,538
ILSVRC2012_val_00008469_with_ILSVRC2012_val_00046455_rank162,396,396,0.77077,0
ILSVRC2012_val_00008469_with_ILSVRC2012_val_00016914_rank979,596,958,0.19036,106
ILSVRC2012_val_00008469_with_ILSVRC2012_val_00008726_rank303,277,277,0.46316,0
ILSVRC2012_val_00008469_with_ILSVRC2012_val_00004025_rank896,543,543,0.81327,0
ILSVRC2012_val_00008469_with_ILSVRC2012_val_00002825_rank291,15,15,0.86647,0
ILSVRC2012_val_00008469_with_ILSVRC2012_val_00012291_rank726,153,153,0.76938,0
ILSVRC2012_val_00008469_with_ILSVRC2012_val_00039612_rank156,307,307,0.71418,0
ILSVRC2012_val_00008469_with_ILSVRC2012_val_00019618_rank364,815,815,0.45695,0
ILSVRC2012_val_00008469_with_ILSVRC2012_val_00029379_rank915,541,958,0.16605,623
ILSVRC2012_val_00008469_with_ILSVRC2012_val_00019886_rank618,486,486,0.70571,0
ILSVRC2012_val_00008469_with_ILSVRC2012_val_00011869_rank346,155,155,0.75005,0
ILSVRC2012_val_00008469_with_ILSVRC2012_val_00024282_rank934,426,426,0.52743,0
ILSVRC2012_val_00008469_with_ILSVRC2012_val_00001158_rank299,96,96,0.80768,0
ILSVRC2012_val_00008469_with_ILSVRC2012_val_00030136_rank089,296,296,0.80723,0
ILSVRC2012_val_00008469_with_ILSVRC2012_val_00016789_rank596,720,631,0.20964,1
ILSVRC2012_val_00008469_with_ILSVRC2012_val_00016929_rank070,139,139,0.8096,0
ILSVRC2012_val_00008469_with_ILSVRC2012_val_00014179_rank595,411,879,0.16687,129
ILSVRC2012_val_00008469_with_ILSVRC2012_val_00029056_rank649,160,256,0.85771,9
ILSVRC2012_val_00008469_with_ILSVRC2012_val_00022967_rank213,393,393,0.77633,0
ILSVRC2012_val_00008469_with_ILSVRC2012_val_00045835_rank869,644,693,0.36423,131
ILSVRC2012_val_00008469_with_ILSVRC2012_val_00006451_rank223,368,368,0.74714,0
ILSVRC2012_val_00008469_with_ILSVRC2012_val_00019737_rank193,317,317,0.09962,0
ILSVRC2012_val_00008469_with_ILSVRC2012_val_00006990_rank898,601,346,0.30192,816
ILSVRC2012_val_00008469_with_ILSVRC2012_val_00043655_rank605,302,9,0.31495,636
ILSVRC2012_val_00008469_with_ILSVRC2012_val_00021709_rank118,144,144,0.77281,0
ILSVRC2012_val_00008469_with_ILSVRC2012_val_00007282_rank411,996,825,0.78543,17
ILSVRC2012_val_00008469_with_ILSVRC2012_val_00026914_rank700,481,481,0.75096,0
ILSVRC2012_val_00008469_with_ILSVRC2012_val_00030671_rank267,186,189,0.32851,6
ILSVRC2012_val_00008469_with_ILSVRC2012_val_00018850_rank766,903,219,0.4546,86
ILSVRC2012_val_00008469_with_ILSVRC2012_val_00025781_rank981,650,340,0.20799,436
ILSVRC2012_val_00008469_with_ILSVRC2012_val_00046521_rank460,493,493,0.84826,0
ILSVRC2012_val_00008469_with_ILSVRC2012_val_00048174_rank088,297,297,0.6565,0
ILSVRC2012_val_00008469_with_ILSVRC2012_val_00015883_rank688,856,866,0.30687,2
ILSVRC2012_val_00008469_with_ILSVRC2012_val_00028806_rank778,928,649,0.09058,702
ILSVRC2012_val_00008469_with_ILSVRC2012_val_00030651_rank039,292,292,0.54871,0
ILSVRC2012_val_00008469_with_ILSVRC2012_val_00009811_rank331,88,88,0.82318,0
ILSVRC2012_val_00008469_with_ILSVRC2012_val_00037086_rank572,587,9,0.67779,568
ILSVRC2012_val_00008469_with_ILSVRC2012_val_00028567_rank375,474,958,0.18377,216
ILSVRC2012_val_00008469_with_ILSVRC2012_val_00016280_rank683,431,431,0.46438,0
ILSVRC2012_val_00008469_with_ILSVRC2012_val_00013380_rank461,578,346,0.38758,491
ILSVRC2012_val_00008469_with_ILSVRC2012_val_00011566_rank972,708,958,0.1053,629
ILSVRC2012_val_00008469_with_ILSVRC2012_val_00011530_rank054,37,37,0.73251,0
ILSVRC2012_val_00008469_with_ILSVRC2012_val_00031362_rank849,521,544,0.57902,2
ILSVRC2012_val_00008469_with_ILSVRC2012_val_00022157_rank166,71,703,0.61741,868
ILSVRC2012_val_00008469_with_ILSVRC2012_val_00041316_rank996,117,117,0.76513,0
ILSVRC2012_val_00008469_with_ILSVRC2012_val_00032906_rank046,363,363,0.83468,0
ILSVRC2012_val_00008469_with_ILSVRC2012_val_00011120_rank224,27,38,0.83504,9
ILSVRC2012_val_00008469_with_ILSVRC2012_val_00039287_rank347,623,693,0.47187,68
ILSVRC2012_val_00008469_with_ILSVRC2012_val_00035588_rank802,809,9,0.1868,420
ILSVRC2012_val_00008469_with_ILSVRC2012_val_00001261_rank727,715,386,0.09562,464
ILSVRC2012_val_00008469_with_ILSVRC2012_val_00045535_rank962,818,412,0.37044,324
ILSVRC2012_val_00008469_with_ILSVRC2012_val_00035421_rank183,649,649,0.75941,0
ILSVRC2012_val_00008469_with_ILSVRC2012_val_00008865_rank388,781,781,0.84739,0
ILSVRC2012_val_00008469_with_ILSVRC2012_val_00037818_rank655,843,843,0.29562,0
ILSVRC2012_val_00008469_with_ILSVRC2012_val_00038472_rank861,501,501,0.84005,0
ILSVRC2012_val_00008469_with_ILSVRC2012_val_00008178_rank110,24,24,0.84884,0
ILSVRC2012_val_00008469_with_ILSVRC2012_val_00043963_rank165,334,334,0.79301,0
ILSVRC2012_val_00008469_with_ILSVRC2012_val_00008228_rank181,381,381,0.54427,0
ILSVRC2012_val_00008469_with_ILSVRC2012_val_00025194_rank887,594,594,0.87181,0
ILSVRC2012_val_00008469_with_ILSVRC2012_val_00040911_rank786,891,891,0.85521,0
ILSVRC2012_val_00008469_with_ILSVRC2012_val_00049684_rank825,332,332,0.80352,0
ILSVRC2012_val_00008469_with_ILSVRC2012_val_00028932_rank237,159,246,0.60428,7
ILSVRC2012_val_00008469_with_ILSVRC2012_val_00042661_rank063,101,386,0.59367,2
ILSVRC2012_val_00008469_with_ILSVRC2012_val_00026494_rank134,403,403,0.69926,0
ILSVRC2012_val_00008469_with_ILSVRC2012_val_00037452_rank481,450,595,0.12522,647
ILSVRC2012_val_00008469_with_ILSVRC2012_val_00045648_rank447,74,815,0.6757,3
ILSVRC2012_val_00008469_with_ILSVRC2012_val_00013661_rank213,393,393,0.80703,0
ILSVRC2012_val_00008469_with_ILSVRC2012_val_00004349_rank130,104,104,0.84565,0
ILSVRC2012_val_00008469_with_ILSVRC2012_val_00012931_rank435,204,204,0.2115,0
ILSVRC2012_val_00008469_with_ILSVRC2012_val_00010812_rank416,852,852,0.82375,0
ILSVRC2012_val_00008469_with_ILSVRC2012_val_00044198_rank972,708,649,0.46945,10
ILSVRC2012_val_00008469_with_ILSVRC2012_val_00030456_rank939,855,855,0.72788,0
ILSVRC2012_val_00008469_with_ILSVRC2012_val_00007077_rank019,138,138,0.75182,0
ILSVRC2012_val_00008469_with_ILSVRC2012_val_00039297_rank564,909,909,0.62818,0
ILSVRC2012_val_00008469_with_ILSVRC2012_val_00018334_rank014,58,58,0.41901,0
ILSVRC2012_val_00008469_with_ILSVRC2012_val_00039391_rank493,607,607,0.73362,0
ILSVRC2012_val_00008469_with_ILSVRC2012_val_00016451_rank591,236,236,0.53458,0
ILSVRC2012_val_00008469_with_ILSVRC2012_val_00007413_rank888,841,344,0.14796,957
ILSVRC2012_val_00008469_with_ILSVRC2012_val_00031526_rank813,409,409,0.23212,0
ILSVRC2012_val_00008469_with_ILSVRC2012_val_00008487_rank435,204,185,0.45723,21
ILSVRC2012_val_00008469_with_ILSVRC2012_val_00024918_rank379,947,947,0.16336,0
ILSVRC2012_val_00008469_with_ILSVRC2012_val_00013831_rank901,401,401,0.79236,0
ILSVRC2012_val_00008469_with_ILSVRC2012_val_00004066_rank785,728,728,0.4563,0
ILSVRC2012_val_00008469_with_ILSVRC2012_val_00027635_rank1000,589,471,0.50304,367
ILSVRC2012_val_00008469_with_ILSVRC2012_val_00015374_rank116,65,65,0.68775,0
ILSVRC2012_val_00008469_with_ILSVRC2012_val_00001996_rank719,583,583,0.81541,0
ILSVRC2012_val_00008469_with_ILSVRC2012_val_00003670_rank552,405,405,0.81989,0
ILSVRC2012_val_00008469_with_ILSVRC2012_val_00033955_rank406,520,520,0.69315,0
ILSVRC2012_val_00008469_with_ILSVRC2012_val_00005208_rank354,76,346,0.49008,416
ILSVRC2012_val_00008469_with_ILSVRC2012_val_00022724_rank425,997,958,0.36434,262
ILSVRC2012_val_00008469_with_ILSVRC2012_val_00027921_rank028,66,616,0.55218,105
ILSVRC2012_val_00008469_with_ILSVRC2012_val_00027126_rank821,556,730,0.60098,628
ILSVRC2012_val_00008469_with_ILSVRC2012_val_00023962_rank992,749,913,0.71453,480
ILSVRC2012_val_00008469_with_ILSVRC2012_val_00028528_rank840,716,716,0.38164,0
ILSVRC2012_val_00008469_with_ILSVRC2012_val_00000618_rank328,325,325,0.72725,0
ILSVRC2012_val_00008469_with_ILSVRC2012_val_00009661_rank864,606,606,0.22742,0
ILSVRC2012_val_00008469_with_ILSVRC2012_val_00000943_rank852,78,78,0.59293,0
ILSVRC2012_val_00008469_with_ILSVRC2012_val_00022192_rank903,507,635,0.49909,5
ILSVRC2012_val_00008469_with_ILSVRC2012_val_00033438_rank981,650,471,0.76512,156
ILSVRC2012_val_00008469_with_ILSVRC2012_val_00007760_rank343,358,358,0.30368,0
ILSVRC2012_val_00008469_with_ILSVRC2012_val_00036186_rank452,306,129,0.34575,183
ILSVRC2012_val_00008469_with_ILSVRC2012_val_00028212_rank571,940,940,0.5854,0
ILSVRC2012_val_00008469_with_ILSVRC2012_val_00000366_rank459,465,595,0.32317,187
ILSVRC2012_val_00008469_with_ILSVRC2012_val_00036002_rank499,164,164,0.79357,0
ILSVRC2012_val_00008469_with_ILSVRC2012_val_00042879_rank109,385,386,0.75238,2
ILSVRC2012_val_00008469_with_ILSVRC2012_val_00039738_rank644,804,631,0.30444,3
ILSVRC2012_val_00008469_with_ILSVRC2012_val_00047613_rank680,787,649,0.36725,204
ILSVRC2012_val_00008469_with_ILSVRC2012_val_00035004_rank461,578,672,0.10332,161
ILSVRC2012_val_00008469_with_ILSVRC2012_val_00047202_rank922,157,157,0.47373,0
ILSVRC2012_val_00008469_with_ILSVRC2012_val_00006820_rank978,763,447,0.46286,62
ILSVRC2012_val_00008469_with_ILSVRC2012_val_00036977_rank402,216,216,0.84427,0
ILSVRC2012_val_00008469_with_ILSVRC2012_val_00010747_rank421,387,387,0.91435,0
ILSVRC2012_val_00008469_with_ILSVRC2012_val_00019099_rank444,379,367,0.34143,15
ILSVRC2012_val_00008469_with_ILSVRC2012_val_00029806_rank012,36,36,0.73234,0
ILSVRC2012_val_00008469_with_ILSVRC2012_val_00013808_rank016,141,141,0.84664,0
ILSVRC2012_val_00008469_with_ILSVRC2012_val_00031260_rank450,380,366,0.56706,26
ILSVRC2012_val_00008469_with_ILSVRC2012_val_00024496_rank665,681,620,0.31412,1
ILSVRC2012_val_00008469_with_ILSVRC2012_val_00004691_rank209,114,114,0.75902,0
ILSVRC2012_val_00008469_with_ILSVRC2012_val_00001148_rank052,274,274,0.77576,0
ILSVRC2012_val_00008469_with_ILSVRC2012_val_00036782_rank955,636,958,0.2594,188
ILSVRC2012_val_00008469_with_ILSVRC2012_val_00033589_rank575,717,717,0.62878,0
ILSVRC2012_val_00008469_with_ILSVRC2012_val_00009586_rank475,251,251,0.68697,0
ILSVRC2012_val_00008469_with_ILSVRC2012_val_00032280_rank567,267,181,0.85054,4
ILSVRC2012_val_00008469_with_ILSVRC2012_val_00023430_rank408,564,564,0.65986,0
ILSVRC2012_val_00008469_with_ILSVRC2012_val_00019889_rank925,702,703,0.22655,47
ILSVRC2012_val_00008469_with_ILSVRC2012_val_00001607_rank116,65,65,0.52528,0
ILSVRC2012_val_00008469_with_ILSVRC2012_val_00038073_rank669,857,857,0.24366,0
ILSVRC2012_val_00008469_with_ILSVRC2012_val_00028974_rank909,605,605,0.78832,0
ILSVRC2012_val_00008469_with_ILSVRC2012_val_00007237_rank609,12,12,0.59148,0
ILSVRC2012_val_00008469_with_ILSVRC2012_val_00028416_rank276,694,595,0.51474,17
ILSVRC2012_val_00008469_with_ILSVRC2012_val_00038689_rank549,670,670,0.62112,0
ILSVRC2012_val_00008469_with_ILSVRC2012_val_00018780_rank299,96,96,0.83449,0
ILSVRC2012_val_00008469_with_ILSVRC2012_val_00016863_rank542,915,915,0.8238,0
ILSVRC2012_val_00008469_with_ILSVRC2012_val_00032623_rank303,277,277,0.83107,0
ILSVRC2012_val_00008469_with_ILSVRC2012_val_00033410_rank308,654,609,0.51091,12
ILSVRC2012_val_00008469_with_ILSVRC2012_val_00029074_rank429,688,688,0.83261,0
ILSVRC2012_val_00008469_with_ILSVRC2012_val_00015895_rank608,453,453,0.49243,0
ILSVRC2012_val_00008469_with_ILSVRC2012_val_00034241_rank942,846,846,0.4871,0
ILSVRC2012_val_00008469_with_ILSVRC2012_val_00010916_rank890,711,478,0.17954,45
ILSVRC2012_val_00008469_with_ILSVRC2012_val_00015174_rank130,104,346,0.33486,79
ILSVRC2012_val_00008469_with_ILSVRC2012_val_00001276_rank743,629,629,0.71998,0
ILSVRC2012_val_00008469_with_ILSVRC2012_val_00042356_rank924,608,352,0.18583,731
ILSVRC2012_val_00008469_with_ILSVRC2012_val_00015882_rank875,969,969,0.66303,0
ILSVRC2012_val_00008469_with_ILSVRC2012_val_00022384_rank044,103,103,0.06095,0
ILSVRC2012_val_00008469_with_ILSVRC2012_val_00047881_rank866,661,661,0.78853,0
ILSVRC2012_val_00008469_with_ILSVRC2012_val_00031510_rank785,728,132,0.25395,45
ILSVRC2012_val_00008469_with_ILSVRC2012_val_00030208_rank489,895,895,0.6759,0
ILSVRC2012_val_00008469_with_ILSVRC2012_val_00038288_rank072,92,92,0.77091,0
ILSVRC2012_val_00008469_with_ILSVRC2012_val_00044475_rank218,55,55,0.77609,0
ILSVRC2012_val_00008469_with_ILSVRC2012_val_00048964_rank474,228,228,0.64297,0
ILSVRC2012_val_00008469_with_ILSVRC2012_val_00036476_rank460,493,492,0.66451,4
ILSVRC2012_val_00008469_with_ILSVRC2012_val_00034555_rank851,563,744,0.14892,28
ILSVRC2012_val_00008469_with_ILSVRC2012_val_00002336_rank445,956,956,0.79388,0
ILSVRC2012_val_00008469_with_ILSVRC2012_val_00047919_rank451,264,264,0.73377,0
ILSVRC2012_val_00008469_with_ILSVRC2012_val_00001994_rank727,715,127,0.21656,405
ILSVRC2012_val_00008469_with_ILSVRC2012_val_00019266_rank907,879,958,0.36481,55
ILSVRC2012_val_00008469_with_ILSVRC2012_val_00018751_rank364,815,427,0.23227,505
ILSVRC2012_val_00008469_with_ILSVRC2012_val_00005693_rank183,649,649,0.85223,0
ILSVRC2012_val_00008469_with_ILSVRC2012_val_00004654_rank312,533,434,0.33251,11
ILSVRC2012_val_00008469_with_ILSVRC2012_val_00048884_rank865,456,730,0.79835,41
ILSVRC2012_val_00008469_with_ILSVRC2012_val_00019204_rank116,65,344,0.03443,492
ILSVRC2012_val_00008469_with_ILSVRC2012_val_00028626_rank049,41,730,0.27037,291
ILSVRC2012_val_00008469_with_ILSVRC2012_val_00004683_rank171,370,370,0.6439,0
ILSVRC2012_val_00008469_with_ILSVRC2012_val_00040909_rank658,240,240,0.33176,0
ILSVRC2012_val_00008469_with_ILSVRC2012_val_00046580_rank664,789,789,0.22127,0
ILSVRC2012_val_00008469_with_ILSVRC2012_val_00033539_rank607,553,553,0.64255,0
ILSVRC2012_val_00008469_with_ILSVRC2012_val_00037609_rank954,165,234,0.67173,3
ILSVRC2012_val_00008469_with_ILSVRC2012_val_00043181_rank071,127,127,0.85735,0
ILSVRC2012_val_00008469_with_ILSVRC2012_val_00008740_rank874,892,892,0.18326,0
ILSVRC2012_val_00008469_with_ILSVRC2012_val_00013073_rank610,713,713,0.71875,0
ILSVRC2012_val_00008469_with_ILSVRC2012_val_00013993_rank137,609,609,0.81173,0
ILSVRC2012_val_00008469_with_ILSVRC2012_val_00013424_rank442,199,197,0.34215,1
ILSVRC2012_val_00008469_with_ILSVRC2012_val_00044755_rank022,34,34,0.68662,0
ILSVRC2012_val_00008469_with_ILSVRC2012_val_00015229_rank251,354,354,0.80627,0
ILSVRC2012_val_00008469_with_ILSVRC2012_val_00024480_rank704,491,491,0.82324,0
ILSVRC2012_val_00008469_with_ILSVRC2012_val_00029803_rank966,478,154,0.85146,383
ILSVRC2012_val_00008469_with_ILSVRC2012_val_00049192_rank815,443,443,0.68981,0
ILSVRC2012_val_00008469_with_ILSVRC2012_val_00012467_rank358,687,497,0.34533,5
ILSVRC2012_val_00008469_with_ILSVRC2012_val_00047638_rank152,814,814,0.83204,0
ILSVRC2012_val_00008469_with_ILSVRC2012_val_00012537_rank263,931,931,0.82975,0
ILSVRC2012_val_00008469_with_ILSVRC2012_val_00038204_rank229,937,958,0.35618,86
ILSVRC2012_val_00008469_with_ILSVRC2012_val_00027428_rank288,179,179,0.57988,0
ILSVRC2012_val_00008469_with_ILSVRC2012_val_00001984_rank828,675,675,0.83852,0
ILSVRC2012_val_00008469_with_ILSVRC2012_val_00022370_rank804,400,879,0.66419,102
ILSVRC2012_val_00008469_with_ILSVRC2012_val_00008109_rank751,497,497,0.62293,0
ILSVRC2012_val_00008469_with_ILSVRC2012_val_00026339_rank103,150,150,0.40947,0
ILSVRC2012_val_00008469_with_ILSVRC2012_val_00030909_rank596,720,977,0.14892,983
ILSVRC2012_val_00008469_with_ILSVRC2012_val_00025572_rank824,579,579,0.71264,0
ILSVRC2012_val_00008469_with_ILSVRC2012_val_00013146_rank363,985,985,0.12673,0
ILSVRC2012_val_00008469_with_ILSVRC2012_val_00027328_rank965,420,913,0.3203,622
ILSVRC2012_val_00008469_with_ILSVRC2012_val_00029590_rank151,299,299,0.29535,0
ILSVRC2012_val_00008469_with_ILSVRC2012_val_00038584_rank127,690,386,0.47284,26
ILSVRC2012_val_00008469_with_ILSVRC2012_val_00022601_rank793,459,459,0.79978,0
ILSVRC2012_val_00008469_with_ILSVRC2012_val_00004275_rank925,702,730,0.05457,104
ILSVRC2012_val_00008469_with_ILSVRC2012_val_00049925_rank418,866,730,0.40911,2
ILSVRC2012_val_00008469_with_ILSVRC2012_val_00002687_rank195,183,233,0.57201,1
ILSVRC2012_val_00008469_with_ILSVRC2012_val_00036569_rank989,588,588,0.73088,0
ILSVRC2012_val_00008469_with_ILSVRC2012_val_00040831_rank323,576,978,0.14196,168
ILSVRC2012_val_00008469_with_ILSVRC2012_val_00028362_rank882,557,958,0.62293,145
ILSVRC2012_val_00008469_with_ILSVRC2012_val_00005406_rank371,824,346,0.29272,858
ILSVRC2012_val_00008469_with_ILSVRC2012_val_00022786_rank136,91,91,0.84464,0
ILSVRC2012_val_00008469_with_ILSVRC2012_val_00006164_rank885,655,689,0.21264,6
ILSVRC2012_val_00008469_with_ILSVRC2012_val_00047141_rank410,783,783,0.79543,0
ILSVRC2012_val_00008469_with_ILSVRC2012_val_00013199_rank919,883,725,0.33241,1
ILSVRC2012_val_00008469_with_ILSVRC2012_val_00017012_rank155,28,28,0.75619,0
ILSVRC2012_val_00008469_with_ILSVRC2012_val_00003476_rank777,689,501,0.62608,3
ILSVRC2012_val_00008469_with_ILSVRC2012_val_00024430_rank625,829,829,0.37357,0
ILSVRC2012_val_00008469_with_ILSVRC2012_val_00049591_rank874,892,426,0.46004,2
ILSVRC2012_val_00008469_with_ILSVRC2012_val_00023288_rank909,605,605,0.72084,0
ILSVRC2012_val_00008469_with_ILSVRC2012_val_00045500_rank396,770,637,0.57287,162
ILSVRC2012_val_00008469_with_ILSVRC2012_val_00006894_rank093,913,913,0.79124,0
ILSVRC2012_val_00008469_with_ILSVRC2012_val_00024164_rank155,28,28,0.81999,0
ILSVRC2012_val_00008469_with_ILSVRC2012_val_00017843_rank594,466,408,0.74495,81
ILSVRC2012_val_00008469_with_ILSVRC2012_val_00042966_rank057,133,133,0.84365,0
ILSVRC2012_val_00008469_with_ILSVRC2012_val_00021974_rank124,56,58,0.14828,11
ILSVRC2012_val_00008469_with_ILSVRC2012_val_00042303_rank514,256,233,0.71246,7
ILSVRC2012_val_00008469_with_ILSVRC2012_val_00028485_rank495,820,820,0.60369,0
ILSVRC2012_val_00008469_with_ILSVRC2012_val_00022122_rank499,164,164,0.90891,0
ILSVRC2012_val_00008469_with_ILSVRC2012_val_00046391_rank050,342,295,0.32288,4
ILSVRC2012_val_00008469_with_ILSVRC2012_val_00005950_rank678,663,483,0.42039,3
ILSVRC2012_val_00008469_with_ILSVRC2012_val_00033208_rank935,515,649,0.83728,498
ILSVRC2012_val_00008469_with_ILSVRC2012_val_00015605_rank052,274,274,0.51866,0
ILSVRC2012_val_00008469_with_ILSVRC2012_val_00023289_rank228,225,273,0.40632,7
ILSVRC2012_val_00008469_with_ILSVRC2012_val_00034418_rank050,342,170,0.26572,54
ILSVRC2012_val_00008469_with_ILSVRC2012_val_00030940_rank061,131,131,0.74409,0
ILSVRC2012_val_00008469_with_ILSVRC2012_val_00041815_rank700,481,481,0.65181,0
ILSVRC2012_val_00008469_with_ILSVRC2012_val_00000008_rank659,415,728,0.1092,773
ILSVRC2012_val_00008469_with_ILSVRC2012_val_00044882_rank541,268,268,0.46254,0
ILSVRC2012_val_00008469_with_ILSVRC2012_val_00021973_rank107,327,327,0.82782,0
ILSVRC2012_val_00008469_with_ILSVRC2012_val_00013520_rank985,691,691,0.6764,0
ILSVRC2012_val_00008469_with_ILSVRC2012_val_00008038_rank597,309,472,0.1148,781
ILSVRC2012_val_00008469_with_ILSVRC2012_val_00020124_rank049,41,288,0.20446,45
ILSVRC2012_val_00008469_with_ILSVRC2012_val_00045463_rank755,125,125,0.7961,0
ILSVRC2012_val_00008469_with_ILSVRC2012_val_00025286_rank955,636,672,0.23835,105
ILSVRC2012_val_00008469_with_ILSVRC2012_val_00019237_rank193,317,317,0.61908,0
ILSVRC2012_val_00008469_with_ILSVRC2012_val_00030462_rank749,446,867,0.36759,107
ILSVRC2012_val_00008469_with_ILSVRC2012_val_00018628_rank872,722,722,0.45813,0
ILSVRC2012_val_00008469_with_ILSVRC2012_val_00023752_rank706,932,932,0.63819,0
ILSVRC2012_val_00008469_with_ILSVRC2012_val_00026131_rank863,840,417,0.64477,745
ILSVRC2012_val_00008469_with_ILSVRC2012_val_00018781_rank946,742,782,0.35516,3
ILSVRC2012_val_00008469_with_ILSVRC2012_val_00009798_rank562,652,652,0.81022,0
ILSVRC2012_val_00008469_with_ILSVRC2012_val_00000336_rank532,463,463,0.67434,0
ILSVRC2012_val_00008469_with_ILSVRC2012_val_00030917_rank152,814,609,0.24196,158
ILSVRC2012_val_00008469_with_ILSVRC2012_val_00016945_rank576,627,627,0.8188,0
ILSVRC2012_val_00008469_with_ILSVRC2012_val_00010879_rank888,841,841,0.67665,0
ILSVRC2012_val_00008469_with_ILSVRC2012_val_00011919_rank614,709,814,0.14819,271
ILSVRC2012_val_00008469_with_ILSVRC2012_val_00041115_rank273,227,227,0.65145,0
ILSVRC2012_val_00008469_with_ILSVRC2012_val_00020507_rank166,71,146,0.20839,199
ILSVRC2012_val_00008469_with_ILSVRC2012_val_00049409_rank956,452,701,0.72649,563
ILSVRC2012_val_00008469_with_ILSVRC2012_val_00018132_rank079,102,102,0.73327,0
ILSVRC2012_val_00008469_with_ILSVRC2012_val_00005956_rank654,524,805,0.175,597
ILSVRC2012_val_00008469_with_ILSVRC2012_val_00021626_rank450,380,380,0.89362,0
ILSVRC2012_val_00008469_with_ILSVRC2012_val_00004051_rank512,110,51,0.5966,734
ILSVRC2012_val_00008469_with_ILSVRC2012_val_00015007_rank355,963,963,0.84216,0
ILSVRC2012_val_00008469_with_ILSVRC2012_val_00032455_rank855,571,571,0.82759,0
ILSVRC2012_val_00008469_with_ILSVRC2012_val_00037955_rank480,780,780,0.54099,0
ILSVRC2012_val_00008469_with_ILSVRC2012_val_00013099_rank604,870,870,0.23812,0
ILSVRC2012_val_00008469_with_ILSVRC2012_val_00039629_rank988,448,448,0.70658,0
ILSVRC2012_val_00008469_with_ILSVRC2012_val_00038651_rank775,737,737,0.7859,0
ILSVRC2012_val_00008469_with_ILSVRC2012_val_00006293_rank479,965,965,0.86426,0
ILSVRC2012_val_00008469_with_ILSVRC2012_val_00032963_rank736,920,530,0.15003,15
ILSVRC2012_val_00008469_with_ILSVRC2012_val_00011737_rank037,352,353,0.55228,1
ILSVRC2012_val_00008469_with_ILSVRC2012_val_00028673_rank105,31,32,0.32215,1
ILSVRC2012_val_00008469_with_ILSVRC2012_val_00017878_rank805,910,150,0.14709,625
ILSVRC2012_val_00008469_with_ILSVRC2012_val_00012223_rank199,85,85,0.81004,0
ILSVRC2012_val_00008469_with_ILSVRC2012_val_00020523_rank912,792,730,0.4217,8
ILSVRC2012_val_00008469_with_ILSVRC2012_val_00006519_rank758,806,630,0.34346,3
ILSVRC2012_val_00008469_with_ILSVRC2012_val_00011217_rank134,403,595,0.17456,385
ILSVRC2012_val_00008469_with_ILSVRC2012_val_00037369_rank718,574,574,0.86399,0
ILSVRC2012_val_00008469_with_ILSVRC2012_val_00017647_rank500,664,480,0.22195,35
ILSVRC2012_val_00008469_with_ILSVRC2012_val_00023390_rank299,96,96,0.8506,0
ILSVRC2012_val_00008469_with_ILSVRC2012_val_00015307_rank673,214,214,0.5671,0
ILSVRC2012_val_00008469_with_ILSVRC2012_val_00006128_rank968,494,814,0.16778,782
ILSVRC2012_val_00008469_with_ILSVRC2012_val_00038094_rank562,652,652,0.34614,0
ILSVRC2012_val_00008469_with_ILSVRC2012_val_00001920_rank720,943,943,0.82389,0
ILSVRC2012_val_00008469_with_ILSVRC2012_val_00018101_rank627,552,879,0.53892,79
ILSVRC2012_val_00008469_with_ILSVRC2012_val_00030865_rank145,40,46,0.56836,1
ILSVRC2012_val_00008469_with_ILSVRC2012_val_00040802_rank469,255,249,0.32842,42
ILSVRC2012_val_00008469_with_ILSVRC2012_val_00025126_rank032,129,129,0.77068,0
ILSVRC2012_val_00008469_with_ILSVRC2012_val_00024888_rank320,198,198,0.56588,0
ILSVRC2012_val_00008469_with_ILSVRC2012_val_00032156_rank222,321,321,0.76257,0
ILSVRC2012_val_00008469_with_ILSVRC2012_val_00009251_rank311,122,122,0.85121,0
ILSVRC2012_val_00008469_with_ILSVRC2012_val_00047893_rank362,751,751,0.60604,0
ILSVRC2012_val_00008469_with_ILSVRC2012_val_00036650_rank026,33,33,0.3388,0
ILSVRC2012_val_00008469_with_ILSVRC2012_val_00020937_rank845,560,344,0.53132,798
ILSVRC2012_val_00008469_with_ILSVRC2012_val_00004452_rank855,571,571,0.39711,0
ILSVRC2012_val_00008469_with_ILSVRC2012_val_00015378_rank630,281,281,0.56954,0
ILSVRC2012_val_00008469_with_ILSVRC2012_val_00014754_rank535,550,550,0.7586,0
ILSVRC2012_val_00008469_with_ILSVRC2012_val_00040416_rank795,823,617,0.21413,1
ILSVRC2012_val_00008469_with_ILSVRC2012_val_00003352_rank711,549,958,0.1951,700
ILSVRC2012_val_00008469_with_ILSVRC2012_val_00019275_rank270,625,625,0.81181,0
ILSVRC2012_val_00008469_with_ILSVRC2012_val_00000844_rank870,699,699,0.42082,0
ILSVRC2012_val_00008469_with_ILSVRC2012_val_00043996_rank709,659,987,0.52369,85
ILSVRC2012_val_00008469_with_ILSVRC2012_val_00042546_rank389,437,437,0.60864,0
ILSVRC2012_val_00008469_with_ILSVRC2012_val_00016660_rank972,708,649,0.34377,10
ILSVRC2012_val_00008469_with_ILSVRC2012_val_00032174_rank164,124,124,0.84833,0
ILSVRC2012_val_00008469_with_ILSVRC2012_val_00001480_rank106,86,86,0.58195,0
ILSVRC2012_val_00008469_with_ILSVRC2012_val_00018477_rank996,117,117,0.80373,0
ILSVRC2012_val_00008469_with_ILSVRC2012_val_00021099_rank399,423,703,0.07867,53
ILSVRC2012_val_00008469_with_ILSVRC2012_val_00002902_rank935,515,449,0.54398,985
ILSVRC2012_val_00008469_with_ILSVRC2012_val_00041128_rank926,686,686,0.76498,0
ILSVRC2012_val_00008469_with_ILSVRC2012_val_00043789_rank351,191,181,0.29634,27
ILSVRC2012_val_00008469_with_ILSVRC2012_val_00019557_rank564,909,472,0.31256,484
ILSVRC2012_val_00008469_with_ILSVRC2012_val_00040684_rank196,964,964,0.63407,0
ILSVRC2012_val_00008469_with_ILSVRC2012_val_00043973_rank733,471,471,0.72465,0
ILSVRC2012_val_00008469_with_ILSVRC2012_val_00037736_rank829,929,929,0.77898,0
ILSVRC2012_val_00008469_with_ILSVRC2012_val_00047550_rank887,594,594,0.70537,0
ILSVRC2012_val_00008469_with_ILSVRC2012_val_00030377_rank656,190,190,0.65682,0
ILSVRC2012_val_00008469_with_ILSVRC2012_val_00024545_rank033,38,344,0.84415,219
ILSVRC2012_val_00008469_with_ILSVRC2012_val_00006612_rank361,286,286,0.75895,0
ILSVRC2012_val_00008469_with_ILSVRC2012_val_00035937_rank935,515,861,0.21443,42
ILSVRC2012_val_00008469_with_ILSVRC2012_val_00026053_rank440,878,810,0.49707,1
ILSVRC2012_val_00008469_with_ILSVRC2012_val_00035617_rank317,599,599,0.65166,0
ILSVRC2012_val_00008469_with_ILSVRC2012_val_00013156_rank924,608,958,0.12578,200
ILSVRC2012_val_00008469_with_ILSVRC2012_val_00030097_rank591,236,178,0.26848,7
ILSVRC2012_val_00008469_with_ILSVRC2012_val_00010940_rank819,645,437,0.47307,57
ILSVRC2012_val_00008469_with_ILSVRC2012_val_00023810_rank039,292,292,0.5487,0
ILSVRC2012_val_00008469_with_ILSVRC2012_val_00022153_rank431,981,981,0.10582,0
ILSVRC2012_val_00008469_with_ILSVRC2012_val_00042137_rank700,481,481,0.64948,0
ILSVRC2012_val_00008469_with_ILSVRC2012_val_00005013_rank881,526,681,0.32795,11
ILSVRC2012_val_00008469_with_ILSVRC2012_val_00026752_rank699,530,530,0.79561,0
ILSVRC2012_val_00008469_with_ILSVRC2012_val_00001121_rank016,141,141,0.81648,0
ILSVRC2012_val_00008469_with_ILSVRC2012_val_00015619_rank613,756,756,0.65099,0
ILSVRC2012_val_00008469_with_ILSVRC2012_val_00036085_rank215,991,991,0.78456,0
ILSVRC2012_val_00008469_with_ILSVRC2012_val_00044683_rank655,843,843,0.49622,0
ILSVRC2012_val_00008469_with_ILSVRC2012_val_00035207_rank203,149,417,0.22112,182
ILSVRC2012_val_00008469_with_ILSVRC2012_val_00048458_rank886,882,908,0.07996,434
ILSVRC2012_val_00008469_with_ILSVRC2012_val_00001571_rank685,782,681,0.07283,9
ILSVRC2012_val_00008469_with_ILSVRC2012_val_00043733_rank724,532,410,0.15039,700
ILSVRC2012_val_00008469_with_ILSVRC2012_val_00037122_rank684,359,177,0.11388,164
ILSVRC2012_val_00008469_with_ILSVRC2012_val_00034971_rank407,5,5,0.65297,0
ILSVRC2012_val_00008469_with_ILSVRC2012_val_00026107_rank546,462,417,0.14855,465
ILSVRC2012_val_00008469_with_ILSVRC2012_val_00035449_rank845,560,560,0.77838,0
ILSVRC2012_val_00008469_with_ILSVRC2012_val_00017233_rank965,420,420,0.79248,0
ILSVRC2012_val_00008469_with_ILSVRC2012_val_00037223_rank583,732,732,0.80214,0
ILSVRC2012_val_00008469_with_ILSVRC2012_val_00042035_rank704,491,491,0.80759,0
ILSVRC2012_val_00008469_with_ILSVRC2012_val_00009505_rank334,205,205,0.73253,0
ILSVRC2012_val_00008469_with_ILSVRC2012_val_00018379_rank666,753,753,0.44048,0
ILSVRC2012_val_00008469_with_ILSVRC2012_val_00028758_rank676,188,188,0.82465,0
ILSVRC2012_val_00008469_with_ILSVRC2012_val_00001287_rank896,543,344,0.37274,338
ILSVRC2012_val_00008469_with_ILSVRC2012_val_00001363_rank641,168,211,0.33116,3
ILSVRC2012_val_00008469_with_ILSVRC2012_val_00035395_rank497,944,944,0.85502,0
ILSVRC2012_val_00008469_with_ILSVRC2012_val_00044941_rank882,557,958,0.26257,145
ILSVRC2012_val_00008469_with_ILSVRC2012_val_00022902_rank860,602,412,0.72585,426
ILSVRC2012_val_00008469_with_ILSVRC2012_val_00022996_rank723,245,245,0.76468,0
ILSVRC2012_val_00008469_with_ILSVRC2012_val_00018550_rank826,187,196,0.48681,4
ILSVRC2012_val_00008469_with_ILSVRC2012_val_00045685_rank781,727,727,0.78537,0
ILSVRC2012_val_00008469_with_ILSVRC2012_val_00030843_rank061,131,131,0.7354,0
ILSVRC2012_val_00008469_with_ILSVRC2012_val_00038326_rank405,230,250,0.36896,16
ILSVRC2012_val_00008469_with_ILSVRC2012_val_00025701_rank094,69,69,0.80556,0
ILSVRC2012_val_00008469_with_ILSVRC2012_val_00018567_rank809,795,730,0.12905,129
ILSVRC2012_val_00008469_with_ILSVRC2012_val_00034147_rank624,934,934,0.64778,0
ILSVRC2012_val_00008469_with_ILSVRC2012_val_00045930_rank205,211,211,0.56263,0
ILSVRC2012_val_00008469_with_ILSVRC2012_val_00031668_rank697,800,800,0.79877,0
ILSVRC2012_val_00008469_with_ILSVRC2012_val_00005457_rank568,195,195,0.73061,0
ILSVRC2012_val_00008469_with_ILSVRC2012_val_00023880_rank371,824,958,0.2551,649
ILSVRC2012_val_00008469_with_ILSVRC2012_val_00015507_rank128,408,408,0.63616,0
ILSVRC2012_val_00008469_with_ILSVRC2012_val_00044559_rank305,407,407,0.82726,0
ILSVRC2012_val_00008469_with_ILSVRC2012_val_00028127_rank398,435,958,0.25206,149
ILSVRC2012_val_00008469_with_ILSVRC2012_val_00021072_rank601,315,958,0.17514,172
ILSVRC2012_val_00008469_with_ILSVRC2012_val_00028910_rank841,597,471,0.1876,59
ILSVRC2012_val_00008469_with_ILSVRC2012_val_00005051_rank536,779,779,0.85116,0
ILSVRC2012_val_00008469_with_ILSVRC2012_val_00035600_rank832,889,730,0.14867,424
ILSVRC2012_val_00008469_with_ILSVRC2012_val_00004001_rank019,138,9,0.57864,1
ILSVRC2012_val_00008469_with_ILSVRC2012_val_00007845_rank235,371,372,0.5982,6
ILSVRC2012_val_00008469_with_ILSVRC2012_val_00011469_rank557,721,958,0.29579,258
ILSVRC2012_val_00008469_with_ILSVRC2012_val_00019074_rank366,986,986,0.63066,0
ILSVRC2012_val_00008469_with_ILSVRC2012_val_00021956_rank498,18,18,0.80474,0
ILSVRC2012_val_00008469_with_ILSVRC2012_val_00023991_rank488,118,118,0.76089,0
ILSVRC2012_val_00008469_with_ILSVRC2012_val_00016183_rank062,26,49,0.61306,61
ILSVRC2012_val_00008469_with_ILSVRC2012_val_00022754_rank932,566,566,0.61675,0
ILSVRC2012_val_00008469_with_ILSVRC2012_val_00023943_rank561,209,209,0.71801,0
ILSVRC2012_val_00008469_with_ILSVRC2012_val_00015390_rank976,765,765,0.81158,0
ILSVRC2012_val_00008469_with_ILSVRC2012_val_00047467_rank936,796,796,0.50499,0
ILSVRC2012_val_00008469_with_ILSVRC2012_val_00006146_rank346,155,155,0.51128,0
ILSVRC2012_val_00008469_with_ILSVRC2012_val_00009704_rank644,804,804,0.88514,0
ILSVRC2012_val_00008469_with_ILSVRC2012_val_00047851_rank397,945,945,0.57861,0
ILSVRC2012_val_00008469_with_ILSVRC2012_val_00016347_rank141,4,4,0.61975,0
ILSVRC2012_val_00008469_with_ILSVRC2012_val_00043116_rank399,423,423,0.79368,0
ILSVRC2012_val_00008469_with_ILSVRC2012_val_00032691_rank981,650,730,0.17739,321
ILSVRC2012_val_00008469_with_ILSVRC2012_val_00027699_rank514,256,256,0.86436,0
ILSVRC2012_val_00008469_with_ILSVRC2012_val_00045490_rank828,675,654,0.53561,3
ILSVRC2012_val_00008469_with_ILSVRC2012_val_00026143_rank513,912,912,0.76137,0
ILSVRC2012_val_00008469_with_ILSVRC2012_val_00012253_rank217,367,367,0.79365,0
ILSVRC2012_val_00008469_with_ILSVRC2012_val_00032581_rank392,189,188,0.45295,1
ILSVRC2012_val_00008469_with_ILSVRC2012_val_00030466_rank462,314,314,0.31667,0
ILSVRC2012_val_00008469_with_ILSVRC2012_val_00040507_rank426,794,958,0.78668,850
ILSVRC2012_val_00008469_with_ILSVRC2012_val_00019850_rank706,932,367,0.47829,808
ILSVRC2012_val_00008469_with_ILSVRC2012_val_00030709_rank711,549,835,0.63092,332
ILSVRC2012_val_00008469_with_ILSVRC2012_val_00028215_rank432,484,871,0.2194,1
ILSVRC2012_val_00008469_with_ILSVRC2012_val_00021412_rank618,486,486,0.85185,0
ILSVRC2012_val_00008469_with_ILSVRC2012_val_00047707_rank400,169,169,0.78709,0
ILSVRC2012_val_00008469_with_ILSVRC2012_val_00023876_rank868,528,528,0.77439,0
ILSVRC2012_val_00008469_with_ILSVRC2012_val_00044088_rank270,625,554,0.29078,4
ILSVRC2012_val_00008469_with_ILSVRC2012_val_00037135_rank104,2,2,0.62055,0
ILSVRC2012_val_00008469_with_ILSVRC2012_val_00023868_rank928,439,267,0.50039,68
ILSVRC2012_val_00008469_with_ILSVRC2012_val_00046343_rank724,532,425,0.87998,229
ILSVRC2012_val_00008469_with_ILSVRC2012_val_00008603_rank873,503,463,0.48211,48
ILSVRC2012_val_00008469_with_ILSVRC2012_val_00045646_rank046,363,344,0.3201,26
ILSVRC2012_val_00008469_with_ILSVRC2012_val_00017154_rank976,765,958,0.13043,150
ILSVRC2012_val_00008469_with_ILSVRC2012_val_00040236_rank380,658,658,0.7831,0
ILSVRC2012_val_00008469_with_ILSVRC2012_val_00038205_rank791,234,234,0.77812,0
ILSVRC2012_val_00008469_with_ILSVRC2012_val_00026805_rank007,67,67,0.74994,0
ILSVRC2012_val_00008469_with_ILSVRC2012_val_00013870_rank030,42,42,0.83819,0
ILSVRC2012_val_00008469_with_ILSVRC2012_val_00023170_rank511,958,958,0.89862,0
ILSVRC2012_val_00008469_with_ILSVRC2012_val_00023618_rank500,664,851,0.34454,3
ILSVRC2012_val_00008469_with_ILSVRC2012_val_00006287_rank657,729,421,0.27269,50
ILSVRC2012_val_00008469_with_ILSVRC2012_val_00008287_rank071,127,127,0.81514,0
ILSVRC2012_val_00008469_with_ILSVRC2012_val_00023743_rank730,418,733,0.14094,150
ILSVRC2012_val_00008469_with_ILSVRC2012_val_00020943_rank105,31,31,0.81736,0
ILSVRC2012_val_00008469_with_ILSVRC2012_val_00008489_rank864,606,958,0.11723,906
ILSVRC2012_val_00008469_with_ILSVRC2012_val_00047980_rank300,955,958,0.78906,304
ILSVRC2012_val_00008469_with_ILSVRC2012_val_00034682_rank673,214,214,0.76925,0
ILSVRC2012_val_00008469_with_ILSVRC2012_val_00022544_rank898,601,578,0.27966,2
ILSVRC2012_val_00008469_with_ILSVRC2012_val_00018841_rank949,604,604,0.83051,0
ILSVRC2012_val_00008469_with_ILSVRC2012_val_00023522_rank815,443,443,0.51785,0
ILSVRC2012_val_00008469_with_ILSVRC2012_val_00011313_rank518,802,802,0.65232,0
ILSVRC2012_val_00008469_with_ILSVRC2012_val_00031377_rank420,193,186,0.60497,3
ILSVRC2012_val_00008469_with_ILSVRC2012_val_00044322_rank749,446,435,0.23202,302
ILSVRC2012_val_00008469_with_ILSVRC2012_val_00042496_rank592,444,444,0.38403,0
ILSVRC2012_val_00008469_with_ILSVRC2012_val_00009367_rank695,499,701,0.24824,536
ILSVRC2012_val_00008469_with_ILSVRC2012_val_00016221_rank913,615,958,0.88692,495
ILSVRC2012_val_00008469_with_ILSVRC2012_val_00017417_rank060,337,337,0.60157,0
ILSVRC2012_val_00008469_with_ILSVRC2012_val_00025416_rank807,569,569,0.73131,0
ILSVRC2012_val_00008469_with_ILSVRC2012_val_00040949_rank928,439,649,0.17837,175
ILSVRC2012_val_00008469_with_ILSVRC2012_val_00018196_rank368,331,330,0.59728,1
ILSVRC2012_val_00008469_with_ILSVRC2012_val_00024340_rank862,701,701,0.78468,0
ILSVRC2012_val_00008469_with_ILSVRC2012_val_00038710_rank295,364,354,0.15329,44
ILSVRC2012_val_00008469_with_ILSVRC2012_val_00006561_rank862,701,701,0.8477,0
ILSVRC2012_val_00008469_with_ILSVRC2012_val_00001604_rank399,423,423,0.74428,0
ILSVRC2012_val_00008469_with_ILSVRC2012_val_00049843_rank128,408,408,0.82247,0
ILSVRC2012_val_00008469_with_ILSVRC2012_val_00015410_rank409,13,13,0.76175,0
ILSVRC2012_val_00008469_with_ILSVRC2012_val_00022481_rank884,784,912,0.7112,592
ILSVRC2012_val_00008469_with_ILSVRC2012_val_00048939_rank223,368,369,0.47211,1
ILSVRC2012_val_00008469_with_ILSVRC2012_val_00049003_rank401,959,958,0.46623,193
ILSVRC2012_val_00008469_with_ILSVRC2012_val_00005832_rank537,496,496,0.76292,0
ILSVRC2012_val_00008469_with_ILSVRC2012_val_00033854_rank109,385,386,0.39859,2
ILSVRC2012_val_00008469_with_ILSVRC2012_val_00038585_rank314,741,741,0.6923,0
ILSVRC2012_val_00008469_with_ILSVRC2012_val_00028456_rank810,735,735,0.65742,0
ILSVRC2012_val_00008469_with_ILSVRC2012_val_00002434_rank807,569,569,0.79486,0
ILSVRC2012_val_00008469_with_ILSVRC2012_val_00046555_rank040,289,289,0.59332,0
ILSVRC2012_val_00008469_with_ILSVRC2012_val_00023847_rank999,772,772,0.82769,0
ILSVRC2012_val_00008469_with_ILSVRC2012_val_00011863_rank196,964,930,0.28929,2
ILSVRC2012_val_00008469_with_ILSVRC2012_val_00038284_rank538,835,835,0.59325,0
ILSVRC2012_val_00008469_with_ILSVRC2012_val_00040941_rank263,931,931,0.64741,0
ILSVRC2012_val_00008469_with_ILSVRC2012_val_00047214_rank404,573,471,0.18807,58
ILSVRC2012_val_00008469_with_ILSVRC2012_val_00046241_rank632,864,864,0.72923,0
ILSVRC2012_val_00008469_with_ILSVRC2012_val_00046936_rank518,802,730,0.28022,138
ILSVRC2012_val_00008469_with_ILSVRC2012_val_00028741_rank968,494,816,0.39876,34
ILSVRC2012_val_00008469_with_ILSVRC2012_val_00048910_rank908,851,664,0.12964,4
ILSVRC2012_val_00008469_with_ILSVRC2012_val_00016242_rank773,531,531,0.49343,0
ILSVRC2012_val_00008469_with_ILSVRC2012_val_00019354_rank510,871,484,0.42616,1
ILSVRC2012_val_00008469_with_ILSVRC2012_val_00034951_rank662,196,196,0.45166,0
ILSVRC2012_val_00008469_with_ILSVRC2012_val_00033331_rank063,101,101,0.48075,0
ILSVRC2012_val_00008469_with_ILSVRC2012_val_00049281_rank221,197,197,0.60823,0
ILSVRC2012_val_00008469_with_ILSVRC2012_val_00031700_rank839,653,653,0.60488,0
ILSVRC2012_val_00008469_with_ILSVRC2012_val_00021806_rank240,326,326,0.74184,0
ILSVRC2012_val_00008469_with_ILSVRC2012_val_00022344_rank243,215,215,0.8588,0
ILSVRC2012_val_00008469_with_ILSVRC2012_val_00038413_rank167,336,336,0.71043,0
ILSVRC2012_val_00008469_with_ILSVRC2012_val_00016546_rank253,935,935,0.49551,0
ILSVRC2012_val_00008469_with_ILSVRC2012_val_00000743_rank821,556,703,0.66459,158
ILSVRC2012_val_00008469_with_ILSVRC2012_val_00030454_rank083,847,847,0.78934,0
ILSVRC2012_val_00008469_with_ILSVRC2012_val_00006007_rank173,1,130,0.31761,6
ILSVRC2012_val_00008469_with_ILSVRC2012_val_00004192_rank486,248,250,0.6695,1
ILSVRC2012_val_00008469_with_ILSVRC2012_val_00011766_rank010,35,49,0.51163,14
ILSVRC2012_val_00008469_with_ILSVRC2012_val_00009533_rank162,396,396,0.68722,0
ILSVRC2012_val_00008469_with_ILSVRC2012_val_00004424_rank901,401,401,0.83064,0
ILSVRC2012_val_00008469_with_ILSVRC2012_val_00007858_rank069,273,286,0.56421,13
ILSVRC2012_val_00008469_with_ILSVRC2012_val_00049418_rank250,323,323,0.84598,0
ILSVRC2012_val_00008469_with_ILSVRC2012_val_00012868_rank871,434,525,0.45278,691
ILSVRC2012_val_00008469_with_ILSVRC2012_val_00048210_rank975,432,595,0.63437,458
ILSVRC2012_val_00008469_with_ILSVRC2012_val_00015753_rank038,43,39,0.59586,3
