dataset_id,actual_class_index,prediction_class_index,prediction_probability,prediction_distance
ILSVRC2012_val_00000476_with_ILSVRC2012_val_00044548_rank058,232,217,0.66364,2
ILSVRC2012_val_00000476_with_ILSVRC2012_val_00016702_rank783,632,632,0.91523,0
ILSVRC2012_val_00000476_with_ILSVRC2012_val_00029828_rank897,502,502,0.7057,0
ILSVRC2012_val_00000476_with_ILSVRC2012_val_00043609_rank941,642,642,0.73464,0
ILSVRC2012_val_00000476_with_ILSVRC2012_val_00048455_rank883,472,502,0.38639,87
ILSVRC2012_val_00000476_with_ILSVRC2012_val_00004924_rank414,412,412,0.36842,0
ILSVRC2012_val_00000476_with_ILSVRC2012_val_00028100_rank951,857,38,0.06086,465
ILSVRC2012_val_00000476_with_ILSVRC2012_val_00029371_rank487,962,962,0.47709,0
ILSVRC2012_val_00000476_with_ILSVRC2012_val_00006820_rank478,763,763,0.88078,0
ILSVRC2012_val_00000476_with_ILSVRC2012_val_00046001_rank411,718,494,0.26748,700
ILSVRC2012_val_00000476_with_ILSVRC2012_val_00026283_rank131,245,245,0.16825,0
ILSVRC2012_val_00000476_with_ILSVRC2012_val_00024333_rank997,808,721,0.73326,88
ILSVRC2012_val_00000476_with_ILSVRC2012_val_00009798_rank462,652,652,0.87855,0
ILSVRC2012_val_00000476_with_ILSVRC2012_val_00026778_rank220,266,266,0.36864,0
ILSVRC2012_val_00000476_with_ILSVRC2012_val_00042991_rank840,594,594,0.88696,0
ILSVRC2012_val_00000476_with_ILSVRC2012_val_00000309_rank628,934,934,0.62811,0
ILSVRC2012_val_00000476_with_ILSVRC2012_val_00042245_rank138,6,6,0.37831,0
ILSVRC2012_val_00000476_with_ILSVRC2012_val_00023961_rank667,928,927,0.86101,2
ILSVRC2012_val_00000476_with_ILSVRC2012_val_00011517_rank094,39,39,0.63751,0
ILSVRC2012_val_00000476_with_ILSVRC2012_val_00037264_rank157,48,48,0.76818,0
ILSVRC2012_val_00000476_with_ILSVRC2012_val_00027792_rank752,434,748,0.16277,87
ILSVRC2012_val_00000476_with_ILSVRC2012_val_00016622_rank429,44,44,0.65393,0
ILSVRC2012_val_00000476_with_ILSVRC2012_val_00037992_rank805,776,137,0.61669,757
ILSVRC2012_val_00000476_with_ILSVRC2012_val_00029033_rank807,111,693,0.20361,977
ILSVRC2012_val_00000476_with_ILSVRC2012_val_00046778_rank354,52,63,0.62939,16
ILSVRC2012_val_00000476_with_ILSVRC2012_val_00006782_rank336,486,889,0.50073,1
ILSVRC2012_val_00000476_with_ILSVRC2012_val_00046771_rank911,867,867,0.60672,0
ILSVRC2012_val_00000476_with_ILSVRC2012_val_00017661_rank752,434,529,0.12398,3
ILSVRC2012_val_00000476_with_ILSVRC2012_val_00010408_rank739,775,879,0.72656,43
ILSVRC2012_val_00000476_with_ILSVRC2012_val_00029759_rank177,309,309,0.65738,0
ILSVRC2012_val_00000476_with_ILSVRC2012_val_00036070_rank622,333,333,0.64287,0
ILSVRC2012_val_00000476_with_ILSVRC2012_val_00017527_rank643,923,618,0.52885,74
ILSVRC2012_val_00000476_with_ILSVRC2012_val_00015410_rank004,13,13,0.72701,0
ILSVRC2012_val_00000476_with_ILSVRC2012_val_00007428_rank794,542,114,0.37849,134
ILSVRC2012_val_00000476_with_ILSVRC2012_val_00046589_rank305,488,488,0.78439,0
ILSVRC2012_val_00000476_with_ILSVRC2012_val_00012659_rank556,852,852,0.8629,0
ILSVRC2012_val_00000476_with_ILSVRC2012_val_00030671_rank599,186,184,0.34809,8
ILSVRC2012_val_00000476_with_ILSVRC2012_val_00039549_rank633,818,889,0.41004,407
ILSVRC2012_val_00000476_with_ILSVRC2012_val_00013921_rank382,474,474,0.72413,0
ILSVRC2012_val_00000476_with_ILSVRC2012_val_00045977_rank991,714,693,0.7001,223
ILSVRC2012_val_00000476_with_ILSVRC2012_val_00015797_rank722,767,767,0.18845,0
ILSVRC2012_val_00000476_with_ILSVRC2012_val_00038538_rank390,380,380,0.6924,0
ILSVRC2012_val_00000476_with_ILSVRC2012_val_00023574_rank930,693,136,0.09956,137
ILSVRC2012_val_00000476_with_ILSVRC2012_val_00002802_rank097,87,87,0.83313,0
ILSVRC2012_val_00000476_with_ILSVRC2012_val_00010011_rank251,248,248,0.52136,0
ILSVRC2012_val_00000476_with_ILSVRC2012_val_00010814_rank260,637,637,0.76838,0
ILSVRC2012_val_00000476_with_ILSVRC2012_val_00049910_rank176,640,640,0.85751,0
ILSVRC2012_val_00000476_with_ILSVRC2012_val_00009340_rank613,721,721,0.4593,0
ILSVRC2012_val_00000476_with_ILSVRC2012_val_00046441_rank142,716,716,0.90469,0
ILSVRC2012_val_00000476_with_ILSVRC2012_val_00039078_rank045,321,321,0.78355,0
ILSVRC2012_val_00000476_with_ILSVRC2012_val_00018386_rank436,850,850,0.25541,0
ILSVRC2012_val_00000476_with_ILSVRC2012_val_00031087_rank774,686,686,0.46591,0
ILSVRC2012_val_00000476_with_ILSVRC2012_val_00007558_rank239,65,65,0.49754,0
ILSVRC2012_val_00000476_with_ILSVRC2012_val_00023770_rank348,795,693,0.08491,11
ILSVRC2012_val_00000476_with_ILSVRC2012_val_00001777_rank306,167,166,0.40795,1
ILSVRC2012_val_00000476_with_ILSVRC2012_val_00027407_rank656,891,758,0.38869,226
ILSVRC2012_val_00000476_with_ILSVRC2012_val_00045646_rank216,363,136,0.54465,114
ILSVRC2012_val_00000476_with_ILSVRC2012_val_00006797_rank418,103,103,0.70193,0
ILSVRC2012_val_00000476_with_ILSVRC2012_val_00014937_rank625,798,798,0.54015,0
ILSVRC2012_val_00000476_with_ILSVRC2012_val_00009265_rank536,443,443,0.67153,0
ILSVRC2012_val_00000476_with_ILSVRC2012_val_00019530_rank897,502,502,0.74875,0
ILSVRC2012_val_00000476_with_ILSVRC2012_val_00042889_rank252,114,114,0.83772,0
ILSVRC2012_val_00000476_with_ILSVRC2012_val_00041196_rank946,804,804,0.31156,0
ILSVRC2012_val_00000476_with_ILSVRC2012_val_00012057_rank636,773,773,0.34407,0
ILSVRC2012_val_00000476_with_ILSVRC2012_val_00033732_rank538,892,892,0.25492,0
ILSVRC2012_val_00000476_with_ILSVRC2012_val_00023489_rank227,350,350,0.52391,0
ILSVRC2012_val_00000476_with_ILSVRC2012_val_00040400_rank117,219,219,0.70972,0
ILSVRC2012_val_00000476_with_ILSVRC2012_val_00003738_rank978,126,126,0.68393,0
ILSVRC2012_val_00000476_with_ILSVRC2012_val_00040773_rank377,233,233,0.56419,0
ILSVRC2012_val_00000476_with_ILSVRC2012_val_00009552_rank745,660,449,0.44923,3
ILSVRC2012_val_00000476_with_ILSVRC2012_val_00009126_rank175,682,626,0.28169,219
ILSVRC2012_val_00000476_with_ILSVRC2012_val_00031787_rank476,262,262,0.7068,0
ILSVRC2012_val_00000476_with_ILSVRC2012_val_00028673_rank449,31,32,0.70287,1
ILSVRC2012_val_00000476_with_ILSVRC2012_val_00045788_rank626,862,166,0.06766,433
ILSVRC2012_val_00000476_with_ILSVRC2012_val_00034752_rank425,948,948,0.5948,0
ILSVRC2012_val_00000476_with_ILSVRC2012_val_00000041_rank787,516,529,0.29695,7
ILSVRC2012_val_00000476_with_ILSVRC2012_val_00017584_rank946,804,566,0.13372,719
ILSVRC2012_val_00000476_with_ILSVRC2012_val_00009908_rank037,146,146,0.82024,0
ILSVRC2012_val_00000476_with_ILSVRC2012_val_00007065_rank865,78,78,0.82761,0
ILSVRC2012_val_00000476_with_ILSVRC2012_val_00018051_rank303,764,337,0.41135,486
ILSVRC2012_val_00000476_with_ILSVRC2012_val_00009463_rank259,957,957,0.85036,0
ILSVRC2012_val_00000476_with_ILSVRC2012_val_00037898_rank926,149,136,0.27714,580
ILSVRC2012_val_00000476_with_ILSVRC2012_val_00002689_rank285,517,517,0.55892,0
ILSVRC2012_val_00000476_with_ILSVRC2012_val_00023272_rank053,388,388,0.69372,0
ILSVRC2012_val_00000476_with_ILSVRC2012_val_00039710_rank426,625,491,0.07656,243
ILSVRC2012_val_00000476_with_ILSVRC2012_val_00003690_rank922,187,187,0.5676,0
ILSVRC2012_val_00000476_with_ILSVRC2012_val_00007729_rank052,8,8,0.81361,0
ILSVRC2012_val_00000476_with_ILSVRC2012_val_00044085_rank397,572,572,0.89664,0
ILSVRC2012_val_00000476_with_ILSVRC2012_val_00029423_rank501,635,635,0.68754,0
ILSVRC2012_val_00000476_with_ILSVRC2012_val_00029194_rank602,870,136,0.14439,285
ILSVRC2012_val_00000476_with_ILSVRC2012_val_00045171_rank172,280,280,0.60966,0
ILSVRC2012_val_00000476_with_ILSVRC2012_val_00036455_rank527,49,49,0.8378,0
ILSVRC2012_val_00000476_with_ILSVRC2012_val_00046150_rank408,357,357,0.68218,0
ILSVRC2012_val_00000476_with_ILSVRC2012_val_00023427_rank325,609,609,0.69856,0
ILSVRC2012_val_00000476_with_ILSVRC2012_val_00011625_rank727,874,874,0.37404,0
ILSVRC2012_val_00000476_with_ILSVRC2012_val_00012251_rank208,270,279,0.67713,2
ILSVRC2012_val_00000476_with_ILSVRC2012_val_00005428_rank111,919,919,0.6645,0
ILSVRC2012_val_00000476_with_ILSVRC2012_val_00036164_rank202,805,805,0.83599,0
ILSVRC2012_val_00000476_with_ILSVRC2012_val_00009306_rank881,456,131,0.1112,937
ILSVRC2012_val_00000476_with_ILSVRC2012_val_00047342_rank280,250,250,0.5245,0
ILSVRC2012_val_00000476_with_ILSVRC2012_val_00022189_rank031,81,136,0.21162,179
ILSVRC2012_val_00000476_with_ILSVRC2012_val_00014248_rank087,102,102,0.75698,0
ILSVRC2012_val_00000476_with_ILSVRC2012_val_00002632_rank705,865,337,0.15856,742
ILSVRC2012_val_00000476_with_ILSVRC2012_val_00009381_rank737,365,365,0.83141,0
ILSVRC2012_val_00000476_with_ILSVRC2012_val_00011903_rank551,435,792,0.64708,247
ILSVRC2012_val_00000476_with_ILSVRC2012_val_00012107_rank184,950,950,0.86744,0
ILSVRC2012_val_00000476_with_ILSVRC2012_val_00021572_rank159,378,378,0.81861,0
ILSVRC2012_val_00000476_with_ILSVRC2012_val_00035704_rank600,261,261,0.77464,0
ILSVRC2012_val_00000476_with_ILSVRC2012_val_00022766_rank228,429,429,0.81515,0
ILSVRC2012_val_00000476_with_ILSVRC2012_val_00037870_rank315,946,946,0.16487,0
ILSVRC2012_val_00000476_with_ILSVRC2012_val_00015772_rank677,597,597,0.35423,0
ILSVRC2012_val_00000476_with_ILSVRC2012_val_00022427_rank053,388,388,0.26331,0
ILSVRC2012_val_00000476_with_ILSVRC2012_val_00025699_rank312,447,447,0.52586,0
ILSVRC2012_val_00000476_with_ILSVRC2012_val_00036701_rank367,672,672,0.38522,0
ILSVRC2012_val_00000476_with_ILSVRC2012_val_00000555_rank685,875,92,0.10924,294
ILSVRC2012_val_00000476_with_ILSVRC2012_val_00031306_rank220,266,266,0.72879,0
ILSVRC2012_val_00000476_with_ILSVRC2012_val_00008217_rank788,228,228,0.28379,0
ILSVRC2012_val_00000476_with_ILSVRC2012_val_00016029_rank213,210,210,0.82303,0
ILSVRC2012_val_00000476_with_ILSVRC2012_val_00044434_rank963,585,585,0.72897,0
ILSVRC2012_val_00000476_with_ILSVRC2012_val_00049769_rank116,703,753,0.49686,616
ILSVRC2012_val_00000476_with_ILSVRC2012_val_00017101_rank854,691,133,0.47981,915
ILSVRC2012_val_00000476_with_ILSVRC2012_val_00045509_rank557,783,783,0.81445,0
ILSVRC2012_val_00000476_with_ILSVRC2012_val_00007309_rank428,109,852,0.12584,648
ILSVRC2012_val_00000476_with_ILSVRC2012_val_00023618_rank796,664,851,0.74966,3
ILSVRC2012_val_00000476_with_ILSVRC2012_val_00024755_rank238,311,311,0.67535,0
ILSVRC2012_val_00000476_with_ILSVRC2012_val_00035048_rank807,111,337,0.07034,269
ILSVRC2012_val_00000476_with_ILSVRC2012_val_00021181_rank309,355,355,0.87233,0
ILSVRC2012_val_00000476_with_ILSVRC2012_val_00029556_rank962,683,683,0.16058,0
ILSVRC2012_val_00000476_with_ILSVRC2012_val_00041115_rank248,227,227,0.86096,0
ILSVRC2012_val_00000476_with_ILSVRC2012_val_00001536_rank735,326,326,0.40506,0
ILSVRC2012_val_00000476_with_ILSVRC2012_val_00023642_rank528,376,376,0.72681,0
ILSVRC2012_val_00000476_with_ILSVRC2012_val_00048817_rank302,374,136,0.11241,882
ILSVRC2012_val_00000476_with_ILSVRC2012_val_00021179_rank610,409,409,0.26161,0
ILSVRC2012_val_00000476_with_ILSVRC2012_val_00001487_rank310,274,274,0.76213,0
ILSVRC2012_val_00000476_with_ILSVRC2012_val_00014698_rank278,252,252,0.62224,0
ILSVRC2012_val_00000476_with_ILSVRC2012_val_00045094_rank434,204,204,0.87602,0
ILSVRC2012_val_00000476_with_ILSVRC2012_val_00024240_rank225,254,254,0.74523,0
ILSVRC2012_val_00000476_with_ILSVRC2012_val_00011248_rank627,438,438,0.77307,0
ILSVRC2012_val_00000476_with_ILSVRC2012_val_00043853_rank197,872,872,0.63836,0
ILSVRC2012_val_00000476_with_ILSVRC2012_val_00049161_rank132,370,370,0.77816,0
ILSVRC2012_val_00000476_with_ILSVRC2012_val_00045385_rank432,887,137,0.33386,640
ILSVRC2012_val_00000476_with_ILSVRC2012_val_00026933_rank914,422,131,0.15477,453
ILSVRC2012_val_00000476_with_ILSVRC2012_val_00035814_rank242,28,28,0.31044,0
ILSVRC2012_val_00000476_with_ILSVRC2012_val_00013563_rank387,221,221,0.74187,0
ILSVRC2012_val_00000476_with_ILSVRC2012_val_00010282_rank470,909,428,0.07989,37
ILSVRC2012_val_00000476_with_ILSVRC2012_val_00003312_rank608,853,853,0.68032,0
ILSVRC2012_val_00000476_with_ILSVRC2012_val_00013661_rank353,393,393,0.76714,0
ILSVRC2012_val_00000476_with_ILSVRC2012_val_00021010_rank950,854,462,0.58412,79
ILSVRC2012_val_00000476_with_ILSVRC2012_val_00030748_rank678,866,866,0.54669,0
ILSVRC2012_val_00000476_with_ILSVRC2012_val_00030486_rank454,873,873,0.63002,0
ILSVRC2012_val_00000476_with_ILSVRC2012_val_00047698_rank491,563,907,0.70189,21
ILSVRC2012_val_00000476_with_ILSVRC2012_val_00048714_rank119,72,72,0.5391,0
ILSVRC2012_val_00000476_with_ILSVRC2012_val_00002683_rank534,999,153,0.64997,134
ILSVRC2012_val_00000476_with_ILSVRC2012_val_00048024_rank036,145,145,0.64965,0
ILSVRC2012_val_00000476_with_ILSVRC2012_val_00042174_rank585,495,495,0.10959,0
ILSVRC2012_val_00000476_with_ILSVRC2012_val_00003829_rank901,631,838,0.78439,1
ILSVRC2012_val_00000476_with_ILSVRC2012_val_00025543_rank024,84,84,0.70623,0
ILSVRC2012_val_00000476_with_ILSVRC2012_val_00043703_rank717,666,666,0.599,0
ILSVRC2012_val_00000476_with_ILSVRC2012_val_00020319_rank264,407,407,0.74928,0
ILSVRC2012_val_00000476_with_ILSVRC2012_val_00002876_rank180,405,14,0.19,211
ILSVRC2012_val_00000476_with_ILSVRC2012_val_00045896_rank826,394,71,0.07371,282
ILSVRC2012_val_00000476_with_ILSVRC2012_val_00025309_rank396,229,229,0.55498,0
ILSVRC2012_val_00000476_with_ILSVRC2012_val_00039292_rank915,753,753,0.9254,0
ILSVRC2012_val_00000476_with_ILSVRC2012_val_00031666_rank018,127,127,0.44398,0
ILSVRC2012_val_00000476_with_ILSVRC2012_val_00000024_rank647,727,727,0.78974,0
ILSVRC2012_val_00000476_with_ILSVRC2012_val_00031377_rank955,193,186,0.83309,3
ILSVRC2012_val_00000476_with_ILSVRC2012_val_00002477_rank302,374,374,0.808,0
ILSVRC2012_val_00000476_with_ILSVRC2012_val_00009587_rank684,546,693,0.44611,316
ILSVRC2012_val_00000476_with_ILSVRC2012_val_00035124_rank121,458,919,0.38642,9
ILSVRC2012_val_00000476_with_ILSVRC2012_val_00038794_rank004,13,13,0.70923,0
ILSVRC2012_val_00000476_with_ILSVRC2012_val_00020438_rank489,151,151,0.19393,0
ILSVRC2012_val_00000476_with_ILSVRC2012_val_00043519_rank811,720,720,0.80672,0
ILSVRC2012_val_00000476_with_ILSVRC2012_val_00035797_rank110,302,302,0.74954,0
ILSVRC2012_val_00000476_with_ILSVRC2012_val_00045044_rank769,220,220,0.82411,0
ILSVRC2012_val_00000476_with_ILSVRC2012_val_00035089_rank467,599,539,0.51149,105
ILSVRC2012_val_00000476_with_ILSVRC2012_val_00045200_rank033,92,92,0.86838,0
ILSVRC2012_val_00000476_with_ILSVRC2012_val_00007845_rank943,371,371,0.52527,0
ILSVRC2012_val_00000476_with_ILSVRC2012_val_00036520_rank252,114,114,0.76316,0
ILSVRC2012_val_00000476_with_ILSVRC2012_val_00038390_rank654,751,751,0.59051,0
ILSVRC2012_val_00000476_with_ILSVRC2012_val_00042492_rank290,809,923,0.54614,8
ILSVRC2012_val_00000476_with_ILSVRC2012_val_00003095_rank155,64,59,0.52974,2
ILSVRC2012_val_00000476_with_ILSVRC2012_val_00026621_rank531,792,777,0.20071,33
ILSVRC2012_val_00000476_with_ILSVRC2012_val_00039711_rank219,200,200,0.70392,0
ILSVRC2012_val_00000476_with_ILSVRC2012_val_00037248_rank164,671,120,0.10899,467
ILSVRC2012_val_00000476_with_ILSVRC2012_val_00009185_rank043,138,138,0.85514,0
ILSVRC2012_val_00000476_with_ILSVRC2012_val_00000406_rank587,935,935,0.91552,0
ILSVRC2012_val_00000476_with_ILSVRC2012_val_00007600_rank369,724,576,0.80294,23
ILSVRC2012_val_00000476_with_ILSVRC2012_val_00037796_rank114,471,471,0.60996,0
ILSVRC2012_val_00000476_with_ILSVRC2012_val_00015033_rank089,379,379,0.38632,0
ILSVRC2012_val_00000476_with_ILSVRC2012_val_00031599_rank659,215,215,0.73609,0
ILSVRC2012_val_00000476_with_ILSVRC2012_val_00044317_rank007,93,93,0.8172,0
ILSVRC2012_val_00000476_with_ILSVRC2012_val_00015783_rank808,914,914,0.67768,0
ILSVRC2012_val_00000476_with_ILSVRC2012_val_00046784_rank110,302,303,0.54624,3
ILSVRC2012_val_00000476_with_ILSVRC2012_val_00015936_rank666,917,410,0.24918,784
ILSVRC2012_val_00000476_with_ILSVRC2012_val_00006034_rank864,531,531,0.61591,0
ILSVRC2012_val_00000476_with_ILSVRC2012_val_00024203_rank331,746,746,0.8646,0
ILSVRC2012_val_00000476_with_ILSVRC2012_val_00037181_rank093,324,324,0.85774,0
ILSVRC2012_val_00000476_with_ILSVRC2012_val_00019000_rank510,752,131,0.79207,618
ILSVRC2012_val_00000476_with_ILSVRC2012_val_00020489_rank423,211,211,0.61596,0
ILSVRC2012_val_00000476_with_ILSVRC2012_val_00000287_rank458,426,426,0.8652,0
ILSVRC2012_val_00000476_with_ILSVRC2012_val_00005125_rank686,125,125,0.677,0
ILSVRC2012_val_00000476_with_ILSVRC2012_val_00031237_rank133,310,310,0.35362,0
ILSVRC2012_val_00000476_with_ILSVRC2012_val_00010581_rank365,820,471,0.13425,13
ILSVRC2012_val_00000476_with_ILSVRC2012_val_00042710_rank231,734,751,0.52922,21
ILSVRC2012_val_00000476_with_ILSVRC2012_val_00016312_rank233,351,351,0.76328,0
ILSVRC2012_val_00000476_with_ILSVRC2012_val_00033919_rank522,949,949,0.85759,0
ILSVRC2012_val_00000476_with_ILSVRC2012_val_00034971_rank438,5,84,0.32794,522
ILSVRC2012_val_00000476_with_ILSVRC2012_val_00022249_rank834,897,742,0.20392,8
ILSVRC2012_val_00000476_with_ILSVRC2012_val_00037704_rank554,337,337,0.82067,0
ILSVRC2012_val_00000476_with_ILSVRC2012_val_00043417_rank600,261,261,0.78419,0
ILSVRC2012_val_00000476_with_ILSVRC2012_val_00047467_rank829,796,796,0.66969,0
ILSVRC2012_val_00000476_with_ILSVRC2012_val_00007482_rank429,44,44,0.85139,0
ILSVRC2012_val_00000476_with_ILSVRC2012_val_00002685_rank884,910,641,0.25167,11
ILSVRC2012_val_00000476_with_ILSVRC2012_val_00009653_rank637,705,565,0.35648,3
ILSVRC2012_val_00000476_with_ILSVRC2012_val_00045867_rank348,795,693,0.21906,11
ILSVRC2012_val_00000476_with_ILSVRC2012_val_00002609_rank948,247,247,0.74738,0
ILSVRC2012_val_00000476_with_ILSVRC2012_val_00004197_rank111,919,468,0.07532,9
ILSVRC2012_val_00000476_with_ILSVRC2012_val_00005560_rank973,496,496,0.773,0
ILSVRC2012_val_00000476_with_ILSVRC2012_val_00028683_rank400,173,173,0.79483,0
ILSVRC2012_val_00000476_with_ILSVRC2012_val_00021839_rank794,542,744,0.41943,74
ILSVRC2012_val_00000476_with_ILSVRC2012_val_00000122_rank253,483,483,0.69929,0
ILSVRC2012_val_00000476_with_ILSVRC2012_val_00023672_rank584,453,519,0.5652,18
ILSVRC2012_val_00000476_with_ILSVRC2012_val_00012799_rank272,920,136,0.51715,635
ILSVRC2012_val_00000476_with_ILSVRC2012_val_00004871_rank610,409,522,0.76543,525
ILSVRC2012_val_00000476_with_ILSVRC2012_val_00029042_rank148,984,984,0.07435,0
ILSVRC2012_val_00000476_with_ILSVRC2012_val_00048489_rank651,615,615,0.87671,0
ILSVRC2012_val_00000476_with_ILSVRC2012_val_00042382_rank951,857,857,0.93192,0
ILSVRC2012_val_00000476_with_ILSVRC2012_val_00022335_rank075,144,144,0.75158,0
ILSVRC2012_val_00000476_with_ILSVRC2012_val_00030953_rank992,699,644,0.06984,37
ILSVRC2012_val_00000476_with_ILSVRC2012_val_00026516_rank461,276,276,0.66307,0
ILSVRC2012_val_00000476_with_ILSVRC2012_val_00041756_rank294,368,368,0.73167,0
ILSVRC2012_val_00000476_with_ILSVRC2012_val_00044393_rank012,80,80,0.80807,0
ILSVRC2012_val_00000476_with_ILSVRC2012_val_00020097_rank926,149,149,0.42079,0
ILSVRC2012_val_00000476_with_ILSVRC2012_val_00049801_rank051,148,148,0.52969,0
ILSVRC2012_val_00000476_with_ILSVRC2012_val_00027049_rank895,436,609,0.17584,8
ILSVRC2012_val_00000476_with_ILSVRC2012_val_00009784_rank396,229,229,0.80527,0
ILSVRC2012_val_00000476_with_ILSVRC2012_val_00029364_rank434,204,204,0.8743,0
ILSVRC2012_val_00000476_with_ILSVRC2012_val_00035232_rank615,677,596,0.19817,8
ILSVRC2012_val_00000476_with_ILSVRC2012_val_00040848_rank151,284,137,0.25539,510
ILSVRC2012_val_00000476_with_ILSVRC2012_val_00037520_rank782,616,616,0.53442,0
ILSVRC2012_val_00000476_with_ILSVRC2012_val_00010142_rank798,851,632,0.55062,13
ILSVRC2012_val_00000476_with_ILSVRC2012_val_00039595_rank419,286,286,0.71001,0
ILSVRC2012_val_00000476_with_ILSVRC2012_val_00000388_rank838,420,420,0.90956,0
ILSVRC2012_val_00000476_with_ILSVRC2012_val_00012679_rank312,447,758,0.47761,9
ILSVRC2012_val_00000476_with_ILSVRC2012_val_00038103_rank170,428,428,0.48663,0
ILSVRC2012_val_00000476_with_ILSVRC2012_val_00014020_rank362,463,192,0.74575,851
ILSVRC2012_val_00000476_with_ILSVRC2012_val_00008289_rank872,117,117,0.74406,0
ILSVRC2012_val_00000476_with_ILSVRC2012_val_00043488_rank670,709,709,0.77152,0
ILSVRC2012_val_00000476_with_ILSVRC2012_val_00009627_rank421,896,693,0.27193,910
ILSVRC2012_val_00000476_with_ILSVRC2012_val_00046491_rank648,392,463,0.11039,741
ILSVRC2012_val_00000476_with_ILSVRC2012_val_00001254_rank302,374,381,0.75127,5
ILSVRC2012_val_00000476_with_ILSVRC2012_val_00047011_rank296,630,630,0.36378,0
ILSVRC2012_val_00000476_with_ILSVRC2012_val_00030332_rank683,939,938,0.48127,9
ILSVRC2012_val_00000476_with_ILSVRC2012_val_00026448_rank058,232,212,0.84072,21
ILSVRC2012_val_00000476_with_ILSVRC2012_val_00032454_rank289,807,807,0.51913,0
ILSVRC2012_val_00000476_with_ILSVRC2012_val_00029947_rank223,43,49,0.20805,29
ILSVRC2012_val_00000476_with_ILSVRC2012_val_00018066_rank444,627,627,0.47714,0
ILSVRC2012_val_00000476_with_ILSVRC2012_val_00027700_rank999,51,51,0.48392,0
ILSVRC2012_val_00000476_with_ILSVRC2012_val_00031141_rank793,675,675,0.71228,0
ILSVRC2012_val_00000476_with_ILSVRC2012_val_00023083_rank789,855,855,0.86095,0
ILSVRC2012_val_00000476_with_ILSVRC2012_val_00012277_rank800,553,553,0.66102,0
ILSVRC2012_val_00000476_with_ILSVRC2012_val_00038118_rank075,144,144,0.768,0
ILSVRC2012_val_00000476_with_ILSVRC2012_val_00013910_rank812,830,428,0.07102,5
ILSVRC2012_val_00000476_with_ILSVRC2012_val_00020555_rank381,952,952,0.34568,0
ILSVRC2012_val_00000476_with_ILSVRC2012_val_00044565_rank072,133,133,0.75716,0
ILSVRC2012_val_00000476_with_ILSVRC2012_val_00007755_rank237,574,574,0.84012,0
ILSVRC2012_val_00000476_with_ILSVRC2012_val_00049598_rank604,119,119,0.37815,0
ILSVRC2012_val_00000476_with_ILSVRC2012_val_00031326_rank857,526,487,0.20241,213
ILSVRC2012_val_00000476_with_ILSVRC2012_val_00026493_rank464,544,544,0.78246,0
ILSVRC2012_val_00000476_with_ILSVRC2012_val_00004549_rank249,199,199,0.74226,0
ILSVRC2012_val_00000476_with_ILSVRC2012_val_00003753_rank401,123,124,0.168,1
ILSVRC2012_val_00000476_with_ILSVRC2012_val_00026430_rank454,873,873,0.75416,0
ILSVRC2012_val_00000476_with_ILSVRC2012_val_00014303_rank617,669,669,0.29532,0
ILSVRC2012_val_00000476_with_ILSVRC2012_val_00005825_rank605,61,61,0.72968,0
ILSVRC2012_val_00000476_with_ILSVRC2012_val_00026051_rank134,259,259,0.66773,0
ILSVRC2012_val_00000476_with_ILSVRC2012_val_00024715_rank413,218,218,0.81885,0
ILSVRC2012_val_00000476_with_ILSVRC2012_val_00025116_rank080,353,352,0.29808,1
ILSVRC2012_val_00000476_with_ILSVRC2012_val_00037782_rank567,942,942,0.84279,0
ILSVRC2012_val_00000476_with_ILSVRC2012_val_00031526_rank610,409,409,0.20569,0
ILSVRC2012_val_00000476_with_ILSVRC2012_val_00008908_rank809,696,696,0.73784,0
ILSVRC2012_val_00000476_with_ILSVRC2012_val_00027328_rank838,420,420,0.41189,0
ILSVRC2012_val_00000476_with_ILSVRC2012_val_00008819_rank013,23,23,0.80255,0
ILSVRC2012_val_00000476_with_ILSVRC2012_val_00039396_rank283,963,963,0.09061,0
ILSVRC2012_val_00000476_with_ILSVRC2012_val_00031785_rank564,212,212,0.81491,0
ILSVRC2012_val_00000476_with_ILSVRC2012_val_00015315_rank990,731,731,0.79556,0
ILSVRC2012_val_00000476_with_ILSVRC2012_val_00025339_rank239,65,56,0.40399,14
ILSVRC2012_val_00000476_with_ILSVRC2012_val_00014019_rank347,510,510,0.79184,0
ILSVRC2012_val_00000476_with_ILSVRC2012_val_00018557_rank763,915,915,0.64165,0
ILSVRC2012_val_00000476_with_ILSVRC2012_val_00005898_rank271,155,204,0.44909,1
ILSVRC2012_val_00000476_with_ILSVRC2012_val_00009419_rank006,91,91,0.75021,0
ILSVRC2012_val_00000476_with_ILSVRC2012_val_00045864_rank424,329,136,0.14819,684
ILSVRC2012_val_00000476_with_ILSVRC2012_val_00004598_rank203,124,124,0.82396,0
ILSVRC2012_val_00000476_with_ILSVRC2012_val_00043199_rank255,182,182,0.71483,0
ILSVRC2012_val_00000476_with_ILSVRC2012_val_00037364_rank892,513,792,0.18667,765
ILSVRC2012_val_00000476_with_ILSVRC2012_val_00007730_rank435,726,726,0.74957,0
ILSVRC2012_val_00000476_with_ILSVRC2012_val_00038651_rank806,737,737,0.77463,0
ILSVRC2012_val_00000476_with_ILSVRC2012_val_00006926_rank331,746,332,0.13974,530
ILSVRC2012_val_00000476_with_ILSVRC2012_val_00012202_rank969,543,703,0.16584,765
ILSVRC2012_val_00000476_with_ILSVRC2012_val_00027763_rank370,235,235,0.23831,0
ILSVRC2012_val_00000476_with_ILSVRC2012_val_00043948_rank625,798,481,0.24096,16
ILSVRC2012_val_00000476_with_ILSVRC2012_val_00025286_rank660,636,412,0.45944,257
ILSVRC2012_val_00000476_with_ILSVRC2012_val_00042719_rank060,369,369,0.68709,0
ILSVRC2012_val_00000476_with_ILSVRC2012_val_00021889_rank734,296,296,0.6831,0
ILSVRC2012_val_00000476_with_ILSVRC2012_val_00029086_rank109,301,301,0.67355,0
ILSVRC2012_val_00000476_with_ILSVRC2012_val_00037989_rank712,175,175,0.59139,0
ILSVRC2012_val_00000476_with_ILSVRC2012_val_00030620_rank903,194,194,0.84385,0
ILSVRC2012_val_00000476_with_ILSVRC2012_val_00013380_rank859,578,112,0.28507,109
ILSVRC2012_val_00000476_with_ILSVRC2012_val_00009538_rank404,504,504,0.40699,0
ILSVRC2012_val_00000476_with_ILSVRC2012_val_00017528_rank995,641,641,0.86753,0
ILSVRC2012_val_00000476_with_ILSVRC2012_val_00038935_rank138,6,6,0.39067,0
ILSVRC2012_val_00000476_with_ILSVRC2012_val_00020911_rank685,875,137,0.09076,291
ILSVRC2012_val_00000476_with_ILSVRC2012_val_00028281_rank367,672,672,0.33389,0
ILSVRC2012_val_00000476_with_ILSVRC2012_val_00001680_rank650,890,522,0.09096,45
ILSVRC2012_val_00000476_with_ILSVRC2012_val_00020797_rank870,676,206,0.54599,135
ILSVRC2012_val_00000476_with_ILSVRC2012_val_00043474_rank955,193,201,0.31827,1
ILSVRC2012_val_00000476_with_ILSVRC2012_val_00028840_rank422,457,596,0.8325,91
ILSVRC2012_val_00000476_with_ILSVRC2012_val_00034998_rank254,396,133,0.18748,117
ILSVRC2012_val_00000476_with_ILSVRC2012_val_00000571_rank426,625,625,0.7797,0
ILSVRC2012_val_00000476_with_ILSVRC2012_val_00008357_rank085,275,275,0.81343,0
ILSVRC2012_val_00000476_with_ILSVRC2012_val_00014938_rank878,715,112,0.08073,578
ILSVRC2012_val_00000476_with_ILSVRC2012_val_00040703_rank420,364,364,0.73307,0
ILSVRC2012_val_00000476_with_ILSVRC2012_val_00021497_rank198,50,50,0.55037,0
ILSVRC2012_val_00000476_with_ILSVRC2012_val_00028610_rank256,382,382,0.73292,0
ILSVRC2012_val_00000476_with_ILSVRC2012_val_00005808_rank718,168,168,0.81852,0
ILSVRC2012_val_00000476_with_ILSVRC2012_val_00014624_rank958,610,610,0.76195,0
ILSVRC2012_val_00000476_with_ILSVRC2012_val_00041704_rank090,373,373,0.56664,0
ILSVRC2012_val_00000476_with_ILSVRC2012_val_00030716_rank632,552,459,0.33837,8
ILSVRC2012_val_00000476_with_ILSVRC2012_val_00029825_rank343,273,273,0.8118,0
ILSVRC2012_val_00000476_with_ILSVRC2012_val_00041735_rank712,175,175,0.81986,0
ILSVRC2012_val_00000476_with_ILSVRC2012_val_00003897_rank650,890,890,0.36612,0
ILSVRC2012_val_00000476_with_ILSVRC2012_val_00031695_rank698,493,848,0.10276,119
ILSVRC2012_val_00000476_with_ILSVRC2012_val_00027920_rank203,124,124,0.52449,0
ILSVRC2012_val_00000476_with_ILSVRC2012_val_00042652_rank751,339,339,0.17065,0
ILSVRC2012_val_00000476_with_ILSVRC2012_val_00006596_rank563,665,518,0.21906,7
ILSVRC2012_val_00000476_with_ILSVRC2012_val_00026940_rank175,682,708,0.19161,2
ILSVRC2012_val_00000476_with_ILSVRC2012_val_00049722_rank110,302,302,0.74225,0
ILSVRC2012_val_00000476_with_ILSVRC2012_val_00015413_rank678,866,866,0.58708,0
ILSVRC2012_val_00000476_with_ILSVRC2012_val_00019203_rank164,671,870,0.60969,11
ILSVRC2012_val_00000476_with_ILSVRC2012_val_00006067_rank483,967,61,0.13199,370
ILSVRC2012_val_00000476_with_ILSVRC2012_val_00018097_rank471,971,515,0.18519,192
ILSVRC2012_val_00000476_with_ILSVRC2012_val_00043759_rank825,743,743,0.25593,0
ILSVRC2012_val_00000476_with_ILSVRC2012_val_00039315_rank579,587,587,0.46455,0
ILSVRC2012_val_00000476_with_ILSVRC2012_val_00022350_rank842,36,36,0.11694,0
ILSVRC2012_val_00000476_with_ILSVRC2012_val_00041586_rank859,578,131,0.21063,356
ILSVRC2012_val_00000476_with_ILSVRC2012_val_00030084_rank739,775,100,0.1488,436
ILSVRC2012_val_00000476_with_ILSVRC2012_val_00014683_rank118,313,313,0.49823,0
ILSVRC2012_val_00000476_with_ILSVRC2012_val_00019816_rank366,289,289,0.73727,0
ILSVRC2012_val_00000476_with_ILSVRC2012_val_00044101_rank369,724,780,0.62625,1
ILSVRC2012_val_00000476_with_ILSVRC2012_val_00044475_rank127,55,55,0.74606,0
ILSVRC2012_val_00000476_with_ILSVRC2012_val_00025757_rank777,826,531,0.53829,1
ILSVRC2012_val_00000476_with_ILSVRC2012_val_00029476_rank587,935,935,0.83304,0
ILSVRC2012_val_00000476_with_ILSVRC2012_val_00017353_rank943,371,382,0.50328,5
ILSVRC2012_val_00000476_with_ILSVRC2012_val_00025857_rank683,939,943,0.41824,1
ILSVRC2012_val_00000476_with_ILSVRC2012_val_00049387_rank707,771,771,0.86082,0
ILSVRC2012_val_00000476_with_ILSVRC2012_val_00008923_rank430,225,225,0.74753,0
ILSVRC2012_val_00000476_with_ILSVRC2012_val_00003705_rank604,119,119,0.11604,0
ILSVRC2012_val_00000476_with_ILSVRC2012_val_00024478_rank991,714,714,0.8136,0
ILSVRC2012_val_00000476_with_ILSVRC2012_val_00019761_rank975,674,674,0.78091,0
ILSVRC2012_val_00000476_with_ILSVRC2012_val_00048692_rank548,839,596,0.14508,800
ILSVRC2012_val_00000476_with_ILSVRC2012_val_00012112_rank909,993,993,0.71805,0
ILSVRC2012_val_00000476_with_ILSVRC2012_val_00024421_rank342,922,922,0.41593,0
ILSVRC2012_val_00000476_with_ILSVRC2012_val_00028251_rank730,484,484,0.32036,0
ILSVRC2012_val_00000476_with_ILSVRC2012_val_00015210_rank248,227,227,0.60289,0
ILSVRC2012_val_00000476_with_ILSVRC2012_val_00007634_rank317,263,162,0.4134,3
ILSVRC2012_val_00000476_with_ILSVRC2012_val_00001099_rank145,377,377,0.77589,0
ILSVRC2012_val_00000476_with_ILSVRC2012_val_00025914_rank306,167,162,0.77239,2
ILSVRC2012_val_00000476_with_ILSVRC2012_val_00029784_rank679,505,849,0.4515,1
ILSVRC2012_val_00000476_with_ILSVRC2012_val_00001738_rank875,482,487,0.31867,27
ILSVRC2012_val_00000476_with_ILSVRC2012_val_00019245_rank286,314,314,0.83858,0
ILSVRC2012_val_00000476_with_ILSVRC2012_val_00047405_rank198,50,50,0.52117,0
ILSVRC2012_val_00000476_with_ILSVRC2012_val_00006566_rank083,384,384,0.713,0
ILSVRC2012_val_00000476_with_ILSVRC2012_val_00033925_rank079,323,323,0.81142,0
ILSVRC2012_val_00000476_with_ILSVRC2012_val_00027957_rank563,665,505,0.46953,436
ILSVRC2012_val_00000476_with_ILSVRC2012_val_00049192_rank536,443,443,0.6875,0
ILSVRC2012_val_00000476_with_ILSVRC2012_val_00015120_rank687,118,118,0.65547,0
ILSVRC2012_val_00000476_with_ILSVRC2012_val_00032187_rank636,773,773,0.69887,0
ILSVRC2012_val_00000476_with_ILSVRC2012_val_00037634_rank330,265,265,0.42532,0
ILSVRC2012_val_00000476_with_ILSVRC2012_val_00046334_rank113,768,768,0.49966,0
ILSVRC2012_val_00000476_with_ILSVRC2012_val_00041516_rank910,101,101,0.60519,0
ILSVRC2012_val_00000476_with_ILSVRC2012_val_00043009_rank247,172,172,0.90053,0
ILSVRC2012_val_00000476_with_ILSVRC2012_val_00044966_rank014,89,89,0.75501,0
ILSVRC2012_val_00000476_with_ILSVRC2012_val_00013264_rank090,373,373,0.65412,0
ILSVRC2012_val_00000476_with_ILSVRC2012_val_00027284_rank471,971,971,0.8641,0
ILSVRC2012_val_00000476_with_ILSVRC2012_val_00037135_rank711,2,2,0.43095,0
ILSVRC2012_val_00000476_with_ILSVRC2012_val_00016761_rank532,794,792,0.24023,714
ILSVRC2012_val_00000476_with_ILSVRC2012_val_00037224_rank917,470,470,0.18022,0
ILSVRC2012_val_00000476_with_ILSVRC2012_val_00020907_rank750,34,50,0.26533,8
ILSVRC2012_val_00000476_with_ILSVRC2012_val_00003916_rank253,483,483,0.45787,0
ILSVRC2012_val_00000476_with_ILSVRC2012_val_00035609_rank473,176,176,0.65244,0
ILSVRC2012_val_00000476_with_ILSVRC2012_val_00000416_rank606,856,46,0.06514,609
ILSVRC2012_val_00000476_with_ILSVRC2012_val_00020575_rank498,973,84,0.28871,113
ILSVRC2012_val_00000476_with_ILSVRC2012_val_00001875_rank801,515,843,0.09978,195
ILSVRC2012_val_00000476_with_ILSVRC2012_val_00008353_rank574,520,790,0.2113,20
ILSVRC2012_val_00000476_with_ILSVRC2012_val_00022166_rank959,828,506,0.1896,103
ILSVRC2012_val_00000476_with_ILSVRC2012_val_00028062_rank519,757,757,0.74536,0
ILSVRC2012_val_00000476_with_ILSVRC2012_val_00031732_rank834,897,760,0.24407,5
ILSVRC2012_val_00000476_with_ILSVRC2012_val_00040409_rank278,252,252,0.86851,0
ILSVRC2012_val_00000476_with_ILSVRC2012_val_00033384_rank902,937,937,0.92303,0
ILSVRC2012_val_00000476_with_ILSVRC2012_val_00008751_rank797,530,530,0.88863,0
ILSVRC2012_val_00000476_with_ILSVRC2012_val_00034242_rank008,19,19,0.76558,0
ILSVRC2012_val_00000476_with_ILSVRC2012_val_00017923_rank561,769,769,0.66292,0
ILSVRC2012_val_00000476_with_ILSVRC2012_val_00003860_rank320,29,29,0.74805,0
ILSVRC2012_val_00000476_with_ILSVRC2012_val_00010434_rank936,712,712,0.55893,0
ILSVRC2012_val_00000476_with_ILSVRC2012_val_00001344_rank105,253,253,0.79255,0
ILSVRC2012_val_00000476_with_ILSVRC2012_val_00016533_rank468,941,941,0.26086,0
ILSVRC2012_val_00000476_with_ILSVRC2012_val_00031467_rank265,37,37,0.68744,0
ILSVRC2012_val_00000476_with_ILSVRC2012_val_00045916_rank601,814,814,0.39779,0
ILSVRC2012_val_00000476_with_ILSVRC2012_val_00018917_rank196,494,494,0.41642,0
ILSVRC2012_val_00000476_with_ILSVRC2012_val_00008720_rank375,947,947,0.86002,0
ILSVRC2012_val_00000476_with_ILSVRC2012_val_00019345_rank923,344,344,0.45395,0
ILSVRC2012_val_00000476_with_ILSVRC2012_val_00003722_rank124,40,46,0.38561,1
ILSVRC2012_val_00000476_with_ILSVRC2012_val_00042326_rank379,832,832,0.52733,0
ILSVRC2012_val_00000476_with_ILSVRC2012_val_00047097_rank855,626,626,0.67713,0
ILSVRC2012_val_00000476_with_ILSVRC2012_val_00038652_rank106,349,349,0.35659,0
ILSVRC2012_val_00000476_with_ILSVRC2012_val_00000504_rank772,540,540,0.89482,0
ILSVRC2012_val_00000476_with_ILSVRC2012_val_00026995_rank038,375,373,0.22315,15
ILSVRC2012_val_00000476_with_ILSVRC2012_val_00029421_rank109,301,301,0.68895,0
ILSVRC2012_val_00000476_with_ILSVRC2012_val_00047712_rank372,833,913,0.5212,3
ILSVRC2012_val_00000476_with_ILSVRC2012_val_00010497_rank572,418,418,0.81925,0
ILSVRC2012_val_00000476_with_ILSVRC2012_val_00031412_rank474,571,571,0.08738,0
ILSVRC2012_val_00000476_with_ILSVRC2012_val_00044605_rank586,163,163,0.85283,0
ILSVRC2012_val_00000476_with_ILSVRC2012_val_00037864_rank753,550,550,0.85745,0
ILSVRC2012_val_00000476_with_ILSVRC2012_val_00010099_rank543,188,188,0.65148,0
ILSVRC2012_val_00000476_with_ILSVRC2012_val_00045058_rank528,376,376,0.81627,0
ILSVRC2012_val_00000476_with_ILSVRC2012_val_00025259_rank616,679,870,0.44811,676
ILSVRC2012_val_00000476_with_ILSVRC2012_val_00017302_rank540,745,662,0.49621,6
ILSVRC2012_val_00000476_with_ILSVRC2012_val_00002007_rank286,314,133,0.05642,523
ILSVRC2012_val_00000476_with_ILSVRC2012_val_00001593_rank275,67,67,0.58992,0
ILSVRC2012_val_00000476_with_ILSVRC2012_val_00020674_rank571,491,491,0.68245,0
ILSVRC2012_val_00000476_with_ILSVRC2012_val_00030245_rank020,99,16,0.20984,75
ILSVRC2012_val_00000476_with_ILSVRC2012_val_00018580_rank784,360,360,0.71704,0
ILSVRC2012_val_00000476_with_ILSVRC2012_val_00003815_rank393,780,780,0.23911,0
ILSVRC2012_val_00000476_with_ILSVRC2012_val_00001994_rank878,715,133,0.16459,571
ILSVRC2012_val_00000476_with_ILSVRC2012_val_00036708_rank067,298,356,0.58659,3
ILSVRC2012_val_00000476_with_ILSVRC2012_val_00029429_rank510,752,852,0.30246,1
ILSVRC2012_val_00000476_with_ILSVRC2012_val_00005204_rank638,812,463,0.36674,981
ILSVRC2012_val_00000476_with_ILSVRC2012_val_00034784_rank046,90,90,0.80012,0
ILSVRC2012_val_00000476_with_ILSVRC2012_val_00032342_rank262,560,560,0.67212,0
ILSVRC2012_val_00000476_with_ILSVRC2012_val_00049208_rank685,875,870,0.54726,500
ILSVRC2012_val_00000476_with_ILSVRC2012_val_00024996_rank757,465,465,0.39504,0
ILSVRC2012_val_00000476_with_ILSVRC2012_val_00037223_rank728,732,732,0.81572,0
ILSVRC2012_val_00000476_with_ILSVRC2012_val_00025494_rank802,840,792,0.54565,4
ILSVRC2012_val_00000476_with_ILSVRC2012_val_00014050_rank271,155,155,0.42933,0
ILSVRC2012_val_00000476_with_ILSVRC2012_val_00004528_rank565,575,621,0.62178,5
ILSVRC2012_val_00000476_with_ILSVRC2012_val_00021729_rank552,650,845,0.30862,58
ILSVRC2012_val_00000476_with_ILSVRC2012_val_00005847_rank507,958,958,0.39336,0
ILSVRC2012_val_00000476_with_ILSVRC2012_val_00041716_rank307,987,998,0.47877,1
ILSVRC2012_val_00000476_with_ILSVRC2012_val_00037039_rank701,986,986,0.79675,0
ILSVRC2012_val_00000476_with_ILSVRC2012_val_00035842_rank605,61,61,0.74398,0
ILSVRC2012_val_00000476_with_ILSVRC2012_val_00004013_rank816,386,386,0.49149,0
ILSVRC2012_val_00000476_with_ILSVRC2012_val_00041369_rank160,657,472,0.3335,61
ILSVRC2012_val_00000476_with_ILSVRC2012_val_00041857_rank939,402,402,0.33286,0
ILSVRC2012_val_00000476_with_ILSVRC2012_val_00018858_rank109,301,304,0.36482,1
ILSVRC2012_val_00000476_with_ILSVRC2012_val_00017975_rank002,17,17,0.65855,0
ILSVRC2012_val_00000476_with_ILSVRC2012_val_00049817_rank954,658,658,0.81818,0
ILSVRC2012_val_00000476_with_ILSVRC2012_val_00024958_rank077,141,141,0.77176,0
ILSVRC2012_val_00000476_with_ILSVRC2012_val_00029669_rank227,350,350,0.4994,0
ILSVRC2012_val_00000476_with_ILSVRC2012_val_00017492_rank163,888,596,0.13191,632
ILSVRC2012_val_00000476_with_ILSVRC2012_val_00017993_rank753,550,550,0.74842,0
ILSVRC2012_val_00000476_with_ILSVRC2012_val_00031353_rank516,713,713,0.82078,0
ILSVRC2012_val_00000476_with_ILSVRC2012_val_00048593_rank865,78,78,0.80378,0
ILSVRC2012_val_00000476_with_ILSVRC2012_val_00037476_rank283,963,809,0.37884,26
ILSVRC2012_val_00000476_with_ILSVRC2012_val_00021834_rank499,758,855,0.16781,59
ILSVRC2012_val_00000476_with_ILSVRC2012_val_00044810_rank186,567,544,0.14987,3
ILSVRC2012_val_00000476_with_ILSVRC2012_val_00006905_rank990,731,783,0.20254,99
ILSVRC2012_val_00000476_with_ILSVRC2012_val_00038783_rank416,589,589,0.64254,0
ILSVRC2012_val_00000476_with_ILSVRC2012_val_00008088_rank895,436,436,0.95674,0
ILSVRC2012_val_00000476_with_ILSVRC2012_val_00011967_rank672,294,294,0.59851,0
ILSVRC2012_val_00000476_with_ILSVRC2012_val_00048575_rank043,138,138,0.78835,0
ILSVRC2012_val_00000476_with_ILSVRC2012_val_00011772_rank045,321,321,0.85782,0
ILSVRC2012_val_00000476_with_ILSVRC2012_val_00038795_rank285,517,136,0.09545,405
ILSVRC2012_val_00000476_with_ILSVRC2012_val_00037066_rank084,985,985,0.81179,0
ILSVRC2012_val_00000476_with_ILSVRC2012_val_00047214_rank383,573,381,0.07088,317
ILSVRC2012_val_00000476_with_ILSVRC2012_val_00021220_rank298,777,693,0.10512,65
ILSVRC2012_val_00000476_with_ILSVRC2012_val_00005188_rank353,393,393,0.741,0
ILSVRC2012_val_00000476_with_ILSVRC2012_val_00028849_rank042,132,132,0.64095,0
ILSVRC2012_val_00000476_with_ILSVRC2012_val_00043215_rank333,649,337,0.1075,441
ILSVRC2012_val_00000476_with_ILSVRC2012_val_00009076_rank701,986,986,0.73858,0
ILSVRC2012_val_00000476_with_ILSVRC2012_val_00022600_rank588,829,758,0.12593,801
ILSVRC2012_val_00000476_with_ILSVRC2012_val_00001712_rank327,343,343,0.74104,0
ILSVRC2012_val_00000476_with_ILSVRC2012_val_00018057_rank529,413,413,0.50489,0
ILSVRC2012_val_00000476_with_ILSVRC2012_val_00034895_rank129,308,308,0.63714,0
ILSVRC2012_val_00000476_with_ILSVRC2012_val_00031615_rank379,832,832,0.4415,0
ILSVRC2012_val_00000476_with_ILSVRC2012_val_00024185_rank172,280,278,0.35093,2
ILSVRC2012_val_00000476_with_ILSVRC2012_val_00042834_rank212,271,271,0.75936,0
ILSVRC2012_val_00000476_with_ILSVRC2012_val_00006990_rank931,601,462,0.22021,42
ILSVRC2012_val_00000476_with_ILSVRC2012_val_00046414_rank830,739,725,0.19329,108
ILSVRC2012_val_00000476_with_ILSVRC2012_val_00004829_rank202,805,852,0.45077,7
ILSVRC2012_val_00000476_with_ILSVRC2012_val_00034677_rank184,950,950,0.48892,0
ILSVRC2012_val_00000476_with_ILSVRC2012_val_00013157_rank492,685,685,0.82495,0
ILSVRC2012_val_00000476_with_ILSVRC2012_val_00017810_rank200,622,622,0.84705,0
ILSVRC2012_val_00000476_with_ILSVRC2012_val_00037327_rank870,676,488,0.52238,357
ILSVRC2012_val_00000476_with_ILSVRC2012_val_00027079_rank017,22,22,0.80891,0
ILSVRC2012_val_00000476_with_ILSVRC2012_val_00038054_rank343,273,273,0.82748,0
ILSVRC2012_val_00000476_with_ILSVRC2012_val_00018028_rank210,164,227,0.32729,14
ILSVRC2012_val_00000476_with_ILSVRC2012_val_00020769_rank978,126,126,0.11217,0
ILSVRC2012_val_00000476_with_ILSVRC2012_val_00022942_rank146,75,75,0.8451,0
ILSVRC2012_val_00000476_with_ILSVRC2012_val_00013055_rank303,764,693,0.15589,51
ILSVRC2012_val_00000476_with_ILSVRC2012_val_00039146_rank500,203,188,0.13576,8
ILSVRC2012_val_00000476_with_ILSVRC2012_val_00000264_rank232,694,694,0.8458,0
ILSVRC2012_val_00000476_with_ILSVRC2012_val_00028555_rank559,512,749,0.07957,74
ILSVRC2012_val_00000476_with_ILSVRC2012_val_00030802_rank232,694,694,0.65634,0
ILSVRC2012_val_00000476_with_ILSVRC2012_val_00007134_rank984,678,394,0.43006,447
ILSVRC2012_val_00000476_with_ILSVRC2012_val_00032782_rank956,736,736,0.6598,0
ILSVRC2012_val_00000476_with_ILSVRC2012_val_00025377_rank924,831,831,0.31111,0
ILSVRC2012_val_00000476_with_ILSVRC2012_val_00038460_rank768,882,882,0.7095,0
ILSVRC2012_val_00000476_with_ILSVRC2012_val_00020969_rank068,362,362,0.70189,0
ILSVRC2012_val_00000476_with_ILSVRC2012_val_00048545_rank656,891,891,0.65503,0
ILSVRC2012_val_00000476_with_ILSVRC2012_val_00016472_rank884,910,463,0.10683,158
ILSVRC2012_val_00000476_with_ILSVRC2012_val_00010041_rank826,394,394,0.22689,0
ILSVRC2012_val_00000476_with_ILSVRC2012_val_00033350_rank066,383,383,0.66381,0
ILSVRC2012_val_00000476_with_ILSVRC2012_val_00018296_rank069,152,152,0.37851,0
ILSVRC2012_val_00000476_with_ILSVRC2012_val_00011073_rank223,43,43,0.75183,0
ILSVRC2012_val_00000476_with_ILSVRC2012_val_00017330_rank624,954,137,0.08295,637
ILSVRC2012_val_00000476_with_ILSVRC2012_val_00032899_rank621,735,60,0.22976,638
ILSVRC2012_val_00000476_with_ILSVRC2012_val_00044389_rank355,972,460,0.17947,12
ILSVRC2012_val_00000476_with_ILSVRC2012_val_00039650_rank867,846,846,0.07098,0
ILSVRC2012_val_00000476_with_ILSVRC2012_val_00027847_rank488,823,723,0.14925,135
ILSVRC2012_val_00000476_with_ILSVRC2012_val_00015116_rank659,215,218,0.32963,1
ILSVRC2012_val_00000476_with_ILSVRC2012_val_00031617_rank409,528,528,0.58832,0
ILSVRC2012_val_00000476_with_ILSVRC2012_val_00008456_rank783,632,539,0.43644,173
ILSVRC2012_val_00000476_with_ILSVRC2012_val_00002290_rank987,570,463,0.25223,138
ILSVRC2012_val_00000476_with_ILSVRC2012_val_00037133_rank734,296,296,0.76774,0
ILSVRC2012_val_00000476_with_ILSVRC2012_val_00047073_rank020,99,99,0.80006,0
ILSVRC2012_val_00000476_with_ILSVRC2012_val_00033357_rank746,255,255,0.82143,0
ILSVRC2012_val_00000476_with_ILSVRC2012_val_00029729_rank846,593,593,0.83767,0
ILSVRC2012_val_00000476_with_ILSVRC2012_val_00040270_rank417,738,97,0.31682,487
ILSVRC2012_val_00000476_with_ILSVRC2012_val_00043407_rank735,326,326,0.8016,0
ILSVRC2012_val_00000476_with_ILSVRC2012_val_00007305_rank422,457,457,0.85667,0
ILSVRC2012_val_00000476_with_ILSVRC2012_val_00003384_rank480,555,555,0.85434,0
ILSVRC2012_val_00000476_with_ILSVRC2012_val_00043101_rank228,429,429,0.72469,0
ILSVRC2012_val_00000476_with_ILSVRC2012_val_00028864_rank715,579,579,0.70026,0
ILSVRC2012_val_00000476_with_ILSVRC2012_val_00018626_rank041,82,82,0.6775,0
ILSVRC2012_val_00000476_with_ILSVRC2012_val_00001537_rank012,80,136,0.28644,6
ILSVRC2012_val_00000476_with_ILSVRC2012_val_00048032_rank410,206,206,0.82528,0
ILSVRC2012_val_00000476_with_ILSVRC2012_val_00045406_rank834,897,897,0.57014,0
ILSVRC2012_val_00000476_with_ILSVRC2012_val_00033120_rank124,40,46,0.44001,1
ILSVRC2012_val_00000476_with_ILSVRC2012_val_00008442_rank781,700,700,0.87631,0
ILSVRC2012_val_00000476_with_ILSVRC2012_val_00005262_rank173,59,59,0.37835,0
ILSVRC2012_val_00000476_with_ILSVRC2012_val_00011022_rank167,437,437,0.53626,0
ILSVRC2012_val_00000476_with_ILSVRC2012_val_00022856_rank779,198,198,0.53366,0
ILSVRC2012_val_00000476_with_ILSVRC2012_val_00034370_rank133,310,310,0.75955,0
ILSVRC2012_val_00000476_with_ILSVRC2012_val_00047676_rank577,717,609,0.35413,7
ILSVRC2012_val_00000476_with_ILSVRC2012_val_00043831_rank244,944,944,0.86243,0
ILSVRC2012_val_00000476_with_ILSVRC2012_val_00037329_rank758,389,389,0.81997,0
ILSVRC2012_val_00000476_with_ILSVRC2012_val_00049382_rank394,518,305,0.09851,127
ILSVRC2012_val_00000476_with_ILSVRC2012_val_00032290_rank377,233,233,0.74,0
ILSVRC2012_val_00000476_with_ILSVRC2012_val_00030124_rank654,751,751,0.12839,0
ILSVRC2012_val_00000476_with_ILSVRC2012_val_00042404_rank558,786,786,0.8352,0
ILSVRC2012_val_00000476_with_ILSVRC2012_val_00012131_rank624,954,954,0.81298,0
ILSVRC2012_val_00000476_with_ILSVRC2012_val_00026461_rank285,517,517,0.64052,0
ILSVRC2012_val_00000476_with_ILSVRC2012_val_00008432_rank083,384,384,0.668,0
ILSVRC2012_val_00000476_with_ILSVRC2012_val_00025270_rank456,733,733,0.29962,0
ILSVRC2012_val_00000476_with_ILSVRC2012_val_00046881_rank814,165,165,0.60941,0
ILSVRC2012_val_00000476_with_ILSVRC2012_val_00034979_rank412,440,440,0.77404,0
ILSVRC2012_val_00000476_with_ILSVRC2012_val_00031324_rank770,689,129,0.04043,289
ILSVRC2012_val_00000476_with_ILSVRC2012_val_00008521_rank022,128,128,0.79773,0
ILSVRC2012_val_00000476_with_ILSVRC2012_val_00015604_rank880,754,754,0.82444,0
ILSVRC2012_val_00000476_with_ILSVRC2012_val_00013625_rank937,401,401,0.70208,0
ILSVRC2012_val_00000476_with_ILSVRC2012_val_00049657_rank203,124,136,0.23829,72
ILSVRC2012_val_00000476_with_ILSVRC2012_val_00028332_rank082,179,179,0.84844,0
ILSVRC2012_val_00000476_with_ILSVRC2012_val_00037927_rank876,613,613,0.5244,0
ILSVRC2012_val_00000476_with_ILSVRC2012_val_00040803_rank011,85,85,0.75677,0
ILSVRC2012_val_00000476_with_ILSVRC2012_val_00023968_rank201,161,161,0.65391,0
ILSVRC2012_val_00000476_with_ILSVRC2012_val_00003924_rank444,627,627,0.57186,0
ILSVRC2012_val_00000476_with_ILSVRC2012_val_00006664_rank322,260,260,0.76928,0
ILSVRC2012_val_00000476_with_ILSVRC2012_val_00044060_rank148,984,483,0.11167,3
ILSVRC2012_val_00000476_with_ILSVRC2012_val_00021754_rank062,195,237,0.34928,9
ILSVRC2012_val_00000476_with_ILSVRC2012_val_00011815_rank792,604,604,0.82795,0
ILSVRC2012_val_00000476_with_ILSVRC2012_val_00005366_rank720,345,345,0.56414,0
ILSVRC2012_val_00000476_with_ILSVRC2012_val_00048884_rank881,456,136,0.08024,821
ILSVRC2012_val_00000476_with_ILSVRC2012_val_00002690_rank715,579,579,0.79131,0
ILSVRC2012_val_00000476_with_ILSVRC2012_val_00019244_rank382,474,474,0.25513,0
ILSVRC2012_val_00000476_with_ILSVRC2012_val_00042274_rank672,294,294,0.68411,0
ILSVRC2012_val_00000476_with_ILSVRC2012_val_00036944_rank265,37,37,0.60029,0
ILSVRC2012_val_00000476_with_ILSVRC2012_val_00017634_rank076,140,142,0.47981,1
ILSVRC2012_val_00000476_with_ILSVRC2012_val_00005361_rank482,668,668,0.49382,0
ILSVRC2012_val_00000476_with_ILSVRC2012_val_00046882_rank704,47,47,0.61762,0
ILSVRC2012_val_00000476_with_ILSVRC2012_val_00024517_rank164,671,671,0.62057,0
ILSVRC2012_val_00000476_with_ILSVRC2012_val_00043035_rank873,748,472,0.45687,596
ILSVRC2012_val_00000476_with_ILSVRC2012_val_00034804_rank387,221,221,0.74053,0
ILSVRC2012_val_00000476_with_ILSVRC2012_val_00034670_rank692,120,120,0.63526,0
ILSVRC2012_val_00000476_with_ILSVRC2012_val_00033866_rank635,27,27,0.71926,0
ILSVRC2012_val_00000476_with_ILSVRC2012_val_00037262_rank157,48,48,0.82365,0
ILSVRC2012_val_00000476_with_ILSVRC2012_val_00005416_rank985,38,38,0.77239,0
ILSVRC2012_val_00000476_with_ILSVRC2012_val_00029977_rank242,28,28,0.79921,0
ILSVRC2012_val_00000476_with_ILSVRC2012_val_00034291_rank634,249,249,0.76457,0
ILSVRC2012_val_00000476_with_ILSVRC2012_val_00007041_rank984,678,703,0.253,136
ILSVRC2012_val_00000476_with_ILSVRC2012_val_00029094_rank895,436,864,0.23502,12
ILSVRC2012_val_00000476_with_ILSVRC2012_val_00022606_rank246,282,162,0.26565,50
ILSVRC2012_val_00000476_with_ILSVRC2012_val_00045720_rank791,184,226,0.24279,22
ILSVRC2012_val_00000476_with_ILSVRC2012_val_00047800_rank323,358,358,0.64183,0
ILSVRC2012_val_00000476_with_ILSVRC2012_val_00007237_rank048,12,12,0.57704,0
ILSVRC2012_val_00000476_with_ILSVRC2012_val_00043775_rank780,759,759,0.3732,0
ILSVRC2012_val_00000476_with_ILSVRC2012_val_00016350_rank014,89,89,0.81436,0
ILSVRC2012_val_00000476_with_ILSVRC2012_val_00044275_rank326,192,192,0.88169,0
ILSVRC2012_val_00000476_with_ILSVRC2012_val_00000990_rank224,328,328,0.7239,0
ILSVRC2012_val_00000476_with_ILSVRC2012_val_00005425_rank563,665,665,0.81755,0
ILSVRC2012_val_00000476_with_ILSVRC2012_val_00004783_rank888,523,523,0.80611,0
ILSVRC2012_val_00000476_with_ILSVRC2012_val_00044706_rank029,11,11,0.85295,0
ILSVRC2012_val_00000476_with_ILSVRC2012_val_00019386_rank073,835,835,0.81897,0
ILSVRC2012_val_00000476_with_ILSVRC2012_val_00035327_rank862,793,793,0.64199,0
ILSVRC2012_val_00000476_with_ILSVRC2012_val_00038913_rank504,287,287,0.58538,0
ILSVRC2012_val_00000476_with_ILSVRC2012_val_00028455_rank947,341,719,0.47622,25
ILSVRC2012_val_00000476_with_ILSVRC2012_val_00012773_rank115,223,223,0.83278,0
ILSVRC2012_val_00000476_with_ILSVRC2012_val_00034194_rank015,96,96,0.81115,0
ILSVRC2012_val_00000476_with_ILSVRC2012_val_00040100_rank274,288,288,0.35894,0
ILSVRC2012_val_00000476_with_ILSVRC2012_val_00035319_rank117,219,205,0.55424,28
ILSVRC2012_val_00000476_with_ILSVRC2012_val_00011027_rank315,946,946,0.83346,0
ILSVRC2012_val_00000476_with_ILSVRC2012_val_00023559_rank771,0,133,0.17368,242
ILSVRC2012_val_00000476_with_ILSVRC2012_val_00001327_rank694,978,774,0.54452,371
ILSVRC2012_val_00000476_with_ILSVRC2012_val_00008349_rank564,212,212,0.5649,0
ILSVRC2012_val_00000476_with_ILSVRC2012_val_00006711_rank026,134,134,0.72723,0
ILSVRC2012_val_00000476_with_ILSVRC2012_val_00004347_rank259,957,989,0.25965,2
ILSVRC2012_val_00000476_with_ILSVRC2012_val_00029516_rank876,613,613,0.746,0
ILSVRC2012_val_00000476_with_ILSVRC2012_val_00029623_rank587,935,935,0.70293,0
ILSVRC2012_val_00000476_with_ILSVRC2012_val_00045413_rank132,370,370,0.78222,0
ILSVRC2012_val_00000476_with_ILSVRC2012_val_00008114_rank539,241,241,0.36045,0
ILSVRC2012_val_00000476_with_ILSVRC2012_val_00043284_rank279,565,565,0.67578,0
ILSVRC2012_val_00000476_with_ILSVRC2012_val_00029287_rank710,122,314,0.2864,15
ILSVRC2012_val_00000476_with_ILSVRC2012_val_00035080_rank448,76,76,0.82496,0
ILSVRC2012_val_00000476_with_ILSVRC2012_val_00026422_rank068,362,362,0.55447,0
ILSVRC2012_val_00000476_with_ILSVRC2012_val_00029288_rank083,384,384,0.82132,0
ILSVRC2012_val_00000476_with_ILSVRC2012_val_00023553_rank706,154,154,0.77769,0
ILSVRC2012_val_00000476_with_ILSVRC2012_val_00041734_rank894,842,879,0.40037,55
ILSVRC2012_val_00000476_with_ILSVRC2012_val_00039449_rank480,555,555,0.49174,0
ILSVRC2012_val_00000476_with_ILSVRC2012_val_00009474_rank086,272,272,0.73106,0
ILSVRC2012_val_00000476_with_ILSVRC2012_val_00018850_rank466,903,903,0.3997,0
ILSVRC2012_val_00000476_with_ILSVRC2012_val_00031738_rank924,831,131,0.23478,687
ILSVRC2012_val_00000476_with_ILSVRC2012_val_00017852_rank617,669,591,0.39849,23
ILSVRC2012_val_00000476_with_ILSVRC2012_val_00004846_rank151,284,596,0.86977,978
ILSVRC2012_val_00000476_with_ILSVRC2012_val_00010902_rank514,160,160,0.73988,0
ILSVRC2012_val_00000476_with_ILSVRC2012_val_00018402_rank644,558,845,0.70639,31
ILSVRC2012_val_00000476_with_ILSVRC2012_val_00040348_rank174,300,300,0.79638,0
ILSVRC2012_val_00000476_with_ILSVRC2012_val_00036410_rank432,887,501,0.14089,5
ILSVRC2012_val_00000476_with_ILSVRC2012_val_00022577_rank606,856,730,0.38438,4
ILSVRC2012_val_00000476_with_ILSVRC2012_val_00017224_rank912,940,997,0.36176,27
ILSVRC2012_val_00000476_with_ILSVRC2012_val_00002714_rank168,189,191,0.6346,2
ILSVRC2012_val_00000476_with_ILSVRC2012_val_00040683_rank829,796,465,0.41772,10
ILSVRC2012_val_00000476_with_ILSVRC2012_val_00048682_rank797,530,530,0.7953,0
ILSVRC2012_val_00000476_with_ILSVRC2012_val_00041603_rank726,459,459,0.70451,0
ILSVRC2012_val_00000476_with_ILSVRC2012_val_00022264_rank844,156,218,0.31613,1
ILSVRC2012_val_00000476_with_ILSVRC2012_val_00048467_rank094,39,39,0.59881,0
ILSVRC2012_val_00000476_with_ILSVRC2012_val_00030462_rank817,446,446,0.3527,0
ILSVRC2012_val_00000476_with_ILSVRC2012_val_00008884_rank907,461,461,0.35805,0
ILSVRC2012_val_00000476_with_ILSVRC2012_val_00027849_rank256,382,382,0.69581,0
ILSVRC2012_val_00000476_with_ILSVRC2012_val_00002662_rank488,823,728,0.25076,358
ILSVRC2012_val_00000476_with_ILSVRC2012_val_00012181_rank249,199,199,0.78546,0
ILSVRC2012_val_00000476_with_ILSVRC2012_val_00008003_rank368,243,243,0.78832,0
ILSVRC2012_val_00000476_with_ILSVRC2012_val_00006955_rank436,850,850,0.82258,0
ILSVRC2012_val_00000476_with_ILSVRC2012_val_00026462_rank027,139,139,0.70614,0
ILSVRC2012_val_00000476_with_ILSVRC2012_val_00001430_rank845,611,611,0.83726,0
ILSVRC2012_val_00000476_with_ILSVRC2012_val_00030865_rank124,40,40,0.42153,0
ILSVRC2012_val_00000476_with_ILSVRC2012_val_00039099_rank798,851,851,0.83709,0
ILSVRC2012_val_00000476_with_ILSVRC2012_val_00011826_rank470,909,849,0.5723,27
ILSVRC2012_val_00000476_with_ILSVRC2012_val_00028844_rank607,813,792,0.63432,11
ILSVRC2012_val_00000476_with_ILSVRC2012_val_00030204_rank296,630,630,0.73515,0
ILSVRC2012_val_00000476_with_ILSVRC2012_val_00032218_rank689,529,692,0.61174,39
ILSVRC2012_val_00000476_with_ILSVRC2012_val_00025006_rank803,222,222,0.4304,0
ILSVRC2012_val_00000476_with_ILSVRC2012_val_00019461_rank530,112,363,0.74194,68
ILSVRC2012_val_00000476_with_ILSVRC2012_val_00011766_rank415,35,36,0.36103,2
ILSVRC2012_val_00000476_with_ILSVRC2012_val_00044847_rank920,651,897,0.2838,6
ILSVRC2012_val_00000476_with_ILSVRC2012_val_00010308_rank099,135,135,0.72564,0
ILSVRC2012_val_00000476_with_ILSVRC2012_val_00048352_rank113,768,768,0.83378,0
ILSVRC2012_val_00000476_with_ILSVRC2012_val_00008135_rank072,133,133,0.77423,0
ILSVRC2012_val_00000476_with_ILSVRC2012_val_00006132_rank918,859,859,0.74863,0
ILSVRC2012_val_00000476_with_ILSVRC2012_val_00015724_rank421,896,792,0.38828,542
ILSVRC2012_val_00000476_with_ILSVRC2012_val_00016131_rank670,709,709,0.27667,0
ILSVRC2012_val_00000476_with_ILSVRC2012_val_00018282_rank820,869,869,0.80496,0
ILSVRC2012_val_00000476_with_ILSVRC2012_val_00035220_rank567,942,539,0.26157,843
ILSVRC2012_val_00000476_with_ILSVRC2012_val_00021206_rank791,184,184,0.53644,0
ILSVRC2012_val_00000476_with_ILSVRC2012_val_00048579_rank522,949,949,0.24287,0
ILSVRC2012_val_00000476_with_ILSVRC2012_val_00045250_rank278,252,252,0.7852,0
ILSVRC2012_val_00000476_with_ILSVRC2012_val_00033606_rank093,324,324,0.8139,0
ILSVRC2012_val_00000476_with_ILSVRC2012_val_00016549_rank442,779,779,0.84801,0
ILSVRC2012_val_00000476_with_ILSVRC2012_val_00023704_rank914,422,792,0.47569,206
ILSVRC2012_val_00000476_with_ILSVRC2012_val_00030996_rank840,594,594,0.8248,0
ILSVRC2012_val_00000476_with_ILSVRC2012_val_00047233_rank186,567,567,0.24321,0
ILSVRC2012_val_00000476_with_ILSVRC2012_val_00001188_rank845,611,539,0.42363,31
ILSVRC2012_val_00000476_with_ILSVRC2012_val_00017481_rank372,833,833,0.06982,0
ILSVRC2012_val_00000476_with_ILSVRC2012_val_00010453_rank997,808,808,0.72766,0
ILSVRC2012_val_00000476_with_ILSVRC2012_val_00040289_rank130,381,374,0.15131,7
ILSVRC2012_val_00000476_with_ILSVRC2012_val_00030431_rank023,94,94,0.74398,0
ILSVRC2012_val_00000476_with_ILSVRC2012_val_00046786_rank229,290,290,0.77352,0
ILSVRC2012_val_00000476_with_ILSVRC2012_val_00014610_rank102,858,858,0.87758,0
ILSVRC2012_val_00000476_with_ILSVRC2012_val_00042370_rank048,12,92,0.3569,9
ILSVRC2012_val_00000476_with_ILSVRC2012_val_00028375_rank958,610,610,0.67203,0
ILSVRC2012_val_00000476_with_ILSVRC2012_val_00041168_rank052,8,8,0.70555,0
ILSVRC2012_val_00000476_with_ILSVRC2012_val_00013255_rank925,322,30,0.60405,141
ILSVRC2012_val_00000476_with_ILSVRC2012_val_00018357_rank300,234,234,0.84525,0
ILSVRC2012_val_00000476_with_ILSVRC2012_val_00031415_rank410,206,219,0.57094,61
ILSVRC2012_val_00000476_with_ILSVRC2012_val_00026556_rank027,139,139,0.75778,0
ILSVRC2012_val_00000476_with_ILSVRC2012_val_00026985_rank316,177,177,0.75636,0
ILSVRC2012_val_00000476_with_ILSVRC2012_val_00020652_rank161,304,303,0.30739,4
ILSVRC2012_val_00000476_with_ILSVRC2012_val_00026682_rank541,784,989,0.03839,320
ILSVRC2012_val_00000476_with_ILSVRC2012_val_00012231_rank736,32,32,0.54346,0
ILSVRC2012_val_00000476_with_ILSVRC2012_val_00017592_rank473,176,212,0.85877,5
ILSVRC2012_val_00000476_with_ILSVRC2012_val_00023057_rank231,734,654,0.67218,2
ILSVRC2012_val_00000476_with_ILSVRC2012_val_00020175_rank534,999,15,0.15922,902
ILSVRC2012_val_00000476_with_ILSVRC2012_val_00026894_rank238,311,311,0.8032,0
ILSVRC2012_val_00000476_with_ILSVRC2012_val_00031313_rank512,569,569,0.79337,0
ILSVRC2012_val_00000476_with_ILSVRC2012_val_00003756_rank821,848,848,0.38643,0
ILSVRC2012_val_00000476_with_ILSVRC2012_val_00041545_rank486,879,879,0.24567,0
ILSVRC2012_val_00000476_with_ILSVRC2012_val_00037130_rank139,340,340,0.79288,0
ILSVRC2012_val_00000476_with_ILSVRC2012_val_00046214_rank216,363,363,0.76513,0
ILSVRC2012_val_00000476_with_ILSVRC2012_val_00012001_rank456,733,337,0.14187,282
ILSVRC2012_val_00000476_with_ILSVRC2012_val_00030683_rank200,622,622,0.89478,0
ILSVRC2012_val_00000476_with_ILSVRC2012_val_00014528_rank688,499,674,0.12424,161
ILSVRC2012_val_00000476_with_ILSVRC2012_val_00012206_rank766,690,690,0.82529,0
ILSVRC2012_val_00000476_with_ILSVRC2012_val_00045937_rank095,251,251,0.78566,0
ILSVRC2012_val_00000476_with_ILSVRC2012_val_00048677_rank185,990,990,0.77669,0
ILSVRC2012_val_00000476_with_ILSVRC2012_val_00026610_rank881,456,133,0.07588,597
ILSVRC2012_val_00000476_with_ILSVRC2012_val_00018176_rank843,878,810,0.4909,1
ILSVRC2012_val_00000476_with_ILSVRC2012_val_00002704_rank936,712,712,0.4066,0
ILSVRC2012_val_00000476_with_ILSVRC2012_val_00000308_rank402,607,607,0.84666,0
ILSVRC2012_val_00000476_with_ILSVRC2012_val_00011999_rank545,561,561,0.8243,0
ILSVRC2012_val_00000476_with_ILSVRC2012_val_00038119_rank978,126,316,0.1244,49
ILSVRC2012_val_00000476_with_ILSVRC2012_val_00026224_rank637,705,705,0.81168,0
ILSVRC2012_val_00000476_with_ILSVRC2012_val_00007495_rank642,785,813,0.18375,51
ILSVRC2012_val_00000476_with_ILSVRC2012_val_00033712_rank687,118,119,0.54708,2
ILSVRC2012_val_00000476_with_ILSVRC2012_val_00046943_rank826,394,394,0.87781,0
ILSVRC2012_val_00000476_with_ILSVRC2012_val_00019017_rank896,419,363,0.30665,354
ILSVRC2012_val_00000476_with_ILSVRC2012_val_00048299_rank445,68,68,0.35836,0
ILSVRC2012_val_00000476_with_ILSVRC2012_val_00047530_rank305,488,488,0.48329,0
ILSVRC2012_val_00000476_with_ILSVRC2012_val_00010601_rank495,346,346,0.87179,0
ILSVRC2012_val_00000476_with_ILSVRC2012_val_00013554_rank086,272,269,0.4539,1
ILSVRC2012_val_00000476_with_ILSVRC2012_val_00032667_rank001,18,18,0.86028,0
ILSVRC2012_val_00000476_with_ILSVRC2012_val_00011337_rank442,779,975,0.13418,119
ILSVRC2012_val_00000476_with_ILSVRC2012_val_00005794_rank830,739,723,0.47676,794
ILSVRC2012_val_00000476_with_ILSVRC2012_val_00014151_rank120,256,256,0.83748,0
ILSVRC2012_val_00000476_with_ILSVRC2012_val_00024149_rank470,909,909,0.56914,0
ILSVRC2012_val_00000476_with_ILSVRC2012_val_00002303_rank769,220,356,0.24905,211
ILSVRC2012_val_00000476_with_ILSVRC2012_val_00003352_rank731,549,749,0.31308,20
ILSVRC2012_val_00000476_with_ILSVRC2012_val_00043996_rank350,659,987,0.38483,85
ILSVRC2012_val_00000476_with_ILSVRC2012_val_00016772_rank427,592,592,0.20334,0
ILSVRC2012_val_00000476_with_ILSVRC2012_val_00006589_rank830,739,804,0.072,323
ILSVRC2012_val_00000476_with_ILSVRC2012_val_00031411_rank970,216,216,0.50989,0
ILSVRC2012_val_00000476_with_ILSVRC2012_val_00038472_rank658,501,501,0.70106,0
ILSVRC2012_val_00000476_with_ILSVRC2012_val_00040690_rank888,523,523,0.47946,0
ILSVRC2012_val_00000476_with_ILSVRC2012_val_00020540_rank730,484,871,0.51935,1
ILSVRC2012_val_00000476_with_ILSVRC2012_val_00009979_rank155,64,64,0.73356,0
ILSVRC2012_val_00000476_with_ILSVRC2012_val_00027082_rank255,182,243,0.24659,24
ILSVRC2012_val_00000476_with_ILSVRC2012_val_00039484_rank782,616,616,0.78691,0
ILSVRC2012_val_00000476_with_ILSVRC2012_val_00034600_rank704,47,47,0.78111,0
ILSVRC2012_val_00000476_with_ILSVRC2012_val_00049220_rank323,358,358,0.47408,0
ILSVRC2012_val_00000476_with_ILSVRC2012_val_00037118_rank447,269,269,0.22939,0
ILSVRC2012_val_00000476_with_ILSVRC2012_val_00016850_rank662,728,728,0.72172,0
ILSVRC2012_val_00000476_with_ILSVRC2012_val_00003489_rank273,981,981,0.62957,0
ILSVRC2012_val_00000476_with_ILSVRC2012_val_00026987_rank790,584,327,0.43702,197
ILSVRC2012_val_00000476_with_ILSVRC2012_val_00010472_rank366,289,289,0.58898,0
ILSVRC2012_val_00000476_with_ILSVRC2012_val_00017286_rank590,469,469,0.74462,0
ILSVRC2012_val_00000476_with_ILSVRC2012_val_00031222_rank511,395,46,0.3933,309
ILSVRC2012_val_00000476_with_ILSVRC2012_val_00027363_rank075,144,144,0.77426,0
ILSVRC2012_val_00000476_with_ILSVRC2012_val_00040048_rank173,59,59,0.31054,0
ILSVRC2012_val_00000476_with_ILSVRC2012_val_00008244_rank908,811,720,0.22543,83
ILSVRC2012_val_00000476_with_ILSVRC2012_val_00035663_rank264,407,654,0.30742,3
ILSVRC2012_val_00000476_with_ILSVRC2012_val_00028021_rank549,174,174,0.66196,0
ILSVRC2012_val_00000476_with_ILSVRC2012_val_00014986_rank700,608,608,0.60205,0
ILSVRC2012_val_00000476_with_ILSVRC2012_val_00020158_rank309,355,355,0.35829,0
ILSVRC2012_val_00000476_with_ILSVRC2012_val_00021694_rank810,929,929,0.68817,0
ILSVRC2012_val_00000476_with_ILSVRC2012_val_00048566_rank176,640,640,0.47245,0
ILSVRC2012_val_00000476_with_ILSVRC2012_val_00003835_rank534,999,132,0.09683,168
ILSVRC2012_val_00000476_with_ILSVRC2012_val_00011529_rank990,731,731,0.3696,0
ILSVRC2012_val_00000476_with_ILSVRC2012_val_00040205_rank013,23,23,0.72562,0
ILSVRC2012_val_00000476_with_ILSVRC2012_val_00047325_rank258,214,214,0.77909,0
ILSVRC2012_val_00000476_with_ILSVRC2012_val_00034762_rank372,833,833,0.56514,0
ILSVRC2012_val_00000476_with_ILSVRC2012_val_00042356_rank700,608,879,0.17985,53
ILSVRC2012_val_00000476_with_ILSVRC2012_val_00021236_rank198,50,50,0.59991,0
ILSVRC2012_val_00000476_with_ILSVRC2012_val_00041377_rank505,258,258,0.59532,0
ILSVRC2012_val_00000476_with_ILSVRC2012_val_00013488_rank773,507,507,0.79773,0
ILSVRC2012_val_00000476_with_ILSVRC2012_val_00021937_rank950,854,693,0.03403,930
ILSVRC2012_val_00000476_with_ILSVRC2012_val_00024386_rank089,379,379,0.85071,0
ILSVRC2012_val_00000476_with_ILSVRC2012_val_00031384_rank400,173,173,0.75404,0
ILSVRC2012_val_00000476_with_ILSVRC2012_val_00032853_rank780,759,759,0.65795,0
ILSVRC2012_val_00000476_with_ILSVRC2012_val_00022701_rank836,576,472,0.33501,2
ILSVRC2012_val_00000476_with_ILSVRC2012_val_00012677_rank187,312,312,0.55583,0
ILSVRC2012_val_00000476_with_ILSVRC2012_val_00013159_rank746,255,255,0.59748,0
ILSVRC2012_val_00000476_with_ILSVRC2012_val_00004321_rank570,933,933,0.91692,0
ILSVRC2012_val_00000476_with_ILSVRC2012_val_00043283_rank584,453,453,0.57168,0
ILSVRC2012_val_00000476_with_ILSVRC2012_val_00041671_rank303,764,337,0.22169,486
ILSVRC2012_val_00000476_with_ILSVRC2012_val_00001920_rank392,943,943,0.84654,0
ILSVRC2012_val_00000476_with_ILSVRC2012_val_00007924_rank846,593,593,0.87227,0
ILSVRC2012_val_00000476_with_ILSVRC2012_val_00013716_rank771,0,133,0.17368,242
ILSVRC2012_val_00000476_with_ILSVRC2012_val_00029673_rank322,260,260,0.76622,0
ILSVRC2012_val_00000476_with_ILSVRC2012_val_00045718_rank502,230,230,0.6422,0
ILSVRC2012_val_00000476_with_ILSVRC2012_val_00043934_rank909,993,993,0.81262,0
ILSVRC2012_val_00000476_with_ILSVRC2012_val_00036806_rank457,670,670,0.51691,0
ILSVRC2012_val_00000476_with_ILSVRC2012_val_00027800_rank228,429,429,0.79792,0
ILSVRC2012_val_00000476_with_ILSVRC2012_val_00040335_rank919,190,190,0.85155,0
ILSVRC2012_val_00000476_with_ILSVRC2012_val_00002172_rank014,89,89,0.82679,0
ILSVRC2012_val_00000476_with_ILSVRC2012_val_00014755_rank368,243,243,0.85677,0
ILSVRC2012_val_00000476_with_ILSVRC2012_val_00011922_rank692,120,120,0.80938,0
ILSVRC2012_val_00000476_with_ILSVRC2012_val_00009590_rank032,95,95,0.74514,0
ILSVRC2012_val_00000476_with_ILSVRC2012_val_00030326_rank814,165,165,0.86989,0
ILSVRC2012_val_00000476_with_ILSVRC2012_val_00040340_rank995,641,910,0.40287,11
ILSVRC2012_val_00000476_with_ILSVRC2012_val_00020445_rank962,683,558,0.32051,2
ILSVRC2012_val_00000476_with_ILSVRC2012_val_00032264_rank410,206,206,0.81222,0
ILSVRC2012_val_00000476_with_ILSVRC2012_val_00022877_rank980,684,684,0.79518,0
ILSVRC2012_val_00000476_with_ILSVRC2012_val_00006451_rank294,368,368,0.8187,0
ILSVRC2012_val_00000476_with_ILSVRC2012_val_00048175_rank035,24,24,0.59354,0
ILSVRC2012_val_00000476_with_ILSVRC2012_val_00034106_rank515,816,816,0.70315,0
ILSVRC2012_val_00000476_with_ILSVRC2012_val_00031830_rank185,990,990,0.62458,0
ILSVRC2012_val_00000476_with_ILSVRC2012_val_00016825_rank498,973,393,0.66566,2
ILSVRC2012_val_00000476_with_ILSVRC2012_val_00043629_rank210,164,164,0.8237,0
ILSVRC2012_val_00000476_with_ILSVRC2012_val_00025154_rank185,990,990,0.79385,0
ILSVRC2012_val_00000476_with_ILSVRC2012_val_00006658_rank935,760,398,0.75292,111
ILSVRC2012_val_00000476_with_ILSVRC2012_val_00006872_rank193,847,847,0.57148,0
ILSVRC2012_val_00000476_with_ILSVRC2012_val_00026504_rank036,145,145,0.68985,0
ILSVRC2012_val_00000476_with_ILSVRC2012_val_00039830_rank678,866,866,0.433,0
ILSVRC2012_val_00000476_with_ILSVRC2012_val_00017667_rank428,109,109,0.45439,0
ILSVRC2012_val_00000476_with_ILSVRC2012_val_00001935_rank138,6,6,0.52248,0
ILSVRC2012_val_00000476_with_ILSVRC2012_val_00013525_rank692,120,120,0.74586,0
ILSVRC2012_val_00000476_with_ILSVRC2012_val_00049441_rank414,412,412,0.6823,0
ILSVRC2012_val_00000476_with_ILSVRC2012_val_00007020_rank598,602,136,0.17867,913
ILSVRC2012_val_00000476_with_ILSVRC2012_val_00036599_rank244,944,944,0.91793,0
ILSVRC2012_val_00000476_with_ILSVRC2012_val_00031624_rank990,731,731,0.98439,0
ILSVRC2012_val_00000476_with_ILSVRC2012_val_00032327_rank624,954,114,0.7915,37
ILSVRC2012_val_00000476_with_ILSVRC2012_val_00035561_rank178,372,366,0.45925,6
ILSVRC2012_val_00000476_with_ILSVRC2012_val_00006342_rank872,117,117,0.87255,0
ILSVRC2012_val_00000476_with_ILSVRC2012_val_00045412_rank367,672,672,0.6326,0
ILSVRC2012_val_00000476_with_ILSVRC2012_val_00026021_rank011,85,85,0.74324,0
ILSVRC2012_val_00000476_with_ILSVRC2012_val_00020155_rank899,662,662,0.90407,0
ILSVRC2012_val_00000476_with_ILSVRC2012_val_00038505_rank016,97,97,0.75034,0
ILSVRC2012_val_00000476_with_ILSVRC2012_val_00034070_rank091,205,224,0.75712,3
ILSVRC2012_val_00000476_with_ILSVRC2012_val_00032737_rank154,299,133,0.18042,141
ILSVRC2012_val_00000476_with_ILSVRC2012_val_00010500_rank634,249,249,0.47509,0
ILSVRC2012_val_00000476_with_ILSVRC2012_val_00046693_rank733,432,432,0.4282,0
ILSVRC2012_val_00000476_with_ILSVRC2012_val_00018340_rank878,715,132,0.16527,672
ILSVRC2012_val_00000476_with_ILSVRC2012_val_00037946_rank495,346,346,0.75056,0
ILSVRC2012_val_00000476_with_ILSVRC2012_val_00014860_rank924,831,273,0.20165,658
ILSVRC2012_val_00000476_with_ILSVRC2012_val_00041408_rank767,894,799,0.25568,5
ILSVRC2012_val_00000476_with_ILSVRC2012_val_00046926_rank848,886,886,0.56439,0
ILSVRC2012_val_00000476_with_ILSVRC2012_val_00049677_rank245,956,956,0.91782,0
ILSVRC2012_val_00000476_with_ILSVRC2012_val_00024165_rank079,323,323,0.82183,0
ILSVRC2012_val_00000476_with_ILSVRC2012_val_00043660_rank461,276,276,0.81112,0
ILSVRC2012_val_00000476_with_ILSVRC2012_val_00008148_rank769,220,220,0.90793,0
ILSVRC2012_val_00000476_with_ILSVRC2012_val_00019817_rank541,784,136,0.23223,982
ILSVRC2012_val_00000476_with_ILSVRC2012_val_00020794_rank721,687,442,0.13743,38
ILSVRC2012_val_00000476_with_ILSVRC2012_val_00001977_rank714,623,749,0.15883,5
ILSVRC2012_val_00000476_with_ILSVRC2012_val_00002341_rank774,686,686,0.41272,0
ILSVRC2012_val_00000476_with_ILSVRC2012_val_00010487_rank085,275,275,0.82799,0
ILSVRC2012_val_00000476_with_ILSVRC2012_val_00027823_rank299,924,924,0.78675,0
ILSVRC2012_val_00000476_with_ILSVRC2012_val_00037908_rank768,882,92,0.14208,731
ILSVRC2012_val_00000476_with_ILSVRC2012_val_00030376_rank542,617,578,0.09066,37
ILSVRC2012_val_00000476_with_ILSVRC2012_val_00002183_rank623,414,414,0.62882,0
ILSVRC2012_val_00000476_with_ILSVRC2012_val_00014079_rank289,807,463,0.18161,859
ILSVRC2012_val_00000476_with_ILSVRC2012_val_00016976_rank599,186,186,0.4192,0
ILSVRC2012_val_00000476_with_ILSVRC2012_val_00023959_rank759,843,130,0.60602,67
ILSVRC2012_val_00000476_with_ILSVRC2012_val_00049897_rank059,331,331,0.79194,0
ILSVRC2012_val_00000476_with_ILSVRC2012_val_00046927_rank612,698,698,0.70117,0
ILSVRC2012_val_00000476_with_ILSVRC2012_val_00017000_rank753,550,550,0.73479,0
ILSVRC2012_val_00000476_with_ILSVRC2012_val_00009632_rank176,640,835,0.227,4
ILSVRC2012_val_00000476_with_ILSVRC2012_val_00033693_rank065,295,295,0.74872,0
ILSVRC2012_val_00000476_with_ILSVRC2012_val_00045263_rank046,90,90,0.78868,0
ILSVRC2012_val_00000476_with_ILSVRC2012_val_00049789_rank577,717,609,0.56803,7
ILSVRC2012_val_00000476_with_ILSVRC2012_val_00004470_rank355,972,133,0.22294,185
ILSVRC2012_val_00000476_with_ILSVRC2012_val_00041304_rank716,899,725,0.58122,1
ILSVRC2012_val_00000476_with_ILSVRC2012_val_00010914_rank454,873,873,0.87514,0
ILSVRC2012_val_00000476_with_ILSVRC2012_val_00048548_rank999,51,86,0.15314,230
ILSVRC2012_val_00000476_with_ILSVRC2012_val_00028071_rank735,326,326,0.83209,0
ILSVRC2012_val_00000476_with_ILSVRC2012_val_00020978_rank294,368,368,0.80246,0
ILSVRC2012_val_00000476_with_ILSVRC2012_val_00040180_rank459,864,864,0.74935,0
ILSVRC2012_val_00000476_with_ILSVRC2012_val_00027220_rank131,245,245,0.22182,0
ILSVRC2012_val_00000476_with_ILSVRC2012_val_00044612_rank170,428,428,0.44755,0
ILSVRC2012_val_00000476_with_ILSVRC2012_val_00005042_rank651,615,608,0.33821,34
ILSVRC2012_val_00000476_with_ILSVRC2012_val_00044796_rank611,806,806,0.69356,0
ILSVRC2012_val_00000476_with_ILSVRC2012_val_00011123_rank332,397,397,0.72986,0
ILSVRC2012_val_00000476_with_ILSVRC2012_val_00042269_rank774,686,686,0.87384,0
ILSVRC2012_val_00000476_with_ILSVRC2012_val_00008201_rank822,202,202,0.58514,0
ILSVRC2012_val_00000476_with_ILSVRC2012_val_00000293_rank771,0,133,0.17368,242
ILSVRC2012_val_00000476_with_ILSVRC2012_val_00038962_rank738,997,997,0.74916,0
ILSVRC2012_val_00000476_with_ILSVRC2012_val_00025579_rank700,608,608,0.88567,0
ILSVRC2012_val_00000476_with_ILSVRC2012_val_00040351_rank099,135,135,0.72554,0
ILSVRC2012_val_00000476_with_ILSVRC2012_val_00007957_rank143,104,104,0.26371,0
ILSVRC2012_val_00000476_with_ILSVRC2012_val_00034250_rank029,11,11,0.81693,0
ILSVRC2012_val_00000476_with_ILSVRC2012_val_00022382_rank741,927,927,0.78937,0
ILSVRC2012_val_00000476_with_ILSVRC2012_val_00014852_rank972,740,358,0.34054,422
ILSVRC2012_val_00000476_with_ILSVRC2012_val_00043990_rank011,85,85,0.73675,0
ILSVRC2012_val_00000476_with_ILSVRC2012_val_00044672_rank284,264,264,0.7937,0
ILSVRC2012_val_00000476_with_ILSVRC2012_val_00012051_rank625,798,798,0.63971,0
ILSVRC2012_val_00000476_with_ILSVRC2012_val_00025368_rank708,534,534,0.89916,0
ILSVRC2012_val_00000476_with_ILSVRC2012_val_00010103_rank160,657,403,0.51657,8
ILSVRC2012_val_00000476_with_ILSVRC2012_val_00046576_rank545,561,561,0.86202,0
ILSVRC2012_val_00000476_with_ILSVRC2012_val_00013808_rank077,141,141,0.81382,0
ILSVRC2012_val_00000476_with_ILSVRC2012_val_00030960_rank678,866,866,0.77503,0
ILSVRC2012_val_00000476_with_ILSVRC2012_val_00028737_rank810,929,784,0.68549,66
ILSVRC2012_val_00000476_with_ILSVRC2012_val_00046343_rank631,532,499,0.11867,105
ILSVRC2012_val_00000476_with_ILSVRC2012_val_00022824_rank976,178,178,0.85163,0
ILSVRC2012_val_00000476_with_ILSVRC2012_val_00036264_rank803,222,257,0.27172,1
ILSVRC2012_val_00000476_with_ILSVRC2012_val_00021249_rank502,230,230,0.65953,0
ILSVRC2012_val_00000476_with_ILSVRC2012_val_00045693_rank707,771,771,0.93403,0
ILSVRC2012_val_00000476_with_ILSVRC2012_val_00042777_rank930,693,693,0.30533,0
ILSVRC2012_val_00000476_with_ILSVRC2012_val_00047428_rank621,735,735,0.76995,0
ILSVRC2012_val_00000476_with_ILSVRC2012_val_00035015_rank331,746,455,0.40814,3
ILSVRC2012_val_00000476_with_ILSVRC2012_val_00039635_rank573,708,14,0.17154,482
ILSVRC2012_val_00000476_with_ILSVRC2012_val_00047532_rank494,121,121,0.45758,0
ILSVRC2012_val_00000476_with_ILSVRC2012_val_00004452_rank474,571,337,0.11471,690
ILSVRC2012_val_00000476_with_ILSVRC2012_val_00023389_rank565,575,575,0.81814,0
ILSVRC2012_val_00000476_with_ILSVRC2012_val_00013058_rank625,798,693,0.1262,644
ILSVRC2012_val_00000476_with_ILSVRC2012_val_00039364_rank590,469,463,0.58674,9
ILSVRC2012_val_00000476_with_ILSVRC2012_val_00006850_rank451,880,136,0.09096,539
ILSVRC2012_val_00000476_with_ILSVRC2012_val_00048676_rank107,303,303,0.79695,0
ILSVRC2012_val_00000476_with_ILSVRC2012_val_00037877_rank725,603,603,0.52548,0
ILSVRC2012_val_00000476_with_ILSVRC2012_val_00003637_rank492,685,685,0.72902,0
ILSVRC2012_val_00000476_with_ILSVRC2012_val_00017424_rank685,875,875,0.68856,0
ILSVRC2012_val_00000476_with_ILSVRC2012_val_00029833_rank688,499,499,0.72656,0
ILSVRC2012_val_00000476_with_ILSVRC2012_val_00041402_rank838,420,420,0.13484,0
ILSVRC2012_val_00000476_with_ILSVRC2012_val_00044818_rank828,181,181,0.74166,0
ILSVRC2012_val_00000476_with_ILSVRC2012_val_00031421_rank263,352,352,0.64689,0
ILSVRC2012_val_00000476_with_ILSVRC2012_val_00042947_rank433,883,725,0.20168,1
ILSVRC2012_val_00000476_with_ILSVRC2012_val_00033265_rank923,344,344,0.74797,0
ILSVRC2012_val_00000476_with_ILSVRC2012_val_00003248_rank554,337,337,0.7855,0
ILSVRC2012_val_00000476_with_ILSVRC2012_val_00024278_rank538,892,409,0.288,1
ILSVRC2012_val_00000476_with_ILSVRC2012_val_00039575_rank954,658,658,0.66965,0
ILSVRC2012_val_00000476_with_ILSVRC2012_val_00007857_rank632,552,552,0.82988,0
ILSVRC2012_val_00000476_with_ILSVRC2012_val_00024529_rank092,278,277,0.33612,1
ILSVRC2012_val_00000476_with_ILSVRC2012_val_00025385_rank664,991,991,0.80397,0
ILSVRC2012_val_00000476_with_ILSVRC2012_val_00012794_rank393,780,657,0.11573,46
ILSVRC2012_val_00000476_with_ILSVRC2012_val_00022370_rank250,400,667,0.56008,1
ILSVRC2012_val_00000476_with_ILSVRC2012_val_00006947_rank413,218,218,0.74335,0
ILSVRC2012_val_00000476_with_ILSVRC2012_val_00032319_rank463,612,612,0.72488,0
ILSVRC2012_val_00000476_with_ILSVRC2012_val_00024787_rank028,137,137,0.83766,0
ILSVRC2012_val_00000476_with_ILSVRC2012_val_00047356_rank803,222,222,0.81997,0
ILSVRC2012_val_00000476_with_ILSVRC2012_val_00047081_rank982,431,797,0.26943,15
ILSVRC2012_val_00000476_with_ILSVRC2012_val_00027275_rank193,847,586,0.76107,1
ILSVRC2012_val_00000476_with_ILSVRC2012_val_00015855_rank157,48,48,0.33339,0
ILSVRC2012_val_00000476_with_ILSVRC2012_val_00035805_rank922,187,187,0.38426,0
ILSVRC2012_val_00000476_with_ILSVRC2012_val_00010263_rank465,556,478,0.06894,710
ILSVRC2012_val_00000476_with_ILSVRC2012_val_00021517_rank972,740,137,0.48052,520
ILSVRC2012_val_00000476_with_ILSVRC2012_val_00011704_rank386,79,79,0.90592,0
ILSVRC2012_val_00000476_with_ILSVRC2012_val_00030365_rank266,150,150,0.60257,0
ILSVRC2012_val_00000476_with_ILSVRC2012_val_00006251_rank438,5,136,0.2951,464
ILSVRC2012_val_00000476_with_ILSVRC2012_val_00011926_rank312,447,855,0.23231,53
ILSVRC2012_val_00000476_with_ILSVRC2012_val_00045468_rank569,655,842,0.15835,24
ILSVRC2012_val_00000476_with_ILSVRC2012_val_00007822_rank289,807,807,0.53215,0
ILSVRC2012_val_00000476_with_ILSVRC2012_val_00047946_rank576,487,487,0.52365,0
ILSVRC2012_val_00000476_with_ILSVRC2012_val_00021147_rank089,379,379,0.33991,0
ILSVRC2012_val_00000476_with_ILSVRC2012_val_00043483_rank024,84,84,0.73365,0
ILSVRC2012_val_00000476_with_ILSVRC2012_val_00004192_rank251,248,250,0.3686,1
ILSVRC2012_val_00000476_with_ILSVRC2012_val_00027718_rank197,872,872,0.43948,0
ILSVRC2012_val_00000476_with_ILSVRC2012_val_00034308_rank392,943,943,0.71086,0
ILSVRC2012_val_00000476_with_ILSVRC2012_val_00025300_rank357,789,743,0.3444,12
ILSVRC2012_val_00000476_with_ILSVRC2012_val_00029167_rank817,446,692,0.22126,31
ILSVRC2012_val_00000476_with_ILSVRC2012_val_00025287_rank386,79,50,0.39914,372
ILSVRC2012_val_00000476_with_ILSVRC2012_val_00019525_rank306,167,162,0.53198,2
ILSVRC2012_val_00000476_with_ILSVRC2012_val_00047186_rank394,518,518,0.72958,0
ILSVRC2012_val_00000476_with_ILSVRC2012_val_00041133_rank871,185,184,0.40955,4
ILSVRC2012_val_00000476_with_ILSVRC2012_val_00023666_rank533,207,176,0.12341,19
ILSVRC2012_val_00000476_with_ILSVRC2012_val_00038174_rank249,199,197,0.79499,1
ILSVRC2012_val_00000476_with_ILSVRC2012_val_00000648_rank026,134,134,0.74271,0
ILSVRC2012_val_00000476_with_ILSVRC2012_val_00003952_rank064,448,448,0.80014,0
ILSVRC2012_val_00000476_with_ILSVRC2012_val_00022853_rank293,281,282,0.41288,1
ILSVRC2012_val_00000476_with_ILSVRC2012_val_00015323_rank542,617,133,0.09617,878
ILSVRC2012_val_00000476_with_ILSVRC2012_val_00010104_rank570,933,120,0.13072,56
ILSVRC2012_val_00000476_with_ILSVRC2012_val_00021562_rank845,611,611,0.77159,0
ILSVRC2012_val_00000476_with_ILSVRC2012_val_00049684_rank921,332,332,0.69246,0
ILSVRC2012_val_00000476_with_ILSVRC2012_val_00036913_rank188,162,167,0.64653,3
ILSVRC2012_val_00000476_with_ILSVRC2012_val_00032654_rank738,997,997,0.78036,0
ILSVRC2012_val_00000476_with_ILSVRC2012_val_00002574_rank795,861,337,0.15062,195
ILSVRC2012_val_00000476_with_ILSVRC2012_val_00011616_rank953,359,358,0.21296,2
ILSVRC2012_val_00000476_with_ILSVRC2012_val_00044837_rank870,676,676,0.83856,0
ILSVRC2012_val_00000476_with_ILSVRC2012_val_00034309_rank452,868,479,0.0963,419
ILSVRC2012_val_00000476_with_ILSVRC2012_val_00046795_rank115,223,223,0.76015,0
ILSVRC2012_val_00000476_with_ILSVRC2012_val_00028271_rank458,426,426,0.7869,0
ILSVRC2012_val_00000476_with_ILSVRC2012_val_00036215_rank743,450,472,0.4235,13
ILSVRC2012_val_00000476_with_ILSVRC2012_val_00030474_rank238,311,311,0.7807,0
ILSVRC2012_val_00000476_with_ILSVRC2012_val_00006656_rank961,541,898,0.11863,189
ILSVRC2012_val_00000476_with_ILSVRC2012_val_00027034_rank963,585,585,0.55376,0
ILSVRC2012_val_00000476_with_ILSVRC2012_val_00012982_rank758,389,389,0.47036,0
ILSVRC2012_val_00000476_with_ILSVRC2012_val_00021063_rank075,144,128,0.22604,12
ILSVRC2012_val_00000476_with_ILSVRC2012_val_00046626_rank254,396,396,0.73799,0
ILSVRC2012_val_00000476_with_ILSVRC2012_val_00036393_rank796,664,664,0.34872,0
ILSVRC2012_val_00000476_with_ILSVRC2012_val_00036209_rank398,781,781,0.67083,0
ILSVRC2012_val_00000476_with_ILSVRC2012_val_00045758_rank553,342,342,0.64794,0
ILSVRC2012_val_00000476_with_ILSVRC2012_val_00019275_rank426,625,625,0.79456,0
ILSVRC2012_val_00000476_with_ILSVRC2012_val_00004879_rank057,895,845,0.39876,466
ILSVRC2012_val_00000476_with_ILSVRC2012_val_00000989_rank913,998,998,0.20925,0
ILSVRC2012_val_00000476_with_ILSVRC2012_val_00004911_rank1000,588,588,0.77625,0
ILSVRC2012_val_00000476_with_ILSVRC2012_val_00040952_rank122,240,240,0.62968,0
ILSVRC2012_val_00000476_with_ILSVRC2012_val_00023680_rank953,359,358,0.33072,2
ILSVRC2012_val_00000476_with_ILSVRC2012_val_00046390_rank476,262,262,0.69224,0
ILSVRC2012_val_00000476_with_ILSVRC2012_val_00046555_rank366,289,289,0.43327,0
ILSVRC2012_val_00000476_with_ILSVRC2012_val_00046554_rank566,968,659,0.31997,7
ILSVRC2012_val_00000476_with_ILSVRC2012_val_00001228_rank069,152,155,0.70467,6
ILSVRC2012_val_00000476_with_ILSVRC2012_val_00032871_rank161,304,303,0.70728,4
ILSVRC2012_val_00000476_with_ILSVRC2012_val_00048133_rank526,618,641,0.35674,55
ILSVRC2012_val_00000476_with_ILSVRC2012_val_00042628_rank822,202,202,0.37967,0
ILSVRC2012_val_00000476_with_ILSVRC2012_val_00030709_rank731,549,919,0.61437,111
ILSVRC2012_val_00000476_with_ILSVRC2012_val_00020496_rank389,893,893,0.31251,0
ILSVRC2012_val_00000476_with_ILSVRC2012_val_00024480_rank571,491,491,0.75366,0
ILSVRC2012_val_00000476_with_ILSVRC2012_val_00002144_rank028,137,137,0.89539,0
ILSVRC2012_val_00000476_with_ILSVRC2012_val_00033548_rank140,330,330,0.70325,0
ILSVRC2012_val_00000476_with_ILSVRC2012_val_00034241_rank867,846,619,0.33702,1
ILSVRC2012_val_00000476_with_ILSVRC2012_val_00049568_rank039,10,10,0.8453,0
ILSVRC2012_val_00000476_with_ILSVRC2012_val_00039557_rank813,73,77,0.7913,4
ILSVRC2012_val_00000476_with_ILSVRC2012_val_00001256_rank632,552,552,0.87939,0
ILSVRC2012_val_00000476_with_ILSVRC2012_val_00022155_rank724,318,318,0.66398,0
ILSVRC2012_val_00000476_with_ILSVRC2012_val_00022153_rank273,981,693,0.29251,26
ILSVRC2012_val_00000476_with_ILSVRC2012_val_00003644_rank453,57,57,0.77741,0
ILSVRC2012_val_00000476_with_ILSVRC2012_val_00038451_rank785,871,871,0.3842,0
ILSVRC2012_val_00000476_with_ILSVRC2012_val_00049227_rank003,143,143,0.78017,0
ILSVRC2012_val_00000476_with_ILSVRC2012_val_00037665_rank324,955,955,0.50358,0
ILSVRC2012_val_00000476_with_ILSVRC2012_val_00047505_rank831,797,797,0.47436,0
ILSVRC2012_val_00000476_with_ILSVRC2012_val_00027144_rank862,793,133,0.17762,917
ILSVRC2012_val_00000476_with_ILSVRC2012_val_00004256_rank141,83,83,0.80351,0
ILSVRC2012_val_00000476_with_ILSVRC2012_val_00035018_rank591,468,468,0.86287,0
ILSVRC2012_val_00000476_with_ILSVRC2012_val_00007282_rank979,996,996,0.70399,0
ILSVRC2012_val_00000476_with_ILSVRC2012_val_00016829_rank089,379,378,0.21096,2
ILSVRC2012_val_00000476_with_ILSVRC2012_val_00049485_rank082,179,179,0.78779,0
ILSVRC2012_val_00000476_with_ILSVRC2012_val_00011322_rank339,239,239,0.76936,0
ILSVRC2012_val_00000476_with_ILSVRC2012_val_00014879_rank052,8,8,0.17163,0
ILSVRC2012_val_00000476_with_ILSVRC2012_val_00002445_rank289,807,807,0.67686,0
ILSVRC2012_val_00000476_with_ILSVRC2012_val_00018089_rank959,828,828,0.37486,0
ILSVRC2012_val_00000476_with_ILSVRC2012_val_00048437_rank048,12,12,0.75318,0
ILSVRC2012_val_00000476_with_ILSVRC2012_val_00036289_rank978,126,126,0.88977,0
ILSVRC2012_val_00000476_with_ILSVRC2012_val_00008011_rank223,43,43,0.63354,0
ILSVRC2012_val_00000476_with_ILSVRC2012_val_00009378_rank589,169,169,0.50858,0
ILSVRC2012_val_00000476_with_ILSVRC2012_val_00042214_rank727,874,874,0.50049,0
ILSVRC2012_val_00000476_with_ILSVRC2012_val_00038295_rank486,879,137,0.06867,673
ILSVRC2012_val_00000476_with_ILSVRC2012_val_00002744_rank484,931,677,0.13863,821
ILSVRC2012_val_00000476_with_ILSVRC2012_val_00011972_rank532,794,854,0.68325,4
ILSVRC2012_val_00000476_with_ILSVRC2012_val_00017168_rank561,769,769,0.88099,0
ILSVRC2012_val_00000476_with_ILSVRC2012_val_00032992_rank665,71,71,0.84738,0
ILSVRC2012_val_00000476_with_ILSVRC2012_val_00012754_rank267,988,988,0.69371,0
ILSVRC2012_val_00000476_with_ILSVRC2012_val_00004917_rank935,760,519,0.06381,27
ILSVRC2012_val_00000476_with_ILSVRC2012_val_00021961_rank844,156,157,0.73232,4
ILSVRC2012_val_00000476_with_ILSVRC2012_val_00041260_rank953,359,373,0.19947,337
ILSVRC2012_val_00000476_with_ILSVRC2012_val_00011828_rank552,650,420,0.07517,68
ILSVRC2012_val_00000476_with_ILSVRC2012_val_00026937_rank423,211,211,0.6346,0
ILSVRC2012_val_00000476_with_ILSVRC2012_val_00044347_rank365,820,592,0.07574,490
ILSVRC2012_val_00000476_with_ILSVRC2012_val_00006217_rank619,802,802,0.60784,0
ILSVRC2012_val_00000476_with_ILSVRC2012_val_00018907_rank605,61,61,0.69381,0
ILSVRC2012_val_00000476_with_ILSVRC2012_val_00039966_rank385,77,77,0.75158,0
ILSVRC2012_val_00000476_with_ILSVRC2012_val_00009001_rank426,625,625,0.82045,0
ILSVRC2012_val_00000476_with_ILSVRC2012_val_00024302_rank701,986,986,0.80213,0
ILSVRC2012_val_00000476_with_ILSVRC2012_val_00023971_rank966,524,374,0.2306,775
ILSVRC2012_val_00000476_with_ILSVRC2012_val_00031565_rank420,364,364,0.84652,0
ILSVRC2012_val_00000476_with_ILSVRC2012_val_00020439_rank947,341,136,0.1883,300
ILSVRC2012_val_00000476_with_ILSVRC2012_val_00030264_rank175,682,626,0.13373,219
ILSVRC2012_val_00000476_with_ILSVRC2012_val_00024837_rank892,513,337,0.11296,907
ILSVRC2012_val_00000476_with_ILSVRC2012_val_00004422_rank293,281,285,0.30262,2
ILSVRC2012_val_00000476_with_ILSVRC2012_val_00040389_rank518,953,7,0.39657,25
ILSVRC2012_val_00000476_with_ILSVRC2012_val_00039356_rank873,748,97,0.23641,472
ILSVRC2012_val_00000476_with_ILSVRC2012_val_00044735_rank725,603,603,0.62041,0
ILSVRC2012_val_00000476_with_ILSVRC2012_val_00030199_rank858,191,191,0.76819,0
ILSVRC2012_val_00000476_with_ILSVRC2012_val_00028069_rank541,784,477,0.64984,1
ILSVRC2012_val_00000476_with_ILSVRC2012_val_00041379_rank443,53,58,0.38358,3
ILSVRC2012_val_00000476_with_ILSVRC2012_val_00034170_rank755,430,8,0.13683,749
ILSVRC2012_val_00000476_with_ILSVRC2012_val_00031508_rank712,175,175,0.28525,0
ILSVRC2012_val_00000476_with_ILSVRC2012_val_00030340_rank648,392,392,0.81658,0
ILSVRC2012_val_00000476_with_ILSVRC2012_val_00009660_rank502,230,230,0.68575,0
ILSVRC2012_val_00000476_with_ILSVRC2012_val_00003507_rank661,782,681,0.09632,9
ILSVRC2012_val_00000476_with_ILSVRC2012_val_00048800_rank665,71,71,0.68291,0
ILSVRC2012_val_00000476_with_ILSVRC2012_val_00022445_rank655,439,137,0.33498,146
ILSVRC2012_val_00000476_with_ILSVRC2012_val_00034771_rank300,234,234,0.68261,0
ILSVRC2012_val_00000476_with_ILSVRC2012_val_00033291_rank714,623,872,0.86904,95
ILSVRC2012_val_00000476_with_ILSVRC2012_val_00035780_rank990,731,731,0.60851,0
ILSVRC2012_val_00000476_with_ILSVRC2012_val_00019494_rank575,595,595,0.43081,0
ILSVRC2012_val_00000476_with_ILSVRC2012_val_00036978_rank908,811,811,0.58864,0
ILSVRC2012_val_00000476_with_ILSVRC2012_val_00007360_rank266,150,360,0.3293,1
ILSVRC2012_val_00000476_with_ILSVRC2012_val_00027324_rank421,896,896,0.59319,0
ILSVRC2012_val_00000476_with_ILSVRC2012_val_00020888_rank036,145,145,0.09894,0
ILSVRC2012_val_00000476_with_ILSVRC2012_val_00007281_rank697,702,88,0.0681,216
ILSVRC2012_val_00000476_with_ILSVRC2012_val_00034588_rank971,427,756,0.55104,1
ILSVRC2012_val_00000476_with_ILSVRC2012_val_00030522_rank395,901,504,0.31832,6
ILSVRC2012_val_00000476_with_ILSVRC2012_val_00005913_rank495,346,346,0.78228,0
ILSVRC2012_val_00000476_with_ILSVRC2012_val_00036728_rank188,162,167,0.33755,3
ILSVRC2012_val_00000476_with_ILSVRC2012_val_00036066_rank449,31,31,0.81803,0
ILSVRC2012_val_00000476_with_ILSVRC2012_val_00042068_rank090,373,373,0.79374,0
ILSVRC2012_val_00000476_with_ILSVRC2012_val_00028171_rank114,471,471,0.4669,0
ILSVRC2012_val_00000476_with_ILSVRC2012_val_00038732_rank406,564,564,0.53388,0
ILSVRC2012_val_00000476_with_ILSVRC2012_val_00030083_rank182,166,166,0.79101,0
ILSVRC2012_val_00000476_with_ILSVRC2012_val_00015662_rank625,798,769,0.41364,1
ILSVRC2012_val_00000476_with_ILSVRC2012_val_00031348_rank104,293,293,0.80653,0
ILSVRC2012_val_00000476_with_ILSVRC2012_val_00015225_rank557,783,783,0.49409,0
ILSVRC2012_val_00000476_with_ILSVRC2012_val_00005208_rank448,76,76,0.29848,0
ILSVRC2012_val_00000476_with_ILSVRC2012_val_00007606_rank104,293,293,0.78441,0
ILSVRC2012_val_00000476_with_ILSVRC2012_val_00008643_rank633,818,463,0.14084,141
ILSVRC2012_val_00000476_with_ILSVRC2012_val_00035591_rank065,295,295,0.72778,0
ILSVRC2012_val_00000476_with_ILSVRC2012_val_00045757_rank336,486,486,0.29351,0
ILSVRC2012_val_00000476_with_ILSVRC2012_val_00045892_rank899,662,662,0.95646,0
ILSVRC2012_val_00000476_with_ILSVRC2012_val_00040860_rank537,633,633,0.52447,0
ILSVRC2012_val_00000476_with_ILSVRC2012_val_00038076_rank986,643,643,0.72716,0
ILSVRC2012_val_00000476_with_ILSVRC2012_val_00010150_rank078,319,319,0.77827,0
ILSVRC2012_val_00000476_with_ILSVRC2012_val_00020381_rank975,674,596,0.53464,236
ILSVRC2012_val_00000476_with_ILSVRC2012_val_00026692_rank814,165,163,0.40845,4
ILSVRC2012_val_00000476_with_ILSVRC2012_val_00021803_rank297,863,863,0.8592,0
ILSVRC2012_val_00000476_with_ILSVRC2012_val_00046975_rank710,122,122,0.83054,0
ILSVRC2012_val_00000476_with_ILSVRC2012_val_00045442_rank189,316,316,0.78668,0
ILSVRC2012_val_00000476_with_ILSVRC2012_val_00020078_rank468,941,941,0.751,0
ILSVRC2012_val_00000476_with_ILSVRC2012_val_00022200_rank647,727,417,0.36679,13
ILSVRC2012_val_00000476_with_ILSVRC2012_val_00049638_rank187,312,311,0.51507,1
ILSVRC2012_val_00000476_with_ILSVRC2012_val_00001513_rank720,345,345,0.70048,0
ILSVRC2012_val_00000476_with_ILSVRC2012_val_00027738_rank921,332,363,0.15165,90
ILSVRC2012_val_00000476_with_ILSVRC2012_val_00043070_rank792,604,604,0.88236,0
ILSVRC2012_val_00000476_with_ILSVRC2012_val_00025367_rank239,65,65,0.61002,0
ILSVRC2012_val_00000476_with_ILSVRC2012_val_00005497_rank548,839,64,0.40176,594
ILSVRC2012_val_00000476_with_ILSVRC2012_val_00042558_rank768,882,13,0.08235,778
ILSVRC2012_val_00000476_with_ILSVRC2012_val_00045289_rank199,338,338,0.80226,0
ILSVRC2012_val_00000476_with_ILSVRC2012_val_00010081_rank914,422,97,0.15376,778
ILSVRC2012_val_00000476_with_ILSVRC2012_val_00029439_rank338,399,601,0.26568,35
ILSVRC2012_val_00000476_with_ILSVRC2012_val_00023315_rank426,625,625,0.74577,0
ILSVRC2012_val_00000476_with_ILSVRC2012_val_00024169_rank712,175,175,0.16455,0
ILSVRC2012_val_00000476_with_ILSVRC2012_val_00045490_rank793,675,569,0.52198,2
ILSVRC2012_val_00000476_with_ILSVRC2012_val_00006061_rank964,765,765,0.84327,0
ILSVRC2012_val_00000476_with_ILSVRC2012_val_00041383_rank354,52,135,0.21916,455
ILSVRC2012_val_00000476_with_ILSVRC2012_val_00008829_rank155,64,64,0.48712,0
ILSVRC2012_val_00000476_with_ILSVRC2012_val_00009143_rank995,641,303,0.0515,995
ILSVRC2012_val_00000476_with_ILSVRC2012_val_00024508_rank779,198,198,0.68438,0
ILSVRC2012_val_00000476_with_ILSVRC2012_val_00021159_rank578,661,661,0.8461,0
ILSVRC2012_val_00000476_with_ILSVRC2012_val_00009500_rank170,428,428,0.79089,0
ILSVRC2012_val_00000476_with_ILSVRC2012_val_00030887_rank044,100,100,0.86158,0
ILSVRC2012_val_00000476_with_ILSVRC2012_val_00024906_rank883,472,693,0.23179,1
ILSVRC2012_val_00000476_with_ILSVRC2012_val_00046127_rank399,849,849,0.82012,0
ILSVRC2012_val_00000476_with_ILSVRC2012_val_00036111_rank490,905,843,0.39908,186
ILSVRC2012_val_00000476_with_ILSVRC2012_val_00005687_rank919,190,196,0.58937,9
ILSVRC2012_val_00000476_with_ILSVRC2012_val_00040392_rank594,648,648,0.47905,0
ILSVRC2012_val_00000476_with_ILSVRC2012_val_00014221_rank569,655,596,0.379,431
ILSVRC2012_val_00000476_with_ILSVRC2012_val_00007927_rank413,218,218,0.86268,0
ILSVRC2012_val_00000476_with_ILSVRC2012_val_00046321_rank880,754,485,0.37961,5
ILSVRC2012_val_00000476_with_ILSVRC2012_val_00029978_rank565,575,575,0.82527,0
ILSVRC2012_val_00000476_with_ILSVRC2012_val_00035098_rank035,24,24,0.71754,0
ILSVRC2012_val_00000476_with_ILSVRC2012_val_00021507_rank575,595,595,0.46963,0
ILSVRC2012_val_00000476_with_ILSVRC2012_val_00019415_rank134,259,259,0.57708,0
ILSVRC2012_val_00000476_with_ILSVRC2012_val_00004775_rank596,539,539,0.5538,0
ILSVRC2012_val_00000476_with_ILSVRC2012_val_00023692_rank813,73,73,0.70447,0
ILSVRC2012_val_00000476_with_ILSVRC2012_val_00008071_rank199,338,338,0.76252,0
ILSVRC2012_val_00000476_with_ILSVRC2012_val_00040476_rank699,925,925,0.55916,0
ILSVRC2012_val_00000476_with_ILSVRC2012_val_00039743_rank556,852,852,0.40129,0
ILSVRC2012_val_00000476_with_ILSVRC2012_val_00011679_rank691,410,410,0.65199,0
ILSVRC2012_val_00000476_with_ILSVRC2012_val_00008300_rank420,364,369,0.29892,17
ILSVRC2012_val_00000476_with_ILSVRC2012_val_00029886_rank123,4,792,0.42622,309
ILSVRC2012_val_00000476_with_ILSVRC2012_val_00001207_rank496,654,654,0.76888,0
ILSVRC2012_val_00000476_with_ILSVRC2012_val_00019886_rank336,486,889,0.43207,1
ILSVRC2012_val_00000476_with_ILSVRC2012_val_00022256_rank671,681,681,0.51681,0
ILSVRC2012_val_00000476_with_ILSVRC2012_val_00017930_rank137,130,130,0.32521,0
ILSVRC2012_val_00000476_with_ILSVRC2012_val_00014137_rank397,572,572,0.29967,0
ILSVRC2012_val_00000476_with_ILSVRC2012_val_00018743_rank104,293,293,0.59395,0
ILSVRC2012_val_00000476_with_ILSVRC2012_val_00044424_rank420,364,364,0.1562,0
ILSVRC2012_val_00000476_with_ILSVRC2012_val_00018813_rank364,391,391,0.42694,0
ILSVRC2012_val_00000476_with_ILSVRC2012_val_00015141_rank119,72,72,0.35063,0
ILSVRC2012_val_00000476_with_ILSVRC2012_val_00007196_rank256,382,382,0.37153,0
ILSVRC2012_val_00000476_with_ILSVRC2012_val_00042968_rank786,327,327,0.11927,0
ILSVRC2012_val_00000476_with_ILSVRC2012_val_00010465_rank856,66,68,0.35549,1
ILSVRC2012_val_00000476_with_ILSVRC2012_val_00038232_rank604,119,124,0.49516,7
ILSVRC2012_val_00000476_with_ILSVRC2012_val_00021972_rank422,457,723,0.41681,86
ILSVRC2012_val_00000476_with_ILSVRC2012_val_00020878_rank753,550,674,0.23765,576
ILSVRC2012_val_00000476_with_ILSVRC2012_val_00031613_rank697,702,845,0.14905,836
ILSVRC2012_val_00000476_with_ILSVRC2012_val_00036876_rank779,198,198,0.48673,0
ILSVRC2012_val_00000476_with_ILSVRC2012_val_00026088_rank980,684,684,0.80914,0
ILSVRC2012_val_00000476_with_ILSVRC2012_val_00019151_rank189,316,316,0.76128,0
ILSVRC2012_val_00000476_with_ILSVRC2012_val_00033343_rank016,97,97,0.71794,0
ILSVRC2012_val_00000476_with_ILSVRC2012_val_00011028_rank951,857,137,0.0675,556
ILSVRC2012_val_00000476_with_ILSVRC2012_val_00015190_rank318,45,45,0.28375,0
ILSVRC2012_val_00000476_with_ILSVRC2012_val_00041624_rank707,771,664,0.12298,9
ILSVRC2012_val_00000476_with_ILSVRC2012_val_00005481_rank134,259,259,0.69391,0
ILSVRC2012_val_00000476_with_ILSVRC2012_val_00012249_rank959,828,828,0.86717,0
ILSVRC2012_val_00000476_with_ILSVRC2012_val_00049624_rank467,599,410,0.41858,1
ILSVRC2012_val_00000476_with_ILSVRC2012_val_00030672_rank077,141,141,0.72237,0
ILSVRC2012_val_00000476_with_ILSVRC2012_val_00047120_rank272,920,137,0.10396,238
ILSVRC2012_val_00000476_with_ILSVRC2012_val_00040821_rank720,345,345,0.22311,0
ILSVRC2012_val_00000476_with_ILSVRC2012_val_00032440_rank448,76,76,0.7882,0
ILSVRC2012_val_00000476_with_ILSVRC2012_val_00022285_rank618,836,837,0.22157,1
ILSVRC2012_val_00000476_with_ILSVRC2012_val_00030444_rank865,78,78,0.82459,0
ILSVRC2012_val_00000476_with_ILSVRC2012_val_00042978_rank310,274,274,0.71216,0
ILSVRC2012_val_00000476_with_ILSVRC2012_val_00035701_rank606,856,730,0.45118,4
ILSVRC2012_val_00000476_with_ILSVRC2012_val_00003329_rank521,930,930,0.70878,0
ILSVRC2012_val_00000476_with_ILSVRC2012_val_00014567_rank830,739,739,0.81621,0
ILSVRC2012_val_00000476_with_ILSVRC2012_val_00034422_rank707,771,771,0.83968,0
ILSVRC2012_val_00000476_with_ILSVRC2012_val_00017587_rank929,606,606,0.8718,0
ILSVRC2012_val_00000476_with_ILSVRC2012_val_00028469_rank177,309,21,0.59375,192
ILSVRC2012_val_00000476_with_ILSVRC2012_val_00033241_rank340,297,297,0.58747,0
ILSVRC2012_val_00000476_with_ILSVRC2012_val_00036095_rank050,336,337,0.50128,2
ILSVRC2012_val_00000476_with_ILSVRC2012_val_00031665_rank907,461,461,0.61585,0
ILSVRC2012_val_00000476_with_ILSVRC2012_val_00014751_rank686,125,125,0.67615,0
ILSVRC2012_val_00000476_with_ILSVRC2012_val_00022077_rank843,878,878,0.52275,0
ILSVRC2012_val_00000476_with_ILSVRC2012_val_00018693_rank988,969,572,0.86529,24
ILSVRC2012_val_00000476_with_ILSVRC2012_val_00039138_rank494,121,121,0.93534,0
ILSVRC2012_val_00000476_with_ILSVRC2012_val_00007174_rank943,371,371,0.81235,0
ILSVRC2012_val_00000476_with_ILSVRC2012_val_00033240_rank982,431,431,0.68876,0
ILSVRC2012_val_00000476_with_ILSVRC2012_val_00027463_rank341,466,895,0.136,22
ILSVRC2012_val_00000476_with_ILSVRC2012_val_00002878_rank564,212,212,0.64455,0
ILSVRC2012_val_00000476_with_ILSVRC2012_val_00027818_rank336,486,88,0.74506,160
ILSVRC2012_val_00000476_with_ILSVRC2012_val_00033379_rank686,125,125,0.53504,0
ILSVRC2012_val_00000476_with_ILSVRC2012_val_00049908_rank291,268,268,0.83548,0
ILSVRC2012_val_00000476_with_ILSVRC2012_val_00010096_rank530,112,112,0.83802,0
ILSVRC2012_val_00000476_with_ILSVRC2012_val_00038094_rank462,652,652,0.48618,0
ILSVRC2012_val_00000476_with_ILSVRC2012_val_00027418_rank464,544,544,0.85651,0
ILSVRC2012_val_00000476_with_ILSVRC2012_val_00002032_rank778,577,577,0.78681,0
ILSVRC2012_val_00000476_with_ILSVRC2012_val_00014362_rank005,15,15,0.84386,0
ILSVRC2012_val_00000476_with_ILSVRC2012_val_00004281_rank283,963,992,0.08812,35
ILSVRC2012_val_00000476_with_ILSVRC2012_val_00001946_rank713,590,782,0.208,5
ILSVRC2012_val_00000476_with_ILSVRC2012_val_00020861_rank445,68,68,0.33638,0
ILSVRC2012_val_00000476_with_ILSVRC2012_val_00017663_rank785,871,871,0.52658,0
ILSVRC2012_val_00000476_with_ILSVRC2012_val_00016064_rank719,729,522,0.14343,97
ILSVRC2012_val_00000476_with_ILSVRC2012_val_00033720_rank599,186,185,0.27479,1
ILSVRC2012_val_00000476_with_ILSVRC2012_val_00020128_rank387,221,221,0.54808,0
ILSVRC2012_val_00000476_with_ILSVRC2012_val_00033792_rank793,675,867,0.26952,1
ILSVRC2012_val_00000476_with_ILSVRC2012_val_00000851_rank432,887,129,0.09206,389
ILSVRC2012_val_00000476_with_ILSVRC2012_val_00019879_rank831,797,797,0.82747,0
ILSVRC2012_val_00000476_with_ILSVRC2012_val_00049209_rank772,540,540,0.39908,0
ILSVRC2012_val_00000476_with_ILSVRC2012_val_00002861_rank756,591,591,0.78864,0
ILSVRC2012_val_00000476_with_ILSVRC2012_val_00013845_rank128,106,106,0.81429,0
ILSVRC2012_val_00000476_with_ILSVRC2012_val_00029875_rank003,143,143,0.75041,0
ILSVRC2012_val_00000476_with_ILSVRC2012_val_00027000_rank917,470,132,0.33904,546
ILSVRC2012_val_00000476_with_ILSVRC2012_val_00039505_rank543,188,188,0.81842,0
ILSVRC2012_val_00000476_with_ILSVRC2012_val_00047068_rank721,687,687,0.40789,0
ILSVRC2012_val_00000476_with_ILSVRC2012_val_00019242_rank647,727,363,0.21325,243
ILSVRC2012_val_00000476_with_ILSVRC2012_val_00010244_rank317,263,263,0.50948,0
ILSVRC2012_val_00000476_with_ILSVRC2012_val_00046580_rank357,789,789,0.58547,0
ILSVRC2012_val_00000476_with_ILSVRC2012_val_00042783_rank124,40,40,0.41733,0
ILSVRC2012_val_00000476_with_ILSVRC2012_val_00019706_rank969,543,543,0.76003,0
ILSVRC2012_val_00000476_with_ILSVRC2012_val_00020151_rank763,915,915,0.13633,0
ILSVRC2012_val_00000476_with_ILSVRC2012_val_00001011_rank610,409,426,0.34635,3
ILSVRC2012_val_00000476_with_ILSVRC2012_val_00037037_rank635,27,27,0.65088,0
ILSVRC2012_val_00000476_with_ILSVRC2012_val_00020275_rank066,383,383,0.75144,0
ILSVRC2012_val_00000476_with_ILSVRC2012_val_00048726_rank698,493,674,0.08234,983
ILSVRC2012_val_00000476_with_ILSVRC2012_val_00015349_rank410,206,205,0.35924,2
ILSVRC2012_val_00000476_with_ILSVRC2012_val_00005807_rank388,411,411,0.34706,0
ILSVRC2012_val_00000476_with_ILSVRC2012_val_00047768_rank315,946,321,0.8179,10
ILSVRC2012_val_00000476_with_ILSVRC2012_val_00017901_rank799,568,568,0.46123,0
ILSVRC2012_val_00000476_with_ILSVRC2012_val_00009333_rank478,763,763,0.43903,0
ILSVRC2012_val_00000476_with_ILSVRC2012_val_00045037_rank178,372,372,0.75216,0
ILSVRC2012_val_00000476_with_ILSVRC2012_val_00030247_rank468,941,941,0.64056,0
ILSVRC2012_val_00000476_with_ILSVRC2012_val_00000333_rank225,254,182,0.08476,20
ILSVRC2012_val_00000476_with_ILSVRC2012_val_00037672_rank046,90,90,0.81233,0
ILSVRC2012_val_00000476_with_ILSVRC2012_val_00023231_rank368,243,243,0.5941,0
ILSVRC2012_val_00000476_with_ILSVRC2012_val_00027301_rank438,5,5,0.70401,0
ILSVRC2012_val_00000476_with_ILSVRC2012_val_00027233_rank446,279,279,0.68406,0
ILSVRC2012_val_00000476_with_ILSVRC2012_val_00006000_rank479,774,131,0.14346,775
ILSVRC2012_val_00000476_with_ILSVRC2012_val_00034978_rank491,563,563,0.10522,0
ILSVRC2012_val_00000476_with_ILSVRC2012_val_00013626_rank468,941,797,0.3269,357
ILSVRC2012_val_00000476_with_ILSVRC2012_val_00006287_rank719,729,519,0.22942,49
ILSVRC2012_val_00000476_with_ILSVRC2012_val_00008589_rank790,584,723,0.48261,12
ILSVRC2012_val_00000476_with_ILSVRC2012_val_00045483_rank333,649,649,0.08974,0
ILSVRC2012_val_00000476_with_ILSVRC2012_val_00034999_rank731,549,448,0.3807,120
ILSVRC2012_val_00000476_with_ILSVRC2012_val_00047278_rank498,973,328,0.33906,12
ILSVRC2012_val_00000476_with_ILSVRC2012_val_00032543_rank064,448,448,0.74996,0
ILSVRC2012_val_00000476_with_ILSVRC2012_val_00008563_rank804,473,626,0.22122,3
ILSVRC2012_val_00000476_with_ILSVRC2012_val_00046053_rank415,35,36,0.35778,2
ILSVRC2012_val_00000476_with_ILSVRC2012_val_00040983_rank090,373,373,0.20358,0
ILSVRC2012_val_00000476_with_ILSVRC2012_val_00024323_rank158,425,449,0.65522,1
ILSVRC2012_val_00000476_with_ILSVRC2012_val_00010926_rank798,851,827,0.56349,28
ILSVRC2012_val_00000476_with_ILSVRC2012_val_00030496_rank592,707,707,0.77236,0
ILSVRC2012_val_00000476_with_ILSVRC2012_val_00019649_rank147,815,815,0.8865,0
ILSVRC2012_val_00000476_with_ILSVRC2012_val_00047381_rank292,725,653,0.30774,18
ILSVRC2012_val_00000476_with_ILSVRC2012_val_00039178_rank784,360,360,0.34297,0
ILSVRC2012_val_00000476_with_ILSVRC2012_val_00044045_rank250,400,361,0.36158,273
ILSVRC2012_val_00000476_with_ILSVRC2012_val_00039096_rank592,707,707,0.51052,0
ILSVRC2012_val_00000476_with_ILSVRC2012_val_00002097_rank117,219,219,0.79108,0
ILSVRC2012_val_00000476_with_ILSVRC2012_val_00027525_rank867,846,686,0.33355,139
ILSVRC2012_val_00000476_with_ILSVRC2012_val_00041846_rank895,436,609,0.36677,8
ILSVRC2012_val_00000476_with_ILSVRC2012_val_00011749_rank069,152,152,0.7448,0
ILSVRC2012_val_00000476_with_ILSVRC2012_val_00000755_rank729,995,995,0.72695,0
ILSVRC2012_val_00000476_with_ILSVRC2012_val_00013419_rank673,242,242,0.79496,0
ILSVRC2012_val_00000476_with_ILSVRC2012_val_00006603_rank009,16,16,0.7779,0
ILSVRC2012_val_00000476_with_ILSVRC2012_val_00015368_rank860,778,137,0.06688,839
ILSVRC2012_val_00000476_with_ILSVRC2012_val_00037462_rank938,257,257,0.67735,0
ILSVRC2012_val_00000476_with_ILSVRC2012_val_00036982_rank856,66,66,0.52913,0
ILSVRC2012_val_00000476_with_ILSVRC2012_val_00024402_rank579,587,947,0.08978,742
ILSVRC2012_val_00000476_with_ILSVRC2012_val_00022888_rank446,279,279,0.72663,0
ILSVRC2012_val_00000476_with_ILSVRC2012_val_00036369_rank264,407,898,0.2003,870
ILSVRC2012_val_00000476_with_ILSVRC2012_val_00007108_rank495,346,346,0.86327,0
ILSVRC2012_val_00000476_with_ILSVRC2012_val_00003664_rank324,955,951,0.49786,3
ILSVRC2012_val_00000476_with_ILSVRC2012_val_00044690_rank193,847,847,0.77961,0
ILSVRC2012_val_00000476_with_ILSVRC2012_val_00016932_rank517,787,643,0.61474,14
ILSVRC2012_val_00000476_with_ILSVRC2012_val_00005662_rank370,235,235,0.68419,0
ILSVRC2012_val_00000476_with_ILSVRC2012_val_00049271_rank942,451,451,0.84415,0
ILSVRC2012_val_00000476_with_ILSVRC2012_val_00005947_rank110,302,302,0.75423,0
ILSVRC2012_val_00000476_with_ILSVRC2012_val_00020257_rank858,191,191,0.49346,0
ILSVRC2012_val_00000476_with_ILSVRC2012_val_00036053_rank598,602,845,0.385,262
ILSVRC2012_val_00000476_with_ILSVRC2012_val_00049658_rank900,492,492,0.83745,0
ILSVRC2012_val_00000476_with_ILSVRC2012_val_00026892_rank433,883,831,0.29353,314
ILSVRC2012_val_00000476_with_ILSVRC2012_val_00034726_rank064,448,448,0.65794,0
ILSVRC2012_val_00000476_with_ILSVRC2012_val_00024274_rank998,464,464,0.26988,0
ILSVRC2012_val_00000476_with_ILSVRC2012_val_00038991_rank430,225,225,0.69318,0
ILSVRC2012_val_00000476_with_ILSVRC2012_val_00047663_rank432,887,775,0.25488,27
ILSVRC2012_val_00000476_with_ILSVRC2012_val_00032906_rank216,363,363,0.84506,0
ILSVRC2012_val_00000476_with_ILSVRC2012_val_00027921_rank856,66,994,0.24808,195
ILSVRC2012_val_00000476_with_ILSVRC2012_val_00033360_rank238,311,311,0.8073,0
ILSVRC2012_val_00000476_with_ILSVRC2012_val_00043487_rank467,599,599,0.89932,0
ILSVRC2012_val_00000476_with_ILSVRC2012_val_00020625_rank279,565,565,0.84468,0
ILSVRC2012_val_00000476_with_ILSVRC2012_val_00039969_rank765,244,244,0.83582,0
ILSVRC2012_val_00000476_with_ILSVRC2012_val_00017376_rank615,677,587,0.4929,2
ILSVRC2012_val_00000476_with_ILSVRC2012_val_00046752_rank815,354,354,0.75842,0
ILSVRC2012_val_00000476_with_ILSVRC2012_val_00038549_rank750,34,136,0.45375,577
ILSVRC2012_val_00000476_with_ILSVRC2012_val_00013012_rank510,752,136,0.25919,510
ILSVRC2012_val_00000476_with_ILSVRC2012_val_00010454_rank145,377,377,0.68856,0
ILSVRC2012_val_00000476_with_ILSVRC2012_val_00028992_rank844,156,156,0.79569,0
ILSVRC2012_val_00000476_with_ILSVRC2012_val_00025796_rank856,66,49,0.28792,27
ILSVRC2012_val_00000476_with_ILSVRC2012_val_00048354_rank176,640,640,0.86609,0
ILSVRC2012_val_00000476_with_ILSVRC2012_val_00036004_rank212,271,271,0.80063,0
ILSVRC2012_val_00000476_with_ILSVRC2012_val_00042139_rank319,723,723,0.88943,0
ILSVRC2012_val_00000476_with_ILSVRC2012_val_00018977_rank433,883,711,0.1643,8
ILSVRC2012_val_00000476_with_ILSVRC2012_val_00012931_rank434,204,204,0.4495,0
ILSVRC2012_val_00000476_with_ILSVRC2012_val_00034967_rank422,457,457,0.84221,0
ILSVRC2012_val_00000476_with_ILSVRC2012_val_00012260_rank319,723,723,0.9044,0
ILSVRC2012_val_00000476_with_ILSVRC2012_val_00026526_rank429,44,44,0.78736,0
ILSVRC2012_val_00000476_with_ILSVRC2012_val_00001232_rank233,351,351,0.82816,0
ILSVRC2012_val_00000476_with_ILSVRC2012_val_00011175_rank093,324,324,0.82002,0
ILSVRC2012_val_00000476_with_ILSVRC2012_val_00008798_rank189,316,316,0.85892,0
ILSVRC2012_val_00000476_with_ILSVRC2012_val_00001984_rank793,675,675,0.38427,0
ILSVRC2012_val_00000476_with_ILSVRC2012_val_00043289_rank105,253,253,0.77452,0
ILSVRC2012_val_00000476_with_ILSVRC2012_val_00007675_rank617,669,669,0.75861,0
ILSVRC2012_val_00000476_with_ILSVRC2012_val_00036852_rank121,458,458,0.84251,0
ILSVRC2012_val_00000476_with_ILSVRC2012_val_00037911_rank717,666,792,0.34473,48
ILSVRC2012_val_00000476_with_ILSVRC2012_val_00000860_rank031,81,81,0.71837,0
ILSVRC2012_val_00000476_with_ILSVRC2012_val_00018258_rank195,704,704,0.8625,0
ILSVRC2012_val_00000476_with_ILSVRC2012_val_00004537_rank542,617,617,0.68498,0
ILSVRC2012_val_00000476_with_ILSVRC2012_val_00005903_rank435,726,674,0.84269,12
ILSVRC2012_val_00000476_with_ILSVRC2012_val_00007407_rank382,474,474,0.77498,0
ILSVRC2012_val_00000476_with_ILSVRC2012_val_00012355_rank220,266,266,0.37118,0
ILSVRC2012_val_00000476_with_ILSVRC2012_val_00031853_rank522,949,949,0.84105,0
ILSVRC2012_val_00000476_with_ILSVRC2012_val_00030994_rank907,461,461,0.58202,0
ILSVRC2012_val_00000476_with_ILSVRC2012_val_00036085_rank664,991,991,0.75758,0
ILSVRC2012_val_00000476_with_ILSVRC2012_val_00016313_rank572,418,418,0.57257,0
ILSVRC2012_val_00000476_with_ILSVRC2012_val_00005344_rank081,335,335,0.54992,0
ILSVRC2012_val_00000476_with_ILSVRC2012_val_00030196_rank614,213,213,0.81418,0
ILSVRC2012_val_00000476_with_ILSVRC2012_val_00037440_rank230,183,183,0.55906,0
ILSVRC2012_val_00000476_with_ILSVRC2012_val_00049235_rank012,80,80,0.63447,0
ILSVRC2012_val_00000476_with_ILSVRC2012_val_00048672_rank654,751,751,0.73119,0
ILSVRC2012_val_00000476_with_ILSVRC2012_val_00020048_rank537,633,633,0.75936,0
ILSVRC2012_val_00000476_with_ILSVRC2012_val_00041198_rank876,613,613,0.65951,0
ILSVRC2012_val_00000476_with_ILSVRC2012_val_00042994_rank681,441,440,0.26008,1
ILSVRC2012_val_00000476_with_ILSVRC2012_val_00018260_rank553,342,342,0.66572,0
ILSVRC2012_val_00000476_with_ILSVRC2012_val_00028111_rank619,802,802,0.10283,0
ILSVRC2012_val_00000476_with_ILSVRC2012_val_00045470_rank852,477,477,0.8641,0
ILSVRC2012_val_00000476_with_ILSVRC2012_val_00049689_rank698,493,640,0.28646,503
ILSVRC2012_val_00000476_with_ILSVRC2012_val_00048160_rank151,284,284,0.82591,0
ILSVRC2012_val_00000476_with_ILSVRC2012_val_00012622_rank587,935,618,0.26619,102
ILSVRC2012_val_00000476_with_ILSVRC2012_val_00035323_rank428,109,109,0.45331,0
ILSVRC2012_val_00000476_with_ILSVRC2012_val_00020524_rank304,511,511,0.68349,0
ILSVRC2012_val_00000476_with_ILSVRC2012_val_00013975_rank666,917,917,0.82832,0
ILSVRC2012_val_00000476_with_ILSVRC2012_val_00029779_rank525,885,452,0.31436,51
ILSVRC2012_val_00000476_with_ILSVRC2012_val_00025744_rank025,131,131,0.83417,0
ILSVRC2012_val_00000476_with_ILSVRC2012_val_00029666_rank884,910,502,0.39529,58
ILSVRC2012_val_00000476_with_ILSVRC2012_val_00001326_rank883,472,472,0.51059,0
ILSVRC2012_val_00000476_with_ILSVRC2012_val_00034724_rank727,874,874,0.79463,0
ILSVRC2012_val_00000476_with_ILSVRC2012_val_00028026_rank442,779,779,0.89413,0
ILSVRC2012_val_00000476_with_ILSVRC2012_val_00026600_rank100,74,74,0.77644,0
ILSVRC2012_val_00000476_with_ILSVRC2012_val_00000417_rank676,398,398,0.88923,0
ILSVRC2012_val_00000476_with_ILSVRC2012_val_00009251_rank710,122,122,0.87614,0
ILSVRC2012_val_00000476_with_ILSVRC2012_val_00044257_rank313,695,695,0.53121,0
ILSVRC2012_val_00000476_with_ILSVRC2012_val_00047638_rank601,814,814,0.69907,0
ILSVRC2012_val_00000476_with_ILSVRC2012_val_00025218_rank109,301,301,0.69004,0
ILSVRC2012_val_00000476_with_ILSVRC2012_val_00003969_rank568,964,455,0.40938,72
ILSVRC2012_val_00000476_with_ILSVRC2012_val_00000130_rank933,283,283,0.28879,0
ILSVRC2012_val_00000476_with_ILSVRC2012_val_00016358_rank716,899,725,0.61964,1
ILSVRC2012_val_00000476_with_ILSVRC2012_val_00033912_rank146,75,75,0.84334,0
ILSVRC2012_val_00000476_with_ILSVRC2012_val_00048981_rank972,740,784,0.49993,1
ILSVRC2012_val_00000476_with_ILSVRC2012_val_00006802_rank859,578,133,0.15653,254
ILSVRC2012_val_00000476_with_ILSVRC2012_val_00023488_rank682,26,26,0.7528,0
ILSVRC2012_val_00000476_with_ILSVRC2012_val_00044639_rank091,205,208,0.40338,5
ILSVRC2012_val_00000476_with_ILSVRC2012_val_00048940_rank734,296,296,0.14176,0
ILSVRC2012_val_00000476_with_ILSVRC2012_val_00011954_rank728,732,732,0.7246,0
ILSVRC2012_val_00000476_with_ILSVRC2012_val_00005120_rank906,551,551,0.22674,0
ILSVRC2012_val_00000476_with_ILSVRC2012_val_00027829_rank361,60,58,0.63983,9
ILSVRC2012_val_00000476_with_ILSVRC2012_val_00020431_rank670,709,709,0.42525,0
ILSVRC2012_val_00000476_with_ILSVRC2012_val_00043050_rank091,205,205,0.84064,0
ILSVRC2012_val_00000476_with_ILSVRC2012_val_00002577_rank783,632,632,0.61138,0
ILSVRC2012_val_00000476_with_ILSVRC2012_val_00004729_rank792,604,604,0.90451,0
ILSVRC2012_val_00000476_with_ILSVRC2012_val_00004831_rank444,627,627,0.76729,0
ILSVRC2012_val_00000476_with_ILSVRC2012_val_00026102_rank622,333,333,0.72315,0
ILSVRC2012_val_00000476_with_ILSVRC2012_val_00045069_rank679,505,725,0.4735,4
ILSVRC2012_val_00000476_with_ILSVRC2012_val_00017442_rank213,210,210,0.41592,0
ILSVRC2012_val_00000476_with_ILSVRC2012_val_00044510_rank942,451,451,0.41884,0
ILSVRC2012_val_00000476_with_ILSVRC2012_val_00008441_rank543,188,188,0.718,0
ILSVRC2012_val_00000476_with_ILSVRC2012_val_00016415_rank720,345,345,0.27403,0
ILSVRC2012_val_00000476_with_ILSVRC2012_val_00047763_rank650,890,890,0.88126,0
ILSVRC2012_val_00000476_with_ILSVRC2012_val_00006007_rank740,1,59,0.26316,229
ILSVRC2012_val_00000476_with_ILSVRC2012_val_00042142_rank124,40,40,0.49538,0
ILSVRC2012_val_00000476_with_ILSVRC2012_val_00047585_rank166,197,197,0.65128,0
ILSVRC2012_val_00000476_with_ILSVRC2012_val_00047764_rank232,694,694,0.81703,0
ILSVRC2012_val_00000476_with_ILSVRC2012_val_00042137_rank882,481,481,0.81685,0
ILSVRC2012_val_00000476_with_ILSVRC2012_val_00025408_rank617,669,669,0.70954,0
ILSVRC2012_val_00000476_with_ILSVRC2012_val_00000748_rank822,202,202,0.70565,0
ILSVRC2012_val_00000476_with_ILSVRC2012_val_00029297_rank054,86,86,0.61232,0
ILSVRC2012_val_00000476_with_ILSVRC2012_val_00016337_rank304,511,511,0.49966,0
ILSVRC2012_val_00000476_with_ILSVRC2012_val_00005057_rank596,539,539,0.80314,0
ILSVRC2012_val_00000476_with_ILSVRC2012_val_00040552_rank833,902,902,0.53475,0
ILSVRC2012_val_00000476_with_ILSVRC2012_val_00024199_rank542,617,728,0.54486,45
ILSVRC2012_val_00000476_with_ILSVRC2012_val_00040208_rank229,290,290,0.77664,0
ILSVRC2012_val_00000476_with_ILSVRC2012_val_00026107_rank928,462,462,0.54564,0
ILSVRC2012_val_00000476_with_ILSVRC2012_val_00023598_rank172,280,280,0.58369,0
ILSVRC2012_val_00000476_with_ILSVRC2012_val_00045014_rank205,557,801,0.13505,567
ILSVRC2012_val_00000476_with_ILSVRC2012_val_00001395_rank831,797,129,0.25378,463
ILSVRC2012_val_00000476_with_ILSVRC2012_val_00048149_rank538,892,426,0.07339,2
ILSVRC2012_val_00000476_with_ILSVRC2012_val_00003875_rank550,110,115,0.36965,1
ILSVRC2012_val_00000476_with_ILSVRC2012_val_00025446_rank850,994,994,0.83426,0
ILSVRC2012_val_00000476_with_ILSVRC2012_val_00028583_rank504,287,287,0.7616,0
ILSVRC2012_val_00000476_with_ILSVRC2012_val_00040023_rank899,662,662,0.67171,0
ILSVRC2012_val_00000476_with_ILSVRC2012_val_00014389_rank554,337,337,0.76788,0
ILSVRC2012_val_00000476_with_ILSVRC2012_val_00040556_rank291,268,268,0.78783,0
ILSVRC2012_val_00000476_with_ILSVRC2012_val_00032201_rank406,564,669,0.47385,1
ILSVRC2012_val_00000476_with_ILSVRC2012_val_00044680_rank261,992,992,0.72994,0
ILSVRC2012_val_00000476_with_ILSVRC2012_val_00033163_rank185,990,840,0.2635,909
ILSVRC2012_val_00000476_with_ILSVRC2012_val_00036002_rank210,164,164,0.83357,0
ILSVRC2012_val_00000476_with_ILSVRC2012_val_00023335_rank158,425,448,0.40648,18
ILSVRC2012_val_00000476_with_ILSVRC2012_val_00028010_rank948,247,247,0.67593,0
ILSVRC2012_val_00000476_with_ILSVRC2012_val_00047332_rank519,757,757,0.75822,0
ILSVRC2012_val_00000476_with_ILSVRC2012_val_00009464_rank206,267,267,0.68699,0
ILSVRC2012_val_00000476_with_ILSVRC2012_val_00017201_rank121,458,458,0.83866,0
ILSVRC2012_val_00000476_with_ILSVRC2012_val_00017538_rank577,717,717,0.74087,0
ILSVRC2012_val_00000476_with_ILSVRC2012_val_00010952_rank217,307,307,0.6065,0
ILSVRC2012_val_00000476_with_ILSVRC2012_val_00039116_rank462,652,652,0.77331,0
ILSVRC2012_val_00000476_with_ILSVRC2012_val_00004560_rank166,197,197,0.88973,0
ILSVRC2012_val_00000476_with_ILSVRC2012_val_00043800_rank301,913,413,0.10393,296
ILSVRC2012_val_00000476_with_ILSVRC2012_val_00043489_rank612,698,698,0.27831,0
ILSVRC2012_val_00000476_with_ILSVRC2012_val_00014115_rank131,245,245,0.78191,0
ILSVRC2012_val_00000476_with_ILSVRC2012_val_00042613_rank660,636,636,0.27413,0
ILSVRC2012_val_00000476_with_ILSVRC2012_val_00020924_rank964,765,559,0.2202,1
ILSVRC2012_val_00000476_with_ILSVRC2012_val_00000163_rank819,647,647,0.86354,0
ILSVRC2012_val_00000476_with_ILSVRC2012_val_00007172_rank277,142,142,0.79172,0
ILSVRC2012_val_00000476_with_ILSVRC2012_val_00001152_rank322,260,260,0.67739,0
ILSVRC2012_val_00000476_with_ILSVRC2012_val_00024104_rank778,577,577,0.74524,0
ILSVRC2012_val_00000476_with_ILSVRC2012_val_00037731_rank154,299,299,0.46986,0
ILSVRC2012_val_00000476_with_ILSVRC2012_val_00028220_rank407,291,291,0.76845,0
ILSVRC2012_val_00000476_with_ILSVRC2012_val_00011566_rank573,708,693,0.48509,320
ILSVRC2012_val_00000476_with_ILSVRC2012_val_00022003_rank156,41,58,0.48395,41
ILSVRC2012_val_00000476_with_ILSVRC2012_val_00043241_rank041,82,82,0.70311,0
ILSVRC2012_val_00000476_with_ILSVRC2012_val_00004640_rank850,994,114,0.2869,8
ILSVRC2012_val_00000476_with_ILSVRC2012_val_00038705_rank316,177,177,0.83515,0
ILSVRC2012_val_00000476_with_ILSVRC2012_val_00037922_rank650,890,720,0.14079,352
ILSVRC2012_val_00000476_with_ILSVRC2012_val_00023963_rank861,761,761,0.37192,0
ILSVRC2012_val_00000476_with_ILSVRC2012_val_00042211_rank083,384,384,0.7488,0
ILSVRC2012_val_00000476_with_ILSVRC2012_val_00040798_rank364,391,391,0.81203,0
ILSVRC2012_val_00000476_with_ILSVRC2012_val_00023518_rank307,987,987,0.08875,0
ILSVRC2012_val_00000476_with_ILSVRC2012_val_00029849_rank911,867,867,0.75614,0
ILSVRC2012_val_00000476_with_ILSVRC2012_val_00002678_rank321,147,147,0.67424,0
ILSVRC2012_val_00000476_with_ILSVRC2012_val_00020815_rank871,185,187,0.42079,5
ILSVRC2012_val_00000476_with_ILSVRC2012_val_00047226_rank639,108,108,0.75611,0
ILSVRC2012_val_00000476_with_ILSVRC2012_val_00004622_rank094,39,39,0.81843,0
ILSVRC2012_val_00000476_with_ILSVRC2012_val_00000075_rank012,80,80,0.82002,0
ILSVRC2012_val_00000476_with_ILSVRC2012_val_00006126_rank667,928,960,0.32098,1
ILSVRC2012_val_00000476_with_ILSVRC2012_val_00019950_rank584,453,453,0.2573,0
ILSVRC2012_val_00000476_with_ILSVRC2012_val_00018259_rank984,678,559,0.44003,303
ILSVRC2012_val_00000476_with_ILSVRC2012_val_00003883_rank466,903,365,0.56675,354
ILSVRC2012_val_00000476_with_ILSVRC2012_val_00048944_rank296,630,630,0.64928,0
ILSVRC2012_val_00000476_with_ILSVRC2012_val_00017843_rank341,466,466,0.54143,0
ILSVRC2012_val_00000476_with_ILSVRC2012_val_00045861_rank543,188,188,0.75964,0
ILSVRC2012_val_00000476_with_ILSVRC2012_val_00049344_rank586,163,165,0.59425,2
ILSVRC2012_val_00000476_with_ILSVRC2012_val_00048116_rank321,147,147,0.29189,0
ILSVRC2012_val_00000476_with_ILSVRC2012_val_00028830_rank651,615,619,0.33724,749
ILSVRC2012_val_00000476_with_ILSVRC2012_val_00015704_rank737,365,8,0.67154,96
ILSVRC2012_val_00000476_with_ILSVRC2012_val_00036786_rank671,681,594,0.81398,128
ILSVRC2012_val_00000476_with_ILSVRC2012_val_00007419_rank212,271,271,0.71638,0
ILSVRC2012_val_00000476_with_ILSVRC2012_val_00043090_rank151,284,284,0.63494,0
ILSVRC2012_val_00000476_with_ILSVRC2012_val_00038203_rank178,372,372,0.80281,0
ILSVRC2012_val_00000476_with_ILSVRC2012_val_00017945_rank393,780,780,0.80208,0
ILSVRC2012_val_00000476_with_ILSVRC2012_val_00048833_rank902,937,937,0.846,0
ILSVRC2012_val_00000476_with_ILSVRC2012_val_00045328_rank262,560,560,0.8572,0
ILSVRC2012_val_00000476_with_ILSVRC2012_val_00030567_rank188,162,162,0.84545,0
ILSVRC2012_val_00000476_with_ILSVRC2012_val_00005189_rank828,181,181,0.75491,0
ILSVRC2012_val_00000476_with_ILSVRC2012_val_00049229_rank182,166,172,0.34262,21
ILSVRC2012_val_00000476_with_ILSVRC2012_val_00005482_rank174,300,300,0.80658,0
ILSVRC2012_val_00000476_with_ILSVRC2012_val_00047343_rank261,992,992,0.72246,0
ILSVRC2012_val_00000476_with_ILSVRC2012_val_00013151_rank060,369,369,0.18002,0
ILSVRC2012_val_00000476_with_ILSVRC2012_val_00021513_rank450,317,317,0.7431,0
ILSVRC2012_val_00000476_with_ILSVRC2012_val_00021499_rank045,321,321,0.8057,0
ILSVRC2012_val_00000476_with_ILSVRC2012_val_00002857_rank060,369,369,0.75998,0
ILSVRC2012_val_00000476_with_ILSVRC2012_val_00010669_rank750,34,34,0.82477,0
ILSVRC2012_val_00000476_with_ILSVRC2012_val_00046307_rank033,92,92,0.89241,0
ILSVRC2012_val_00000476_with_ILSVRC2012_val_00043019_rank805,776,763,0.18329,29
ILSVRC2012_val_00000476_with_ILSVRC2012_val_00045096_rank300,234,234,0.78443,0
ILSVRC2012_val_00000476_with_ILSVRC2012_val_00047777_rank245,956,956,0.87161,0
ILSVRC2012_val_00000476_with_ILSVRC2012_val_00031053_rank385,77,133,0.12372,98
ILSVRC2012_val_00000476_with_ILSVRC2012_val_00004138_rank907,461,461,0.45866,0
ILSVRC2012_val_00000476_with_ILSVRC2012_val_00006695_rank962,683,845,0.19087,35
ILSVRC2012_val_00000476_with_ILSVRC2012_val_00009570_rank441,158,158,0.63618,0
ILSVRC2012_val_00000476_with_ILSVRC2012_val_00044830_rank666,917,917,0.13443,0
ILSVRC2012_val_00000476_with_ILSVRC2012_val_00020795_rank710,122,124,0.55266,2
ILSVRC2012_val_00000476_with_ILSVRC2012_val_00004643_rank071,277,278,0.62633,1
ILSVRC2012_val_00000476_with_ILSVRC2012_val_00014708_rank921,332,332,0.58678,0
ILSVRC2012_val_00000476_with_ILSVRC2012_val_00021013_rank684,546,546,0.67456,0
ILSVRC2012_val_00000476_with_ILSVRC2012_val_00038630_rank427,592,592,0.92549,0
ILSVRC2012_val_00000476_with_ILSVRC2012_val_00042231_rank815,354,354,0.6805,0
ILSVRC2012_val_00000476_with_ILSVRC2012_val_00022418_rank098,129,129,0.77744,0
ILSVRC2012_val_00000476_with_ILSVRC2012_val_00007653_rank650,890,890,0.69225,0
ILSVRC2012_val_00000476_with_ILSVRC2012_val_00003629_rank397,572,572,0.62864,0
ILSVRC2012_val_00000476_with_ILSVRC2012_val_00040804_rank518,953,7,0.33782,25
ILSVRC2012_val_00000476_with_ILSVRC2012_val_00012630_rank979,996,996,0.72344,0
ILSVRC2012_val_00000476_with_ILSVRC2012_val_00005888_rank184,950,950,0.79295,0
ILSVRC2012_val_00000476_with_ILSVRC2012_val_00043347_rank902,937,937,0.83259,0
ILSVRC2012_val_00000476_with_ILSVRC2012_val_00000319_rank087,102,102,0.7584,0
ILSVRC2012_val_00000476_with_ILSVRC2012_val_00012813_rank560,834,518,0.07985,353
ILSVRC2012_val_00000476_with_ILSVRC2012_val_00023197_rank608,853,853,0.61312,0
ILSVRC2012_val_00000476_with_ILSVRC2012_val_00005874_rank677,597,597,0.79886,0
ILSVRC2012_val_00000476_with_ILSVRC2012_val_00026559_rank656,891,891,0.75534,0
ILSVRC2012_val_00000476_with_ILSVRC2012_val_00001408_rank243,246,246,0.15213,0
ILSVRC2012_val_00000476_with_ILSVRC2012_val_00037148_rank886,881,687,0.29596,2
ILSVRC2012_val_00000476_with_ILSVRC2012_val_00047861_rank904,827,637,0.48571,123
ILSVRC2012_val_00000476_with_ILSVRC2012_val_00003713_rank626,862,862,0.23672,0
ILSVRC2012_val_00000476_with_ILSVRC2012_val_00018111_rank550,110,110,0.37494,0
ILSVRC2012_val_00000476_with_ILSVRC2012_val_00000886_rank912,940,940,0.78198,0
ILSVRC2012_val_00000476_with_ILSVRC2012_val_00046104_rank588,829,829,0.76879,0
ILSVRC2012_val_00000476_with_ILSVRC2012_val_00001525_rank160,657,693,0.18265,419
ILSVRC2012_val_00000476_with_ILSVRC2012_val_00046668_rank065,295,295,0.62591,0
ILSVRC2012_val_00000476_with_ILSVRC2012_val_00022882_rank903,194,194,0.51185,0
ILSVRC2012_val_00000476_with_ILSVRC2012_val_00005798_rank744,817,581,0.65849,4
ILSVRC2012_val_00000476_with_ILSVRC2012_val_00006666_rank447,269,269,0.64469,0
ILSVRC2012_val_00000476_with_ILSVRC2012_val_00020808_rank462,652,652,0.90938,0
ILSVRC2012_val_00000476_with_ILSVRC2012_val_00034030_rank492,685,685,0.73116,0
ILSVRC2012_val_00000476_with_ILSVRC2012_val_00034594_rank892,513,513,0.61666,0
ILSVRC2012_val_00000476_with_ILSVRC2012_val_00043849_rank831,797,703,0.21577,571
ILSVRC2012_val_00000476_with_ILSVRC2012_val_00009984_rank455,208,208,0.85818,0
ILSVRC2012_val_00000476_with_ILSVRC2012_val_00039750_rank801,515,515,0.65079,0
ILSVRC2012_val_00000476_with_ILSVRC2012_val_00028991_rank224,328,328,0.62524,0
ILSVRC2012_val_00000476_with_ILSVRC2012_val_00038976_rank356,285,282,0.21468,2
ILSVRC2012_val_00000476_with_ILSVRC2012_val_00008933_rank232,694,694,0.72519,0
ILSVRC2012_val_00000476_with_ILSVRC2012_val_00021305_rank141,83,83,0.77583,0
ILSVRC2012_val_00000476_with_ILSVRC2012_val_00046206_rank564,212,212,0.84682,0
ILSVRC2012_val_00000476_with_ILSVRC2012_val_00008134_rank060,369,369,0.65362,0
ILSVRC2012_val_00000476_with_ILSVRC2012_val_00013414_rank243,246,246,0.61236,0
ILSVRC2012_val_00000476_with_ILSVRC2012_val_00038499_rank499,758,870,0.14836,35
ILSVRC2012_val_00000476_with_ILSVRC2012_val_00041504_rank723,722,722,0.41543,0
ILSVRC2012_val_00000476_with_ILSVRC2012_val_00007757_rank686,125,125,0.7878,0
ILSVRC2012_val_00000476_with_ILSVRC2012_val_00018767_rank209,171,171,0.76473,0
ILSVRC2012_val_00000476_with_ILSVRC2012_val_00033336_rank506,959,959,0.55131,0
ILSVRC2012_val_00000476_with_ILSVRC2012_val_00041182_rank930,693,758,0.24785,20
ILSVRC2012_val_00000476_with_ILSVRC2012_val_00037926_rank267,988,988,0.77515,0
ILSVRC2012_val_00000476_with_ILSVRC2012_val_00032902_rank865,78,78,0.75692,0
ILSVRC2012_val_00000476_with_ILSVRC2012_val_00027900_rank521,930,934,0.07716,4
ILSVRC2012_val_00000476_with_ILSVRC2012_val_00049621_rank087,102,102,0.85242,0
ILSVRC2012_val_00000476_with_ILSVRC2012_val_00045148_rank895,436,609,0.40035,8
ILSVRC2012_val_00000476_with_ILSVRC2012_val_00019391_rank208,270,270,0.72471,0
ILSVRC2012_val_00000476_with_ILSVRC2012_val_00028361_rank389,893,748,0.51326,1
ILSVRC2012_val_00000476_with_ILSVRC2012_val_00036187_rank237,574,574,0.84522,0
ILSVRC2012_val_00000476_with_ILSVRC2012_val_00012445_rank836,576,576,0.80715,0
ILSVRC2012_val_00000476_with_ILSVRC2012_val_00025665_rank208,270,270,0.73655,0
ILSVRC2012_val_00000476_with_ILSVRC2012_val_00005316_rank299,924,923,0.22828,5
ILSVRC2012_val_00000476_with_ILSVRC2012_val_00006146_rank271,155,155,0.61424,0
ILSVRC2012_val_00000476_with_ILSVRC2012_val_00007901_rank861,761,761,0.81474,0
ILSVRC2012_val_00000476_with_ILSVRC2012_val_00001451_rank279,565,565,0.81975,0
ILSVRC2012_val_00000476_with_ILSVRC2012_val_00044156_rank490,905,905,0.43814,0
ILSVRC2012_val_00000476_with_ILSVRC2012_val_00048663_rank115,223,223,0.53808,0
ILSVRC2012_val_00000476_with_ILSVRC2012_val_00016775_rank639,108,108,0.57949,0
ILSVRC2012_val_00000476_with_ILSVRC2012_val_00035494_rank996,292,292,0.6803,0
ILSVRC2012_val_00000476_with_ILSVRC2012_val_00043588_rank108,825,825,0.34153,0
ILSVRC2012_val_00000476_with_ILSVRC2012_val_00024349_rank233,351,352,0.67884,1
ILSVRC2012_val_00000476_with_ILSVRC2012_val_00032389_rank013,23,23,0.7219,0
ILSVRC2012_val_00000476_with_ILSVRC2012_val_00047331_rank871,185,185,0.68232,0
ILSVRC2012_val_00000476_with_ILSVRC2012_val_00042193_rank072,133,133,0.73273,0
ILSVRC2012_val_00000476_with_ILSVRC2012_val_00013501_rank505,258,258,0.81586,0
ILSVRC2012_val_00000476_with_ILSVRC2012_val_00043008_rank396,229,229,0.24799,0
ILSVRC2012_val_00000476_with_ILSVRC2012_val_00048164_rank853,741,887,0.16965,5
ILSVRC2012_val_00000476_with_ILSVRC2012_val_00026950_rank839,408,408,0.84403,0
ILSVRC2012_val_00000476_with_ILSVRC2012_val_00021066_rank274,288,288,0.77696,0
ILSVRC2012_val_00000476_with_ILSVRC2012_val_00039429_rank561,769,623,0.24468,10
ILSVRC2012_val_00000476_with_ILSVRC2012_val_00047983_rank266,150,131,0.52827,211
ILSVRC2012_val_00000476_with_ILSVRC2012_val_00037420_rank008,19,19,0.59566,0
ILSVRC2012_val_00000476_with_ILSVRC2012_val_00039175_rank839,408,408,0.11103,0
ILSVRC2012_val_00000476_with_ILSVRC2012_val_00031858_rank195,704,704,0.70397,0
ILSVRC2012_val_00000476_with_ILSVRC2012_val_00032979_rank826,394,394,0.84975,0
ILSVRC2012_val_00000476_with_ILSVRC2012_val_00008848_rank711,2,129,0.10996,77
ILSVRC2012_val_00000476_with_ILSVRC2012_val_00016997_rank111,919,919,0.8447,0
ILSVRC2012_val_00000476_with_ILSVRC2012_val_00010204_rank427,592,592,0.75662,0
ILSVRC2012_val_00000476_with_ILSVRC2012_val_00004001_rank043,138,138,0.45941,0
ILSVRC2012_val_00000476_with_ILSVRC2012_val_00015814_rank764,791,791,0.74243,0
ILSVRC2012_val_00000476_with_ILSVRC2012_val_00000103_rank197,872,872,0.75884,0
ILSVRC2012_val_00000476_with_ILSVRC2012_val_00015352_rank918,859,859,0.81918,0
ILSVRC2012_val_00000476_with_ILSVRC2012_val_00034141_rank819,647,647,0.85985,0
ILSVRC2012_val_00000476_with_ILSVRC2012_val_00005740_rank347,510,510,0.76261,0
ILSVRC2012_val_00000476_with_ILSVRC2012_val_00013052_rank340,297,297,0.76511,0
ILSVRC2012_val_00000476_with_ILSVRC2012_val_00014198_rank745,660,609,0.65738,99
ILSVRC2012_val_00000476_with_ILSVRC2012_val_00035715_rank733,432,845,0.15477,74
ILSVRC2012_val_00000476_with_ILSVRC2012_val_00042425_rank536,443,443,0.8687,0
ILSVRC2012_val_00000476_with_ILSVRC2012_val_00048834_rank213,210,210,0.6385,0
ILSVRC2012_val_00000476_with_ILSVRC2012_val_00037158_rank707,771,771,0.4236,0
ILSVRC2012_val_00000476_with_ILSVRC2012_val_00038212_rank181,951,950,0.59313,1
ILSVRC2012_val_00000476_with_ILSVRC2012_val_00040443_rank887,680,137,0.12168,863
ILSVRC2012_val_00000476_with_ILSVRC2012_val_00016853_rank323,358,358,0.56502,0
ILSVRC2012_val_00000476_with_ILSVRC2012_val_00034356_rank586,163,163,0.89494,0
ILSVRC2012_val_00000476_with_ILSVRC2012_val_00015180_rank689,529,131,0.40867,764
ILSVRC2012_val_00000476_with_ILSVRC2012_val_00037112_rank895,436,609,0.36884,8
ILSVRC2012_val_00000476_with_ILSVRC2012_val_00032364_rank433,883,898,0.56178,41
ILSVRC2012_val_00000476_with_ILSVRC2012_val_00021062_rank057,895,131,0.05398,158
ILSVRC2012_val_00000476_with_ILSVRC2012_val_00039287_rank714,623,693,0.25244,68
ILSVRC2012_val_00000476_with_ILSVRC2012_val_00019097_rank275,67,67,0.61801,0
ILSVRC2012_val_00000476_with_ILSVRC2012_val_00026577_rank591,468,468,0.91157,0
ILSVRC2012_val_00000476_with_ILSVRC2012_val_00027065_rank795,861,792,0.20934,156
ILSVRC2012_val_00000476_with_ILSVRC2012_val_00028577_rank775,54,54,0.683,0
ILSVRC2012_val_00000476_with_ILSVRC2012_val_00048523_rank146,75,75,0.83376,0
ILSVRC2012_val_00000476_with_ILSVRC2012_val_00004627_rank044,100,100,0.83072,0
ILSVRC2012_val_00000476_with_ILSVRC2012_val_00003372_rank240,475,475,0.71448,0
ILSVRC2012_val_00000476_with_ILSVRC2012_val_00015096_rank434,204,204,0.56886,0
ILSVRC2012_val_00000476_with_ILSVRC2012_val_00037603_rank846,593,593,0.87901,0
ILSVRC2012_val_00000476_with_ILSVRC2012_val_00021414_rank644,558,703,0.10459,115
ILSVRC2012_val_00000476_with_ILSVRC2012_val_00028999_rank532,794,858,0.16732,157
ILSVRC2012_val_00000476_with_ILSVRC2012_val_00015507_rank839,408,408,0.39566,0
ILSVRC2012_val_00000476_with_ILSVRC2012_val_00043953_rank559,512,512,0.85553,0
ILSVRC2012_val_00000476_with_ILSVRC2012_val_00004466_rank584,453,453,0.90653,0
ILSVRC2012_val_00000476_with_ILSVRC2012_val_00030655_rank739,775,893,0.39352,216
ILSVRC2012_val_00000476_with_ILSVRC2012_val_00020565_rank307,987,987,0.56347,0
ILSVRC2012_val_00000476_with_ILSVRC2012_val_00008373_rank332,397,397,0.78846,0
ILSVRC2012_val_00000476_with_ILSVRC2012_val_00043089_rank455,208,208,0.7064,0
ILSVRC2012_val_00000476_with_ILSVRC2012_val_00003668_rank749,841,841,0.24894,0
ILSVRC2012_val_00000476_with_ILSVRC2012_val_00002215_rank647,727,727,0.77734,0
ILSVRC2012_val_00000476_with_ILSVRC2012_val_00035951_rank853,741,741,0.86245,0
ILSVRC2012_val_00000476_with_ILSVRC2012_val_00002424_rank379,832,133,0.22608,463
ILSVRC2012_val_00000476_with_ILSVRC2012_val_00004428_rank522,949,949,0.7654,0
ILSVRC2012_val_00000476_with_ILSVRC2012_val_00026259_rank019,14,14,0.67003,0
ILSVRC2012_val_00000476_with_ILSVRC2012_val_00012572_rank452,868,899,0.17638,24
ILSVRC2012_val_00000476_with_ILSVRC2012_val_00004355_rank159,378,378,0.85925,0
ILSVRC2012_val_00000476_with_ILSVRC2012_val_00007018_rank376,586,586,0.72833,0
ILSVRC2012_val_00000476_with_ILSVRC2012_val_00014386_rank514,160,160,0.88921,0
ILSVRC2012_val_00000476_with_ILSVRC2012_val_00005318_rank405,945,945,0.82837,0
ILSVRC2012_val_00000476_with_ILSVRC2012_val_00015800_rank092,278,278,0.74532,0
ILSVRC2012_val_00000476_with_ILSVRC2012_val_00005768_rank736,32,32,0.74406,0
ILSVRC2012_val_00000476_with_ILSVRC2012_val_00028533_rank450,317,317,0.81995,0
ILSVRC2012_val_00000476_with_ILSVRC2012_val_00020813_rank297,863,863,0.75873,0
ILSVRC2012_val_00000476_with_ILSVRC2012_val_00011173_rank565,575,575,0.92375,0
ILSVRC2012_val_00000476_with_ILSVRC2012_val_00007906_rank599,186,186,0.86916,0
ILSVRC2012_val_00000476_with_ILSVRC2012_val_00034020_rank580,70,312,0.43579,9
ILSVRC2012_val_00000476_with_ILSVRC2012_val_00037710_rank074,98,137,0.66591,2
ILSVRC2012_val_00000476_with_ILSVRC2012_val_00014323_rank612,698,698,0.63889,0
ILSVRC2012_val_00000476_with_ILSVRC2012_val_00008021_rank917,470,470,0.92363,0
ILSVRC2012_val_00000476_with_ILSVRC2012_val_00015396_rank388,411,747,0.10493,269
ILSVRC2012_val_00000476_with_ILSVRC2012_val_00049337_rank466,903,130,0.8322,139
ILSVRC2012_val_00000476_with_ILSVRC2012_val_00001144_rank512,569,569,0.70049,0
ILSVRC2012_val_00000476_with_ILSVRC2012_val_00015101_rank555,876,463,0.07918,4
ILSVRC2012_val_00000476_with_ILSVRC2012_val_00048941_rank531,792,792,0.14153,0
ILSVRC2012_val_00000476_with_ILSVRC2012_val_00041881_rank018,127,127,0.72079,0
ILSVRC2012_val_00000476_with_ILSVRC2012_val_00028589_rank515,816,816,0.76191,0
ILSVRC2012_val_00000476_with_ILSVRC2012_val_00022604_rank869,772,758,0.46699,199
ILSVRC2012_val_00000476_with_ILSVRC2012_val_00019326_rank1000,588,588,0.42434,0
ILSVRC2012_val_00000476_with_ILSVRC2012_val_00045879_rank130,381,379,0.06742,2
ILSVRC2012_val_00000476_with_ILSVRC2012_val_00018827_rank970,216,216,0.79186,0
ILSVRC2012_val_00000476_with_ILSVRC2012_val_00039794_rank410,206,206,0.75964,0
ILSVRC2012_val_00000476_with_ILSVRC2012_val_00039107_rank183,989,989,0.53054,0
ILSVRC2012_val_00000476_with_ILSVRC2012_val_00022096_rank729,995,995,0.9157,0
ILSVRC2012_val_00000476_with_ILSVRC2012_val_00011902_rank049,348,348,0.74726,0
ILSVRC2012_val_00000476_with_ILSVRC2012_val_00035891_rank171,224,224,0.65815,0
ILSVRC2012_val_00000476_with_ILSVRC2012_val_00008116_rank477,663,442,0.20815,8
ILSVRC2012_val_00000476_with_ILSVRC2012_val_00040378_rank768,882,882,0.46502,0
ILSVRC2012_val_00000476_with_ILSVRC2012_val_00047697_rank853,741,741,0.6091,0
ILSVRC2012_val_00000476_with_ILSVRC2012_val_00032139_rank169,115,115,0.68376,0
ILSVRC2012_val_00000476_with_ILSVRC2012_val_00029404_rank427,592,592,0.66237,0
ILSVRC2012_val_00000476_with_ILSVRC2012_val_00026156_rank528,376,376,0.51276,0
ILSVRC2012_val_00000476_with_ILSVRC2012_val_00044812_rank621,735,8,0.16534,382
ILSVRC2012_val_00000476_with_ILSVRC2012_val_00027243_rank861,761,596,0.12118,470
ILSVRC2012_val_00000476_with_ILSVRC2012_val_00015450_rank026,134,134,0.775,0
ILSVRC2012_val_00000476_with_ILSVRC2012_val_00013338_rank066,383,137,0.12623,119
ILSVRC2012_val_00000476_with_ILSVRC2012_val_00020809_rank947,341,341,0.81705,0
ILSVRC2012_val_00000476_with_ILSVRC2012_val_00046970_rank743,450,450,0.70417,0
ILSVRC2012_val_00000476_with_ILSVRC2012_val_00010935_rank613,721,464,0.31903,103
ILSVRC2012_val_00000476_with_ILSVRC2012_val_00018942_rank413,218,218,0.44004,0
ILSVRC2012_val_00000476_with_ILSVRC2012_val_00042762_rank988,969,463,0.75991,582
ILSVRC2012_val_00000476_with_ILSVRC2012_val_00025255_rank643,923,816,0.23217,297
ILSVRC2012_val_00000476_with_ILSVRC2012_val_00019995_rank820,869,869,0.24216,0
ILSVRC2012_val_00000476_with_ILSVRC2012_val_00023035_rank303,764,764,0.44632,0
ILSVRC2012_val_00000476_with_ILSVRC2012_val_00010082_rank270,237,237,0.72011,0
ILSVRC2012_val_00000476_with_ILSVRC2012_val_00026895_rank581,673,791,0.25872,897
ILSVRC2012_val_00000476_with_ILSVRC2012_val_00004991_rank084,985,716,0.89762,18
ILSVRC2012_val_00000476_with_ILSVRC2012_val_00009236_rank619,802,97,0.20497,136
ILSVRC2012_val_00000476_with_ILSVRC2012_val_00042919_rank584,453,454,0.18482,4
ILSVRC2012_val_00000476_with_ILSVRC2012_val_00019202_rank217,307,307,0.67824,0
ILSVRC2012_val_00000476_with_ILSVRC2012_val_00019915_rank699,925,925,0.48867,0
ILSVRC2012_val_00000476_with_ILSVRC2012_val_00047276_rank069,152,152,0.6993,0
ILSVRC2012_val_00000476_with_ILSVRC2012_val_00036365_rank089,379,378,0.26668,2
ILSVRC2012_val_00000476_with_ILSVRC2012_val_00032959_rank055,217,217,0.75963,0
ILSVRC2012_val_00000476_with_ILSVRC2012_val_00027582_rank786,327,327,0.6647,0
ILSVRC2012_val_00000476_with_ILSVRC2012_val_00037015_rank680,822,822,0.85291,0
ILSVRC2012_val_00000476_with_ILSVRC2012_val_00025738_rank358,63,63,0.59698,0
ILSVRC2012_val_00000476_with_ILSVRC2012_val_00020600_rank298,777,472,0.19714,133
ILSVRC2012_val_00000476_with_ILSVRC2012_val_00018618_rank429,44,46,0.91615,3
ILSVRC2012_val_00000476_with_ILSVRC2012_val_00023308_rank374,30,30,0.72327,0
ILSVRC2012_val_00000476_with_ILSVRC2012_val_00039817_rank731,549,458,0.2529,149
ILSVRC2012_val_00000476_with_ILSVRC2012_val_00023484_rank654,751,751,0.52609,0
ILSVRC2012_val_00000476_with_ILSVRC2012_val_00029113_rank965,710,893,0.1774,37
ILSVRC2012_val_00000476_with_ILSVRC2012_val_00034361_rank616,679,92,0.10753,230
ILSVRC2012_val_00000476_with_ILSVRC2012_val_00026494_rank360,403,403,0.60418,0
ILSVRC2012_val_00000476_with_ILSVRC2012_val_00023514_rank191,366,366,0.7863,0
ILSVRC2012_val_00000476_with_ILSVRC2012_val_00025502_rank587,935,935,0.47072,0
ILSVRC2012_val_00000476_with_ILSVRC2012_val_00019837_rank264,407,407,0.81148,0
ILSVRC2012_val_00000476_with_ILSVRC2012_val_00030355_rank897,502,502,0.76278,0
ILSVRC2012_val_00000476_with_ILSVRC2012_val_00037372_rank973,496,496,0.72837,0
ILSVRC2012_val_00000476_with_ILSVRC2012_val_00034454_rank441,158,237,0.27483,3
ILSVRC2012_val_00000476_with_ILSVRC2012_val_00043598_rank219,200,155,0.31539,2
ILSVRC2012_val_00000476_with_ILSVRC2012_val_00015539_rank546,965,965,0.50458,0
ILSVRC2012_val_00000476_with_ILSVRC2012_val_00002292_rank899,662,662,0.8882,0
ILSVRC2012_val_00000476_with_ILSVRC2012_val_00014276_rank516,713,742,0.66682,1
ILSVRC2012_val_00000476_with_ILSVRC2012_val_00037763_rank357,789,789,0.91035,0
ILSVRC2012_val_00000476_with_ILSVRC2012_val_00027004_rank875,482,481,0.29355,2
ILSVRC2012_val_00000476_with_ILSVRC2012_val_00004998_rank057,895,895,0.51168,0
ILSVRC2012_val_00000476_with_ILSVRC2012_val_00011985_rank069,152,152,0.70764,0
ILSVRC2012_val_00000476_with_ILSVRC2012_val_00041375_rank041,82,82,0.68314,0
ILSVRC2012_val_00000476_with_ILSVRC2012_val_00006741_rank232,694,694,0.78014,0
ILSVRC2012_val_00000476_with_ILSVRC2012_val_00047827_rank001,18,18,0.81082,0
ILSVRC2012_val_00000476_with_ILSVRC2012_val_00015788_rank388,411,411,0.49379,0
ILSVRC2012_val_00000476_with_ILSVRC2012_val_00006026_rank269,628,628,0.79816,0
ILSVRC2012_val_00000476_with_ILSVRC2012_val_00008712_rank088,387,387,0.79208,0
ILSVRC2012_val_00000476_with_ILSVRC2012_val_00007807_rank353,393,393,0.76291,0
ILSVRC2012_val_00000476_with_ILSVRC2012_val_00027587_rank652,889,784,0.20225,47
ILSVRC2012_val_00000476_with_ILSVRC2012_val_00016477_rank588,829,829,0.58979,0
ILSVRC2012_val_00000476_with_ILSVRC2012_val_00040095_rank114,471,471,0.2403,0
ILSVRC2012_val_00000476_with_ILSVRC2012_val_00013475_rank243,246,246,0.91125,0
ILSVRC2012_val_00000476_with_ILSVRC2012_val_00048445_rank103,25,25,0.71726,0
ILSVRC2012_val_00000476_with_ILSVRC2012_val_00008470_rank525,885,693,0.17906,970
ILSVRC2012_val_00000476_with_ILSVRC2012_val_00005537_rank974,747,412,0.14012,87
ILSVRC2012_val_00000476_with_ILSVRC2012_val_00040655_rank478,763,597,0.72411,1
ILSVRC2012_val_00000476_with_ILSVRC2012_val_00035540_rank004,13,10,0.52227,2
ILSVRC2012_val_00000476_with_ILSVRC2012_val_00045098_rank340,297,297,0.83716,0
ILSVRC2012_val_00000476_with_ILSVRC2012_val_00038475_rank364,391,391,0.79722,0
ILSVRC2012_val_00000476_with_ILSVRC2012_val_00033874_rank934,750,721,0.12207,3
ILSVRC2012_val_00000476_with_ILSVRC2012_val_00034672_rank409,528,528,0.84708,0
ILSVRC2012_val_00000476_with_ILSVRC2012_val_00015641_rank386,79,79,0.85841,0
ILSVRC2012_val_00000476_with_ILSVRC2012_val_00011797_rank319,723,723,0.90768,0
ILSVRC2012_val_00000476_with_ILSVRC2012_val_00027013_rank293,281,286,0.13735,8
ILSVRC2012_val_00000476_with_ILSVRC2012_val_00021480_rank833,902,902,0.99239,0
ILSVRC2012_val_00000476_with_ILSVRC2012_val_00004761_rank805,776,776,0.84431,0
ILSVRC2012_val_00000476_with_ILSVRC2012_val_00004870_rank212,271,269,0.27446,1
ILSVRC2012_val_00000476_with_ILSVRC2012_val_00018614_rank292,725,883,0.38172,2
ILSVRC2012_val_00000476_with_ILSVRC2012_val_00019236_rank029,11,11,0.86333,0
ILSVRC2012_val_00000476_with_ILSVRC2012_val_00026195_rank853,741,496,0.14662,27
ILSVRC2012_val_00000476_with_ILSVRC2012_val_00048727_rank010,136,136,0.81797,0
ILSVRC2012_val_00000476_with_ILSVRC2012_val_00011516_rank532,794,794,0.20658,0
ILSVRC2012_val_00000476_with_ILSVRC2012_val_00029270_rank973,496,674,0.31597,848
ILSVRC2012_val_00000476_with_ILSVRC2012_val_00041631_rank927,519,519,0.82682,0
ILSVRC2012_val_00000476_with_ILSVRC2012_val_00014441_rank249,199,199,0.71071,0
ILSVRC2012_val_00000476_with_ILSVRC2012_val_00047146_rank476,262,262,0.49136,0
ILSVRC2012_val_00000476_with_ILSVRC2012_val_00044955_rank560,834,879,0.35361,118
ILSVRC2012_val_00000476_with_ILSVRC2012_val_00012071_rank974,747,463,0.57809,91
ILSVRC2012_val_00000476_with_ILSVRC2012_val_00002047_rank664,991,991,0.8799,0
ILSVRC2012_val_00000476_with_ILSVRC2012_val_00042101_rank772,540,131,0.17683,301
ILSVRC2012_val_00000476_with_ILSVRC2012_val_00014059_rank786,327,327,0.80295,0
ILSVRC2012_val_00000476_with_ILSVRC2012_val_00049077_rank098,129,129,0.82719,0
ILSVRC2012_val_00000476_with_ILSVRC2012_val_00041910_rank360,403,403,0.20458,0
ILSVRC2012_val_00000476_with_ILSVRC2012_val_00048634_rank467,599,599,0.71878,0
ILSVRC2012_val_00000476_with_ILSVRC2012_val_00032383_rank889,596,596,0.9109,0
ILSVRC2012_val_00000476_with_ILSVRC2012_val_00029068_rank446,279,279,0.7199,0
ILSVRC2012_val_00000476_with_ILSVRC2012_val_00029461_rank339,239,239,0.56529,0
ILSVRC2012_val_00000476_with_ILSVRC2012_val_00023743_rank572,418,563,0.18375,1
ILSVRC2012_val_00000476_with_ILSVRC2012_val_00004503_rank097,87,87,0.61091,0
ILSVRC2012_val_00000476_with_ILSVRC2012_val_00019565_rank551,435,896,0.16218,2
ILSVRC2012_val_00000476_with_ILSVRC2012_val_00022767_rank024,84,84,0.74736,0
ILSVRC2012_val_00000476_with_ILSVRC2012_val_00032775_rank954,658,911,0.55387,4
ILSVRC2012_val_00000476_with_ILSVRC2012_val_00044314_rank189,316,316,0.75214,0
ILSVRC2012_val_00000476_with_ILSVRC2012_val_00034772_rank167,437,626,0.18657,184
ILSVRC2012_val_00000476_with_ILSVRC2012_val_00019634_rank696,600,58,0.10723,358
ILSVRC2012_val_00000476_with_ILSVRC2012_val_00014845_rank291,268,268,0.83348,0
ILSVRC2012_val_00000476_with_ILSVRC2012_val_00021015_rank017,22,22,0.82627,0
ILSVRC2012_val_00000476_with_ILSVRC2012_val_00030476_rank095,251,251,0.82897,0
ILSVRC2012_val_00000476_with_ILSVRC2012_val_00048653_rank759,843,843,0.72513,0
ILSVRC2012_val_00000476_with_ILSVRC2012_val_00033998_rank207,347,347,0.66662,0
ILSVRC2012_val_00000476_with_ILSVRC2012_val_00015176_rank413,218,215,0.74522,1
ILSVRC2012_val_00000476_with_ILSVRC2012_val_00019887_rank114,471,471,0.46847,0
ILSVRC2012_val_00000476_with_ILSVRC2012_val_00006368_rank628,934,934,0.35627,0
ILSVRC2012_val_00000476_with_ILSVRC2012_val_00029694_rank675,583,583,0.84408,0
ILSVRC2012_val_00000476_with_ILSVRC2012_val_00007901_rank497,485,761,0.84402,8
ILSVRC2012_val_00000476_with_ILSVRC2012_val_00016812_rank671,681,620,0.39631,1
ILSVRC2012_val_00000476_with_ILSVRC2012_val_00029912_rank666,917,917,0.34658,0
ILSVRC2012_val_00000476_with_ILSVRC2012_val_00002410_rank341,466,466,0.72783,0
ILSVRC2012_val_00000476_with_ILSVRC2012_val_00019152_rank429,44,44,0.79855,0
ILSVRC2012_val_00000476_with_ILSVRC2012_val_00019479_rank231,734,465,0.10822,29
ILSVRC2012_val_00000476_with_ILSVRC2012_val_00013313_rank416,589,589,0.86748,0
ILSVRC2012_val_00000476_with_ILSVRC2012_val_00034164_rank532,794,896,0.08398,11
ILSVRC2012_val_00000476_with_ILSVRC2012_val_00035702_rank677,597,456,0.38631,39
ILSVRC2012_val_00000476_with_ILSVRC2012_val_00015654_rank474,571,742,0.10342,281
ILSVRC2012_val_00000476_with_ILSVRC2012_val_00008228_rank130,381,381,0.88656,0
ILSVRC2012_val_00000476_with_ILSVRC2012_val_00025536_rank673,242,254,0.36725,25
ILSVRC2012_val_00000476_with_ILSVRC2012_val_00001115_rank487,962,539,0.29871,604
ILSVRC2012_val_00000476_with_ILSVRC2012_val_00034104_rank480,555,654,0.85666,34
ILSVRC2012_val_00000476_with_ILSVRC2012_val_00005880_rank424,329,329,0.4833,0
ILSVRC2012_val_00000476_with_ILSVRC2012_val_00026622_rank201,161,161,0.59973,0
ILSVRC2012_val_00000476_with_ILSVRC2012_val_00024662_rank462,652,131,0.48582,613
ILSVRC2012_val_00000476_with_ILSVRC2012_val_00005258_rank258,214,214,0.80627,0
ILSVRC2012_val_00000476_with_ILSVRC2012_val_00007379_rank208,270,270,0.76641,0
ILSVRC2012_val_00000476_with_ILSVRC2012_val_00001987_rank100,74,73,0.22838,2
ILSVRC2012_val_00000476_with_ILSVRC2012_val_00049223_rank590,469,674,0.22043,334
ILSVRC2012_val_00000476_with_ILSVRC2012_val_00012168_rank643,923,964,0.34069,10
ILSVRC2012_val_00000476_with_ILSVRC2012_val_00044683_rank759,843,843,0.33222,0
ILSVRC2012_val_00000476_with_ILSVRC2012_val_00041765_rank515,816,731,0.31147,12
ILSVRC2012_val_00000476_with_ILSVRC2012_val_00035597_rank206,267,267,0.35744,0
ILSVRC2012_val_00000476_with_ILSVRC2012_val_00023215_rank237,574,574,0.83865,0
ILSVRC2012_val_00000476_with_ILSVRC2012_val_00035508_rank894,842,463,0.2279,54
ILSVRC2012_val_00000476_with_ILSVRC2012_val_00001533_rank674,803,803,0.38921,0
ILSVRC2012_val_00000476_with_ILSVRC2012_val_00047947_rank522,949,949,0.45165,0
ILSVRC2012_val_00000476_with_ILSVRC2012_val_00034184_rank209,171,171,0.68708,0
ILSVRC2012_val_00000476_with_ILSVRC2012_val_00048173_rank621,735,501,0.66057,3
ILSVRC2012_val_00000476_with_ILSVRC2012_val_00031842_rank393,780,780,0.2861,0
ILSVRC2012_val_00000476_with_ILSVRC2012_val_00012505_rank631,532,730,0.33301,154
ILSVRC2012_val_00000476_with_ILSVRC2012_val_00000582_rank688,499,499,0.8751,0
ILSVRC2012_val_00000476_with_ILSVRC2012_val_00006739_rank369,724,724,0.09167,0
ILSVRC2012_val_00000476_with_ILSVRC2012_val_00027492_rank955,193,193,0.74949,0
ILSVRC2012_val_00000476_with_ILSVRC2012_val_00038984_rank233,351,134,0.08405,87
ILSVRC2012_val_00000476_with_ILSVRC2012_val_00028121_rank398,781,409,0.42588,21
ILSVRC2012_val_00000476_with_ILSVRC2012_val_00033218_rank135,42,42,0.75505,0
ILSVRC2012_val_00000476_with_ILSVRC2012_val_00022182_rank436,850,850,0.66689,0
ILSVRC2012_val_00000476_with_ILSVRC2012_val_00000366_rank757,465,465,0.69178,0
ILSVRC2012_val_00000476_with_ILSVRC2012_val_00048415_rank640,629,629,0.71592,0
ILSVRC2012_val_00000476_with_ILSVRC2012_val_00022147_rank912,940,940,0.72005,0
ILSVRC2012_val_00000476_with_ILSVRC2012_val_00038572_rank087,102,102,0.76355,0
ILSVRC2012_val_00000476_with_ILSVRC2012_val_00026398_rank304,511,511,0.36508,0
ILSVRC2012_val_00000476_with_ILSVRC2012_val_00049737_rank414,412,412,0.52123,0
ILSVRC2012_val_00000476_with_ILSVRC2012_val_00004817_rank937,401,401,0.75464,0
ILSVRC2012_val_00000476_with_ILSVRC2012_val_00041673_rank533,207,273,0.14294,32
ILSVRC2012_val_00000476_with_ILSVRC2012_val_00028635_rank786,327,327,0.82542,0
ILSVRC2012_val_00000476_with_ILSVRC2012_val_00026169_rank658,501,792,0.13921,62
ILSVRC2012_val_00000476_with_ILSVRC2012_val_00034709_rank195,704,704,0.79622,0
ILSVRC2012_val_00000476_with_ILSVRC2012_val_00045652_rank758,389,42,0.15372,491
ILSVRC2012_val_00000476_with_ILSVRC2012_val_00038384_rank245,956,956,0.86108,0
ILSVRC2012_val_00000476_with_ILSVRC2012_val_00027249_rank721,687,448,0.29605,449
ILSVRC2012_val_00000476_with_ILSVRC2012_val_00029917_rank799,568,568,0.32448,0
ILSVRC2012_val_00000476_with_ILSVRC2012_val_00027560_rank484,931,931,0.82948,0
ILSVRC2012_val_00000476_with_ILSVRC2012_val_00026952_rank556,852,463,0.14028,47
ILSVRC2012_val_00000476_with_ILSVRC2012_val_00002252_rank949,932,932,0.87117,0
ILSVRC2012_val_00000476_with_ILSVRC2012_val_00012385_rank409,528,528,0.82858,0
ILSVRC2012_val_00000476_with_ILSVRC2012_val_00045187_rank244,944,944,0.53408,0
ILSVRC2012_val_00000476_with_ILSVRC2012_val_00015578_rank816,386,386,0.56618,0
ILSVRC2012_val_00000476_with_ILSVRC2012_val_00036228_rank873,748,893,0.60427,1
ILSVRC2012_val_00000476_with_ILSVRC2012_val_00044228_rank724,318,318,0.85811,0
ILSVRC2012_val_00000476_with_ILSVRC2012_val_00013482_rank672,294,294,0.69859,0
ILSVRC2012_val_00000476_with_ILSVRC2012_val_00041811_rank573,708,525,0.38951,532
ILSVRC2012_val_00000476_with_ILSVRC2012_val_00020697_rank637,705,705,0.76416,0
ILSVRC2012_val_00000476_with_ILSVRC2012_val_00027199_rank787,516,728,0.48371,124
ILSVRC2012_val_00000476_with_ILSVRC2012_val_00047645_rank313,695,695,0.64358,0
ILSVRC2012_val_00000476_with_ILSVRC2012_val_00042747_rank457,670,665,0.38244,1
ILSVRC2012_val_00000476_with_ILSVRC2012_val_00040855_rank962,683,784,0.74287,91
ILSVRC2012_val_00000476_with_ILSVRC2012_val_00002055_rank767,894,674,0.086,378
ILSVRC2012_val_00000476_with_ILSVRC2012_val_00043336_rank674,803,803,0.53349,0
ILSVRC2012_val_00000476_with_ILSVRC2012_val_00022929_rank457,670,518,0.45218,3
ILSVRC2012_val_00000476_with_ILSVRC2012_val_00020830_rank970,216,212,0.71325,2
ILSVRC2012_val_00000476_with_ILSVRC2012_val_00014911_rank069,152,152,0.72172,0
ILSVRC2012_val_00000476_with_ILSVRC2012_val_00007981_rank855,626,626,0.94286,0
ILSVRC2012_val_00000476_with_ILSVRC2012_val_00019986_rank725,603,603,0.77525,0
ILSVRC2012_val_00000476_with_ILSVRC2012_val_00027348_rank182,166,164,0.67593,2
ILSVRC2012_val_00000476_with_ILSVRC2012_val_00037708_rank884,910,910,0.75113,0
ILSVRC2012_val_00000476_with_ILSVRC2012_val_00019664_rank093,324,324,0.82959,0
ILSVRC2012_val_00000476_with_ILSVRC2012_val_00017937_rank258,214,214,0.79583,0
ILSVRC2012_val_00000476_with_ILSVRC2012_val_00032579_rank214,390,84,0.19932,216
ILSVRC2012_val_00000476_with_ILSVRC2012_val_00004111_rank594,648,648,0.72612,0
ILSVRC2012_val_00000476_with_ILSVRC2012_val_00038742_rank242,28,28,0.78682,0
ILSVRC2012_val_00000476_with_ILSVRC2012_val_00046851_rank876,613,613,0.91661,0
ILSVRC2012_val_00000476_with_ILSVRC2012_val_00039053_rank282,497,449,0.39569,13
ILSVRC2012_val_00000476_with_ILSVRC2012_val_00049839_rank777,826,826,0.44972,0
ILSVRC2012_val_00000476_with_ILSVRC2012_val_00028486_rank608,853,730,0.08563,96
ILSVRC2012_val_00000476_with_ILSVRC2012_val_00009194_rank097,87,87,0.71697,0
ILSVRC2012_val_00000476_with_ILSVRC2012_val_00018287_rank388,411,132,0.23427,399
ILSVRC2012_val_00000476_with_ILSVRC2012_val_00008044_rank788,228,228,0.82227,0
ILSVRC2012_val_00000476_with_ILSVRC2012_val_00026208_rank994,226,226,0.63251,0
ILSVRC2012_val_00000476_with_ILSVRC2012_val_00007157_rank668,107,107,0.92676,0
ILSVRC2012_val_00000476_with_ILSVRC2012_val_00037335_rank433,883,883,0.40895,0
ILSVRC2012_val_00000476_with_ILSVRC2012_val_00048590_rank879,790,790,0.55776,0
ILSVRC2012_val_00000476_with_ILSVRC2012_val_00004174_rank561,769,769,0.67644,0
ILSVRC2012_val_00000476_with_ILSVRC2012_val_00014657_rank407,291,291,0.7513,0
ILSVRC2012_val_00000476_with_ILSVRC2012_val_00037345_rank621,735,136,0.09227,306
ILSVRC2012_val_00000476_with_ILSVRC2012_val_00023929_rank576,487,487,0.87273,0
ILSVRC2012_val_00000476_with_ILSVRC2012_val_00031230_rank471,971,305,0.39756,703
ILSVRC2012_val_00000476_with_ILSVRC2012_val_00037885_rank134,259,259,0.85541,0
ILSVRC2012_val_00000476_with_ILSVRC2012_val_00003940_rank419,286,286,0.80293,0
ILSVRC2012_val_00000476_with_ILSVRC2012_val_00014981_rank481,545,545,0.68722,0
ILSVRC2012_val_00000476_with_ILSVRC2012_val_00005250_rank444,627,907,0.10834,167
ILSVRC2012_val_00000476_with_ILSVRC2012_val_00001386_rank818,356,356,0.22918,0
ILSVRC2012_val_00000476_with_ILSVRC2012_val_00018916_rank188,162,162,0.5214,0
ILSVRC2012_val_00000476_with_ILSVRC2012_val_00031051_rank589,169,169,0.63557,0
ILSVRC2012_val_00000476_with_ILSVRC2012_val_00012800_rank208,270,270,0.68975,0
ILSVRC2012_val_00000476_with_ILSVRC2012_val_00042630_rank580,70,133,0.20586,123
ILSVRC2012_val_00000476_with_ILSVRC2012_val_00030321_rank438,5,302,0.15065,56
ILSVRC2012_val_00000476_with_ILSVRC2012_val_00000014_rank519,757,757,0.82168,0
ILSVRC2012_val_00000476_with_ILSVRC2012_val_00028581_rank806,737,737,0.45401,0
ILSVRC2012_val_00000476_with_ILSVRC2012_val_00024331_rank887,680,574,0.08843,144
ILSVRC2012_val_00000476_with_ILSVRC2012_val_00008164_rank498,973,356,0.03107,651
ILSVRC2012_val_00000476_with_ILSVRC2012_val_00004510_rank848,886,886,0.77595,0
ILSVRC2012_val_00000476_with_ILSVRC2012_val_00021824_rank566,968,849,0.62921,6
ILSVRC2012_val_00000476_with_ILSVRC2012_val_00006887_rank330,265,369,0.18189,129
ILSVRC2012_val_00000476_with_ILSVRC2012_val_00045598_rank803,222,207,0.3927,3
ILSVRC2012_val_00000476_with_ILSVRC2012_val_00042422_rank147,815,815,0.8156,0
ILSVRC2012_val_00000476_with_ILSVRC2012_val_00048824_rank033,92,92,0.75348,0
ILSVRC2012_val_00000476_with_ILSVRC2012_val_00028903_rank204,983,983,0.6515,0
ILSVRC2012_val_00000476_with_ILSVRC2012_val_00012624_rank435,726,726,0.85328,0
ILSVRC2012_val_00000476_with_ILSVRC2012_val_00000245_rank686,125,125,0.82218,0
ILSVRC2012_val_00000476_with_ILSVRC2012_val_00031549_rank571,491,491,0.75426,0
ILSVRC2012_val_00000476_with_ILSVRC2012_val_00036242_rank192,907,720,0.37014,11
ILSVRC2012_val_00000476_with_ILSVRC2012_val_00026714_rank102,858,599,0.12824,61
ILSVRC2012_val_00000476_with_ILSVRC2012_val_00025379_rank512,569,569,0.85202,0
ILSVRC2012_val_00000476_with_ILSVRC2012_val_00020523_rank531,792,792,0.83991,0
ILSVRC2012_val_00000476_with_ILSVRC2012_val_00004329_rank711,2,2,0.90419,0
ILSVRC2012_val_00000476_with_ILSVRC2012_val_00013095_rank030,21,21,0.697,0
ILSVRC2012_val_00000476_with_ILSVRC2012_val_00045660_rank917,470,470,0.58476,0
ILSVRC2012_val_00000476_with_ILSVRC2012_val_00032502_rank809,696,428,0.42998,176
ILSVRC2012_val_00000476_with_ILSVRC2012_val_00029002_rank899,662,784,0.05423,55
ILSVRC2012_val_00000476_with_ILSVRC2012_val_00038723_rank226,621,621,0.79437,0
ILSVRC2012_val_00000476_with_ILSVRC2012_val_00000779_rank154,299,299,0.53456,0
ILSVRC2012_val_00000476_with_ILSVRC2012_val_00025507_rank029,11,11,0.87626,0
ILSVRC2012_val_00000476_with_ILSVRC2012_val_00014754_rank753,550,550,0.77238,0
ILSVRC2012_val_00000476_with_ILSVRC2012_val_00035893_rank391,159,159,0.52808,0
ILSVRC2012_val_00000476_with_ILSVRC2012_val_00020908_rank559,512,512,0.81562,0
ILSVRC2012_val_00000476_with_ILSVRC2012_val_00037070_rank040,7,7,0.792,0
ILSVRC2012_val_00000476_with_ILSVRC2012_val_00049556_rank569,655,792,0.18079,313
ILSVRC2012_val_00000476_with_ILSVRC2012_val_00012700_rank689,529,797,0.2528,18
ILSVRC2012_val_00000476_with_ILSVRC2012_val_00043490_rank633,818,132,0.44518,755
ILSVRC2012_val_00000476_with_ILSVRC2012_val_00042391_rank765,244,244,0.88292,0
ILSVRC2012_val_00000476_with_ILSVRC2012_val_00024932_rank926,149,792,0.24149,873
ILSVRC2012_val_00000476_with_ILSVRC2012_val_00036565_rank973,496,496,0.67221,0
ILSVRC2012_val_00000476_with_ILSVRC2012_val_00043239_rank615,677,677,0.70554,0
ILSVRC2012_val_00000476_with_ILSVRC2012_val_00048892_rank050,336,336,0.60786,0
ILSVRC2012_val_00000476_with_ILSVRC2012_val_00044067_rank200,622,792,0.07521,615
ILSVRC2012_val_00000476_with_ILSVRC2012_val_00009510_rank040,7,7,0.52407,0
ILSVRC2012_val_00000476_with_ILSVRC2012_val_00015148_rank149,367,367,0.73106,0
ILSVRC2012_val_00000476_with_ILSVRC2012_val_00027409_rank861,761,487,0.66913,1
ILSVRC2012_val_00000476_with_ILSVRC2012_val_00031302_rank209,171,171,0.84902,0
ILSVRC2012_val_00000476_with_ILSVRC2012_val_00028203_rank797,530,530,0.75244,0
ILSVRC2012_val_00000476_with_ILSVRC2012_val_00004168_rank060,369,369,0.52276,0
ILSVRC2012_val_00000476_with_ILSVRC2012_val_00010671_rank341,466,693,0.24104,741
ILSVRC2012_val_00000476_with_ILSVRC2012_val_00006249_rank952,711,711,0.18812,0
ILSVRC2012_val_00000476_with_ILSVRC2012_val_00011475_rank158,425,425,0.65616,0
ILSVRC2012_val_00000476_with_ILSVRC2012_val_00044792_rank975,674,674,0.73217,0
ILSVRC2012_val_00000476_with_ILSVRC2012_val_00016309_rank886,881,881,0.86813,0
ILSVRC2012_val_00000476_with_ILSVRC2012_val_00001178_rank496,654,654,0.82463,0
ILSVRC2012_val_00000476_with_ILSVRC2012_val_00002573_rank166,197,197,0.45324,0
ILSVRC2012_val_00000476_with_ILSVRC2012_val_00026465_rank002,17,17,0.6833,0
ILSVRC2012_val_00000476_with_ILSVRC2012_val_00039742_rank681,441,441,0.49244,0
ILSVRC2012_val_00000476_with_ILSVRC2012_val_00027074_rank415,35,35,0.79826,0
ILSVRC2012_val_00000476_with_ILSVRC2012_val_00002023_rank039,10,10,0.86013,0
ILSVRC2012_val_00000476_with_ILSVRC2012_val_00003193_rank088,387,387,0.77411,0
ILSVRC2012_val_00000476_with_ILSVRC2012_val_00032789_rank231,734,462,0.45205,938
ILSVRC2012_val_00000476_with_ILSVRC2012_val_00035577_rank356,285,290,0.30285,8
ILSVRC2012_val_00000476_with_ILSVRC2012_val_00000138_rank224,328,328,0.65818,0
ILSVRC2012_val_00000476_with_ILSVRC2012_val_00032971_rank909,993,993,0.83908,0
ILSVRC2012_val_00000476_with_ILSVRC2012_val_00046657_rank828,181,181,0.60786,0
ILSVRC2012_val_00000476_with_ILSVRC2012_val_00004042_rank447,269,269,0.57232,0
ILSVRC2012_val_00000476_with_ILSVRC2012_val_00003269_rank828,181,181,0.78561,0
ILSVRC2012_val_00000476_with_ILSVRC2012_val_00001630_rank064,448,448,0.75967,0
ILSVRC2012_val_00000476_with_ILSVRC2012_val_00016902_rank062,195,195,0.76652,0
ILSVRC2012_val_00000476_with_ILSVRC2012_val_00046096_rank077,141,141,0.81787,0
ILSVRC2012_val_00000476_with_ILSVRC2012_val_00043469_rank713,590,590,0.66099,0
ILSVRC2012_val_00000476_with_ILSVRC2012_val_00008172_rank885,582,792,0.42884,334
ILSVRC2012_val_00000476_with_ILSVRC2012_val_00028127_rank551,435,501,0.34066,713
ILSVRC2012_val_00000476_with_ILSVRC2012_val_00020984_rank675,583,583,0.52546,0
ILSVRC2012_val_00000476_with_ILSVRC2012_val_00029150_rank031,81,81,0.7503,0
ILSVRC2012_val_00000476_with_ILSVRC2012_val_00001871_rank030,21,136,0.18335,46
ILSVRC2012_val_00000476_with_ILSVRC2012_val_00000917_rank312,447,412,0.14796,302
ILSVRC2012_val_00000476_with_ILSVRC2012_val_00044001_rank953,359,358,0.639,2
ILSVRC2012_val_00000476_with_ILSVRC2012_val_00043334_rank589,169,169,0.92136,0
ILSVRC2012_val_00000476_with_ILSVRC2012_val_00036700_rank247,172,172,0.90748,0
ILSVRC2012_val_00000476_with_ILSVRC2012_val_00030624_rank278,252,233,0.22197,2
ILSVRC2012_val_00000476_with_ILSVRC2012_val_00039567_rank642,785,464,0.32548,7
ILSVRC2012_val_00000476_with_ILSVRC2012_val_00034255_rank344,69,69,0.85295,0
ILSVRC2012_val_00000476_with_ILSVRC2012_val_00008260_rank843,878,878,0.49417,0
ILSVRC2012_val_00000476_with_ILSVRC2012_val_00025126_rank098,129,129,0.80724,0
ILSVRC2012_val_00000476_with_ILSVRC2012_val_00044011_rank023,94,94,0.76637,0
ILSVRC2012_val_00000476_with_ILSVRC2012_val_00018185_rank980,684,574,0.16474,142
ILSVRC2012_val_00000476_with_ILSVRC2012_val_00017681_rank679,505,505,0.59222,0
ILSVRC2012_val_00000476_with_ILSVRC2012_val_00003589_rank868,821,59,0.66749,205
ILSVRC2012_val_00000476_with_ILSVRC2012_val_00002482_rank536,443,27,0.12812,303
ILSVRC2012_val_00000476_with_ILSVRC2012_val_00017483_rank855,626,626,0.15844,0
ILSVRC2012_val_00000476_with_ILSVRC2012_val_00007995_rank710,122,133,0.25677,747
ILSVRC2012_val_00000476_with_ILSVRC2012_val_00037584_rank180,405,337,0.35262,967
ILSVRC2012_val_00000476_with_ILSVRC2012_val_00033775_rank493,201,201,0.51422,0
ILSVRC2012_val_00000476_with_ILSVRC2012_val_00023694_rank845,611,448,0.0871,41
ILSVRC2012_val_00000476_with_ILSVRC2012_val_00021751_rank691,410,410,0.84871,0
ILSVRC2012_val_00000476_with_ILSVRC2012_val_00004670_rank693,521,521,0.73149,0
ILSVRC2012_val_00000476_with_ILSVRC2012_val_00033121_rank625,798,769,0.31405,1
ILSVRC2012_val_00000476_with_ILSVRC2012_val_00018485_rank530,112,112,0.6919,0
ILSVRC2012_val_00000476_with_ILSVRC2012_val_00001322_rank260,637,637,0.59843,0
ILSVRC2012_val_00000476_with_ILSVRC2012_val_00030719_rank127,55,55,0.60819,0
ILSVRC2012_val_00000476_with_ILSVRC2012_val_00006119_rank792,604,604,0.83999,0
ILSVRC2012_val_00000476_with_ILSVRC2012_val_00031257_rank763,915,915,0.77178,0
ILSVRC2012_val_00000476_with_ILSVRC2012_val_00037283_rank647,727,727,0.23995,0
ILSVRC2012_val_00000476_with_ILSVRC2012_val_00002598_rank661,782,664,0.54146,1
ILSVRC2012_val_00000476_with_ILSVRC2012_val_00016805_rank206,267,267,0.83566,0
ILSVRC2012_val_00000476_with_ILSVRC2012_val_00042575_rank901,631,773,0.09721,21
ILSVRC2012_val_00000476_with_ILSVRC2012_val_00013411_rank553,342,342,0.5989,0
ILSVRC2012_val_00000476_with_ILSVRC2012_val_00044167_rank929,606,606,0.89848,0
ILSVRC2012_val_00000476_with_ILSVRC2012_val_00029207_rank309,355,355,0.83546,0
ILSVRC2012_val_00000476_with_ILSVRC2012_val_00035588_rank290,809,792,0.60427,953
ILSVRC2012_val_00000476_with_ILSVRC2012_val_00025294_rank642,785,499,0.08205,105
ILSVRC2012_val_00000476_with_ILSVRC2012_val_00010366_rank342,922,922,0.49759,0
ILSVRC2012_val_00000476_with_ILSVRC2012_val_00031886_rank957,514,514,0.61408,0
ILSVRC2012_val_00000476_with_ILSVRC2012_val_00040909_rank122,240,240,0.55594,0
ILSVRC2012_val_00000476_with_ILSVRC2012_val_00021176_rank095,251,251,0.88411,0
ILSVRC2012_val_00000476_with_ILSVRC2012_val_00033393_rank041,82,82,0.46794,0
ILSVRC2012_val_00000476_with_ILSVRC2012_val_00034844_rank485,533,748,0.14417,25
ILSVRC2012_val_00000476_with_ILSVRC2012_val_00032489_rank538,892,409,0.77444,1
ILSVRC2012_val_00000476_with_ILSVRC2012_val_00034526_rank729,995,995,0.8114,0
ILSVRC2012_val_00000476_with_ILSVRC2012_val_00048183_rank919,190,190,0.33647,0
ILSVRC2012_val_00000476_with_ILSVRC2012_val_00030439_rank456,733,131,0.09645,800
ILSVRC2012_val_00000476_with_ILSVRC2012_val_00003421_rank344,69,136,0.18797,906
ILSVRC2012_val_00000476_with_ILSVRC2012_val_00009336_rank092,278,278,0.71828,0
ILSVRC2012_val_00000476_with_ILSVRC2012_val_00023515_rank791,184,184,0.55556,0
ILSVRC2012_val_00000476_with_ILSVRC2012_val_00024072_rank828,181,181,0.71854,0
ILSVRC2012_val_00000476_with_ILSVRC2012_val_00005958_rank566,968,968,0.77202,0
ILSVRC2012_val_00000476_with_ILSVRC2012_val_00026595_rank027,139,139,0.66173,0
ILSVRC2012_val_00000476_with_ILSVRC2012_val_00013556_rank607,813,792,0.17221,11
ILSVRC2012_val_00000476_with_ILSVRC2012_val_00031339_rank080,353,353,0.76387,0
ILSVRC2012_val_00000476_with_ILSVRC2012_val_00024364_rank380,547,547,0.70332,0
ILSVRC2012_val_00000476_with_ILSVRC2012_val_00004275_rank697,702,523,0.1032,14
ILSVRC2012_val_00000476_with_ILSVRC2012_val_00038713_rank979,996,996,0.52032,0
ILSVRC2012_val_00000476_with_ILSVRC2012_val_00041724_rank755,430,430,0.551,0
ILSVRC2012_val_00000476_with_ILSVRC2012_val_00024170_rank475,656,656,0.42171,0
ILSVRC2012_val_00000476_with_ILSVRC2012_val_00021808_rank129,308,308,0.43369,0
ILSVRC2012_val_00000476_with_ILSVRC2012_val_00006969_rank018,127,127,0.71991,0
ILSVRC2012_val_00000476_with_ILSVRC2012_val_00046921_rank838,420,420,0.94362,0
ILSVRC2012_val_00000476_with_ILSVRC2012_val_00023244_rank385,77,77,0.66899,0
ILSVRC2012_val_00000476_with_ILSVRC2012_val_00037552_rank042,132,129,0.76111,2
ILSVRC2012_val_00000476_with_ILSVRC2012_val_00013199_rank433,883,725,0.43137,1
ILSVRC2012_val_00000476_with_ILSVRC2012_val_00016563_rank973,496,496,0.44908,0
ILSVRC2012_val_00000476_with_ILSVRC2012_val_00004358_rank219,200,200,0.3679,0
ILSVRC2012_val_00000476_with_ILSVRC2012_val_00012271_rank112,105,105,0.58791,0
ILSVRC2012_val_00000476_with_ILSVRC2012_val_00023921_rank723,722,722,0.21388,0
ILSVRC2012_val_00000476_with_ILSVRC2012_val_00044262_rank682,26,42,0.51101,12
ILSVRC2012_val_00000476_with_ILSVRC2012_val_00019284_rank418,103,103,0.77813,0
ILSVRC2012_val_00000476_with_ILSVRC2012_val_00042683_rank395,901,901,0.82967,0
ILSVRC2012_val_00000476_with_ILSVRC2012_val_00047949_rank850,994,97,0.39931,136
ILSVRC2012_val_00000476_with_ILSVRC2012_val_00002466_rank932,423,423,0.6503,0
ILSVRC2012_val_00000476_with_ILSVRC2012_val_00003763_rank479,774,774,0.8187,0
ILSVRC2012_val_00000476_with_ILSVRC2012_val_00014765_rank722,767,767,0.21608,0
ILSVRC2012_val_00000476_with_ILSVRC2012_val_00010925_rank078,319,133,0.26676,53
ILSVRC2012_val_00000476_with_ILSVRC2012_val_00025639_rank939,402,402,0.79523,0
ILSVRC2012_val_00000476_with_ILSVRC2012_val_00032400_rank400,173,171,0.39923,6
ILSVRC2012_val_00000476_with_ILSVRC2012_val_00033787_rank795,861,696,0.13585,102
ILSVRC2012_val_00000476_with_ILSVRC2012_val_00029013_rank169,115,114,0.69108,6
ILSVRC2012_val_00000476_with_ILSVRC2012_val_00041071_rank696,600,600,0.35899,0
ILSVRC2012_val_00000476_with_ILSVRC2012_val_00042299_rank107,303,303,0.54162,0
ILSVRC2012_val_00000476_with_ILSVRC2012_val_00018701_rank600,261,261,0.81583,0
ILSVRC2012_val_00000476_with_ILSVRC2012_val_00012083_rank250,400,501,0.44133,4
ILSVRC2012_val_00000476_with_ILSVRC2012_val_00023757_rank345,522,522,0.30435,0
ILSVRC2012_val_00000476_with_ILSVRC2012_val_00020529_rank798,851,851,0.71746,0
ILSVRC2012_val_00000476_with_ILSVRC2012_val_00027819_rank815,354,354,0.71229,0
ILSVRC2012_val_00000476_with_ILSVRC2012_val_00046183_rank259,957,957,0.84931,0
ILSVRC2012_val_00000476_with_ILSVRC2012_val_00024521_rank182,166,166,0.94435,0
ILSVRC2012_val_00000476_with_ILSVRC2012_val_00014046_rank009,16,16,0.57128,0
ILSVRC2012_val_00000476_with_ILSVRC2012_val_00000743_rank465,556,703,0.1455,158
ILSVRC2012_val_00000476_with_ILSVRC2012_val_00001057_rank428,109,539,0.53237,470
ILSVRC2012_val_00000476_with_ILSVRC2012_val_00004480_rank915,753,753,0.86975,0
ILSVRC2012_val_00000476_with_ILSVRC2012_val_00023900_rank463,612,612,0.75592,0
ILSVRC2012_val_00000476_with_ILSVRC2012_val_00003131_rank404,504,504,0.60071,0
ILSVRC2012_val_00000476_with_ILSVRC2012_val_00016586_rank815,354,353,0.26088,14
ILSVRC2012_val_00000476_with_ILSVRC2012_val_00008685_rank261,992,992,0.65211,0
ILSVRC2012_val_00000476_with_ILSVRC2012_val_00025096_rank239,65,53,0.21672,7
ILSVRC2012_val_00000476_with_ILSVRC2012_val_00028229_rank765,244,244,0.84301,0
ILSVRC2012_val_00000476_with_ILSVRC2012_val_00027555_rank006,91,91,0.77827,0
ILSVRC2012_val_00000476_with_ILSVRC2012_val_00029950_rank183,989,989,0.64725,0
ILSVRC2012_val_00000476_with_ILSVRC2012_val_00041659_rank124,40,40,0.43715,0
ILSVRC2012_val_00000476_with_ILSVRC2012_val_00047874_rank525,885,591,0.38962,43
ILSVRC2012_val_00000476_with_ILSVRC2012_val_00028212_rank912,940,997,0.48033,27
ILSVRC2012_val_00000476_with_ILSVRC2012_val_00032148_rank788,228,228,0.75487,0
ILSVRC2012_val_00000476_with_ILSVRC2012_val_00032358_rank443,53,58,0.54809,3
ILSVRC2012_val_00000476_with_ILSVRC2012_val_00012459_rank456,733,337,0.31371,282
ILSVRC2012_val_00000476_with_ILSVRC2012_val_00032146_rank112,105,105,0.75077,0
ILSVRC2012_val_00000476_with_ILSVRC2012_val_00032061_rank374,30,30,0.72326,0
ILSVRC2012_val_00000476_with_ILSVRC2012_val_00044975_rank063,9,9,0.70062,0
ILSVRC2012_val_00000476_with_ILSVRC2012_val_00028852_rank252,114,114,0.65451,0
ILSVRC2012_val_00000476_with_ILSVRC2012_val_00048747_rank200,622,622,0.85152,0
ILSVRC2012_val_00000476_with_ILSVRC2012_val_00039098_rank526,618,618,0.72911,0
ILSVRC2012_val_00000476_with_ILSVRC2012_val_00013778_rank971,427,427,0.75621,0
ILSVRC2012_val_00000476_with_ILSVRC2012_val_00013762_rank769,220,220,0.80146,0
ILSVRC2012_val_00000476_with_ILSVRC2012_val_00031704_rank401,123,136,0.36962,108
ILSVRC2012_val_00000476_with_ILSVRC2012_val_00006242_rank765,244,244,0.81623,0
ILSVRC2012_val_00000476_with_ILSVRC2012_val_00004073_rank334,157,157,0.6331,0
ILSVRC2012_val_00000476_with_ILSVRC2012_val_00024914_rank007,93,93,0.82164,0
ILSVRC2012_val_00000476_with_ILSVRC2012_val_00043999_rank650,890,722,0.46304,9
ILSVRC2012_val_00000476_with_ILSVRC2012_val_00037597_rank957,514,502,0.75094,3
ILSVRC2012_val_00000476_with_ILSVRC2012_val_00004250_rank966,524,305,0.43495,428
ILSVRC2012_val_00000476_with_ILSVRC2012_val_00011092_rank953,359,358,0.62259,2
ILSVRC2012_val_00000476_with_ILSVRC2012_val_00006693_rank808,914,871,0.4854,2
ILSVRC2012_val_00000476_with_ILSVRC2012_val_00002282_rank816,386,386,0.46785,0
ILSVRC2012_val_00000476_with_ILSVRC2012_val_00023777_rank696,600,137,0.18569,562
ILSVRC2012_val_00000476_with_ILSVRC2012_val_00043702_rank138,6,6,0.18224,0
ILSVRC2012_val_00000476_with_ILSVRC2012_val_00003871_rank263,352,352,0.20798,0
ILSVRC2012_val_00000476_with_ILSVRC2012_val_00030897_rank802,840,840,0.80256,0
ILSVRC2012_val_00000476_with_ILSVRC2012_val_00018130_rank664,991,991,0.85387,0
ILSVRC2012_val_00000476_with_ILSVRC2012_val_00036158_rank118,313,131,0.14024,126
ILSVRC2012_val_00000476_with_ILSVRC2012_val_00045945_rank702,113,113,0.84634,0
ILSVRC2012_val_00000476_with_ILSVRC2012_val_00020436_rank740,1,92,0.62122,159
ILSVRC2012_val_00000476_with_ILSVRC2012_val_00033134_rank198,50,50,0.58802,0
ILSVRC2012_val_00000476_with_ILSVRC2012_val_00009559_rank535,701,133,0.30601,431
ILSVRC2012_val_00000476_with_ILSVRC2012_val_00001991_rank924,831,700,0.2807,77
ILSVRC2012_val_00000476_with_ILSVRC2012_val_00031403_rank178,372,372,0.38539,0
ILSVRC2012_val_00000476_with_ILSVRC2012_val_00049156_rank395,901,968,0.40678,22
ILSVRC2012_val_00000476_with_ILSVRC2012_val_00041078_rank552,650,137,0.14473,475
ILSVRC2012_val_00000476_with_ILSVRC2012_val_00009774_rank948,247,247,0.72077,0
ILSVRC2012_val_00000476_with_ILSVRC2012_val_00033860_rank852,477,477,0.73312,0
ILSVRC2012_val_00000476_with_ILSVRC2012_val_00044044_rank068,362,362,0.8208,0
ILSVRC2012_val_00000476_with_ILSVRC2012_val_00044583_rank579,587,596,0.43314,1
ILSVRC2012_val_00000476_with_ILSVRC2012_val_00030390_rank666,917,917,0.26771,0
ILSVRC2012_val_00000476_with_ILSVRC2012_val_00039220_rank076,140,140,0.1476,0
ILSVRC2012_val_00000476_with_ILSVRC2012_val_00033982_rank339,239,239,0.62212,0
ILSVRC2012_val_00000476_with_ILSVRC2012_val_00005526_rank749,841,133,0.08763,953
ILSVRC2012_val_00000476_with_ILSVRC2012_val_00007717_rank170,428,637,0.1575,24
ILSVRC2012_val_00000476_with_ILSVRC2012_val_00014340_rank923,344,344,0.73002,0
ILSVRC2012_val_00000476_with_ILSVRC2012_val_00002223_rank176,640,640,0.8147,0
ILSVRC2012_val_00000476_with_ILSVRC2012_val_00019393_rank288,749,584,0.08133,14
ILSVRC2012_val_00000476_with_ILSVRC2012_val_00021722_rank402,607,607,0.91054,0
ILSVRC2012_val_00000476_with_ILSVRC2012_val_00028634_rank139,340,340,0.76761,0
ILSVRC2012_val_00000476_with_ILSVRC2012_val_00022754_rank835,566,566,0.75547,0
ILSVRC2012_val_00000476_with_ILSVRC2012_val_00021365_rank423,211,159,0.53986,1
ILSVRC2012_val_00000476_with_ILSVRC2012_val_00030737_rank274,288,288,0.6208,0
ILSVRC2012_val_00000476_with_ILSVRC2012_val_00023165_rank936,712,574,0.17735,108
ILSVRC2012_val_00000476_with_ILSVRC2012_val_00002455_rank197,872,872,0.78405,0
ILSVRC2012_val_00000476_with_ILSVRC2012_val_00038647_rank527,49,49,0.55754,0
ILSVRC2012_val_00000476_with_ILSVRC2012_val_00034110_rank614,213,213,0.74614,0
ILSVRC2012_val_00000476_with_ILSVRC2012_val_00009000_rank682,26,26,0.77465,0
ILSVRC2012_val_00000476_with_ILSVRC2012_val_00035057_rank313,695,695,0.82809,0
ILSVRC2012_val_00000476_with_ILSVRC2012_val_00018336_rank631,532,428,0.52367,169
ILSVRC2012_val_00000476_with_ILSVRC2012_val_00041964_rank945,719,719,0.96769,0
ILSVRC2012_val_00000476_with_ILSVRC2012_val_00007413_rank749,841,501,0.10408,3
ILSVRC2012_val_00000476_with_ILSVRC2012_val_00030241_rank767,894,894,0.24916,0
ILSVRC2012_val_00000476_with_ILSVRC2012_val_00046468_rank237,574,574,0.86013,0
ILSVRC2012_val_00000476_with_ILSVRC2012_val_00033388_rank362,463,463,0.78806,0
ILSVRC2012_val_00000476_with_ILSVRC2012_val_00035237_rank565,575,575,0.76515,0
ILSVRC2012_val_00000476_with_ILSVRC2012_val_00012828_rank580,70,133,0.16445,123
ILSVRC2012_val_00000476_with_ILSVRC2012_val_00043109_rank808,914,484,0.19331,3
ILSVRC2012_val_00000476_with_ILSVRC2012_val_00000424_rank514,160,160,0.72978,0
ILSVRC2012_val_00000476_with_ILSVRC2012_val_00042625_rank505,258,258,0.76556,0
ILSVRC2012_val_00000476_with_ILSVRC2012_val_00008277_rank417,738,469,0.45219,11
ILSVRC2012_val_00000476_with_ILSVRC2012_val_00012532_rank611,806,806,0.2661,0
ILSVRC2012_val_00000476_with_ILSVRC2012_val_00013508_rank082,179,151,0.1358,21
ILSVRC2012_val_00000476_with_ILSVRC2012_val_00048479_rank365,820,820,0.17017,0
ILSVRC2012_val_00000476_with_ILSVRC2012_val_00034743_rank022,128,128,0.8254,0
ILSVRC2012_val_00000476_with_ILSVRC2012_val_00027796_rank540,745,745,0.30229,0
ILSVRC2012_val_00000476_with_ILSVRC2012_val_00033088_rank910,101,104,0.08224,258
ILSVRC2012_val_00000476_with_ILSVRC2012_val_00023943_rank905,209,209,0.7141,0
ILSVRC2012_val_00000476_with_ILSVRC2012_val_00021362_rank493,201,212,0.42949,24
ILSVRC2012_val_00000476_with_ILSVRC2012_val_00023604_rank604,119,137,0.13697,245
ILSVRC2012_val_00000476_with_ILSVRC2012_val_00032522_rank539,241,241,0.74457,0
ILSVRC2012_val_00000476_with_ILSVRC2012_val_00044880_rank267,988,988,0.76964,0
ILSVRC2012_val_00000476_with_ILSVRC2012_val_00016443_rank447,269,269,0.61561,0
ILSVRC2012_val_00000476_with_ILSVRC2012_val_00016551_rank662,728,728,0.91716,0
ILSVRC2012_val_00000476_with_ILSVRC2012_val_00045332_rank516,713,713,0.88766,0
ILSVRC2012_val_00000476_with_ILSVRC2012_val_00021379_rank746,255,255,0.68433,0
ILSVRC2012_val_00000476_with_ILSVRC2012_val_00018860_rank567,942,942,0.13481,0
ILSVRC2012_val_00000476_with_ILSVRC2012_val_00042496_rank649,444,444,0.29922,0
ILSVRC2012_val_00000476_with_ILSVRC2012_val_00001197_rank934,750,539,0.10835,110
ILSVRC2012_val_00000476_with_ILSVRC2012_val_00020168_rank350,659,0,0.14605,288
ILSVRC2012_val_00000476_with_ILSVRC2012_val_00025001_rank248,227,227,0.87422,0
ILSVRC2012_val_00000476_with_ILSVRC2012_val_00048686_rank365,820,730,0.21845,68
ILSVRC2012_val_00000476_with_ILSVRC2012_val_00029679_rank148,984,984,0.771,0
ILSVRC2012_val_00000476_with_ILSVRC2012_val_00036977_rank970,216,216,0.78154,0
ILSVRC2012_val_00000476_with_ILSVRC2012_val_00048881_rank557,783,783,0.5487,0
ILSVRC2012_val_00000476_with_ILSVRC2012_val_00016595_rank941,642,448,0.21284,238
ILSVRC2012_val_00000476_with_ILSVRC2012_val_00043454_rank196,494,494,0.42002,0
ILSVRC2012_val_00000476_with_ILSVRC2012_val_00001509_rank818,356,359,0.36326,3
ILSVRC2012_val_00000476_with_ILSVRC2012_val_00045141_rank549,174,235,0.23299,4
ILSVRC2012_val_00000476_with_ILSVRC2012_val_00008303_rank165,180,180,0.58381,0
ILSVRC2012_val_00000476_with_ILSVRC2012_val_00035146_rank796,664,664,0.28918,0
ILSVRC2012_val_00000476_with_ILSVRC2012_val_00044032_rank444,627,627,0.83633,0
ILSVRC2012_val_00000476_with_ILSVRC2012_val_00049489_rank627,438,438,0.64478,0
ILSVRC2012_val_00000476_with_ILSVRC2012_val_00030875_rank568,964,964,0.83855,0
ILSVRC2012_val_00000476_with_ILSVRC2012_val_00046413_rank080,353,136,0.13031,236
ILSVRC2012_val_00000476_with_ILSVRC2012_val_00007630_rank011,85,85,0.8358,0
ILSVRC2012_val_00000476_with_ILSVRC2012_val_00047316_rank939,402,402,0.75889,0
ILSVRC2012_val_00000476_with_ILSVRC2012_val_00049613_rank065,295,295,0.61505,0
ILSVRC2012_val_00000476_with_ILSVRC2012_val_00028367_rank859,578,578,0.38703,0
ILSVRC2012_val_00000476_with_ILSVRC2012_val_00004136_rank386,79,124,0.55202,7
ILSVRC2012_val_00000476_with_ILSVRC2012_val_00001098_rank572,418,744,0.2063,29
ILSVRC2012_val_00000476_with_ILSVRC2012_val_00018935_rank735,326,326,0.75722,0
ILSVRC2012_val_00000476_with_ILSVRC2012_val_00015585_rank529,413,652,0.27745,5
ILSVRC2012_val_00000476_with_ILSVRC2012_val_00047686_rank837,800,800,0.81826,0
ILSVRC2012_val_00000476_with_ILSVRC2012_val_00019527_rank234,315,315,0.78042,0
ILSVRC2012_val_00000476_with_ILSVRC2012_val_00025167_rank549,174,174,0.83675,0
ILSVRC2012_val_00000476_with_ILSVRC2012_val_00048254_rank334,157,232,0.28174,6
ILSVRC2012_val_00000476_with_ILSVRC2012_val_00012712_rank548,839,839,0.68417,0
ILSVRC2012_val_00000476_with_ILSVRC2012_val_00035781_rank712,175,201,0.25924,37
ILSVRC2012_val_00000476_with_ILSVRC2012_val_00048245_rank485,533,533,0.87009,0
ILSVRC2012_val_00000476_with_ILSVRC2012_val_00019104_rank1000,588,588,0.59835,0
ILSVRC2012_val_00000476_with_ILSVRC2012_val_00025130_rank074,98,98,0.83843,0
ILSVRC2012_val_00000476_with_ILSVRC2012_val_00047281_rank302,374,374,0.14501,0
ILSVRC2012_val_00000476_with_ILSVRC2012_val_00033424_rank956,736,736,0.79669,0
ILSVRC2012_val_00000476_with_ILSVRC2012_val_00012710_rank114,471,471,0.47472,0
ILSVRC2012_val_00000476_with_ILSVRC2012_val_00016016_rank137,130,130,0.76394,0
ILSVRC2012_val_00000476_with_ILSVRC2012_val_00023240_rank954,658,797,0.12177,34
ILSVRC2012_val_00000476_with_ILSVRC2012_val_00010584_rank922,187,187,0.69332,0
ILSVRC2012_val_00000476_with_ILSVRC2012_val_00016405_rank811,720,720,0.70729,0
ILSVRC2012_val_00000476_with_ILSVRC2012_val_00004594_rank372,833,833,0.7963,0
ILSVRC2012_val_00000476_with_ILSVRC2012_val_00025500_rank554,337,337,0.70944,0
ILSVRC2012_val_00000476_with_ILSVRC2012_val_00030087_rank258,214,214,0.28675,0
ILSVRC2012_val_00000476_with_ILSVRC2012_val_00018219_rank995,641,618,0.40564,70
ILSVRC2012_val_00000476_with_ILSVRC2012_val_00043303_rank449,31,31,0.81106,0
ILSVRC2012_val_00000476_with_ILSVRC2012_val_00043722_rank332,397,397,0.71089,0
ILSVRC2012_val_00000476_with_ILSVRC2012_val_00041270_rank529,413,337,0.07556,783
ILSVRC2012_val_00000476_with_ILSVRC2012_val_00020100_rank585,495,495,0.54286,0
ILSVRC2012_val_00000476_with_ILSVRC2012_val_00026733_rank037,146,131,0.78389,38
ILSVRC2012_val_00000476_with_ILSVRC2012_val_00040203_rank012,80,80,0.50476,0
ILSVRC2012_val_00000476_with_ILSVRC2012_val_00004273_rank513,961,133,0.09975,354
ILSVRC2012_val_00000476_with_ILSVRC2012_val_00014049_rank372,833,761,0.13249,597
ILSVRC2012_val_00000476_with_ILSVRC2012_val_00027786_rank162,489,489,0.14413,0
ILSVRC2012_val_00000476_with_ILSVRC2012_val_00035208_rank531,792,792,0.30803,0
ILSVRC2012_val_00000476_with_ILSVRC2012_val_00006463_rank002,17,17,0.76858,0
ILSVRC2012_val_00000476_with_ILSVRC2012_val_00036304_rank325,609,609,0.69077,0
ILSVRC2012_val_00000476_with_ILSVRC2012_val_00028646_rank645,503,503,0.60654,0
ILSVRC2012_val_00000476_with_ILSVRC2012_val_00009303_rank294,368,368,0.68279,0
ILSVRC2012_val_00000476_with_ILSVRC2012_val_00044273_rank585,495,495,0.32787,0
ILSVRC2012_val_00000476_with_ILSVRC2012_val_00035047_rank007,93,96,0.66346,1
ILSVRC2012_val_00000476_with_ILSVRC2012_val_00037783_rank942,451,59,0.15739,265
ILSVRC2012_val_00000476_with_ILSVRC2012_val_00039456_rank315,946,946,0.04655,0
ILSVRC2012_val_00000476_with_ILSVRC2012_val_00030862_rank733,432,136,0.10348,662
ILSVRC2012_val_00000476_with_ILSVRC2012_val_00001285_rank338,399,842,0.11681,252
ILSVRC2012_val_00000476_with_ILSVRC2012_val_00003457_rank478,763,763,0.84977,0
ILSVRC2012_val_00000476_with_ILSVRC2012_val_00041008_rank327,343,343,0.86164,0
ILSVRC2012_val_00000476_with_ILSVRC2012_val_00012529_rank860,778,778,0.58053,0
ILSVRC2012_val_00000476_with_ILSVRC2012_val_00000221_rank660,636,636,0.59095,0
ILSVRC2012_val_00000476_with_ILSVRC2012_val_00026055_rank917,470,470,0.706,0
ILSVRC2012_val_00000476_with_ILSVRC2012_val_00006528_rank458,426,426,0.86713,0
ILSVRC2012_val_00000476_with_ILSVRC2012_val_00035209_rank494,121,987,0.46646,109
ILSVRC2012_val_00000476_with_ILSVRC2012_val_00032736_rank773,507,507,0.88675,0
ILSVRC2012_val_00000476_with_ILSVRC2012_val_00025849_rank797,530,398,0.43501,50
ILSVRC2012_val_00000476_with_ILSVRC2012_val_00031103_rank985,38,38,0.70947,0
ILSVRC2012_val_00000476_with_ILSVRC2012_val_00049838_rank998,464,464,0.8578,0
ILSVRC2012_val_00000476_with_ILSVRC2012_val_00033064_rank125,320,320,0.74461,0
ILSVRC2012_val_00000476_with_ILSVRC2012_val_00010906_rank386,79,79,0.82901,0
ILSVRC2012_val_00000476_with_ILSVRC2012_val_00000367_rank427,592,592,0.78938,0
ILSVRC2012_val_00000476_with_ILSVRC2012_val_00037367_rank775,54,54,0.52718,0
ILSVRC2012_val_00000476_with_ILSVRC2012_val_00025933_rank726,459,459,0.77999,0
ILSVRC2012_val_00000476_with_ILSVRC2012_val_00035933_rank230,183,183,0.80651,0
ILSVRC2012_val_00000476_with_ILSVRC2012_val_00027942_rank196,494,855,0.46402,16
ILSVRC2012_val_00000476_with_ILSVRC2012_val_00040512_rank475,656,654,0.50615,2
ILSVRC2012_val_00000476_with_ILSVRC2012_val_00031700_rank562,653,653,0.49343,0
ILSVRC2012_val_00000476_with_ILSVRC2012_val_00020169_rank280,250,248,0.29703,1
ILSVRC2012_val_00000476_with_ILSVRC2012_val_00036619_rank837,800,800,0.86387,0
ILSVRC2012_val_00000476_with_ILSVRC2012_val_00024567_rank976,178,178,0.76877,0
ILSVRC2012_val_00000476_with_ILSVRC2012_val_00031291_rank777,826,826,0.82969,0
ILSVRC2012_val_00000476_with_ILSVRC2012_val_00032158_rank015,96,96,0.81155,0
ILSVRC2012_val_00000476_with_ILSVRC2012_val_00044110_rank627,438,438,0.35511,0
ILSVRC2012_val_00000476_with_ILSVRC2012_val_00042365_rank285,517,517,0.75878,0
ILSVRC2012_val_00000476_with_ILSVRC2012_val_00027265_rank301,913,879,0.88045,483
ILSVRC2012_val_00000476_with_ILSVRC2012_val_00036774_rank282,497,442,0.21247,6
ILSVRC2012_val_00000476_with_ILSVRC2012_val_00003622_rank412,440,440,0.61598,0
ILSVRC2012_val_00000476_with_ILSVRC2012_val_00026543_rank592,707,707,0.73665,0
ILSVRC2012_val_00000476_with_ILSVRC2012_val_00035545_rank424,329,329,0.21003,0
ILSVRC2012_val_00000476_with_ILSVRC2012_val_00035882_rank708,534,534,0.8412,0
ILSVRC2012_val_00000476_with_ILSVRC2012_val_00013770_rank777,826,826,0.80498,0
ILSVRC2012_val_00000476_with_ILSVRC2012_val_00043116_rank932,423,423,0.77754,0
ILSVRC2012_val_00000476_with_ILSVRC2012_val_00023761_rank995,641,133,0.18404,957
ILSVRC2012_val_00000476_with_ILSVRC2012_val_00010796_rank743,450,450,0.74671,0
ILSVRC2012_val_00000476_with_ILSVRC2012_val_00011593_rank370,235,225,0.66973,1
ILSVRC2012_val_00000476_with_ILSVRC2012_val_00030595_rank322,260,260,0.46308,0
ILSVRC2012_val_00000476_with_ILSVRC2012_val_00030440_rank981,644,644,0.40041,0
ILSVRC2012_val_00000476_with_ILSVRC2012_val_00000943_rank865,78,78,0.78592,0
ILSVRC2012_val_00000476_with_ILSVRC2012_val_00024438_rank024,84,84,0.69684,0
ILSVRC2012_val_00000476_with_ILSVRC2012_val_00030400_rank074,98,98,0.78535,0
ILSVRC2012_val_00000476_with_ILSVRC2012_val_00011691_rank835,566,97,0.33786,735
ILSVRC2012_val_00000476_with_ILSVRC2012_val_00012215_rank468,941,941,0.83149,0
ILSVRC2012_val_00000476_with_ILSVRC2012_val_00025800_rank214,390,84,0.3037,216
ILSVRC2012_val_00000476_with_ILSVRC2012_val_00024088_rank417,738,22,0.11199,994
ILSVRC2012_val_00000476_with_ILSVRC2012_val_00042654_rank224,328,328,0.50672,0
ILSVRC2012_val_00000476_with_ILSVRC2012_val_00005495_rank673,242,162,0.21066,18
ILSVRC2012_val_00000476_with_ILSVRC2012_val_00008440_rank913,998,987,0.28407,1
ILSVRC2012_val_00000476_with_ILSVRC2012_val_00012116_rank195,704,704,0.87206,0
ILSVRC2012_val_00000476_with_ILSVRC2012_val_00028558_rank879,790,790,0.83294,0
ILSVRC2012_val_00000476_with_ILSVRC2012_val_00042028_rank481,545,545,0.76421,0
ILSVRC2012_val_00000476_with_ILSVRC2012_val_00035671_rank855,626,862,0.7771,10
ILSVRC2012_val_00000476_with_ILSVRC2012_val_00007103_rank918,859,859,0.18161,0
ILSVRC2012_val_00000476_with_ILSVRC2012_val_00015553_rank481,545,574,0.20691,422
ILSVRC2012_val_00000476_with_ILSVRC2012_val_00033550_rank338,399,137,0.08823,365
ILSVRC2012_val_00000476_with_ILSVRC2012_val_00040538_rank005,15,15,0.81504,0
ILSVRC2012_val_00000476_with_ILSVRC2012_val_00031583_rank481,545,545,0.81367,0
ILSVRC2012_val_00000476_with_ILSVRC2012_val_00017633_rank308,645,133,0.11626,518
ILSVRC2012_val_00000476_with_ILSVRC2012_val_00001686_rank284,264,264,0.64649,0
ILSVRC2012_val_00000476_with_ILSVRC2012_val_00001738_rank821,848,487,0.33026,28
ILSVRC2012_val_00000476_with_ILSVRC2012_val_00030950_rank991,714,714,0.83045,0
ILSVRC2012_val_00000476_with_ILSVRC2012_val_00016148_rank455,208,245,0.19467,29
ILSVRC2012_val_00000476_with_ILSVRC2012_val_00035466_rank880,754,732,0.48367,26
ILSVRC2012_val_00000476_with_ILSVRC2012_val_00022259_rank396,229,229,0.90423,0
ILSVRC2012_val_00000476_with_ILSVRC2012_val_00006660_rank773,507,813,0.06687,212
ILSVRC2012_val_00000476_with_ILSVRC2012_val_00034951_rank257,196,196,0.85573,0
ILSVRC2012_val_00000476_with_ILSVRC2012_val_00027782_rank730,484,764,0.47496,993
ILSVRC2012_val_00000476_with_ILSVRC2012_val_00043631_rank010,136,136,0.78775,0
ILSVRC2012_val_00000476_with_ILSVRC2012_val_00047328_rank668,107,840,0.67034,540
ILSVRC2012_val_00000476_with_ILSVRC2012_val_00016468_rank836,576,576,0.72201,0
ILSVRC2012_val_00000476_with_ILSVRC2012_val_00009151_rank639,108,108,0.88136,0
ILSVRC2012_val_00000476_with_ILSVRC2012_val_00019293_rank758,389,391,0.11035,4
ILSVRC2012_val_00000476_with_ILSVRC2012_val_00042664_rank415,35,36,0.48046,2
ILSVRC2012_val_00000476_with_ILSVRC2012_val_00007577_rank417,738,94,0.08158,99
ILSVRC2012_val_00000476_with_ILSVRC2012_val_00036297_rank540,745,745,0.87096,0
ILSVRC2012_val_00000476_with_ILSVRC2012_val_00015497_rank675,583,583,0.40026,0
ILSVRC2012_val_00000476_with_ILSVRC2012_val_00015955_rank672,294,294,0.51491,0
ILSVRC2012_val_00000476_with_ILSVRC2012_val_00006534_rank205,557,898,0.66454,360
ILSVRC2012_val_00000476_with_ILSVRC2012_val_00030455_rank389,893,446,0.43529,3
ILSVRC2012_val_00000476_with_ILSVRC2012_val_00029010_rank169,115,936,0.33287,658
ILSVRC2012_val_00000476_with_ILSVRC2012_val_00006649_rank120,256,294,0.32741,42
ILSVRC2012_val_00000476_with_ILSVRC2012_val_00029816_rank461,276,276,0.73067,0
ILSVRC2012_val_00000476_with_ILSVRC2012_val_00002312_rank481,545,545,0.71784,0
ILSVRC2012_val_00000476_with_ILSVRC2012_val_00033332_rank901,631,631,0.30103,0
ILSVRC2012_val_00000476_with_ILSVRC2012_val_00044851_rank378,667,667,0.60445,0
ILSVRC2012_val_00000476_with_ILSVRC2012_val_00047202_rank334,157,157,0.7492,0
ILSVRC2012_val_00000476_with_ILSVRC2012_val_00015883_rank606,856,866,0.49773,2
ILSVRC2012_val_00000476_with_ILSVRC2012_val_00046725_rank537,633,453,0.29036,415
ILSVRC2012_val_00000476_with_ILSVRC2012_val_00005501_rank969,543,137,0.39382,546
ILSVRC2012_val_00000476_with_ILSVRC2012_val_00035720_rank196,494,494,0.54608,0
ILSVRC2012_val_00000476_with_ILSVRC2012_val_00018866_rank243,246,246,0.42537,0
ILSVRC2012_val_00000476_with_ILSVRC2012_val_00030600_rank465,556,556,0.71198,0
ILSVRC2012_val_00000476_with_ILSVRC2012_val_00049726_rank926,149,136,0.25983,580
ILSVRC2012_val_00000476_with_ILSVRC2012_val_00024537_rank846,593,593,0.57231,0
ILSVRC2012_val_00000476_with_ILSVRC2012_val_00035345_rank427,592,592,0.80381,0
ILSVRC2012_val_00000476_with_ILSVRC2012_val_00010195_rank347,510,136,0.11093,389
ILSVRC2012_val_00000476_with_ILSVRC2012_val_00024470_rank423,211,211,0.43893,0
ILSVRC2012_val_00000476_with_ILSVRC2012_val_00047920_rank128,106,106,0.7373,0
ILSVRC2012_val_00000476_with_ILSVRC2012_val_00045819_rank025,131,131,0.7676,0
ILSVRC2012_val_00000476_with_ILSVRC2012_val_00000113_rank248,227,227,0.70542,0
ILSVRC2012_val_00000476_with_ILSVRC2012_val_00029301_rank506,959,959,0.80282,0
ILSVRC2012_val_00000476_with_ILSVRC2012_val_00021425_rank253,483,133,0.06324,429
ILSVRC2012_val_00000476_with_ILSVRC2012_val_00036549_rank870,676,676,0.80874,0
ILSVRC2012_val_00000476_with_ILSVRC2012_val_00005190_rank364,391,391,0.75312,0
ILSVRC2012_val_00000476_with_ILSVRC2012_val_00004467_rank831,797,797,0.67233,0
ILSVRC2012_val_00000476_with_ILSVRC2012_val_00015045_rank138,6,133,0.28671,294
ILSVRC2012_val_00000476_with_ILSVRC2012_val_00040947_rank131,245,245,0.85741,0
ILSVRC2012_val_00000476_with_ILSVRC2012_val_00047565_rank642,785,693,0.80216,267
ILSVRC2012_val_00000476_with_ILSVRC2012_val_00023193_rank268,756,133,0.07214,783
ILSVRC2012_val_00000476_with_ILSVRC2012_val_00013383_rank815,354,354,0.85997,0
ILSVRC2012_val_00000476_with_ILSVRC2012_val_00011871_rank163,888,888,0.73371,0
ILSVRC2012_val_00000476_with_ILSVRC2012_val_00044580_rank703,62,62,0.80805,0
ILSVRC2012_val_00000476_with_ILSVRC2012_val_00038758_rank216,363,363,0.7861,0
ILSVRC2012_val_00000476_with_ILSVRC2012_val_00033298_rank191,366,366,0.74972,0
ILSVRC2012_val_00000476_with_ILSVRC2012_val_00015805_rank776,936,936,0.78087,0
ILSVRC2012_val_00000476_with_ILSVRC2012_val_00038578_rank816,386,101,0.34896,2
ILSVRC2012_val_00000476_with_ILSVRC2012_val_00012102_rank133,310,301,0.61266,1
ILSVRC2012_val_00000476_with_ILSVRC2012_val_00020500_rank475,656,791,0.33016,46
ILSVRC2012_val_00000476_with_ILSVRC2012_val_00044958_rank755,430,430,0.72404,0
ILSVRC2012_val_00000476_with_ILSVRC2012_val_00024924_rank978,126,314,0.63444,7
ILSVRC2012_val_00000476_with_ILSVRC2012_val_00033255_rank108,825,825,0.1187,0
ILSVRC2012_val_00000476_with_ILSVRC2012_val_00032031_rank755,430,85,0.25212,962
ILSVRC2012_val_00000476_with_ILSVRC2012_val_00021818_rank576,487,487,0.49487,0
ILSVRC2012_val_00000476_with_ILSVRC2012_val_00017695_rank667,928,947,0.185,112
ILSVRC2012_val_00000476_with_ILSVRC2012_val_00031638_rank286,314,314,0.79439,0
ILSVRC2012_val_00000476_with_ILSVRC2012_val_00046860_rank917,470,929,0.61167,22
ILSVRC2012_val_00000476_with_ILSVRC2012_val_00034666_rank704,47,47,0.84357,0
ILSVRC2012_val_00000476_with_ILSVRC2012_val_00004407_rank247,172,172,0.80497,0
ILSVRC2012_val_00000476_with_ILSVRC2012_val_00044071_rank708,534,472,0.31563,671
ILSVRC2012_val_00000476_with_ILSVRC2012_val_00000837_rank008,19,19,0.80851,0
ILSVRC2012_val_00000476_with_ILSVRC2012_val_00024414_rank495,346,730,0.60691,12
ILSVRC2012_val_00000476_with_ILSVRC2012_val_00040949_rank655,439,134,0.09497,773
ILSVRC2012_val_00000476_with_ILSVRC2012_val_00015090_rank436,850,850,0.8542,0
ILSVRC2012_val_00000476_with_ILSVRC2012_val_00023940_rank118,313,313,0.47743,0
ILSVRC2012_val_00000476_with_ILSVRC2012_val_00032587_rank198,50,49,0.84169,1
ILSVRC2012_val_00000476_with_ILSVRC2012_val_00037098_rank452,868,868,0.15836,0
ILSVRC2012_val_00000476_with_ILSVRC2012_val_00027040_rank452,868,849,0.11507,14
ILSVRC2012_val_00000476_with_ILSVRC2012_val_00038626_rank673,242,242,0.69682,0
ILSVRC2012_val_00000476_with_ILSVRC2012_val_00020922_rank748,116,116,0.81384,0
ILSVRC2012_val_00000476_with_ILSVRC2012_val_00024565_rank982,431,790,0.27612,14
ILSVRC2012_val_00000476_with_ILSVRC2012_val_00005209_rank600,261,261,0.72782,0
ILSVRC2012_val_00000476_with_ILSVRC2012_val_00023426_rank737,365,365,0.25228,0
ILSVRC2012_val_00000476_with_ILSVRC2012_val_00008150_rank860,778,778,0.66703,0
ILSVRC2012_val_00000476_with_ILSVRC2012_val_00002054_rank949,932,932,0.51592,0
ILSVRC2012_val_00000476_with_ILSVRC2012_val_00005359_rank829,796,796,0.90792,0
ILSVRC2012_val_00000476_with_ILSVRC2012_val_00028498_rank414,412,898,0.36574,36
ILSVRC2012_val_00000476_with_ILSVRC2012_val_00026732_rank766,690,690,0.57606,0
ILSVRC2012_val_00000476_with_ILSVRC2012_val_00008078_rank175,682,133,0.33636,172
ILSVRC2012_val_00000476_with_ILSVRC2012_val_00006966_rank109,301,301,0.67685,0
ILSVRC2012_val_00000476_with_ILSVRC2012_val_00013115_rank643,923,310,0.04986,755
ILSVRC2012_val_00000476_with_ILSVRC2012_val_00007973_rank074,98,137,0.28799,2
ILSVRC2012_val_00000476_with_ILSVRC2012_val_00018654_rank589,169,276,0.14827,96
ILSVRC2012_val_00000476_with_ILSVRC2012_val_00019971_rank787,516,559,0.08984,62
ILSVRC2012_val_00000476_with_ILSVRC2012_val_00017246_rank825,743,674,0.2575,181
ILSVRC2012_val_00000476_with_ILSVRC2012_val_00032285_rank366,289,289,0.79697,0
ILSVRC2012_val_00000476_with_ILSVRC2012_val_00003467_rank807,111,744,0.27645,205
ILSVRC2012_val_00000476_with_ILSVRC2012_val_00027140_rank330,265,265,0.23719,0
ILSVRC2012_val_00000476_with_ILSVRC2012_val_00018703_rank500,203,203,0.51223,0
ILSVRC2012_val_00000476_with_ILSVRC2012_val_00030621_rank348,795,136,0.69701,559
ILSVRC2012_val_00000476_with_ILSVRC2012_val_00041929_rank058,232,232,0.69568,0
ILSVRC2012_val_00000476_with_ILSVRC2012_val_00037252_rank844,156,156,0.68488,0
ILSVRC2012_val_00000476_with_ILSVRC2012_val_00002206_rank950,854,448,0.0645,994
ILSVRC2012_val_00000476_with_ILSVRC2012_val_00047065_rank217,307,315,0.6378,43
ILSVRC2012_val_00000476_with_ILSVRC2012_val_00045207_rank718,168,178,0.77082,19
ILSVRC2012_val_00000476_with_ILSVRC2012_val_00019535_rank235,238,164,0.40204,8
ILSVRC2012_val_00000476_with_ILSVRC2012_val_00033465_rank010,136,136,0.72758,0
ILSVRC2012_val_00000476_with_ILSVRC2012_val_00017427_rank518,953,943,0.66717,20
ILSVRC2012_val_00000476_with_ILSVRC2012_val_00041760_rank795,861,138,0.17065,609
ILSVRC2012_val_00000476_with_ILSVRC2012_val_00013610_rank023,94,94,0.59131,0
ILSVRC2012_val_00000476_with_ILSVRC2012_val_00040367_rank484,931,931,0.68132,0
ILSVRC2012_val_00000476_with_ILSVRC2012_val_00027165_rank144,231,230,0.53743,2
ILSVRC2012_val_00000476_with_ILSVRC2012_val_00031146_rank546,965,965,0.58985,0
ILSVRC2012_val_00000476_with_ILSVRC2012_val_00048408_rank807,111,59,0.39196,6
ILSVRC2012_val_00000476_with_ILSVRC2012_val_00044158_rank078,319,319,0.86954,0
ILSVRC2012_val_00000476_with_ILSVRC2012_val_00024340_rank535,701,701,0.76215,0
ILSVRC2012_val_00000476_with_ILSVRC2012_val_00017835_rank770,689,133,0.08925,308
ILSVRC2012_val_00000476_with_ILSVRC2012_val_00034005_rank549,174,174,0.60545,0
ILSVRC2012_val_00000476_with_ILSVRC2012_val_00005147_rank496,654,609,0.21726,12
ILSVRC2012_val_00000476_with_ILSVRC2012_val_00027431_rank719,729,729,0.38526,0
ILSVRC2012_val_00000476_with_ILSVRC2012_val_00030618_rank013,23,23,0.27214,0
ILSVRC2012_val_00000476_with_ILSVRC2012_val_00033310_rank287,153,266,0.43995,7
ILSVRC2012_val_00000476_with_ILSVRC2012_val_00005053_rank226,621,792,0.0869,13
ILSVRC2012_val_00000476_with_ILSVRC2012_val_00041385_rank146,75,75,0.83028,0
ILSVRC2012_val_00000476_with_ILSVRC2012_val_00033438_rank552,650,626,0.36948,29
ILSVRC2012_val_00000476_with_ILSVRC2012_val_00032117_rank225,254,254,0.90595,0
ILSVRC2012_val_00000476_with_ILSVRC2012_val_00030617_rank861,761,761,0.60373,0
ILSVRC2012_val_00000476_with_ILSVRC2012_val_00032672_rank227,350,350,0.67675,0
ILSVRC2012_val_00000476_with_ILSVRC2012_val_00008698_rank391,159,159,0.4838,0
ILSVRC2012_val_00000476_with_ILSVRC2012_val_00042850_rank408,357,358,0.54402,3
ILSVRC2012_val_00000476_with_ILSVRC2012_val_00015790_rank064,448,448,0.7788,0
ILSVRC2012_val_00000476_with_ILSVRC2012_val_00005236_rank653,977,137,0.2023,124
ILSVRC2012_val_00000476_with_ILSVRC2012_val_00007564_rank099,135,135,0.73354,0
ILSVRC2012_val_00000476_with_ILSVRC2012_val_00036814_rank896,419,114,0.29476,257
ILSVRC2012_val_00000476_with_ILSVRC2012_val_00002860_rank186,567,567,0.53381,0
ILSVRC2012_val_00000476_with_ILSVRC2012_val_00022283_rank172,280,280,0.68812,0
ILSVRC2012_val_00000476_with_ILSVRC2012_val_00043978_rank070,46,46,0.70252,0
ILSVRC2012_val_00000476_with_ILSVRC2012_val_00040360_rank153,900,900,0.81524,0
ILSVRC2012_val_00000476_with_ILSVRC2012_val_00003160_rank265,37,35,0.25042,1
ILSVRC2012_val_00000476_with_ILSVRC2012_val_00016697_rank206,267,267,0.50082,0
ILSVRC2012_val_00000476_with_ILSVRC2012_val_00003447_rank900,492,342,0.21703,545
ILSVRC2012_val_00000476_with_ILSVRC2012_val_00048723_rank270,237,237,0.77758,0
ILSVRC2012_val_00000476_with_ILSVRC2012_val_00030314_rank591,468,468,0.3983,0
ILSVRC2012_val_00000476_with_ILSVRC2012_val_00030402_rank257,196,196,0.45604,0
ILSVRC2012_val_00000476_with_ILSVRC2012_val_00003709_rank442,779,779,0.89482,0
ILSVRC2012_val_00000476_with_ILSVRC2012_val_00025701_rank344,69,69,0.82805,0
ILSVRC2012_val_00000476_with_ILSVRC2012_val_00042624_rank177,309,308,0.46048,1
ILSVRC2012_val_00000476_with_ILSVRC2012_val_00037699_rank825,743,357,0.12551,116
ILSVRC2012_val_00000476_with_ILSVRC2012_val_00045688_rank689,529,131,0.26515,764
ILSVRC2012_val_00000476_with_ILSVRC2012_val_00029406_rank659,215,215,0.81693,0
ILSVRC2012_val_00000476_with_ILSVRC2012_val_00031050_rank234,315,315,0.9056,0
ILSVRC2012_val_00000476_with_ILSVRC2012_val_00021046_rank301,913,412,0.412,376
ILSVRC2012_val_00000476_with_ILSVRC2012_val_00000728_rank299,924,924,0.86743,0
ILSVRC2012_val_00000476_with_ILSVRC2012_val_00012636_rank628,934,941,0.2041,103
ILSVRC2012_val_00000476_with_ILSVRC2012_val_00006422_rank521,930,97,0.22317,369
ILSVRC2012_val_00000476_with_ILSVRC2012_val_00040386_rank994,226,226,0.54193,0
ILSVRC2012_val_00000476_with_ILSVRC2012_val_00032952_rank067,298,298,0.86699,0
ILSVRC2012_val_00000476_with_ILSVRC2012_val_00020547_rank468,941,941,0.85738,0
ILSVRC2012_val_00000476_with_ILSVRC2012_val_00022616_rank975,674,674,0.75781,0
ILSVRC2012_val_00000476_with_ILSVRC2012_val_00036867_rank623,414,879,0.20796,89
ILSVRC2012_val_00000476_with_ILSVRC2012_val_00033237_rank820,869,132,0.08303,728
ILSVRC2012_val_00000476_with_ILSVRC2012_val_00006160_rank780,759,759,0.1203,0
ILSVRC2012_val_00000476_with_ILSVRC2012_val_00046082_rank749,841,841,0.92942,0
ILSVRC2012_val_00000476_with_ILSVRC2012_val_00024789_rank391,159,159,0.85331,0
ILSVRC2012_val_00000476_with_ILSVRC2012_val_00029895_rank854,691,801,0.41265,7
ILSVRC2012_val_00000476_with_ILSVRC2012_val_00014112_rank640,629,629,0.18788,0
ILSVRC2012_val_00000476_with_ILSVRC2012_val_00041932_rank906,551,631,0.36673,2
ILSVRC2012_val_00000476_with_ILSVRC2012_val_00039300_rank508,904,807,0.31043,7
ILSVRC2012_val_00000476_with_ILSVRC2012_val_00019949_rank949,932,931,0.82604,1
ILSVRC2012_val_00000476_with_ILSVRC2012_val_00017788_rank825,743,743,0.74533,0
ILSVRC2012_val_00000476_with_ILSVRC2012_val_00041035_rank331,746,133,0.23317,814
ILSVRC2012_val_00000476_with_ILSVRC2012_val_00002159_rank899,662,662,0.98481,0
ILSVRC2012_val_00000476_with_ILSVRC2012_val_00041615_rank544,614,131,0.08402,604
ILSVRC2012_val_00000476_with_ILSVRC2012_val_00027644_rank375,947,934,0.65727,115
ILSVRC2012_val_00000476_with_ILSVRC2012_val_00003716_rank003,143,143,0.75707,0
ILSVRC2012_val_00000476_with_ILSVRC2012_val_00048773_rank883,472,693,0.34226,1
ILSVRC2012_val_00000476_with_ILSVRC2012_val_00040534_rank116,703,703,0.52311,0
ILSVRC2012_val_00000476_with_ILSVRC2012_val_00047174_rank499,758,391,0.83172,1
ILSVRC2012_val_00000476_with_ILSVRC2012_val_00019038_rank005,15,15,0.86189,0
ILSVRC2012_val_00000476_with_ILSVRC2012_val_00039695_rank287,153,153,0.62399,0
ILSVRC2012_val_00000476_with_ILSVRC2012_val_00047957_rank901,631,585,0.20371,3
ILSVRC2012_val_00000476_with_ILSVRC2012_val_00041291_rank888,523,523,0.45938,0
ILSVRC2012_val_00000476_with_ILSVRC2012_val_00023509_rank618,836,836,0.16359,0
ILSVRC2012_val_00000476_with_ILSVRC2012_val_00000168_rank717,666,463,0.22683,30
ILSVRC2012_val_00000476_with_ILSVRC2012_val_00013675_rank842,36,36,0.69312,0
ILSVRC2012_val_00000476_with_ILSVRC2012_val_00045089_rank183,989,989,0.51923,0
ILSVRC2012_val_00000476_with_ILSVRC2012_val_00017490_rank094,39,47,0.68245,5
ILSVRC2012_val_00000476_with_ILSVRC2012_val_00020058_rank316,177,177,0.53355,0
ILSVRC2012_val_00000476_with_ILSVRC2012_val_00005964_rank193,847,847,0.31335,0
ILSVRC2012_val_00000476_with_ILSVRC2012_val_00019279_rank390,380,380,0.48081,0
ILSVRC2012_val_00000476_with_ILSVRC2012_val_00026141_rank056,88,88,0.86638,0
ILSVRC2012_val_00000476_with_ILSVRC2012_val_00023716_rank380,547,595,0.207,22
ILSVRC2012_val_00000476_with_ILSVRC2012_val_00014832_rank868,821,674,0.13218,793
ILSVRC2012_val_00000476_with_ILSVRC2012_val_00043478_rank982,431,360,0.63266,821
ILSVRC2012_val_00000476_with_ILSVRC2012_val_00039413_rank548,839,462,0.54042,813
ILSVRC2012_val_00000476_with_ILSVRC2012_val_00024738_rank479,774,774,0.62132,0
ILSVRC2012_val_00000476_with_ILSVRC2012_val_00008175_rank038,375,375,0.8222,0
ILSVRC2012_val_00000476_with_ILSVRC2012_val_00020578_rank018,127,131,0.28601,11
ILSVRC2012_val_00000476_with_ILSVRC2012_val_00023533_rank614,213,274,0.13924,35
ILSVRC2012_val_00000476_with_ILSVRC2012_val_00041428_rank863,697,652,0.15938,57
ILSVRC2012_val_00000476_with_ILSVRC2012_val_00029598_rank776,936,936,0.79725,0
ILSVRC2012_val_00000476_with_ILSVRC2012_val_00026495_rank303,764,413,0.55015,1
ILSVRC2012_val_00000476_with_ILSVRC2012_val_00048215_rank645,503,898,0.21657,25
ILSVRC2012_val_00000476_with_ILSVRC2012_val_00036171_rank237,574,574,0.90531,0
ILSVRC2012_val_00000476_with_ILSVRC2012_val_00018563_rank445,68,67,0.3725,3
ILSVRC2012_val_00000476_with_ILSVRC2012_val_00015269_rank008,19,92,0.58302,16
ILSVRC2012_val_00000476_with_ILSVRC2012_val_00019823_rank949,932,932,0.85711,0
ILSVRC2012_val_00000476_with_ILSVRC2012_val_00017298_rank491,563,563,0.70049,0
ILSVRC2012_val_00000476_with_ILSVRC2012_val_00017409_rank127,55,55,0.7784,0
ILSVRC2012_val_00000476_with_ILSVRC2012_val_00029106_rank231,734,734,0.67781,0
ILSVRC2012_val_00000476_with_ILSVRC2012_val_00010990_rank028,137,137,0.90161,0
ILSVRC2012_val_00000476_with_ILSVRC2012_val_00014028_rank327,343,343,0.70418,0
ILSVRC2012_val_00000476_with_ILSVRC2012_val_00029766_rank834,897,412,0.68382,13
ILSVRC2012_val_00000476_with_ILSVRC2012_val_00017117_rank171,224,224,0.55194,0
ILSVRC2012_val_00000476_with_ILSVRC2012_val_00036703_rank706,154,154,0.35595,0
ILSVRC2012_val_00000476_with_ILSVRC2012_val_00028363_rank076,140,139,0.69123,2
ILSVRC2012_val_00000476_with_ILSVRC2012_val_00012171_rank105,253,253,0.87718,0
ILSVRC2012_val_00000476_with_ILSVRC2012_val_00016375_rank719,729,729,0.77157,0
ILSVRC2012_val_00000476_with_ILSVRC2012_val_00016010_rank660,636,636,0.60524,0
ILSVRC2012_val_00000476_with_ILSVRC2012_val_00010506_rank562,653,720,0.65573,17
ILSVRC2012_val_00000476_with_ILSVRC2012_val_00021185_rank515,816,677,0.88297,47
ILSVRC2012_val_00000476_with_ILSVRC2012_val_00024799_rank297,863,863,0.72695,0
ILSVRC2012_val_00000476_with_ILSVRC2012_val_00001476_rank506,959,959,0.78079,0
ILSVRC2012_val_00000476_with_ILSVRC2012_val_00031144_rank035,24,24,0.58279,0
ILSVRC2012_val_00000476_with_ILSVRC2012_val_00033806_rank725,603,603,0.65154,0
ILSVRC2012_val_00000476_with_ILSVRC2012_val_00003445_rank302,374,374,0.86037,0
ILSVRC2012_val_00000476_with_ILSVRC2012_val_00048924_rank156,41,41,0.75104,0
ILSVRC2012_val_00000476_with_ILSVRC2012_val_00040570_rank543,188,188,0.85054,0
ILSVRC2012_val_00000476_with_ILSVRC2012_val_00013084_rank487,962,962,0.82945,0
ILSVRC2012_val_00000476_with_ILSVRC2012_val_00006511_rank279,565,519,0.09808,25
ILSVRC2012_val_00000476_with_ILSVRC2012_val_00027602_rank015,96,96,0.80003,0
ILSVRC2012_val_00000476_with_ILSVRC2012_val_00018700_rank577,717,717,0.72106,0
ILSVRC2012_val_00000476_with_ILSVRC2012_val_00011278_rank103,25,25,0.74397,0
ILSVRC2012_val_00000476_with_ILSVRC2012_val_00028216_rank615,677,677,0.72072,0
ILSVRC2012_val_00000476_with_ILSVRC2012_val_00047335_rank573,708,749,0.16677,401
ILSVRC2012_val_00000476_with_ILSVRC2012_val_00000353_rank882,481,481,0.87159,0
ILSVRC2012_val_00000476_with_ILSVRC2012_val_00007042_rank355,972,133,0.31769,185
ILSVRC2012_val_00000476_with_ILSVRC2012_val_00048927_rank879,790,790,0.80087,0
ILSVRC2012_val_00000476_with_ILSVRC2012_val_00048229_rank032,95,95,0.69629,0
ILSVRC2012_val_00000476_with_ILSVRC2012_val_00010958_rank864,531,845,0.16245,296
ILSVRC2012_val_00000476_with_ILSVRC2012_val_00026823_rank424,329,114,0.74425,14
ILSVRC2012_val_00000476_with_ILSVRC2012_val_00011547_rank863,697,879,0.4242,815
ILSVRC2012_val_00000476_with_ILSVRC2012_val_00006810_rank530,112,112,0.67199,0
ILSVRC2012_val_00000476_with_ILSVRC2012_val_00048483_rank640,629,629,0.77954,0
ILSVRC2012_val_00000476_with_ILSVRC2012_val_00019900_rank760,325,325,0.87334,0
ILSVRC2012_val_00000476_with_ILSVRC2012_val_00025591_rank237,574,574,0.84454,0
ILSVRC2012_val_00000476_with_ILSVRC2012_val_00033490_rank293,281,282,0.29703,1
ILSVRC2012_val_00000476_with_ILSVRC2012_val_00024558_rank109,301,301,0.54977,0
ILSVRC2012_val_00000476_with_ILSVRC2012_val_00027876_rank205,557,845,0.43847,344
ILSVRC2012_val_00000476_with_ILSVRC2012_val_00036796_rank539,241,238,0.67839,2
ILSVRC2012_val_00000476_with_ILSVRC2012_val_00039956_rank163,888,888,0.83,0
ILSVRC2012_val_00000476_with_ILSVRC2012_val_00016287_rank275,67,67,0.69006,0
ILSVRC2012_val_00000476_with_ILSVRC2012_val_00007089_rank984,678,576,0.15608,590
ILSVRC2012_val_00000476_with_ILSVRC2012_val_00030101_rank118,313,313,0.33964,0
ILSVRC2012_val_00000476_with_ILSVRC2012_val_00018456_rank703,62,61,0.56605,1
ILSVRC2012_val_00000476_with_ILSVRC2012_val_00006135_rank537,633,633,0.28138,0
ILSVRC2012_val_00000476_with_ILSVRC2012_val_00042879_rank983,385,385,0.78313,0
ILSVRC2012_val_00000476_with_ILSVRC2012_val_00046075_rank950,854,854,0.53382,0
ILSVRC2012_val_00000476_with_ILSVRC2012_val_00025049_rank292,725,725,0.84325,0
ILSVRC2012_val_00000476_with_ILSVRC2012_val_00021508_rank567,942,950,0.46413,7
ILSVRC2012_val_00000476_with_ILSVRC2012_val_00026064_rank740,1,389,0.25232,45
ILSVRC2012_val_00000476_with_ILSVRC2012_val_00035871_rank826,394,131,0.55713,278
ILSVRC2012_val_00000476_with_ILSVRC2012_val_00001170_rank562,653,653,0.5989,0
ILSVRC2012_val_00000476_with_ILSVRC2012_val_00043880_rank659,215,215,0.69195,0
ILSVRC2012_val_00000476_with_ILSVRC2012_val_00025088_rank790,584,584,0.84422,0
ILSVRC2012_val_00000476_with_ILSVRC2012_val_00031661_rank708,534,534,0.67895,0
ILSVRC2012_val_00000476_with_ILSVRC2012_val_00003041_rank288,749,337,0.13434,158
ILSVRC2012_val_00000476_with_ILSVRC2012_val_00003980_rank937,401,401,0.59161,0
ILSVRC2012_val_00000476_with_ILSVRC2012_val_00030699_rank063,9,9,0.65921,0
ILSVRC2012_val_00000476_with_ILSVRC2012_val_00021488_rank053,388,388,0.76893,0
ILSVRC2012_val_00000476_with_ILSVRC2012_val_00040576_rank754,559,559,0.88807,0
ILSVRC2012_val_00000476_with_ILSVRC2012_val_00048901_rank951,857,730,0.32174,445
ILSVRC2012_val_00000476_with_ILSVRC2012_val_00011728_rank489,151,151,0.89775,0
ILSVRC2012_val_00000476_with_ILSVRC2012_val_00023960_rank446,279,279,0.81211,0
ILSVRC2012_val_00000476_with_ILSVRC2012_val_00045648_rank100,74,815,0.38379,3
ILSVRC2012_val_00000476_with_ILSVRC2012_val_00009704_rank946,804,804,0.3074,0
ILSVRC2012_val_00000476_with_ILSVRC2012_val_00029330_rank632,552,136,0.32074,860
ILSVRC2012_val_00000476_with_ILSVRC2012_val_00040000_rank041,82,82,0.62154,0
ILSVRC2012_val_00000476_with_ILSVRC2012_val_00005351_rank556,852,852,0.6246,0
ILSVRC2012_val_00000476_with_ILSVRC2012_val_00022839_rank738,997,997,0.68467,0
ILSVRC2012_val_00000476_with_ILSVRC2012_val_00009702_rank875,482,481,0.35072,2
ILSVRC2012_val_00000476_with_ILSVRC2012_val_00029616_rank925,322,322,0.71482,0
ILSVRC2012_val_00000476_with_ILSVRC2012_val_00034480_rank411,718,843,0.25273,477
ILSVRC2012_val_00000476_with_ILSVRC2012_val_00028256_rank342,922,922,0.38654,0
ILSVRC2012_val_00000476_with_ILSVRC2012_val_00011201_rank644,558,558,0.09229,0
ILSVRC2012_val_00000476_with_ILSVRC2012_val_00012607_rank521,930,114,0.2798,269
ILSVRC2012_val_00000476_with_ILSVRC2012_val_00021820_rank969,543,711,0.45047,76
ILSVRC2012_val_00000476_with_ILSVRC2012_val_00008381_rank552,650,650,0.55423,0
ILSVRC2012_val_00000476_with_ILSVRC2012_val_00011821_rank649,444,444,0.81549,0
ILSVRC2012_val_00000476_with_ILSVRC2012_val_00024109_rank448,76,76,0.82001,0
ILSVRC2012_val_00000476_with_ILSVRC2012_val_00029768_rank790,584,621,0.36427,773
ILSVRC2012_val_00000476_with_ILSVRC2012_val_00034025_rank948,247,247,0.74894,0
ILSVRC2012_val_00000476_with_ILSVRC2012_val_00020055_rank559,512,512,0.85977,0
ILSVRC2012_val_00000476_with_ILSVRC2012_val_00024882_rank417,738,738,0.63113,0
ILSVRC2012_val_00000476_with_ILSVRC2012_val_00044999_rank263,352,134,0.14993,52
ILSVRC2012_val_00000476_with_ILSVRC2012_val_00043694_rank361,60,64,0.28856,17
ILSVRC2012_val_00000476_with_ILSVRC2012_val_00030894_rank685,875,875,0.65106,0
ILSVRC2012_val_00000476_with_ILSVRC2012_val_00047794_rank863,697,697,0.63988,0
ILSVRC2012_val_00000476_with_ILSVRC2012_val_00028647_rank350,659,659,0.14023,0
ILSVRC2012_val_00000476_with_ILSVRC2012_val_00033978_rank121,458,458,0.81601,0
ILSVRC2012_val_00000476_with_ILSVRC2012_val_00044380_rank122,240,238,0.50668,2
ILSVRC2012_val_00000476_with_ILSVRC2012_val_00027511_rank446,279,279,0.90693,0
ILSVRC2012_val_00000476_with_ILSVRC2012_val_00015816_rank142,716,421,0.36888,28
ILSVRC2012_val_00000476_with_ILSVRC2012_val_00040171_rank894,842,463,0.19349,54
ILSVRC2012_val_00000476_with_ILSVRC2012_val_00037714_rank042,132,132,0.58775,0
ILSVRC2012_val_00000476_with_ILSVRC2012_val_00028327_rank348,795,337,0.15025,201
ILSVRC2012_val_00000476_with_ILSVRC2012_val_00034598_rank420,364,8,0.14853,161
ILSVRC2012_val_00000476_with_ILSVRC2012_val_00013244_rank610,409,892,0.49293,1
ILSVRC2012_val_00000476_with_ILSVRC2012_val_00011692_rank806,737,644,0.40047,335
ILSVRC2012_val_00000476_with_ILSVRC2012_val_00002679_rank453,57,57,0.68684,0
ILSVRC2012_val_00000476_with_ILSVRC2012_val_00003016_rank480,555,555,0.7901,0
ILSVRC2012_val_00000476_with_ILSVRC2012_val_00046846_rank737,365,365,0.71588,0
ILSVRC2012_val_00000476_with_ILSVRC2012_val_00001622_rank721,687,687,0.82359,0
ILSVRC2012_val_00000476_with_ILSVRC2012_val_00010071_rank495,346,346,0.69805,0
ILSVRC2012_val_00000476_with_ILSVRC2012_val_00044793_rank571,491,491,0.77208,0
ILSVRC2012_val_00000476_with_ILSVRC2012_val_00020476_rank807,111,943,0.5742,53
ILSVRC2012_val_00000476_with_ILSVRC2012_val_00001629_rank097,87,87,0.81651,0
ILSVRC2012_val_00000476_with_ILSVRC2012_val_00009188_rank084,985,985,0.7772,0
ILSVRC2012_val_00000476_with_ILSVRC2012_val_00014448_rank162,489,337,0.19574,554
ILSVRC2012_val_00000476_with_ILSVRC2012_val_00045942_rank083,384,133,0.1126,264
ILSVRC2012_val_00000476_with_ILSVRC2012_val_00012494_rank578,661,661,0.50292,0
ILSVRC2012_val_00000476_with_ILSVRC2012_val_00027488_rank605,61,61,0.39052,0
ILSVRC2012_val_00000476_with_ILSVRC2012_val_00006762_rank789,855,818,0.29063,187
ILSVRC2012_val_00000476_with_ILSVRC2012_val_00001600_rank927,519,492,0.45673,2
ILSVRC2012_val_00000476_with_ILSVRC2012_val_00026424_rank402,607,607,0.83734,0
ILSVRC2012_val_00000476_with_ILSVRC2012_val_00014384_rank912,940,940,0.78018,0
ILSVRC2012_val_00000476_with_ILSVRC2012_val_00035063_rank813,73,76,0.62849,7
ILSVRC2012_val_00000476_with_ILSVRC2012_val_00037030_rank558,786,337,0.07143,769
ILSVRC2012_val_00000476_with_ILSVRC2012_val_00003957_rank016,97,97,0.76027,0
ILSVRC2012_val_00000476_with_ILSVRC2012_val_00019402_rank599,186,182,0.20519,5
ILSVRC2012_val_00000476_with_ILSVRC2012_val_00002922_rank329,3,2,0.20037,1
ILSVRC2012_val_00000476_with_ILSVRC2012_val_00047780_rank854,691,535,0.14992,29
ILSVRC2012_val_00000476_with_ILSVRC2012_val_00033655_rank180,405,405,0.79625,0
ILSVRC2012_val_00000476_with_ILSVRC2012_val_00016132_rank340,297,295,0.54117,1
ILSVRC2012_val_00000476_with_ILSVRC2012_val_00005609_rank399,849,899,0.34692,5
ILSVRC2012_val_00000476_with_ILSVRC2012_val_00006325_rank590,469,469,0.42617,0
ILSVRC2012_val_00000476_with_ILSVRC2012_val_00039321_rank435,726,726,0.85277,0
ILSVRC2012_val_00000476_with_ILSVRC2012_val_00019134_rank144,231,230,0.69993,2
ILSVRC2012_val_00000476_with_ILSVRC2012_val_00042546_rank167,437,626,0.33386,184
ILSVRC2012_val_00000476_with_ILSVRC2012_val_00015628_rank880,754,605,0.38942,9
ILSVRC2012_val_00000476_with_ILSVRC2012_val_00037253_rank734,296,294,0.45649,1
ILSVRC2012_val_00000476_with_ILSVRC2012_val_00012924_rank370,235,235,0.76867,0
ILSVRC2012_val_00000476_with_ILSVRC2012_val_00045371_rank412,440,440,0.85167,0
ILSVRC2012_val_00000476_with_ILSVRC2012_val_00014554_rank997,808,97,0.55875,419
ILSVRC2012_val_00000476_with_ILSVRC2012_val_00038200_rank147,815,815,0.81964,0
ILSVRC2012_val_00000476_with_ILSVRC2012_val_00048263_rank638,812,319,0.06067,249
ILSVRC2012_val_00000476_with_ILSVRC2012_val_00016025_rank644,558,320,0.11559,163
ILSVRC2012_val_00000476_with_ILSVRC2012_val_00023158_rank318,45,45,0.75657,0
ILSVRC2012_val_00000476_with_ILSVRC2012_val_00046809_rank398,781,692,0.49243,144
ILSVRC2012_val_00000476_with_ILSVRC2012_val_00029513_rank499,758,758,0.75957,0
ILSVRC2012_val_00000476_with_ILSVRC2012_val_00029928_rank731,549,620,0.12913,41
ILSVRC2012_val_00000476_with_ILSVRC2012_val_00002546_rank600,261,261,0.8134,0
ILSVRC2012_val_00000476_with_ILSVRC2012_val_00007937_rank155,64,64,0.69635,0
ILSVRC2012_val_00000476_with_ILSVRC2012_val_00040630_rank996,292,292,0.71305,0
ILSVRC2012_val_00000476_with_ILSVRC2012_val_00029758_rank622,333,333,0.45123,0
ILSVRC2012_val_00000476_with_ILSVRC2012_val_00016616_rank924,831,905,0.14341,11
ILSVRC2012_val_00000476_with_ILSVRC2012_val_00033554_rank925,322,133,0.18215,15
ILSVRC2012_val_00000476_with_ILSVRC2012_val_00046260_rank063,9,9,0.81858,0
ILSVRC2012_val_00000476_with_ILSVRC2012_val_00041351_rank851,170,229,0.31044,15
ILSVRC2012_val_00000476_with_ILSVRC2012_val_00035881_rank091,205,197,0.42062,6
ILSVRC2012_val_00000476_with_ILSVRC2012_val_00030788_rank205,557,337,0.22398,769
ILSVRC2012_val_00000476_with_ILSVRC2012_val_00040503_rank071,277,376,0.28721,28
ILSVRC2012_val_00000476_with_ILSVRC2012_val_00020548_rank298,777,758,0.33817,98
ILSVRC2012_val_00000476_with_ILSVRC2012_val_00007669_rank987,570,570,0.55611,0
ILSVRC2012_val_00000476_with_ILSVRC2012_val_00046299_rank665,71,71,0.77701,0
ILSVRC2012_val_00000476_with_ILSVRC2012_val_00041112_rank471,971,136,0.2112,428
ILSVRC2012_val_00000476_with_ILSVRC2012_val_00048309_rank460,742,742,0.9037,0
ILSVRC2012_val_00000476_with_ILSVRC2012_val_00023446_rank965,710,767,0.15324,1
ILSVRC2012_val_00000476_with_ILSVRC2012_val_00014250_rank085,275,275,0.78918,0
ILSVRC2012_val_00000476_with_ILSVRC2012_val_00020983_rank613,721,721,0.61379,0
ILSVRC2012_val_00000476_with_ILSVRC2012_val_00026192_rank342,922,922,0.81309,0
ILSVRC2012_val_00000476_with_ILSVRC2012_val_00019144_rank882,481,453,0.318,37
ILSVRC2012_val_00000476_with_ILSVRC2012_val_00018187_rank857,526,782,0.317,15
ILSVRC2012_val_00000476_with_ILSVRC2012_val_00044449_rank888,523,129,0.07644,396
ILSVRC2012_val_00000476_with_ILSVRC2012_val_00041488_rank315,946,946,0.78109,0
ILSVRC2012_val_00000476_with_ILSVRC2012_val_00004942_rank297,863,863,0.80194,0
ILSVRC2012_val_00000476_with_ILSVRC2012_val_00022450_rank680,822,792,0.37912,198
ILSVRC2012_val_00000476_with_ILSVRC2012_val_00012020_rank928,462,133,0.79003,292
ILSVRC2012_val_00000476_with_ILSVRC2012_val_00049993_rank864,531,531,0.39591,0
ILSVRC2012_val_00000476_with_ILSVRC2012_val_00019423_rank040,7,7,0.40736,0
ILSVRC2012_val_00000476_with_ILSVRC2012_val_00018365_rank187,312,312,0.75641,0
ILSVRC2012_val_00000476_with_ILSVRC2012_val_00039543_rank091,205,205,0.85709,0
ILSVRC2012_val_00000476_with_ILSVRC2012_val_00021045_rank419,286,286,0.68684,0
ILSVRC2012_val_00000476_with_ILSVRC2012_val_00024677_rank502,230,230,0.39138,0
ILSVRC2012_val_00000476_with_ILSVRC2012_val_00026757_rank130,381,381,0.46176,0
ILSVRC2012_val_00000476_with_ILSVRC2012_val_00047519_rank398,781,487,0.14949,244
ILSVRC2012_val_00000476_with_ILSVRC2012_val_00045029_rank088,387,387,0.82923,0
ILSVRC2012_val_00000476_with_ILSVRC2012_val_00003958_rank080,353,381,0.22742,131
ILSVRC2012_val_00000476_with_ILSVRC2012_val_00024918_rank375,947,992,0.27737,1
ILSVRC2012_val_00000476_with_ILSVRC2012_val_00044859_rank551,435,674,0.10804,198
ILSVRC2012_val_00000476_with_ILSVRC2012_val_00023908_rank394,518,518,0.84083,0
ILSVRC2012_val_00000476_with_ILSVRC2012_val_00001044_rank044,100,100,0.85134,0
ILSVRC2012_val_00000476_with_ILSVRC2012_val_00043804_rank763,915,915,0.65234,0
ILSVRC2012_val_00000476_with_ILSVRC2012_val_00012844_rank003,143,143,0.71532,0
ILSVRC2012_val_00000476_with_ILSVRC2012_val_00030231_rank640,629,722,0.63337,117
ILSVRC2012_val_00000476_with_ILSVRC2012_val_00040262_rank666,917,917,0.27194,0
ILSVRC2012_val_00000476_with_ILSVRC2012_val_00032159_rank023,94,140,0.52383,28
ILSVRC2012_val_00000476_with_ILSVRC2012_val_00000516_rank186,567,747,0.47332,61
ILSVRC2012_val_00000476_with_ILSVRC2012_val_00007858_rank343,273,273,0.33832,0
ILSVRC2012_val_00000476_with_ILSVRC2012_val_00009651_rank835,566,312,0.12339,899
ILSVRC2012_val_00000476_with_ILSVRC2012_val_00020859_rank172,280,280,0.73459,0
ILSVRC2012_val_00000476_with_ILSVRC2012_val_00018569_rank304,511,511,0.8526,0
ILSVRC2012_val_00000476_with_ILSVRC2012_val_00047282_rank578,661,661,0.55054,0
ILSVRC2012_val_00000476_with_ILSVRC2012_val_00038186_rank407,291,274,0.27618,6
ILSVRC2012_val_00000476_with_ILSVRC2012_val_00046702_rank067,298,298,0.5949,0
ILSVRC2012_val_00000476_with_ILSVRC2012_val_00027740_rank204,983,14,0.27161,111
ILSVRC2012_val_00000476_with_ILSVRC2012_val_00012523_rank036,145,145,0.7455,0
ILSVRC2012_val_00000476_with_ILSVRC2012_val_00015820_rank610,409,409,0.84499,0
ILSVRC2012_val_00000476_with_ILSVRC2012_val_00028911_rank783,632,482,0.39906,5
ILSVRC2012_val_00000476_with_ILSVRC2012_val_00048973_rank551,435,596,0.17535,604
ILSVRC2012_val_00000476_with_ILSVRC2012_val_00045781_rank981,644,644,0.93685,0
ILSVRC2012_val_00000476_with_ILSVRC2012_val_00031985_rank829,796,796,0.74884,0
ILSVRC2012_val_00000476_with_ILSVRC2012_val_00046585_rank269,628,628,0.75642,0
ILSVRC2012_val_00000476_with_ILSVRC2012_val_00023261_rank980,684,684,0.70518,0
ILSVRC2012_val_00000476_with_ILSVRC2012_val_00037032_rank274,288,288,0.86041,0
ILSVRC2012_val_00000476_with_ILSVRC2012_val_00029892_rank308,645,522,0.4242,17
ILSVRC2012_val_00000476_with_ILSVRC2012_val_00003268_rank363,58,58,0.43807,0
ILSVRC2012_val_00000476_with_ILSVRC2012_val_00001181_rank898,906,131,0.23429,518
ILSVRC2012_val_00000476_with_ILSVRC2012_val_00029435_rank230,183,196,0.23945,14
ILSVRC2012_val_00000476_with_ILSVRC2012_val_00013659_rank727,874,705,0.43137,3
ILSVRC2012_val_00000476_with_ILSVRC2012_val_00019972_rank813,73,77,0.34734,4
ILSVRC2012_val_00000476_with_ILSVRC2012_val_00000285_rank898,906,137,0.10178,848
ILSVRC2012_val_00000476_with_ILSVRC2012_val_00041864_rank006,91,91,0.79432,0
ILSVRC2012_val_00000476_with_ILSVRC2012_val_00022523_rank756,591,591,0.61758,0
ILSVRC2012_val_00000476_with_ILSVRC2012_val_00026586_rank891,938,938,0.85714,0
ILSVRC2012_val_00000476_with_ILSVRC2012_val_00015846_rank466,903,8,0.18925,862
ILSVRC2012_val_00000476_with_ILSVRC2012_val_00008364_rank025,131,131,0.82255,0
ILSVRC2012_val_00000476_with_ILSVRC2012_val_00039887_rank458,426,426,0.57518,0
ILSVRC2012_val_00000476_with_ILSVRC2012_val_00033561_rank092,278,278,0.4052,0
ILSVRC2012_val_00000476_with_ILSVRC2012_val_00009988_rank137,130,130,0.75351,0
ILSVRC2012_val_00000476_with_ILSVRC2012_val_00028573_rank054,86,86,0.5277,0
ILSVRC2012_val_00000476_with_ILSVRC2012_val_00012005_rank332,397,397,0.73035,0
ILSVRC2012_val_00000476_with_ILSVRC2012_val_00030915_rank165,180,180,0.62083,0
ILSVRC2012_val_00000476_with_ILSVRC2012_val_00020338_rank570,933,933,0.65136,0
ILSVRC2012_val_00000476_with_ILSVRC2012_val_00031167_rank078,319,319,0.63556,0
ILSVRC2012_val_00000476_with_ILSVRC2012_val_00043245_rank363,58,38,0.6033,92
ILSVRC2012_val_00000476_with_ILSVRC2012_val_00021253_rank512,569,569,0.83065,0
ILSVRC2012_val_00000476_with_ILSVRC2012_val_00041337_rank746,255,255,0.76276,0
ILSVRC2012_val_00000476_with_ILSVRC2012_val_00016914_rank889,596,596,0.10351,0
ILSVRC2012_val_00000476_with_ILSVRC2012_val_00001621_rank795,861,792,0.05602,156
ILSVRC2012_val_00000476_with_ILSVRC2012_val_00027317_rank150,755,755,0.63045,0
ILSVRC2012_val_00000476_with_ILSVRC2012_val_00027027_rank817,446,446,0.42766,0
ILSVRC2012_val_00000476_with_ILSVRC2012_val_00026979_rank606,856,830,0.19873,105
ILSVRC2012_val_00000476_with_ILSVRC2012_val_00010463_rank752,434,993,0.25279,913
ILSVRC2012_val_00000476_with_ILSVRC2012_val_00008007_rank649,444,444,0.7972,0
ILSVRC2012_val_00000476_with_ILSVRC2012_val_00001913_rank878,715,137,0.25211,448
ILSVRC2012_val_00000476_with_ILSVRC2012_val_00028408_rank225,254,245,0.47776,1
ILSVRC2012_val_00000476_with_ILSVRC2012_val_00043957_rank485,533,533,0.87991,0
ILSVRC2012_val_00000476_with_ILSVRC2012_val_00020702_rank519,757,757,0.80944,0
ILSVRC2012_val_00000476_with_ILSVRC2012_val_00015496_rank435,726,726,0.59919,0
ILSVRC2012_val_00000476_with_ILSVRC2012_val_00033766_rank168,189,189,0.27811,0
ILSVRC2012_val_00000476_with_ILSVRC2012_val_00017360_rank577,717,717,0.73488,0
ILSVRC2012_val_00000476_with_ILSVRC2012_val_00025076_rank670,709,692,0.56597,19
ILSVRC2012_val_00000476_with_ILSVRC2012_val_00040271_rank846,593,792,0.12421,957
ILSVRC2012_val_00000476_with_ILSVRC2012_val_00013619_rank204,983,983,0.6629,0
ILSVRC2012_val_00000476_with_ILSVRC2012_val_00005644_rank457,670,670,0.4648,0
ILSVRC2012_val_00000476_with_ILSVRC2012_val_00020334_rank575,595,595,0.63379,0
ILSVRC2012_val_00000476_with_ILSVRC2012_val_00044166_rank997,808,808,0.6289,0
ILSVRC2012_val_00000476_with_ILSVRC2012_val_00025394_rank994,226,226,0.33978,0
ILSVRC2012_val_00000476_with_ILSVRC2012_val_00016575_rank177,309,30,0.13594,80
ILSVRC2012_val_00000476_with_ILSVRC2012_val_00030239_rank430,225,225,0.68126,0
ILSVRC2012_val_00000476_with_ILSVRC2012_val_00009349_rank390,380,380,0.81835,0
ILSVRC2012_val_00000476_with_ILSVRC2012_val_00048409_rank756,591,591,0.91584,0
ILSVRC2012_val_00000476_with_ILSVRC2012_val_00038318_rank809,696,696,0.7188,0
ILSVRC2012_val_00000476_with_ILSVRC2012_val_00023620_rank095,251,251,0.70797,0
ILSVRC2012_val_00000476_with_ILSVRC2012_val_00024014_rank107,303,303,0.75311,0
ILSVRC2012_val_00000476_with_ILSVRC2012_val_00029911_rank838,420,420,0.94302,0
ILSVRC2012_val_00000476_with_ILSVRC2012_val_00028781_rank998,464,464,0.18787,0
ILSVRC2012_val_00000476_with_ILSVRC2012_val_00041690_rank428,109,109,0.51752,0
ILSVRC2012_val_00000476_with_ILSVRC2012_val_00010783_rank898,906,791,0.21064,988
ILSVRC2012_val_00000476_with_ILSVRC2012_val_00045604_rank224,328,136,0.10146,184
ILSVRC2012_val_00000476_with_ILSVRC2012_val_00017872_rank150,755,755,0.7349,0
ILSVRC2012_val_00000476_with_ILSVRC2012_val_00035921_rank199,338,338,0.7021,0
ILSVRC2012_val_00000476_with_ILSVRC2012_val_00019434_rank636,773,773,0.79875,0
ILSVRC2012_val_00000476_with_ILSVRC2012_val_00010502_rank259,957,957,0.80804,0
ILSVRC2012_val_00000476_with_ILSVRC2012_val_00002882_rank120,256,256,0.70712,0
ILSVRC2012_val_00000476_with_ILSVRC2012_val_00021920_rank104,293,293,0.339,0
ILSVRC2012_val_00000476_with_ILSVRC2012_val_00039001_rank611,806,97,0.08165,319
ILSVRC2012_val_00000476_with_ILSVRC2012_val_00022810_rank323,358,358,0.62432,0
ILSVRC2012_val_00000476_with_ILSVRC2012_val_00001659_rank164,671,671,0.37643,0
ILSVRC2012_val_00000476_with_ILSVRC2012_val_00026752_rank797,530,530,0.79763,0
ILSVRC2012_val_00000476_with_ILSVRC2012_val_00013745_rank404,504,504,0.15187,0
ILSVRC2012_val_00000476_with_ILSVRC2012_val_00005056_rank223,43,43,0.63804,0
ILSVRC2012_val_00000476_with_ILSVRC2012_val_00026445_rank905,209,209,0.62765,0
ILSVRC2012_val_00000476_with_ILSVRC2012_val_00029407_rank247,172,172,0.71626,0
ILSVRC2012_val_00000476_with_ILSVRC2012_val_00040380_rank950,854,854,0.65086,0
ILSVRC2012_val_00000476_with_ILSVRC2012_val_00047648_rank922,187,187,0.38887,0
ILSVRC2012_val_00000476_with_ILSVRC2012_val_00005406_rank218,824,728,0.38375,196
ILSVRC2012_val_00000476_with_ILSVRC2012_val_00037832_rank078,319,319,0.41769,0
ILSVRC2012_val_00000476_with_ILSVRC2012_val_00030747_rank970,216,216,0.78587,0
ILSVRC2012_val_00000476_with_ILSVRC2012_val_00000511_rank182,166,166,0.73603,0
ILSVRC2012_val_00000476_with_ILSVRC2012_val_00041937_rank297,863,863,0.54461,0
ILSVRC2012_val_00000476_with_ILSVRC2012_val_00048370_rank168,189,189,0.88829,0
ILSVRC2012_val_00000476_with_ILSVRC2012_val_00022123_rank957,514,514,0.93543,0
ILSVRC2012_val_00000476_with_ILSVRC2012_val_00044119_rank036,145,145,0.70612,0
ILSVRC2012_val_00000476_with_ILSVRC2012_val_00025958_rank598,602,733,0.16477,5
ILSVRC2012_val_00000476_with_ILSVRC2012_val_00004590_rank925,322,133,0.30668,15
ILSVRC2012_val_00000476_with_ILSVRC2012_val_00041173_rank760,325,325,0.80159,0
ILSVRC2012_val_00000476_with_ILSVRC2012_val_00036142_rank683,939,939,0.52899,0
ILSVRC2012_val_00000476_with_ILSVRC2012_val_00040141_rank299,924,924,0.88681,0
ILSVRC2012_val_00000476_with_ILSVRC2012_val_00026425_rank1000,588,588,0.72836,0
ILSVRC2012_val_00000476_with_ILSVRC2012_val_00020860_rank900,492,492,0.9262,0
ILSVRC2012_val_00000476_with_ILSVRC2012_val_00004496_rank264,407,407,0.79909,0
ILSVRC2012_val_00000476_with_ILSVRC2012_val_00016601_rank526,618,731,0.62228,24
ILSVRC2012_val_00000476_with_ILSVRC2012_val_00032464_rank851,170,170,0.64369,0
ILSVRC2012_val_00000476_with_ILSVRC2012_val_00044778_rank716,899,463,0.78437,10
ILSVRC2012_val_00000476_with_ILSVRC2012_val_00007399_rank321,147,840,0.14279,907
ILSVRC2012_val_00000476_with_ILSVRC2012_val_00021762_rank892,513,845,0.14741,90
ILSVRC2012_val_00000476_with_ILSVRC2012_val_00021667_rank140,330,330,0.40498,0
ILSVRC2012_val_00000476_with_ILSVRC2012_val_00016074_rank600,261,261,0.3071,0
ILSVRC2012_val_00000476_with_ILSVRC2012_val_00006852_rank532,794,794,0.07282,0
ILSVRC2012_val_00000476_with_ILSVRC2012_val_00029195_rank829,796,591,0.34304,859
ILSVRC2012_val_00000476_with_ILSVRC2012_val_00038637_rank225,254,179,0.33927,10
ILSVRC2012_val_00000476_with_ILSVRC2012_val_00005950_rank477,663,483,0.35305,3
ILSVRC2012_val_00000476_with_ILSVRC2012_val_00030039_rank453,57,57,0.62264,0
ILSVRC2012_val_00000476_with_ILSVRC2012_val_00026871_rank597,845,845,0.17563,0
ILSVRC2012_val_00000476_with_ILSVRC2012_val_00048946_rank503,688,688,0.87006,0
ILSVRC2012_val_00000476_with_ILSVRC2012_val_00035480_rank257,196,196,0.88152,0
ILSVRC2012_val_00000476_with_ILSVRC2012_val_00038606_rank604,119,120,0.22434,1
ILSVRC2012_val_00000476_with_ILSVRC2012_val_00026649_rank597,845,845,0.73564,0
ILSVRC2012_val_00000476_with_ILSVRC2012_val_00044561_rank972,740,740,0.84383,0
ILSVRC2012_val_00000476_with_ILSVRC2012_val_00025435_rank242,28,28,0.71891,0
ILSVRC2012_val_00000476_with_ILSVRC2012_val_00038908_rank763,915,915,0.74604,0
ILSVRC2012_val_00000476_with_ILSVRC2012_val_00030351_rank744,817,882,0.43267,64
ILSVRC2012_val_00000476_with_ILSVRC2012_val_00037007_rank945,719,719,0.83982,0
ILSVRC2012_val_00000476_with_ILSVRC2012_val_00000596_rank114,471,784,0.26439,957
ILSVRC2012_val_00000476_with_ILSVRC2012_val_00046676_rank934,750,728,0.15474,94
ILSVRC2012_val_00000476_with_ILSVRC2012_val_00014446_rank564,212,212,0.81142,0
ILSVRC2012_val_00000476_with_ILSVRC2012_val_00048272_rank975,674,674,0.33019,0
ILSVRC2012_val_00000476_with_ILSVRC2012_val_00034195_rank575,595,595,0.62172,0
ILSVRC2012_val_00000476_with_ILSVRC2012_val_00021647_rank601,814,814,0.39333,0
ILSVRC2012_val_00000476_with_ILSVRC2012_val_00011390_rank581,673,674,0.13363,14
ILSVRC2012_val_00000476_with_ILSVRC2012_val_00023430_rank406,564,564,0.75529,0
ILSVRC2012_val_00000476_with_ILSVRC2012_val_00028541_rank601,814,814,0.7468,0
ILSVRC2012_val_00000476_with_ILSVRC2012_val_00033475_rank116,703,843,0.28282,1
ILSVRC2012_val_00000476_with_ILSVRC2012_val_00034544_rank535,701,701,0.92986,0
ILSVRC2012_val_00000476_with_ILSVRC2012_val_00004629_rank729,995,995,0.82415,0
ILSVRC2012_val_00000476_with_ILSVRC2012_val_00018660_rank035,24,49,0.13171,116
ILSVRC2012_val_00000476_with_ILSVRC2012_val_00007338_rank531,792,428,0.38038,1
ILSVRC2012_val_00000476_with_ILSVRC2012_val_00003485_rank219,200,200,0.82771,0
ILSVRC2012_val_00000476_with_ILSVRC2012_val_00011145_rank253,483,483,0.08745,0
ILSVRC2012_val_00000476_with_ILSVRC2012_val_00047034_rank945,719,719,0.72576,0
ILSVRC2012_val_00000476_with_ILSVRC2012_val_00008977_rank652,889,337,0.13063,696
ILSVRC2012_val_00000476_with_ILSVRC2012_val_00023991_rank687,118,118,0.27626,0
ILSVRC2012_val_00000476_with_ILSVRC2012_val_00005516_rank855,626,862,0.28004,10
ILSVRC2012_val_00000476_with_ILSVRC2012_val_00010079_rank764,791,791,0.62947,0
ILSVRC2012_val_00000476_with_ILSVRC2012_val_00000747_rank039,10,10,0.83206,0
ILSVRC2012_val_00000476_with_ILSVRC2012_val_00011953_rank820,869,399,0.45367,6
ILSVRC2012_val_00000476_with_ILSVRC2012_val_00019080_rank235,238,238,0.63603,0
ILSVRC2012_val_00000476_with_ILSVRC2012_val_00000765_rank728,732,732,0.74044,0
ILSVRC2012_val_00000476_with_ILSVRC2012_val_00008475_rank305,488,488,0.31944,0
ILSVRC2012_val_00000476_with_ILSVRC2012_val_00022780_rank059,331,331,0.72837,0
ILSVRC2012_val_00000476_with_ILSVRC2012_val_00021051_rank634,249,249,0.51655,0
ILSVRC2012_val_00000476_with_ILSVRC2012_val_00049217_rank112,105,105,0.79931,0
ILSVRC2012_val_00000476_with_ILSVRC2012_val_00009972_rank050,336,336,0.7574,0
ILSVRC2012_val_00000476_with_ILSVRC2012_val_00008998_rank918,859,859,0.68089,0
ILSVRC2012_val_00000476_with_ILSVRC2012_val_00025527_rank771,0,133,0.17368,242
ILSVRC2012_val_00000476_with_ILSVRC2012_val_00013126_rank769,220,220,0.69705,0
ILSVRC2012_val_00000476_with_ILSVRC2012_val_00021110_rank409,528,528,0.84119,0
ILSVRC2012_val_00000476_with_ILSVRC2012_val_00002830_rank491,563,563,0.31334,0
ILSVRC2012_val_00000476_with_ILSVRC2012_val_00012136_rank463,612,559,0.09769,37
ILSVRC2012_val_00000476_with_ILSVRC2012_val_00005488_rank508,904,743,0.36607,11
ILSVRC2012_val_00000476_with_ILSVRC2012_val_00047830_rank546,965,114,0.70284,569
ILSVRC2012_val_00000476_with_ILSVRC2012_val_00010562_rank189,316,316,0.8424,0
ILSVRC2012_val_00000476_with_ILSVRC2012_val_00047687_rank304,511,511,0.75438,0
ILSVRC2012_val_00000476_with_ILSVRC2012_val_00022341_rank614,213,213,0.78089,0
ILSVRC2012_val_00000476_with_ILSVRC2012_val_00002139_rank267,988,988,0.75331,0
ILSVRC2012_val_00000476_with_ILSVRC2012_val_00012235_rank306,167,162,0.38531,2
ILSVRC2012_val_00000476_with_ILSVRC2012_val_00030008_rank884,910,644,0.27133,17
ILSVRC2012_val_00000476_with_ILSVRC2012_val_00038139_rank195,704,704,0.83735,0
ILSVRC2012_val_00000476_with_ILSVRC2012_val_00047420_rank541,784,703,0.2073,961
ILSVRC2012_val_00000476_with_ILSVRC2012_val_00001539_rank161,304,316,0.47542,11
ILSVRC2012_val_00000476_with_ILSVRC2012_val_00000217_rank009,16,16,0.86602,0
ILSVRC2012_val_00000476_with_ILSVRC2012_val_00017766_rank589,169,169,0.8891,0
ILSVRC2012_val_00000476_with_ILSVRC2012_val_00049844_rank782,616,133,0.17249,486
ILSVRC2012_val_00000476_with_ILSVRC2012_val_00027762_rank040,7,8,0.59844,1
ILSVRC2012_val_00000476_with_ILSVRC2012_val_00027658_rank907,461,36,0.1664,527
ILSVRC2012_val_00000476_with_ILSVRC2012_val_00017506_rank175,682,682,0.35961,0
ILSVRC2012_val_00000476_with_ILSVRC2012_val_00013528_rank622,333,333,0.75413,0
ILSVRC2012_val_00000476_with_ILSVRC2012_val_00041061_rank521,930,930,0.55949,0
ILSVRC2012_val_00000476_with_ILSVRC2012_val_00019578_rank374,30,30,0.77969,0
ILSVRC2012_val_00000476_with_ILSVRC2012_val_00023307_rank461,276,276,0.77859,0
ILSVRC2012_val_00000476_with_ILSVRC2012_val_00047484_rank784,360,150,0.22857,3
ILSVRC2012_val_00000476_with_ILSVRC2012_val_00002269_rank462,652,413,0.63808,7
ILSVRC2012_val_00000476_with_ILSVRC2012_val_00016359_rank699,925,925,0.80704,0
ILSVRC2012_val_00000476_with_ILSVRC2012_val_00012282_rank282,497,538,0.26372,3
ILSVRC2012_val_00000476_with_ILSVRC2012_val_00025666_rank886,881,881,0.23214,0
ILSVRC2012_val_00000476_with_ILSVRC2012_val_00004599_rank726,459,693,0.14518,609
ILSVRC2012_val_00000476_with_ILSVRC2012_val_00006371_rank785,871,484,0.46027,1
ILSVRC2012_val_00000476_with_ILSVRC2012_val_00036405_rank107,303,303,0.75695,0
ILSVRC2012_val_00000476_with_ILSVRC2012_val_00022207_rank076,140,137,0.47163,9
ILSVRC2012_val_00000476_with_ILSVRC2012_val_00003736_rank644,558,38,0.14781,239
ILSVRC2012_val_00000476_with_ILSVRC2012_val_00035773_rank941,642,642,0.87082,0
ILSVRC2012_val_00000476_with_ILSVRC2012_val_00046225_rank870,676,676,0.94257,0
ILSVRC2012_val_00000476_with_ILSVRC2012_val_00041125_rank619,802,137,0.16098,122
ILSVRC2012_val_00000476_with_ILSVRC2012_val_00035593_rank100,74,73,0.22051,2
ILSVRC2012_val_00000476_with_ILSVRC2012_val_00031746_rank404,504,504,0.59996,0
ILSVRC2012_val_00000476_with_ILSVRC2012_val_00033367_rank932,423,423,0.23354,0
ILSVRC2012_val_00000476_with_ILSVRC2012_val_00008864_rank810,929,280,0.09679,996
ILSVRC2012_val_00000476_with_ILSVRC2012_val_00002526_rank295,467,337,0.14283,388
ILSVRC2012_val_00000476_with_ILSVRC2012_val_00011348_rank522,949,949,0.85367,0
ILSVRC2012_val_00000476_with_ILSVRC2012_val_00042146_rank585,495,660,0.29111,81
ILSVRC2012_val_00000476_with_ILSVRC2012_val_00021463_rank945,719,719,0.79664,0
ILSVRC2012_val_00000476_with_ILSVRC2012_val_00015244_rank201,161,161,0.597,0
ILSVRC2012_val_00000476_with_ILSVRC2012_val_00040708_rank586,163,163,0.80489,0
ILSVRC2012_val_00000476_with_ILSVRC2012_val_00008727_rank291,268,268,0.51443,0
ILSVRC2012_val_00000476_with_ILSVRC2012_val_00026914_rank882,481,481,0.59249,0
ILSVRC2012_val_00000476_with_ILSVRC2012_val_00037912_rank376,586,586,0.7047,0
ILSVRC2012_val_00000476_with_ILSVRC2012_val_00013384_rank402,607,607,0.84066,0
ILSVRC2012_val_00000476_with_ILSVRC2012_val_00003748_rank374,30,30,0.767,0
ILSVRC2012_val_00000476_with_ILSVRC2012_val_00037729_rank527,49,49,0.79734,0
ILSVRC2012_val_00000476_with_ILSVRC2012_val_00027577_rank863,697,431,0.2343,18
ILSVRC2012_val_00000476_with_ILSVRC2012_val_00021263_rank804,473,473,0.83971,0
ILSVRC2012_val_00000476_with_ILSVRC2012_val_00003111_rank470,909,567,0.41919,1
ILSVRC2012_val_00000476_with_ILSVRC2012_val_00042403_rank557,783,783,0.37575,0
ILSVRC2012_val_00000476_with_ILSVRC2012_val_00007004_rank057,895,895,0.19963,0
ILSVRC2012_val_00000476_with_ILSVRC2012_val_00026200_rank335,770,770,0.78429,0
ILSVRC2012_val_00000476_with_ILSVRC2012_val_00046208_rank651,615,615,0.61811,0
ILSVRC2012_val_00000476_with_ILSVRC2012_val_00036494_rank702,113,113,0.32018,0
ILSVRC2012_val_00000476_with_ILSVRC2012_val_00008197_rank280,250,250,0.52205,0
ILSVRC2012_val_00000476_with_ILSVRC2012_val_00041147_rank788,228,228,0.3655,0
ILSVRC2012_val_00000476_with_ILSVRC2012_val_00000127_rank263,352,352,0.88867,0
ILSVRC2012_val_00000476_with_ILSVRC2012_val_00008640_rank438,5,5,0.7292,0
ILSVRC2012_val_00000476_with_ILSVRC2012_val_00036068_rank856,66,68,0.28687,1
ILSVRC2012_val_00000476_with_ILSVRC2012_val_00011341_rank789,855,855,0.75412,0
ILSVRC2012_val_00000476_with_ILSVRC2012_val_00021412_rank336,486,889,0.57311,1
ILSVRC2012_val_00000476_with_ILSVRC2012_val_00030371_rank318,45,45,0.75551,0
ILSVRC2012_val_00000476_with_ILSVRC2012_val_00028912_rank143,104,104,0.5618,0
ILSVRC2012_val_00000476_with_ILSVRC2012_val_00041526_rank542,617,133,0.25607,878
ILSVRC2012_val_00000476_with_ILSVRC2012_val_00020215_rank145,377,377,0.54201,0
ILSVRC2012_val_00000476_with_ILSVRC2012_val_00020023_rank095,251,251,0.78948,0
ILSVRC2012_val_00000476_with_ILSVRC2012_val_00044202_rank326,192,192,0.87989,0
ILSVRC2012_val_00000476_with_ILSVRC2012_val_00045122_rank567,942,942,0.24445,0
ILSVRC2012_val_00000476_with_ILSVRC2012_val_00031273_rank005,15,15,0.32173,0
ILSVRC2012_val_00000476_with_ILSVRC2012_val_00039984_rank952,711,711,0.56463,0
ILSVRC2012_val_00000476_with_ILSVRC2012_val_00011671_rank873,748,748,0.26974,0
ILSVRC2012_val_00000476_with_ILSVRC2012_val_00016269_rank451,880,64,0.39858,580
ILSVRC2012_val_00000476_with_ILSVRC2012_val_00003999_rank085,275,275,0.81431,0
ILSVRC2012_val_00000476_with_ILSVRC2012_val_00029665_rank699,925,925,0.6843,0
ILSVRC2012_val_00000476_with_ILSVRC2012_val_00043930_rank627,438,438,0.74758,0
ILSVRC2012_val_00000476_with_ILSVRC2012_val_00041491_rank080,353,352,0.38272,1
ILSVRC2012_val_00000476_with_ILSVRC2012_val_00011400_rank851,170,177,0.35274,1
ILSVRC2012_val_00000476_with_ILSVRC2012_val_00026827_rank954,658,696,0.14797,693
ILSVRC2012_val_00000476_with_ILSVRC2012_val_00047696_rank056,88,88,0.77224,0
ILSVRC2012_val_00000476_with_ILSVRC2012_val_00020087_rank884,910,910,0.48102,0
ILSVRC2012_val_00000476_with_ILSVRC2012_val_00024271_rank809,696,696,0.55088,0
ILSVRC2012_val_00000476_with_ILSVRC2012_val_00037733_rank933,283,283,0.7672,0
ILSVRC2012_val_00000476_with_ILSVRC2012_val_00004376_rank507,958,337,0.43139,254
ILSVRC2012_val_00000476_with_ILSVRC2012_val_00048753_rank725,603,603,0.78942,0
ILSVRC2012_val_00000476_with_ILSVRC2012_val_00014929_rank181,951,951,0.70035,0
ILSVRC2012_val_00000476_with_ILSVRC2012_val_00037956_rank615,677,596,0.63753,8
ILSVRC2012_val_00000476_with_ILSVRC2012_val_00016628_rank051,148,131,0.22135,207
ILSVRC2012_val_00000476_with_ILSVRC2012_val_00011320_rank094,39,39,0.60431,0
ILSVRC2012_val_00000476_with_ILSVRC2012_val_00020577_rank272,920,920,0.88192,0
ILSVRC2012_val_00000476_with_ILSVRC2012_val_00007553_rank153,900,900,0.83092,0
ILSVRC2012_val_00000476_with_ILSVRC2012_val_00009877_rank235,238,238,0.77824,0
ILSVRC2012_val_00000476_with_ILSVRC2012_val_00026240_rank689,529,728,0.78132,35
ILSVRC2012_val_00000476_with_ILSVRC2012_val_00024481_rank508,904,904,0.3813,0
ILSVRC2012_val_00000476_with_ILSVRC2012_val_00040641_rank168,189,201,0.8126,21
ILSVRC2012_val_00000476_with_ILSVRC2012_val_00042290_rank362,463,463,0.90814,0
ILSVRC2012_val_00000476_with_ILSVRC2012_val_00039188_rank489,151,151,0.5535,0
ILSVRC2012_val_00000476_with_ILSVRC2012_val_00015374_rank239,65,65,0.45339,0
ILSVRC2012_val_00000476_with_ILSVRC2012_val_00037593_rank270,237,227,0.468,6
ILSVRC2012_val_00000476_with_ILSVRC2012_val_00029834_rank712,175,202,0.23576,33
ILSVRC2012_val_00000476_with_ILSVRC2012_val_00012223_rank011,85,85,0.69073,0
ILSVRC2012_val_00000476_with_ILSVRC2012_val_00036098_rank792,604,604,0.87666,0
ILSVRC2012_val_00000476_with_ILSVRC2012_val_00032888_rank576,487,487,0.31738,0
ILSVRC2012_val_00000476_with_ILSVRC2012_val_00010108_rank558,786,859,0.11911,13
ILSVRC2012_val_00000476_with_ILSVRC2012_val_00031912_rank259,957,957,0.69257,0
ILSVRC2012_val_00000476_with_ILSVRC2012_val_00034919_rank173,59,59,0.50331,0
ILSVRC2012_val_00000476_with_ILSVRC2012_val_00003074_rank604,119,118,0.48628,3
ILSVRC2012_val_00000476_with_ILSVRC2012_val_00032134_rank102,858,858,0.95656,0
ILSVRC2012_val_00000476_with_ILSVRC2012_val_00000671_rank459,864,864,0.19986,0
ILSVRC2012_val_00000476_with_ILSVRC2012_val_00013581_rank381,952,952,0.76529,0
ILSVRC2012_val_00000476_with_ILSVRC2012_val_00006075_rank054,86,86,0.47247,0
ILSVRC2012_val_00000476_with_ILSVRC2012_val_00012291_rank287,153,153,0.82147,0
ILSVRC2012_val_00000476_with_ILSVRC2012_val_00017346_rank453,57,57,0.77549,0
ILSVRC2012_val_00000476_with_ILSVRC2012_val_00000088_rank242,28,28,0.75687,0
ILSVRC2012_val_00000476_with_ILSVRC2012_val_00031616_rank728,732,732,0.82987,0
ILSVRC2012_val_00000476_with_ILSVRC2012_val_00024728_rank101,912,644,0.39861,364
ILSVRC2012_val_00000476_with_ILSVRC2012_val_00032742_rank911,867,621,0.19432,144
ILSVRC2012_val_00000476_with_ILSVRC2012_val_00033514_rank784,360,360,0.19859,0
ILSVRC2012_val_00000476_with_ILSVRC2012_val_00001693_rank387,221,221,0.74326,0
ILSVRC2012_val_00000476_with_ILSVRC2012_val_00028057_rank701,986,952,0.37271,66
ILSVRC2012_val_00000476_with_ILSVRC2012_val_00008113_rank071,277,277,0.6732,0
ILSVRC2012_val_00000476_with_ILSVRC2012_val_00024032_rank628,934,934,0.77578,0
ILSVRC2012_val_00000476_with_ILSVRC2012_val_00018781_rank460,742,782,0.14961,3
ILSVRC2012_val_00000476_with_ILSVRC2012_val_00010721_rank754,559,559,0.39833,0
ILSVRC2012_val_00000476_with_ILSVRC2012_val_00035284_rank227,350,350,0.52122,0
ILSVRC2012_val_00000476_with_ILSVRC2012_val_00036354_rank015,96,96,0.73689,0
ILSVRC2012_val_00000476_with_ILSVRC2012_val_00011117_rank108,825,825,0.68503,0
ILSVRC2012_val_00000476_with_ILSVRC2012_val_00040645_rank131,245,245,0.85592,0
ILSVRC2012_val_00000476_with_ILSVRC2012_val_00003200_rank347,510,510,0.67471,0
ILSVRC2012_val_00000476_with_ILSVRC2012_val_00017272_rank508,904,904,0.19914,0
ILSVRC2012_val_00000476_with_ILSVRC2012_val_00012475_rank099,135,135,0.74552,0
ILSVRC2012_val_00000476_with_ILSVRC2012_val_00019962_rank326,192,192,0.89036,0
ILSVRC2012_val_00000476_with_ILSVRC2012_val_00017994_rank017,22,22,0.42637,0
ILSVRC2012_val_00000476_with_ILSVRC2012_val_00045458_rank573,708,708,0.30437,0
ILSVRC2012_val_00000476_with_ILSVRC2012_val_00045694_rank393,780,780,0.78328,0
ILSVRC2012_val_00000476_with_ILSVRC2012_val_00025942_rank504,287,287,0.08955,0
ILSVRC2012_val_00000476_with_ILSVRC2012_val_00041352_rank301,913,913,0.23911,0
ILSVRC2012_val_00000476_with_ILSVRC2012_val_00001366_rank978,126,126,0.89012,0
ILSVRC2012_val_00000476_with_ILSVRC2012_val_00012575_rank319,723,723,0.90373,0
ILSVRC2012_val_00000476_with_ILSVRC2012_val_00005613_rank172,280,279,0.70642,8
ILSVRC2012_val_00000476_with_ILSVRC2012_val_00017748_rank176,640,703,0.76696,66
ILSVRC2012_val_00000476_with_ILSVRC2012_val_00009252_rank642,785,596,0.12905,263
ILSVRC2012_val_00000476_with_ILSVRC2012_val_00000805_rank192,907,907,0.72334,0
ILSVRC2012_val_00000476_with_ILSVRC2012_val_00010545_rank127,55,55,0.78277,0
ILSVRC2012_val_00000476_with_ILSVRC2012_val_00022907_rank816,386,386,0.41986,0
ILSVRC2012_val_00000476_with_ILSVRC2012_val_00003500_rank083,384,384,0.63633,0
ILSVRC2012_val_00000476_with_ILSVRC2012_val_00034313_rank460,742,742,0.75262,0
ILSVRC2012_val_00000476_with_ILSVRC2012_val_00027629_rank851,170,104,0.36882,129
ILSVRC2012_val_00000476_with_ILSVRC2012_val_00045418_rank275,67,67,0.66452,0
ILSVRC2012_val_00000476_with_ILSVRC2012_val_00043654_rank965,710,710,0.81019,0
ILSVRC2012_val_00000476_with_ILSVRC2012_val_00036943_rank862,793,133,0.15309,917
ILSVRC2012_val_00000476_with_ILSVRC2012_val_00023495_rank674,803,609,0.56087,17
ILSVRC2012_val_00000476_with_ILSVRC2012_val_00041757_rank722,767,129,0.15816,513
ILSVRC2012_val_00000476_with_ILSVRC2012_val_00017577_rank048,12,12,0.22431,0
ILSVRC2012_val_00000476_with_ILSVRC2012_val_00020650_rank790,584,491,0.3657,518
ILSVRC2012_val_00000476_with_ILSVRC2012_val_00039154_rank510,752,752,0.54342,0
ILSVRC2012_val_00000476_with_ILSVRC2012_val_00042705_rank027,139,139,0.68915,0
ILSVRC2012_val_00000476_with_ILSVRC2012_val_00006888_rank338,399,399,0.77894,0
ILSVRC2012_val_00000476_with_ILSVRC2012_val_00011869_rank271,155,155,0.52416,0
ILSVRC2012_val_00000476_with_ILSVRC2012_val_00022316_rank618,836,92,0.24902,414
ILSVRC2012_val_00000476_with_ILSVRC2012_val_00011433_rank430,225,225,0.59105,0
ILSVRC2012_val_00000476_with_ILSVRC2012_val_00006033_rank596,539,539,0.81528,0
ILSVRC2012_val_00000476_with_ILSVRC2012_val_00030936_rank174,300,300,0.61561,0
ILSVRC2012_val_00000476_with_ILSVRC2012_val_00034707_rank920,651,651,0.90584,0
ILSVRC2012_val_00000476_with_ILSVRC2012_val_00027267_rank473,176,176,0.45108,0
ILSVRC2012_val_00000476_with_ILSVRC2012_val_00019045_rank010,136,136,0.77006,0
ILSVRC2012_val_00000476_with_ILSVRC2012_val_00031668_rank837,800,800,0.7384,0
ILSVRC2012_val_00000476_with_ILSVRC2012_val_00001425_rank976,178,178,0.85926,0
ILSVRC2012_val_00000476_with_ILSVRC2012_val_00003861_rank002,17,17,0.75341,0
ILSVRC2012_val_00000476_with_ILSVRC2012_val_00009893_rank380,547,829,0.75127,4
ILSVRC2012_val_00000476_with_ILSVRC2012_val_00021370_rank746,255,255,0.6041,0
ILSVRC2012_val_00000476_with_ILSVRC2012_val_00030997_rank457,670,670,0.63347,0
ILSVRC2012_val_00000476_with_ILSVRC2012_val_00007574_rank449,31,31,0.78483,0
ILSVRC2012_val_00000476_with_ILSVRC2012_val_00026549_rank108,825,337,0.13696,546
ILSVRC2012_val_00000476_with_ILSVRC2012_val_00016030_rank665,71,71,0.78393,0
ILSVRC2012_val_00000476_with_ILSVRC2012_val_00022821_rank709,478,478,0.80563,0
ILSVRC2012_val_00000476_with_ILSVRC2012_val_00043542_rank920,651,651,0.49743,0
ILSVRC2012_val_00000476_with_ILSVRC2012_val_00013665_rank713,590,590,0.41638,0
ILSVRC2012_val_00000476_with_ILSVRC2012_val_00011919_rank670,709,879,0.55765,194
ILSVRC2012_val_00000476_with_ILSVRC2012_val_00013751_rank443,53,64,0.30989,23
ILSVRC2012_val_00000476_with_ILSVRC2012_val_00009311_rank355,972,525,0.12179,9
ILSVRC2012_val_00000476_with_ILSVRC2012_val_00009837_rank464,544,544,0.33926,0
ILSVRC2012_val_00000476_with_ILSVRC2012_val_00024854_rank204,983,14,0.31675,111
ILSVRC2012_val_00000476_with_ILSVRC2012_val_00026160_rank857,526,709,0.18104,124
ILSVRC2012_val_00000476_with_ILSVRC2012_val_00003137_rank148,984,133,0.21997,117
ILSVRC2012_val_00000476_with_ILSVRC2012_val_00018431_rank088,387,387,0.8163,0
ILSVRC2012_val_00000476_with_ILSVRC2012_val_00033692_rank574,520,559,0.32408,87
ILSVRC2012_val_00000476_with_ILSVRC2012_val_00011694_rank511,395,44,0.31333,29
ILSVRC2012_val_00000476_with_ILSVRC2012_val_00046093_rank760,325,325,0.87239,0
ILSVRC2012_val_00000476_with_ILSVRC2012_val_00010602_rank999,51,172,0.2742,711
ILSVRC2012_val_00000476_with_ILSVRC2012_val_00044135_rank994,226,200,0.66951,2
ILSVRC2012_val_00000476_with_ILSVRC2012_val_00024120_rank848,886,886,0.76719,0
ILSVRC2012_val_00000476_with_ILSVRC2012_val_00015466_rank799,568,885,0.28545,20
ILSVRC2012_val_00000476_with_ILSVRC2012_val_00039324_rank936,712,463,0.17261,65
ILSVRC2012_val_00000476_with_ILSVRC2012_val_00016881_rank038,375,375,0.77629,0
ILSVRC2012_val_00000476_with_ILSVRC2012_val_00009947_rank256,382,382,0.45215,0
ILSVRC2012_val_00000476_with_ILSVRC2012_val_00009081_rank554,337,337,0.91394,0
ILSVRC2012_val_00000476_with_ILSVRC2012_val_00049989_rank338,399,692,0.25466,815
ILSVRC2012_val_00000476_with_ILSVRC2012_val_00027832_rank301,913,913,0.61954,0
ILSVRC2012_val_00000476_with_ILSVRC2012_val_00016117_rank130,381,381,0.91578,0
ILSVRC2012_val_00000476_with_ILSVRC2012_val_00017343_rank615,677,677,0.66649,0
ILSVRC2012_val_00000476_with_ILSVRC2012_val_00015922_rank021,20,20,0.82803,0
ILSVRC2012_val_00000476_with_ILSVRC2012_val_00045699_rank241,605,605,0.70643,0
ILSVRC2012_val_00000476_with_ILSVRC2012_val_00039556_rank201,161,161,0.76572,0
ILSVRC2012_val_00000476_with_ILSVRC2012_val_00036248_rank280,250,248,0.46715,1
ILSVRC2012_val_00000476_with_ILSVRC2012_val_00015787_rank535,701,584,0.1945,440
ILSVRC2012_val_00000476_with_ILSVRC2012_val_00018379_rank915,753,753,0.75397,0
ILSVRC2012_val_00000476_with_ILSVRC2012_val_00041679_rank896,419,419,0.89,0
ILSVRC2012_val_00000476_with_ILSVRC2012_val_00040831_rank836,576,472,0.42488,2
ILSVRC2012_val_00000476_with_ILSVRC2012_val_00023752_rank949,932,932,0.84105,0
ILSVRC2012_val_00000476_with_ILSVRC2012_val_00039517_rank864,531,826,0.48405,1
ILSVRC2012_val_00000476_with_ILSVRC2012_val_00005798_rank437,581,581,0.53676,0
ILSVRC2012_val_00000476_with_ILSVRC2012_val_00046600_rank482,668,668,0.64817,0
ILSVRC2012_val_00000476_with_ILSVRC2012_val_00022834_rank680,822,822,0.83501,0
ILSVRC2012_val_00000476_with_ILSVRC2012_val_00040364_rank167,437,440,0.71076,220
ILSVRC2012_val_00000476_with_ILSVRC2012_val_00003989_rank150,755,755,0.38241,0
ILSVRC2012_val_00000476_with_ILSVRC2012_val_00004280_rank775,54,54,0.60931,0
ILSVRC2012_val_00000476_with_ILSVRC2012_val_00010744_rank982,431,431,0.47111,0
ILSVRC2012_val_00000476_with_ILSVRC2012_val_00031439_rank514,160,160,0.64784,0
ILSVRC2012_val_00000476_with_ILSVRC2012_val_00046808_rank404,504,504,0.71834,0
ILSVRC2012_val_00000476_with_ILSVRC2012_val_00018497_rank218,824,619,0.22466,265
ILSVRC2012_val_00000476_with_ILSVRC2012_val_00006606_rank616,679,82,0.13724,638
ILSVRC2012_val_00000476_with_ILSVRC2012_val_00006477_rank432,887,887,0.74962,0
ILSVRC2012_val_00000476_with_ILSVRC2012_val_00034155_rank828,181,181,0.70667,0
ILSVRC2012_val_00000476_with_ILSVRC2012_val_00012253_rank149,367,367,0.72722,0
ILSVRC2012_val_00000476_with_ILSVRC2012_val_00017085_rank102,858,488,0.39443,58
ILSVRC2012_val_00000476_with_ILSVRC2012_val_00005448_rank463,612,612,0.71636,0
ILSVRC2012_val_00000476_with_ILSVRC2012_val_00035481_rank299,924,463,0.1223,426
ILSVRC2012_val_00000476_with_ILSVRC2012_val_00041783_rank862,793,793,0.87368,0
ILSVRC2012_val_00000476_with_ILSVRC2012_val_00005765_rank173,59,55,0.42717,1
ILSVRC2012_val_00000476_with_ILSVRC2012_val_00021900_rank486,879,131,0.15876,246
ILSVRC2012_val_00000476_with_ILSVRC2012_val_00000829_rank376,586,586,0.74048,0
ILSVRC2012_val_00000476_with_ILSVRC2012_val_00039261_rank032,95,95,0.71859,0
ILSVRC2012_val_00000476_with_ILSVRC2012_val_00022951_rank194,334,334,0.65815,0
ILSVRC2012_val_00000476_with_ILSVRC2012_val_00024017_rank961,541,541,0.79442,0
ILSVRC2012_val_00000476_with_ILSVRC2012_val_00003498_rank760,325,325,0.89997,0
ILSVRC2012_val_00000476_with_ILSVRC2012_val_00014578_rank943,371,371,0.79856,0
ILSVRC2012_val_00000476_with_ILSVRC2012_val_00043608_rank613,721,721,0.64827,0
ILSVRC2012_val_00000476_with_ILSVRC2012_val_00012900_rank745,660,449,0.22794,3
ILSVRC2012_val_00000476_with_ILSVRC2012_val_00021143_rank873,748,452,0.27204,19
ILSVRC2012_val_00000476_with_ILSVRC2012_val_00038284_rank073,835,835,0.80022,0
ILSVRC2012_val_00000476_with_ILSVRC2012_val_00022167_rank183,989,989,0.80626,0
ILSVRC2012_val_00000476_with_ILSVRC2012_val_00029800_rank347,510,510,0.81462,0
ILSVRC2012_val_00000476_with_ILSVRC2012_val_00021072_rank234,315,315,0.27369,0
ILSVRC2012_val_00000476_with_ILSVRC2012_val_00037934_rank776,936,936,0.83473,0
ILSVRC2012_val_00000476_with_ILSVRC2012_val_00019100_rank993,33,33,0.83589,0
ILSVRC2012_val_00000476_with_ILSVRC2012_val_00015595_rank560,834,457,0.81106,3
ILSVRC2012_val_00000476_with_ILSVRC2012_val_00047690_rank086,272,280,0.66027,3
ILSVRC2012_val_00000476_with_ILSVRC2012_val_00004845_rank143,104,104,0.85562,0
ILSVRC2012_val_00000476_with_ILSVRC2012_val_00004190_rank159,378,378,0.08571,0
ILSVRC2012_val_00000476_with_ILSVRC2012_val_00046929_rank638,812,812,0.85928,0
ILSVRC2012_val_00000476_with_ILSVRC2012_val_00002009_rank279,565,565,0.77272,0
ILSVRC2012_val_00000476_with_ILSVRC2012_val_00023490_rank414,412,463,0.06935,1
ILSVRC2012_val_00000476_with_ILSVRC2012_val_00036434_rank129,308,308,0.68334,0
ILSVRC2012_val_00000476_with_ILSVRC2012_val_00043111_rank635,27,27,0.8013,0
ILSVRC2012_val_00000476_with_ILSVRC2012_val_00035207_rank926,149,728,0.40995,356
ILSVRC2012_val_00000476_with_ILSVRC2012_val_00005973_rank772,540,540,0.72265,0
ILSVRC2012_val_00000476_with_ILSVRC2012_val_00040684_rank568,964,997,0.15593,53
ILSVRC2012_val_00000476_with_ILSVRC2012_val_00041889_rank639,108,108,0.77652,0
ILSVRC2012_val_00000476_with_ILSVRC2012_val_00037978_rank084,985,985,0.71067,0
ILSVRC2012_val_00000476_with_ILSVRC2012_val_00002989_rank122,240,238,0.69771,2
ILSVRC2012_val_00000476_with_ILSVRC2012_val_00013063_rank939,402,596,0.15481,221
ILSVRC2012_val_00000476_with_ILSVRC2012_val_00022634_rank405,945,945,0.85932,0
ILSVRC2012_val_00000476_with_ILSVRC2012_val_00004548_rank055,217,137,0.60556,92
ILSVRC2012_val_00000476_with_ILSVRC2012_val_00013526_rank624,954,428,0.57227,421
ILSVRC2012_val_00000476_with_ILSVRC2012_val_00047234_rank416,589,589,0.62134,0
ILSVRC2012_val_00000476_with_ILSVRC2012_val_00044396_rank693,521,987,0.44441,123
ILSVRC2012_val_00000476_with_ILSVRC2012_val_00029799_rank284,264,264,0.46341,0
ILSVRC2012_val_00000476_with_ILSVRC2012_val_00029901_rank158,425,448,0.23717,18
ILSVRC2012_val_00000476_with_ILSVRC2012_val_00036548_rank390,380,373,0.15614,10
ILSVRC2012_val_00000476_with_ILSVRC2012_val_00001288_rank014,89,89,0.80124,0
ILSVRC2012_val_00000476_with_ILSVRC2012_val_00021702_rank961,541,541,0.64646,0
ILSVRC2012_val_00000476_with_ILSVRC2012_val_00032780_rank075,144,144,0.83499,0
ILSVRC2012_val_00000476_with_ILSVRC2012_val_00047009_rank016,97,97,0.69308,0
ILSVRC2012_val_00000476_with_ILSVRC2012_val_00021991_rank430,225,225,0.67603,0
ILSVRC2012_val_00000476_with_ILSVRC2012_val_00040402_rank894,842,843,0.03889,179
ILSVRC2012_val_00000476_with_ILSVRC2012_val_00047106_rank014,89,89,0.80297,0
ILSVRC2012_val_00000476_with_ILSVRC2012_val_00002613_rank935,760,644,0.06083,173
ILSVRC2012_val_00000476_with_ILSVRC2012_val_00028286_rank729,995,995,0.84091,0
ILSVRC2012_val_00000476_with_ILSVRC2012_val_00019490_rank596,539,282,0.60022,145
ILSVRC2012_val_00000476_with_ILSVRC2012_val_00046467_rank632,552,129,0.32266,228
ILSVRC2012_val_00000476_with_ILSVRC2012_val_00039309_rank272,920,733,0.12505,7
ILSVRC2012_val_00000476_with_ILSVRC2012_val_00008671_rank260,637,637,0.67034,0
ILSVRC2012_val_00000476_with_ILSVRC2012_val_00040784_rank229,290,288,0.50458,1
ILSVRC2012_val_00000476_with_ILSVRC2012_val_00017073_rank467,599,599,0.47886,0
ILSVRC2012_val_00000476_with_ILSVRC2012_val_00020403_rank306,167,162,0.42339,2
ILSVRC2012_val_00000476_with_ILSVRC2012_val_00036477_rank798,851,851,0.71225,0
ILSVRC2012_val_00000476_with_ILSVRC2012_val_00011229_rank120,256,256,0.85566,0
ILSVRC2012_val_00000476_with_ILSVRC2012_val_00016163_rank503,688,688,0.81143,0
ILSVRC2012_val_00000476_with_ILSVRC2012_val_00045168_rank908,811,487,0.43926,196
ILSVRC2012_val_00000476_with_ILSVRC2012_val_00043632_rank151,284,284,0.78375,0
ILSVRC2012_val_00000476_with_ILSVRC2012_val_00044064_rank142,716,379,0.15067,385
ILSVRC2012_val_00000476_with_ILSVRC2012_val_00006117_rank516,713,713,0.83356,0
ILSVRC2012_val_00000476_with_ILSVRC2012_val_00009460_rank123,4,131,0.29063,62
ILSVRC2012_val_00000476_with_ILSVRC2012_val_00008224_rank385,77,77,0.41953,0
ILSVRC2012_val_00000476_with_ILSVRC2012_val_00049172_rank857,526,782,0.09535,15
ILSVRC2012_val_00000476_with_ILSVRC2012_val_00004128_rank558,786,786,0.26726,0
ILSVRC2012_val_00000476_with_ILSVRC2012_val_00006612_rank419,286,286,0.73829,0
ILSVRC2012_val_00000476_with_ILSVRC2012_val_00018211_rank687,118,458,0.04415,403
ILSVRC2012_val_00000476_with_ILSVRC2012_val_00045020_rank904,827,827,0.765,0
ILSVRC2012_val_00000476_with_ILSVRC2012_val_00033403_rank059,331,331,0.56391,0
ILSVRC2012_val_00000476_with_ILSVRC2012_val_00025486_rank881,456,131,0.17593,937
ILSVRC2012_val_00000476_with_ILSVRC2012_val_00043729_rank782,616,92,0.65902,152
ILSVRC2012_val_00000476_with_ILSVRC2012_val_00031541_rank265,37,37,0.48869,0
ILSVRC2012_val_00000476_with_ILSVRC2012_val_00018947_rank455,208,208,0.79133,0
ILSVRC2012_val_00000476_with_ILSVRC2012_val_00039450_rank121,458,458,0.75094,0
ILSVRC2012_val_00000476_with_ILSVRC2012_val_00044129_rank340,297,297,0.73739,0
ILSVRC2012_val_00000476_with_ILSVRC2012_val_00027411_rank785,871,871,0.87365,0
ILSVRC2012_val_00000476_with_ILSVRC2012_val_00002046_rank150,755,728,0.78285,638
ILSVRC2012_val_00000476_with_ILSVRC2012_val_00046910_rank840,594,594,0.81894,0
ILSVRC2012_val_00000476_with_ILSVRC2012_val_00030995_rank759,843,131,0.07517,683
ILSVRC2012_val_00000476_with_ILSVRC2012_val_00012970_rank507,958,674,0.10697,886
ILSVRC2012_val_00000476_with_ILSVRC2012_val_00005096_rank241,605,605,0.77477,0
ILSVRC2012_val_00000476_with_ILSVRC2012_val_00049127_rank945,719,719,0.82835,0
ILSVRC2012_val_00000476_with_ILSVRC2012_val_00044302_rank301,913,595,0.16594,74
ILSVRC2012_val_00000476_with_ILSVRC2012_val_00023367_rank163,888,888,0.67229,0
ILSVRC2012_val_00000476_with_ILSVRC2012_val_00023934_rank402,607,607,0.83893,0
ILSVRC2012_val_00000476_with_ILSVRC2012_val_00010393_rank039,10,10,0.8118,0
ILSVRC2012_val_00000476_with_ILSVRC2012_val_00007664_rank007,93,93,0.77502,0
ILSVRC2012_val_00000476_with_ILSVRC2012_val_00017963_rank527,49,49,0.60397,0
ILSVRC2012_val_00000476_with_ILSVRC2012_val_00011070_rank494,121,121,0.88054,0
ILSVRC2012_val_00000476_with_ILSVRC2012_val_00042936_rank766,690,690,0.13141,0
ILSVRC2012_val_00000476_with_ILSVRC2012_val_00017916_rank008,19,19,0.76502,0
ILSVRC2012_val_00000476_with_ILSVRC2012_val_00030762_rank728,732,850,0.79947,127
ILSVRC2012_val_00000476_with_ILSVRC2012_val_00040235_rank113,768,768,0.67714,0
ILSVRC2012_val_00000476_with_ILSVRC2012_val_00028215_rank730,484,142,0.34977,63
ILSVRC2012_val_00000476_with_ILSVRC2012_val_00010695_rank488,823,610,0.50363,137
ILSVRC2012_val_00000476_with_ILSVRC2012_val_00041759_rank505,258,258,0.68081,0
ILSVRC2012_val_00000476_with_ILSVRC2012_val_00043827_rank500,203,203,0.80883,0
ILSVRC2012_val_00000476_with_ILSVRC2012_val_00010167_rank739,775,793,0.16539,50
ILSVRC2012_val_00000476_with_ILSVRC2012_val_00028655_rank154,299,299,0.4447,0
ILSVRC2012_val_00000476_with_ILSVRC2012_val_00019520_rank717,666,666,0.204,0
ILSVRC2012_val_00000476_with_ILSVRC2012_val_00033743_rank343,273,273,0.43226,0
ILSVRC2012_val_00000476_with_ILSVRC2012_val_00015416_rank004,13,13,0.82597,0
ILSVRC2012_val_00000476_with_ILSVRC2012_val_00023063_rank184,950,950,0.88133,0
ILSVRC2012_val_00000476_with_ILSVRC2012_val_00024999_rank677,597,597,0.6767,0
ILSVRC2012_val_00000476_with_ILSVRC2012_val_00015006_rank517,787,693,0.32117,35
ILSVRC2012_val_00000476_with_ILSVRC2012_val_00043933_rank278,252,252,0.73315,0
ILSVRC2012_val_00000476_with_ILSVRC2012_val_00045240_rank897,502,502,0.48512,0
ILSVRC2012_val_00000476_with_ILSVRC2012_val_00044402_rank553,342,294,0.15409,7
ILSVRC2012_val_00000476_with_ILSVRC2012_val_00040658_rank354,52,52,0.72837,0
ILSVRC2012_val_00000476_with_ILSVRC2012_val_00030501_rank931,601,899,0.38791,249
ILSVRC2012_val_00000476_with_ILSVRC2012_val_00037016_rank888,523,644,0.6575,413
ILSVRC2012_val_00000476_with_ILSVRC2012_val_00008110_rank930,693,693,0.62017,0
ILSVRC2012_val_00000476_with_ILSVRC2012_val_00016264_rank043,138,138,0.81862,0
ILSVRC2012_val_00000476_with_ILSVRC2012_val_00004243_rank029,11,11,0.83654,0
ILSVRC2012_val_00000476_with_ILSVRC2012_val_00038331_rank482,668,698,0.18842,2
ILSVRC2012_val_00000476_with_ILSVRC2012_val_00021582_rank135,42,42,0.78101,0
ILSVRC2012_val_00000476_with_ILSVRC2012_val_00036287_rank097,87,87,0.83475,0
ILSVRC2012_val_00000476_with_ILSVRC2012_val_00001311_rank649,444,444,0.83253,0
ILSVRC2012_val_00000476_with_ILSVRC2012_val_00017686_rank864,531,826,0.39749,1
ILSVRC2012_val_00000476_with_ILSVRC2012_val_00011957_rank538,892,892,0.82136,0
ILSVRC2012_val_00000476_with_ILSVRC2012_val_00030712_rank090,373,373,0.66808,0
ILSVRC2012_val_00000476_with_ILSVRC2012_val_00034710_rank422,457,457,0.72536,0
ILSVRC2012_val_00000476_with_ILSVRC2012_val_00018959_rank180,405,405,0.92439,0
ILSVRC2012_val_00000476_with_ILSVRC2012_val_00024844_rank038,375,375,0.85471,0
ILSVRC2012_val_00000476_with_ILSVRC2012_val_00017167_rank868,821,821,0.72553,0
ILSVRC2012_val_00000476_with_ILSVRC2012_val_00003572_rank061,306,306,0.87503,0
ILSVRC2012_val_00000476_with_ILSVRC2012_val_00015261_rank741,927,927,0.84759,0
ILSVRC2012_val_00000476_with_ILSVRC2012_val_00027466_rank697,702,644,0.38737,94
ILSVRC2012_val_00000476_with_ILSVRC2012_val_00008487_rank434,204,204,0.1391,0
ILSVRC2012_val_00000476_with_ILSVRC2012_val_00016045_rank934,750,797,0.67183,5
ILSVRC2012_val_00000476_with_ILSVRC2012_val_00035428_rank950,854,578,0.61537,37
ILSVRC2012_val_00000476_with_ILSVRC2012_val_00027041_rank502,230,230,0.68345,0
ILSVRC2012_val_00000476_with_ILSVRC2012_val_00014094_rank507,958,958,0.4352,0
ILSVRC2012_val_00000476_with_ILSVRC2012_val_00040111_rank594,648,664,0.52515,30
ILSVRC2012_val_00000476_with_ILSVRC2012_val_00048008_rank022,128,128,0.69564,0
ILSVRC2012_val_00000476_with_ILSVRC2012_val_00019671_rank377,233,233,0.83946,0
ILSVRC2012_val_00000476_with_ILSVRC2012_val_00032695_rank979,996,996,0.76079,0
ILSVRC2012_val_00000476_with_ILSVRC2012_val_00045137_rank716,899,725,0.65926,1
ILSVRC2012_val_00000476_with_ILSVRC2012_val_00034616_rank391,159,159,0.62529,0
ILSVRC2012_val_00000476_with_ILSVRC2012_val_00007817_rank773,507,893,0.10122,133
ILSVRC2012_val_00000476_with_ILSVRC2012_val_00039297_rank470,909,924,0.34289,47
ILSVRC2012_val_00000476_with_ILSVRC2012_val_00036452_rank887,680,680,0.45084,0
ILSVRC2012_val_00000476_with_ILSVRC2012_val_00031215_rank422,457,457,0.88746,0
ILSVRC2012_val_00000476_with_ILSVRC2012_val_00037452_rank743,450,450,0.72134,0
ILSVRC2012_val_00000476_with_ILSVRC2012_val_00032691_rank552,650,758,0.32543,147
ILSVRC2012_val_00000476_with_ILSVRC2012_val_00039525_rank138,6,6,0.40461,0
ILSVRC2012_val_00000476_with_ILSVRC2012_val_00022758_rank702,113,113,0.71669,0
ILSVRC2012_val_00000476_with_ILSVRC2012_val_00035258_rank488,823,136,0.18799,846
ILSVRC2012_val_00000476_with_ILSVRC2012_val_00010237_rank624,954,954,0.88913,0
ILSVRC2012_val_00000476_with_ILSVRC2012_val_00029826_rank560,834,539,0.13403,369
ILSVRC2012_val_00000476_with_ILSVRC2012_val_00014158_rank277,142,142,0.81945,0
ILSVRC2012_val_00000476_with_ILSVRC2012_val_00017639_rank277,142,142,0.82091,0
ILSVRC2012_val_00000476_with_ILSVRC2012_val_00007248_rank517,787,787,0.78634,0
ILSVRC2012_val_00000476_with_ILSVRC2012_val_00022378_rank778,577,787,0.19307,6
ILSVRC2012_val_00000476_with_ILSVRC2012_val_00028260_rank418,103,23,0.3357,403
ILSVRC2012_val_00000476_with_ILSVRC2012_val_00035223_rank711,2,2,0.34534,0
ILSVRC2012_val_00000476_with_ILSVRC2012_val_00032391_rank963,585,631,0.45131,1
ILSVRC2012_val_00000476_with_ILSVRC2012_val_00004112_rank028,137,137,0.79078,0
ILSVRC2012_val_00000476_with_ILSVRC2012_val_00025479_rank614,213,207,0.367,2
ILSVRC2012_val_00000476_with_ILSVRC2012_val_00029939_rank229,290,290,0.58038,0
ILSVRC2012_val_00000476_with_ILSVRC2012_val_00013895_rank720,345,376,0.08089,126
ILSVRC2012_val_00000476_with_ILSVRC2012_val_00031652_rank611,806,806,0.80433,0
ILSVRC2012_val_00000476_with_ILSVRC2012_val_00011272_rank995,641,641,0.8676,0
ILSVRC2012_val_00000476_with_ILSVRC2012_val_00043493_rank490,905,92,0.1868,511
ILSVRC2012_val_00000476_with_ILSVRC2012_val_00019039_rank292,725,725,0.45473,0
ILSVRC2012_val_00000476_with_ILSVRC2012_val_00034185_rank450,317,317,0.66275,0
ILSVRC2012_val_00000476_with_ILSVRC2012_val_00000197_rank628,934,934,0.69645,0
ILSVRC2012_val_00000476_with_ILSVRC2012_val_00034006_rank421,896,896,0.6458,0
ILSVRC2012_val_00000476_with_ILSVRC2012_val_00014691_rank808,914,484,0.54244,3
ILSVRC2012_val_00000476_with_ILSVRC2012_val_00028560_rank470,909,909,0.53141,0
ILSVRC2012_val_00000476_with_ILSVRC2012_val_00041490_rank475,656,609,0.75352,10
ILSVRC2012_val_00000476_with_ILSVRC2012_val_00009520_rank809,696,763,0.2197,439
ILSVRC2012_val_00000476_with_ILSVRC2012_val_00041709_rank399,849,849,0.1948,0
ILSVRC2012_val_00000476_with_ILSVRC2012_val_00010568_rank561,769,769,0.86719,0
ILSVRC2012_val_00000476_with_ILSVRC2012_val_00038600_rank137,130,130,0.78514,0
ILSVRC2012_val_00000476_with_ILSVRC2012_val_00031815_rank415,35,37,0.47306,1
ILSVRC2012_val_00000476_with_ILSVRC2012_val_00046309_rank142,716,716,0.91226,0
ILSVRC2012_val_00000476_with_ILSVRC2012_val_00031805_rank932,423,423,0.72337,0
ILSVRC2012_val_00000476_with_ILSVRC2012_val_00001028_rank903,194,155,0.38072,6
ILSVRC2012_val_00000476_with_ILSVRC2012_val_00034934_rank858,191,191,0.33909,0
ILSVRC2012_val_00000476_with_ILSVRC2012_val_00041691_rank908,811,811,0.63735,0
ILSVRC2012_val_00000476_with_ILSVRC2012_val_00019944_rank646,898,898,0.68961,0
ILSVRC2012_val_00000476_with_ILSVRC2012_val_00026432_rank894,842,21,0.27521,303
ILSVRC2012_val_00000476_with_ILSVRC2012_val_00041384_rank396,229,229,0.73434,0
ILSVRC2012_val_00000476_with_ILSVRC2012_val_00014621_rank767,894,894,0.05607,0
ILSVRC2012_val_00000476_with_ILSVRC2012_val_00005158_rank078,319,319,0.68702,0
ILSVRC2012_val_00000476_with_ILSVRC2012_val_00007125_rank744,817,751,0.0779,1
ILSVRC2012_val_00000476_with_ILSVRC2012_val_00028518_rank779,198,197,0.81547,1
ILSVRC2012_val_00000476_with_ILSVRC2012_val_00010372_rank270,237,237,0.81192,0
ILSVRC2012_val_00000476_with_ILSVRC2012_val_00015849_rank655,439,295,0.20643,94
ILSVRC2012_val_00000476_with_ILSVRC2012_val_00007430_rank769,220,220,0.85122,0
ILSVRC2012_val_00000476_with_ILSVRC2012_val_00042566_rank743,450,693,0.06933,67
ILSVRC2012_val_00000476_with_ILSVRC2012_val_00007194_rank963,585,585,0.69016,0
ILSVRC2012_val_00000476_with_ILSVRC2012_val_00008986_rank933,283,283,0.78559,0
ILSVRC2012_val_00000476_with_ILSVRC2012_val_00040474_rank017,22,22,0.65716,0
ILSVRC2012_val_00000476_with_ILSVRC2012_val_00009045_rank284,264,264,0.89447,0
ILSVRC2012_val_00000476_with_ILSVRC2012_val_00026002_rank789,855,855,0.4621,0
ILSVRC2012_val_00000476_with_ILSVRC2012_val_00035655_rank224,328,328,0.71066,0
ILSVRC2012_val_00000476_with_ILSVRC2012_val_00030543_rank518,953,953,0.90684,0
ILSVRC2012_val_00000476_with_ILSVRC2012_val_00044598_rank835,566,566,0.82747,0
ILSVRC2012_val_00000476_with_ILSVRC2012_val_00030845_rank001,18,18,0.6935,0
ILSVRC2012_val_00000476_with_ILSVRC2012_val_00002880_rank501,635,635,0.67754,0
ILSVRC2012_val_00000476_with_ILSVRC2012_val_00040509_rank693,521,987,0.34736,123
ILSVRC2012_val_00000476_with_ILSVRC2012_val_00006279_rank254,396,91,0.62006,92
ILSVRC2012_val_00000476_with_ILSVRC2012_val_00045858_rank361,60,62,0.20422,3
ILSVRC2012_val_00000476_with_ILSVRC2012_val_00036214_rank381,952,952,0.73463,0
ILSVRC2012_val_00000476_with_ILSVRC2012_val_00001302_rank235,238,241,0.39733,1
ILSVRC2012_val_00000476_with_ILSVRC2012_val_00015076_rank082,179,179,0.23234,0
ILSVRC2012_val_00000476_with_ILSVRC2012_val_00027836_rank139,340,340,0.82563,0
ILSVRC2012_val_00000476_with_ILSVRC2012_val_00030563_rank580,70,70,0.66208,0
ILSVRC2012_val_00000476_with_ILSVRC2012_val_00008934_rank010,136,136,0.84494,0
ILSVRC2012_val_00000476_with_ILSVRC2012_val_00014646_rank264,407,407,0.65075,0
ILSVRC2012_val_00000476_with_ILSVRC2012_val_00047121_rank021,20,20,0.78749,0
ILSVRC2012_val_00000476_with_ILSVRC2012_val_00007563_rank324,955,955,0.8232,0
ILSVRC2012_val_00000476_with_ILSVRC2012_val_00007279_rank598,602,522,0.12303,198
ILSVRC2012_val_00000476_with_ILSVRC2012_val_00045752_rank850,994,994,0.81277,0
ILSVRC2012_val_00000476_with_ILSVRC2012_val_00034921_rank133,310,310,0.79227,0
ILSVRC2012_val_00000476_with_ILSVRC2012_val_00007502_rank781,700,728,0.42046,6
ILSVRC2012_val_00000476_with_ILSVRC2012_val_00022753_rank247,172,172,0.84674,0
ILSVRC2012_val_00000476_with_ILSVRC2012_val_00014088_rank904,827,828,0.11888,89
ILSVRC2012_val_00000476_with_ILSVRC2012_val_00031491_rank947,341,341,0.76125,0
ILSVRC2012_val_00000476_with_ILSVRC2012_val_00000132_rank460,742,742,0.75877,0
ILSVRC2012_val_00000476_with_ILSVRC2012_val_00023585_rank770,689,728,0.52469,46
ILSVRC2012_val_00000476_with_ILSVRC2012_val_00045103_rank983,385,101,0.2665,1
ILSVRC2012_val_00000476_with_ILSVRC2012_val_00033435_rank017,22,22,0.83282,0
ILSVRC2012_val_00000476_with_ILSVRC2012_val_00044440_rank046,90,90,0.77168,0
ILSVRC2012_val_00000476_with_ILSVRC2012_val_00004210_rank286,314,314,0.21177,0
ILSVRC2012_val_00000476_with_ILSVRC2012_val_00043963_rank194,334,334,0.59211,0
ILSVRC2012_val_00000476_with_ILSVRC2012_val_00021374_rank404,504,504,0.76259,0
ILSVRC2012_val_00000476_with_ILSVRC2012_val_00047471_rank757,465,465,0.75442,0
ILSVRC2012_val_00000476_with_ILSVRC2012_val_00035532_rank246,282,282,0.45473,0
ILSVRC2012_val_00000476_with_ILSVRC2012_val_00010529_rank991,714,723,0.366,41
ILSVRC2012_val_00000476_with_ILSVRC2012_val_00014844_rank637,705,412,0.39855,279
ILSVRC2012_val_00000476_with_ILSVRC2012_val_00017188_rank225,254,254,0.8005,0
ILSVRC2012_val_00000476_with_ILSVRC2012_val_00027888_rank196,494,494,0.52427,0
ILSVRC2012_val_00000476_with_ILSVRC2012_val_00043642_rank506,959,959,0.11226,0
ILSVRC2012_val_00000476_with_ILSVRC2012_val_00024316_rank367,672,672,0.38342,0
ILSVRC2012_val_00000476_with_ILSVRC2012_val_00032271_rank700,608,514,0.41698,9
ILSVRC2012_val_00000476_with_ILSVRC2012_val_00024430_rank588,829,654,0.27474,5
ILSVRC2012_val_00000476_with_ILSVRC2012_val_00034960_rank750,34,34,0.71881,0
ILSVRC2012_val_00000476_with_ILSVRC2012_val_00043693_rank606,856,856,0.61826,0
ILSVRC2012_val_00000476_with_ILSVRC2012_val_00015882_rank988,969,969,0.68587,0
ILSVRC2012_val_00000476_with_ILSVRC2012_val_00031468_rank848,886,886,0.76216,0
ILSVRC2012_val_00000476_with_ILSVRC2012_val_00044746_rank729,995,995,0.88422,0
ILSVRC2012_val_00000476_with_ILSVRC2012_val_00033368_rank194,334,337,0.70804,3
ILSVRC2012_val_00000476_with_ILSVRC2012_val_00005100_rank041,82,81,0.50997,4
ILSVRC2012_val_00000476_with_ILSVRC2012_val_00036261_rank409,528,528,0.91916,0
ILSVRC2012_val_00000476_with_ILSVRC2012_val_00024619_rank113,768,768,0.45894,0
ILSVRC2012_val_00000476_with_ILSVRC2012_val_00037082_rank153,900,900,0.77189,0
ILSVRC2012_val_00000476_with_ILSVRC2012_val_00011778_rank016,97,97,0.90094,0
ILSVRC2012_val_00000476_with_ILSVRC2012_val_00019531_rank329,3,136,0.06383,213
ILSVRC2012_val_00000476_with_ILSVRC2012_val_00039863_rank533,207,219,0.9076,4
ILSVRC2012_val_00000476_with_ILSVRC2012_val_00036083_rank412,440,440,0.73671,0
ILSVRC2012_val_00000476_with_ILSVRC2012_val_00040992_rank240,475,475,0.76319,0
ILSVRC2012_val_00000476_with_ILSVRC2012_val_00039380_rank269,628,628,0.82714,0
ILSVRC2012_val_00000476_with_ILSVRC2012_val_00001624_rank938,257,249,0.08215,3
ILSVRC2012_val_00000476_with_ILSVRC2012_val_00032250_rank474,571,674,0.18062,393
ILSVRC2012_val_00000476_with_ILSVRC2012_val_00003018_rank513,961,14,0.08071,386
ILSVRC2012_val_00000476_with_ILSVRC2012_val_00030839_rank382,474,474,0.81955,0
ILSVRC2012_val_00000476_with_ILSVRC2012_val_00012822_rank678,866,866,0.67656,0
ILSVRC2012_val_00000476_with_ILSVRC2012_val_00004588_rank632,552,552,0.86288,0
ILSVRC2012_val_00000476_with_ILSVRC2012_val_00032461_rank941,642,792,0.1052,600
ILSVRC2012_val_00000476_with_ILSVRC2012_val_00020306_rank456,733,792,0.06528,45
ILSVRC2012_val_00000476_with_ILSVRC2012_val_00021184_rank798,851,851,0.53271,0
ILSVRC2012_val_00000476_with_ILSVRC2012_val_00030120_rank147,815,74,0.15538,1
ILSVRC2012_val_00000476_with_ILSVRC2012_val_00028567_rank382,474,748,0.16607,50
ILSVRC2012_val_00000476_with_ILSVRC2012_val_00002398_rank814,165,165,0.23844,0
ILSVRC2012_val_00000476_with_ILSVRC2012_val_00041313_rank289,807,898,0.30641,182
ILSVRC2012_val_00000476_with_ILSVRC2012_val_00014825_rank446,279,279,0.76719,0
ILSVRC2012_val_00000476_with_ILSVRC2012_val_00015300_rank202,805,805,0.84705,0
ILSVRC2012_val_00000476_with_ILSVRC2012_val_00036935_rank829,796,797,0.04915,29
ILSVRC2012_val_00000476_with_ILSVRC2012_val_00022947_rank461,276,276,0.73245,0
ILSVRC2012_val_00000476_with_ILSVRC2012_val_00002555_rank113,768,768,0.48967,0
ILSVRC2012_val_00000476_with_ILSVRC2012_val_00025784_rank111,919,792,0.26241,130
ILSVRC2012_val_00000476_with_ILSVRC2012_val_00021180_rank924,831,455,0.61433,664
ILSVRC2012_val_00000476_with_ILSVRC2012_val_00006228_rank717,666,666,0.80957,0
ILSVRC2012_val_00000476_with_ILSVRC2012_val_00023935_rank204,983,898,0.13348,451
ILSVRC2012_val_00000476_with_ILSVRC2012_val_00009771_rank226,621,621,0.76604,0
ILSVRC2012_val_00000476_with_ILSVRC2012_val_00035845_rank738,997,997,0.70257,0
ILSVRC2012_val_00000476_with_ILSVRC2012_val_00023205_rank290,809,809,0.60046,0
ILSVRC2012_val_00000476_with_ILSVRC2012_val_00018645_rank103,25,25,0.77387,0
ILSVRC2012_val_00000476_with_ILSVRC2012_val_00020380_rank248,227,227,0.8516,0
ILSVRC2012_val_00000476_with_ILSVRC2012_val_00033335_rank256,382,382,0.71033,0
ILSVRC2012_val_00000476_with_ILSVRC2012_val_00009067_rank034,361,361,0.78257,0
ILSVRC2012_val_00000476_with_ILSVRC2012_val_00015246_rank776,936,936,0.43034,0
ILSVRC2012_val_00000476_with_ILSVRC2012_val_00016867_rank067,298,298,0.72198,0
ILSVRC2012_val_00000476_with_ILSVRC2012_val_00003228_rank245,956,993,0.55732,25
ILSVRC2012_val_00000476_with_ILSVRC2012_val_00043700_rank335,770,630,0.393,2
ILSVRC2012_val_00000476_with_ILSVRC2012_val_00041564_rank025,131,131,0.81198,0
ILSVRC2012_val_00000476_with_ILSVRC2012_val_00048260_rank992,699,699,0.86491,0
ILSVRC2012_val_00000476_with_ILSVRC2012_val_00022384_rank418,103,103,0.8095,0
ILSVRC2012_val_00000476_with_ILSVRC2012_val_00032588_rank559,512,512,0.58882,0
ILSVRC2012_val_00000476_with_ILSVRC2012_val_00007266_rank527,49,49,0.22955,0
ILSVRC2012_val_00000476_with_ILSVRC2012_val_00012834_rank903,194,194,0.59767,0
ILSVRC2012_val_00000476_with_ILSVRC2012_val_00020757_rank214,390,390,0.13232,0
ILSVRC2012_val_00000476_with_ILSVRC2012_val_00012964_rank644,558,845,0.51887,31
ILSVRC2012_val_00000476_with_ILSVRC2012_val_00019219_rank115,223,223,0.74283,0
ILSVRC2012_val_00000476_with_ILSVRC2012_val_00043864_rank499,758,92,0.13487,369
ILSVRC2012_val_00000476_with_ILSVRC2012_val_00036712_rank115,223,227,0.70397,4
ILSVRC2012_val_00000476_with_ILSVRC2012_val_00007459_rank934,750,911,0.40306,79
ILSVRC2012_val_00000476_with_ILSVRC2012_val_00031655_rank213,210,172,0.62083,34
ILSVRC2012_val_00000476_with_ILSVRC2012_val_00005081_rank292,725,725,0.22958,0
ILSVRC2012_val_00000476_with_ILSVRC2012_val_00016258_rank999,51,51,0.35778,0
ILSVRC2012_val_00000476_with_ILSVRC2012_val_00002302_rank235,238,238,0.95058,0
ILSVRC2012_val_00000476_with_ILSVRC2012_val_00020704_rank830,739,114,0.11685,889
ILSVRC2012_val_00000476_with_ILSVRC2012_val_00003915_rank641,417,136,0.20001,458
ILSVRC2012_val_00000476_with_ILSVRC2012_val_00012144_rank900,492,492,0.42037,0
ILSVRC2012_val_00000476_with_ILSVRC2012_val_00046508_rank007,93,93,0.73188,0
ILSVRC2012_val_00000476_with_ILSVRC2012_val_00029381_rank955,193,193,0.53469,0
ILSVRC2012_val_00000476_with_ILSVRC2012_val_00046987_rank164,671,880,0.36254,2
ILSVRC2012_val_00000476_with_ILSVRC2012_val_00005155_rank068,362,362,0.84847,0
ILSVRC2012_val_00000476_with_ILSVRC2012_val_00038761_rank210,164,164,0.61037,0
ILSVRC2012_val_00000476_with_ILSVRC2012_val_00048317_rank757,465,465,0.0649,0
ILSVRC2012_val_00000476_with_ILSVRC2012_val_00023608_rank971,427,619,0.06143,313
ILSVRC2012_val_00000476_with_ILSVRC2012_val_00022745_rank056,88,88,0.84041,0
ILSVRC2012_val_00000476_with_ILSVRC2012_val_00012396_rank755,430,768,0.37863,2
ILSVRC2012_val_00000476_with_ILSVRC2012_val_00019782_rank702,113,113,0.47928,0
ILSVRC2012_val_00000476_with_ILSVRC2012_val_00035685_rank733,432,792,0.08999,203
ILSVRC2012_val_00000476_with_ILSVRC2012_val_00003427_rank531,792,792,0.74535,0
ILSVRC2012_val_00000476_with_ILSVRC2012_val_00044553_rank310,274,274,0.79669,0
ILSVRC2012_val_00000476_with_ILSVRC2012_val_00027126_rank465,556,730,0.38231,628
ILSVRC2012_val_00000476_with_ILSVRC2012_val_00010821_rank679,505,505,0.73451,0
ILSVRC2012_val_00000476_with_ILSVRC2012_val_00018831_rank802,840,840,0.96489,0
ILSVRC2012_val_00000476_with_ILSVRC2012_val_00018950_rank482,668,668,0.45893,0
ILSVRC2012_val_00000476_with_ILSVRC2012_val_00042240_rank209,171,171,0.85239,0
ILSVRC2012_val_00000476_with_ILSVRC2012_val_00013071_rank345,522,852,0.28658,7
ILSVRC2012_val_00000476_with_ILSVRC2012_val_00017718_rank169,115,97,0.50631,154
ILSVRC2012_val_00000476_with_ILSVRC2012_val_00038522_rank043,138,138,0.77759,0
ILSVRC2012_val_00000476_with_ILSVRC2012_val_00014871_rank049,348,348,0.20049,0
ILSVRC2012_val_00000476_with_ILSVRC2012_val_00029619_rank052,8,8,0.77367,0
ILSVRC2012_val_00000476_with_ILSVRC2012_val_00029313_rank251,248,249,0.27993,2
ILSVRC2012_val_00000476_with_ILSVRC2012_val_00008352_rank100,74,73,0.39704,2
ILSVRC2012_val_00000476_with_ILSVRC2012_val_00027850_rank876,613,613,0.85301,0
ILSVRC2012_val_00000476_with_ILSVRC2012_val_00030752_rank667,928,773,0.08442,50
ILSVRC2012_val_00000476_with_ILSVRC2012_val_00022949_rank319,723,723,0.92032,0
ILSVRC2012_val_00000476_with_ILSVRC2012_val_00028423_rank800,553,553,0.84579,0
ILSVRC2012_val_00000476_with_ILSVRC2012_val_00037579_rank872,117,83,0.11761,62
ILSVRC2012_val_00000476_with_ILSVRC2012_val_00022224_rank125,320,320,0.76245,0
ILSVRC2012_val_00000476_with_ILSVRC2012_val_00026024_rank560,834,137,0.30872,525
ILSVRC2012_val_00000476_with_ILSVRC2012_val_00020198_rank081,335,335,0.55444,0
ILSVRC2012_val_00000476_with_ILSVRC2012_val_00023385_rank119,72,72,0.5505,0
ILSVRC2012_val_00000476_with_ILSVRC2012_val_00019058_rank076,140,140,0.56899,0
ILSVRC2012_val_00000476_with_ILSVRC2012_val_00027228_rank363,58,58,0.44765,0
ILSVRC2012_val_00000476_with_ILSVRC2012_val_00016102_rank477,663,497,0.16707,2
ILSVRC2012_val_00000476_with_ILSVRC2012_val_00036558_rank965,710,710,0.35658,0
ILSVRC2012_val_00000476_with_ILSVRC2012_val_00039411_rank488,823,451,0.16714,6
ILSVRC2012_val_00000476_with_ILSVRC2012_val_00012026_rank168,189,189,0.85113,0
ILSVRC2012_val_00000476_with_ILSVRC2012_val_00000858_rank716,899,899,0.41509,0
ILSVRC2012_val_00000476_with_ILSVRC2012_val_00000093_rank191,366,366,0.73154,0
ILSVRC2012_val_00000476_with_ILSVRC2012_val_00043835_rank403,236,236,0.85015,0
ILSVRC2012_val_00000476_with_ILSVRC2012_val_00003700_rank132,370,370,0.84933,0
ILSVRC2012_val_00000476_with_ILSVRC2012_val_00049068_rank303,764,777,0.48446,7
ILSVRC2012_val_00000476_with_ILSVRC2012_val_00018320_rank507,958,133,0.15329,41
ILSVRC2012_val_00000476_with_ILSVRC2012_val_00042103_rank178,372,372,0.76248,0
ILSVRC2012_val_00000476_with_ILSVRC2012_val_00039553_rank246,282,282,0.41668,0
ILSVRC2012_val_00000476_with_ILSVRC2012_val_00047155_rank167,437,437,0.74224,0
ILSVRC2012_val_00000476_with_ILSVRC2012_val_00036636_rank957,514,131,0.21694,652
ILSVRC2012_val_00000476_with_ILSVRC2012_val_00015951_rank558,786,786,0.73326,0
ILSVRC2012_val_00000476_with_ILSVRC2012_val_00013094_rank423,211,211,0.82172,0
ILSVRC2012_val_00000476_with_ILSVRC2012_val_00037889_rank047,305,305,0.60586,0
ILSVRC2012_val_00000476_with_ILSVRC2012_val_00029590_rank154,299,299,0.65627,0
ILSVRC2012_val_00000476_with_ILSVRC2012_val_00043018_rank128,106,106,0.74038,0
ILSVRC2012_val_00000476_with_ILSVRC2012_val_00016452_rank308,645,133,0.1441,518
ILSVRC2012_val_00000476_with_ILSVRC2012_val_00006174_rank208,270,270,0.53001,0
ILSVRC2012_val_00000476_with_ILSVRC2012_val_00025669_rank634,249,249,0.64888,0
ILSVRC2012_val_00000476_with_ILSVRC2012_val_00033017_rank330,265,265,0.39746,0
ILSVRC2012_val_00000476_with_ILSVRC2012_val_00036496_rank852,477,398,0.05446,49
ILSVRC2012_val_00000476_with_ILSVRC2012_val_00049892_rank904,827,827,0.56862,0
ILSVRC2012_val_00000476_with_ILSVRC2012_val_00048732_rank019,14,14,0.84011,0
ILSVRC2012_val_00000476_with_ILSVRC2012_val_00028665_rank381,952,952,0.7504,0
ILSVRC2012_val_00000476_with_ILSVRC2012_val_00033764_rank868,821,131,0.14935,150
ILSVRC2012_val_00000476_with_ILSVRC2012_val_00014718_rank253,483,483,0.50032,0
ILSVRC2012_val_00000476_with_ILSVRC2012_val_00029140_rank514,160,160,0.23004,0
ILSVRC2012_val_00000476_with_ILSVRC2012_val_00032254_rank985,38,38,0.82215,0
ILSVRC2012_val_00000476_with_ILSVRC2012_val_00045529_rank401,123,124,0.61666,1
ILSVRC2012_val_00000476_with_ILSVRC2012_val_00026458_rank139,340,340,0.7766,0
ILSVRC2012_val_00000476_with_ILSVRC2012_val_00001231_rank909,993,993,0.84001,0
ILSVRC2012_val_00000476_with_ILSVRC2012_val_00036119_rank164,671,671,0.26699,0
ILSVRC2012_val_00000476_with_ILSVRC2012_val_00027737_rank016,97,97,0.8138,0
ILSVRC2012_val_00000476_with_ILSVRC2012_val_00013470_rank939,402,402,0.8139,0
ILSVRC2012_val_00000476_with_ILSVRC2012_val_00044876_rank053,388,388,0.79556,0
ILSVRC2012_val_00000476_with_ILSVRC2012_val_00044082_rank046,90,90,0.7901,0
ILSVRC2012_val_00000476_with_ILSVRC2012_val_00033968_rank806,737,737,0.32234,0
ILSVRC2012_val_00000476_with_ILSVRC2012_val_00013542_rank394,518,518,0.85349,0
ILSVRC2012_val_00000476_with_ILSVRC2012_val_00031457_rank509,449,449,0.73556,0
ILSVRC2012_val_00000476_with_ILSVRC2012_val_00022028_rank983,385,385,0.8453,0
ILSVRC2012_val_00000476_with_ILSVRC2012_val_00033370_rank853,741,741,0.43806,0
ILSVRC2012_val_00000476_with_ILSVRC2012_val_00020716_rank504,287,287,0.69975,0
ILSVRC2012_val_00000476_with_ILSVRC2012_val_00049281_rank166,197,197,0.74863,0
ILSVRC2012_val_00000476_with_ILSVRC2012_val_00017677_rank187,312,312,0.3995,0
ILSVRC2012_val_00000476_with_ILSVRC2012_val_00033488_rank637,705,413,0.23304,216
ILSVRC2012_val_00000476_with_ILSVRC2012_val_00017075_rank368,243,243,0.79283,0
ILSVRC2012_val_00000476_with_ILSVRC2012_val_00024704_rank005,15,15,0.79788,0
ILSVRC2012_val_00000476_with_ILSVRC2012_val_00010287_rank374,30,30,0.70275,0
ILSVRC2012_val_00000476_with_ILSVRC2012_val_00012668_rank565,575,575,0.72172,0
ILSVRC2012_val_00000476_with_ILSVRC2012_val_00008810_rank127,55,64,0.81786,1
ILSVRC2012_val_00000476_with_ILSVRC2012_val_00004443_rank776,936,936,0.75775,0
ILSVRC2012_val_00000476_with_ILSVRC2012_val_00020255_rank679,505,505,0.36452,0
ILSVRC2012_val_00000476_with_ILSVRC2012_val_00007683_rank550,110,110,0.70761,0
ILSVRC2012_val_00000476_with_ILSVRC2012_val_00026266_rank055,217,217,0.59163,0
ILSVRC2012_val_00000476_with_ILSVRC2012_val_00005580_rank216,363,363,0.7848,0
ILSVRC2012_val_00000476_with_ILSVRC2012_val_00040551_rank106,349,349,0.53444,0
ILSVRC2012_val_00000476_with_ILSVRC2012_val_00026785_rank783,632,463,0.20292,908
ILSVRC2012_val_00000476_with_ILSVRC2012_val_00040173_rank333,649,730,0.60733,133
ILSVRC2012_val_00000476_with_ILSVRC2012_val_00036987_rank879,790,951,0.27549,96
ILSVRC2012_val_00000476_with_ILSVRC2012_val_00018647_rank708,534,534,0.55528,0
ILSVRC2012_val_00000476_with_ILSVRC2012_val_00042094_rank825,743,743,0.38662,0
ILSVRC2012_val_00000476_with_ILSVRC2012_val_00028280_rank260,637,637,0.70589,0
ILSVRC2012_val_00000476_with_ILSVRC2012_val_00039989_rank660,636,414,0.21909,2
ILSVRC2012_val_00000476_with_ILSVRC2012_val_00007414_rank655,439,295,0.29844,94
ILSVRC2012_val_00000476_with_ILSVRC2012_val_00022597_rank017,22,22,0.8547,0
ILSVRC2012_val_00000476_with_ILSVRC2012_val_00006116_rank022,128,128,0.67611,0
ILSVRC2012_val_00000476_with_ILSVRC2012_val_00006668_rank071,277,277,0.51696,0
ILSVRC2012_val_00000476_with_ILSVRC2012_val_00036456_rank175,682,703,0.49743,22
ILSVRC2012_val_00000476_with_ILSVRC2012_val_00036476_rank698,493,492,0.53688,4
ILSVRC2012_val_00000476_with_ILSVRC2012_val_00042180_rank110,302,302,0.73186,0
ILSVRC2012_val_00000476_with_ILSVRC2012_val_00001289_rank932,423,423,0.32682,0
ILSVRC2012_val_00000476_with_ILSVRC2012_val_00018226_rank273,981,981,0.52158,0
ILSVRC2012_val_00000476_with_ILSVRC2012_val_00009200_rank391,159,159,0.55587,0
ILSVRC2012_val_00000476_with_ILSVRC2012_val_00023928_rank403,236,236,0.16336,0
ILSVRC2012_val_00000476_with_ILSVRC2012_val_00038614_rank277,142,142,0.74484,0
ILSVRC2012_val_00000476_with_ILSVRC2012_val_00010916_rank952,711,631,0.42309,1
ILSVRC2012_val_00000476_with_ILSVRC2012_val_00044367_rank436,850,850,0.68135,0
ILSVRC2012_val_00000476_with_ILSVRC2012_val_00017647_rank796,664,480,0.28027,35
ILSVRC2012_val_00000476_with_ILSVRC2012_val_00041031_rank270,237,237,0.82185,0
ILSVRC2012_val_00000476_with_ILSVRC2012_val_00042205_rank599,186,186,0.73181,0
ILSVRC2012_val_00000476_with_ILSVRC2012_val_00001293_rank588,829,829,0.67872,0
ILSVRC2012_val_00000476_with_ILSVRC2012_val_00019889_rank697,702,693,0.24777,141
ILSVRC2012_val_00000476_with_ILSVRC2012_val_00001411_rank793,675,675,0.37479,0
ILSVRC2012_val_00000476_with_ILSVRC2012_val_00023189_rank566,968,899,0.29825,19
ILSVRC2012_val_00000476_with_ILSVRC2012_val_00036135_rank713,590,590,0.80337,0
ILSVRC2012_val_00000476_with_ILSVRC2012_val_00033804_rank911,867,867,0.65541,0
ILSVRC2012_val_00000476_with_ILSVRC2012_val_00008128_rank259,957,950,0.47457,1
ILSVRC2012_val_00000476_with_ILSVRC2012_val_00026730_rank322,260,260,0.56883,0
ILSVRC2012_val_00000476_with_ILSVRC2012_val_00021124_rank099,135,135,0.76548,0
ILSVRC2012_val_00000476_with_ILSVRC2012_val_00043128_rank333,649,337,0.13044,441
ILSVRC2012_val_00000476_with_ILSVRC2012_val_00007012_rank623,414,414,0.80024,0
ILSVRC2012_val_00000476_with_ILSVRC2012_val_00007427_rank715,579,703,0.70622,160
ILSVRC2012_val_00000476_with_ILSVRC2012_val_00047845_rank361,60,58,0.31809,9
ILSVRC2012_val_00000476_with_ILSVRC2012_val_00048783_rank822,202,194,0.22885,6
ILSVRC2012_val_00000476_with_ILSVRC2012_val_00017888_rank786,327,327,0.74645,0
ILSVRC2012_val_00000476_with_ILSVRC2012_val_00029739_rank801,515,515,0.38101,0
ILSVRC2012_val_00000476_with_ILSVRC2012_val_00024263_rank745,660,448,0.50572,67
ILSVRC2012_val_00000476_with_ILSVRC2012_val_00026490_rank123,4,131,0.12807,62
ILSVRC2012_val_00000476_with_ILSVRC2012_val_00028382_rank394,518,518,0.28329,0
ILSVRC2012_val_00000476_with_ILSVRC2012_val_00007017_rank646,898,898,0.74938,0
ILSVRC2012_val_00000476_with_ILSVRC2012_val_00020871_rank869,772,58,0.29589,812
ILSVRC2012_val_00000476_with_ILSVRC2012_val_00049559_rank802,840,840,0.17615,0
ILSVRC2012_val_00000476_with_ILSVRC2012_val_00023593_rank057,895,895,0.69861,0
ILSVRC2012_val_00000476_with_ILSVRC2012_val_00037506_rank830,739,131,0.19367,668
ILSVRC2012_val_00000476_with_ILSVRC2012_val_00004262_rank571,491,740,0.31196,1
ILSVRC2012_val_00000476_with_ILSVRC2012_val_00013130_rank563,665,665,0.76061,0
ILSVRC2012_val_00000476_with_ILSVRC2012_val_00005671_rank626,862,133,0.28262,383
ILSVRC2012_val_00000476_with_ILSVRC2012_val_00028306_rank795,861,684,0.34221,196
ILSVRC2012_val_00000476_with_ILSVRC2012_val_00047602_rank378,667,136,0.13424,815
ILSVRC2012_val_00000476_with_ILSVRC2012_val_00011105_rank452,868,868,0.51579,0
ILSVRC2012_val_00000476_with_ILSVRC2012_val_00033854_rank983,385,385,0.49267,0
ILSVRC2012_val_00000476_with_ILSVRC2012_val_00039059_rank887,680,902,0.39003,25
ILSVRC2012_val_00000476_with_ILSVRC2012_val_00027151_rank102,858,64,0.2018,169
ILSVRC2012_val_00000476_with_ILSVRC2012_val_00017473_rank994,226,226,0.54323,0
ILSVRC2012_val_00000476_with_ILSVRC2012_val_00017083_rank228,429,429,0.8292,0
ILSVRC2012_val_00000476_with_ILSVRC2012_val_00020497_rank451,880,880,0.65965,0
ILSVRC2012_val_00000476_with_ILSVRC2012_val_00001571_rank671,681,693,0.13736,678
ILSVRC2012_val_00000476_with_ILSVRC2012_val_00034366_rank244,944,944,0.8397,0
ILSVRC2012_val_00000476_with_ILSVRC2012_val_00038684_rank309,355,355,0.74919,0
ILSVRC2012_val_00000476_with_ILSVRC2012_val_00030857_rank355,972,500,0.06571,3
ILSVRC2012_val_00000476_with_ILSVRC2012_val_00016612_rank199,338,338,0.80685,0
ILSVRC2012_val_00000476_with_ILSVRC2012_val_00021846_rank339,239,240,0.36098,2
ILSVRC2012_val_00000476_with_ILSVRC2012_val_00019630_rank103,25,25,0.65736,0
ILSVRC2012_val_00000476_with_ILSVRC2012_val_00002528_rank367,672,672,0.78157,0
ILSVRC2012_val_00000476_with_ILSVRC2012_val_00033381_rank723,722,574,0.49149,3
ILSVRC2012_val_00000476_with_ILSVRC2012_val_00019759_rank165,180,180,0.52797,0
ILSVRC2012_val_00000476_with_ILSVRC2012_val_00030590_rank277,142,142,0.73752,0
ILSVRC2012_val_00000476_with_ILSVRC2012_val_00022830_rank556,852,752,0.64839,1
ILSVRC2012_val_00000476_with_ILSVRC2012_val_00024218_rank634,249,249,0.68876,0
ILSVRC2012_val_00000476_with_ILSVRC2012_val_00021673_rank965,710,710,0.43498,0
ILSVRC2012_val_00000476_with_ILSVRC2012_val_00023541_rank082,179,179,0.57309,0
ILSVRC2012_val_00000476_with_ILSVRC2012_val_00048678_rank380,547,547,0.68904,0
ILSVRC2012_val_00000476_with_ILSVRC2012_val_00006168_rank539,241,238,0.80646,2
ILSVRC2012_val_00000476_with_ILSVRC2012_val_00020216_rank377,233,233,0.40753,0
ILSVRC2012_val_00000476_with_ILSVRC2012_val_00005191_rank192,907,907,0.51863,0
ILSVRC2012_val_00000476_with_ILSVRC2012_val_00039371_rank587,935,935,0.67666,0
ILSVRC2012_val_00000476_with_ILSVRC2012_val_00021026_rank241,605,137,0.08822,316
ILSVRC2012_val_00000476_with_ILSVRC2012_val_00041131_rank658,501,501,0.30936,0
ILSVRC2012_val_00000476_with_ILSVRC2012_val_00030012_rank702,113,114,0.19045,1
ILSVRC2012_val_00000476_with_ILSVRC2012_val_00006504_rank597,845,716,0.18902,206
ILSVRC2012_val_00000476_with_ILSVRC2012_val_00031788_rank307,987,987,0.5407,0
ILSVRC2012_val_00000476_with_ILSVRC2012_val_00037554_rank991,714,714,0.80664,0
ILSVRC2012_val_00000476_with_ILSVRC2012_val_00014305_rank681,441,440,0.42578,1
ILSVRC2012_val_00000476_with_ILSVRC2012_val_00034839_rank189,316,316,0.81334,0
ILSVRC2012_val_00000476_with_ILSVRC2012_val_00027790_rank856,66,66,0.54769,0
ILSVRC2012_val_00000476_with_ILSVRC2012_val_00016568_rank686,125,125,0.64464,0
ILSVRC2012_val_00000476_with_ILSVRC2012_val_00040049_rank050,336,337,0.54252,2
ILSVRC2012_val_00000476_with_ILSVRC2012_val_00013728_rank493,201,201,0.20585,0
ILSVRC2012_val_00000476_with_ILSVRC2012_val_00036397_rank130,381,381,0.8244,0
ILSVRC2012_val_00000476_with_ILSVRC2012_val_00013009_rank442,779,779,0.84562,0
ILSVRC2012_val_00000476_with_ILSVRC2012_val_00049812_rank357,789,789,0.27967,0
ILSVRC2012_val_00000476_with_ILSVRC2012_val_00007303_rank996,292,292,0.65923,0
ILSVRC2012_val_00000476_with_ILSVRC2012_val_00020321_rank736,32,32,0.77077,0
ILSVRC2012_val_00000476_with_ILSVRC2012_val_00019324_rank085,275,275,0.80937,0
ILSVRC2012_val_00000476_with_ILSVRC2012_val_00040236_rank954,658,658,0.70199,0
ILSVRC2012_val_00000476_with_ILSVRC2012_val_00045572_rank369,724,694,0.18341,10
ILSVRC2012_val_00000476_with_ILSVRC2012_val_00010031_rank791,184,184,0.80903,0
ILSVRC2012_val_00000476_with_ILSVRC2012_val_00047850_rank212,271,271,0.7916,0
ILSVRC2012_val_00000476_with_ILSVRC2012_val_00043339_rank519,757,757,0.76941,0
ILSVRC2012_val_00000476_with_ILSVRC2012_val_00049187_rank070,46,46,0.70029,0
ILSVRC2012_val_00000476_with_ILSVRC2012_val_00042206_rank243,246,246,0.65241,0
ILSVRC2012_val_00000476_with_ILSVRC2012_val_00005869_rank335,770,770,0.85135,0
ILSVRC2012_val_00000476_with_ILSVRC2012_val_00015207_rank684,546,546,0.18738,0
ILSVRC2012_val_00000476_with_ILSVRC2012_val_00039892_rank825,743,743,0.79592,0
ILSVRC2012_val_00000476_with_ILSVRC2012_val_00008389_rank345,522,522,0.80517,0
ILSVRC2012_val_00000476_with_ILSVRC2012_val_00036473_rank309,355,355,0.81614,0
ILSVRC2012_val_00000476_with_ILSVRC2012_val_00022718_rank715,579,579,0.56094,0
ILSVRC2012_val_00000476_with_ILSVRC2012_val_00015271_rank724,318,318,0.75788,0
ILSVRC2012_val_00000476_with_ILSVRC2012_val_00039849_rank973,496,496,0.5052,0
ILSVRC2012_val_00000476_with_ILSVRC2012_val_00026869_rank086,272,272,0.77002,0
ILSVRC2012_val_00000476_with_ILSVRC2012_val_00048231_rank383,573,137,0.11562,197
ILSVRC2012_val_00000476_with_ILSVRC2012_val_00042140_rank408,357,357,0.49278,0
ILSVRC2012_val_00000476_with_ILSVRC2012_val_00016847_rank616,679,38,0.30981,121
ILSVRC2012_val_00000476_with_ILSVRC2012_val_00003188_rank713,590,590,0.83769,0
ILSVRC2012_val_00000476_with_ILSVRC2012_val_00029178_rank229,290,290,0.78834,0
ILSVRC2012_val_00000476_with_ILSVRC2012_val_00031701_rank218,824,824,0.18823,0
ILSVRC2012_val_00000476_with_ILSVRC2012_val_00042187_rank081,335,382,0.15702,6
ILSVRC2012_val_00000476_with_ILSVRC2012_val_00038170_rank177,309,308,0.72916,1
ILSVRC2012_val_00000476_with_ILSVRC2012_val_00017132_rank905,209,209,0.74536,0
ILSVRC2012_val_00000476_with_ILSVRC2012_val_00031542_rank608,853,853,0.08053,0
ILSVRC2012_val_00000476_with_ILSVRC2012_val_00001108_rank173,59,59,0.19656,0
ILSVRC2012_val_00000476_with_ILSVRC2012_val_00008489_rank929,606,606,0.76174,0
ILSVRC2012_val_00000476_with_ILSVRC2012_val_00000892_rank751,339,339,0.66001,0
ILSVRC2012_val_00000476_with_ILSVRC2012_val_00034075_rank105,253,253,0.88581,0
ILSVRC2012_val_00000476_with_ILSVRC2012_val_00040586_rank169,115,115,0.56605,0
ILSVRC2012_val_00000476_with_ILSVRC2012_val_00036899_rank135,42,38,0.80044,4
ILSVRC2012_val_00000476_with_ILSVRC2012_val_00007184_rank051,148,148,0.60414,0
ILSVRC2012_val_00000476_with_ILSVRC2012_val_00004885_rank258,214,214,0.88989,0
ILSVRC2012_val_00000476_with_ILSVRC2012_val_00035409_rank187,312,303,0.80573,7
ILSVRC2012_val_00000476_with_ILSVRC2012_val_00006623_rank101,912,644,0.75147,364
ILSVRC2012_val_00000476_with_ILSVRC2012_val_00021123_rank931,601,86,0.17913,443
ILSVRC2012_val_00000476_with_ILSVRC2012_val_00044896_rank711,2,4,0.3213,2
ILSVRC2012_val_00000476_with_ILSVRC2012_val_00039629_rank064,448,448,0.78688,0
ILSVRC2012_val_00000476_with_ILSVRC2012_val_00002764_rank091,205,205,0.72975,0
ILSVRC2012_val_00000476_with_ILSVRC2012_val_00000198_rank009,16,16,0.78502,0
ILSVRC2012_val_00000476_with_ILSVRC2012_val_00034954_rank161,304,304,0.30283,0
ILSVRC2012_val_00000476_with_ILSVRC2012_val_00011030_rank802,840,840,0.4355,0
ILSVRC2012_val_00000476_with_ILSVRC2012_val_00014254_rank088,387,387,0.70704,0
ILSVRC2012_val_00000476_with_ILSVRC2012_val_00026675_rank903,194,194,0.8653,0
ILSVRC2012_val_00000476_with_ILSVRC2012_val_00018055_rank291,268,172,0.22263,27
ILSVRC2012_val_00000476_with_ILSVRC2012_val_00019422_rank979,996,993,0.35105,1
ILSVRC2012_val_00000476_with_ILSVRC2012_val_00012553_rank135,42,42,0.81521,0
ILSVRC2012_val_00000476_with_ILSVRC2012_val_00046633_rank846,593,763,0.11409,34
ILSVRC2012_val_00000476_with_ILSVRC2012_val_00016332_rank459,864,792,0.11508,258
ILSVRC2012_val_00000476_with_ILSVRC2012_val_00008412_rank534,999,470,0.49301,61
ILSVRC2012_val_00000476_with_ILSVRC2012_val_00006957_rank765,244,244,0.84581,0
ILSVRC2012_val_00000476_with_ILSVRC2012_val_00002992_rank684,546,546,0.77179,0
ILSVRC2012_val_00000476_with_ILSVRC2012_val_00043442_rank248,227,227,0.78798,0
ILSVRC2012_val_00000476_with_ILSVRC2012_val_00028894_rank233,351,351,0.84578,0
ILSVRC2012_val_00000476_with_ILSVRC2012_val_00024737_rank047,305,305,0.76734,0
ILSVRC2012_val_00000476_with_ILSVRC2012_val_00017737_rank288,749,133,0.43978,585
ILSVRC2012_val_00000476_with_ILSVRC2012_val_00023445_rank067,298,298,0.68849,0
ILSVRC2012_val_00000476_with_ILSVRC2012_val_00025311_rank492,685,685,0.83994,0
ILSVRC2012_val_00000476_with_ILSVRC2012_val_00011550_rank557,783,79,0.34546,26
ILSVRC2012_val_00000476_with_ILSVRC2012_val_00047359_rank760,325,325,0.84098,0
ILSVRC2012_val_00000476_with_ILSVRC2012_val_00004630_rank935,760,674,0.09404,223
ILSVRC2012_val_00000476_with_ILSVRC2012_val_00037535_rank132,370,370,0.82731,0
ILSVRC2012_val_00000476_with_ILSVRC2012_val_00018398_rank443,53,131,0.35037,92
ILSVRC2012_val_00000476_with_ILSVRC2012_val_00045245_rank143,104,137,0.46966,243
ILSVRC2012_val_00000476_with_ILSVRC2012_val_00016503_rank778,577,577,0.70142,0
ILSVRC2012_val_00000476_with_ILSVRC2012_val_00024724_rank611,806,824,0.60774,10
ILSVRC2012_val_00000476_with_ILSVRC2012_val_00029757_rank806,737,782,0.31252,275
ILSVRC2012_val_00000476_with_ILSVRC2012_val_00006908_rank648,392,392,0.8262,0
ILSVRC2012_val_00000476_with_ILSVRC2012_val_00023828_rank362,463,463,0.84028,0
ILSVRC2012_val_00000476_with_ILSVRC2012_val_00014782_rank390,380,361,0.16141,95
ILSVRC2012_val_00000476_with_ILSVRC2012_val_00032804_rank222,404,404,0.73762,0
ILSVRC2012_val_00000476_with_ILSVRC2012_val_00042607_rank908,811,811,0.45896,0
ILSVRC2012_val_00000476_with_ILSVRC2012_val_00019013_rank258,214,214,0.27248,0
ILSVRC2012_val_00000476_with_ILSVRC2012_val_00023788_rank144,231,231,0.41493,0
ILSVRC2012_val_00000476_with_ILSVRC2012_val_00036474_rank366,289,289,0.6908,0
ILSVRC2012_val_00000476_with_ILSVRC2012_val_00013444_rank319,723,723,0.8227,0
ILSVRC2012_val_00000476_with_ILSVRC2012_val_00012609_rank930,693,133,0.06158,160
ILSVRC2012_val_00000476_with_ILSVRC2012_val_00047713_rank682,26,26,0.14195,0
ILSVRC2012_val_00000476_with_ILSVRC2012_val_00042041_rank467,599,599,0.66539,0
ILSVRC2012_val_00000476_with_ILSVRC2012_val_00042912_rank476,262,262,0.94569,0
ILSVRC2012_val_00000476_with_ILSVRC2012_val_00039070_rank458,426,426,0.72997,0
ILSVRC2012_val_00000476_with_ILSVRC2012_val_00044835_rank365,820,545,0.07688,203
ILSVRC2012_val_00000476_with_ILSVRC2012_val_00021934_rank270,237,237,0.7464,0
ILSVRC2012_val_00000476_with_ILSVRC2012_val_00013029_rank307,987,950,0.5331,23
ILSVRC2012_val_00000476_with_ILSVRC2012_val_00006756_rank184,950,950,0.84621,0
ILSVRC2012_val_00000476_with_ILSVRC2012_val_00030623_rank445,68,66,0.35186,1
ILSVRC2012_val_00000476_with_ILSVRC2012_val_00013332_rank971,427,427,0.77482,0
ILSVRC2012_val_00000476_with_ILSVRC2012_val_00024159_rank709,478,674,0.17495,31
ILSVRC2012_val_00000476_with_ILSVRC2012_val_00007185_rank332,397,97,0.20592,78
ILSVRC2012_val_00000476_with_ILSVRC2012_val_00034654_rank771,0,133,0.17368,242
ILSVRC2012_val_00000476_with_ILSVRC2012_val_00033236_rank942,451,616,0.12606,45
ILSVRC2012_val_00000476_with_ILSVRC2012_val_00020217_rank528,376,376,0.61847,0
ILSVRC2012_val_00000476_with_ILSVRC2012_val_00011530_rank265,37,37,0.81076,0
ILSVRC2012_val_00000476_with_ILSVRC2012_val_00035586_rank656,891,891,0.09403,0
ILSVRC2012_val_00000476_with_ILSVRC2012_val_00003585_rank946,804,804,0.34119,0
ILSVRC2012_val_00000476_with_ILSVRC2012_val_00009997_rank678,866,866,0.53556,0
ILSVRC2012_val_00000476_with_ILSVRC2012_val_00014913_rank851,170,374,0.2071,198
ILSVRC2012_val_00000476_with_ILSVRC2012_val_00049848_rank574,520,520,0.17405,0
ILSVRC2012_val_00000476_with_ILSVRC2012_val_00000459_rank623,414,414,0.30765,0
ILSVRC2012_val_00000476_with_ILSVRC2012_val_00049395_rank999,51,51,0.889,0
ILSVRC2012_val_00000476_with_ILSVRC2012_val_00033071_rank627,438,680,0.48893,18
ILSVRC2012_val_00000476_with_ILSVRC2012_val_00043851_rank706,154,154,0.55127,0
ILSVRC2012_val_00000476_with_ILSVRC2012_val_00026532_rank376,586,586,0.76506,0
ILSVRC2012_val_00000476_with_ILSVRC2012_val_00018498_rank640,629,907,0.30003,43
ILSVRC2012_val_00000476_with_ILSVRC2012_val_00022832_rank818,356,356,0.8796,0
ILSVRC2012_val_00000476_with_ILSVRC2012_val_00018511_rank137,130,130,0.78347,0
ILSVRC2012_val_00000476_with_ILSVRC2012_val_00022124_rank408,357,357,0.59366,0
ILSVRC2012_val_00000476_with_ILSVRC2012_val_00033539_rank800,553,427,0.11352,100
ILSVRC2012_val_00000476_with_ILSVRC2012_val_00032843_rank014,89,131,0.74051,54
ILSVRC2012_val_00000476_with_ILSVRC2012_val_00026731_rank794,542,703,0.46414,914
ILSVRC2012_val_00000476_with_ILSVRC2012_val_00014613_rank397,572,711,0.58506,13
ILSVRC2012_val_00000476_with_ILSVRC2012_val_00016779_rank750,34,21,0.34027,337
ILSVRC2012_val_00000476_with_ILSVRC2012_val_00035894_rank534,999,137,0.12968,537
ILSVRC2012_val_00000476_with_ILSVRC2012_val_00033242_rank239,65,56,0.32153,14
ILSVRC2012_val_00000476_with_ILSVRC2012_val_00004091_rank234,315,315,0.69567,0
ILSVRC2012_val_00000476_with_ILSVRC2012_val_00046328_rank464,544,544,0.91032,0
ILSVRC2012_val_00000476_with_ILSVRC2012_val_00013722_rank935,760,519,0.18755,27
ILSVRC2012_val_00000476_with_ILSVRC2012_val_00045358_rank489,151,273,0.29528,17
ILSVRC2012_val_00000476_with_ILSVRC2012_val_00004744_rank493,201,201,0.60152,0
ILSVRC2012_val_00000476_with_ILSVRC2012_val_00007077_rank043,138,138,0.82045,0
ILSVRC2012_val_00000476_with_ILSVRC2012_val_00003472_rank026,134,134,0.70347,0
ILSVRC2012_val_00000476_with_ILSVRC2012_val_00024982_rank754,559,559,0.84174,0
ILSVRC2012_val_00000476_with_ILSVRC2012_val_00019925_rank748,116,116,0.79824,0
ILSVRC2012_val_00000476_with_ILSVRC2012_val_00033252_rank080,353,352,0.47532,1
ILSVRC2012_val_00000476_with_ILSVRC2012_val_00048125_rank938,257,212,0.3865,9
ILSVRC2012_val_00000476_with_ILSVRC2012_val_00029520_rank121,458,458,0.85733,0
ILSVRC2012_val_00000476_with_ILSVRC2012_val_00045228_rank979,996,993,0.56601,1
ILSVRC2012_val_00000476_with_ILSVRC2012_val_00019688_rank741,927,927,0.81307,0
ILSVRC2012_val_00000476_with_ILSVRC2012_val_00017486_rank246,282,151,0.31554,160
ILSVRC2012_val_00000476_with_ILSVRC2012_val_00029374_rank852,477,763,0.68011,59
ILSVRC2012_val_00000476_with_ILSVRC2012_val_00014009_rank635,27,27,0.49829,0
ILSVRC2012_val_00000476_with_ILSVRC2012_val_00032830_rank042,132,132,0.56151,0
ILSVRC2012_val_00000476_with_ILSVRC2012_val_00012992_rank974,747,747,0.76825,0
ILSVRC2012_val_00000476_with_ILSVRC2012_val_00021775_rank591,468,327,0.39302,563
ILSVRC2012_val_00000476_with_ILSVRC2012_val_00014226_rank267,988,988,0.71663,0
ILSVRC2012_val_00000476_with_ILSVRC2012_val_00045487_rank955,193,193,0.55098,0
ILSVRC2012_val_00000476_with_ILSVRC2012_val_00042661_rank910,101,101,0.65275,0
ILSVRC2012_val_00000476_with_ILSVRC2012_val_00032641_rank852,477,477,0.18791,0
ILSVRC2012_val_00000476_with_ILSVRC2012_val_00046356_rank046,90,90,0.85564,0
ILSVRC2012_val_00000476_with_ILSVRC2012_val_00049018_rank407,291,291,0.78899,0
ILSVRC2012_val_00000476_with_ILSVRC2012_val_00037916_rank673,242,242,0.87741,0
ILSVRC2012_val_00000476_with_ILSVRC2012_val_00038181_rank061,306,306,0.80519,0
ILSVRC2012_val_00000476_with_ILSVRC2012_val_00015022_rank047,305,305,0.77175,0
ILSVRC2012_val_00000476_with_ILSVRC2012_val_00047062_rank120,256,205,0.49829,1
ILSVRC2012_val_00000476_with_ILSVRC2012_val_00035101_rank139,340,340,0.78349,0
ILSVRC2012_val_00000476_with_ILSVRC2012_val_00015308_rank181,951,951,0.41386,0
ILSVRC2012_val_00000476_with_ILSVRC2012_val_00000993_rank280,250,250,0.52311,0
ILSVRC2012_val_00000476_with_ILSVRC2012_val_00033510_rank003,143,143,0.77585,0
ILSVRC2012_val_00000476_with_ILSVRC2012_val_00035730_rank862,793,459,0.169,29
ILSVRC2012_val_00000476_with_ILSVRC2012_val_00032174_rank203,124,124,0.91299,0
ILSVRC2012_val_00000476_with_ILSVRC2012_val_00006561_rank535,701,701,0.8351,0
ILSVRC2012_val_00000476_with_ILSVRC2012_val_00015500_rank203,124,124,0.92728,0
ILSVRC2012_val_00000476_with_ILSVRC2012_val_00031513_rank308,645,133,0.27469,518
ILSVRC2012_val_00000476_with_ILSVRC2012_val_00036849_rank318,45,45,0.69443,0
ILSVRC2012_val_00000476_with_ILSVRC2012_val_00028714_rank451,880,92,0.07661,773
ILSVRC2012_val_00000476_with_ILSVRC2012_val_00032329_rank992,699,133,0.13626,829
ILSVRC2012_val_00000476_with_ILSVRC2012_val_00010608_rank375,947,947,0.38848,0
ILSVRC2012_val_00000476_with_ILSVRC2012_val_00024547_rank794,542,767,0.26273,17
ILSVRC2012_val_00000476_with_ILSVRC2012_val_00019389_rank077,141,141,0.75405,0
ILSVRC2012_val_00000476_with_ILSVRC2012_val_00046000_rank156,41,41,0.70378,0
ILSVRC2012_val_00000476_with_ILSVRC2012_val_00005986_rank684,546,546,0.58146,0
ILSVRC2012_val_00000476_with_ILSVRC2012_val_00002024_rank209,171,171,0.57636,0
ILSVRC2012_val_00000476_with_ILSVRC2012_val_00031269_rank910,101,101,0.82375,0
ILSVRC2012_val_00000476_with_ILSVRC2012_val_00048402_rank581,673,673,0.75334,0
ILSVRC2012_val_00000476_with_ILSVRC2012_val_00008314_rank576,487,487,0.64808,0
ILSVRC2012_val_00000476_with_ILSVRC2012_val_00026124_rank116,703,703,0.87513,0
ILSVRC2012_val_00000476_with_ILSVRC2012_val_00032238_rank202,805,805,0.83021,0
ILSVRC2012_val_00000476_with_ILSVRC2012_val_00031383_rank360,403,472,0.33822,181
ILSVRC2012_val_00000476_with_ILSVRC2012_val_00033635_rank915,753,753,0.86727,0
ILSVRC2012_val_00000476_with_ILSVRC2012_val_00013465_rank923,344,344,0.67366,0
ILSVRC2012_val_00000476_with_ILSVRC2012_val_00004464_rank254,396,396,0.81483,0
ILSVRC2012_val_00000476_with_ILSVRC2012_val_00024718_rank869,772,772,0.49029,0
ILSVRC2012_val_00000476_with_ILSVRC2012_val_00022136_rank623,414,696,0.09079,620
ILSVRC2012_val_00000476_with_ILSVRC2012_val_00002658_rank027,139,139,0.75082,0
ILSVRC2012_val_00000476_with_ILSVRC2012_val_00029353_rank614,213,213,0.77753,0
ILSVRC2012_val_00000476_with_ILSVRC2012_val_00033955_rank574,520,674,0.18462,847
ILSVRC2012_val_00000476_with_ILSVRC2012_val_00006911_rank812,830,88,0.12338,871
ILSVRC2012_val_00000476_with_ILSVRC2012_val_00004448_rank275,67,133,0.67495,66
ILSVRC2012_val_00000476_with_ILSVRC2012_val_00019977_rank143,104,299,0.27861,11
ILSVRC2012_val_00000476_with_ILSVRC2012_val_00012812_rank509,449,449,0.22893,0
ILSVRC2012_val_00000476_with_ILSVRC2012_val_00039679_rank675,583,583,0.58878,0
ILSVRC2012_val_00000476_with_ILSVRC2012_val_00031981_rank871,185,185,0.77909,0
ILSVRC2012_val_00000476_with_ILSVRC2012_val_00020121_rank752,434,529,0.62295,3
ILSVRC2012_val_00000476_with_ILSVRC2012_val_00017879_rank502,230,230,0.89788,0
ILSVRC2012_val_00000476_with_ILSVRC2012_val_00046671_rank597,845,845,0.4547,0
ILSVRC2012_val_00000476_with_ILSVRC2012_val_00046349_rank156,41,41,0.74163,0
ILSVRC2012_val_00000476_with_ILSVRC2012_val_00027419_rank711,2,132,0.19617,134
ILSVRC2012_val_00000476_with_ILSVRC2012_val_00021665_rank860,778,778,0.82558,0
ILSVRC2012_val_00000476_with_ILSVRC2012_val_00039674_rank501,635,622,0.79467,26
ILSVRC2012_val_00000476_with_ILSVRC2012_val_00047654_rank317,263,263,0.60736,0
ILSVRC2012_val_00000476_with_ILSVRC2012_val_00019119_rank356,285,285,0.62413,0
ILSVRC2012_val_00000476_with_ILSVRC2012_val_00028222_rank734,296,296,0.70012,0
ILSVRC2012_val_00000476_with_ILSVRC2012_val_00036594_rank545,561,561,0.82354,0
ILSVRC2012_val_00000476_with_ILSVRC2012_val_00012066_rank426,625,625,0.81014,0
ILSVRC2012_val_00000476_with_ILSVRC2012_val_00008739_rank316,177,177,0.50966,0
ILSVRC2012_val_00000476_with_ILSVRC2012_val_00011520_rank060,369,369,0.71042,0
ILSVRC2012_val_00000476_with_ILSVRC2012_val_00005844_rank850,994,994,0.83028,0
ILSVRC2012_val_00000476_with_ILSVRC2012_val_00021719_rank722,767,710,0.60042,2
ILSVRC2012_val_00000476_with_ILSVRC2012_val_00029781_rank986,643,327,0.27824,119
ILSVRC2012_val_00000476_with_ILSVRC2012_val_00017599_rank368,243,243,0.73927,0
ILSVRC2012_val_00000476_with_ILSVRC2012_val_00014647_rank464,544,544,0.90335,0
ILSVRC2012_val_00000476_with_ILSVRC2012_val_00017418_rank177,309,309,0.78861,0
ILSVRC2012_val_00000476_with_ILSVRC2012_val_00015807_rank287,153,153,0.55902,0
ILSVRC2012_val_00000476_with_ILSVRC2012_val_00014896_rank684,546,546,0.73488,0
ILSVRC2012_val_00000476_with_ILSVRC2012_val_00008428_rank528,376,376,0.81028,0
ILSVRC2012_val_00000476_with_ILSVRC2012_val_00046655_rank066,383,383,0.75706,0
ILSVRC2012_val_00000476_with_ILSVRC2012_val_00037971_rank972,740,740,0.26792,0
ILSVRC2012_val_00000476_with_ILSVRC2012_val_00030075_rank233,351,351,0.69629,0
ILSVRC2012_val_00000476_with_ILSVRC2012_val_00027017_rank500,203,203,0.72225,0
ILSVRC2012_val_00000476_with_ILSVRC2012_val_00043945_rank089,379,369,0.15868,3
ILSVRC2012_val_00000476_with_ILSVRC2012_val_00033319_rank082,179,179,0.73525,0
ILSVRC2012_val_00000476_with_ILSVRC2012_val_00038774_rank129,308,308,0.73721,0
ILSVRC2012_val_00000476_with_ILSVRC2012_val_00015064_rank191,366,366,0.81061,0
ILSVRC2012_val_00000476_with_ILSVRC2012_val_00029725_rank226,621,621,0.38367,0
ILSVRC2012_val_00000476_with_ILSVRC2012_val_00038101_rank680,822,822,0.70856,0
ILSVRC2012_val_00000476_with_ILSVRC2012_val_00025793_rank042,132,132,0.42069,0
ILSVRC2012_val_00000476_with_ILSVRC2012_val_00021689_rank336,486,889,0.73827,1
ILSVRC2012_val_00000476_with_ILSVRC2012_val_00006374_rank382,474,658,0.61885,4
ILSVRC2012_val_00000476_with_ILSVRC2012_val_00018134_rank011,85,85,0.79769,0
ILSVRC2012_val_00000476_with_ILSVRC2012_val_00015385_rank153,900,900,0.8293,0
ILSVRC2012_val_00000476_with_ILSVRC2012_val_00004154_rank920,651,766,0.45525,2
ILSVRC2012_val_00000476_with_ILSVRC2012_val_00043046_rank425,948,948,0.88546,0
ILSVRC2012_val_00000476_with_ILSVRC2012_val_00028680_rank540,745,681,0.3478,16
ILSVRC2012_val_00000476_with_ILSVRC2012_val_00004345_rank035,24,24,0.76447,0
ILSVRC2012_val_00000476_with_ILSVRC2012_val_00011165_rank284,264,264,0.80872,0
ILSVRC2012_val_00000476_with_ILSVRC2012_val_00033773_rank334,157,157,0.92698,0
ILSVRC2012_val_00000476_with_ILSVRC2012_val_00023262_rank149,367,367,0.67674,0
ILSVRC2012_val_00000476_with_ILSVRC2012_val_00020951_rank474,571,571,0.10632,0
ILSVRC2012_val_00000476_with_ILSVRC2012_val_00030505_rank450,317,317,0.75953,0
ILSVRC2012_val_00000476_with_ILSVRC2012_val_00031367_rank889,596,596,0.91434,0
ILSVRC2012_val_00000476_with_ILSVRC2012_val_00032663_rank703,62,58,0.79972,5
ILSVRC2012_val_00000476_with_ILSVRC2012_val_00026951_rank484,931,932,0.33217,1
ILSVRC2012_val_00000476_with_ILSVRC2012_val_00012516_rank791,184,184,0.93264,0
ILSVRC2012_val_00000476_with_ILSVRC2012_val_00008628_rank491,563,563,0.77762,0
ILSVRC2012_val_00000476_with_ILSVRC2012_val_00012562_rank570,933,933,0.70565,0
ILSVRC2012_val_00000476_with_ILSVRC2012_val_00000941_rank126,56,56,0.77351,0
ILSVRC2012_val_00000476_with_ILSVRC2012_val_00014168_rank550,110,110,0.80083,0
ILSVRC2012_val_00000476_with_ILSVRC2012_val_00007390_rank023,94,94,0.75077,0
ILSVRC2012_val_00000476_with_ILSVRC2012_val_00041752_rank681,441,441,0.68153,0
ILSVRC2012_val_00000476_with_ILSVRC2012_val_00012140_rank539,241,238,0.41964,2
ILSVRC2012_val_00000476_with_ILSVRC2012_val_00049316_rank736,32,32,0.70457,0
ILSVRC2012_val_00000476_with_ILSVRC2012_val_00045999_rank479,774,774,0.73916,0
ILSVRC2012_val_00000476_with_ILSVRC2012_val_00025306_rank722,767,767,0.64481,0
ILSVRC2012_val_00000476_with_ILSVRC2012_val_00005346_rank801,515,515,0.82595,0
ILSVRC2012_val_00000476_with_ILSVRC2012_val_00044918_rank510,752,752,0.54877,0
ILSVRC2012_val_00000476_with_ILSVRC2012_val_00008330_rank149,367,367,0.76281,0
ILSVRC2012_val_00000476_with_ILSVRC2012_val_00036929_rank108,825,825,0.70707,0
ILSVRC2012_val_00000476_with_ILSVRC2012_val_00022076_rank019,14,14,0.72968,0
ILSVRC2012_val_00000476_with_ILSVRC2012_val_00004004_rank047,305,305,0.78411,0
ILSVRC2012_val_00000476_with_ILSVRC2012_val_00005350_rank833,902,902,0.82941,0
ILSVRC2012_val_00000476_with_ILSVRC2012_val_00011432_rank295,467,674,0.23433,421
ILSVRC2012_val_00000476_with_ILSVRC2012_val_00046566_rank656,891,891,0.82014,0
ILSVRC2012_val_00000476_with_ILSVRC2012_val_00003505_rank308,645,132,0.34129,610
ILSVRC2012_val_00000476_with_ILSVRC2012_val_00049301_rank748,116,116,0.82995,0
ILSVRC2012_val_00000476_with_ILSVRC2012_val_00001721_rank034,361,361,0.76481,0
ILSVRC2012_val_00000476_with_ILSVRC2012_val_00019868_rank013,23,23,0.7368,0
ILSVRC2012_val_00000476_with_ILSVRC2012_val_00024596_rank727,874,874,0.85257,0
ILSVRC2012_val_00000476_with_ILSVRC2012_val_00037028_rank460,742,742,0.82361,0
ILSVRC2012_val_00000476_with_ILSVRC2012_val_00002273_rank766,690,730,0.4033,5
ILSVRC2012_val_00000476_with_ILSVRC2012_val_00024756_rank095,251,251,0.71025,0
ILSVRC2012_val_00000476_with_ILSVRC2012_val_00036596_rank375,947,947,0.33751,0
ILSVRC2012_val_00000476_with_ILSVRC2012_val_00048085_rank966,524,463,0.10333,128
ILSVRC2012_val_00000476_with_ILSVRC2012_val_00046062_rank837,800,800,0.82698,0
ILSVRC2012_val_00000476_with_ILSVRC2012_val_00002673_rank436,850,136,0.75333,806
ILSVRC2012_val_00000476_with_ILSVRC2012_val_00021928_rank140,330,330,0.8057,0
ILSVRC2012_val_00000476_with_ILSVRC2012_val_00001250_rank400,173,173,0.75481,0
ILSVRC2012_val_00000476_with_ILSVRC2012_val_00038013_rank887,680,131,0.1361,906
ILSVRC2012_val_00000476_with_ILSVRC2012_val_00014912_rank441,158,158,0.6216,0
ILSVRC2012_val_00000476_with_ILSVRC2012_val_00025640_rank329,3,133,0.35295,597
ILSVRC2012_val_00000476_with_ILSVRC2012_val_00008109_rank282,497,497,0.2869,0
ILSVRC2012_val_00000476_with_ILSVRC2012_val_00014563_rank820,869,869,0.79234,0
ILSVRC2012_val_00000476_with_ILSVRC2012_val_00031171_rank048,12,12,0.80659,0
ILSVRC2012_val_00000476_with_ILSVRC2012_val_00046241_rank459,864,864,0.91407,0
ILSVRC2012_val_00000476_with_ILSVRC2012_val_00026793_rank985,38,38,0.75452,0
ILSVRC2012_val_00000476_with_ILSVRC2012_val_00028300_rank249,199,199,0.8828,0
ILSVRC2012_val_00000476_with_ILSVRC2012_val_00030735_rank731,549,539,0.16366,34
ILSVRC2012_val_00000476_with_ILSVRC2012_val_00038514_rank645,503,503,0.80757,0
ILSVRC2012_val_00000476_with_ILSVRC2012_val_00011573_rank171,224,205,0.61439,1
ILSVRC2012_val_00000476_with_ILSVRC2012_val_00019223_rank367,672,672,0.58686,0
ILSVRC2012_val_00000476_with_ILSVRC2012_val_00000473_rank499,758,758,0.63016,0
ILSVRC2012_val_00000476_with_ILSVRC2012_val_00016451_rank403,236,236,0.37916,0
ILSVRC2012_val_00000476_with_ILSVRC2012_val_00047941_rank842,36,37,0.84775,2
ILSVRC2012_val_00000476_with_ILSVRC2012_val_00009070_rank579,587,587,0.50656,0
ILSVRC2012_val_00000476_with_ILSVRC2012_val_00049352_rank020,99,99,0.74252,0
ILSVRC2012_val_00000476_with_ILSVRC2012_val_00026811_rank044,100,100,0.1399,0
ILSVRC2012_val_00000476_with_ILSVRC2012_val_00013010_rank920,651,530,0.44406,17
ILSVRC2012_val_00000476_with_ILSVRC2012_val_00042751_rank051,148,18,0.17301,50
ILSVRC2012_val_00000476_with_ILSVRC2012_val_00009335_rank905,209,209,0.73804,0
ILSVRC2012_val_00000476_with_ILSVRC2012_val_00022228_rank956,736,736,0.40682,0
ILSVRC2012_val_00000476_with_ILSVRC2012_val_00038582_rank345,522,990,0.47273,31
ILSVRC2012_val_00000476_with_ILSVRC2012_val_00019156_rank964,765,765,0.38435,0
ILSVRC2012_val_00000476_with_ILSVRC2012_val_00004182_rank363,58,58,0.20347,0
ILSVRC2012_val_00000476_with_ILSVRC2012_val_00032748_rank974,747,502,0.08736,131
ILSVRC2012_val_00000476_with_ILSVRC2012_val_00014150_rank464,544,544,0.86667,0
ILSVRC2012_val_00000476_with_ILSVRC2012_val_00039474_rank751,339,339,0.77827,0
ILSVRC2012_val_00000476_with_ILSVRC2012_val_00042213_rank134,259,259,0.82899,0
ILSVRC2012_val_00000476_with_ILSVRC2012_val_00033365_rank585,495,495,0.82704,0
ILSVRC2012_val_00000476_with_ILSVRC2012_val_00020392_rank105,253,253,0.87097,0
ILSVRC2012_val_00000476_with_ILSVRC2012_val_00045793_rank313,695,491,0.43508,348
ILSVRC2012_val_00000476_with_ILSVRC2012_val_00003439_rank645,503,512,0.12144,17
ILSVRC2012_val_00000476_with_ILSVRC2012_val_00045928_rank199,338,338,0.73182,0
ILSVRC2012_val_00000476_with_ILSVRC2012_val_00043320_rank289,807,807,0.06254,0
ILSVRC2012_val_00000476_with_ILSVRC2012_val_00026372_rank891,938,938,0.89369,0
ILSVRC2012_val_00000476_with_ILSVRC2012_val_00005745_rank261,992,992,0.74015,0
ILSVRC2012_val_00000476_with_ILSVRC2012_val_00022876_rank568,964,964,0.89901,0
ILSVRC2012_val_00000476_with_ILSVRC2012_val_00032277_rank257,196,155,0.54725,7
ILSVRC2012_val_00000476_with_ILSVRC2012_val_00023170_rank507,958,958,0.30567,0
ILSVRC2012_val_00000476_with_ILSVRC2012_val_00005135_rank256,382,382,0.67673,0
ILSVRC2012_val_00000476_with_ILSVRC2012_val_00001731_rank641,417,417,0.33853,0
ILSVRC2012_val_00000476_with_ILSVRC2012_val_00034254_rank151,284,284,0.74065,0
ILSVRC2012_val_00000476_with_ILSVRC2012_val_00018848_rank094,39,39,0.86231,0
ILSVRC2012_val_00000476_with_ILSVRC2012_val_00011399_rank054,86,86,0.51396,0
ILSVRC2012_val_00000476_with_ILSVRC2012_val_00016630_rank491,563,563,0.74444,0
ILSVRC2012_val_00000476_with_ILSVRC2012_val_00034957_rank702,113,337,0.04316,306
ILSVRC2012_val_00000476_with_ILSVRC2012_val_00023451_rank766,690,690,0.65425,0
ILSVRC2012_val_00000476_with_ILSVRC2012_val_00042811_rank286,314,78,0.21395,13
ILSVRC2012_val_00000476_with_ILSVRC2012_val_00012608_rank400,173,173,0.3894,0
ILSVRC2012_val_00000476_with_ILSVRC2012_val_00002336_rank245,956,956,0.52075,0
ILSVRC2012_val_00000476_with_ILSVRC2012_val_00029500_rank320,29,89,0.6546,95
ILSVRC2012_val_00000476_with_ILSVRC2012_val_00039613_rank696,600,64,0.51091,197
ILSVRC2012_val_00000476_with_ILSVRC2012_val_00047975_rank810,929,929,0.86711,0
ILSVRC2012_val_00000476_with_ILSVRC2012_val_00020740_rank586,163,163,0.82407,0
ILSVRC2012_val_00000476_with_ILSVRC2012_val_00032685_rank310,274,274,0.70854,0
ILSVRC2012_val_00000476_with_ILSVRC2012_val_00017735_rank938,257,257,0.87805,0
ILSVRC2012_val_00000476_with_ILSVRC2012_val_00044243_rank741,927,927,0.43742,0
ILSVRC2012_val_00000476_with_ILSVRC2012_val_00044083_rank730,484,484,0.54425,0
ILSVRC2012_val_00000476_with_ILSVRC2012_val_00017116_rank790,584,584,0.28079,0
ILSVRC2012_val_00000476_with_ILSVRC2012_val_00037434_rank897,502,502,0.79617,0
ILSVRC2012_val_00000476_with_ILSVRC2012_val_00007251_rank194,334,334,0.05946,0
ILSVRC2012_val_00000476_with_ILSVRC2012_val_00049850_rank561,769,792,0.19812,384
ILSVRC2012_val_00000476_with_ILSVRC2012_val_00047939_rank724,318,318,0.75867,0
ILSVRC2012_val_00000476_with_ILSVRC2012_val_00019564_rank344,69,85,0.84226,244
ILSVRC2012_val_00000476_with_ILSVRC2012_val_00029284_rank390,380,380,0.77179,0
ILSVRC2012_val_00000476_with_ILSVRC2012_val_00035853_rank428,109,911,0.24456,91
ILSVRC2012_val_00000476_with_ILSVRC2012_val_00000328_rank030,21,21,0.92672,0
ILSVRC2012_val_00000476_with_ILSVRC2012_val_00000880_rank002,17,17,0.74673,0
ILSVRC2012_val_00000476_with_ILSVRC2012_val_00022330_rank343,273,273,0.79713,0
ILSVRC2012_val_00000476_with_ILSVRC2012_val_00039839_rank353,393,393,0.73966,0
ILSVRC2012_val_00000476_with_ILSVRC2012_val_00039497_rank767,894,519,0.42428,27
ILSVRC2012_val_00000476_with_ILSVRC2012_val_00024891_rank883,472,472,0.51813,0
ILSVRC2012_val_00000476_with_ILSVRC2012_val_00017311_rank447,269,269,0.56614,0
ILSVRC2012_val_00000476_with_ILSVRC2012_val_00020690_rank141,83,83,0.77513,0
ILSVRC2012_val_00000476_with_ILSVRC2012_val_00023583_rank687,118,119,0.06806,2
ILSVRC2012_val_00000476_with_ILSVRC2012_val_00049742_rank760,325,92,0.27609,33
ILSVRC2012_val_00000476_with_ILSVRC2012_val_00024795_rank445,68,68,0.46792,0
ILSVRC2012_val_00000476_with_ILSVRC2012_val_00010505_rank701,986,986,0.81101,0
ILSVRC2012_val_00000476_with_ILSVRC2012_val_00015185_rank481,545,545,0.71391,0
ILSVRC2012_val_00000476_with_ILSVRC2012_val_00008744_rank365,820,565,0.16764,3
ILSVRC2012_val_00000476_with_ILSVRC2012_val_00038653_rank049,348,348,0.3479,0
ILSVRC2012_val_00000476_with_ILSVRC2012_val_00024209_rank939,402,402,0.6277,0
ILSVRC2012_val_00000476_with_ILSVRC2012_val_00003679_rank360,403,428,0.06714,841
ILSVRC2012_val_00000476_with_ILSVRC2012_val_00017659_rank381,952,952,0.48553,0
ILSVRC2012_val_00000476_with_ILSVRC2012_val_00004638_rank985,38,38,0.61145,0
ILSVRC2012_val_00000476_with_ILSVRC2012_val_00012221_rank105,253,253,0.85041,0
ILSVRC2012_val_00000476_with_ILSVRC2012_val_00018076_rank530,112,112,0.32132,0
ILSVRC2012_val_00000476_with_ILSVRC2012_val_00036050_rank202,805,805,0.84835,0
ILSVRC2012_val_00000476_with_ILSVRC2012_val_00009974_rank015,96,96,0.77792,0
ILSVRC2012_val_00000476_with_ILSVRC2012_val_00048208_rank162,489,50,0.15014,105
ILSVRC2012_val_00000476_with_ILSVRC2012_val_00047161_rank652,889,889,0.78991,0
ILSVRC2012_val_00000476_with_ILSVRC2012_val_00021868_rank305,488,61,0.22769,27
ILSVRC2012_val_00000476_with_ILSVRC2012_val_00040591_rank529,413,413,0.46742,0
ILSVRC2012_val_00000476_with_ILSVRC2012_val_00025673_rank260,637,899,0.15498,240
ILSVRC2012_val_00000476_with_ILSVRC2012_val_00018220_rank680,822,696,0.09781,106
ILSVRC2012_val_00000476_with_ILSVRC2012_val_00001999_rank389,893,709,0.58649,2
ILSVRC2012_val_00000476_with_ILSVRC2012_val_00036666_rank207,347,347,0.71256,0
ILSVRC2012_val_00000476_with_ILSVRC2012_val_00033434_rank033,92,92,0.87794,0
ILSVRC2012_val_00000476_with_ILSVRC2012_val_00019623_rank676,398,398,0.87769,0
ILSVRC2012_val_00000476_with_ILSVRC2012_val_00002325_rank400,173,171,0.57449,6
ILSVRC2012_val_00000476_with_ILSVRC2012_val_00042529_rank419,286,286,0.65684,0
ILSVRC2012_val_00000476_with_ILSVRC2012_val_00027946_rank031,81,81,0.65174,0
ILSVRC2012_val_00000476_with_ILSVRC2012_val_00018826_rank251,248,250,0.60413,1
ILSVRC2012_val_00000476_with_ILSVRC2012_val_00003799_rank708,534,674,0.42195,137
ILSVRC2012_val_00000476_with_ILSVRC2012_val_00024431_rank326,192,184,0.78017,21
ILSVRC2012_val_00000476_with_ILSVRC2012_val_00008962_rank084,985,985,0.39055,0
ILSVRC2012_val_00000476_with_ILSVRC2012_val_00036543_rank144,231,231,0.52165,0
ILSVRC2012_val_00000476_with_ILSVRC2012_val_00039700_rank284,264,264,0.91162,0
ILSVRC2012_val_00000476_with_ILSVRC2012_val_00019120_rank300,234,177,0.42753,81
ILSVRC2012_val_00000476_with_ILSVRC2012_val_00014645_rank326,192,192,0.26139,0
ILSVRC2012_val_00000476_with_ILSVRC2012_val_00002536_rank001,18,18,0.7561,0
ILSVRC2012_val_00000476_with_ILSVRC2012_val_00035945_rank785,871,871,0.58259,0
ILSVRC2012_val_00000476_with_ILSVRC2012_val_00044304_rank675,583,791,0.10113,351
ILSVRC2012_val_00000476_with_ILSVRC2012_val_00029683_rank092,278,278,0.80612,0
ILSVRC2012_val_00000476_with_ILSVRC2012_val_00034737_rank255,182,182,0.74107,0
ILSVRC2012_val_00000476_with_ILSVRC2012_val_00023577_rank213,210,210,0.53004,0
ILSVRC2012_val_00000476_with_ILSVRC2012_val_00016305_rank542,617,132,0.66739,213
ILSVRC2012_val_00000476_with_ILSVRC2012_val_00020607_rank867,846,619,0.07635,1
ILSVRC2012_val_00000476_with_ILSVRC2012_val_00011007_rank942,451,823,0.11302,8
ILSVRC2012_val_00000476_with_ILSVRC2012_val_00010338_rank583,921,917,0.45852,1
ILSVRC2012_val_00000476_with_ILSVRC2012_val_00002661_rank269,628,628,0.79691,0
ILSVRC2012_val_00000476_with_ILSVRC2012_val_00012650_rank780,759,759,0.24476,0
ILSVRC2012_val_00000476_with_ILSVRC2012_val_00036303_rank680,822,137,0.11135,490
ILSVRC2012_val_00000476_with_ILSVRC2012_val_00041101_rank980,684,684,0.79246,0
ILSVRC2012_val_00000476_with_ILSVRC2012_val_00038882_rank271,155,155,0.8223,0
ILSVRC2012_val_00000476_with_ILSVRC2012_val_00033531_rank300,234,163,0.59025,16
ILSVRC2012_val_00000476_with_ILSVRC2012_val_00003432_rank937,401,401,0.73389,0
ILSVRC2012_val_00000476_with_ILSVRC2012_val_00034970_rank361,60,64,0.27521,17
ILSVRC2012_val_00000476_with_ILSVRC2012_val_00036186_rank061,306,381,0.05396,102
ILSVRC2012_val_00000476_with_ILSVRC2012_val_00018975_rank649,444,444,0.82606,0
ILSVRC2012_val_00000476_with_ILSVRC2012_val_00004708_rank958,610,610,0.63022,0
ILSVRC2012_val_00000476_with_ILSVRC2012_val_00022704_rank526,618,618,0.77665,0
ILSVRC2012_val_00000476_with_ILSVRC2012_val_00036443_rank903,194,194,0.74205,0
ILSVRC2012_val_00000476_with_ILSVRC2012_val_00044558_rank416,589,589,0.82894,0
ILSVRC2012_val_00000476_with_ILSVRC2012_val_00006243_rank906,551,472,0.13546,986
ILSVRC2012_val_00000476_with_ILSVRC2012_val_00026688_rank471,971,909,0.23388,309
ILSVRC2012_val_00000476_with_ILSVRC2012_val_00018136_rank383,573,573,0.75031,0
ILSVRC2012_val_00000476_with_ILSVRC2012_val_00009628_rank205,557,472,0.23515,454
ILSVRC2012_val_00000476_with_ILSVRC2012_val_00010147_rank180,405,405,0.8086,0
ILSVRC2012_val_00000476_with_ILSVRC2012_val_00022883_rank250,400,400,0.7076,0
ILSVRC2012_val_00000476_with_ILSVRC2012_val_00017509_rank919,190,190,0.72207,0
ILSVRC2012_val_00000476_with_ILSVRC2012_val_00032565_rank643,923,923,0.91318,0
ILSVRC2012_val_00000476_with_ILSVRC2012_val_00000706_rank896,419,499,0.8748,77
ILSVRC2012_val_00000476_with_ILSVRC2012_val_00013183_rank692,120,120,0.77192,0
ILSVRC2012_val_00000476_with_ILSVRC2012_val_00000009_rank975,674,674,0.74655,0
ILSVRC2012_val_00000476_with_ILSVRC2012_val_00010375_rank569,655,858,0.15843,307
ILSVRC2012_val_00000476_with_ILSVRC2012_val_00027180_rank868,821,821,0.61022,0
ILSVRC2012_val_00000476_with_ILSVRC2012_val_00027743_rank230,183,189,0.35619,7
ILSVRC2012_val_00000476_with_ILSVRC2012_val_00017968_rank131,245,245,0.78206,0
ILSVRC2012_val_00000476_with_ILSVRC2012_val_00033817_rank580,70,133,0.17407,123
ILSVRC2012_val_00000476_with_ILSVRC2012_val_00007109_rank230,183,183,0.55498,0
ILSVRC2012_val_00000476_with_ILSVRC2012_val_00022940_rank674,803,803,0.33263,0
ILSVRC2012_val_00000476_with_ILSVRC2012_val_00042221_rank244,944,944,0.84586,0
ILSVRC2012_val_00000476_with_ILSVRC2012_val_00001226_rank622,333,333,0.66231,0
ILSVRC2012_val_00000476_with_ILSVRC2012_val_00002834_rank893,490,50,0.39234,232
ILSVRC2012_val_00000476_with_ILSVRC2012_val_00026419_rank435,726,726,0.90624,0
ILSVRC2012_val_00000476_with_ILSVRC2012_val_00010853_rank191,366,366,0.68775,0
ILSVRC2012_val_00000476_with_ILSVRC2012_val_00011033_rank860,778,778,0.37705,0
ILSVRC2012_val_00000476_with_ILSVRC2012_val_00023155_rank718,168,168,0.34158,0
ILSVRC2012_val_00000476_with_ILSVRC2012_val_00042164_rank281,554,554,0.85928,0
ILSVRC2012_val_00000476_with_ILSVRC2012_val_00006765_rank891,938,938,0.81495,0
ILSVRC2012_val_00000476_with_ILSVRC2012_val_00008420_rank019,14,14,0.82057,0
ILSVRC2012_val_00000476_with_ILSVRC2012_val_00003532_rank578,661,661,0.76971,0
ILSVRC2012_val_00000476_with_ILSVRC2012_val_00032060_rank652,889,889,0.57731,0
ILSVRC2012_val_00000476_with_ILSVRC2012_val_00001734_rank833,902,784,0.48454,42
ILSVRC2012_val_00000476_with_ILSVRC2012_val_00043100_rank420,364,364,0.74759,0
ILSVRC2012_val_00000476_with_ILSVRC2012_val_00042931_rank288,749,749,0.42982,0
ILSVRC2012_val_00000476_with_ILSVRC2012_val_00020805_rank871,185,185,0.79098,0
ILSVRC2012_val_00000476_with_ILSVRC2012_val_00024541_rank358,63,63,0.7418,0
ILSVRC2012_val_00000476_with_ILSVRC2012_val_00019421_rank907,461,461,0.69389,0
ILSVRC2012_val_00000476_with_ILSVRC2012_val_00004022_rank913,998,941,0.74111,31
ILSVRC2012_val_00000476_with_ILSVRC2012_val_00043072_rank455,208,208,0.79636,0
ILSVRC2012_val_00000476_with_ILSVRC2012_val_00040306_rank971,427,427,0.66937,0
ILSVRC2012_val_00000476_with_ILSVRC2012_val_00024115_rank923,344,344,0.79421,0
ILSVRC2012_val_00000476_with_ILSVRC2012_val_00028043_rank764,791,791,0.5182,0
ILSVRC2012_val_00000476_with_ILSVRC2012_val_00015688_rank654,751,751,0.60226,0
ILSVRC2012_val_00000476_with_ILSVRC2012_val_00002358_rank882,481,481,0.59448,0
ILSVRC2012_val_00000476_with_ILSVRC2012_val_00049282_rank852,477,477,0.71847,0
ILSVRC2012_val_00000476_with_ILSVRC2012_val_00048065_rank355,972,337,0.19782,788
ILSVRC2012_val_00000476_with_ILSVRC2012_val_00011950_rank298,777,777,0.70086,0
ILSVRC2012_val_00000476_with_ILSVRC2012_val_00002192_rank098,129,129,0.80279,0
ILSVRC2012_val_00000476_with_ILSVRC2012_val_00040080_rank181,951,951,0.919,0
ILSVRC2012_val_00000476_with_ILSVRC2012_val_00015101_rank551,435,132,0.09486,727
ILSVRC2012_val_00000476_with_ILSVRC2012_val_00011464_rank949,932,932,0.85203,0
ILSVRC2012_val_00000476_with_ILSVRC2012_val_00005611_rank617,669,879,0.77455,55
ILSVRC2012_val_00000476_with_ILSVRC2012_val_00024137_rank691,410,137,0.35136,586
ILSVRC2012_val_00000476_with_ILSVRC2012_val_00027843_rank642,785,596,0.2645,263
ILSVRC2012_val_00000476_with_ILSVRC2012_val_00047156_rank025,131,131,0.89297,0
ILSVRC2012_val_00000476_with_ILSVRC2012_val_00045996_rank658,501,806,0.32795,128
ILSVRC2012_val_00000476_with_ILSVRC2012_val_00044584_rank087,102,102,0.7601,0
ILSVRC2012_val_00000476_with_ILSVRC2012_val_00017362_rank683,939,939,0.58606,0
ILSVRC2012_val_00000476_with_ILSVRC2012_val_00028241_rank079,323,323,0.80497,0
ILSVRC2012_val_00000476_with_ILSVRC2012_val_00030004_rank927,519,674,0.40313,12
ILSVRC2012_val_00000476_with_ILSVRC2012_val_00042373_rank636,773,773,0.66713,0
ILSVRC2012_val_00000476_with_ILSVRC2012_val_00045050_rank981,644,132,0.27237,429
ILSVRC2012_val_00000476_with_ILSVRC2012_val_00018532_rank910,101,385,0.27667,1
ILSVRC2012_val_00000476_with_ILSVRC2012_val_00017305_rank226,621,621,0.78721,0
ILSVRC2012_val_00000476_with_ILSVRC2012_val_00018928_rank751,339,339,0.80849,0
ILSVRC2012_val_00000476_with_ILSVRC2012_val_00049507_rank562,653,653,0.76537,0
ILSVRC2012_val_00000476_with_ILSVRC2012_val_00035320_rank188,162,162,0.74545,0
ILSVRC2012_val_00000476_with_ILSVRC2012_val_00019810_rank072,133,133,0.789,0
ILSVRC2012_val_00000476_with_ILSVRC2012_val_00018184_rank713,590,590,0.68431,0
ILSVRC2012_val_00000476_with_ILSVRC2012_val_00016827_rank914,422,422,0.21383,0
ILSVRC2012_val_00000476_with_ILSVRC2012_val_00023880_rank218,824,136,0.14494,344
ILSVRC2012_val_00000476_with_ILSVRC2012_val_00019110_rank748,116,116,0.84265,0
ILSVRC2012_val_00000476_with_ILSVRC2012_val_00030646_rank961,541,469,0.73799,24
ILSVRC2012_val_00000476_with_ILSVRC2012_val_00029605_rank494,121,121,0.57402,0
ILSVRC2012_val_00000476_with_ILSVRC2012_val_00005089_rank234,315,315,0.67301,0
ILSVRC2012_val_00000476_with_ILSVRC2012_val_00048999_rank113,768,455,0.42893,70
ILSVRC2012_val_00000476_with_ILSVRC2012_val_00046247_rank339,239,239,0.91376,0
ILSVRC2012_val_00000476_with_ILSVRC2012_val_00034116_rank937,401,401,0.36268,0
ILSVRC2012_val_00000476_with_ILSVRC2012_val_00010576_rank737,365,365,0.64896,0
ILSVRC2012_val_00000476_with_ILSVRC2012_val_00003213_rank068,362,362,0.77478,0
ILSVRC2012_val_00000476_with_ILSVRC2012_val_00035775_rank631,532,499,0.22894,105
ILSVRC2012_val_00000476_with_ILSVRC2012_val_00045794_rank958,610,610,0.78235,0
ILSVRC2012_val_00000476_with_ILSVRC2012_val_00011884_rank087,102,102,0.7841,0
ILSVRC2012_val_00000476_with_ILSVRC2012_val_00019913_rank951,857,448,0.32343,366
ILSVRC2012_val_00000476_with_ILSVRC2012_val_00025030_rank929,606,606,0.83848,0
ILSVRC2012_val_00000476_with_ILSVRC2012_val_00037478_rank162,489,489,0.6011,0
ILSVRC2012_val_00000476_with_ILSVRC2012_val_00037177_rank668,107,907,0.05411,441
ILSVRC2012_val_00000476_with_ILSVRC2012_val_00006319_rank682,26,50,0.17923,127
ILSVRC2012_val_00000476_with_ILSVRC2012_val_00033118_rank633,818,337,0.12987,968
ILSVRC2012_val_00000476_with_ILSVRC2012_val_00006331_rank682,26,133,0.34938,125
ILSVRC2012_val_00000476_with_ILSVRC2012_val_00028421_rank454,873,873,0.66112,0
ILSVRC2012_val_00000476_with_ILSVRC2012_val_00038107_rank441,158,158,0.74,0
ILSVRC2012_val_00000476_with_ILSVRC2012_val_00020239_rank141,83,83,0.7371,0
ILSVRC2012_val_00000476_with_ILSVRC2012_val_00037205_rank290,809,809,0.22823,0
ILSVRC2012_val_00000476_with_ILSVRC2012_val_00004289_rank667,928,961,0.45405,6
ILSVRC2012_val_00000476_with_ILSVRC2012_val_00022927_rank281,554,694,0.22988,4
ILSVRC2012_val_00000476_with_ILSVRC2012_val_00041919_rank736,32,32,0.73107,0
ILSVRC2012_val_00000476_with_ILSVRC2012_val_00025065_rank206,267,267,0.77168,0
ILSVRC2012_val_00000476_with_ILSVRC2012_val_00002438_rank478,763,763,0.87049,0
ILSVRC2012_val_00000476_with_ILSVRC2012_val_00030437_rank169,115,397,0.12246,12
ILSVRC2012_val_00000476_with_ILSVRC2012_val_00004164_rank146,75,75,0.37068,0
ILSVRC2012_val_00000476_with_ILSVRC2012_val_00006893_rank691,410,763,0.54731,116
ILSVRC2012_val_00000476_with_ILSVRC2012_val_00040462_rank831,797,797,0.67108,0
ILSVRC2012_val_00000476_with_ILSVRC2012_val_00031233_rank674,803,803,0.38525,0
ILSVRC2012_val_00000476_with_ILSVRC2012_val_00048797_rank990,731,731,0.93688,0
ILSVRC2012_val_00000476_with_ILSVRC2012_val_00011102_rank480,555,555,0.7504,0
ILSVRC2012_val_00000476_with_ILSVRC2012_val_00046836_rank788,228,229,0.33064,2
ILSVRC2012_val_00000476_with_ILSVRC2012_val_00035600_rank652,889,486,0.42675,1
ILSVRC2012_val_00000476_with_ILSVRC2012_val_00006568_rank241,605,605,0.69638,0
ILSVRC2012_val_00000476_with_ILSVRC2012_val_00001200_rank743,450,450,0.14145,0
ILSVRC2012_val_00000476_with_ILSVRC2012_val_00031546_rank575,595,730,0.3482,3
ILSVRC2012_val_00000476_with_ILSVRC2012_val_00026433_rank290,809,809,0.50408,0
ILSVRC2012_val_00000476_with_ILSVRC2012_val_00008435_rank188,162,162,0.70768,0
ILSVRC2012_val_00000476_with_ILSVRC2012_val_00000692_rank061,306,305,0.52533,1
ILSVRC2012_val_00000476_with_ILSVRC2012_val_00029122_rank316,177,177,0.72933,0
ILSVRC2012_val_00000476_with_ILSVRC2012_val_00027636_rank594,648,648,0.40521,0
ILSVRC2012_val_00000476_with_ILSVRC2012_val_00015631_rank329,3,4,0.39003,2
ILSVRC2012_val_00000476_with_ILSVRC2012_val_00029062_rank129,308,308,0.75594,0
ILSVRC2012_val_00000476_with_ILSVRC2012_val_00017213_rank398,781,781,0.87646,0
ILSVRC2012_val_00000476_with_ILSVRC2012_val_00031919_rank242,28,47,0.17965,198
ILSVRC2012_val_00000476_with_ILSVRC2012_val_00030598_rank867,846,619,0.1848,1
ILSVRC2012_val_00000476_with_ILSVRC2012_val_00039314_rank668,107,36,0.633,111
ILSVRC2012_val_00000476_with_ILSVRC2012_val_00031086_rank029,11,11,0.41783,0
ILSVRC2012_val_00000476_with_ILSVRC2012_val_00043129_rank1000,588,791,0.43901,20
ILSVRC2012_val_00000476_with_ILSVRC2012_val_00010515_rank756,591,591,0.79236,0
ILSVRC2012_val_00000476_with_ILSVRC2012_val_00045070_rank112,105,105,0.79069,0
ILSVRC2012_val_00000476_with_ILSVRC2012_val_00026349_rank238,311,311,0.48714,0
ILSVRC2012_val_00000476_with_ILSVRC2012_val_00016757_rank334,157,157,0.46176,0
ILSVRC2012_val_00000476_with_ILSVRC2012_val_00021866_rank487,962,962,0.92247,0
ILSVRC2012_val_00000476_with_ILSVRC2012_val_00048552_rank021,20,20,0.80664,0
ILSVRC2012_val_00000476_with_ILSVRC2012_val_00005810_rank560,834,830,0.28812,376
ILSVRC2012_val_00000476_with_ILSVRC2012_val_00034317_rank273,981,693,0.16072,26
ILSVRC2012_val_00000476_with_ILSVRC2012_val_00037856_rank662,728,114,0.90901,927
ILSVRC2012_val_00000476_with_ILSVRC2012_val_00034742_rank660,636,636,0.50303,0
ILSVRC2012_val_00000476_with_ILSVRC2012_val_00021448_rank353,393,393,0.37638,0
ILSVRC2012_val_00000476_with_ILSVRC2012_val_00023441_rank039,10,10,0.85393,0
ILSVRC2012_val_00000476_with_ILSVRC2012_val_00034952_rank971,427,427,0.61413,0
ILSVRC2012_val_00000476_with_ILSVRC2012_val_00014174_rank271,155,155,0.68463,0
ILSVRC2012_val_00000476_with_ILSVRC2012_val_00027995_rank408,357,136,0.51078,38
ILSVRC2012_val_00000476_with_ILSVRC2012_val_00005600_rank984,678,97,0.04805,705
ILSVRC2012_val_00000476_with_ILSVRC2012_val_00011813_rank416,589,720,0.16793,137
ILSVRC2012_val_00000476_with_ILSVRC2012_val_00026557_rank125,320,319,0.8657,1
ILSVRC2012_val_00000476_with_ILSVRC2012_val_00046412_rank079,323,323,0.82148,0
ILSVRC2012_val_00000476_with_ILSVRC2012_val_00024763_rank804,473,473,0.13109,0
ILSVRC2012_val_00000476_with_ILSVRC2012_val_00019769_rank756,591,591,0.48601,0
ILSVRC2012_val_00000476_with_ILSVRC2012_val_00012653_rank454,873,873,0.74277,0
ILSVRC2012_val_00000476_with_ILSVRC2012_val_00027660_rank421,896,896,0.71914,0
ILSVRC2012_val_00000476_with_ILSVRC2012_val_00005561_rank857,526,428,0.30692,642
ILSVRC2012_val_00000476_with_ILSVRC2012_val_00022143_rank723,722,722,0.69017,0
ILSVRC2012_val_00000476_with_ILSVRC2012_val_00003823_rank056,88,88,0.89299,0
ILSVRC2012_val_00000476_with_ILSVRC2012_val_00042219_rank409,528,528,0.88995,0
ILSVRC2012_val_00000476_with_ILSVRC2012_val_00001040_rank933,283,8,0.63379,364
ILSVRC2012_val_00000476_with_ILSVRC2012_val_00029158_rank557,783,783,0.86267,0
ILSVRC2012_val_00000476_with_ILSVRC2012_val_00049050_rank932,423,423,0.76987,0
ILSVRC2012_val_00000476_with_ILSVRC2012_val_00019207_rank592,707,707,0.76263,0
ILSVRC2012_val_00000476_with_ILSVRC2012_val_00008077_rank646,898,671,0.82425,79
ILSVRC2012_val_00000476_with_ILSVRC2012_val_00003475_rank872,117,117,0.85129,0
ILSVRC2012_val_00000476_with_ILSVRC2012_val_00005352_rank641,417,337,0.14576,958
ILSVRC2012_val_00000476_with_ILSVRC2012_val_00010484_rank125,320,320,0.84598,0
ILSVRC2012_val_00000476_with_ILSVRC2012_val_00001076_rank811,720,898,0.21247,9
ILSVRC2012_val_00000476_with_ILSVRC2012_val_00044063_rank719,729,729,0.86766,0
ILSVRC2012_val_00000476_with_ILSVRC2012_val_00040725_rank058,232,264,0.39465,3
ILSVRC2012_val_00000476_with_ILSVRC2012_val_00047289_rank134,259,259,0.17544,0
ILSVRC2012_val_00000476_with_ILSVRC2012_val_00049746_rank003,143,143,0.73106,0
ILSVRC2012_val_00000476_with_ILSVRC2012_val_00034901_rank872,117,117,0.76116,0
ILSVRC2012_val_00000476_with_ILSVRC2012_val_00045668_rank407,291,291,0.91584,0
ILSVRC2012_val_00000476_with_ILSVRC2012_val_00049603_rank178,372,372,0.60927,0
ILSVRC2012_val_00000476_with_ILSVRC2012_val_00040233_rank112,105,105,0.8412,0
ILSVRC2012_val_00000476_with_ILSVRC2012_val_00033575_rank103,25,25,0.70403,0
ILSVRC2012_val_00000476_with_ILSVRC2012_val_00030359_rank513,961,947,0.35186,51
ILSVRC2012_val_00000476_with_ILSVRC2012_val_00013259_rank987,570,570,0.25037,0
ILSVRC2012_val_00000476_with_ILSVRC2012_val_00043438_rank952,711,626,0.27432,6
ILSVRC2012_val_00000476_with_ILSVRC2012_val_00002473_rank140,330,330,0.78699,0
ILSVRC2012_val_00000476_with_ILSVRC2012_val_00028628_rank356,285,285,0.31135,0
ILSVRC2012_val_00000476_with_ILSVRC2012_val_00048067_rank501,635,426,0.4839,1
ILSVRC2012_val_00000476_with_ILSVRC2012_val_00043829_rank196,494,494,0.44764,0
ILSVRC2012_val_00000476_with_ILSVRC2012_val_00014949_rank022,128,128,0.76235,0
ILSVRC2012_val_00000476_with_ILSVRC2012_val_00045384_rank442,779,759,0.03883,145
ILSVRC2012_val_00000476_with_ILSVRC2012_val_00037855_rank718,168,168,0.634,0
ILSVRC2012_val_00000476_with_ILSVRC2012_val_00025522_rank310,274,274,0.811,0
ILSVRC2012_val_00000476_with_ILSVRC2012_val_00018801_rank898,906,834,0.82999,1
ILSVRC2012_val_00000476_with_ILSVRC2012_val_00019229_rank347,510,510,0.85349,0
ILSVRC2012_val_00000476_with_ILSVRC2012_val_00018308_rank465,556,470,0.52999,72
ILSVRC2012_val_00000476_with_ILSVRC2012_val_00003846_rank449,31,31,0.78879,0
ILSVRC2012_val_00000476_with_ILSVRC2012_val_00009013_rank802,840,840,0.82269,0
ILSVRC2012_val_00000476_with_ILSVRC2012_val_00042319_rank905,209,209,0.90722,0
ILSVRC2012_val_00000476_with_ILSVRC2012_val_00001287_rank969,543,137,0.66535,546
ILSVRC2012_val_00000476_with_ILSVRC2012_val_00030009_rank275,67,67,0.65004,0
ILSVRC2012_val_00000476_with_ILSVRC2012_val_00044160_rank202,805,805,0.85033,0
ILSVRC2012_val_00000476_with_ILSVRC2012_val_00042618_rank633,818,337,0.14689,968
ILSVRC2012_val_00000476_with_ILSVRC2012_val_00023765_rank182,166,166,0.82796,0
ILSVRC2012_val_00000476_with_ILSVRC2012_val_00022608_rank494,121,994,0.29904,84
ILSVRC2012_val_00000476_with_ILSVRC2012_val_00004105_rank321,147,131,0.09147,67
ILSVRC2012_val_00000476_with_ILSVRC2012_val_00008620_rank369,724,724,0.85669,0
ILSVRC2012_val_00000476_with_ILSVRC2012_val_00028587_rank506,959,959,0.81768,0
ILSVRC2012_val_00000476_with_ILSVRC2012_val_00038556_rank361,60,133,0.28505,186
ILSVRC2012_val_00000476_with_ILSVRC2012_val_00002072_rank356,285,285,0.51615,0
ILSVRC2012_val_00000476_with_ILSVRC2012_val_00036299_rank503,688,688,0.81457,0
ILSVRC2012_val_00000476_with_ILSVRC2012_val_00028732_rank378,667,879,0.23533,18
ILSVRC2012_val_00000476_with_ILSVRC2012_val_00030723_rank285,517,730,0.62444,59
ILSVRC2012_val_00000476_with_ILSVRC2012_val_00034444_rank676,398,398,0.81,0
ILSVRC2012_val_00000476_with_ILSVRC2012_val_00009747_rank148,984,984,0.10069,0
ILSVRC2012_val_00000476_with_ILSVRC2012_val_00038165_rank676,398,398,0.84836,0
ILSVRC2012_val_00000476_with_ILSVRC2012_val_00000438_rank613,721,721,0.14274,0
ILSVRC2012_val_00000476_with_ILSVRC2012_val_00013993_rank325,609,609,0.73209,0
ILSVRC2012_val_00000476_with_ILSVRC2012_val_00023871_rank356,285,285,0.76534,0
ILSVRC2012_val_00000476_with_ILSVRC2012_val_00048666_rank098,129,129,0.87114,0
ILSVRC2012_val_00000476_with_ILSVRC2012_val_00014134_rank161,304,304,0.54028,0
ILSVRC2012_val_00000476_with_ILSVRC2012_val_00025060_rank886,881,401,0.30182,6
ILSVRC2012_val_00000476_with_ILSVRC2012_val_00030378_rank855,626,919,0.51147,186
ILSVRC2012_val_00000476_with_ILSVRC2012_val_00041387_rank140,330,330,0.39706,0
ILSVRC2012_val_00000476_with_ILSVRC2012_val_00021749_rank241,605,605,0.85394,0
ILSVRC2012_val_00000476_with_ILSVRC2012_val_00025034_rank579,587,587,0.5787,0
ILSVRC2012_val_00000476_with_ILSVRC2012_val_00006925_rank088,387,387,0.83591,0
ILSVRC2012_val_00000476_with_ILSVRC2012_val_00030197_rank902,937,937,0.1553,0
ILSVRC2012_val_00000476_with_ILSVRC2012_val_00040065_rank602,870,870,0.74998,0
ILSVRC2012_val_00000476_with_ILSVRC2012_val_00049376_rank372,833,833,0.82174,0
ILSVRC2012_val_00000476_with_ILSVRC2012_val_00011103_rank864,531,826,0.51103,1
ILSVRC2012_val_00000476_with_ILSVRC2012_val_00044099_rank800,553,553,0.77542,0
ILSVRC2012_val_00000476_with_ILSVRC2012_val_00043871_rank285,517,730,0.24713,59
ILSVRC2012_val_00000476_with_ILSVRC2012_val_00049093_rank015,96,96,0.79935,0
ILSVRC2012_val_00000476_with_ILSVRC2012_val_00034783_rank602,870,870,0.84566,0
ILSVRC2012_val_00000476_with_ILSVRC2012_val_00017049_rank324,955,955,0.79445,0
ILSVRC2012_val_00000476_with_ILSVRC2012_val_00017441_rank044,100,100,0.77627,0
ILSVRC2012_val_00000476_with_ILSVRC2012_val_00034647_rank135,42,131,0.22226,140
ILSVRC2012_val_00000476_with_ILSVRC2012_val_00001770_rank562,653,603,0.66167,74
ILSVRC2012_val_00000476_with_ILSVRC2012_val_00026232_rank032,95,95,0.7374,0
ILSVRC2012_val_00000476_with_ILSVRC2012_val_00022158_rank578,661,661,0.79607,0
ILSVRC2012_val_00000476_with_ILSVRC2012_val_00004555_rank704,47,42,0.39179,3
ILSVRC2012_val_00000476_with_ILSVRC2012_val_00048495_rank477,663,491,0.43891,487
ILSVRC2012_val_00000476_with_ILSVRC2012_val_00033663_rank399,849,849,0.82231,0
ILSVRC2012_val_00000476_with_ILSVRC2012_val_00045508_rank889,596,596,0.96767,0
ILSVRC2012_val_00000476_with_ILSVRC2012_val_00036404_rank952,711,711,0.28653,0
ILSVRC2012_val_00000476_with_ILSVRC2012_val_00044917_rank848,886,886,0.82592,0
ILSVRC2012_val_00000476_with_ILSVRC2012_val_00017403_rank158,425,425,0.64467,0
ILSVRC2012_val_00000476_with_ILSVRC2012_val_00040222_rank122,240,240,0.21127,0
ILSVRC2012_val_00000476_with_ILSVRC2012_val_00002334_rank132,370,370,0.75291,0
ILSVRC2012_val_00000476_with_ILSVRC2012_val_00015007_rank283,963,963,0.88281,0
ILSVRC2012_val_00000476_with_ILSVRC2012_val_00005390_rank396,229,229,0.68567,0
ILSVRC2012_val_00000476_with_ILSVRC2012_val_00042891_rank793,675,609,0.82084,28
ILSVRC2012_val_00000476_with_ILSVRC2012_val_00031581_rank296,630,630,0.63883,0
ILSVRC2012_val_00000476_with_ILSVRC2012_val_00021550_rank307,987,987,0.73787,0
ILSVRC2012_val_00000476_with_ILSVRC2012_val_00001985_rank692,120,120,0.74415,0
ILSVRC2012_val_00000476_with_ILSVRC2012_val_00041928_rank117,219,219,0.84928,0
ILSVRC2012_val_00000476_with_ILSVRC2012_val_00000681_rank992,699,699,0.80248,0
ILSVRC2012_val_00000476_with_ILSVRC2012_val_00014027_rank789,855,855,0.82241,0
ILSVRC2012_val_00000476_with_ILSVRC2012_val_00011846_rank758,389,391,0.1802,4
ILSVRC2012_val_00000476_with_ILSVRC2012_val_00006272_rank597,845,784,0.48043,2
ILSVRC2012_val_00000476_with_ILSVRC2012_val_00008306_rank525,885,131,0.29438,719
ILSVRC2012_val_00000476_with_ILSVRC2012_val_00031292_rank272,920,920,0.74517,0
ILSVRC2012_val_00000476_with_ILSVRC2012_val_00032924_rank197,872,872,0.93151,0
ILSVRC2012_val_00000476_with_ILSVRC2012_val_00002071_rank019,14,14,0.75631,0
ILSVRC2012_val_00000476_with_ILSVRC2012_val_00013232_rank752,434,463,0.32781,59
ILSVRC2012_val_00000476_with_ILSVRC2012_val_00011192_rank878,715,36,0.46494,227
ILSVRC2012_val_00000476_with_ILSVRC2012_val_00009073_rank608,853,716,0.11644,12
ILSVRC2012_val_00000476_with_ILSVRC2012_val_00015896_rank804,473,473,0.83928,0
ILSVRC2012_val_00000476_with_ILSVRC2012_val_00023162_rank048,12,12,0.87644,0
ILSVRC2012_val_00000476_with_ILSVRC2012_val_00000587_rank490,905,843,0.24548,186
ILSVRC2012_val_00000476_with_ILSVRC2012_val_00049931_rank235,238,161,0.77037,6
ILSVRC2012_val_00000476_with_ILSVRC2012_val_00036283_rank342,922,922,0.43476,0
ILSVRC2012_val_00000476_with_ILSVRC2012_val_00047766_rank607,813,813,0.4889,0
ILSVRC2012_val_00000476_with_ILSVRC2012_val_00049219_rank628,934,934,0.76245,0
ILSVRC2012_val_00000476_with_ILSVRC2012_val_00031756_rank768,882,882,0.75078,0
ILSVRC2012_val_00000476_with_ILSVRC2012_val_00028619_rank227,350,350,0.7019,0
ILSVRC2012_val_00000476_with_ILSVRC2012_val_00032396_rank038,375,375,0.44013,0
ILSVRC2012_val_00000476_with_ILSVRC2012_val_00002966_rank150,755,755,0.79627,0
ILSVRC2012_val_00000476_with_ILSVRC2012_val_00025194_rank840,594,594,0.81584,0
ILSVRC2012_val_00000476_with_ILSVRC2012_val_00049842_rank675,583,583,0.84636,0
ILSVRC2012_val_00000476_with_ILSVRC2012_val_00021974_rank126,56,60,0.1901,3
ILSVRC2012_val_00000476_with_ILSVRC2012_val_00032676_rank770,689,689,0.58186,0
ILSVRC2012_val_00000476_with_ILSVRC2012_val_00023223_rank405,945,989,0.45419,21
ILSVRC2012_val_00000476_with_ILSVRC2012_val_00012162_rank111,919,919,0.70005,0
ILSVRC2012_val_00000476_with_ILSVRC2012_val_00018717_rank216,363,363,0.24346,0
ILSVRC2012_val_00000476_with_ILSVRC2012_val_00037235_rank401,123,730,0.19344,281
ILSVRC2012_val_00000476_with_ILSVRC2012_val_00012406_rank194,334,334,0.52062,0
ILSVRC2012_val_00000476_with_ILSVRC2012_val_00000105_rank493,201,8,0.85648,93
ILSVRC2012_val_00000476_with_ILSVRC2012_val_00026243_rank513,961,766,0.20437,148
ILSVRC2012_val_00000476_with_ILSVRC2012_val_00033830_rank920,651,651,0.69661,0
ILSVRC2012_val_00000476_with_ILSVRC2012_val_00030404_rank128,106,106,0.60779,0
ILSVRC2012_val_00000476_with_ILSVRC2012_val_00028179_rank998,464,463,0.16924,916
ILSVRC2012_val_00000476_with_ILSVRC2012_val_00029747_rank399,849,849,0.78581,0
ILSVRC2012_val_00000476_with_ILSVRC2012_val_00013689_rank418,103,103,0.66541,0
ILSVRC2012_val_00000476_with_ILSVRC2012_val_00000871_rank672,294,294,0.7808,0
ILSVRC2012_val_00000476_with_ILSVRC2012_val_00030698_rank403,236,236,0.82204,0
ILSVRC2012_val_00000476_with_ILSVRC2012_val_00037948_rank758,389,389,0.72423,0
ILSVRC2012_val_00000476_with_ILSVRC2012_val_00041994_rank445,68,64,0.32783,12
ILSVRC2012_val_00000476_with_ILSVRC2012_val_00028027_rank808,914,681,0.10907,897
ILSVRC2012_val_00000476_with_ILSVRC2012_val_00001187_rank045,321,321,0.83351,0
ILSVRC2012_val_00000476_with_ILSVRC2012_val_00042500_rank605,61,61,0.82604,0
ILSVRC2012_val_00000476_with_ILSVRC2012_val_00025890_rank571,491,491,0.68301,0
ILSVRC2012_val_00000476_with_ILSVRC2012_val_00023069_rank026,134,134,0.81339,0
ILSVRC2012_val_00000476_with_ILSVRC2012_val_00018250_rank001,18,18,0.85347,0
ILSVRC2012_val_00000476_with_ILSVRC2012_val_00023186_rank800,553,553,0.64414,0
ILSVRC2012_val_00000476_with_ILSVRC2012_val_00037849_rank073,835,835,0.80389,0
ILSVRC2012_val_00000476_with_ILSVRC2012_val_00039050_rank624,954,133,0.25398,383
ILSVRC2012_val_00000476_with_ILSVRC2012_val_00019034_rank021,20,20,0.72084,0
ILSVRC2012_val_00000476_with_ILSVRC2012_val_00004362_rank401,123,124,0.44672,1
ILSVRC2012_val_00000476_with_ILSVRC2012_val_00047566_rank765,244,244,0.88714,0
ILSVRC2012_val_00000476_with_ILSVRC2012_val_00039693_rank853,741,448,0.21632,829
ILSVRC2012_val_00000476_with_ILSVRC2012_val_00017079_rank511,395,64,0.22073,31
ILSVRC2012_val_00000476_with_ILSVRC2012_val_00035950_rank395,901,725,0.27576,1
ILSVRC2012_val_00000476_with_ILSVRC2012_val_00047018_rank880,754,754,0.31246,0
ILSVRC2012_val_00000476_with_ILSVRC2012_val_00002242_rank072,133,133,0.75675,0
ILSVRC2012_val_00000476_with_ILSVRC2012_val_00031370_rank323,358,358,0.83815,0
ILSVRC2012_val_00000476_with_ILSVRC2012_val_00015968_rank575,595,595,0.29919,0
ILSVRC2012_val_00000476_with_ILSVRC2012_val_00043520_rank674,803,803,0.68004,0
ILSVRC2012_val_00000476_with_ILSVRC2012_val_00035090_rank611,806,806,0.89464,0
ILSVRC2012_val_00000476_with_ILSVRC2012_val_00019232_rank966,524,524,0.38382,0
ILSVRC2012_val_00000476_with_ILSVRC2012_val_00015218_rank891,938,938,0.85207,0
ILSVRC2012_val_00000476_with_ILSVRC2012_val_00048333_rank706,154,154,0.8029,0
ILSVRC2012_val_00000476_with_ILSVRC2012_val_00016400_rank845,611,792,0.32282,773
ILSVRC2012_val_00000476_with_ILSVRC2012_val_00042934_rank931,601,136,0.1234,373
ILSVRC2012_val_00000476_with_ILSVRC2012_val_00048991_rank415,35,35,0.62671,0
ILSVRC2012_val_00000476_with_ILSVRC2012_val_00045848_rank107,303,303,0.86789,0
ILSVRC2012_val_00000476_with_ILSVRC2012_val_00046114_rank986,643,643,0.85053,0
ILSVRC2012_val_00000476_with_ILSVRC2012_val_00002350_rank299,924,924,0.82444,0
ILSVRC2012_val_00000476_with_ILSVRC2012_val_00036695_rank744,817,817,0.62006,0
ILSVRC2012_val_00000476_with_ILSVRC2012_val_00003806_rank364,391,391,0.40682,0
ILSVRC2012_val_00000476_with_ILSVRC2012_val_00017358_rank751,339,339,0.82057,0
ILSVRC2012_val_00000476_with_ILSVRC2012_val_00010564_rank648,392,392,0.84444,0
ILSVRC2012_val_00000476_with_ILSVRC2012_val_00018510_rank218,824,474,0.10694,2
ILSVRC2012_val_00000476_with_ILSVRC2012_val_00037024_rank054,86,86,0.56865,0
ILSVRC2012_val_00000476_with_ILSVRC2012_val_00017413_rank281,554,853,0.07812,993
ILSVRC2012_val_00000476_with_ILSVRC2012_val_00025292_rank799,568,749,0.08329,469
ILSVRC2012_val_00000476_with_ILSVRC2012_val_00033740_rank738,997,997,0.80115,0
ILSVRC2012_val_00000476_with_ILSVRC2012_val_00016221_rank651,615,463,0.0994,357
ILSVRC2012_val_00000476_with_ILSVRC2012_val_00023862_rank538,892,835,0.56644,11
ILSVRC2012_val_00000476_with_ILSVRC2012_val_00003107_rank475,656,656,0.46604,0
ILSVRC2012_val_00000476_with_ILSVRC2012_val_00011473_rank844,156,156,0.72838,0
ILSVRC2012_val_00000476_with_ILSVRC2012_val_00000431_rank591,468,468,0.74705,0
ILSVRC2012_val_00000476_with_ILSVRC2012_val_00044945_rank640,629,720,0.33814,23
ILSVRC2012_val_00000476_with_ILSVRC2012_val_00000608_rank986,643,584,0.14824,81
ILSVRC2012_val_00000476_with_ILSVRC2012_val_00024604_rank465,556,703,0.33982,158
ILSVRC2012_val_00000476_with_ILSVRC2012_val_00009486_rank676,398,398,0.89353,0
ILSVRC2012_val_00000476_with_ILSVRC2012_val_00004888_rank412,440,440,0.73473,0
ILSVRC2012_val_00000476_with_ILSVRC2012_val_00021345_rank024,84,84,0.64138,0
ILSVRC2012_val_00000476_with_ILSVRC2012_val_00028437_rank998,464,464,0.76642,0
ILSVRC2012_val_00000476_with_ILSVRC2012_val_00022952_rank799,568,337,0.26347,236
ILSVRC2012_val_00000476_with_ILSVRC2012_val_00045129_rank703,62,58,0.33586,5
ILSVRC2012_val_00000476_with_ILSVRC2012_val_00019451_rank159,378,378,0.65252,0
ILSVRC2012_val_00000476_with_ILSVRC2012_val_00035360_rank455,208,208,0.85798,0
ILSVRC2012_val_00000476_with_ILSVRC2012_val_00023658_rank706,154,154,0.77367,0
ILSVRC2012_val_00000476_with_ILSVRC2012_val_00014255_rank664,991,991,0.72337,0
ILSVRC2012_val_00000476_with_ILSVRC2012_val_00024129_rank425,948,572,0.40929,190
ILSVRC2012_val_00000476_with_ILSVRC2012_val_00016858_rank135,42,42,0.67048,0
ILSVRC2012_val_00000476_with_ILSVRC2012_val_00044371_rank929,606,730,0.14075,364
ILSVRC2012_val_00000476_with_ILSVRC2012_val_00027219_rank377,233,267,0.34177,14
ILSVRC2012_val_00000476_with_ILSVRC2012_val_00021731_rank810,929,522,0.41857,113
ILSVRC2012_val_00000476_with_ILSVRC2012_val_00010547_rank477,663,698,0.57007,1
ILSVRC2012_val_00000476_with_ILSVRC2012_val_00021311_rank685,875,792,0.50837,186
ILSVRC2012_val_00000476_with_ILSVRC2012_val_00040958_rank639,108,108,0.47725,0
ILSVRC2012_val_00000476_with_ILSVRC2012_val_00003323_rank626,862,862,0.95827,0
ILSVRC2012_val_00000476_with_ILSVRC2012_val_00039940_rank696,600,64,0.51409,197
ILSVRC2012_val_00000476_with_ILSVRC2012_val_00010189_rank160,657,845,0.24079,48
ILSVRC2012_val_00000476_with_ILSVRC2012_val_00007965_rank767,894,648,0.44325,6
ILSVRC2012_val_00000476_with_ILSVRC2012_val_00022185_rank049,348,348,0.65137,0
ILSVRC2012_val_00000476_with_ILSVRC2012_val_00035661_rank558,786,786,0.82374,0
ILSVRC2012_val_00000476_with_ILSVRC2012_val_00028139_rank030,21,21,0.77825,0
ILSVRC2012_val_00000476_with_ILSVRC2012_val_00027155_rank331,746,157,0.30196,818
ILSVRC2012_val_00000476_with_ILSVRC2012_val_00006982_rank723,722,92,0.6582,665
ILSVRC2012_val_00000476_with_ILSVRC2012_val_00005884_rank214,390,390,0.65598,0
ILSVRC2012_val_00000476_with_ILSVRC2012_val_00009792_rank900,492,428,0.12217,299
ILSVRC2012_val_00000476_with_ILSVRC2012_val_00013901_rank037,146,146,0.62489,0
ILSVRC2012_val_00000476_with_ILSVRC2012_val_00040827_rank631,532,693,0.28121,976
ILSVRC2012_val_00000476_with_ILSVRC2012_val_00005436_rank959,828,828,0.90373,0
ILSVRC2012_val_00000476_with_ILSVRC2012_val_00032715_rank637,705,693,0.11518,858
ILSVRC2012_val_00000476_with_ILSVRC2012_val_00034251_rank453,57,57,0.73652,0
ILSVRC2012_val_00000476_with_ILSVRC2012_val_00016647_rank834,897,897,0.84717,0
ILSVRC2012_val_00000476_with_ILSVRC2012_val_00046489_rank703,62,62,0.78444,0
ILSVRC2012_val_00000476_with_ILSVRC2012_val_00008732_rank376,586,586,0.73263,0
ILSVRC2012_val_00000476_with_ILSVRC2012_val_00040969_rank548,839,780,0.63786,26
ILSVRC2012_val_00000476_with_ILSVRC2012_val_00020820_rank982,431,363,0.09105,590
ILSVRC2012_val_00000476_with_ILSVRC2012_val_00015890_rank288,749,134,0.28174,479
ILSVRC2012_val_00000476_with_ILSVRC2012_val_00038581_rank324,955,955,0.80933,0
ILSVRC2012_val_00000476_with_ILSVRC2012_val_00024749_rank051,148,148,0.211,0
ILSVRC2012_val_00000476_with_ILSVRC2012_val_00046976_rank320,29,29,0.24721,0
ILSVRC2012_val_00000476_with_ILSVRC2012_val_00009473_rank486,879,463,0.36122,28
ILSVRC2012_val_00000476_with_ILSVRC2012_val_00038199_rank034,361,361,0.74486,0
ILSVRC2012_val_00000476_with_ILSVRC2012_val_00007195_rank503,688,688,0.63084,0
ILSVRC2012_val_00000476_with_ILSVRC2012_val_00010969_rank592,707,707,0.58768,0
ILSVRC2012_val_00000476_with_ILSVRC2012_val_00006455_rank112,105,105,0.75058,0
ILSVRC2012_val_00000476_with_ILSVRC2012_val_00004175_rank668,107,129,0.2852,147
ILSVRC2012_val_00000476_with_ILSVRC2012_val_00037820_rank589,169,169,0.69261,0
ILSVRC2012_val_00000476_with_ILSVRC2012_val_00047376_rank774,686,686,0.80761,0
ILSVRC2012_val_00000476_with_ILSVRC2012_val_00030533_rank268,756,559,0.20758,59
ILSVRC2012_val_00000476_with_ILSVRC2012_val_00019948_rank296,630,630,0.54531,0
ILSVRC2012_val_00000476_with_ILSVRC2012_val_00046391_rank553,342,342,0.4512,0
ILSVRC2012_val_00000476_with_ILSVRC2012_val_00017910_rank925,322,322,0.78782,0
ILSVRC2012_val_00000476_with_ILSVRC2012_val_00045293_rank509,449,449,0.75823,0
ILSVRC2012_val_00000476_with_ILSVRC2012_val_00004756_rank063,9,9,0.67737,0
ILSVRC2012_val_00000476_with_ILSVRC2012_val_00009913_rank521,930,472,0.744,603
ILSVRC2012_val_00000476_with_ILSVRC2012_val_00014132_rank687,118,118,0.15997,0
ILSVRC2012_val_00000476_with_ILSVRC2012_val_00049854_rank915,753,753,0.56713,0
ILSVRC2012_val_00000476_with_ILSVRC2012_val_00008930_rank257,196,196,0.84836,0
ILSVRC2012_val_00000476_with_ILSVRC2012_val_00046674_rank145,377,357,0.3413,61
ILSVRC2012_val_00000476_with_ILSVRC2012_val_00008676_rank996,292,292,0.63571,0
ILSVRC2012_val_00000476_with_ILSVRC2012_val_00024934_rank297,863,97,0.07488,283
ILSVRC2012_val_00000476_with_ILSVRC2012_val_00018444_rank878,715,596,0.20995,446
ILSVRC2012_val_00000476_with_ILSVRC2012_val_00013710_rank913,998,133,0.17309,36
ILSVRC2012_val_00000476_with_ILSVRC2012_val_00024207_rank859,578,775,0.30006,4
ILSVRC2012_val_00000476_with_ILSVRC2012_val_00009567_rank478,763,763,0.76702,0
ILSVRC2012_val_00000476_with_ILSVRC2012_val_00004248_rank166,197,197,0.83791,0
ILSVRC2012_val_00000476_with_ILSVRC2012_val_00028388_rank914,422,137,0.2448,377
ILSVRC2012_val_00000476_with_ILSVRC2012_val_00007226_rank880,754,848,0.4302,2
ILSVRC2012_val_00000476_with_ILSVRC2012_val_00030207_rank388,411,411,0.71458,0
ILSVRC2012_val_00000476_with_ILSVRC2012_val_00040632_rank366,289,289,0.69083,0
ILSVRC2012_val_00000476_with_ILSVRC2012_val_00030227_rank646,898,898,0.71614,0
ILSVRC2012_val_00000476_with_ILSVRC2012_val_00017195_rank326,192,192,0.84176,0
ILSVRC2012_val_00000476_with_ILSVRC2012_val_00021524_rank819,647,899,0.40579,12
ILSVRC2012_val_00000476_with_ILSVRC2012_val_00012358_rank344,69,142,0.49904,225
ILSVRC2012_val_00000476_with_ILSVRC2012_val_00004691_rank252,114,114,0.77432,0
ILSVRC2012_val_00000476_with_ILSVRC2012_val_00042351_rank475,656,656,0.46513,0
ILSVRC2012_val_00000476_with_ILSVRC2012_val_00026093_rank397,572,572,0.86067,0
ILSVRC2012_val_00000476_with_ILSVRC2012_val_00016786_rank833,902,902,0.26983,0
ILSVRC2012_val_00000476_with_ILSVRC2012_val_00017526_rank912,940,930,0.42558,11
ILSVRC2012_val_00000476_with_ILSVRC2012_val_00034159_rank116,703,703,0.81863,0
ILSVRC2012_val_00000476_with_ILSVRC2012_val_00022605_rank362,463,463,0.84673,0
ILSVRC2012_val_00000476_with_ILSVRC2012_val_00007748_rank405,945,943,0.80468,1
ILSVRC2012_val_00000476_with_ILSVRC2012_val_00014579_rank460,742,742,0.57237,0
ILSVRC2012_val_00000476_with_ILSVRC2012_val_00026527_rank541,784,587,0.58628,2
ILSVRC2012_val_00000476_with_ILSVRC2012_val_00018938_rank545,561,561,0.8672,0
ILSVRC2012_val_00000476_with_ILSVRC2012_val_00024902_rank407,291,291,0.69781,0
ILSVRC2012_val_00000476_with_ILSVRC2012_val_00027812_rank688,499,499,0.3005,0
ILSVRC2012_val_00000476_with_ILSVRC2012_val_00018031_rank891,938,938,0.70634,0
ILSVRC2012_val_00000476_with_ILSVRC2012_val_00008530_rank843,878,878,0.63467,0
ILSVRC2012_val_00000476_with_ILSVRC2012_val_00036078_rank515,816,816,0.09688,0
ILSVRC2012_val_00000476_with_ILSVRC2012_val_00046116_rank250,400,596,0.08339,887
ILSVRC2012_val_00000476_with_ILSVRC2012_val_00043262_rank941,642,693,0.48283,81
ILSVRC2012_val_00000476_with_ILSVRC2012_val_00027505_rank796,664,553,0.15794,28
ILSVRC2012_val_00000476_with_ILSVRC2012_val_00007917_rank101,912,50,0.22018,121
ILSVRC2012_val_00000476_with_ILSVRC2012_val_00008227_rank894,842,357,0.0891,798
ILSVRC2012_val_00000476_with_ILSVRC2012_val_00036683_rank268,756,463,0.15983,6
ILSVRC2012_val_00000476_with_ILSVRC2012_val_00008438_rank655,439,100,0.28135,151
ILSVRC2012_val_00000476_with_ILSVRC2012_val_00016613_rank304,511,717,0.10679,3
ILSVRC2012_val_00000476_with_ILSVRC2012_val_00045756_rank896,419,596,0.3024,153
ILSVRC2012_val_00000476_with_ILSVRC2012_val_00045697_rank053,388,388,0.74222,0
ILSVRC2012_val_00000476_with_ILSVRC2012_val_00043411_rank546,965,965,0.95458,0
ILSVRC2012_val_00000476_with_ILSVRC2012_val_00009967_rank240,475,475,0.7796,0
ILSVRC2012_val_00000476_with_ILSVRC2012_val_00013468_rank350,659,659,0.76111,0
ILSVRC2012_val_00000476_with_ILSVRC2012_val_00001325_rank454,873,873,0.59048,0
ILSVRC2012_val_00000476_with_ILSVRC2012_val_00033122_rank051,148,148,0.79272,0
ILSVRC2012_val_00000476_with_ILSVRC2012_val_00049418_rank079,323,323,0.84195,0
ILSVRC2012_val_00000476_with_ILSVRC2012_val_00005172_rank320,29,146,0.31373,574
ILSVRC2012_val_00000476_with_ILSVRC2012_val_00046672_rank851,170,229,0.32905,15
ILSVRC2012_val_00000476_with_ILSVRC2012_val_00000013_rank132,370,370,0.82606,0
ILSVRC2012_val_00000476_with_ILSVRC2012_val_00035459_rank330,265,219,0.60607,11
ILSVRC2012_val_00000476_with_ILSVRC2012_val_00021858_rank020,99,99,0.78739,0
ILSVRC2012_val_00000476_with_ILSVRC2012_val_00043865_rank395,901,901,0.89454,0
ILSVRC2012_val_00000476_with_ILSVRC2012_val_00033811_rank345,522,522,0.28817,0
ILSVRC2012_val_00000476_with_ILSVRC2012_val_00004535_rank456,733,132,0.15528,210
ILSVRC2012_val_00000476_with_ILSVRC2012_val_00014963_rank564,212,212,0.86658,0
ILSVRC2012_val_00000476_with_ILSVRC2012_val_00029227_rank107,303,303,0.44294,0
ILSVRC2012_val_00000476_with_ILSVRC2012_val_00036044_rank007,93,93,0.75365,0
ILSVRC2012_val_00000476_with_ILSVRC2012_val_00002391_rank691,410,410,0.72307,0
ILSVRC2012_val_00000476_with_ILSVRC2012_val_00010114_rank626,862,862,0.7725,0
ILSVRC2012_val_00000476_with_ILSVRC2012_val_00005265_rank801,515,133,0.14931,608
ILSVRC2012_val_00000476_with_ILSVRC2012_val_00037790_rank149,367,367,0.53841,0
ILSVRC2012_val_00000476_with_ILSVRC2012_val_00010320_rank544,614,614,0.66963,0
ILSVRC2012_val_00000476_with_ILSVRC2012_val_00032963_rank272,920,522,0.12573,309
ILSVRC2012_val_00000476_with_ILSVRC2012_val_00046805_rank492,685,685,0.80283,0
ILSVRC2012_val_00000476_with_ILSVRC2012_val_00025655_rank210,164,164,0.52641,0
ILSVRC2012_val_00000476_with_ILSVRC2012_val_00013520_rank854,691,691,0.08539,0
ILSVRC2012_val_00000476_with_ILSVRC2012_val_00039703_rank930,693,693,0.51598,0
ILSVRC2012_val_00000476_with_ILSVRC2012_val_00022525_rank993,33,33,0.38307,0
ILSVRC2012_val_00000476_with_ILSVRC2012_val_00008323_rank073,835,835,0.04843,0
ILSVRC2012_val_00000476_with_ILSVRC2012_val_00034274_rank724,318,318,0.81212,0
ILSVRC2012_val_00000476_with_ILSVRC2012_val_00031176_rank619,802,802,0.50805,0
ILSVRC2012_val_00000476_with_ILSVRC2012_val_00044253_rank222,404,404,0.19388,0
ILSVRC2012_val_00000476_with_ILSVRC2012_val_00016797_rank904,827,827,0.29191,0
ILSVRC2012_val_00000476_with_ILSVRC2012_val_00007086_rank339,239,239,0.83828,0
ILSVRC2012_val_00000476_with_ILSVRC2012_val_00021917_rank066,383,383,0.80003,0
ILSVRC2012_val_00000476_with_ILSVRC2012_val_00000084_rank363,58,133,0.22366,32
ILSVRC2012_val_00000476_with_ILSVRC2012_val_00019446_rank049,348,348,0.67162,0
ILSVRC2012_val_00000476_with_ILSVRC2012_val_00019798_rank616,679,44,0.24151,333
ILSVRC2012_val_00000476_with_ILSVRC2012_val_00001753_rank496,654,654,0.19448,0
ILSVRC2012_val_00000476_with_ILSVRC2012_val_00034268_rank585,495,674,0.57739,993
ILSVRC2012_val_00000476_with_ILSVRC2012_val_00047550_rank840,594,594,0.86785,0
ILSVRC2012_val_00000476_with_ILSVRC2012_val_00025680_rank976,178,178,0.83361,0
ILSVRC2012_val_00000476_with_ILSVRC2012_val_00029982_rank199,338,338,0.77289,0
ILSVRC2012_val_00000476_with_ILSVRC2012_val_00031413_rank671,681,491,0.58766,586
ILSVRC2012_val_00000476_with_ILSVRC2012_val_00007246_rank938,257,222,0.43029,1
ILSVRC2012_val_00000476_with_ILSVRC2012_val_00003826_rank721,687,687,0.78869,0
ILSVRC2012_val_00000476_with_ILSVRC2012_val_00046544_rank786,327,327,0.69987,0
ILSVRC2012_val_00000476_with_ILSVRC2012_val_00037498_rank262,560,560,0.7679,0
ILSVRC2012_val_00000476_with_ILSVRC2012_val_00000713_rank004,13,13,0.78154,0
ILSVRC2012_val_00000476_with_ILSVRC2012_val_00019839_rank598,602,845,0.80544,262
ILSVRC2012_val_00000476_with_ILSVRC2012_val_00034756_rank126,56,56,0.65072,0
ILSVRC2012_val_00000476_with_ILSVRC2012_val_00028420_rank938,257,257,0.61088,0
ILSVRC2012_val_00000476_with_ILSVRC2012_val_00045259_rank986,643,788,0.13457,150
ILSVRC2012_val_00000476_with_ILSVRC2012_val_00043733_rank631,532,92,0.08312,453
ILSVRC2012_val_00000476_with_ILSVRC2012_val_00024645_rank504,287,287,0.83691,0
ILSVRC2012_val_00000476_with_ILSVRC2012_val_00009258_rank918,859,859,0.66222,0
ILSVRC2012_val_00000476_with_ILSVRC2012_val_00003750_rank646,898,737,0.30529,1
ILSVRC2012_val_00000476_with_ILSVRC2012_val_00037846_rank740,1,376,0.19272,111
ILSVRC2012_val_00000476_with_ILSVRC2012_val_00038241_rank037,146,146,0.8215,0
ILSVRC2012_val_00000476_with_ILSVRC2012_val_00033111_rank405,945,945,0.68439,0
ILSVRC2012_val_00000476_with_ILSVRC2012_val_00017928_rank987,570,691,0.43313,1
ILSVRC2012_val_00000476_with_ILSVRC2012_val_00029991_rank056,88,88,0.79587,0
ILSVRC2012_val_00000476_with_ILSVRC2012_val_00023285_rank247,172,172,0.85752,0
ILSVRC2012_val_00000476_with_ILSVRC2012_val_00039319_rank908,811,412,0.05712,39
ILSVRC2012_val_00000476_with_ILSVRC2012_val_00018439_rank119,72,72,0.4231,0
ILSVRC2012_val_00000476_with_ILSVRC2012_val_00003674_rank755,430,21,0.09281,738
ILSVRC2012_val_00000476_with_ILSVRC2012_val_00015927_rank784,360,360,0.57562,0
ILSVRC2012_val_00000476_with_ILSVRC2012_val_00016435_rank681,441,441,0.70168,0
ILSVRC2012_val_00000476_with_ILSVRC2012_val_00025261_rank219,200,200,0.88035,0
ILSVRC2012_val_00000476_with_ILSVRC2012_val_00004611_rank919,190,190,0.82221,0
ILSVRC2012_val_00000476_with_ILSVRC2012_val_00004142_rank839,408,408,0.73882,0
ILSVRC2012_val_00000476_with_ILSVRC2012_val_00032488_rank643,923,923,0.33353,0
ILSVRC2012_val_00000476_with_ILSVRC2012_val_00017980_rank334,157,157,0.75378,0
ILSVRC2012_val_00000476_with_ILSVRC2012_val_00019595_rank380,547,705,0.45389,2
ILSVRC2012_val_00000476_with_ILSVRC2012_val_00022325_rank725,603,603,0.74599,0
ILSVRC2012_val_00000476_with_ILSVRC2012_val_00018214_rank612,698,694,0.5246,86
ILSVRC2012_val_00000476_with_ILSVRC2012_val_00003515_rank466,903,133,0.10829,723
ILSVRC2012_val_00000476_with_ILSVRC2012_val_00040941_rank484,931,931,0.38143,0
ILSVRC2012_val_00000476_with_ILSVRC2012_val_00045687_rank322,260,260,0.79925,0
ILSVRC2012_val_00000476_with_ILSVRC2012_val_00013428_rank485,533,533,0.89442,0
ILSVRC2012_val_00000476_with_ILSVRC2012_val_00036106_rank597,845,845,0.61259,0
ILSVRC2012_val_00000476_with_ILSVRC2012_val_00020649_rank118,313,136,0.12045,108
ILSVRC2012_val_00000476_with_ILSVRC2012_val_00013143_rank305,488,136,0.13389,560
ILSVRC2012_val_00000476_with_ILSVRC2012_val_00004601_rank034,361,361,0.76238,0
ILSVRC2012_val_00000476_with_ILSVRC2012_val_00001545_rank679,505,505,0.40866,0
ILSVRC2012_val_00000476_with_ILSVRC2012_val_00047760_rank578,661,870,0.59619,22
ILSVRC2012_val_00000476_with_ILSVRC2012_val_00007577_rank337,706,305,0.09911,133
ILSVRC2012_val_00000476_with_ILSVRC2012_val_00030951_rank065,295,295,0.76449,0
ILSVRC2012_val_00000476_with_ILSVRC2012_val_00013753_rank002,17,17,0.80914,0
ILSVRC2012_val_00000476_with_ILSVRC2012_val_00018190_rank057,895,895,0.71461,0
ILSVRC2012_val_00000476_with_ILSVRC2012_val_00003746_rank993,33,728,0.93518,312
ILSVRC2012_val_00000476_with_ILSVRC2012_val_00030213_rank779,198,196,0.56053,2
ILSVRC2012_val_00000476_with_ILSVRC2012_val_00005988_rank037,146,146,0.72542,0
ILSVRC2012_val_00000476_with_ILSVRC2012_val_00030160_rank348,795,133,0.12767,697
ILSVRC2012_val_00000476_with_ILSVRC2012_val_00048162_rank086,272,272,0.87508,0
ILSVRC2012_val_00000476_with_ILSVRC2012_val_00025652_rank243,246,246,0.37756,0
ILSVRC2012_val_00000476_with_ILSVRC2012_val_00010548_rank158,425,449,0.4353,1
ILSVRC2012_val_00000476_with_ILSVRC2012_val_00027498_rank019,14,14,0.79408,0
ILSVRC2012_val_00000476_with_ILSVRC2012_val_00024031_rank928,462,462,0.57617,0
ILSVRC2012_val_00000476_with_ILSVRC2012_val_00015893_rank022,128,128,0.82453,0
ILSVRC2012_val_00000476_with_ILSVRC2012_val_00029643_rank745,660,448,0.09792,67
ILSVRC2012_val_00000476_with_ILSVRC2012_val_00043884_rank487,962,990,0.60023,184
ILSVRC2012_val_00000476_with_ILSVRC2012_val_00009896_rank677,597,597,0.43296,0
ILSVRC2012_val_00000476_with_ILSVRC2012_val_00029502_rank693,521,463,0.25044,30
ILSVRC2012_val_00000476_with_ILSVRC2012_val_00034113_rank780,759,759,0.15228,0
ILSVRC2012_val_00000476_with_ILSVRC2012_val_00044421_rank607,813,813,0.6203,0
ILSVRC2012_val_00000476_with_ILSVRC2012_val_00043706_rank697,702,845,0.49453,836
ILSVRC2012_val_00000476_with_ILSVRC2012_val_00033935_rank498,973,728,0.5234,407
ILSVRC2012_val_00000476_with_ILSVRC2012_val_00008094_rank104,293,293,0.76655,0
ILSVRC2012_val_00000476_with_ILSVRC2012_val_00031575_rank018,127,127,0.7243,0
ILSVRC2012_val_00000476_with_ILSVRC2012_val_00005977_rank641,417,417,0.76578,0
ILSVRC2012_val_00000476_with_ILSVRC2012_val_00023286_rank544,614,614,0.06682,0
ILSVRC2012_val_00000476_with_ILSVRC2012_val_00023418_rank693,521,521,0.62868,0
ILSVRC2012_val_00000476_with_ILSVRC2012_val_00008636_rank323,358,358,0.69778,0
ILSVRC2012_val_00000476_with_ILSVRC2012_val_00017002_rank223,43,43,0.77279,0
ILSVRC2012_val_00000476_with_ILSVRC2012_val_00023460_rank170,428,428,0.85033,0
ILSVRC2012_val_00000476_with_ILSVRC2012_val_00046376_rank773,507,507,0.28421,0
ILSVRC2012_val_00000476_with_ILSVRC2012_val_00015266_rank063,9,9,0.57404,0
ILSVRC2012_val_00000476_with_ILSVRC2012_val_00039332_rank061,306,305,0.57816,1
ILSVRC2012_val_00000476_with_ILSVRC2012_val_00012751_rank101,912,912,0.72221,0
ILSVRC2012_val_00000476_with_ILSVRC2012_val_00039235_rank300,234,234,0.87559,0
ILSVRC2012_val_00000476_with_ILSVRC2012_val_00030999_rank253,483,483,0.52993,0
ILSVRC2012_val_00000476_with_ILSVRC2012_val_00019614_rank167,437,907,0.10699,570
ILSVRC2012_val_00000476_with_ILSVRC2012_val_00002723_rank921,332,338,0.45315,3
ILSVRC2012_val_00000476_with_ILSVRC2012_val_00044922_rank453,57,57,0.5502,0
ILSVRC2012_val_00000476_with_ILSVRC2012_val_00022401_rank457,670,665,0.27915,1
ILSVRC2012_val_00000476_with_ILSVRC2012_val_00012476_rank150,755,755,0.66215,0
ILSVRC2012_val_00000476_with_ILSVRC2012_val_00040140_rank055,217,217,0.81054,0
ILSVRC2012_val_00000476_with_ILSVRC2012_val_00001609_rank961,541,541,0.23399,0
ILSVRC2012_val_00000476_with_ILSVRC2012_val_00030454_rank193,847,847,0.5839,0
ILSVRC2012_val_00000476_with_ILSVRC2012_val_00005429_rank807,111,58,0.19133,19
ILSVRC2012_val_00000476_with_ILSVRC2012_val_00018027_rank394,518,518,0.86664,0
ILSVRC2012_val_00000476_with_ILSVRC2012_val_00005378_rank240,475,463,0.24655,372
ILSVRC2012_val_00000476_with_ILSVRC2012_val_00022344_rank659,215,215,0.89906,0
ILSVRC2012_val_00000476_with_ILSVRC2012_val_00041669_rank443,53,53,0.2441,0
ILSVRC2012_val_00000476_with_ILSVRC2012_val_00022695_rank818,356,360,0.83523,4
ILSVRC2012_val_00000476_with_ILSVRC2012_val_00039612_rank217,307,307,0.77323,0
ILSVRC2012_val_00000476_with_ILSVRC2012_val_00023588_rank503,688,688,0.77987,0
ILSVRC2012_val_00000476_with_ILSVRC2012_val_00033188_rank203,124,124,0.86117,0
ILSVRC2012_val_00000476_with_ILSVRC2012_val_00033647_rank379,832,137,0.21433,403
ILSVRC2012_val_00000476_with_ILSVRC2012_val_00037314_rank783,632,632,0.74698,0
ILSVRC2012_val_00000476_with_ILSVRC2012_val_00005421_rank854,691,518,0.63242,18
ILSVRC2012_val_00000476_with_ILSVRC2012_val_00018515_rank717,666,666,0.58094,0
ILSVRC2012_val_00000476_with_ILSVRC2012_val_00034929_rank021,20,20,0.7664,0
ILSVRC2012_val_00000476_with_ILSVRC2012_val_00016517_rank748,116,133,0.28133,608
ILSVRC2012_val_00000476_with_ILSVRC2012_val_00017310_rank009,16,16,0.56883,0
ILSVRC2012_val_00000476_with_ILSVRC2012_val_00018005_rank838,420,420,0.74465,0
ILSVRC2012_val_00000476_with_ILSVRC2012_val_00040416_rank488,823,132,0.49246,877
ILSVRC2012_val_00000476_with_ILSVRC2012_val_00048576_rank123,4,4,0.50364,0
ILSVRC2012_val_00000476_with_ILSVRC2012_val_00010489_rank574,520,520,0.60073,0
ILSVRC2012_val_00000476_with_ILSVRC2012_val_00023027_rank976,178,178,0.58936,0
ILSVRC2012_val_00000476_with_ILSVRC2012_val_00000940_rank418,103,103,0.86316,0
ILSVRC2012_val_00000476_with_ILSVRC2012_val_00022355_rank056,88,88,0.73847,0
ILSVRC2012_val_00000476_with_ILSVRC2012_val_00030974_rank898,906,906,0.72728,0
ILSVRC2012_val_00000476_with_ILSVRC2012_val_00045524_rank378,667,667,0.72327,0
ILSVRC2012_val_00000476_with_ILSVRC2012_val_00037482_rank879,790,790,0.7879,0
ILSVRC2012_val_00000476_with_ILSVRC2012_val_00005367_rank623,414,414,0.25449,0
ILSVRC2012_val_00000476_with_ILSVRC2012_val_00001295_rank794,542,758,0.0974,95
ILSVRC2012_val_00000476_with_ILSVRC2012_val_00038979_rank656,891,891,0.8133,0
ILSVRC2012_val_00000476_with_ILSVRC2012_val_00007850_rank306,167,167,0.95705,0
ILSVRC2012_val_00000476_with_ILSVRC2012_val_00016361_rank869,772,772,0.17247,0
ILSVRC2012_val_00000476_with_ILSVRC2012_val_00046739_rank255,182,182,0.70713,0
ILSVRC2012_val_00000476_with_ILSVRC2012_val_00030770_rank255,182,186,0.17726,5
ILSVRC2012_val_00000476_with_ILSVRC2012_val_00011727_rank698,493,492,0.42487,4
ILSVRC2012_val_00000476_with_ILSVRC2012_val_00023013_rank061,306,305,0.60187,1
ILSVRC2012_val_00000476_with_ILSVRC2012_val_00034829_rank262,560,97,0.17533,154
ILSVRC2012_val_00000476_with_ILSVRC2012_val_00041344_rank364,391,391,0.42258,0
ILSVRC2012_val_00000476_with_ILSVRC2012_val_00038204_rank902,937,337,0.15643,435
ILSVRC2012_val_00000476_with_ILSVRC2012_val_00013968_rank362,463,463,0.85055,0
ILSVRC2012_val_00000476_with_ILSVRC2012_val_00015752_rank214,390,64,0.41374,33
ILSVRC2012_val_00000476_with_ILSVRC2012_val_00000121_rank411,718,449,0.62578,9
ILSVRC2012_val_00000476_with_ILSVRC2012_val_00012380_rank120,256,256,0.71822,0
ILSVRC2012_val_00000476_with_ILSVRC2012_val_00044877_rank261,992,992,0.76054,0
ILSVRC2012_val_00000476_with_ILSVRC2012_val_00012767_rank282,497,497,0.22137,0
ILSVRC2012_val_00000476_with_ILSVRC2012_val_00029653_rank947,341,273,0.28852,116
ILSVRC2012_val_00000476_with_ILSVRC2012_val_00006860_rank252,114,991,0.40781,20
ILSVRC2012_val_00000476_with_ILSVRC2012_val_00027189_rank293,281,282,0.35784,1
ILSVRC2012_val_00000476_with_ILSVRC2012_val_00031116_rank252,114,114,0.80925,0
ILSVRC2012_val_00000476_with_ILSVRC2012_val_00046207_rank672,294,294,0.60918,0
ILSVRC2012_val_00000476_with_ILSVRC2012_val_00025307_rank735,326,326,0.60024,0
ILSVRC2012_val_00000476_with_ILSVRC2012_val_00047659_rank886,881,710,0.09836,286
ILSVRC2012_val_00000476_with_ILSVRC2012_val_00000286_rank662,728,133,0.18507,601
ILSVRC2012_val_00000476_with_ILSVRC2012_val_00032576_rank340,297,297,0.78598,0
ILSVRC2012_val_00000476_with_ILSVRC2012_val_00010259_rank787,516,516,0.70104,0
ILSVRC2012_val_00000476_with_ILSVRC2012_val_00004092_rank260,637,637,0.25219,0
ILSVRC2012_val_00000476_with_ILSVRC2012_val_00006628_rank891,938,938,0.89453,0
ILSVRC2012_val_00000476_with_ILSVRC2012_val_00037208_rank378,667,400,0.44785,1
ILSVRC2012_val_00000476_with_ILSVRC2012_val_00030433_rank549,174,174,0.92596,0
ILSVRC2012_val_00000476_with_ILSVRC2012_val_00020701_rank707,771,771,0.82007,0
ILSVRC2012_val_00000476_with_ILSVRC2012_val_00020400_rank875,482,848,0.56761,1
ILSVRC2012_val_00000476_with_ILSVRC2012_val_00018205_rank104,293,293,0.78627,0
ILSVRC2012_val_00000476_with_ILSVRC2012_val_00044774_rank066,383,383,0.80763,0
ILSVRC2012_val_00000476_with_ILSVRC2012_val_00004952_rank612,698,698,0.32664,0
ILSVRC2012_val_00000476_with_ILSVRC2012_val_00019509_rank325,609,609,0.76889,0
ILSVRC2012_val_00000476_with_ILSVRC2012_val_00025453_rank509,449,449,0.38491,0
ILSVRC2012_val_00000476_with_ILSVRC2012_val_00003973_rank947,341,341,0.59542,0
ILSVRC2012_val_00000476_with_ILSVRC2012_val_00026179_rank039,10,92,0.23407,11
ILSVRC2012_val_00000476_with_ILSVRC2012_val_00015424_rank812,830,428,0.26485,5
ILSVRC2012_val_00000476_with_ILSVRC2012_val_00020934_rank106,349,298,0.23275,110
ILSVRC2012_val_00000476_with_ILSVRC2012_val_00031813_rank699,925,128,0.10626,277
ILSVRC2012_val_00000476_with_ILSVRC2012_val_00033273_rank782,616,8,0.32604,246
ILSVRC2012_val_00000476_with_ILSVRC2012_val_00028630_rank588,829,829,0.73815,0
ILSVRC2012_val_00000476_with_ILSVRC2012_val_00010432_rank714,623,773,0.54676,162
ILSVRC2012_val_00000476_with_ILSVRC2012_val_00037807_rank118,313,313,0.2407,0
ILSVRC2012_val_00000476_with_ILSVRC2012_val_00005836_rank692,120,120,0.73204,0
ILSVRC2012_val_00000476_with_ILSVRC2012_val_00021946_rank994,226,372,0.0893,164
ILSVRC2012_val_00000476_with_ILSVRC2012_val_00010886_rank696,600,792,0.24836,15
ILSVRC2012_val_00000476_with_ILSVRC2012_val_00021552_rank986,643,863,0.43529,6
ILSVRC2012_val_00000476_with_ILSVRC2012_val_00015257_rank302,374,369,0.72514,16
ILSVRC2012_val_00000476_with_ILSVRC2012_val_00005937_rank115,223,223,0.42551,0
ILSVRC2012_val_00000476_with_ILSVRC2012_val_00029350_rank608,853,853,0.30663,0
ILSVRC2012_val_00000476_with_ILSVRC2012_val_00003923_rank544,614,614,0.88644,0
ILSVRC2012_val_00000476_with_ILSVRC2012_val_00007114_rank354,52,52,0.73348,0
ILSVRC2012_val_00000476_with_ILSVRC2012_val_00017836_rank079,323,323,0.78627,0
ILSVRC2012_val_00000476_with_ILSVRC2012_val_00035381_rank955,193,192,0.52118,6
ILSVRC2012_val_00000476_with_ILSVRC2012_val_00038454_rank710,122,122,0.51878,0
ILSVRC2012_val_00000476_with_ILSVRC2012_val_00024098_rank031,81,21,0.6904,21
ILSVRC2012_val_00000476_with_ILSVRC2012_val_00041216_rank358,63,63,0.70533,0
ILSVRC2012_val_00000476_with_ILSVRC2012_val_00043300_rank005,15,15,0.76655,0
ILSVRC2012_val_00000476_with_ILSVRC2012_val_00047805_rank777,826,826,0.73545,0
ILSVRC2012_val_00000476_with_ILSVRC2012_val_00007602_rank511,395,395,0.13514,0
ILSVRC2012_val_00000476_with_ILSVRC2012_val_00027717_rank217,307,307,0.5885,0
ILSVRC2012_val_00000476_with_ILSVRC2012_val_00027300_rank143,104,104,0.53622,0
ILSVRC2012_val_00000476_with_ILSVRC2012_val_00024967_rank476,262,262,0.67242,0
ILSVRC2012_val_00000476_with_ILSVRC2012_val_00035137_rank983,385,385,0.51012,0
ILSVRC2012_val_00000476_with_ILSVRC2012_val_00013247_rank192,907,966,0.4728,1
ILSVRC2012_val_00000476_with_ILSVRC2012_val_00036010_rank772,540,137,0.28384,188
ILSVRC2012_val_00000476_with_ILSVRC2012_val_00005956_rank966,524,35,0.11022,292
ILSVRC2012_val_00000476_with_ILSVRC2012_val_00014903_rank006,91,91,0.7952,0
ILSVRC2012_val_00000476_with_ILSVRC2012_val_00008778_rank934,750,133,0.37552,871
ILSVRC2012_val_00000476_with_ILSVRC2012_val_00028967_rank596,539,919,0.34574,26
ILSVRC2012_val_00000476_with_ILSVRC2012_val_00049004_rank316,177,177,0.70651,0
ILSVRC2012_val_00000476_with_ILSVRC2012_val_00001945_rank804,473,792,0.3181,178
ILSVRC2012_val_00000476_with_ILSVRC2012_val_00025275_rank958,610,610,0.79655,0
ILSVRC2012_val_00000476_with_ILSVRC2012_val_00021455_rank032,95,95,0.7536,0
ILSVRC2012_val_00000476_with_ILSVRC2012_val_00027908_rank816,386,101,0.34925,2
ILSVRC2012_val_00000476_with_ILSVRC2012_val_00041021_rank141,83,83,0.78652,0
ILSVRC2012_val_00000476_with_ILSVRC2012_val_00024043_rank718,168,168,0.6869,0
ILSVRC2012_val_00000476_with_ILSVRC2012_val_00014927_rank070,46,46,0.81088,0
ILSVRC2012_val_00000476_with_ILSVRC2012_val_00013864_rank590,469,849,0.31888,18
ILSVRC2012_val_00000476_with_ILSVRC2012_val_00011974_rank914,422,422,0.5459,0
ILSVRC2012_val_00000476_with_ILSVRC2012_val_00013163_rank529,413,413,0.69421,0
ILSVRC2012_val_00000476_with_ILSVRC2012_val_00046521_rank698,493,493,0.80505,0
ILSVRC2012_val_00000476_with_ILSVRC2012_val_00018984_rank700,608,630,0.52516,3
ILSVRC2012_val_00000476_with_ILSVRC2012_val_00006461_rank276,982,667,0.53909,32
ILSVRC2012_val_00000476_with_ILSVRC2012_val_00020005_rank084,985,985,0.84266,0
ILSVRC2012_val_00000476_with_ILSVRC2012_val_00015721_rank070,46,46,0.47911,0
ILSVRC2012_val_00000476_with_ILSVRC2012_val_00034630_rank906,551,463,0.24501,774
ILSVRC2012_val_00000476_with_ILSVRC2012_val_00041849_rank726,459,459,0.71086,0
ILSVRC2012_val_00000476_with_ILSVRC2012_val_00028415_rank254,396,84,0.24087,84
ILSVRC2012_val_00000476_with_ILSVRC2012_val_00014909_rank093,324,324,0.85771,0
ILSVRC2012_val_00000476_with_ILSVRC2012_val_00047643_rank187,312,312,0.50322,0
ILSVRC2012_val_00000476_with_ILSVRC2012_val_00026337_rank647,727,727,0.84845,0
ILSVRC2012_val_00000476_with_ILSVRC2012_val_00030123_rank969,543,543,0.80436,0
ILSVRC2012_val_00000476_with_ILSVRC2012_val_00006694_rank320,29,29,0.30091,0
ILSVRC2012_val_00000476_with_ILSVRC2012_val_00016929_rank027,139,139,0.70133,0
ILSVRC2012_val_00000476_with_ILSVRC2012_val_00017419_rank956,736,448,0.17244,613
ILSVRC2012_val_00000476_with_ILSVRC2012_val_00031647_rank405,945,945,0.8804,0
ILSVRC2012_val_00000476_with_ILSVRC2012_val_00025723_rank293,281,285,0.18322,2
ILSVRC2012_val_00000476_with_ILSVRC2012_val_00032183_rank727,874,874,0.7627,0
ILSVRC2012_val_00000476_with_ILSVRC2012_val_00021301_rank591,468,468,0.86023,0
ILSVRC2012_val_00000476_with_ILSVRC2012_val_00017092_rank473,176,171,0.34417,9
ILSVRC2012_val_00000476_with_ILSVRC2012_val_00039109_rank953,359,358,0.77392,2
ILSVRC2012_val_00000476_with_ILSVRC2012_val_00022647_rank350,659,659,0.66722,0
ILSVRC2012_val_00000476_with_ILSVRC2012_val_00019710_rank320,29,32,0.2822,8
ILSVRC2012_val_00000476_with_ILSVRC2012_val_00032798_rank116,703,703,0.79311,0
ILSVRC2012_val_00000476_with_ILSVRC2012_val_00044300_rank735,326,326,0.78293,0
ILSVRC2012_val_00000476_with_ILSVRC2012_val_00019580_rank681,441,441,0.25658,0
ILSVRC2012_val_00000476_with_ILSVRC2012_val_00007821_rank348,795,472,0.0941,66
ILSVRC2012_val_00000476_with_ILSVRC2012_val_00012009_rank261,992,992,0.76857,0
ILSVRC2012_val_00000476_with_ILSVRC2012_val_00010351_rank269,628,628,0.23959,0
ILSVRC2012_val_00000476_with_ILSVRC2012_val_00022405_rank416,589,463,0.36129,287
ILSVRC2012_val_00000476_with_ILSVRC2012_val_00001369_rank733,432,677,0.07395,150
ILSVRC2012_val_00000476_with_ILSVRC2012_val_00041711_rank759,843,843,0.60383,0
ILSVRC2012_val_00000476_with_ILSVRC2012_val_00009279_rank474,571,571,0.82842,0
ILSVRC2012_val_00000476_with_ILSVRC2012_val_00014188_rank487,962,923,0.35412,3
ILSVRC2012_val_00000476_with_ILSVRC2012_val_00008677_rank108,825,825,0.62394,0
ILSVRC2012_val_00000476_with_ILSVRC2012_val_00019737_rank450,317,311,0.49314,2
ILSVRC2012_val_00000476_with_ILSVRC2012_val_00026677_rank193,847,847,0.3007,0
ILSVRC2012_val_00000476_with_ILSVRC2012_val_00008668_rank704,47,47,0.80356,0
ILSVRC2012_val_00000476_with_ILSVRC2012_val_00042333_rank658,501,501,0.98006,0
ILSVRC2012_val_00000476_with_ILSVRC2012_val_00043613_rank963,585,585,0.24804,0
ILSVRC2012_val_00000476_with_ILSVRC2012_val_00040040_rank533,207,207,0.45684,0
ILSVRC2012_val_00000476_with_ILSVRC2012_val_00027021_rank774,686,686,0.46073,0
ILSVRC2012_val_00000476_with_ILSVRC2012_val_00028755_rank746,255,255,0.77108,0
ILSVRC2012_val_00000476_with_ILSVRC2012_val_00024612_rank125,320,320,0.49406,0
ILSVRC2012_val_00000476_with_ILSVRC2012_val_00033821_rank146,75,77,0.31703,3
ILSVRC2012_val_00000476_with_ILSVRC2012_val_00027024_rank266,150,150,0.66136,0
ILSVRC2012_val_00000476_with_ILSVRC2012_val_00046257_rank354,52,52,0.50973,0
ILSVRC2012_val_00000476_with_ILSVRC2012_val_00034329_rank262,560,412,0.26596,406
ILSVRC2012_val_00000476_with_ILSVRC2012_val_00044027_rank246,282,275,0.19237,39
ILSVRC2012_val_00000476_with_ILSVRC2012_val_00001003_rank081,335,335,0.56239,0
ILSVRC2012_val_00000476_with_ILSVRC2012_val_00024938_rank374,30,30,0.75547,0
ILSVRC2012_val_00000476_with_ILSVRC2012_val_00013524_rank278,252,223,0.25655,25
ILSVRC2012_val_00000476_with_ILSVRC2012_val_00016642_rank779,198,198,0.6871,0
ILSVRC2012_val_00000476_with_ILSVRC2012_val_00049335_rank331,746,133,0.28348,814
ILSVRC2012_val_00000476_with_ILSVRC2012_val_00018893_rank601,814,814,0.84283,0
ILSVRC2012_val_00000476_with_ILSVRC2012_val_00034800_rank991,714,714,0.84041,0
ILSVRC2012_val_00000476_with_ILSVRC2012_val_00027201_rank232,694,694,0.19423,0
ILSVRC2012_val_00000476_with_ILSVRC2012_val_00026459_rank946,804,412,0.13697,74
ILSVRC2012_val_00000476_with_ILSVRC2012_val_00027632_rank776,936,936,0.8283,0
ILSVRC2012_val_00000476_with_ILSVRC2012_val_00004787_rank186,567,567,0.43801,0
ILSVRC2012_val_00000476_with_ILSVRC2012_val_00019059_rank818,356,356,0.65963,0
ILSVRC2012_val_00000476_with_ILSVRC2012_val_00000196_rank254,396,396,0.68139,0
ILSVRC2012_val_00000476_with_ILSVRC2012_val_00030188_rank067,298,298,0.56222,0
ILSVRC2012_val_00000476_with_ILSVRC2012_val_00005153_rank145,377,377,0.71953,0
ILSVRC2012_val_00000476_with_ILSVRC2012_val_00006863_rank183,989,989,0.68251,0
ILSVRC2012_val_00000476_with_ILSVRC2012_val_00043590_rank540,745,745,0.89215,0
ILSVRC2012_val_00000476_with_ILSVRC2012_val_00028323_rank103,25,25,0.75178,0
ILSVRC2012_val_00000476_with_ILSVRC2012_val_00020543_rank443,53,53,0.63461,0
ILSVRC2012_val_00000476_with_ILSVRC2012_val_00000882_rank434,204,204,0.55772,0
ILSVRC2012_val_00000476_with_ILSVRC2012_val_00021132_rank770,689,601,0.12518,1
ILSVRC2012_val_00000476_with_ILSVRC2012_val_00030074_rank389,893,605,0.31911,10
ILSVRC2012_val_00000476_with_ILSVRC2012_val_00019773_rank898,906,721,0.14788,101
ILSVRC2012_val_00000476_with_ILSVRC2012_val_00042169_rank906,551,455,0.22757,38
ILSVRC2012_val_00000476_with_ILSVRC2012_val_00001993_rank513,961,899,0.18238,184
ILSVRC2012_val_00000476_with_ILSVRC2012_val_00006506_rank728,732,732,0.82155,0
ILSVRC2012_val_00000476_with_ILSVRC2012_val_00004294_rank038,375,375,0.82577,0
ILSVRC2012_val_00000476_with_ILSVRC2012_val_00022937_rank070,46,46,0.84296,0
ILSVRC2012_val_00000476_with_ILSVRC2012_val_00023972_rank540,745,745,0.65918,0
ILSVRC2012_val_00000476_with_ILSVRC2012_val_00024579_rank777,826,826,0.57992,0
ILSVRC2012_val_00000476_with_ILSVRC2012_val_00034300_rank581,673,487,0.29006,17
ILSVRC2012_val_00000476_with_ILSVRC2012_val_00004432_rank957,514,514,0.77384,0
ILSVRC2012_val_00000476_with_ILSVRC2012_val_00042795_rank768,882,882,0.72424,0
ILSVRC2012_val_00000476_with_ILSVRC2012_val_00015961_rank963,585,585,0.429,0
ILSVRC2012_val_00000476_with_ILSVRC2012_val_00030931_rank892,513,513,0.49148,0
ILSVRC2012_val_00000476_with_ILSVRC2012_val_00029898_rank185,990,990,0.44984,0
ILSVRC2012_val_00000476_with_ILSVRC2012_val_00000008_rank534,999,700,0.54593,1
ILSVRC2012_val_00000476_with_ILSVRC2012_val_00005236_rank075,144,142,0.21066,23
ILSVRC2012_val_00000476_with_ILSVRC2012_val_00018056_rank778,577,861,0.02993,75
ILSVRC2012_val_00000476_with_ILSVRC2012_val_00000463_rank392,943,943,0.86696,0
ILSVRC2012_val_00000476_with_ILSVRC2012_val_00038288_rank033,92,92,0.85853,0
ILSVRC2012_val_00000476_with_ILSVRC2012_val_00034416_rank142,716,716,0.89183,0
ILSVRC2012_val_00000476_with_ILSVRC2012_val_00039959_rank292,725,725,0.858,0
ILSVRC2012_val_00000476_with_ILSVRC2012_val_00019440_rank142,716,912,0.4143,1
ILSVRC2012_val_00000476_with_ILSVRC2012_val_00038466_rank125,320,320,0.44794,0
ILSVRC2012_val_00000476_with_ILSVRC2012_val_00042513_rank049,348,348,0.68892,0
ILSVRC2012_val_00000476_with_ILSVRC2012_val_00038580_rank219,200,204,0.33506,1
ILSVRC2012_val_00000476_with_ILSVRC2012_val_00004241_rank902,937,938,0.83583,1
ILSVRC2012_val_00000476_with_ILSVRC2012_val_00036033_rank812,830,728,0.23883,79
ILSVRC2012_val_00000476_with_ILSVRC2012_val_00045605_rank379,832,494,0.36462,34
ILSVRC2012_val_00000476_with_ILSVRC2012_val_00007891_rank110,302,302,0.58256,0
ILSVRC2012_val_00000476_with_ILSVRC2012_val_00033517_rank354,52,58,0.21919,4
ILSVRC2012_val_00000476_with_ILSVRC2012_val_00029987_rank931,601,728,0.20428,24
ILSVRC2012_val_00000476_with_ILSVRC2012_val_00003527_rank240,475,475,0.72656,0
ILSVRC2012_val_00000476_with_ILSVRC2012_val_00002826_rank192,907,907,0.37068,0
ILSVRC2012_val_00000476_with_ILSVRC2012_val_00006620_rank162,489,58,0.26909,614
ILSVRC2012_val_00000476_with_ILSVRC2012_val_00031463_rank641,417,417,0.39323,0
ILSVRC2012_val_00000476_with_ILSVRC2012_val_00010692_rank482,668,668,0.42378,0
ILSVRC2012_val_00000476_with_ILSVRC2012_val_00020499_rank106,349,348,0.50201,1
ILSVRC2012_val_00000476_with_ILSVRC2012_val_00014460_rank490,905,905,0.31454,0
ILSVRC2012_val_00000476_with_ILSVRC2012_val_00019989_rank813,73,73,0.66591,0
ILSVRC2012_val_00000476_with_ILSVRC2012_val_00020004_rank972,740,410,0.66683,84
ILSVRC2012_val_00000476_with_ILSVRC2012_val_00011098_rank393,780,780,0.87026,0
ILSVRC2012_val_00000476_with_ILSVRC2012_val_00014931_rank128,106,106,0.24872,0
ILSVRC2012_val_00000476_with_ILSVRC2012_val_00036156_rank965,710,710,0.82758,0
ILSVRC2012_val_00000476_with_ILSVRC2012_val_00020328_rank732,452,539,0.08567,903
ILSVRC2012_val_00000476_with_ILSVRC2012_val_00009996_rank227,350,350,0.36585,0
ILSVRC2012_val_00000476_with_ILSVRC2012_val_00022000_rank059,331,331,0.72491,0
ILSVRC2012_val_00000476_with_ILSVRC2012_val_00014438_rank757,465,465,0.72179,0
ILSVRC2012_val_00000476_with_ILSVRC2012_val_00035421_rank333,649,356,0.0618,530
ILSVRC2012_val_00000476_with_ILSVRC2012_val_00016420_rank171,224,224,0.80223,0
ILSVRC2012_val_00000476_with_ILSVRC2012_val_00042645_rank662,728,703,0.51136,139
ILSVRC2012_val_00000476_with_ILSVRC2012_val_00044544_rank363,58,62,0.09861,7
ILSVRC2012_val_00000476_with_ILSVRC2012_val_00002902_rank801,515,449,0.68479,985
ILSVRC2012_val_00000476_with_ILSVRC2012_val_00049279_rank996,292,292,0.64284,0
ILSVRC2012_val_00000476_with_ILSVRC2012_val_00000906_rank732,452,136,0.09906,593
ILSVRC2012_val_00000476_with_ILSVRC2012_val_00020750_rank722,767,709,0.17231,4
ILSVRC2012_val_00000476_with_ILSVRC2012_val_00030498_rank868,821,131,0.15746,150
ILSVRC2012_val_00000476_with_ILSVRC2012_val_00027338_rank928,462,462,0.78589,0
ILSVRC2012_val_00000476_with_ILSVRC2012_val_00005970_rank676,398,398,0.88584,0
ILSVRC2012_val_00000476_with_ILSVRC2012_val_00023847_rank869,772,772,0.27295,0
ILSVRC2012_val_00000476_with_ILSVRC2012_val_00016392_rank775,54,54,0.5408,0
ILSVRC2012_val_00000476_with_ILSVRC2012_val_00040221_rank126,56,56,0.79688,0
ILSVRC2012_val_00000476_with_ILSVRC2012_val_00014179_rank388,411,133,0.08532,819
ILSVRC2012_val_00000476_with_ILSVRC2012_val_00028283_rank550,110,110,0.81032,0
ILSVRC2012_val_00000476_with_ILSVRC2012_val_00023263_rank778,577,577,0.71603,0
ILSVRC2012_val_00000476_with_ILSVRC2012_val_00003507_rank581,673,681,0.11414,6
ILSVRC2012_val_00000476_with_ILSVRC2012_val_00039375_rank607,813,133,0.60632,899
ILSVRC2012_val_00000476_with_ILSVRC2012_val_00019981_rank715,579,579,0.65815,0
ILSVRC2012_val_00000476_with_ILSVRC2012_val_00027099_rank796,664,782,0.52648,1
ILSVRC2012_val_00000476_with_ILSVRC2012_val_00004847_rank073,835,835,0.68954,0
ILSVRC2012_val_00000476_with_ILSVRC2012_val_00002631_rank773,507,482,0.22809,29
ILSVRC2012_val_00000476_with_ILSVRC2012_val_00005991_rank563,665,665,0.76631,0
ILSVRC2012_val_00000476_with_ILSVRC2012_val_00049096_rank566,968,968,0.58362,0
ILSVRC2012_val_00000476_with_ILSVRC2012_val_00047802_rank817,446,893,0.43357,3
ILSVRC2012_val_00000476_with_ILSVRC2012_val_00007429_rank174,300,300,0.58521,0
ILSVRC2012_val_00000476_with_ILSVRC2012_val_00035190_rank350,659,522,0.77107,156
ILSVRC2012_val_00000476_with_ILSVRC2012_val_00019838_rank047,305,136,0.26128,124
ILSVRC2012_val_00000476_with_ILSVRC2012_val_00030920_rank387,221,206,0.2953,1
ILSVRC2012_val_00000476_with_ILSVRC2012_val_00008017_rank294,368,368,0.61412,0
ILSVRC2012_val_00000476_with_ILSVRC2012_val_00031533_rank782,616,731,0.64811,283
ILSVRC2012_val_00000476_with_ILSVRC2012_val_00039289_rank315,946,944,0.69332,1
ILSVRC2012_val_00000476_with_ILSVRC2012_val_00044238_rank074,98,98,0.84187,0
ILSVRC2012_val_00000476_with_ILSVRC2012_val_00013652_rank204,983,156,0.1784,914
ILSVRC2012_val_00000476_with_ILSVRC2012_val_00021304_rank889,596,907,0.15742,347
ILSVRC2012_val_00000476_with_ILSVRC2012_val_00011596_rank321,147,147,0.56898,0
ILSVRC2012_val_00000476_with_ILSVRC2012_val_00017474_rank463,612,612,0.73177,0
ILSVRC2012_val_00000476_with_ILSVRC2012_val_00041389_rank398,781,781,0.84838,0
ILSVRC2012_val_00000476_with_ILSVRC2012_val_00002248_rank958,610,610,0.7377,0
ILSVRC2012_val_00000476_with_ILSVRC2012_val_00020045_rank383,573,870,0.38928,4
ILSVRC2012_val_00000476_with_ILSVRC2012_val_00044279_rank485,533,533,0.71446,0
ILSVRC2012_val_00000476_with_ILSVRC2012_val_00044718_rank055,217,217,0.55789,0
ILSVRC2012_val_00000476_with_ILSVRC2012_val_00006948_rank988,969,473,0.44585,88
ILSVRC2012_val_00000476_with_ILSVRC2012_val_00013971_rank423,211,273,0.309,66
ILSVRC2012_val_00000476_with_ILSVRC2012_val_00049538_rank714,623,549,0.27594,7
ILSVRC2012_val_00000476_with_ILSVRC2012_val_00042876_rank093,324,324,0.77429,0
ILSVRC2012_val_00000476_with_ILSVRC2012_val_00007813_rank948,247,247,0.27805,0
ILSVRC2012_val_00000476_with_ILSVRC2012_val_00008890_rank510,752,852,0.85682,1
ILSVRC2012_val_00000476_with_ILSVRC2012_val_00032860_rank601,814,814,0.11944,0
ILSVRC2012_val_00000476_with_ILSVRC2012_val_00027569_rank241,605,605,0.78479,0
ILSVRC2012_val_00000476_with_ILSVRC2012_val_00022540_rank941,642,642,0.87866,0
ILSVRC2012_val_00000476_with_ILSVRC2012_val_00026722_rank764,791,791,0.80249,0
ILSVRC2012_val_00000476_with_ILSVRC2012_val_00044772_rank476,262,262,0.80363,0
ILSVRC2012_val_00000476_with_ILSVRC2012_val_00042498_rank935,760,549,0.3295,48
ILSVRC2012_val_00000476_with_ILSVRC2012_val_00012232_rank425,948,948,0.87179,0
ILSVRC2012_val_00000476_with_ILSVRC2012_val_00031993_rank942,451,451,0.34301,0
ILSVRC2012_val_00000476_with_ILSVRC2012_val_00004478_rank490,905,792,0.29362,768
ILSVRC2012_val_00000476_with_ILSVRC2012_val_00031272_rank721,687,687,0.80847,0
ILSVRC2012_val_00000476_with_ILSVRC2012_val_00032255_rank997,808,136,0.35087,837
ILSVRC2012_val_00000476_with_ILSVRC2012_val_00002214_rank287,153,153,0.43656,0
ILSVRC2012_val_00000476_with_ILSVRC2012_val_00003849_rank197,872,872,0.81467,0
ILSVRC2012_val_00000476_with_ILSVRC2012_val_00030937_rank101,912,730,0.19672,25
ILSVRC2012_val_00000476_with_ILSVRC2012_val_00010613_rank857,526,674,0.76463,131
ILSVRC2012_val_00000476_with_ILSVRC2012_val_00043248_rank484,931,947,0.20925,27
ILSVRC2012_val_00000476_with_ILSVRC2012_val_00027486_rank097,87,87,0.79716,0
ILSVRC2012_val_00000476_with_ILSVRC2012_val_00016437_rank207,347,347,0.51072,0
ILSVRC2012_val_00000476_with_ILSVRC2012_val_00014856_rank184,950,950,0.76767,0
ILSVRC2012_val_00000476_with_ILSVRC2012_val_00031174_rank618,836,463,0.28271,150
ILSVRC2012_val_00000476_with_ILSVRC2012_val_00004667_rank787,516,728,0.25985,124
ILSVRC2012_val_00000476_with_ILSVRC2012_val_00009712_rank062,195,195,0.52378,0
ILSVRC2012_val_00000476_with_ILSVRC2012_val_00004160_rank906,551,551,0.44833,0
ILSVRC2012_val_00000476_with_ILSVRC2012_val_00030525_rank519,757,757,0.80384,0
ILSVRC2012_val_00000476_with_ILSVRC2012_val_00034167_rank911,867,569,0.31235,3
ILSVRC2012_val_00000476_with_ILSVRC2012_val_00000466_rank044,100,100,0.86352,0
ILSVRC2012_val_00000476_with_ILSVRC2012_val_00045988_rank756,591,591,0.24717,0
ILSVRC2012_val_00000476_with_ILSVRC2012_val_00008295_rank274,288,288,0.55673,0
ILSVRC2012_val_00000476_with_ILSVRC2012_val_00022749_rank353,393,7,0.05595,514
ILSVRC2012_val_00000476_with_ILSVRC2012_val_00041088_rank028,137,137,0.73818,0
ILSVRC2012_val_00000476_with_ILSVRC2012_val_00003062_rank900,492,492,0.45582,0
ILSVRC2012_val_00000476_with_ILSVRC2012_val_00030377_rank919,190,190,0.35435,0
ILSVRC2012_val_00000476_with_ILSVRC2012_val_00009268_rank563,665,665,0.81119,0
ILSVRC2012_val_00000476_with_ILSVRC2012_val_00021769_rank546,965,965,0.52335,0
ILSVRC2012_val_00000476_with_ILSVRC2012_val_00029126_rank229,290,290,0.7759,0
ILSVRC2012_val_00000476_with_ILSVRC2012_val_00028605_rank803,222,222,0.62795,0
ILSVRC2012_val_00000476_with_ILSVRC2012_val_00006114_rank144,231,230,0.74222,2
ILSVRC2012_val_00000476_with_ILSVRC2012_val_00028889_rank639,108,108,0.57099,0
ILSVRC2012_val_00000476_with_ILSVRC2012_val_00023834_rank286,314,306,0.66266,5
ILSVRC2012_val_00000476_with_ILSVRC2012_val_00021723_rank050,336,336,0.6381,0
ILSVRC2012_val_00000476_with_ILSVRC2012_val_00048010_rank341,466,466,0.4621,0
ILSVRC2012_val_00000476_with_ILSVRC2012_val_00032597_rank726,459,459,0.87468,0
ILSVRC2012_val_00000476_with_ILSVRC2012_val_00043589_rank312,447,447,0.73457,0
ILSVRC2012_val_00000476_with_ILSVRC2012_val_00006285_rank744,817,817,0.65417,0
ILSVRC2012_val_00000476_with_ILSVRC2012_val_00040809_rank976,178,178,0.87186,0
ILSVRC2012_val_00000476_with_ILSVRC2012_val_00012364_rank249,199,199,0.84583,0
ILSVRC2012_val_00000476_with_ILSVRC2012_val_00004664_rank928,462,462,0.57778,0
ILSVRC2012_val_00000476_with_ILSVRC2012_val_00009761_rank804,473,473,0.91242,0
ILSVRC2012_val_00000476_with_ILSVRC2012_val_00031772_rank009,16,16,0.48133,0
ILSVRC2012_val_00000476_with_ILSVRC2012_val_00021541_rank509,449,449,0.66799,0
ILSVRC2012_val_00000476_with_ILSVRC2012_val_00038521_rank636,773,818,0.26588,233
ILSVRC2012_val_00000476_with_ILSVRC2012_val_00030739_rank915,753,753,0.81376,0
ILSVRC2012_val_00000476_with_ILSVRC2012_val_00031181_rank772,540,540,0.77948,0
ILSVRC2012_val_00000476_with_ILSVRC2012_val_00011709_rank959,828,828,0.52059,0
ILSVRC2012_val_00000476_with_ILSVRC2012_val_00003383_rank068,362,362,0.73637,0
ILSVRC2012_val_00000476_with_ILSVRC2012_val_00026990_rank883,472,472,0.25413,0
ILSVRC2012_val_00000476_with_ILSVRC2012_val_00004992_rank062,195,159,0.27911,476
ILSVRC2012_val_00000476_with_ILSVRC2012_val_00022122_rank210,164,164,0.76405,0
ILSVRC2012_val_00000476_with_ILSVRC2012_val_00026853_rank741,927,927,0.8371,0
ILSVRC2012_val_00000476_with_ILSVRC2012_val_00017447_rank964,765,765,0.4882,0
ILSVRC2012_val_00000476_with_ILSVRC2012_val_00036748_rank928,462,462,0.84477,0
ILSVRC2012_val_00000476_with_ILSVRC2012_val_00035045_rank943,371,371,0.77005,0
ILSVRC2012_val_00000476_with_ILSVRC2012_val_00029109_rank133,310,310,0.84573,0
ILSVRC2012_val_00000476_with_ILSVRC2012_val_00002939_rank999,51,352,0.1813,382
ILSVRC2012_val_00000476_with_ILSVRC2012_val_00002622_rank127,55,55,0.52404,0
ILSVRC2012_val_00000476_with_ILSVRC2012_val_00047775_rank881,456,136,0.07716,821
ILSVRC2012_val_00000476_with_ILSVRC2012_val_00040039_rank327,343,343,0.74441,0
ILSVRC2012_val_00000476_with_ILSVRC2012_val_00027542_rank335,770,770,0.85105,0
ILSVRC2012_val_00000476_with_ILSVRC2012_val_00005256_rank780,759,759,0.26939,0
ILSVRC2012_val_00000476_with_ILSVRC2012_val_00045576_rank163,888,888,0.72339,0
ILSVRC2012_val_00000476_with_ILSVRC2012_val_00012952_rank410,206,206,0.61031,0
ILSVRC2012_val_00000476_with_ILSVRC2012_val_00028966_rank171,224,224,0.76341,0
ILSVRC2012_val_00000476_with_ILSVRC2012_val_00046511_rank360,403,50,0.18152,99
ILSVRC2012_val_00000476_with_ILSVRC2012_val_00020735_rank397,572,572,0.6628,0
ILSVRC2012_val_00000476_with_ILSVRC2012_val_00005266_rank013,23,137,0.14153,37
ILSVRC2012_val_00000476_with_ILSVRC2012_val_00021570_rank290,809,809,0.6805,0
ILSVRC2012_val_00000476_with_ILSVRC2012_val_00023132_rank809,696,696,0.34166,0
ILSVRC2012_val_00000476_with_ILSVRC2012_val_00035553_rank230,183,183,0.56178,0
ILSVRC2012_val_00000476_with_ILSVRC2012_val_00000042_rank268,756,427,0.35438,1
ILSVRC2012_val_00000476_with_ILSVRC2012_val_00047871_rank424,329,329,0.89938,0
ILSVRC2012_val_00000476_with_ILSVRC2012_val_00001886_rank945,719,719,0.82724,0
ILSVRC2012_val_00000476_with_ILSVRC2012_val_00031516_rank544,614,614,0.72057,0
ILSVRC2012_val_00000476_with_ILSVRC2012_val_00040830_rank937,401,401,0.46534,0
ILSVRC2012_val_00000476_with_ILSVRC2012_val_00047176_rank956,736,736,0.72041,0
ILSVRC2012_val_00000476_with_ILSVRC2012_val_00016703_rank155,64,64,0.75783,0
ILSVRC2012_val_00000476_with_ILSVRC2012_val_00016302_rank317,263,264,0.75218,1
ILSVRC2012_val_00000476_with_ILSVRC2012_val_00017307_rank170,428,428,0.78671,0
ILSVRC2012_val_00000476_with_ILSVRC2012_val_00040081_rank147,815,133,0.18944,122
ILSVRC2012_val_00000476_with_ILSVRC2012_val_00001653_rank283,963,116,0.43942,64
ILSVRC2012_val_00000476_with_ILSVRC2012_val_00015777_rank392,943,943,0.88312,0
ILSVRC2012_val_00000476_with_ILSVRC2012_val_00026386_rank909,993,993,0.72691,0
ILSVRC2012_val_00000476_with_ILSVRC2012_val_00035367_rank123,4,136,0.28721,477
ILSVRC2012_val_00000476_with_ILSVRC2012_val_00020124_rank156,41,46,0.83474,5
ILSVRC2012_val_00000476_with_ILSVRC2012_val_00026581_rank638,812,812,0.78901,0
ILSVRC2012_val_00000476_with_ILSVRC2012_val_00038517_rank946,804,804,0.88152,0
ILSVRC2012_val_00000476_with_ILSVRC2012_val_00041832_rank141,83,136,0.22663,42
ILSVRC2012_val_00000476_with_ILSVRC2012_val_00043842_rank473,176,176,0.2268,0
ILSVRC2012_val_00000476_with_ILSVRC2012_val_00028899_rank228,429,429,0.85178,0
ILSVRC2012_val_00000476_with_ILSVRC2012_val_00008311_rank201,161,161,0.82752,0
ILSVRC2012_val_00000476_with_ILSVRC2012_val_00029652_rank493,201,201,0.70439,0
ILSVRC2012_val_00000476_with_ILSVRC2012_val_00036623_rank268,756,463,0.67374,6
ILSVRC2012_val_00000476_with_ILSVRC2012_val_00020785_rank740,1,1,0.7392,0
ILSVRC2012_val_00000476_with_ILSVRC2012_val_00026841_rank812,830,784,0.25741,176
ILSVRC2012_val_00000476_with_ILSVRC2012_val_00042766_rank389,893,893,0.71332,0
ILSVRC2012_val_00000476_with_ILSVRC2012_val_00011783_rank724,318,311,0.13432,7
ILSVRC2012_val_00000476_with_ILSVRC2012_val_00008443_rank726,459,132,0.30173,625
ILSVRC2012_val_00000476_with_ILSVRC2012_val_00009508_rank265,37,37,0.85097,0
ILSVRC2012_val_00000476_with_ILSVRC2012_val_00022938_rank037,146,146,0.60659,0
ILSVRC2012_val_00000476_with_ILSVRC2012_val_00013561_rank974,747,383,0.22607,466
ILSVRC2012_val_00000476_with_ILSVRC2012_val_00023364_rank546,965,965,0.83949,0
ILSVRC2012_val_00000476_with_ILSVRC2012_val_00024342_rank517,787,787,0.78023,0
ILSVRC2012_val_00000476_with_ILSVRC2012_val_00030463_rank622,333,333,0.72852,0
ILSVRC2012_val_00000476_with_ILSVRC2012_val_00028391_rank099,135,135,0.76847,0
ILSVRC2012_val_00000476_with_ILSVRC2012_val_00003049_rank744,817,751,0.70182,1
ILSVRC2012_val_00000476_with_ILSVRC2012_val_00017339_rank554,337,337,0.86689,0
ILSVRC2012_val_00000476_with_ILSVRC2012_val_00046670_rank168,189,202,0.41443,10
ILSVRC2012_val_00000476_with_ILSVRC2012_val_00020965_rank213,210,210,0.74654,0
ILSVRC2012_val_00000476_with_ILSVRC2012_val_00041185_rank309,355,355,0.75407,0
ILSVRC2012_val_00000476_with_ILSVRC2012_val_00008520_rank784,360,381,0.13623,87
ILSVRC2012_val_00000476_with_ILSVRC2012_val_00005536_rank386,79,79,0.90625,0
ILSVRC2012_val_00000476_with_ILSVRC2012_val_00015459_rank034,361,361,0.72735,0
ILSVRC2012_val_00000476_with_ILSVRC2012_val_00039671_rank401,123,76,0.22399,67
ILSVRC2012_val_00000476_with_ILSVRC2012_val_00024396_rank031,81,81,0.61433,0
ILSVRC2012_val_00000476_with_ILSVRC2012_val_00010940_rank308,645,12,0.09266,548
ILSVRC2012_val_00000476_with_ILSVRC2012_val_00030519_rank489,151,151,0.71088,0
ILSVRC2012_val_00000476_with_ILSVRC2012_val_00049773_rank993,33,36,0.32944,2
ILSVRC2012_val_00000476_with_ILSVRC2012_val_00047858_rank383,573,573,0.34781,0
ILSVRC2012_val_00000476_with_ILSVRC2012_val_00010354_rank659,215,215,0.35906,0
ILSVRC2012_val_00000476_with_ILSVRC2012_val_00021351_rank020,99,99,0.34135,0
ILSVRC2012_val_00000476_with_ILSVRC2012_val_00012395_rank791,184,184,0.71467,0
ILSVRC2012_val_00000476_with_ILSVRC2012_val_00034933_rank117,219,219,0.75039,0
ILSVRC2012_val_00000476_with_ILSVRC2012_val_00005708_rank985,38,38,0.87233,0
ILSVRC2012_val_00000476_with_ILSVRC2012_val_00046117_rank943,371,382,0.46741,5
ILSVRC2012_val_00000476_with_ILSVRC2012_val_00048985_rank901,631,585,0.49536,3
ILSVRC2012_val_00000476_with_ILSVRC2012_val_00026296_rank318,45,45,0.56377,0
ILSVRC2012_val_00000476_with_ILSVRC2012_val_00003581_rank425,948,948,0.74157,0
ILSVRC2012_val_00000476_with_ILSVRC2012_val_00039720_rank406,564,133,0.103,657
ILSVRC2012_val_00000476_with_ILSVRC2012_val_00031004_rank648,392,767,0.26619,415
ILSVRC2012_val_00000476_with_ILSVRC2012_val_00044340_rank194,334,337,0.24068,3
ILSVRC2012_val_00000476_with_ILSVRC2012_val_00022125_rank549,174,174,0.75753,0
ILSVRC2012_val_00000476_with_ILSVRC2012_val_00035778_rank207,347,347,0.70385,0
ILSVRC2012_val_00000476_with_ILSVRC2012_val_00002109_rank273,981,489,0.1695,17
ILSVRC2012_val_00000476_with_ILSVRC2012_val_00047465_rank876,613,613,0.73822,0
ILSVRC2012_val_00000476_with_ILSVRC2012_val_00046393_rank040,7,7,0.50059,0
ILSVRC2012_val_00000476_with_ILSVRC2012_val_00034038_rank329,3,3,0.80029,0
ILSVRC2012_val_00000476_with_ILSVRC2012_val_00042506_rank008,19,137,0.14483,46
ILSVRC2012_val_00000476_with_ILSVRC2012_val_00022470_rank157,48,48,0.845,0
ILSVRC2012_val_00000476_with_ILSVRC2012_val_00019225_rank691,410,410,0.44849,0
ILSVRC2012_val_00000476_with_ILSVRC2012_val_00016173_rank191,366,366,0.83843,0
ILSVRC2012_val_00000476_with_ILSVRC2012_val_00022897_rank836,576,576,0.45678,0
ILSVRC2012_val_00000476_with_ILSVRC2012_val_00012868_rank752,434,898,0.09601,539
ILSVRC2012_val_00000476_with_ILSVRC2012_val_00021158_rank186,567,891,0.31691,4
ILSVRC2012_val_00000476_with_ILSVRC2012_val_00027175_rank927,519,519,0.769,0
ILSVRC2012_val_00000476_with_ILSVRC2012_val_00003250_rank548,839,791,0.21533,66
ILSVRC2012_val_00000476_with_ILSVRC2012_val_00043043_rank704,47,47,0.80934,0
ILSVRC2012_val_00000476_with_ILSVRC2012_val_00029304_rank850,994,994,0.2021,0
ILSVRC2012_val_00000476_with_ILSVRC2012_val_00015756_rank344,69,69,0.90263,0
ILSVRC2012_val_00000476_with_ILSVRC2012_val_00035555_rank074,98,98,0.83584,0
ILSVRC2012_val_00000476_with_ILSVRC2012_val_00013276_rank997,808,693,0.59472,156
ILSVRC2012_val_00000476_with_ILSVRC2012_val_00034097_rank627,438,647,0.40562,2
ILSVRC2012_val_00000476_with_ILSVRC2012_val_00039260_rank964,765,765,0.4091,0
ILSVRC2012_val_00000476_with_ILSVRC2012_val_00025495_rank054,86,86,0.57027,0
ILSVRC2012_val_00000476_with_ILSVRC2012_val_00012109_rank358,63,67,0.19706,9
ILSVRC2012_val_00000476_with_ILSVRC2012_val_00007496_rank741,927,927,0.91189,0
ILSVRC2012_val_00000476_with_ILSVRC2012_val_00017947_rank332,397,397,0.75486,0
ILSVRC2012_val_00000476_with_ILSVRC2012_val_00007956_rank568,964,993,0.37986,42
ILSVRC2012_val_00000476_with_ILSVRC2012_val_00016470_rank775,54,131,0.22302,115
ILSVRC2012_val_00000476_with_ILSVRC2012_val_00028806_rank667,928,935,0.28298,3
ILSVRC2012_val_00000476_with_ILSVRC2012_val_00010146_rank594,648,648,0.55238,0
ILSVRC2012_val_00000476_with_ILSVRC2012_val_00028399_rank835,566,566,0.89825,0
ILSVRC2012_val_00000476_with_ILSVRC2012_val_00044915_rank739,775,728,0.61509,67
ILSVRC2012_val_00000476_with_ILSVRC2012_val_00030622_rank449,31,31,0.37553,0
ILSVRC2012_val_00000476_with_ILSVRC2012_val_00026033_rank952,711,711,0.74432,0
ILSVRC2012_val_00000476_with_ILSVRC2012_val_00013961_rank281,554,554,0.82029,0
ILSVRC2012_val_00000476_with_ILSVRC2012_val_00034865_rank959,828,828,0.59843,0
ILSVRC2012_val_00000476_with_ILSVRC2012_val_00023222_rank313,695,695,0.61205,0
ILSVRC2012_val_00000476_with_ILSVRC2012_val_00045185_rank419,286,286,0.77469,0
ILSVRC2012_val_00000476_with_ILSVRC2012_val_00025354_rank577,717,609,0.6403,7
ILSVRC2012_val_00000476_with_ILSVRC2012_val_00048852_rank417,738,136,0.12315,263
ILSVRC2012_val_00000476_with_ILSVRC2012_val_00008360_rank839,408,408,0.69571,0
ILSVRC2012_val_00000476_with_ILSVRC2012_val_00041969_rank395,901,901,0.79215,0
ILSVRC2012_val_00000476_with_ILSVRC2012_val_00042136_rank636,773,773,0.1882,0
ILSVRC2012_val_00000476_with_ILSVRC2012_val_00036379_rank505,258,258,0.72385,0
ILSVRC2012_val_00000476_with_ILSVRC2012_val_00025733_rank805,776,133,0.13478,228
ILSVRC2012_val_00000476_with_ILSVRC2012_val_00032385_rank263,352,352,0.78512,0
ILSVRC2012_val_00000476_with_ILSVRC2012_val_00013517_rank325,609,609,0.74052,0
ILSVRC2012_val_00000476_with_ILSVRC2012_val_00005199_rank479,774,774,0.71425,0
ILSVRC2012_val_00000476_with_ILSVRC2012_val_00026521_rank055,217,217,0.91612,0
ILSVRC2012_val_00000476_with_ILSVRC2012_val_00045169_rank709,478,782,0.33464,83
ILSVRC2012_val_00000476_with_ILSVRC2012_val_00039455_rank173,59,792,0.29552,941
ILSVRC2012_val_00000476_with_ILSVRC2012_val_00006638_rank992,699,699,0.84291,0
ILSVRC2012_val_00000476_with_ILSVRC2012_val_00010822_rank863,697,50,0.3306,618
ILSVRC2012_val_00000476_with_ILSVRC2012_val_00021229_rank165,180,180,0.79149,0
ILSVRC2012_val_00000476_with_ILSVRC2012_val_00035450_rank635,27,27,0.77284,0
ILSVRC2012_val_00000476_with_ILSVRC2012_val_00021268_rank732,452,506,0.14283,232
ILSVRC2012_val_00000476_with_ILSVRC2012_val_00019432_rank159,378,357,0.09409,28
ILSVRC2012_val_00000476_with_ILSVRC2012_val_00007070_rank590,469,469,0.28873,0
ILSVRC2012_val_00000476_with_ILSVRC2012_val_00034849_rank905,209,209,0.77327,0
ILSVRC2012_val_00000476_with_ILSVRC2012_val_00042045_rank737,365,365,0.63025,0
ILSVRC2012_val_00000476_with_ILSVRC2012_val_00019783_rank183,989,989,0.81165,0
ILSVRC2012_val_00000476_with_ILSVRC2012_val_00008684_rank321,147,147,0.34096,0
ILSVRC2012_val_00000476_with_ILSVRC2012_val_00027559_rank036,145,145,0.59573,0
ILSVRC2012_val_00000476_with_ILSVRC2012_val_00020130_rank638,812,50,0.08415,412
ILSVRC2012_val_00000476_with_ILSVRC2012_val_00048302_rank596,539,539,0.68128,0
ILSVRC2012_val_00000476_with_ILSVRC2012_val_00011432_rank052,8,8,0.25672,0
ILSVRC2012_val_00000476_with_ILSVRC2012_val_00022133_rank251,248,248,0.35833,0
ILSVRC2012_val_00000476_with_ILSVRC2012_val_00049630_rank305,488,488,0.66938,0
ILSVRC2012_val_00000476_with_ILSVRC2012_val_00000825_rank028,137,137,0.74499,0
ILSVRC2012_val_00000476_with_ILSVRC2012_val_00029793_rank602,870,870,0.79428,0
ILSVRC2012_val_00000476_with_ILSVRC2012_val_00047605_rank501,635,635,0.80599,0
ILSVRC2012_val_00000476_with_ILSVRC2012_val_00005453_rank817,446,448,0.45755,88
ILSVRC2012_val_00000476_with_ILSVRC2012_val_00034061_rank207,347,347,0.80944,0
ILSVRC2012_val_00000476_with_ILSVRC2012_val_00002942_rank602,870,870,0.93445,0
ILSVRC2012_val_00000476_with_ILSVRC2012_val_00044185_rank897,502,502,0.50725,0
ILSVRC2012_val_00000476_with_ILSVRC2012_val_00023664_rank709,478,478,0.42952,0
ILSVRC2012_val_00000476_with_ILSVRC2012_val_00043311_rank279,565,565,0.61397,0
ILSVRC2012_val_00000476_with_ILSVRC2012_val_00043176_rank200,622,622,0.91721,0
ILSVRC2012_val_00000476_with_ILSVRC2012_val_00022729_rank508,904,539,0.3642,8
ILSVRC2012_val_00000476_with_ILSVRC2012_val_00026178_rank277,142,142,0.77874,0
ILSVRC2012_val_00000476_with_ILSVRC2012_val_00031577_rank635,27,27,0.81015,0
ILSVRC2012_val_00000476_with_ILSVRC2012_val_00046740_rank070,46,46,0.64068,0
ILSVRC2012_val_00000476_with_ILSVRC2012_val_00018461_rank283,963,963,0.79726,0
ILSVRC2012_val_00000476_with_ILSVRC2012_val_00044059_rank970,216,216,0.78474,0
ILSVRC2012_val_00000476_with_ILSVRC2012_val_00033000_rank266,150,150,0.29408,0
ILSVRC2012_val_00000476_with_ILSVRC2012_val_00010879_rank749,841,841,0.65867,0
ILSVRC2012_val_00000476_with_ILSVRC2012_val_00040542_rank312,447,447,0.45587,0
ILSVRC2012_val_00000476_with_ILSVRC2012_val_00042116_rank957,514,514,0.77932,0
ILSVRC2012_val_00000476_with_ILSVRC2012_val_00001768_rank317,263,263,0.82726,0
ILSVRC2012_val_00000476_with_ILSVRC2012_val_00003832_rank387,221,221,0.54031,0
ILSVRC2012_val_00000476_with_ILSVRC2012_val_00037298_rank833,902,902,0.70088,0
ILSVRC2012_val_00000476_with_ILSVRC2012_val_00046509_rank626,862,112,0.41732,48
ILSVRC2012_val_00000476_with_ILSVRC2012_val_00043105_rank496,654,751,0.68848,34
ILSVRC2012_val_00000476_with_ILSVRC2012_val_00041450_rank550,110,110,0.83569,0
ILSVRC2012_val_00000476_with_ILSVRC2012_val_00009014_rank634,249,249,0.51781,0
ILSVRC2012_val_00000476_with_ILSVRC2012_val_00015113_rank059,331,331,0.59917,0
ILSVRC2012_val_00000476_with_ILSVRC2012_val_00022627_rank516,713,713,0.85082,0
ILSVRC2012_val_00000476_with_ILSVRC2012_val_00048460_rank451,880,413,0.20965,209
ILSVRC2012_val_00000476_with_ILSVRC2012_val_00045818_rank922,187,187,0.57635,0
ILSVRC2012_val_00000476_with_ILSVRC2012_val_00041627_rank214,390,390,0.71378,0
ILSVRC2012_val_00000476_with_ILSVRC2012_val_00027471_rank081,335,335,0.21094,0
ILSVRC2012_val_00000476_with_ILSVRC2012_val_00015536_rank811,720,720,0.56954,0
ILSVRC2012_val_00000476_with_ILSVRC2012_val_00001016_rank503,688,688,0.78702,0
ILSVRC2012_val_00000476_with_ILSVRC2012_val_00006530_rank459,864,609,0.71837,8
ILSVRC2012_val_00000476_with_ILSVRC2012_val_00034939_rank267,988,988,0.8077,0
ILSVRC2012_val_00000476_with_ILSVRC2012_val_00016508_rank543,188,265,0.31867,41
ILSVRC2012_val_00000476_with_ILSVRC2012_val_00046772_rank517,787,787,0.90409,0
ILSVRC2012_val_00000476_with_ILSVRC2012_val_00023332_rank889,596,137,0.17419,825
ILSVRC2012_val_00000476_with_ILSVRC2012_val_00002973_rank664,991,991,0.17835,0
ILSVRC2012_val_00000476_with_ILSVRC2012_val_00041097_rank748,116,116,0.64844,0
ILSVRC2012_val_00000476_with_ILSVRC2012_val_00011620_rank805,776,131,0.26321,558
ILSVRC2012_val_00000476_with_ILSVRC2012_val_00005893_rank927,519,519,0.27719,0
ILSVRC2012_val_00000476_with_ILSVRC2012_val_00005439_rank338,399,399,0.46601,0
ILSVRC2012_val_00000476_with_ILSVRC2012_val_00014652_rank498,973,973,0.45982,0
ILSVRC2012_val_00000476_with_ILSVRC2012_val_00024533_rank803,222,222,0.25478,0
ILSVRC2012_val_00000476_with_ILSVRC2012_val_00043023_rank327,343,343,0.82968,0
ILSVRC2012_val_00000476_with_ILSVRC2012_val_00049955_rank607,813,813,0.13428,0
ILSVRC2012_val_00000476_with_ILSVRC2012_val_00010627_rank165,180,180,0.68256,0
ILSVRC2012_val_00000476_with_ILSVRC2012_val_00033846_rank792,604,604,0.91058,0
ILSVRC2012_val_00000476_with_ILSVRC2012_val_00022305_rank648,392,392,0.86819,0
ILSVRC2012_val_00000476_with_ILSVRC2012_val_00008306_rank827,837,131,0.10978,587
ILSVRC2012_val_00000476_with_ILSVRC2012_val_00002288_rank844,156,218,0.76108,1
ILSVRC2012_val_00000476_with_ILSVRC2012_val_00035389_rank004,13,13,0.79239,0
ILSVRC2012_val_00000476_with_ILSVRC2012_val_00032569_rank477,663,730,0.13795,107
ILSVRC2012_val_00000476_with_ILSVRC2012_val_00016876_rank800,553,410,0.56006,27
ILSVRC2012_val_00000476_with_ILSVRC2012_val_00015369_rank987,570,570,0.54076,0
ILSVRC2012_val_00000476_with_ILSVRC2012_val_00014287_rank875,482,848,0.54576,1
ILSVRC2012_val_00000476_with_ILSVRC2012_val_00006170_rank262,560,560,0.67894,0
ILSVRC2012_val_00000476_with_ILSVRC2012_val_00041433_rank732,452,452,0.22207,0
ILSVRC2012_val_00000476_with_ILSVRC2012_val_00024282_rank458,426,426,0.21681,0
ILSVRC2012_val_00000476_with_ILSVRC2012_val_00020241_rank749,841,610,0.12453,1
ILSVRC2012_val_00000476_with_ILSVRC2012_val_00016723_rank892,513,618,0.29713,144
ILSVRC2012_val_00000476_with_ILSVRC2012_val_00045403_rank701,986,852,0.33871,288
ILSVRC2012_val_00000476_with_ILSVRC2012_val_00033715_rank910,101,101,0.69179,0
ILSVRC2012_val_00000476_with_ILSVRC2012_val_00036579_rank794,542,542,0.24301,0
ILSVRC2012_val_00000476_with_ILSVRC2012_val_00032640_rank429,44,44,0.79682,0
ILSVRC2012_val_00000476_with_ILSVRC2012_val_00009522_rank378,667,136,0.14318,815
ILSVRC2012_val_00000476_with_ILSVRC2012_val_00022557_rank766,690,690,0.28177,0
ILSVRC2012_val_00000476_with_ILSVRC2012_val_00016259_rank123,4,4,0.65563,0
ILSVRC2012_val_00000476_with_ILSVRC2012_val_00003988_rank863,697,54,0.07816,603
ILSVRC2012_val_00000476_with_ILSVRC2012_val_00007671_rank335,770,770,0.31737,0
ILSVRC2012_val_00000476_with_ILSVRC2012_val_00023615_rank280,250,250,0.48974,0
ILSVRC2012_val_00000476_with_ILSVRC2012_val_00014719_rank165,180,180,0.84564,0
ILSVRC2012_val_00000476_with_ILSVRC2012_val_00010002_rank098,129,129,0.81375,0
ILSVRC2012_val_00000476_with_ILSVRC2012_val_00006431_rank461,276,276,0.78759,0
ILSVRC2012_val_00000476_with_ILSVRC2012_val_00022819_rank358,63,63,0.66616,0
ILSVRC2012_val_00000476_with_ILSVRC2012_val_00036125_rank030,21,21,0.86856,0
ILSVRC2012_val_00000476_with_ILSVRC2012_val_00038985_rank537,633,640,0.70589,905
ILSVRC2012_val_00000476_with_ILSVRC2012_val_00023993_rank956,736,736,0.33288,0
ILSVRC2012_val_00000476_with_ILSVRC2012_val_00026172_rank406,564,564,0.49475,0
ILSVRC2012_val_00000476_with_ILSVRC2012_val_00002137_rank826,394,131,0.12171,278
ILSVRC2012_val_00000476_with_ILSVRC2012_val_00048619_rank335,770,770,0.71749,0
ILSVRC2012_val_00000476_with_ILSVRC2012_val_00016619_rank569,655,842,0.47151,24
ILSVRC2012_val_00000476_with_ILSVRC2012_val_00046121_rank459,864,864,0.51024,0
ILSVRC2012_val_00000476_with_ILSVRC2012_val_00030190_rank205,557,133,0.13853,185
ILSVRC2012_val_00000476_with_ILSVRC2012_val_00013990_rank050,336,336,0.34189,0
ILSVRC2012_val_00000476_with_ILSVRC2012_val_00029386_rank485,533,533,0.71547,0
ILSVRC2012_val_00000476_with_ILSVRC2012_val_00028756_rank836,576,472,0.21316,2
ILSVRC2012_val_00000476_with_ILSVRC2012_val_00038727_rank835,566,566,0.79291,0
ILSVRC2012_val_00000476_with_ILSVRC2012_val_00025254_rank700,608,596,0.81687,359
ILSVRC2012_val_00000476_with_ILSVRC2012_val_00045497_rank882,481,481,0.60935,0
ILSVRC2012_val_00000476_with_ILSVRC2012_val_00037970_rank948,247,247,0.83796,0
ILSVRC2012_val_00000476_with_ILSVRC2012_val_00005267_rank858,191,202,0.75084,12
ILSVRC2012_val_00000476_with_ILSVRC2012_val_00002119_rank482,668,730,0.19712,549
ILSVRC2012_val_00000476_with_ILSVRC2012_val_00047074_rank406,564,677,0.07747,623
ILSVRC2012_val_00000476_with_ILSVRC2012_val_00046686_rank837,800,800,0.78596,0
ILSVRC2012_val_00000476_with_ILSVRC2012_val_00012898_rank128,106,360,0.42932,14
ILSVRC2012_val_00000476_with_ILSVRC2012_val_00013732_rank689,529,341,0.21838,291
ILSVRC2012_val_00000476_with_ILSVRC2012_val_00018697_rank556,852,852,0.82985,0
ILSVRC2012_val_00000476_with_ILSVRC2012_val_00020367_rank533,207,207,0.73289,0
ILSVRC2012_val_00000476_with_ILSVRC2012_val_00007996_rank820,869,346,0.29872,434
ILSVRC2012_val_00000476_with_ILSVRC2012_val_00038287_rank527,49,48,0.54578,2
ILSVRC2012_val_00000476_with_ILSVRC2012_val_00049448_rank358,63,52,0.14021,7
ILSVRC2012_val_00000476_with_ILSVRC2012_val_00027210_rank723,722,722,0.30363,0
ILSVRC2012_val_00000476_with_ILSVRC2012_val_00030368_rank062,195,264,0.69707,15
ILSVRC2012_val_00000476_with_ILSVRC2012_val_00042447_rank399,849,849,0.73095,0
ILSVRC2012_val_00000476_with_ILSVRC2012_val_00014684_rank345,522,522,0.83787,0
ILSVRC2012_val_00000476_with_ILSVRC2012_val_00027085_rank515,816,693,0.19058,142
ILSVRC2012_val_00000476_with_ILSVRC2012_val_00039229_rank806,737,898,0.44333,3
ILSVRC2012_val_00000476_with_ILSVRC2012_val_00046335_rank805,776,776,0.72308,0
ILSVRC2012_val_00000476_with_ILSVRC2012_val_00020998_rank688,499,499,0.73455,0
ILSVRC2012_val_00000476_with_ILSVRC2012_val_00043047_rank654,751,621,0.38019,34
ILSVRC2012_val_00000476_with_ILSVRC2012_val_00036371_rank144,231,231,0.52415,0
ILSVRC2012_val_00000476_with_ILSVRC2012_val_00025268_rank993,33,291,0.21071,151
ILSVRC2012_val_00000476_with_ILSVRC2012_val_00036168_rank513,961,502,0.20723,224
ILSVRC2012_val_00000476_with_ILSVRC2012_val_00000275_rank861,761,761,0.71432,0
ILSVRC2012_val_00000476_with_ILSVRC2012_val_00007740_rank370,235,235,0.67035,0
ILSVRC2012_val_00000476_with_ILSVRC2012_val_00016894_rank160,657,845,0.14548,48
ILSVRC2012_val_00000476_with_ILSVRC2012_val_00005998_rank504,287,287,0.75626,0
ILSVRC2012_val_00000476_with_ILSVRC2012_val_00038778_rank486,879,879,0.74499,0
ILSVRC2012_val_00000476_with_ILSVRC2012_val_00021635_rank613,721,721,0.72,0
ILSVRC2012_val_00000476_with_ILSVRC2012_val_00019331_rank282,497,442,0.1651,6
ILSVRC2012_val_00000476_with_ILSVRC2012_val_00012192_rank536,443,443,0.39071,0
ILSVRC2012_val_00000476_with_ILSVRC2012_val_00028016_rank257,196,196,0.77354,0
ILSVRC2012_val_00000476_with_ILSVRC2012_val_00035734_rank808,914,914,0.40709,0
ILSVRC2012_val_00000476_with_ILSVRC2012_val_00033341_rank171,224,224,0.32825,0
ILSVRC2012_val_00000476_with_ILSVRC2012_val_00048279_rank192,907,136,0.14506,426
ILSVRC2012_val_00000476_with_ILSVRC2012_val_00036569_rank1000,588,588,0.19861,0
ILSVRC2012_val_00000476_with_ILSVRC2012_val_00016130_rank330,265,266,0.41439,1
ILSVRC2012_val_00000476_with_ILSVRC2012_val_00012179_rank511,395,395,0.73877,0
ILSVRC2012_val_00000476_with_ILSVRC2012_val_00049618_rank818,356,356,0.79539,0
ILSVRC2012_val_00000476_with_ILSVRC2012_val_00006447_rank294,368,368,0.7627,0
ILSVRC2012_val_00000476_with_ILSVRC2012_val_00038418_rank032,95,95,0.76891,0
ILSVRC2012_val_00000476_with_ILSVRC2012_val_00029907_rank269,628,833,0.16222,5
ILSVRC2012_val_00000476_with_ILSVRC2012_val_00042162_rank155,64,64,0.79927,0
ILSVRC2012_val_00000476_with_ILSVRC2012_val_00005761_rank159,378,378,0.83834,0
ILSVRC2012_val_00000476_with_ILSVRC2012_val_00042644_rank819,647,647,0.4241,0
ILSVRC2012_val_00000476_with_ILSVRC2012_val_00012937_rank379,832,674,0.08537,942
ILSVRC2012_val_00000476_with_ILSVRC2012_val_00016882_rank966,524,787,0.0811,3
ILSVRC2012_val_00000476_with_ILSVRC2012_val_00048888_rank076,140,140,0.79795,0
ILSVRC2012_val_00000476_with_ILSVRC2012_val_00021884_rank333,649,137,0.16563,363
ILSVRC2012_val_00000476_with_ILSVRC2012_val_00003227_rank473,176,176,0.61454,0
ILSVRC2012_val_00000476_with_ILSVRC2012_val_00015762_rank126,56,56,0.8517,0
ILSVRC2012_val_00000476_with_ILSVRC2012_val_00047224_rank223,43,43,0.73861,0
ILSVRC2012_val_00000476_with_ILSVRC2012_val_00005672_rank888,523,523,0.82981,0
ILSVRC2012_val_00000476_with_ILSVRC2012_val_00043825_rank514,160,160,0.48273,0
ILSVRC2012_val_00000476_with_ILSVRC2012_val_00042999_rank392,943,943,0.70631,0
ILSVRC2012_val_00000476_with_ILSVRC2012_val_00034227_rank754,559,559,0.22244,0
ILSVRC2012_val_00000476_with_ILSVRC2012_val_00045362_rank198,50,50,0.59316,0
ILSVRC2012_val_00000476_with_ILSVRC2012_val_00021670_rank226,621,621,0.80543,0
ILSVRC2012_val_00000476_with_ILSVRC2012_val_00015548_rank566,968,968,0.56377,0
ILSVRC2012_val_00000476_with_ILSVRC2012_val_00048784_rank421,896,720,0.18025,146
ILSVRC2012_val_00000476_with_ILSVRC2012_val_00018872_rank447,269,269,0.62358,0
ILSVRC2012_val_00000476_with_ILSVRC2012_val_00028572_rank673,242,242,0.89228,0
ILSVRC2012_val_00000476_with_ILSVRC2012_val_00015719_rank077,141,141,0.81583,0
ILSVRC2012_val_00000476_with_ILSVRC2012_val_00013779_rank716,899,337,0.09688,675
ILSVRC2012_val_00000476_with_ILSVRC2012_val_00032395_rank974,747,502,0.09901,131
ILSVRC2012_val_00000476_with_ILSVRC2012_val_00008603_rank645,503,503,0.08948,0
ILSVRC2012_val_00000476_with_ILSVRC2012_val_00017999_rank195,704,514,0.08675,115
ILSVRC2012_val_00000476_with_ILSVRC2012_val_00012874_rank517,787,461,0.24446,2
ILSVRC2012_val_00000476_with_ILSVRC2012_val_00027135_rank799,568,291,0.14753,303
ILSVRC2012_val_00000476_with_ILSVRC2012_val_00034001_rank911,867,569,0.82577,3
ILSVRC2012_val_00000476_with_ILSVRC2012_val_00011369_rank042,132,132,0.83961,0
ILSVRC2012_val_00000476_with_ILSVRC2012_val_00026464_rank732,452,616,0.25198,69
ILSVRC2012_val_00000476_with_ILSVRC2012_val_00003510_rank812,830,830,0.1062,0
ILSVRC2012_val_00000476_with_ILSVRC2012_val_00005418_rank424,329,329,0.5571,0
ILSVRC2012_val_00000476_with_ILSVRC2012_val_00010138_rank026,134,134,0.51755,0
ILSVRC2012_val_00000476_with_ILSVRC2012_val_00027797_rank927,519,519,0.7974,0
ILSVRC2012_val_00000476_with_ILSVRC2012_val_00039082_rank904,827,637,0.10229,123
ILSVRC2012_val_00000476_with_ILSVRC2012_val_00003665_rank001,18,18,0.80802,0
ILSVRC2012_val_00000476_with_ILSVRC2012_val_00003645_rank574,520,516,0.70915,1
ILSVRC2012_val_00000476_with_ILSVRC2012_val_00005009_rank633,818,133,0.1249,767
ILSVRC2012_val_00000476_with_ILSVRC2012_val_00021546_rank287,153,153,0.66092,0
ILSVRC2012_val_00000476_with_ILSVRC2012_val_00021698_rank843,878,878,0.69746,0
ILSVRC2012_val_00000476_with_ILSVRC2012_val_00048519_rank709,478,478,0.09013,0
ILSVRC2012_val_00000476_with_ILSVRC2012_val_00027158_rank147,815,815,0.5129,0
ILSVRC2012_val_00000476_with_ILSVRC2012_val_00011737_rank263,352,352,0.63,0
ILSVRC2012_val_00000476_with_ILSVRC2012_val_00007768_rank662,728,879,0.48921,5
ILSVRC2012_val_00000476_with_ILSVRC2012_val_00042807_rank313,695,695,0.49805,0
ILSVRC2012_val_00000476_with_ILSVRC2012_val_00007693_rank951,857,857,0.51974,0
ILSVRC2012_val_00000476_with_ILSVRC2012_val_00049845_rank161,304,301,0.45178,1
ILSVRC2012_val_00000476_with_ILSVRC2012_val_00003152_rank788,228,228,0.83216,0
ILSVRC2012_val_00000476_with_ILSVRC2012_val_00031361_rank246,282,282,0.28811,0
ILSVRC2012_val_00000476_with_ILSVRC2012_val_00016142_rank754,559,559,0.70655,0
ILSVRC2012_val_00000476_with_ILSVRC2012_val_00036480_rank200,622,622,0.83456,0
ILSVRC2012_val_00000476_with_ILSVRC2012_val_00019344_rank106,349,349,0.61805,0
ILSVRC2012_val_00000476_with_ILSVRC2012_val_00000218_rank385,77,77,0.76124,0
ILSVRC2012_val_00000476_with_ILSVRC2012_val_00037587_rank714,623,337,0.10103,232
ILSVRC2012_val_00000476_with_ILSVRC2012_val_00017699_rank771,0,133,0.17368,242
ILSVRC2012_val_00000476_with_ILSVRC2012_val_00026931_rank987,570,570,0.81942,0
ILSVRC2012_val_00000476_with_ILSVRC2012_val_00004282_rank085,275,275,0.72707,0
ILSVRC2012_val_00000476_with_ILSVRC2012_val_00017842_rank181,951,951,0.66907,0
ILSVRC2012_val_00000476_with_ILSVRC2012_val_00048224_rank174,300,302,0.46991,1
ILSVRC2012_val_00000476_with_ILSVRC2012_val_00022815_rank817,446,446,0.35648,0
ILSVRC2012_val_00000476_with_ILSVRC2012_val_00007013_rank381,952,952,0.83149,0
ILSVRC2012_val_00000476_with_ILSVRC2012_val_00022349_rank516,713,713,0.8905,0
ILSVRC2012_val_00000476_with_ILSVRC2012_val_00043039_rank810,929,337,0.16081,580
ILSVRC2012_val_00000476_with_ILSVRC2012_val_00028052_rank822,202,202,0.43105,0
ILSVRC2012_val_00000476_with_ILSVRC2012_val_00017402_rank988,969,522,0.1247,154
ILSVRC2012_val_00000476_with_ILSVRC2012_val_00001412_rank572,418,693,0.16984,517
ILSVRC2012_val_00000476_with_ILSVRC2012_val_00001979_rank923,344,344,0.70611,0
ILSVRC2012_val_00000476_with_ILSVRC2012_val_00003002_rank858,191,191,0.93146,0
ILSVRC2012_val_00000476_with_ILSVRC2012_val_00024711_rank245,956,136,0.19241,220
ILSVRC2012_val_00000476_with_ILSVRC2012_val_00046017_rank385,77,77,0.67468,0
ILSVRC2012_val_00000476_with_ILSVRC2012_val_00007809_rank931,601,601,0.7173,0
ILSVRC2012_val_00000476_with_ILSVRC2012_val_00005593_rank392,943,907,0.31474,51
ILSVRC2012_val_00000476_with_ILSVRC2012_val_00034224_rank370,235,235,0.66273,0
ILSVRC2012_val_00000476_with_ILSVRC2012_val_00008728_rank501,635,729,0.4567,86
ILSVRC2012_val_00000476_with_ILSVRC2012_val_00029806_rank842,36,36,0.63508,0
ILSVRC2012_val_00000476_with_ILSVRC2012_val_00048193_rank509,449,913,0.20665,22
ILSVRC2012_val_00000476_with_ILSVRC2012_val_00025841_rank655,439,137,0.19078,146
ILSVRC2012_val_00000476_with_ILSVRC2012_val_00038421_rank375,947,947,0.25241,0
ILSVRC2012_val_00000476_with_ILSVRC2012_val_00012426_rank581,673,526,0.3062,5
ILSVRC2012_val_00000476_with_ILSVRC2012_val_00041175_rank325,609,609,0.7249,0
ILSVRC2012_val_00000476_with_ILSVRC2012_val_00007178_rank586,163,163,0.80019,0
ILSVRC2012_val_00000476_with_ILSVRC2012_val_00045135_rank139,340,340,0.78487,0
ILSVRC2012_val_00000476_with_ILSVRC2012_val_00041998_rank117,219,213,0.81251,8
ILSVRC2012_val_00000476_with_ILSVRC2012_val_00049949_rank598,602,137,0.10525,813
ILSVRC2012_val_00000476_with_ILSVRC2012_val_00016194_rank933,283,8,0.32811,364
ILSVRC2012_val_00000476_with_ILSVRC2012_val_00004741_rank753,550,550,0.83994,0
ILSVRC2012_val_00000476_with_ILSVRC2012_val_00002990_rank573,708,519,0.39769,55
ILSVRC2012_val_00000476_with_ILSVRC2012_val_00011346_rank576,487,487,0.64242,0
ILSVRC2012_val_00000476_with_ILSVRC2012_val_00045417_rank471,971,30,0.31994,68
ILSVRC2012_val_00000476_with_ILSVRC2012_val_00014813_rank933,283,283,0.2807,0
ILSVRC2012_val_00000476_with_ILSVRC2012_val_00026306_rank962,683,683,0.4715,0
ILSVRC2012_val_00000476_with_ILSVRC2012_val_00001707_rank402,607,607,0.83759,0
ILSVRC2012_val_00000476_with_ILSVRC2012_val_00047105_rank993,33,33,0.84691,0
ILSVRC2012_val_00000476_with_ILSVRC2012_val_00016345_rank296,630,788,0.59803,7
ILSVRC2012_val_00000476_with_ILSVRC2012_val_00014471_rank058,232,232,0.67545,0
ILSVRC2012_val_00000476_with_ILSVRC2012_val_00000278_rank033,92,92,0.82699,0
ILSVRC2012_val_00000476_with_ILSVRC2012_val_00047754_rank327,343,343,0.45734,0
ILSVRC2012_val_00000476_with_ILSVRC2012_val_00035183_rank020,99,99,0.78084,0
ILSVRC2012_val_00000476_with_ILSVRC2012_val_00014312_rank318,45,45,0.83082,0
ILSVRC2012_val_00000476_with_ILSVRC2012_val_00027479_rank570,933,933,0.7923,0
ILSVRC2012_val_00000476_with_ILSVRC2012_val_00022711_rank156,41,41,0.7181,0
ILSVRC2012_val_00000476_with_ILSVRC2012_val_00034049_rank500,203,186,0.41239,11
ILSVRC2012_val_00000476_with_ILSVRC2012_val_00046884_rank572,418,418,0.15732,0
ILSVRC2012_val_00000476_with_ILSVRC2012_val_00008315_rank774,686,686,0.8451,0
ILSVRC2012_val_00000476_with_ILSVRC2012_val_00011393_rank129,308,308,0.57076,0
ILSVRC2012_val_00000476_with_ILSVRC2012_val_00046823_rank206,267,266,0.47056,1
ILSVRC2012_val_00000476_with_ILSVRC2012_val_00006586_rank403,236,236,0.87819,0
ILSVRC2012_val_00000476_with_ILSVRC2012_val_00015208_rank621,735,91,0.87912,268
ILSVRC2012_val_00000476_with_ILSVRC2012_val_00023848_rank425,948,943,0.45186,4
ILSVRC2012_val_00000476_with_ILSVRC2012_val_00019834_rank736,32,32,0.79639,0
ILSVRC2012_val_00000476_with_ILSVRC2012_val_00027424_rank646,898,898,0.60462,0
ILSVRC2012_val_00000476_with_ILSVRC2012_val_00034012_rank618,836,137,0.16398,775
ILSVRC2012_val_00000476_with_ILSVRC2012_val_00030991_rank106,349,349,0.51478,0
ILSVRC2012_val_00000476_with_ILSVRC2012_val_00032942_rank207,347,347,0.62844,0
ILSVRC2012_val_00000476_with_ILSVRC2012_val_00046125_rank160,657,657,0.49601,0
ILSVRC2012_val_00000476_with_ILSVRC2012_val_00010192_rank450,317,317,0.80766,0
ILSVRC2012_val_00000476_with_ILSVRC2012_val_00031067_rank845,611,133,0.11431,724
ILSVRC2012_val_00000476_with_ILSVRC2012_val_00045936_rank438,5,137,0.42808,259
ILSVRC2012_val_00000476_with_ILSVRC2012_val_00038650_rank432,887,887,0.19295,0
ILSVRC2012_val_00000476_with_ILSVRC2012_val_00015911_rank720,345,345,0.82273,0
ILSVRC2012_val_00000476_with_ILSVRC2012_val_00048057_rank732,452,452,0.85647,0
ILSVRC2012_val_00000476_with_ILSVRC2012_val_00021628_rank764,791,791,0.76927,0
ILSVRC2012_val_00000476_with_ILSVRC2012_val_00010397_rank006,91,91,0.82559,0
ILSVRC2012_val_00000476_with_ILSVRC2012_val_00007626_rank763,915,915,0.79771,0
ILSVRC2012_val_00000476_with_ILSVRC2012_val_00037905_rank754,559,559,0.7907,0
ILSVRC2012_val_00000476_with_ILSVRC2012_val_00012500_rank925,322,322,0.83592,0
ILSVRC2012_val_00000476_with_ILSVRC2012_val_00036932_rank062,195,245,0.41567,1
ILSVRC2012_val_00000476_with_ILSVRC2012_val_00016667_rank592,707,707,0.5044,0
ILSVRC2012_val_00000476_with_ILSVRC2012_val_00005871_rank759,843,843,0.67911,0
ILSVRC2012_val_00000476_with_ILSVRC2012_val_00016254_rank071,277,277,0.54389,0
ILSVRC2012_val_00000476_with_ILSVRC2012_val_00045117_rank843,878,878,0.75382,0
ILSVRC2012_val_00000476_with_ILSVRC2012_val_00038197_rank072,133,133,0.82975,0
ILSVRC2012_val_00000476_with_ILSVRC2012_val_00021337_rank865,78,78,0.82955,0
ILSVRC2012_val_00000476_with_ILSVRC2012_val_00042007_rank496,654,654,0.62518,0
ILSVRC2012_val_00000476_with_ILSVRC2012_val_00017164_rank343,273,273,0.8579,0
ILSVRC2012_val_00000476_with_ILSVRC2012_val_00014899_rank848,886,886,0.56526,0
ILSVRC2012_val_00000476_with_ILSVRC2012_val_00036779_rank819,647,692,0.10977,81
ILSVRC2012_val_00000476_with_ILSVRC2012_val_00017147_rank209,171,171,0.80442,0
ILSVRC2012_val_00000476_with_ILSVRC2012_val_00020252_rank886,881,579,0.36575,1
ILSVRC2012_val_00000476_with_ILSVRC2012_val_00005787_rank153,900,784,0.12036,866
ILSVRC2012_val_00000476_with_ILSVRC2012_val_00002516_rank368,243,211,0.24566,14
ILSVRC2012_val_00000476_with_ILSVRC2012_val_00023041_rank059,331,331,0.76608,0
ILSVRC2012_val_00000476_with_ILSVRC2012_val_00038767_rank651,615,459,0.36131,22
ILSVRC2012_val_00000476_with_ILSVRC2012_val_00006164_rank569,655,411,0.15508,10
ILSVRC2012_val_00000476_with_ILSVRC2012_val_00007312_rank012,80,80,0.58238,0
ILSVRC2012_val_00000476_with_ILSVRC2012_val_00034418_rank553,342,730,0.40241,119
ILSVRC2012_val_00000476_with_ILSVRC2012_val_00023568_rank545,561,561,0.80865,0
ILSVRC2012_val_00000476_with_ILSVRC2012_val_00029914_rank879,790,463,0.13294,4
ILSVRC2012_val_00000476_with_ILSVRC2012_val_00021599_rank166,197,197,0.91268,0
ILSVRC2012_val_00000476_with_ILSVRC2012_val_00010699_rank962,683,320,0.15131,150
ILSVRC2012_val_00000476_with_ILSVRC2012_val_00029517_rank298,777,428,0.08394,847
ILSVRC2012_val_00000476_with_ILSVRC2012_val_00035512_rank580,70,312,0.28894,9
ILSVRC2012_val_00000476_with_ILSVRC2012_val_00002484_rank317,263,278,0.18511,53
ILSVRC2012_val_00000476_with_ILSVRC2012_val_00028827_rank140,330,331,0.42795,1
ILSVRC2012_val_00000476_with_ILSVRC2012_val_00044290_rank984,678,5,0.48149,868
ILSVRC2012_val_00000476_with_ILSVRC2012_val_00045912_rank814,165,165,0.4389,0
ILSVRC2012_val_00000476_with_ILSVRC2012_val_00033411_rank617,669,669,0.54102,0
ILSVRC2012_val_00000476_with_ILSVRC2012_val_00032211_rank545,561,561,0.84615,0
ILSVRC2012_val_00000476_with_ILSVRC2012_val_00044014_rank568,964,964,0.914,0
ILSVRC2012_val_00000476_with_ILSVRC2012_val_00047072_rank789,855,855,0.69377,0
ILSVRC2012_val_00000476_with_ILSVRC2012_val_00018986_rank594,648,648,0.51581,0
ILSVRC2012_val_00000476_with_ILSVRC2012_val_00025550_rank441,158,151,0.60249,2
ILSVRC2012_val_00000476_with_ILSVRC2012_val_00047848_rank992,699,642,0.48845,5
ILSVRC2012_val_00000476_with_ILSVRC2012_val_00033969_rank065,295,295,0.73733,0
ILSVRC2012_val_00000476_with_ILSVRC2012_val_00035811_rank310,274,274,0.75853,0
ILSVRC2012_val_00000476_with_ILSVRC2012_val_00008887_rank137,130,130,0.76224,0
ILSVRC2012_val_00000476_with_ILSVRC2012_val_00006369_rank342,922,921,0.0724,6
ILSVRC2012_val_00000476_with_ILSVRC2012_val_00013522_rank873,748,464,0.22557,6
ILSVRC2012_val_00000476_with_ILSVRC2012_val_00013104_rank699,925,923,0.75268,3
ILSVRC2012_val_00000476_with_ILSVRC2012_val_00047969_rank006,91,91,0.74694,0
ILSVRC2012_val_00000476_with_ILSVRC2012_val_00035438_rank185,990,455,0.65616,45
ILSVRC2012_val_00000476_with_ILSVRC2012_val_00005362_rank526,618,284,0.24406,261
ILSVRC2012_val_00000476_with_ILSVRC2012_val_00015264_rank021,20,20,0.83881,0
ILSVRC2012_val_00000476_with_ILSVRC2012_val_00048161_rank638,812,137,0.12051,297
ILSVRC2012_val_00000476_with_ILSVRC2012_val_00030295_rank670,709,709,0.82805,0
ILSVRC2012_val_00000476_with_ILSVRC2012_val_00027341_rank887,680,129,0.10301,626
ILSVRC2012_val_00000476_with_ILSVRC2012_val_00001012_rank649,444,837,0.11253,193
ILSVRC2012_val_00000476_with_ILSVRC2012_val_00006748_rank281,554,131,0.24258,162
ILSVRC2012_val_00000476_with_ILSVRC2012_val_00039148_rank380,547,547,0.76566,0
ILSVRC2012_val_00000476_with_ILSVRC2012_val_00039222_rank092,278,278,0.44023,0
ILSVRC2012_val_00000476_with_ILSVRC2012_val_00041633_rank408,357,357,0.58374,0
ILSVRC2012_val_00000476_with_ILSVRC2012_val_00048019_rank357,789,789,0.32587,0
ILSVRC2012_val_00000476_with_ILSVRC2012_val_00018640_rank921,332,332,0.75201,0
ILSVRC2012_val_00000476_with_ILSVRC2012_val_00046990_rank652,889,136,0.25083,856
ILSVRC2012_val_00000476_with_ILSVRC2012_val_00043231_rank266,150,150,0.69841,0
ILSVRC2012_val_00000476_with_ILSVRC2012_val_00044929_rank034,361,361,0.78665,0
ILSVRC2012_val_00000476_with_ILSVRC2012_val_00003808_rank505,258,258,0.77683,0
ILSVRC2012_val_00000476_with_ILSVRC2012_val_00010243_rank526,618,644,0.23623,103
ILSVRC2012_val_00000476_with_ILSVRC2012_val_00014126_rank665,71,71,0.21088,0
ILSVRC2012_val_00000476_with_ILSVRC2012_val_00018075_rank740,1,1,0.79813,0
ILSVRC2012_val_00000476_with_ILSVRC2012_val_00031351_rank111,919,919,0.44998,0
ILSVRC2012_val_00000476_with_ILSVRC2012_val_00032694_rank537,633,13,0.09589,217
ILSVRC2012_val_00000476_with_ILSVRC2012_val_00019809_rank486,879,879,0.8087,0
ILSVRC2012_val_00000476_with_ILSVRC2012_val_00031470_rank071,277,277,0.85847,0
ILSVRC2012_val_00000476_with_ILSVRC2012_val_00011115_rank562,653,695,0.04411,81
ILSVRC2012_val_00000476_with_ILSVRC2012_val_00042823_rank101,912,348,0.25202,246
ILSVRC2012_val_00000476_with_ILSVRC2012_val_00019938_rank936,712,712,0.5274,0
ILSVRC2012_val_00000476_with_ILSVRC2012_val_00032105_rank240,475,475,0.56081,0
ILSVRC2012_val_00000476_with_ILSVRC2012_val_00005205_rank983,385,274,0.26803,86
ILSVRC2012_val_00000476_with_ILSVRC2012_val_00031721_rank706,154,154,0.84319,0
ILSVRC2012_val_00000476_with_ILSVRC2012_val_00044029_rank797,530,530,0.85883,0
ILSVRC2012_val_00000476_with_ILSVRC2012_val_00019534_rank918,859,859,0.42581,0
ILSVRC2012_val_00000476_with_ILSVRC2012_val_00022314_rank053,388,388,0.26999,0
ILSVRC2012_val_00000476_with_ILSVRC2012_val_00011274_rank733,432,136,0.18151,662
ILSVRC2012_val_00000476_with_ILSVRC2012_val_00044506_rank218,824,824,0.35243,0
ILSVRC2012_val_00000476_with_ILSVRC2012_val_00026977_rank444,627,627,0.66204,0
ILSVRC2012_val_00000476_with_ILSVRC2012_val_00013849_rank683,939,939,0.80494,0
ILSVRC2012_val_00000476_with_ILSVRC2012_val_00027314_rank414,412,412,0.25243,0
ILSVRC2012_val_00000476_with_ILSVRC2012_val_00032758_rank086,272,272,0.83433,0
ILSVRC2012_val_00000476_with_ILSVRC2012_val_00000077_rank391,159,159,0.79309,0
ILSVRC2012_val_00000476_with_ILSVRC2012_val_00029080_rank341,466,448,0.31907,995
ILSVRC2012_val_00000476_with_ILSVRC2012_val_00035944_rank500,203,203,0.38888,0
ILSVRC2012_val_00000476_with_ILSVRC2012_val_00008317_rank751,339,339,0.80195,0
ILSVRC2012_val_00000476_with_ILSVRC2012_val_00020363_rank567,942,942,0.83738,0
ILSVRC2012_val_00000476_with_ILSVRC2012_val_00013014_rank785,871,871,0.83192,0
ILSVRC2012_val_00000476_with_ILSVRC2012_val_00003757_rank901,631,136,0.38192,691
ILSVRC2012_val_00000476_with_ILSVRC2012_val_00002768_rank819,647,728,0.85247,102
ILSVRC2012_val_00000476_with_ILSVRC2012_val_00016700_rank750,34,34,0.78359,0
ILSVRC2012_val_00000476_with_ILSVRC2012_val_00008099_rank273,981,981,0.91757,0
ILSVRC2012_val_00000476_with_ILSVRC2012_val_00036829_rank854,691,816,0.11009,195
ILSVRC2012_val_00000476_with_ILSVRC2012_val_00003749_rank153,900,900,0.64505,0
ILSVRC2012_val_00000476_with_ILSVRC2012_val_00048913_rank119,72,72,0.32998,0
ILSVRC2012_val_00000476_with_ILSVRC2012_val_00009158_rank274,288,288,0.66746,0
ILSVRC2012_val_00000476_with_ILSVRC2012_val_00016409_rank377,233,233,0.55112,0
ILSVRC2012_val_00000476_with_ILSVRC2012_val_00002581_rank739,775,728,0.07028,67
ILSVRC2012_val_00000476_with_ILSVRC2012_val_00020628_rank922,187,201,0.37397,1
ILSVRC2012_val_00000476_with_ILSVRC2012_val_00033790_rank533,207,207,0.85109,0
ILSVRC2012_val_00000476_with_ILSVRC2012_val_00044557_rank775,54,62,0.28857,8
ILSVRC2012_val_00000476_with_ILSVRC2012_val_00037086_rank579,587,587,0.65408,0
ILSVRC2012_val_00000476_with_ILSVRC2012_val_00045192_rank530,112,129,0.29813,155
ILSVRC2012_val_00000476_with_ILSVRC2012_val_00011798_rank718,168,168,0.45051,0
ILSVRC2012_val_00000476_with_ILSVRC2012_val_00000421_rank964,765,765,0.84632,0
ILSVRC2012_val_00000476_with_ILSVRC2012_val_00033879_rank936,712,712,0.24643,0
ILSVRC2012_val_00000476_with_ILSVRC2012_val_00030426_rank149,367,367,0.69908,0
ILSVRC2012_val_00000476_with_ILSVRC2012_val_00012901_rank122,240,240,0.73762,0
ILSVRC2012_val_00000476_with_ILSVRC2012_val_00023453_rank981,644,539,0.77202,283
ILSVRC2012_val_00000476_with_ILSVRC2012_val_00029584_rank508,904,807,0.24994,7
ILSVRC2012_val_00000476_with_ILSVRC2012_val_00018789_rank511,395,395,0.5853,0
ILSVRC2012_val_00000476_with_ILSVRC2012_val_00021867_rank668,107,131,0.19103,199
ILSVRC2012_val_00000476_with_ILSVRC2012_val_00013333_rank926,149,131,0.19569,112
ILSVRC2012_val_00000476_with_ILSVRC2012_val_00001114_rank052,8,8,0.80779,0
ILSVRC2012_val_00000476_with_ILSVRC2012_val_00038770_rank813,73,74,0.77618,1
ILSVRC2012_val_00000476_with_ILSVRC2012_val_00002132_rank154,299,299,0.52829,0
ILSVRC2012_val_00000476_with_ILSVRC2012_val_00038498_rank403,236,164,0.76072,18
ILSVRC2012_val_00000476_with_ILSVRC2012_val_00017026_rank281,554,845,0.20807,785
ILSVRC2012_val_00000476_with_ILSVRC2012_val_00013099_rank602,870,870,0.27103,0
ILSVRC2012_val_00000476_with_ILSVRC2012_val_00011855_rank764,791,791,0.33196,0
ILSVRC2012_val_00000476_with_ILSVRC2012_val_00030157_rank757,465,615,0.327,6
ILSVRC2012_val_00000476_with_ILSVRC2012_val_00021481_rank860,778,778,0.34859,0
ILSVRC2012_val_00000476_with_ILSVRC2012_val_00020527_rank645,503,503,0.87877,0
ILSVRC2012_val_00000476_with_ILSVRC2012_val_00048347_rank023,94,94,0.87991,0
ILSVRC2012_val_00000476_with_ILSVRC2012_val_00034821_rank058,232,227,0.3156,13
ILSVRC2012_val_00000476_with_ILSVRC2012_val_00047049_rank413,218,218,0.61038,0
ILSVRC2012_val_00000476_with_ILSVRC2012_val_00026222_rank162,489,368,0.67971,194
ILSVRC2012_val_00000476_with_ILSVRC2012_val_00018230_rank641,417,417,0.83357,0
ILSVRC2012_val_00000476_with_ILSVRC2012_val_00006303_rank709,478,337,0.11351,884
ILSVRC2012_val_00000476_with_ILSVRC2012_val_00010964_rank148,984,703,0.14779,72
ILSVRC2012_val_00000476_with_ILSVRC2012_val_00012119_rank518,953,949,0.15596,3
ILSVRC2012_val_00000476_with_ILSVRC2012_val_00025791_rank506,959,959,0.43004,0
ILSVRC2012_val_00000476_with_ILSVRC2012_val_00019147_rank512,569,569,0.80429,0
ILSVRC2012_val_00000476_with_ILSVRC2012_val_00009170_rank376,586,586,0.80183,0
ILSVRC2012_val_00000476_with_ILSVRC2012_val_00001134_rank811,720,720,0.84459,0
ILSVRC2012_val_00000476_with_ILSVRC2012_val_00039792_rank840,594,594,0.913,0
ILSVRC2012_val_00000476_with_ILSVRC2012_val_00003381_rank492,685,685,0.85396,0
ILSVRC2012_val_00000476_with_ILSVRC2012_val_00036877_rank719,729,674,0.06944,39
ILSVRC2012_val_00000476_with_ILSVRC2012_val_00024140_rank145,377,373,0.59585,10
ILSVRC2012_val_00000476_with_ILSVRC2012_val_00014453_rank102,858,858,0.85887,0
ILSVRC2012_val_00000476_with_ILSVRC2012_val_00008411_rank018,127,127,0.51042,0
ILSVRC2012_val_00000476_with_ILSVRC2012_val_00033056_rank528,376,376,0.72031,0
ILSVRC2012_val_00000476_with_ILSVRC2012_val_00003605_rank040,7,7,0.45397,0
ILSVRC2012_val_00000476_with_ILSVRC2012_val_00049524_rank738,997,997,0.7741,0
ILSVRC2012_val_00000476_with_ILSVRC2012_val_00023093_rank357,789,807,0.52189,86
ILSVRC2012_val_00000476_with_ILSVRC2012_val_00031959_rank174,300,300,0.68943,0
ILSVRC2012_val_00000476_with_ILSVRC2012_val_00031674_rank842,36,35,0.42782,1
ILSVRC2012_val_00000476_with_ILSVRC2012_val_00037553_rank703,62,61,0.52446,1
ILSVRC2012_val_00000476_with_ILSVRC2012_val_00003186_rank383,573,100,0.19063,144
ILSVRC2012_val_00000476_with_ILSVRC2012_val_00031064_rank463,612,612,0.76717,0
ILSVRC2012_val_00000476_with_ILSVRC2012_val_00028938_rank734,296,296,0.34894,0
ILSVRC2012_val_00000476_with_ILSVRC2012_val_00003476_rank770,689,591,0.23475,86
ILSVRC2012_val_00000476_with_ILSVRC2012_val_00007718_rank875,482,482,0.56937,0
ILSVRC2012_val_00000476_with_ILSVRC2012_val_00028804_rank862,793,701,0.48225,205
ILSVRC2012_val_00000476_with_ILSVRC2012_val_00044112_rank605,61,62,0.73944,1
ILSVRC2012_val_00000476_with_ILSVRC2012_val_00017465_rank980,684,684,0.8311,0
ILSVRC2012_val_00000476_with_ILSVRC2012_val_00002758_rank881,456,59,0.515,158
ILSVRC2012_val_00000476_with_ILSVRC2012_val_00028908_rank291,268,268,0.73546,0
ILSVRC2012_val_00000476_with_ILSVRC2012_val_00042697_rank544,614,614,0.80399,0
ILSVRC2012_val_00000476_with_ILSVRC2012_val_00015683_rank921,332,8,0.5582,29
ILSVRC2012_val_00000476_with_ILSVRC2012_val_00023258_rank234,315,316,0.30062,6
ILSVRC2012_val_00000476_with_ILSVRC2012_val_00010301_rank839,408,586,0.45317,3
ILSVRC2012_val_00000476_with_ILSVRC2012_val_00014328_rank063,9,9,0.63076,0
ILSVRC2012_val_00000476_with_ILSVRC2012_val_00034769_rank047,305,305,0.81765,0
ILSVRC2012_val_00000476_with_ILSVRC2012_val_00006102_rank688,499,499,0.75807,0
ILSVRC2012_val_00000476_with_ILSVRC2012_val_00030703_rank157,48,48,0.84723,0
ILSVRC2012_val_00000476_with_ILSVRC2012_val_00026416_rank025,131,131,0.78594,0
ILSVRC2012_val_00000476_with_ILSVRC2012_val_00037761_rank529,413,413,0.4335,0
ILSVRC2012_val_00000476_with_ILSVRC2012_val_00034299_rank616,679,997,0.13649,640
ILSVRC2012_val_00000476_with_ILSVRC2012_val_00038041_rank288,749,749,0.35765,0
ILSVRC2012_val_00000476_with_ILSVRC2012_val_00039213_rank222,404,404,0.76307,0
ILSVRC2012_val_00000476_with_ILSVRC2012_val_00039285_rank073,835,835,0.44051,0
ILSVRC2012_val_00000476_with_ILSVRC2012_val_00032462_rank730,484,871,0.44773,1
ILSVRC2012_val_00000476_with_ILSVRC2012_val_00049288_rank081,335,335,0.64437,0
ILSVRC2012_val_00000476_with_ILSVRC2012_val_00032279_rank693,521,618,0.17396,57
ILSVRC2012_val_00000476_with_ILSVRC2012_val_00037635_rank412,440,440,0.7083,0
ILSVRC2012_val_00000476_with_ILSVRC2012_val_00005477_rank536,443,443,0.13718,0
ILSVRC2012_val_00000476_with_ILSVRC2012_val_00027502_rank869,772,772,0.63064,0
ILSVRC2012_val_00000476_with_ILSVRC2012_val_00007366_rank822,202,202,0.50338,0
ILSVRC2012_val_00000476_with_ILSVRC2012_val_00008049_rank035,24,24,0.70442,0
ILSVRC2012_val_00000476_with_ILSVRC2012_val_00007865_rank896,419,419,0.84859,0
ILSVRC2012_val_00000476_with_ILSVRC2012_val_00029379_rank961,541,731,0.21992,232
ILSVRC2012_val_00000476_with_ILSVRC2012_val_00044249_rank251,248,248,0.48839,0
ILSVRC2012_val_00000476_with_ILSVRC2012_val_00049856_rank870,676,249,0.79408,131
ILSVRC2012_val_00000476_with_ILSVRC2012_val_00049890_rank541,784,758,0.26197,306
ILSVRC2012_val_00000476_with_ILSVRC2012_val_00008301_rank584,453,454,0.64205,4
ILSVRC2012_val_00000476_with_ILSVRC2012_val_00003252_rank867,846,846,0.17657,0
ILSVRC2012_val_00000476_with_ILSVRC2012_val_00014599_rank010,136,136,0.69838,0
ILSVRC2012_val_00000476_with_ILSVRC2012_val_00037083_rank430,225,225,0.70637,0
ILSVRC2012_val_00000476_with_ILSVRC2012_val_00047811_rank981,644,132,0.48911,429
ILSVRC2012_val_00000476_with_ILSVRC2012_val_00033229_rank859,578,879,0.28037,129
ILSVRC2012_val_00000476_with_ILSVRC2012_val_00011394_rank858,191,191,0.60236,0
ILSVRC2012_val_00000476_with_ILSVRC2012_val_00008662_rank324,955,955,0.40077,0
ILSVRC2012_val_00000476_with_ILSVRC2012_val_00049968_rank466,903,903,0.28539,0
ILSVRC2012_val_00000476_with_ILSVRC2012_val_00016650_rank480,555,555,0.86442,0
ILSVRC2012_val_00000476_with_ILSVRC2012_val_00031390_rank126,56,58,0.09334,11
ILSVRC2012_val_00000476_with_ILSVRC2012_val_00030765_rank231,734,734,0.39116,0
ILSVRC2012_val_00000476_with_ILSVRC2012_val_00045968_rank814,165,165,0.42125,0
ILSVRC2012_val_00000476_with_ILSVRC2012_val_00020710_rank030,21,21,0.85846,0
ILSVRC2012_val_00000476_with_ILSVRC2012_val_00027665_rank988,969,440,0.16419,44
ILSVRC2012_val_00000476_with_ILSVRC2012_val_00008663_rank045,321,321,0.79994,0
ILSVRC2012_val_00000476_with_ILSVRC2012_val_00008168_rank163,888,703,0.23522,31
ILSVRC2012_val_00000476_with_ILSVRC2012_val_00023804_rank518,953,953,0.74998,0
ILSVRC2012_val_00000476_with_ILSVRC2012_val_00009873_rank535,701,463,0.07643,807
ILSVRC2012_val_00000476_with_ILSVRC2012_val_00030651_rank996,292,292,0.6889,0
ILSVRC2012_val_00000476_with_ILSVRC2012_val_00031593_rank909,993,993,0.852,0
ILSVRC2012_val_00000476_with_ILSVRC2012_val_00044760_rank217,307,47,0.38397,26
ILSVRC2012_val_00000476_with_ILSVRC2012_val_00026662_rank815,354,879,0.23552,990
ILSVRC2012_val_00000476_with_ILSVRC2012_val_00040776_rank842,36,36,0.81003,0
ILSVRC2012_val_00000476_with_ILSVRC2012_val_00037780_rank329,3,3,0.83596,0
ILSVRC2012_val_00000476_with_ILSVRC2012_val_00013378_rank024,84,84,0.64506,0
ILSVRC2012_val_00000476_with_ILSVRC2012_val_00001089_rank671,681,758,0.23585,967
ILSVRC2012_val_00000476_with_ILSVRC2012_val_00026734_rank298,777,777,0.65384,0
ILSVRC2012_val_00000476_with_ILSVRC2012_val_00018562_rank180,405,131,0.09965,291
ILSVRC2012_val_00000476_with_ILSVRC2012_val_00011408_rank244,944,944,0.75357,0
ILSVRC2012_val_00000476_with_ILSVRC2012_val_00003222_rank268,756,899,0.38133,15
ILSVRC2012_val_00000476_with_ILSVRC2012_val_00008225_rank683,939,943,0.41024,1
ILSVRC2012_val_00000476_with_ILSVRC2012_val_00009661_rank929,606,596,0.6117,19
ILSVRC2012_val_00000476_with_ILSVRC2012_val_00021134_rank228,429,429,0.84038,0
ILSVRC2012_val_00000476_with_ILSVRC2012_val_00044150_rank837,800,800,0.84462,0
ILSVRC2012_val_00000476_with_ILSVRC2012_val_00024769_rank119,72,72,0.46097,0
ILSVRC2012_val_00000476_with_ILSVRC2012_val_00002548_rank998,464,787,0.20306,17
ILSVRC2012_val_00000476_with_ILSVRC2012_val_00018528_rank981,644,693,0.28718,131
ILSVRC2012_val_00000476_with_ILSVRC2012_val_00040084_rank677,597,597,0.13893,0
ILSVRC2012_val_00000476_with_ILSVRC2012_val_00038185_rank618,836,837,0.27564,1
ILSVRC2012_val_00000476_with_ILSVRC2012_val_00007160_rank479,774,676,0.68041,16
ILSVRC2012_val_00000476_with_ILSVRC2012_val_00045440_rank212,271,235,0.37407,32
ILSVRC2012_val_00000476_with_ILSVRC2012_val_00042841_rank238,311,311,0.62425,0
ILSVRC2012_val_00000476_with_ILSVRC2012_val_00000396_rank448,76,76,0.80808,0
ILSVRC2012_val_00000476_with_ILSVRC2012_val_00045230_rank090,373,373,0.80361,0
ILSVRC2012_val_00000476_with_ILSVRC2012_val_00011555_rank489,151,151,0.47214,0
ILSVRC2012_val_00000476_with_ILSVRC2012_val_00018542_rank559,512,512,0.86495,0
ILSVRC2012_val_00000476_with_ILSVRC2012_val_00014989_rank369,724,724,0.51645,0
ILSVRC2012_val_00000476_with_ILSVRC2012_val_00001460_rank448,76,76,0.7428,0
ILSVRC2012_val_00000476_with_ILSVRC2012_val_00018721_rank715,579,579,0.82089,0
ILSVRC2012_val_00000476_with_ILSVRC2012_val_00045541_rank612,698,913,0.13914,123
ILSVRC2012_val_00000476_with_ILSVRC2012_val_00009467_rank811,720,674,0.30191,54
ILSVRC2012_val_00000476_with_ILSVRC2012_val_00020681_rank871,185,219,0.26232,46
ILSVRC2012_val_00000476_with_ILSVRC2012_val_00017497_rank157,48,48,0.84396,0
ILSVRC2012_val_00000476_with_ILSVRC2012_val_00000131_rank619,802,802,0.50062,0
ILSVRC2012_val_00000476_with_ILSVRC2012_val_00018769_rank181,951,951,0.80253,0
ILSVRC2012_val_00000476_with_ILSVRC2012_val_00049152_rank133,310,310,0.74391,0
ILSVRC2012_val_00000476_with_ILSVRC2012_val_00025539_rank201,161,161,0.65064,0
ILSVRC2012_val_00000476_with_ILSVRC2012_val_00004186_rank255,182,182,0.80696,0
ILSVRC2012_val_00000476_with_ILSVRC2012_val_00038493_rank100,74,73,0.70357,2
ILSVRC2012_val_00000476_with_ILSVRC2012_val_00022157_rank665,71,71,0.67838,0
ILSVRC2012_val_00000476_with_ILSVRC2012_val_00034994_rank745,660,482,0.1854,188
ILSVRC2012_val_00000476_with_ILSVRC2012_val_00006920_rank539,241,241,0.78009,0
ILSVRC2012_val_00000476_with_ILSVRC2012_val_00006210_rank570,933,933,0.88327,0
ILSVRC2012_val_00000476_with_ILSVRC2012_val_00024433_rank360,403,403,0.74532,0
ILSVRC2012_val_00000476_with_ILSVRC2012_val_00041318_rank834,897,897,0.79694,0
ILSVRC2012_val_00000476_with_ILSVRC2012_val_00032800_rank512,569,569,0.6227,0
ILSVRC2012_val_00000476_with_ILSVRC2012_val_00004268_rank658,501,133,0.17197,809
ILSVRC2012_val_00000476_with_ILSVRC2012_val_00024419_rank451,880,880,0.14383,0
ILSVRC2012_val_00000476_with_ILSVRC2012_val_00020963_rank441,158,158,0.59264,0
ILSVRC2012_val_00000476_with_ILSVRC2012_val_00037691_rank452,868,868,0.51203,0
ILSVRC2012_val_00000476_with_ILSVRC2012_val_00045550_rank045,321,321,0.84216,0
ILSVRC2012_val_00000476_with_ILSVRC2012_val_00037882_rank872,117,117,0.62772,0
