dataset_id,actual_class_index,prediction_class_index,prediction_probability,prediction_distance
ILSVRC2012_val_00020730_with_ILSVRC2012_val_00004965_rank941,118,119,0.58487,2
ILSVRC2012_val_00020730_with_ILSVRC2012_val_00036603_rank274,286,286,0.99952,0
ILSVRC2012_val_00020730_with_ILSVRC2012_val_00025188_rank257,307,307,0.94804,0
ILSVRC2012_val_00020730_with_ILSVRC2012_val_00036356_rank060,21,21,0.97508,0
ILSVRC2012_val_00020730_with_ILSVRC2012_val_00028583_rank142,287,287,0.9986,0
ILSVRC2012_val_00020730_with_ILSVRC2012_val_00040708_rank787,163,163,0.99933,0
ILSVRC2012_val_00020730_with_ILSVRC2012_val_00021841_rank357,922,918,0.96,3
ILSVRC2012_val_00020730_with_ILSVRC2012_val_00010990_rank009,137,140,0.28041,11
ILSVRC2012_val_00020730_with_ILSVRC2012_val_00034564_rank524,903,94,0.14982,615
ILSVRC2012_val_00020730_with_ILSVRC2012_val_00039940_rank741,600,315,0.09302,194
ILSVRC2012_val_00020730_with_ILSVRC2012_val_00022634_rank673,945,945,0.31563,0
ILSVRC2012_val_00020730_with_ILSVRC2012_val_00039991_rank995,420,420,0.99067,0
ILSVRC2012_val_00020730_with_ILSVRC2012_val_00031135_rank723,235,104,0.38176,32
ILSVRC2012_val_00020730_with_ILSVRC2012_val_00009896_rank527,597,596,0.11132,27
ILSVRC2012_val_00020730_with_ILSVRC2012_val_00025542_rank295,388,388,0.99811,0
ILSVRC2012_val_00020730_with_ILSVRC2012_val_00016409_rank334,233,233,0.86357,0
ILSVRC2012_val_00020730_with_ILSVRC2012_val_00049220_rank167,358,356,0.41808,1
ILSVRC2012_val_00020730_with_ILSVRC2012_val_00040465_rank495,443,326,0.38452,414
ILSVRC2012_val_00020730_with_ILSVRC2012_val_00035555_rank007,98,98,0.99972,0
ILSVRC2012_val_00020730_with_ILSVRC2012_val_00035166_rank233,378,378,0.94902,0
ILSVRC2012_val_00020730_with_ILSVRC2012_val_00014101_rank934,223,223,0.98471,0
ILSVRC2012_val_00020730_with_ILSVRC2012_val_00020124_rank166,41,42,0.34874,3
ILSVRC2012_val_00020730_with_ILSVRC2012_val_00046837_rank936,736,736,0.08491,0
ILSVRC2012_val_00020730_with_ILSVRC2012_val_00008746_rank010,15,95,0.99759,10
ILSVRC2012_val_00020730_with_ILSVRC2012_val_00017878_rank780,910,59,0.14984,719
ILSVRC2012_val_00020730_with_ILSVRC2012_val_00036352_rank665,482,848,0.47305,1
ILSVRC2012_val_00020730_with_ILSVRC2012_val_00037858_rank325,241,241,0.9412,0
ILSVRC2012_val_00020730_with_ILSVRC2012_val_00010150_rank114,319,319,0.99899,0
ILSVRC2012_val_00020730_with_ILSVRC2012_val_00042240_rank505,171,171,0.99874,0
ILSVRC2012_val_00020730_with_ILSVRC2012_val_00009235_rank926,790,790,0.84193,0
ILSVRC2012_val_00020730_with_ILSVRC2012_val_00013276_rank943,808,327,0.40079,286
ILSVRC2012_val_00020730_with_ILSVRC2012_val_00025154_rank161,990,990,0.9536,0
ILSVRC2012_val_00020730_with_ILSVRC2012_val_00005745_rank140,992,947,0.44398,1
ILSVRC2012_val_00020730_with_ILSVRC2012_val_00043594_rank604,670,670,0.43471,0
ILSVRC2012_val_00020730_with_ILSVRC2012_val_00017681_rank596,505,505,0.90642,0
ILSVRC2012_val_00020730_with_ILSVRC2012_val_00043070_rank583,604,604,0.99965,0
ILSVRC2012_val_00020730_with_ILSVRC2012_val_00036075_rank185,257,232,0.69686,17
ILSVRC2012_val_00020730_with_ILSVRC2012_val_00023197_rank220,853,42,0.33681,139
ILSVRC2012_val_00020730_with_ILSVRC2012_val_00046556_rank905,891,695,0.21579,202
ILSVRC2012_val_00020730_with_ILSVRC2012_val_00002839_rank170,961,961,0.43136,0
ILSVRC2012_val_00020730_with_ILSVRC2012_val_00024170_rank562,656,656,0.78353,0
ILSVRC2012_val_00020730_with_ILSVRC2012_val_00008429_rank881,577,947,0.41237,376
ILSVRC2012_val_00020730_with_ILSVRC2012_val_00014937_rank574,798,798,0.96432,0
ILSVRC2012_val_00020730_with_ILSVRC2012_val_00039553_rank359,282,282,0.47653,0
ILSVRC2012_val_00020730_with_ILSVRC2012_val_00048460_rank556,880,683,0.38629,211
ILSVRC2012_val_00020730_with_ILSVRC2012_val_00003812_rank233,378,378,0.99151,0
ILSVRC2012_val_00020730_with_ILSVRC2012_val_00005318_rank432,582,944,0.91341,33
ILSVRC2012_val_00020730_with_ILSVRC2012_val_00039010_rank607,164,164,0.88036,0
ILSVRC2012_val_00020730_with_ILSVRC2012_val_00004603_rank502,458,637,0.81895,7
ILSVRC2012_val_00020730_with_ILSVRC2012_val_00021510_rank860,549,677,0.61011,331
ILSVRC2012_val_00020730_with_ILSVRC2012_val_00020345_rank666,440,596,0.3133,233
ILSVRC2012_val_00020730_with_ILSVRC2012_val_00028756_rank212,576,449,0.07279,1
ILSVRC2012_val_00020730_with_ILSVRC2012_val_00008360_rank336,408,408,0.99034,0
ILSVRC2012_val_00020730_with_ILSVRC2012_val_00032592_rank396,252,262,0.17476,1
ILSVRC2012_val_00020730_with_ILSVRC2012_val_00024102_rank080,32,47,0.30716,6
ILSVRC2012_val_00020730_with_ILSVRC2012_val_00022525_rank221,33,33,0.54619,0
ILSVRC2012_val_00020730_with_ILSVRC2012_val_00010949_rank763,748,721,0.29504,5
ILSVRC2012_val_00020730_with_ILSVRC2012_val_00033003_rank962,161,162,0.37648,1
ILSVRC2012_val_00020730_with_ILSVRC2012_val_00028208_rank270,84,84,0.99773,0
ILSVRC2012_val_00020730_with_ILSVRC2012_val_00044421_rank871,813,462,0.19195,99
ILSVRC2012_val_00020730_with_ILSVRC2012_val_00010081_rank847,422,349,0.10113,882
ILSVRC2012_val_00020730_with_ILSVRC2012_val_00027418_rank853,544,544,0.89679,0
ILSVRC2012_val_00020730_with_ILSVRC2012_val_00032724_rank337,75,75,0.64423,0
ILSVRC2012_val_00020730_with_ILSVRC2012_val_00019058_rank003,140,20,0.6703,4
ILSVRC2012_val_00020730_with_ILSVRC2012_val_00035509_rank511,769,838,0.69219,193
ILSVRC2012_val_00020730_with_ILSVRC2012_val_00048525_rank167,358,358,0.55334,0
ILSVRC2012_val_00020730_with_ILSVRC2012_val_00021817_rank183,698,682,0.13097,12
ILSVRC2012_val_00020730_with_ILSVRC2012_val_00048981_rank988,740,784,0.10492,1
ILSVRC2012_val_00020730_with_ILSVRC2012_val_00018751_rank155,815,703,0.42846,137
ILSVRC2012_val_00020730_with_ILSVRC2012_val_00046476_rank869,709,448,0.37667,405
ILSVRC2012_val_00020730_with_ILSVRC2012_val_00023233_rank309,780,780,0.28685,0
ILSVRC2012_val_00020730_with_ILSVRC2012_val_00018836_rank068,391,391,0.0818,0
ILSVRC2012_val_00020730_with_ILSVRC2012_val_00000063_rank508,107,110,0.08972,15
ILSVRC2012_val_00020730_with_ILSVRC2012_val_00005045_rank032,30,30,0.99802,0
ILSVRC2012_val_00020730_with_ILSVRC2012_val_00037297_rank191,78,125,0.41258,24
ILSVRC2012_val_00020730_with_ILSVRC2012_val_00017286_rank568,469,469,0.56594,0
ILSVRC2012_val_00020730_with_ILSVRC2012_val_00012608_rank201,173,382,0.18414,624
ILSVRC2012_val_00020730_with_ILSVRC2012_val_00026050_rank024,22,22,0.99954,0
ILSVRC2012_val_00020730_with_ILSVRC2012_val_00002130_rank404,724,832,0.21183,20
ILSVRC2012_val_00020730_with_ILSVRC2012_val_00031396_rank012,136,136,0.99948,0
ILSVRC2012_val_00020730_with_ILSVRC2012_val_00023575_rank877,842,842,0.57811,0
ILSVRC2012_val_00020730_with_ILSVRC2012_val_00046882_rank533,47,47,0.98931,0
ILSVRC2012_val_00020730_with_ILSVRC2012_val_00017901_rank901,568,568,0.27526,0
ILSVRC2012_val_00020730_with_ILSVRC2012_val_00033561_rank180,278,277,0.82145,1
ILSVRC2012_val_00020730_with_ILSVRC2012_val_00041994_rank292,68,47,0.85479,19
ILSVRC2012_val_00020730_with_ILSVRC2012_val_00038186_rank570,291,218,0.43377,266
ILSVRC2012_val_00020730_with_ILSVRC2012_val_00033720_rank819,186,185,0.70332,1
ILSVRC2012_val_00020730_with_ILSVRC2012_val_00033282_rank898,398,398,0.99991,0
ILSVRC2012_val_00020730_with_ILSVRC2012_val_00032853_rank955,759,759,0.98739,0
ILSVRC2012_val_00020730_with_ILSVRC2012_val_00033437_rank110,26,114,0.44011,14
ILSVRC2012_val_00020730_with_ILSVRC2012_val_00023761_rank991,641,988,0.20815,80
ILSVRC2012_val_00020730_with_ILSVRC2012_val_00018101_rank913,552,325,0.45668,344
ILSVRC2012_val_00020730_with_ILSVRC2012_val_00013381_rank761,162,166,0.91276,2
ILSVRC2012_val_00020730_with_ILSVRC2012_val_00027656_rank882,88,88,0.99994,0
ILSVRC2012_val_00020730_with_ILSVRC2012_val_00026461_rank435,517,517,0.99951,0
ILSVRC2012_val_00020730_with_ILSVRC2012_val_00026948_rank159,42,42,0.99896,0
ILSVRC2012_val_00020730_with_ILSVRC2012_val_00021448_rank249,393,393,0.88978,0
ILSVRC2012_val_00020730_with_ILSVRC2012_val_00029946_rank543,238,239,0.88794,2
ILSVRC2012_val_00020730_with_ILSVRC2012_val_00041077_rank970,439,18,0.31823,549
ILSVRC2012_val_00020730_with_ILSVRC2012_val_00039738_rank825,804,631,0.40285,3
ILSVRC2012_val_00020730_with_ILSVRC2012_val_00027645_rank363,933,933,0.92628,0
ILSVRC2012_val_00020730_with_ILSVRC2012_val_00043613_rank891,585,504,0.42026,78
ILSVRC2012_val_00020730_with_ILSVRC2012_val_00010103_rank287,657,812,0.10028,4
ILSVRC2012_val_00020730_with_ILSVRC2012_val_00037535_rank062,370,370,0.96322,0
ILSVRC2012_val_00020730_with_ILSVRC2012_val_00000357_rank392,627,609,0.81215,27
ILSVRC2012_val_00020730_with_ILSVRC2012_val_00013160_rank617,261,261,0.75448,0
ILSVRC2012_val_00020730_with_ILSVRC2012_val_00036432_rank973,570,570,0.98268,0
ILSVRC2012_val_00020730_with_ILSVRC2012_val_00008242_rank644,711,631,0.47145,1
ILSVRC2012_val_00020730_with_ILSVRC2012_val_00008441_rank526,188,188,0.99439,0
ILSVRC2012_val_00020730_with_ILSVRC2012_val_00047461_rank747,555,609,0.45011,14
ILSVRC2012_val_00020730_with_ILSVRC2012_val_00033368_rank475,334,336,0.76403,17
ILSVRC2012_val_00020730_with_ILSVRC2012_val_00029493_rank551,826,826,0.99669,0
ILSVRC2012_val_00020730_with_ILSVRC2012_val_00028683_rank201,173,173,0.99914,0
ILSVRC2012_val_00020730_with_ILSVRC2012_val_00008243_rank447,669,672,0.90313,6
ILSVRC2012_val_00020730_with_ILSVRC2012_val_00025687_rank433,761,692,0.18011,87
ILSVRC2012_val_00020730_with_ILSVRC2012_val_00026621_rank690,792,677,0.18411,153
ILSVRC2012_val_00020730_with_ILSVRC2012_val_00028655_rank481,299,299,0.98657,0
ILSVRC2012_val_00020730_with_ILSVRC2012_val_00008908_rank772,696,696,0.99425,0
ILSVRC2012_val_00020730_with_ILSVRC2012_val_00025494_rank623,840,792,0.09385,4
ILSVRC2012_val_00020730_with_ILSVRC2012_val_00025757_rank551,826,826,0.35155,0
ILSVRC2012_val_00020730_with_ILSVRC2012_val_00001906_rank096,8,993,0.82597,41
ILSVRC2012_val_00020730_with_ILSVRC2012_val_00034923_rank364,309,331,0.72931,858
ILSVRC2012_val_00020730_with_ILSVRC2012_val_00035162_rank240,609,609,0.29117,0
ILSVRC2012_val_00020730_with_ILSVRC2012_val_00047467_rank856,796,947,0.53626,820
ILSVRC2012_val_00020730_with_ILSVRC2012_val_00006820_rank811,763,763,0.41509,0
ILSVRC2012_val_00020730_with_ILSVRC2012_val_00003049_rank483,817,751,0.94081,1
ILSVRC2012_val_00020730_with_ILSVRC2012_val_00030425_rank478,831,703,0.96256,23
ILSVRC2012_val_00020730_with_ILSVRC2012_val_00015592_rank405,198,198,0.9972,0
ILSVRC2012_val_00020730_with_ILSVRC2012_val_00005457_rank415,195,195,0.57145,0
ILSVRC2012_val_00020730_with_ILSVRC2012_val_00044984_rank715,920,920,0.99787,0
ILSVRC2012_val_00020730_with_ILSVRC2012_val_00008778_rank423,750,728,0.27436,94
ILSVRC2012_val_00020730_with_ILSVRC2012_val_00046584_rank755,382,382,0.71259,0
ILSVRC2012_val_00020730_with_ILSVRC2012_val_00000504_rank267,540,540,0.99866,0
ILSVRC2012_val_00020730_with_ILSVRC2012_val_00008521_rank055,128,128,0.99675,0
ILSVRC2012_val_00020730_with_ILSVRC2012_val_00033935_rank474,973,42,0.82261,191
ILSVRC2012_val_00020730_with_ILSVRC2012_val_00017929_rank676,983,723,0.09398,609
ILSVRC2012_val_00020730_with_ILSVRC2012_val_00034043_rank084,280,280,0.99677,0
ILSVRC2012_val_00020730_with_ILSVRC2012_val_00028278_rank816,503,503,0.99788,0
ILSVRC2012_val_00020730_with_ILSVRC2012_val_00002653_rank202,997,997,0.92361,0
ILSVRC2012_val_00020730_with_ILSVRC2012_val_00007194_rank891,585,626,0.44798,54
ILSVRC2012_val_00020730_with_ILSVRC2012_val_00018411_rank879,542,587,0.21931,14
ILSVRC2012_val_00020730_with_ILSVRC2012_val_00047118_rank481,299,299,0.98659,0
ILSVRC2012_val_00020730_with_ILSVRC2012_val_00025060_rank550,881,579,0.643,1
ILSVRC2012_val_00020730_with_ILSVRC2012_val_00046509_rank621,862,862,0.41612,0
ILSVRC2012_val_00020730_with_ILSVRC2012_val_00020871_rank953,772,59,0.6232,472
ILSVRC2012_val_00020730_with_ILSVRC2012_val_00046511_rank228,403,677,0.08091,793
ILSVRC2012_val_00020730_with_ILSVRC2012_val_00007614_rank225,948,948,0.99743,0
ILSVRC2012_val_00020730_with_ILSVRC2012_val_00046693_rank595,432,677,0.71405,150
ILSVRC2012_val_00020730_with_ILSVRC2012_val_00004911_rank857,588,588,0.88651,0
ILSVRC2012_val_00020730_with_ILSVRC2012_val_00004136_rank242,79,79,0.35312,0
ILSVRC2012_val_00020730_with_ILSVRC2012_val_00006111_rank726,703,839,0.08672,49
ILSVRC2012_val_00020730_with_ILSVRC2012_val_00037037_rank074,27,27,0.99164,0
ILSVRC2012_val_00020730_with_ILSVRC2012_val_00002609_rank490,247,247,0.9991,0
ILSVRC2012_val_00020730_with_ILSVRC2012_val_00028746_rank330,369,562,0.23455,548
ILSVRC2012_val_00020730_with_ILSVRC2012_val_00013604_rank608,237,237,0.969,0
ILSVRC2012_val_00020730_with_ILSVRC2012_val_00029806_rank083,36,36,0.96693,0
ILSVRC2012_val_00020730_with_ILSVRC2012_val_00022087_rank433,761,761,0.98423,0
ILSVRC2012_val_00020730_with_ILSVRC2012_val_00001179_rank009,137,85,0.6864,27
ILSVRC2012_val_00020730_with_ILSVRC2012_val_00029552_rank119,57,57,0.96868,0
ILSVRC2012_val_00020730_with_ILSVRC2012_val_00041198_rank809,613,613,0.73588,0
ILSVRC2012_val_00020730_with_ILSVRC2012_val_00044761_rank132,87,87,0.99685,0
ILSVRC2012_val_00020730_with_ILSVRC2012_val_00017339_rank047,337,947,0.36435,221
ILSVRC2012_val_00020730_with_ILSVRC2012_val_00015129_rank874,410,410,0.73731,0
ILSVRC2012_val_00020730_with_ILSVRC2012_val_00026088_rank950,684,684,0.9794,0
ILSVRC2012_val_00020730_with_ILSVRC2012_val_00046341_rank556,880,81,0.28355,634
ILSVRC2012_val_00020730_with_ILSVRC2012_val_00047278_rank474,973,947,0.85287,178
ILSVRC2012_val_00020730_with_ILSVRC2012_val_00013710_rank994,998,315,0.5992,33
ILSVRC2012_val_00020730_with_ILSVRC2012_val_00019097_rank406,67,47,0.21149,53
ILSVRC2012_val_00020730_with_ILSVRC2012_val_00005671_rank621,862,989,0.04938,279
ILSVRC2012_val_00020730_with_ILSVRC2012_val_00020380_rank401,227,227,0.98981,0
ILSVRC2012_val_00020730_with_ILSVRC2012_val_00028010_rank490,247,247,0.69314,0
ILSVRC2012_val_00020730_with_ILSVRC2012_val_00041032_rank715,920,920,0.80201,0
ILSVRC2012_val_00020730_with_ILSVRC2012_val_00032906_rank606,363,363,0.98693,0
ILSVRC2012_val_00020730_with_ILSVRC2012_val_00036280_rank847,422,42,0.15308,986
ILSVRC2012_val_00020730_with_ILSVRC2012_val_00011488_rank011,143,98,0.99835,4
ILSVRC2012_val_00020730_with_ILSVRC2012_val_00016400_rank900,611,723,0.67716,54
ILSVRC2012_val_00020730_with_ILSVRC2012_val_00029564_rank412,616,336,0.17443,789
ILSVRC2012_val_00020730_with_ILSVRC2012_val_00002338_rank333,2,4,0.46502,2
ILSVRC2012_val_00020730_with_ILSVRC2012_val_00036597_rank052,294,294,0.99968,0
ILSVRC2012_val_00020730_with_ILSVRC2012_val_00042868_rank318,288,288,0.84623,0
ILSVRC2012_val_00020730_with_ILSVRC2012_val_00031170_rank021,131,131,0.85302,0
ILSVRC2012_val_00020730_with_ILSVRC2012_val_00020803_rank321,389,114,0.24562,431
ILSVRC2012_val_00020730_with_ILSVRC2012_val_00025674_rank391,675,778,0.11667,159
ILSVRC2012_val_00020730_with_ILSVRC2012_val_00002003_rank021,131,131,0.99911,0
ILSVRC2012_val_00020730_with_ILSVRC2012_val_00038326_rank698,230,384,0.13733,881
ILSVRC2012_val_00020730_with_ILSVRC2012_val_00028680_rank756,745,732,0.09086,3
ILSVRC2012_val_00020730_with_ILSVRC2012_val_00026564_rank937,636,414,0.69842,2
ILSVRC2012_val_00020730_with_ILSVRC2012_val_00026372_rank329,938,938,0.98446,0
ILSVRC2012_val_00020730_with_ILSVRC2012_val_00031050_rank315,315,315,0.98214,0
ILSVRC2012_val_00020730_with_ILSVRC2012_val_00039284_rank171,984,984,0.9917,0
ILSVRC2012_val_00020730_with_ILSVRC2012_val_00006161_rank179,377,377,0.98238,0
ILSVRC2012_val_00020730_with_ILSVRC2012_val_00029166_rank528,565,517,0.10715,21
ILSVRC2012_val_00020730_with_ILSVRC2012_val_00047237_rank515,756,804,0.1529,32
ILSVRC2012_val_00020730_with_ILSVRC2012_val_00029928_rank860,549,549,0.30161,0
ILSVRC2012_val_00020730_with_ILSVRC2012_val_00012231_rank080,32,42,0.69785,17
ILSVRC2012_val_00020730_with_ILSVRC2012_val_00045648_rank534,74,815,0.56141,3
ILSVRC2012_val_00020730_with_ILSVRC2012_val_00045499_rank356,441,441,0.99131,0
ILSVRC2012_val_00020730_with_ILSVRC2012_val_00013042_rank951,632,632,0.82592,0
ILSVRC2012_val_00020730_with_ILSVRC2012_val_00044544_rank015,58,61,0.29668,22
ILSVRC2012_val_00020730_with_ILSVRC2012_val_00004585_rank260,547,547,0.99274,0
ILSVRC2012_val_00020730_with_ILSVRC2012_val_00028241_rank332,323,323,0.99875,0
ILSVRC2012_val_00020730_with_ILSVRC2012_val_00003016_rank747,555,555,0.67391,0
ILSVRC2012_val_00020730_with_ILSVRC2012_val_00024691_rank938,207,207,0.26445,0
ILSVRC2012_val_00020730_with_ILSVRC2012_val_00047828_rank840,954,326,0.50578,151
ILSVRC2012_val_00020730_with_ILSVRC2012_val_00004904_rank305,110,110,0.98377,0
ILSVRC2012_val_00020730_with_ILSVRC2012_val_00004868_rank344,511,817,0.89915,1
ILSVRC2012_val_00020730_with_ILSVRC2012_val_00040777_rank061,53,53,0.99949,0
ILSVRC2012_val_00020730_with_ILSVRC2012_val_00018066_rank392,627,627,0.99382,0
ILSVRC2012_val_00020730_with_ILSVRC2012_val_00021570_rank532,809,965,0.75945,28
ILSVRC2012_val_00020730_with_ILSVRC2012_val_00048907_rank027,85,85,0.99726,0
ILSVRC2012_val_00020730_with_ILSVRC2012_val_00042298_rank313,671,323,0.30721,239
ILSVRC2012_val_00020730_with_ILSVRC2012_val_00020370_rank530,111,971,0.74435,116
ILSVRC2012_val_00020730_with_ILSVRC2012_val_00016642_rank405,198,198,0.92046,0
ILSVRC2012_val_00020730_with_ILSVRC2012_val_00049579_rank883,413,947,0.33629,915
ILSVRC2012_val_00020730_with_ILSVRC2012_val_00029406_rank436,215,215,0.9667,0
ILSVRC2012_val_00020730_with_ILSVRC2012_val_00004964_rank145,102,102,0.98579,0
ILSVRC2012_val_00020730_with_ILSVRC2012_val_00024723_rank071,206,20,0.27804,62
ILSVRC2012_val_00020730_with_ILSVRC2012_val_00006955_rank921,850,850,0.57509,0
ILSVRC2012_val_00020730_with_ILSVRC2012_val_00026409_rank710,665,311,0.75662,337
ILSVRC2012_val_00020730_with_ILSVRC2012_val_00047069_rank991,641,641,0.79717,0
ILSVRC2012_val_00020730_with_ILSVRC2012_val_00026628_rank399,873,494,0.92582,188
ILSVRC2012_val_00020730_with_ILSVRC2012_val_00019759_rank830,180,180,0.61525,0
ILSVRC2012_val_00020730_with_ILSVRC2012_val_00011590_rank420,292,373,0.47378,36
ILSVRC2012_val_00020730_with_ILSVRC2012_val_00021085_rank014,16,16,0.99007,0
ILSVRC2012_val_00020730_with_ILSVRC2012_val_00046555_rank066,289,288,0.31972,1
ILSVRC2012_val_00020730_with_ILSVRC2012_val_00002159_rank667,662,662,0.99755,0
ILSVRC2012_val_00020730_with_ILSVRC2012_val_00016117_rank767,381,381,0.68004,0
ILSVRC2012_val_00020730_with_ILSVRC2012_val_00026892_rank849,883,831,0.42215,314
ILSVRC2012_val_00020730_with_ILSVRC2012_val_00029030_rank293,72,74,0.7532,1
ILSVRC2012_val_00020730_with_ILSVRC2012_val_00034812_rank374,335,335,0.97977,0
ILSVRC2012_val_00020730_with_ILSVRC2012_val_00015536_rank627,720,720,0.98554,0
ILSVRC2012_val_00020730_with_ILSVRC2012_val_00000122_rank194,483,483,0.97619,0
ILSVRC2012_val_00020730_with_ILSVRC2012_val_00013405_rank069,986,852,0.19673,288
ILSVRC2012_val_00020730_with_ILSVRC2012_val_00002612_rank217,803,866,0.4394,2
ILSVRC2012_val_00020730_with_ILSVRC2012_val_00031736_rank550,881,881,0.99949,0
ILSVRC2012_val_00020730_with_ILSVRC2012_val_00027809_rank018,80,80,0.99881,0
ILSVRC2012_val_00020730_with_ILSVRC2012_val_00028164_rank773,478,519,0.50692,1
ILSVRC2012_val_00020730_with_ILSVRC2012_val_00003722_rank134,40,40,0.76881,0
ILSVRC2012_val_00020730_with_ILSVRC2012_val_00031787_rank601,262,262,0.98948,0
ILSVRC2012_val_00020730_with_ILSVRC2012_val_00048884_rank781,456,319,0.15557,451
ILSVRC2012_val_00020730_with_ILSVRC2012_val_00039321_rank928,726,726,0.94249,0
ILSVRC2012_val_00020730_with_ILSVRC2012_val_00044166_rank943,808,808,0.99687,0
ILSVRC2012_val_00020730_with_ILSVRC2012_val_00027792_rank779,434,419,0.49748,57
ILSVRC2012_val_00020730_with_ILSVRC2012_val_00010165_rank311,685,685,0.80487,0
ILSVRC2012_val_00020730_with_ILSVRC2012_val_00035661_rank939,786,413,0.44038,193
ILSVRC2012_val_00020730_with_ILSVRC2012_val_00027737_rank033,97,97,0.99614,0
ILSVRC2012_val_00020730_with_ILSVRC2012_val_00023743_rank622,418,494,0.34317,51
ILSVRC2012_val_00020730_with_ILSVRC2012_val_00035489_rank011,143,143,0.99968,0
ILSVRC2012_val_00020730_with_ILSVRC2012_val_00020924_rank884,765,310,0.16021,908
ILSVRC2012_val_00020730_with_ILSVRC2012_val_00033350_rank632,383,383,0.77,0
ILSVRC2012_val_00020730_with_ILSVRC2012_val_00017419_rank936,736,448,0.82427,613
ILSVRC2012_val_00020730_with_ILSVRC2012_val_00005428_rank431,919,919,0.99828,0
ILSVRC2012_val_00020730_with_ILSVRC2012_val_00013099_rank647,870,671,0.11329,14
ILSVRC2012_val_00020730_with_ILSVRC2012_val_00030232_rank263,964,964,0.35736,0
ILSVRC2012_val_00020730_with_ILSVRC2012_val_00020216_rank334,233,180,0.14965,67
ILSVRC2012_val_00020730_with_ILSVRC2012_val_00049842_rank876,583,448,0.56727,30
ILSVRC2012_val_00020730_with_ILSVRC2012_val_00044011_rank020,94,94,0.99891,0
ILSVRC2012_val_00020730_with_ILSVRC2012_val_00015064_rank078,366,366,0.92572,0
ILSVRC2012_val_00020730_with_ILSVRC2012_val_00034069_rank144,232,232,0.90146,0
ILSVRC2012_val_00020730_with_ILSVRC2012_val_00046778_rank182,52,52,0.57049,0
ILSVRC2012_val_00020730_with_ILSVRC2012_val_00023634_rank071,206,209,0.67868,3
ILSVRC2012_val_00020730_with_ILSVRC2012_val_00005236_rank501,977,139,0.20364,54
ILSVRC2012_val_00020730_with_ILSVRC2012_val_00028566_rank936,736,94,0.12184,502
ILSVRC2012_val_00020730_with_ILSVRC2012_val_00028656_rank270,84,84,0.91676,0
ILSVRC2012_val_00020730_with_ILSVRC2012_val_00043023_rank239,343,350,0.67996,29
ILSVRC2012_val_00020730_with_ILSVRC2012_val_00013247_rank581,907,966,0.54942,1
ILSVRC2012_val_00020730_with_ILSVRC2012_val_00017799_rank126,993,993,0.99998,0
ILSVRC2012_val_00020730_with_ILSVRC2012_val_00031666_rank072,127,127,0.98614,0
ILSVRC2012_val_00020730_with_ILSVRC2012_val_00038108_rank903,827,827,0.65706,0
ILSVRC2012_val_00020730_with_ILSVRC2012_val_00024699_rank852,496,496,0.33412,0
ILSVRC2012_val_00020730_with_ILSVRC2012_val_00030672_rank004,141,141,0.96931,0
ILSVRC2012_val_00020730_with_ILSVRC2012_val_00008506_rank304,963,997,0.93604,62
ILSVRC2012_val_00020730_with_ILSVRC2012_val_00033925_rank332,323,323,0.99957,0
ILSVRC2012_val_00020730_with_ILSVRC2012_val_00015736_rank769,732,872,0.32324,11
ILSVRC2012_val_00020730_with_ILSVRC2012_val_00030041_rank545,115,115,0.99484,0
ILSVRC2012_val_00020730_with_ILSVRC2012_val_00042351_rank562,656,436,0.86681,1
ILSVRC2012_val_00020730_with_ILSVRC2012_val_00009251_rank945,122,122,0.99473,0
ILSVRC2012_val_00020730_with_ILSVRC2012_val_00040920_rank733,754,848,0.64839,2
ILSVRC2012_val_00020730_with_ILSVRC2012_val_00019658_rank877,842,855,0.93688,924
ILSVRC2012_val_00020730_with_ILSVRC2012_val_00001319_rank774,773,505,0.96058,2
ILSVRC2012_val_00020730_with_ILSVRC2012_val_00041440_rank598,417,815,0.4698,489
ILSVRC2012_val_00020730_with_ILSVRC2012_val_00014957_rank629,265,265,0.08806,0
ILSVRC2012_val_00020730_with_ILSVRC2012_val_00007577_rank983,738,677,0.124,783
ILSVRC2012_val_00020730_with_ILSVRC2012_val_00037933_rank191,78,78,0.99919,0
ILSVRC2012_val_00020730_with_ILSVRC2012_val_00009587_rank974,546,947,0.4376,899
ILSVRC2012_val_00020730_with_ILSVRC2012_val_00035663_rank547,407,656,0.31854,11
ILSVRC2012_val_00020730_with_ILSVRC2012_val_00041419_rank847,422,113,0.17515,591
ILSVRC2012_val_00020730_with_ILSVRC2012_val_00044835_rank250,820,401,0.05463,334
ILSVRC2012_val_00020730_with_ILSVRC2012_val_00011215_rank622,418,626,0.24004,8
ILSVRC2012_val_00020730_with_ILSVRC2012_val_00038054_rank783,273,273,0.92755,0
ILSVRC2012_val_00020730_with_ILSVRC2012_val_00049838_rank873,464,464,0.77831,0
ILSVRC2012_val_00020730_with_ILSVRC2012_val_00039213_rank343,404,404,0.98873,0
ILSVRC2012_val_00020730_with_ILSVRC2012_val_00009715_rank005,139,139,0.99933,0
ILSVRC2012_val_00020730_with_ILSVRC2012_val_00021917_rank632,383,383,0.99285,0
ILSVRC2012_val_00020730_with_ILSVRC2012_val_00032738_rank316,228,947,0.24952,789
ILSVRC2012_val_00020730_with_ILSVRC2012_val_00044985_rank500,871,120,0.31928,103
ILSVRC2012_val_00020730_with_ILSVRC2012_val_00026470_rank931,560,560,0.98838,0
ILSVRC2012_val_00020730_with_ILSVRC2012_val_00007360_rank123,150,360,0.82037,1
ILSVRC2012_val_00020730_with_ILSVRC2012_val_00028533_rank146,317,317,0.98794,0
ILSVRC2012_val_00020730_with_ILSVRC2012_val_00009576_rank859,154,254,0.43794,10
ILSVRC2012_val_00020730_with_ILSVRC2012_val_00026851_rank275,946,946,0.98078,0
ILSVRC2012_val_00020730_with_ILSVRC2012_val_00049142_rank621,862,326,0.12534,527
ILSVRC2012_val_00020730_with_ILSVRC2012_val_00042516_rank755,382,382,0.50391,0
ILSVRC2012_val_00020730_with_ILSVRC2012_val_00048924_rank166,41,91,0.15581,61
ILSVRC2012_val_00020730_with_ILSVRC2012_val_00002658_rank005,139,139,0.99628,0
ILSVRC2012_val_00020730_with_ILSVRC2012_val_00033542_rank420,292,292,0.94524,0
ILSVRC2012_val_00020730_with_ILSVRC2012_val_00027502_rank953,772,772,0.49384,0
ILSVRC2012_val_00020730_with_ILSVRC2012_val_00001693_rank105,221,221,0.99904,0
ILSVRC2012_val_00020730_with_ILSVRC2012_val_00031413_rank904,681,491,0.5991,586
ILSVRC2012_val_00020730_with_ILSVRC2012_val_00028555_rank663,512,783,0.59688,11
ILSVRC2012_val_00020730_with_ILSVRC2012_val_00017788_rank589,743,743,0.98533,0
ILSVRC2012_val_00020730_with_ILSVRC2012_val_00015176_rank147,218,218,0.99062,0
ILSVRC2012_val_00020730_with_ILSVRC2012_val_00024544_rank851,637,637,0.9982,0
ILSVRC2012_val_00020730_with_ILSVRC2012_val_00004138_rank727,461,461,0.40381,0
ILSVRC2012_val_00020730_with_ILSVRC2012_val_00024919_rank495,443,443,0.99943,0
ILSVRC2012_val_00020730_with_ILSVRC2012_val_00036393_rank704,664,664,0.49694,0
ILSVRC2012_val_00020730_with_ILSVRC2012_val_00014912_rank770,158,158,0.69624,0
ILSVRC2012_val_00020730_with_ILSVRC2012_val_00030836_rank275,946,944,0.67024,1
ILSVRC2012_val_00020730_with_ILSVRC2012_val_00006195_rank096,8,8,0.42545,0
ILSVRC2012_val_00020730_with_ILSVRC2012_val_00034141_rank400,647,647,0.98081,0
ILSVRC2012_val_00020730_with_ILSVRC2012_val_00044875_rank607,164,164,0.99983,0
ILSVRC2012_val_00020730_with_ILSVRC2012_val_00038386_rank716,794,448,0.68992,864
ILSVRC2012_val_00020730_with_ILSVRC2012_val_00035290_rank087,991,991,0.99578,0
ILSVRC2012_val_00020730_with_ILSVRC2012_val_00008529_rank825,804,470,0.60566,31
ILSVRC2012_val_00020730_with_ILSVRC2012_val_00018497_rank695,824,326,0.40915,502
ILSVRC2012_val_00020730_with_ILSVRC2012_val_00019519_rank734,249,249,0.2465,0
ILSVRC2012_val_00020730_with_ILSVRC2012_val_00018835_rank409,167,176,0.97542,10
ILSVRC2012_val_00020730_with_ILSVRC2012_val_00007703_rank919,617,869,0.71651,2
ILSVRC2012_val_00020730_with_ILSVRC2012_val_00045416_rank087,991,991,0.92687,0
ILSVRC2012_val_00020730_with_ILSVRC2012_val_00025677_rank977,259,259,0.9906,0
ILSVRC2012_val_00020730_with_ILSVRC2012_val_00048168_rank918,929,929,0.99739,0
ILSVRC2012_val_00020730_with_ILSVRC2012_val_00017409_rank095,55,55,0.9985,0
ILSVRC2012_val_00020730_with_ILSVRC2012_val_00037854_rank811,763,763,0.93789,0
ILSVRC2012_val_00020730_with_ILSVRC2012_val_00036412_rank512,453,453,0.97373,0
ILSVRC2012_val_00020730_with_ILSVRC2012_val_00019803_rank711,892,635,0.3358,8
ILSVRC2012_val_00020730_with_ILSVRC2012_val_00032621_rank381,109,109,0.99341,0
ILSVRC2012_val_00020730_with_ILSVRC2012_val_00040400_rank920,219,219,0.95736,0
ILSVRC2012_val_00020730_with_ILSVRC2012_val_00033860_rank631,477,448,0.62662,868
ILSVRC2012_val_00020730_with_ILSVRC2012_val_00022317_rank919,617,456,0.1088,454
ILSVRC2012_val_00020730_with_ILSVRC2012_val_00027658_rank727,461,596,0.45466,38
ILSVRC2012_val_00020730_with_ILSVRC2012_val_00009280_rank393,385,101,0.24874,1
ILSVRC2012_val_00020730_with_ILSVRC2012_val_00046299_rank468,71,71,0.99918,0
ILSVRC2012_val_00020730_with_ILSVRC2012_val_00042607_rank940,811,676,0.30971,191
ILSVRC2012_val_00020730_with_ILSVRC2012_val_00027027_rank794,446,792,0.67235,617
ILSVRC2012_val_00020730_with_ILSVRC2012_val_00027569_rank713,605,605,0.98277,0
ILSVRC2012_val_00020730_with_ILSVRC2012_val_00039059_rank628,680,680,0.43933,0
ILSVRC2012_val_00020730_with_ILSVRC2012_val_00033367_rank680,423,423,0.40725,0
ILSVRC2012_val_00020730_with_ILSVRC2012_val_00018528_rank675,644,143,0.30268,859
ILSVRC2012_val_00020730_with_ILSVRC2012_val_00013283_rank090,148,143,0.95754,53
ILSVRC2012_val_00020730_with_ILSVRC2012_val_00002977_rank484,628,628,0.99724,0
ILSVRC2012_val_00020730_with_ILSVRC2012_val_00008676_rank420,292,292,0.9472,0
ILSVRC2012_val_00020730_with_ILSVRC2012_val_00042373_rank774,773,773,0.86758,0
ILSVRC2012_val_00020730_with_ILSVRC2012_val_00029591_rank505,171,171,0.93779,0
ILSVRC2012_val_00020730_with_ILSVRC2012_val_00042991_rank972,594,594,0.99875,0
ILSVRC2012_val_00020730_with_ILSVRC2012_val_00000138_rank268,328,985,0.24086,43
ILSVRC2012_val_00020730_with_ILSVRC2012_val_00004358_rank348,200,200,0.97908,0
ILSVRC2012_val_00020730_with_ILSVRC2012_val_00031507_rank192,48,42,0.29821,13
ILSVRC2012_val_00020730_with_ILSVRC2012_val_00035593_rank534,74,815,0.60459,3
ILSVRC2012_val_00020730_with_ILSVRC2012_val_00028367_rank385,578,42,0.23633,389
ILSVRC2012_val_00020730_with_ILSVRC2012_val_00006534_rank540,557,437,0.07616,3
ILSVRC2012_val_00020730_with_ILSVRC2012_val_00008671_rank851,637,437,0.38699,93
ILSVRC2012_val_00020730_with_ILSVRC2012_val_00034710_rank969,457,457,0.97799,0
ILSVRC2012_val_00020730_with_ILSVRC2012_val_00016721_rank566,359,358,0.66843,2
ILSVRC2012_val_00020730_with_ILSVRC2012_val_00016559_rank605,365,365,0.36446,0
ILSVRC2012_val_00020730_with_ILSVRC2012_val_00012107_rank204,950,950,0.98488,0
ILSVRC2012_val_00020730_with_ILSVRC2012_val_00007042_rank094,972,947,0.7046,349
ILSVRC2012_val_00020730_with_ILSVRC2012_val_00043442_rank401,227,227,0.7319,0
ILSVRC2012_val_00020730_with_ILSVRC2012_val_00020377_rank236,847,847,0.98507,0
ILSVRC2012_val_00020730_with_ILSVRC2012_val_00028524_rank025,17,17,0.99991,0
ILSVRC2012_val_00020730_with_ILSVRC2012_val_00042697_rank705,614,614,0.62763,0
ILSVRC2012_val_00020730_with_ILSVRC2012_val_00035597_rank277,267,267,0.5349,0
ILSVRC2012_val_00020730_with_ILSVRC2012_val_00007737_rank838,293,293,0.99974,0
ILSVRC2012_val_00020730_with_ILSVRC2012_val_00042588_rank023,360,360,0.97818,0
ILSVRC2012_val_00020730_with_ILSVRC2012_val_00025379_rank823,569,569,0.99538,0
ILSVRC2012_val_00020730_with_ILSVRC2012_val_00041803_rank120,322,322,0.97366,0
ILSVRC2012_val_00020730_with_ILSVRC2012_val_00026215_rank227,361,361,0.33468,0
ILSVRC2012_val_00020730_with_ILSVRC2012_val_00010452_rank069,986,986,0.97922,0
ILSVRC2012_val_00020730_with_ILSVRC2012_val_00049119_rank032,30,30,0.93349,0
ILSVRC2012_val_00020730_with_ILSVRC2012_val_00004243_rank029,11,11,0.99872,0
ILSVRC2012_val_00020730_with_ILSVRC2012_val_00040348_rank129,300,300,0.99871,0
ILSVRC2012_val_00020730_with_ILSVRC2012_val_00013524_rank396,252,336,0.3131,475
ILSVRC2012_val_00020730_with_ILSVRC2012_val_00040374_rank828,695,695,0.99819,0
ILSVRC2012_val_00020730_with_ILSVRC2012_val_00045137_rank757,899,438,0.61332,9
ILSVRC2012_val_00020730_with_ILSVRC2012_val_00049096_rank448,968,112,0.31786,181
ILSVRC2012_val_00020730_with_ILSVRC2012_val_00011825_rank683,435,282,0.3633,288
ILSVRC2012_val_00020730_with_ILSVRC2012_val_00014844_rank597,705,704,0.28128,266
ILSVRC2012_val_00020730_with_ILSVRC2012_val_00044565_rank038,133,133,0.99948,0
ILSVRC2012_val_00020730_with_ILSVRC2012_val_00037130_rank548,340,340,0.58103,0
ILSVRC2012_val_00020730_with_ILSVRC2012_val_00039162_rank998,447,695,0.1116,24
ILSVRC2012_val_00020730_with_ILSVRC2012_val_00009967_rank413,475,475,0.9022,0
ILSVRC2012_val_00020730_with_ILSVRC2012_val_00033821_rank337,75,77,0.79562,3
ILSVRC2012_val_00020730_with_ILSVRC2012_val_00025568_rank757,899,725,0.66847,1
ILSVRC2012_val_00020730_with_ILSVRC2012_val_00001913_rank807,715,81,0.32177,465
ILSVRC2012_val_00020730_with_ILSVRC2012_val_00035164_rank084,280,277,0.37785,1
ILSVRC2012_val_00020730_with_ILSVRC2012_val_00027143_rank801,846,947,0.4036,310
ILSVRC2012_val_00020730_with_ILSVRC2012_val_00013488_rank864,507,507,0.26964,0
ILSVRC2012_val_00020730_with_ILSVRC2012_val_00018381_rank103,277,278,0.816,1
ILSVRC2012_val_00020730_with_ILSVRC2012_val_00038199_rank227,361,361,0.99026,0
ILSVRC2012_val_00020730_with_ILSVRC2012_val_00035459_rank629,265,266,0.1625,1
ILSVRC2012_val_00020730_with_ILSVRC2012_val_00014782_rank184,380,380,0.25494,0
ILSVRC2012_val_00020730_with_ILSVRC2012_val_00024246_rank280,217,81,0.36857,123
ILSVRC2012_val_00020730_with_ILSVRC2012_val_00043183_rank127,693,677,0.1403,428
ILSVRC2012_val_00020730_with_ILSVRC2012_val_00032056_rank789,117,947,0.84423,69
ILSVRC2012_val_00020730_with_ILSVRC2012_val_00014224_rank520,653,463,0.41606,3
ILSVRC2012_val_00020730_with_ILSVRC2012_val_00000471_rank383,39,39,0.97127,0
ILSVRC2012_val_00020730_with_ILSVRC2012_val_00010650_rank577,734,734,0.31926,0
ILSVRC2012_val_00020730_with_ILSVRC2012_val_00028271_rank754,426,778,0.53455,8
ILSVRC2012_val_00020730_with_ILSVRC2012_val_00012175_rank576,556,835,0.36205,434
ILSVRC2012_val_00020730_with_ILSVRC2012_val_00019423_rank328,7,7,0.83563,0
ILSVRC2012_val_00020730_with_ILSVRC2012_val_00011097_rank319,981,119,0.7269,784
ILSVRC2012_val_00020730_with_ILSVRC2012_val_00013061_rank590,462,462,0.9909,0
ILSVRC2012_val_00020730_with_ILSVRC2012_val_00001759_rank504,816,677,0.75287,47
ILSVRC2012_val_00020730_with_ILSVRC2012_val_00049613_rank063,295,295,0.98212,0
ILSVRC2012_val_00020730_with_ILSVRC2012_val_00040218_rank327,330,331,0.69282,1
ILSVRC2012_val_00020730_with_ILSVRC2012_val_00043559_rank193,66,66,0.95661,0
ILSVRC2012_val_00020730_with_ILSVRC2012_val_00036175_rank751,559,559,0.8917,0
ILSVRC2012_val_00020730_with_ILSVRC2012_val_00000095_rank121,373,373,0.99934,0
ILSVRC2012_val_00020730_with_ILSVRC2012_val_00004732_rank873,464,677,0.39885,60
ILSVRC2012_val_00020730_with_ILSVRC2012_val_00027465_rank756,745,662,0.25561,6
ILSVRC2012_val_00020730_with_ILSVRC2012_val_00018640_rank369,332,947,0.68383,443
ILSVRC2012_val_00020730_with_ILSVRC2012_val_00045535_rank658,818,470,0.72098,63
ILSVRC2012_val_00020730_with_ILSVRC2012_val_00020932_rank785,642,677,0.09999,291
ILSVRC2012_val_00020730_with_ILSVRC2012_val_00006905_rank968,731,783,0.6936,99
ILSVRC2012_val_00020730_with_ILSVRC2012_val_00010200_rank212,576,472,0.70301,2
ILSVRC2012_val_00020730_with_ILSVRC2012_val_00018916_rank761,162,166,0.23771,2
ILSVRC2012_val_00020730_with_ILSVRC2012_val_00038614_rank016,142,142,0.99862,0
ILSVRC2012_val_00020730_with_ILSVRC2012_val_00025309_rank234,229,229,0.95224,0
ILSVRC2012_val_00020730_with_ILSVRC2012_val_00010394_rank121,373,373,0.99819,0
ILSVRC2012_val_00020730_with_ILSVRC2012_val_00037483_rank089,305,305,0.51837,0
ILSVRC2012_val_00020730_with_ILSVRC2012_val_00028391_rank057,135,135,0.99983,0
ILSVRC2012_val_00020730_with_ILSVRC2012_val_00027003_rank798,608,608,0.5121,0
ILSVRC2012_val_00020730_with_ILSVRC2012_val_00021057_rank596,505,505,0.97232,0
ILSVRC2012_val_00020730_with_ILSVRC2012_val_00003645_rank457,520,516,0.84371,1
ILSVRC2012_val_00020730_with_ILSVRC2012_val_00003717_rank302,501,728,0.17798,76
ILSVRC2012_val_00020730_with_ILSVRC2012_val_00006581_rank304,963,997,0.47054,62
ILSVRC2012_val_00020730_with_ILSVRC2012_val_00041216_rank584,63,63,0.96722,0
ILSVRC2012_val_00020730_with_ILSVRC2012_val_00017073_rank591,599,599,0.57019,0
ILSVRC2012_val_00020730_with_ILSVRC2012_val_00042333_rank302,501,19,0.06306,415
ILSVRC2012_val_00020730_with_ILSVRC2012_val_00005873_rank020,94,94,0.99222,0
ILSVRC2012_val_00020730_with_ILSVRC2012_val_00014596_rank477,879,326,0.30559,664
ILSVRC2012_val_00020730_with_ILSVRC2012_val_00016263_rank144,232,217,0.55226,2
ILSVRC2012_val_00020730_with_ILSVRC2012_val_00017872_rank231,755,755,0.99611,0
ILSVRC2012_val_00020730_with_ILSVRC2012_val_00027716_rank643,845,828,0.989,61
ILSVRC2012_val_00020730_with_ILSVRC2012_val_00030531_rank343,404,404,0.93213,0
ILSVRC2012_val_00020730_with_ILSVRC2012_val_00040306_rank685,427,596,0.24501,132
ILSVRC2012_val_00020730_with_ILSVRC2012_val_00049897_rank165,331,331,0.9996,0
ILSVRC2012_val_00020730_with_ILSVRC2012_val_00006894_rank362,913,913,0.95409,0
ILSVRC2012_val_00020730_with_ILSVRC2012_val_00034110_rank708,213,213,0.76218,0
ILSVRC2012_val_00020730_with_ILSVRC2012_val_00017272_rank639,904,904,0.83899,0
ILSVRC2012_val_00020730_with_ILSVRC2012_val_00045773_rank368,768,768,0.31703,0
ILSVRC2012_val_00020730_with_ILSVRC2012_val_00027587_rank979,889,989,0.2988,548
ILSVRC2012_val_00020730_with_ILSVRC2012_val_00002097_rank920,219,322,0.19806,193
ILSVRC2012_val_00020730_with_ILSVRC2012_val_00022136_rank924,414,695,0.50575,375
ILSVRC2012_val_00020730_with_ILSVRC2012_val_00012079_rank066,289,289,0.98228,0
ILSVRC2012_val_00020730_with_ILSVRC2012_val_00033284_rank814,518,119,0.21873,807
ILSVRC2012_val_00020730_with_ILSVRC2012_val_00030084_rank736,775,396,0.75826,222
ILSVRC2012_val_00020730_with_ILSVRC2012_val_00047165_rank593,459,306,0.7169,444
ILSVRC2012_val_00020730_with_ILSVRC2012_val_00008256_rank078,366,367,0.99207,1
ILSVRC2012_val_00020730_with_ILSVRC2012_val_00032979_rank136,394,394,0.94241,0
ILSVRC2012_val_00020730_with_ILSVRC2012_val_00046580_rank613,789,789,0.75303,0
ILSVRC2012_val_00020730_with_ILSVRC2012_val_00018334_rank015,58,313,0.26769,116
ILSVRC2012_val_00020730_with_ILSVRC2012_val_00041744_rank715,920,920,0.97769,0
ILSVRC2012_val_00020730_with_ILSVRC2012_val_00039505_rank526,188,188,0.99932,0
ILSVRC2012_val_00020730_with_ILSVRC2012_val_00025016_rank952,607,607,0.99971,0
ILSVRC2012_val_00020730_with_ILSVRC2012_val_00045199_rank590,462,462,0.26304,0
ILSVRC2012_val_00020730_with_ILSVRC2012_val_00001525_rank287,657,18,0.44981,172
ILSVRC2012_val_00020730_with_ILSVRC2012_val_00001011_rank944,409,409,0.66159,0
ILSVRC2012_val_00020730_with_ILSVRC2012_val_00035575_rank588,687,687,0.89868,0
ILSVRC2012_val_00020730_with_ILSVRC2012_val_00017297_rank829,524,63,0.41873,93
ILSVRC2012_val_00020730_with_ILSVRC2012_val_00028337_rank249,393,947,0.13993,41
ILSVRC2012_val_00020730_with_ILSVRC2012_val_00017937_rank555,214,214,0.95686,0
ILSVRC2012_val_00020730_with_ILSVRC2012_val_00038881_rank782,513,42,0.0605,770
ILSVRC2012_val_00020730_with_ILSVRC2012_val_00030274_rank558,690,690,0.68273,0
ILSVRC2012_val_00020730_with_ILSVRC2012_val_00023887_rank707,673,695,0.59202,602
ILSVRC2012_val_00020730_with_ILSVRC2012_val_00007606_rank838,293,293,0.99963,0
ILSVRC2012_val_00020730_with_ILSVRC2012_val_00040208_rank128,290,290,0.99277,0
ILSVRC2012_val_00020730_with_ILSVRC2012_val_00036410_rank573,887,898,0.09818,709
ILSVRC2012_val_00020730_with_ILSVRC2012_val_00023130_rank946,714,494,0.09238,125
ILSVRC2012_val_00020730_with_ILSVRC2012_val_00015414_rank198,395,40,0.28263,447
ILSVRC2012_val_00020730_with_ILSVRC2012_val_00049078_rank478,831,879,0.56739,733
ILSVRC2012_val_00020730_with_ILSVRC2012_val_00024571_rank041,145,145,0.99993,0
ILSVRC2012_val_00020730_with_ILSVRC2012_val_00005366_rank467,345,348,0.79826,6
ILSVRC2012_val_00020730_with_ILSVRC2012_val_00008443_rank593,459,132,0.19314,625
ILSVRC2012_val_00020730_with_ILSVRC2012_val_00028361_rank718,893,748,0.7201,1
ILSVRC2012_val_00020730_with_ILSVRC2012_val_00026952_rank455,852,24,0.0659,439
ILSVRC2012_val_00020730_with_ILSVRC2012_val_00012409_rank388,352,350,0.9929,6
ILSVRC2012_val_00020730_with_ILSVRC2012_val_00043007_rank830,180,180,0.61889,0
ILSVRC2012_val_00020730_with_ILSVRC2012_val_00002334_rank062,370,370,0.99045,0
ILSVRC2012_val_00020730_with_ILSVRC2012_val_00004619_rank604,670,670,0.36344,0
ILSVRC2012_val_00020730_with_ILSVRC2012_val_00023804_rank775,953,953,0.99679,0
ILSVRC2012_val_00020730_with_ILSVRC2012_val_00048552_rank001,20,20,0.99988,0
ILSVRC2012_val_00020730_with_ILSVRC2012_val_00024318_rank430,436,436,0.88772,0
ILSVRC2012_val_00020730_with_ILSVRC2012_val_00021548_rank627,720,720,0.75885,0
ILSVRC2012_val_00020730_with_ILSVRC2012_val_00010618_rank004,141,141,0.99888,0
ILSVRC2012_val_00020730_with_ILSVRC2012_val_00048110_rank480,752,20,0.10903,462
ILSVRC2012_val_00020730_with_ILSVRC2012_val_00007973_rank007,98,135,0.46805,56
ILSVRC2012_val_00020730_with_ILSVRC2012_val_00035780_rank968,731,113,0.27486,578
ILSVRC2012_val_00020730_with_ILSVRC2012_val_00006007_rank493,1,947,0.49124,104
ILSVRC2012_val_00020730_with_ILSVRC2012_val_00012604_rank563,250,248,0.61057,1
ILSVRC2012_val_00020730_with_ILSVRC2012_val_00030321_rank262,5,828,0.4585,367
ILSVRC2012_val_00020730_with_ILSVRC2012_val_00040838_rank219,437,437,0.09141,0
ILSVRC2012_val_00020730_with_ILSVRC2012_val_00015385_rank251,900,900,0.99923,0
ILSVRC2012_val_00020730_with_ILSVRC2012_val_00004424_rank957,401,401,0.99933,0
ILSVRC2012_val_00020730_with_ILSVRC2012_val_00027434_rank033,97,97,0.99921,0
ILSVRC2012_val_00020730_with_ILSVRC2012_val_00015190_rank340,45,45,0.27569,0
ILSVRC2012_val_00020730_with_ILSVRC2012_val_00002055_rank425,894,553,0.17374,9
ILSVRC2012_val_00020730_with_ILSVRC2012_val_00007413_rank872,841,82,0.15846,822
ILSVRC2012_val_00020730_with_ILSVRC2012_val_00032547_rank223,120,120,0.92589,0
ILSVRC2012_val_00020730_with_ILSVRC2012_val_00021410_rank925,784,81,0.075,400
ILSVRC2012_val_00020730_with_ILSVRC2012_val_00043807_rank988,740,740,0.65691,0
ILSVRC2012_val_00020730_with_ILSVRC2012_val_00047331_rank778,185,185,0.82817,0
ILSVRC2012_val_00020730_with_ILSVRC2012_val_00016424_rank876,583,583,0.9665,0
ILSVRC2012_val_00020730_with_ILSVRC2012_val_00010161_rank361,396,396,0.9996,0
ILSVRC2012_val_00020730_with_ILSVRC2012_val_00034170_rank567,430,947,0.67825,795
ILSVRC2012_val_00020730_with_ILSVRC2012_val_00000113_rank401,227,227,0.84815,0
ILSVRC2012_val_00020730_with_ILSVRC2012_val_00008698_rank602,159,211,0.87386,1
ILSVRC2012_val_00020730_with_ILSVRC2012_val_00009768_rank739,828,947,0.19129,309
ILSVRC2012_val_00020730_with_ILSVRC2012_val_00045458_rank700,708,708,0.38327,0
ILSVRC2012_val_00020730_with_ILSVRC2012_val_00003353_rank293,72,72,0.87765,0
ILSVRC2012_val_00020730_with_ILSVRC2012_val_00003763_rank949,774,774,0.97437,0
ILSVRC2012_val_00020730_with_ILSVRC2012_val_00007107_rank295,388,388,0.99285,0
ILSVRC2012_val_00020730_with_ILSVRC2012_val_00021399_rank643,845,845,0.99581,0
ILSVRC2012_val_00020730_with_ILSVRC2012_val_00011241_rank465,936,936,0.33064,0
ILSVRC2012_val_00020730_with_ILSVRC2012_val_00010631_rank460,729,729,0.99095,0
ILSVRC2012_val_00020730_with_ILSVRC2012_val_00028100_rank826,857,43,0.13638,111
ILSVRC2012_val_00020730_with_ILSVRC2012_val_00013444_rank572,723,723,0.97462,0
ILSVRC2012_val_00020730_with_ILSVRC2012_val_00041094_rank904,681,146,0.66226,738
ILSVRC2012_val_00020730_with_ILSVRC2012_val_00002302_rank543,238,238,0.94788,0
ILSVRC2012_val_00020730_with_ILSVRC2012_val_00019092_rank089,305,119,0.57853,38
ILSVRC2012_val_00020730_with_ILSVRC2012_val_00023198_rank277,267,267,0.26943,0
ILSVRC2012_val_00020730_with_ILSVRC2012_val_00045148_rank430,436,436,0.81787,0
ILSVRC2012_val_00020730_with_ILSVRC2012_val_00047851_rank673,945,945,0.99356,0
ILSVRC2012_val_00020730_with_ILSVRC2012_val_00030456_rank417,855,855,0.99962,0
ILSVRC2012_val_00020730_with_ILSVRC2012_val_00039338_rank666,440,440,0.98806,0
ILSVRC2012_val_00020730_with_ILSVRC2012_val_00008948_rank946,714,646,0.17555,563
ILSVRC2012_val_00020730_with_ILSVRC2012_val_00046759_rank630,225,246,0.48119,22
ILSVRC2012_val_00020730_with_ILSVRC2012_val_00045289_rank748,338,338,0.76425,0
ILSVRC2012_val_00020730_with_ILSVRC2012_val_00038499_rank419,758,966,0.57377,422
ILSVRC2012_val_00020730_with_ILSVRC2012_val_00012876_rank777,591,695,0.85627,493
ILSVRC2012_val_00020730_with_ILSVRC2012_val_00014079_rank664,807,324,0.26878,276
ILSVRC2012_val_00020730_with_ILSVRC2012_val_00026374_rank470,341,341,0.26852,0
ILSVRC2012_val_00020730_with_ILSVRC2012_val_00034647_rank159,42,42,0.41846,0
ILSVRC2012_val_00020730_with_ILSVRC2012_val_00043329_rank622,418,563,0.44002,1
ILSVRC2012_val_00020730_with_ILSVRC2012_val_00031994_rank698,230,230,0.66503,0
ILSVRC2012_val_00020730_with_ILSVRC2012_val_00040752_rank755,382,382,0.92581,0
ILSVRC2012_val_00020730_with_ILSVRC2012_val_00048422_rank268,328,328,0.75831,0
ILSVRC2012_val_00020730_with_ILSVRC2012_val_00021225_rank161,990,990,0.94453,0
ILSVRC2012_val_00020730_with_ILSVRC2012_val_00018811_rank908,165,165,0.96648,0
ILSVRC2012_val_00020730_with_ILSVRC2012_val_00030109_rank360,572,572,0.56323,0
ILSVRC2012_val_00020730_with_ILSVRC2012_val_00031679_rank778,185,185,0.99656,0
ILSVRC2012_val_00020730_with_ILSVRC2012_val_00047234_rank822,589,596,0.50388,70
ILSVRC2012_val_00020730_with_ILSVRC2012_val_00002449_rank035,14,14,0.99429,0
ILSVRC2012_val_00020730_with_ILSVRC2012_val_00006920_rank325,241,241,0.99068,0
ILSVRC2012_val_00020730_with_ILSVRC2012_val_00038185_rank678,836,836,0.17018,0
ILSVRC2012_val_00020730_with_ILSVRC2012_val_00002421_rank979,889,889,0.96519,0
ILSVRC2012_val_00020730_with_ILSVRC2012_val_00017600_rank057,135,135,0.71007,0
ILSVRC2012_val_00020730_with_ILSVRC2012_val_00007641_rank768,741,741,0.99915,0
ILSVRC2012_val_00020730_with_ILSVRC2012_val_00001999_rank718,893,419,0.7368,33
ILSVRC2012_val_00020730_with_ILSVRC2012_val_00044880_rank125,988,988,0.94767,0
ILSVRC2012_val_00020730_with_ILSVRC2012_val_00011032_rank233,378,378,0.79241,0
ILSVRC2012_val_00020730_with_ILSVRC2012_val_00005279_rank354,175,175,0.9015,0
ILSVRC2012_val_00020730_with_ILSVRC2012_val_00041052_rank469,529,560,0.17742,282
ILSVRC2012_val_00020730_with_ILSVRC2012_val_00019156_rank884,765,765,0.19093,0
ILSVRC2012_val_00020730_with_ILSVRC2012_val_00006654_rank458,602,494,0.27023,97
ILSVRC2012_val_00020730_with_ILSVRC2012_val_00027823_rank232,924,993,0.97087,103
ILSVRC2012_val_00020730_with_ILSVRC2012_val_00042095_rank645,260,260,0.99905,0
ILSVRC2012_val_00020730_with_ILSVRC2012_val_00010956_rank347,211,211,0.40568,0
ILSVRC2012_val_00020730_with_ILSVRC2012_val_00035871_rank136,394,85,0.58541,643
ILSVRC2012_val_00020730_with_ILSVRC2012_val_00033715_rank380,101,101,0.56301,0
ILSVRC2012_val_00020730_with_ILSVRC2012_val_00008306_rank802,885,94,0.07982,517
ILSVRC2012_val_00020730_with_ILSVRC2012_val_00015941_rank863,595,595,0.92735,0
ILSVRC2012_val_00020730_with_ILSVRC2012_val_00008520_rank023,360,360,0.20414,0
ILSVRC2012_val_00020730_with_ILSVRC2012_val_00040861_rank785,642,448,0.31778,238
ILSVRC2012_val_00020730_with_ILSVRC2012_val_00029637_rank720,563,563,0.11194,0
ILSVRC2012_val_00020730_with_ILSVRC2012_val_00010701_rank064,350,350,0.96773,0
ILSVRC2012_val_00020730_with_ILSVRC2012_val_00022470_rank192,48,48,0.9997,0
ILSVRC2012_val_00020730_with_ILSVRC2012_val_00018185_rank950,684,448,0.10179,28
ILSVRC2012_val_00020730_with_ILSVRC2012_val_00027594_rank780,910,792,0.36156,33
ILSVRC2012_val_00020730_with_ILSVRC2012_val_00002990_rank700,708,483,0.3955,57
ILSVRC2012_val_00020730_with_ILSVRC2012_val_00030671_rank819,186,186,0.61266,0
ILSVRC2012_val_00020730_with_ILSVRC2012_val_00011761_rank958,906,63,0.47288,205
ILSVRC2012_val_00020730_with_ILSVRC2012_val_00043093_rank917,652,47,0.13551,834
ILSVRC2012_val_00020730_with_ILSVRC2012_val_00037060_rank604,670,758,0.19922,101
ILSVRC2012_val_00020730_with_ILSVRC2012_val_00001213_rank051,24,24,0.99999,0
ILSVRC2012_val_00020730_with_ILSVRC2012_val_00001081_rank809,613,613,0.39028,0
ILSVRC2012_val_00020730_with_ILSVRC2012_val_00037875_rank560,835,919,0.28361,18
ILSVRC2012_val_00020730_with_ILSVRC2012_val_00016949_rank341,497,483,0.86807,1
ILSVRC2012_val_00020730_with_ILSVRC2012_val_00049008_rank844,587,596,0.99035,1
ILSVRC2012_val_00020730_with_ILSVRC2012_val_00043880_rank436,215,215,0.93115,0
ILSVRC2012_val_00020730_with_ILSVRC2012_val_00032944_rank483,817,817,0.98643,0
ILSVRC2012_val_00020730_with_ILSVRC2012_val_00011620_rank820,776,677,0.13881,315
ILSVRC2012_val_00020730_with_ILSVRC2012_val_00017907_rank421,586,66,0.08379,182
ILSVRC2012_val_00020730_with_ILSVRC2012_val_00012530_rank090,148,146,0.06695,13
ILSVRC2012_val_00020730_with_ILSVRC2012_val_00048085_rank829,524,653,0.08877,17
ILSVRC2012_val_00020730_with_ILSVRC2012_val_00032694_rank989,633,993,0.35304,660
ILSVRC2012_val_00020730_with_ILSVRC2012_val_00013849_rank308,939,943,0.58697,1
ILSVRC2012_val_00020730_with_ILSVRC2012_val_00037557_rank475,334,334,0.95996,0
ILSVRC2012_val_00020730_with_ILSVRC2012_val_00033804_rank649,867,919,0.40203,60
ILSVRC2012_val_00020730_with_ILSVRC2012_val_00045468_rank839,655,947,0.09293,510
ILSVRC2012_val_00020730_with_ILSVRC2012_val_00023162_rank028,12,12,0.99647,0
ILSVRC2012_val_00020730_with_ILSVRC2012_val_00045249_rank977,259,259,0.99699,0
ILSVRC2012_val_00020730_with_ILSVRC2012_val_00036453_rank479,236,236,0.72832,0
ILSVRC2012_val_00020730_with_ILSVRC2012_val_00041716_rank967,987,998,0.92995,1
ILSVRC2012_val_00020730_with_ILSVRC2012_val_00024677_rank698,230,231,0.58783,1
ILSVRC2012_val_00020730_with_ILSVRC2012_val_00046510_rank511,769,769,0.89197,0
ILSVRC2012_val_00020730_with_ILSVRC2012_val_00008901_rank216,149,149,0.98845,0
ILSVRC2012_val_00020730_with_ILSVRC2012_val_00010943_rank645,260,260,0.99503,0
ILSVRC2012_val_00020730_with_ILSVRC2012_val_00030893_rank494,153,994,0.31039,842
ILSVRC2012_val_00020730_with_ILSVRC2012_val_00008260_rank585,810,878,0.52817,1
ILSVRC2012_val_00020730_with_ILSVRC2012_val_00031886_rank975,514,514,0.16357,0
ILSVRC2012_val_00020730_with_ILSVRC2012_val_00012354_rank193,66,66,0.9419,0
ILSVRC2012_val_00020730_with_ILSVRC2012_val_00006819_rank088,321,321,0.9998,0
ILSVRC2012_val_00020730_with_ILSVRC2012_val_00020499_rank112,349,349,0.74407,0
ILSVRC2012_val_00020730_with_ILSVRC2012_val_00026336_rank701,812,812,0.99879,0
ILSVRC2012_val_00020730_with_ILSVRC2012_val_00003978_rank274,286,286,0.32373,0
ILSVRC2012_val_00020730_with_ILSVRC2012_val_00032018_rank207,179,179,0.84993,0
ILSVRC2012_val_00020730_with_ILSVRC2012_val_00042975_rank707,673,664,0.25069,11
ILSVRC2012_val_00020730_with_ILSVRC2012_val_00021236_rank065,50,50,0.1985,0
ILSVRC2012_val_00020730_with_ILSVRC2012_val_00030141_rank668,157,157,0.99251,0
ILSVRC2012_val_00020730_with_ILSVRC2012_val_00035991_rank899,719,719,0.99928,0
ILSVRC2012_val_00020730_with_ILSVRC2012_val_00024953_rank580,931,931,0.99285,0
ILSVRC2012_val_00020730_with_ILSVRC2012_val_00035946_rank456,554,628,0.18161,1
ILSVRC2012_val_00020730_with_ILSVRC2012_val_00047289_rank977,259,207,0.62757,12
ILSVRC2012_val_00020730_with_ILSVRC2012_val_00018549_rank869,709,448,0.12988,405
ILSVRC2012_val_00020730_with_ILSVRC2012_val_00009771_rank888,621,621,0.99997,0
ILSVRC2012_val_00020730_with_ILSVRC2012_val_00008349_rank471,212,219,0.5212,4
ILSVRC2012_val_00020730_with_ILSVRC2012_val_00019723_rank624,868,891,0.22536,52
ILSVRC2012_val_00020730_with_ILSVRC2012_val_00011177_rank153,134,134,0.91864,0
ILSVRC2012_val_00020730_with_ILSVRC2012_val_00049993_rank537,531,531,0.34122,0
ILSVRC2012_val_00020730_with_ILSVRC2012_val_00003527_rank413,475,475,0.99756,0
ILSVRC2012_val_00020730_with_ILSVRC2012_val_00045433_rank374,335,335,0.9932,0
ILSVRC2012_val_00020730_with_ILSVRC2012_val_00032957_rank372,178,178,0.99832,0
ILSVRC2012_val_00020730_with_ILSVRC2012_val_00030241_rank425,894,553,0.12459,9
ILSVRC2012_val_00020730_with_ILSVRC2012_val_00048347_rank020,94,94,0.99962,0
ILSVRC2012_val_00020730_with_ILSVRC2012_val_00036140_rank105,221,206,0.67222,1
ILSVRC2012_val_00020730_with_ILSVRC2012_val_00044706_rank029,11,11,0.9992,0
ILSVRC2012_val_00020730_with_ILSVRC2012_val_00016827_rank847,422,677,0.46947,74
ILSVRC2012_val_00020730_with_ILSVRC2012_val_00012700_rank469,529,728,0.15741,35
ILSVRC2012_val_00020730_with_ILSVRC2012_val_00006017_rank888,621,758,0.64585,35
ILSVRC2012_val_00020730_with_ILSVRC2012_val_00026291_rank850,822,326,0.2544,724
ILSVRC2012_val_00020730_with_ILSVRC2012_val_00043865_rank441,901,901,0.76718,0
ILSVRC2012_val_00020730_with_ILSVRC2012_val_00040648_rank324,829,759,0.14266,272
ILSVRC2012_val_00020730_with_ILSVRC2012_val_00013879_rank829,524,787,0.39185,3
ILSVRC2012_val_00020730_with_ILSVRC2012_val_00013146_rank314,985,985,0.99882,0
ILSVRC2012_val_00020730_with_ILSVRC2012_val_00022362_rank592,725,849,0.78243,3
ILSVRC2012_val_00020730_with_ILSVRC2012_val_00044708_rank545,115,115,0.96947,0
ILSVRC2012_val_00020730_with_ILSVRC2012_val_00040180_rank599,864,864,0.45154,0
ILSVRC2012_val_00020730_with_ILSVRC2012_val_00028419_rank691,519,599,0.10145,156
ILSVRC2012_val_00020730_with_ILSVRC2012_val_00001498_rank138,296,296,0.98791,0
ILSVRC2012_val_00020730_with_ILSVRC2012_val_00007191_rank641,834,23,0.10605,413
ILSVRC2012_val_00020730_with_ILSVRC2012_val_00024866_rank810,643,17,0.47733,724
ILSVRC2012_val_00020730_with_ILSVRC2012_val_00024348_rank427,564,81,0.10866,378
ILSVRC2012_val_00020730_with_ILSVRC2012_val_00001040_rank462,283,291,0.13977,23
ILSVRC2012_val_00020730_with_ILSVRC2012_val_00009684_rank591,599,599,0.76666,0
ILSVRC2012_val_00020730_with_ILSVRC2012_val_00021928_rank327,330,330,0.99158,0
ILSVRC2012_val_00020730_with_ILSVRC2012_val_00038170_rank364,309,308,0.98943,1
ILSVRC2012_val_00020730_with_ILSVRC2012_val_00016468_rank212,576,20,0.04153,182
ILSVRC2012_val_00020730_with_ILSVRC2012_val_00007669_rank973,570,570,0.96471,0
ILSVRC2012_val_00020730_with_ILSVRC2012_val_00024270_rank009,137,137,0.98817,0
ILSVRC2012_val_00020730_with_ILSVRC2012_val_00000285_rank958,906,835,0.09694,971
ILSVRC2012_val_00020730_with_ILSVRC2012_val_00038558_rank228,403,12,0.18095,175
ILSVRC2012_val_00020730_with_ILSVRC2012_val_00000529_rank676,983,27,0.29577,386
ILSVRC2012_val_00020730_with_ILSVRC2012_val_00002184_rank303,958,958,0.43698,0
ILSVRC2012_val_00020730_with_ILSVRC2012_val_00032543_rank177,448,448,0.99954,0
ILSVRC2012_val_00020730_with_ILSVRC2012_val_00013542_rank814,518,672,0.29727,92
ILSVRC2012_val_00020730_with_ILSVRC2012_val_00009514_rank231,755,835,0.38092,12
ILSVRC2012_val_00020730_with_ILSVRC2012_val_00031494_rank284,971,971,0.99975,0
ILSVRC2012_val_00020730_with_ILSVRC2012_val_00034663_rank808,539,919,0.4479,26
ILSVRC2012_val_00020730_with_ILSVRC2012_val_00026432_rank877,842,326,0.59735,677
ILSVRC2012_val_00020730_with_ILSVRC2012_val_00032342_rank931,560,560,0.99606,0
ILSVRC2012_val_00020730_with_ILSVRC2012_val_00005576_rank001,20,20,0.99992,0
ILSVRC2012_val_00020730_with_ILSVRC2012_val_00031167_rank114,319,311,0.24486,6
ILSVRC2012_val_00020730_with_ILSVRC2012_val_00034537_rank115,449,483,0.33348,12
ILSVRC2012_val_00020730_with_ILSVRC2012_val_00004374_rank509,182,182,0.78868,0
ILSVRC2012_val_00020730_with_ILSVRC2012_val_00030010_rank018,80,93,0.51281,27
ILSVRC2012_val_00020730_with_ILSVRC2012_val_00016899_rank722,579,579,0.99978,0
ILSVRC2012_val_00020730_with_ILSVRC2012_val_00041166_rank837,486,486,0.51107,0
ILSVRC2012_val_00020730_with_ILSVRC2012_val_00047566_rank449,244,244,0.60622,0
ILSVRC2012_val_00020730_with_ILSVRC2012_val_00018233_rank838,293,293,0.99693,0
ILSVRC2012_val_00020730_with_ILSVRC2012_val_00002802_rank132,87,87,0.99982,0
ILSVRC2012_val_00020730_with_ILSVRC2012_val_00030522_rank441,901,504,0.89279,6
ILSVRC2012_val_00020730_with_ILSVRC2012_val_00023417_rank686,510,510,0.99607,0
ILSVRC2012_val_00020730_with_ILSVRC2012_val_00028852_rank082,114,114,0.98048,0
ILSVRC2012_val_00020730_with_ILSVRC2012_val_00000416_rank491,856,47,0.11577,312
ILSVRC2012_val_00020730_with_ILSVRC2012_val_00039324_rank737,712,560,0.12815,161
ILSVRC2012_val_00020730_with_ILSVRC2012_val_00037780_rank265,3,1,0.55467,37
ILSVRC2012_val_00020730_with_ILSVRC2012_val_00047811_rank675,644,146,0.1704,628
ILSVRC2012_val_00020730_with_ILSVRC2012_val_00036903_rank805,444,444,0.25805,0
ILSVRC2012_val_00020730_with_ILSVRC2012_val_00035272_rank673,945,945,0.9737,0
ILSVRC2012_val_00020730_with_ILSVRC2012_val_00045365_rank700,708,47,0.1175,402
ILSVRC2012_val_00020730_with_ILSVRC2012_val_00038223_rank323,384,367,0.45176,129
ILSVRC2012_val_00020730_with_ILSVRC2012_val_00017131_rank672,800,800,0.99517,0
ILSVRC2012_val_00020730_with_ILSVRC2012_val_00016536_rank997,515,132,0.07355,350
ILSVRC2012_val_00020730_with_ILSVRC2012_val_00029379_rank978,541,836,0.07736,173
ILSVRC2012_val_00020730_with_ILSVRC2012_val_00005871_rank730,843,523,0.46135,18
ILSVRC2012_val_00020730_with_ILSVRC2012_val_00018478_rank284,971,971,0.98951,0
ILSVRC2012_val_00020730_with_ILSVRC2012_val_00005984_rank630,225,225,0.95252,0
ILSVRC2012_val_00020730_with_ILSVRC2012_val_00035749_rank409,167,166,0.82277,1
ILSVRC2012_val_00020730_with_ILSVRC2012_val_00025638_rank239,343,343,0.9961,0
ILSVRC2012_val_00020730_with_ILSVRC2012_val_00015522_rank232,924,924,0.94411,0
ILSVRC2012_val_00020730_with_ILSVRC2012_val_00029815_rank919,617,982,0.05134,19
ILSVRC2012_val_00020730_with_ILSVRC2012_val_00011547_rank655,697,879,0.54281,815
ILSVRC2012_val_00020730_with_ILSVRC2012_val_00030636_rank574,798,716,0.41746,564
ILSVRC2012_val_00020730_with_ILSVRC2012_val_00034933_rank920,219,219,0.5247,0
ILSVRC2012_val_00020730_with_ILSVRC2012_val_00014403_rank645,260,273,0.39269,36
ILSVRC2012_val_00020730_with_ILSVRC2012_val_00013583_rank144,232,232,0.82524,0
ILSVRC2012_val_00020730_with_ILSVRC2012_val_00021351_rank042,99,94,0.10025,237
ILSVRC2012_val_00020730_with_ILSVRC2012_val_00015424_rank942,830,677,0.30209,436
ILSVRC2012_val_00020730_with_ILSVRC2012_val_00041101_rank950,684,684,0.76056,0
ILSVRC2012_val_00020730_with_ILSVRC2012_val_00043818_rank923,702,13,0.18561,576
ILSVRC2012_val_00020730_with_ILSVRC2012_val_00013255_rank120,322,324,0.77715,3
ILSVRC2012_val_00020730_with_ILSVRC2012_val_00008573_rank514,896,896,0.97424,0
ILSVRC2012_val_00020730_with_ILSVRC2012_val_00004753_rank653,368,336,0.75939,49
ILSVRC2012_val_00020730_with_ILSVRC2012_val_00028281_rank224,672,672,0.92433,0
ILSVRC2012_val_00020730_with_ILSVRC2012_val_00025130_rank007,98,98,0.99979,0
ILSVRC2012_val_00020730_with_ILSVRC2012_val_00031074_rank514,896,473,0.11631,137
ILSVRC2012_val_00020730_with_ILSVRC2012_val_00048333_rank859,154,154,0.99795,0
ILSVRC2012_val_00020730_with_ILSVRC2012_val_00028317_rank858,76,989,0.08577,437
ILSVRC2012_val_00020730_with_ILSVRC2012_val_00007427_rank722,579,448,0.30166,798
ILSVRC2012_val_00020730_with_ILSVRC2012_val_00048861_rank090,148,148,0.98824,0
ILSVRC2012_val_00020730_with_ILSVRC2012_val_00039032_rank496,311,315,0.74895,3
ILSVRC2012_val_00020730_with_ILSVRC2012_val_00026841_rank942,830,324,0.31112,864
ILSVRC2012_val_00020730_with_ILSVRC2012_val_00008863_rank652,851,491,0.85772,779
ILSVRC2012_val_00020730_with_ILSVRC2012_val_00023877_rank472,172,173,0.51018,3
ILSVRC2012_val_00020730_with_ILSVRC2012_val_00047625_rank658,818,722,0.48494,124
ILSVRC2012_val_00020730_with_ILSVRC2012_val_00004704_rank527,597,17,0.30648,551
ILSVRC2012_val_00020730_with_ILSVRC2012_val_00037916_rank416,242,242,0.99653,0
ILSVRC2012_val_00020730_with_ILSVRC2012_val_00019792_rank283,962,923,0.38257,3
ILSVRC2012_val_00020730_with_ILSVRC2012_val_00026222_rank281,489,448,0.40747,40
ILSVRC2012_val_00020730_with_ILSVRC2012_val_00010560_rank655,697,38,0.10738,552
ILSVRC2012_val_00020730_with_ILSVRC2012_val_00000164_rank784,504,504,0.94736,0
ILSVRC2012_val_00020730_with_ILSVRC2012_val_00025539_rank962,161,161,0.99329,0
ILSVRC2012_val_00020730_with_ILSVRC2012_val_00048067_rank902,635,635,0.77713,0
ILSVRC2012_val_00020730_with_ILSVRC2012_val_00048156_rank973,570,555,0.74204,153
ILSVRC2012_val_00020730_with_ILSVRC2012_val_00026098_rank834,787,816,0.13493,144
ILSVRC2012_val_00020730_with_ILSVRC2012_val_00035897_rank519,717,717,0.53268,0
ILSVRC2012_val_00020730_with_ILSVRC2012_val_00003515_rank524,903,176,0.91552,190
ILSVRC2012_val_00020730_with_ILSVRC2012_val_00033655_rank131,405,405,0.99894,0
ILSVRC2012_val_00020730_with_ILSVRC2012_val_00029270_rank852,496,448,0.21057,20
ILSVRC2012_val_00020730_with_ILSVRC2012_val_00026137_rank754,426,426,0.83582,0
ILSVRC2012_val_00020730_with_ILSVRC2012_val_00004456_rank656,902,695,0.75269,24
ILSVRC2012_val_00020730_with_ILSVRC2012_val_00010293_rank743,876,723,0.15508,431
ILSVRC2012_val_00020730_with_ILSVRC2012_val_00033732_rank711,892,879,0.81911,152
ILSVRC2012_val_00020730_with_ILSVRC2012_val_00012395_rank331,184,184,0.61929,0
ILSVRC2012_val_00020730_with_ILSVRC2012_val_00045640_rank235,387,387,0.99605,0
ILSVRC2012_val_00020730_with_ILSVRC2012_val_00015721_rank297,46,986,0.09514,34
ILSVRC2012_val_00020730_with_ILSVRC2012_val_00017441_rank046,100,100,0.99937,0
ILSVRC2012_val_00020730_with_ILSVRC2012_val_00001223_rank259,216,216,0.99831,0
ILSVRC2012_val_00020730_with_ILSVRC2012_val_00015882_rank792,969,969,0.5644,0
ILSVRC2012_val_00020730_with_ILSVRC2012_val_00020830_rank259,216,216,0.26616,0
ILSVRC2012_val_00020730_with_ILSVRC2012_val_00023460_rank635,428,47,0.484,329
ILSVRC2012_val_00020730_with_ILSVRC2012_val_00039375_rank871,813,947,0.11857,300
ILSVRC2012_val_00020730_with_ILSVRC2012_val_00012503_rank264,0,42,0.08079,415
ILSVRC2012_val_00020730_with_ILSVRC2012_val_00010860_rank935,650,989,0.55554,388
ILSVRC2012_val_00020730_with_ILSVRC2012_val_00049344_rank787,163,165,0.49352,2
ILSVRC2012_val_00020730_with_ILSVRC2012_val_00033188_rank133,124,316,0.20555,20
ILSVRC2012_val_00020730_with_ILSVRC2012_val_00005258_rank555,214,214,0.96247,0
ILSVRC2012_val_00020730_with_ILSVRC2012_val_00043128_rank208,649,331,0.34555,194
ILSVRC2012_val_00020730_with_ILSVRC2012_val_00003616_rank509,182,182,0.99686,0
ILSVRC2012_val_00020730_with_ILSVRC2012_val_00019816_rank066,289,289,0.99437,0
ILSVRC2012_val_00020730_with_ILSVRC2012_val_00011054_rank738,612,612,0.98412,0
ILSVRC2012_val_00020730_with_ILSVRC2012_val_00022628_rank840,954,986,0.62516,39
ILSVRC2012_val_00020730_with_ILSVRC2012_val_00003498_rank422,325,325,0.99993,0
ILSVRC2012_val_00020730_with_ILSVRC2012_val_00033635_rank800,753,753,0.57283,0
ILSVRC2012_val_00020730_with_ILSVRC2012_val_00045335_rank230,106,106,0.99392,0
ILSVRC2012_val_00020730_with_ILSVRC2012_val_00021629_rank365,940,940,0.58502,0
ILSVRC2012_val_00020730_with_ILSVRC2012_val_00035514_rank212,576,321,0.96456,327
ILSVRC2012_val_00020730_with_ILSVRC2012_val_00030579_rank214,205,177,0.17749,21
ILSVRC2012_val_00020730_with_ILSVRC2012_val_00008810_rank095,55,64,0.55302,1
ILSVRC2012_val_00020730_with_ILSVRC2012_val_00018026_rank752,105,105,0.98559,0
ILSVRC2012_val_00020730_with_ILSVRC2012_val_00019422_rank200,996,996,0.4914,0
ILSVRC2012_val_00020730_with_ILSVRC2012_val_00039578_rank192,48,47,0.11319,27
ILSVRC2012_val_00020730_with_ILSVRC2012_val_00039205_rank763,748,112,0.41969,913
ILSVRC2012_val_00020730_with_ILSVRC2012_val_00013816_rank988,740,114,0.17993,786
ILSVRC2012_val_00020730_with_ILSVRC2012_val_00015192_rank671,716,716,0.98917,0
ILSVRC2012_val_00020730_with_ILSVRC2012_val_00034899_rank073,989,129,0.06763,160
ILSVRC2012_val_00020730_with_ILSVRC2012_val_00004283_rank515,756,463,0.81615,6
ILSVRC2012_val_00020730_with_ILSVRC2012_val_00031303_rank891,585,898,0.32298,11
ILSVRC2012_val_00020730_with_ILSVRC2012_val_00001114_rank096,8,8,0.99174,0
ILSVRC2012_val_00020730_with_ILSVRC2012_val_00041841_rank050,995,995,0.99936,0
ILSVRC2012_val_00020730_with_ILSVRC2012_val_00031306_rank367,266,266,0.92603,0
ILSVRC2012_val_00020730_with_ILSVRC2012_val_00038247_rank285,152,152,0.881,0
ILSVRC2012_val_00020730_with_ILSVRC2012_val_00042821_rank413,475,475,0.99716,0
ILSVRC2012_val_00020730_with_ILSVRC2012_val_00011165_rank326,264,264,0.99728,0
ILSVRC2012_val_00020730_with_ILSVRC2012_val_00011469_rank571,721,599,0.10686,228
ILSVRC2012_val_00020730_with_ILSVRC2012_val_00034009_rank778,185,187,0.56891,5
ILSVRC2012_val_00020730_with_ILSVRC2012_val_00003705_rank049,119,38,0.41524,60
ILSVRC2012_val_00020730_with_ILSVRC2012_val_00042498_rank451,760,760,0.91387,0
ILSVRC2012_val_00020730_with_ILSVRC2012_val_00024517_rank313,671,671,0.6183,0
ILSVRC2012_val_00020730_with_ILSVRC2012_val_00015396_rank735,411,637,0.10949,394
ILSVRC2012_val_00020730_with_ILSVRC2012_val_00010782_rank777,591,728,0.46102,27
ILSVRC2012_val_00020730_with_ILSVRC2012_val_00038650_rank573,887,887,0.07766,0
ILSVRC2012_val_00020730_with_ILSVRC2012_val_00002373_rank288,166,215,0.78399,7
ILSVRC2012_val_00020730_with_ILSVRC2012_val_00049812_rank613,789,912,0.1505,151
ILSVRC2012_val_00020730_with_ILSVRC2012_val_00042661_rank380,101,101,0.73485,0
ILSVRC2012_val_00020730_with_ILSVRC2012_val_00036004_rank454,271,271,0.57074,0
ILSVRC2012_val_00020730_with_ILSVRC2012_val_00012962_rank213,121,121,0.94961,0
ILSVRC2012_val_00020730_with_ILSVRC2012_val_00047654_rank459,263,263,0.81684,0
ILSVRC2012_val_00020730_with_ILSVRC2012_val_00036700_rank472,172,172,0.8863,0
ILSVRC2012_val_00020730_with_ILSVRC2012_val_00019959_rank972,594,596,0.32961,202
ILSVRC2012_val_00020730_with_ILSVRC2012_val_00023373_rank584,63,59,0.634,13
ILSVRC2012_val_00020730_with_ILSVRC2012_val_00017880_rank818,771,754,0.36229,41
ILSVRC2012_val_00020730_with_ILSVRC2012_val_00046566_rank905,891,920,0.8961,236
ILSVRC2012_val_00020730_with_ILSVRC2012_val_00045942_rank323,384,384,0.36501,0
ILSVRC2012_val_00020730_with_ILSVRC2012_val_00045418_rank406,67,67,0.79617,0
ILSVRC2012_val_00020730_with_ILSVRC2012_val_00024080_rank145,102,102,0.99714,0
ILSVRC2012_val_00020730_with_ILSVRC2012_val_00010364_rank392,627,627,0.51163,0
ILSVRC2012_val_00020730_with_ILSVRC2012_val_00010765_rank334,233,179,0.46518,45
ILSVRC2012_val_00020730_with_ILSVRC2012_val_00049223_rank568,469,442,0.05973,85
ILSVRC2012_val_00020730_with_ILSVRC2012_val_00042346_rank858,76,76,0.98663,0
ILSVRC2012_val_00020730_with_ILSVRC2012_val_00046117_rank237,371,47,0.31745,93
ILSVRC2012_val_00020730_with_ILSVRC2012_val_00009840_rank656,902,558,0.30508,3
ILSVRC2012_val_00020730_with_ILSVRC2012_val_00044945_rank732,629,522,0.69329,475
ILSVRC2012_val_00020730_with_ILSVRC2012_val_00013512_rank002,13,10,0.99805,2
ILSVRC2012_val_00020730_with_ILSVRC2012_val_00018635_rank591,599,599,0.99253,0
ILSVRC2012_val_00020730_with_ILSVRC2012_val_00010812_rank455,852,852,0.99934,0
ILSVRC2012_val_00020730_with_ILSVRC2012_val_00009179_rank336,408,847,0.14097,1
ILSVRC2012_val_00020730_with_ILSVRC2012_val_00026169_rank302,501,31,0.41052,600
ILSVRC2012_val_00020730_with_ILSVRC2012_val_00027957_rank710,665,711,0.4604,957
ILSVRC2012_val_00020730_with_ILSVRC2012_val_00047794_rank655,697,317,0.10473,365
ILSVRC2012_val_00020730_with_ILSVRC2012_val_00028043_rank278,791,791,0.96278,0
ILSVRC2012_val_00020730_with_ILSVRC2012_val_00024061_rank170,961,988,0.11738,198
ILSVRC2012_val_00020730_with_ILSVRC2012_val_00005069_rank314,985,985,0.94997,0
ILSVRC2012_val_00020730_with_ILSVRC2012_val_00006285_rank483,817,817,0.95385,0
ILSVRC2012_val_00020730_with_ILSVRC2012_val_00039792_rank972,594,594,0.99466,0
ILSVRC2012_val_00020730_with_ILSVRC2012_val_00047615_rank724,667,494,0.7796,158
ILSVRC2012_val_00020730_with_ILSVRC2012_val_00002873_rank849,883,725,0.77285,1
ILSVRC2012_val_00020730_with_ILSVRC2012_val_00045267_rank186,640,677,0.52962,219
ILSVRC2012_val_00020730_with_ILSVRC2012_val_00008116_rank317,663,448,0.15033,271
ILSVRC2012_val_00020730_with_ILSVRC2012_val_00040762_rank330,369,369,0.94751,0
ILSVRC2012_val_00020730_with_ILSVRC2012_val_00015300_rank776,805,805,0.98814,0
ILSVRC2012_val_00020730_with_ILSVRC2012_val_00021124_rank057,135,135,0.9998,0
ILSVRC2012_val_00020730_with_ILSVRC2012_val_00014396_rank423,750,750,0.22812,0
ILSVRC2012_val_00020730_with_ILSVRC2012_val_00008873_rank121,373,373,0.9993,0
ILSVRC2012_val_00020730_with_ILSVRC2012_val_00017223_rank403,376,376,0.96474,0
ILSVRC2012_val_00020730_with_ILSVRC2012_val_00026125_rank123,150,113,0.11569,460
ILSVRC2012_val_00020730_with_ILSVRC2012_val_00000163_rank400,647,647,0.99354,0
ILSVRC2012_val_00020730_with_ILSVRC2012_val_00019565_rank683,435,448,0.88744,944
ILSVRC2012_val_00020730_with_ILSVRC2012_val_00001473_rank086,344,344,0.99848,0
ILSVRC2012_val_00020730_with_ILSVRC2012_val_00025287_rank242,79,79,0.33612,0
ILSVRC2012_val_00020730_with_ILSVRC2012_val_00048408_rank530,111,315,0.39245,151
ILSVRC2012_val_00020730_with_ILSVRC2012_val_00016332_rank599,864,609,0.1607,8
ILSVRC2012_val_00020730_with_ILSVRC2012_val_00033616_rank293,72,72,0.66856,0
ILSVRC2012_val_00020730_with_ILSVRC2012_val_00047034_rank899,719,947,0.26536,648
ILSVRC2012_val_00020730_with_ILSVRC2012_val_00028016_rank682,196,196,0.96223,0
ILSVRC2012_val_00020730_with_ILSVRC2012_val_00011727_rank246,493,492,0.53437,4
ILSVRC2012_val_00020730_with_ILSVRC2012_val_00005162_rank697,849,849,0.99816,0
ILSVRC2012_val_00020730_with_ILSVRC2012_val_00044712_rank329,938,938,0.99729,0
ILSVRC2012_val_00020730_with_ILSVRC2012_val_00026801_rank458,602,494,0.32326,97
ILSVRC2012_val_00020730_with_ILSVRC2012_val_00043648_rank063,295,295,0.99645,0
ILSVRC2012_val_00020730_with_ILSVRC2012_val_00010898_rank643,845,845,0.30374,0
ILSVRC2012_val_00020730_with_ILSVRC2012_val_00047343_rank140,992,992,0.95974,0
ILSVRC2012_val_00020730_with_ILSVRC2012_val_00007768_rank821,728,879,0.98119,5
ILSVRC2012_val_00020730_with_ILSVRC2012_val_00047778_rank812,701,701,0.17393,0
ILSVRC2012_val_00020730_with_ILSVRC2012_val_00024902_rank570,291,291,0.99633,0
ILSVRC2012_val_00020730_with_ILSVRC2012_val_00037267_rank942,830,81,0.05088,885
ILSVRC2012_val_00020730_with_ILSVRC2012_val_00042876_rank109,324,324,0.99881,0
ILSVRC2012_val_00020730_with_ILSVRC2012_val_00003127_rank655,697,42,0.32358,744
ILSVRC2012_val_00020730_with_ILSVRC2012_val_00047342_rank563,250,250,0.52831,0
ILSVRC2012_val_00020730_with_ILSVRC2012_val_00009665_rank836,112,112,0.9982,0
ILSVRC2012_val_00020730_with_ILSVRC2012_val_00045737_rank524,903,947,0.07753,508
ILSVRC2012_val_00020730_with_ILSVRC2012_val_00048135_rank413,475,12,0.54817,132
ILSVRC2012_val_00020730_with_ILSVRC2012_val_00037593_rank608,237,94,0.16472,214
ILSVRC2012_val_00020730_with_ILSVRC2012_val_00038556_rank489,60,58,0.60594,9
ILSVRC2012_val_00020730_with_ILSVRC2012_val_00042027_rank031,49,44,0.73476,4
ILSVRC2012_val_00020730_with_ILSVRC2012_val_00041389_rank366,781,781,0.99829,0
ILSVRC2012_val_00020730_with_ILSVRC2012_val_00035928_rank650,944,990,0.45669,56
ILSVRC2012_val_00020730_with_ILSVRC2012_val_00007458_rank122,951,951,0.85963,0
ILSVRC2012_val_00020730_with_ILSVRC2012_val_00037223_rank769,732,759,0.77105,1
ILSVRC2012_val_00020730_with_ILSVRC2012_val_00044460_rank822,589,589,0.96906,0
ILSVRC2012_val_00020730_with_ILSVRC2012_val_00033884_rank113,269,269,0.6856,0
ILSVRC2012_val_00020730_with_ILSVRC2012_val_00029461_rank168,239,238,0.81207,1
ILSVRC2012_val_00020730_with_ILSVRC2012_val_00035383_rank574,798,798,0.99777,0
ILSVRC2012_val_00020730_with_ILSVRC2012_val_00004003_rank605,365,365,0.99449,0
ILSVRC2012_val_00020730_with_ILSVRC2012_val_00048747_rank619,622,622,0.99953,0
ILSVRC2012_val_00020730_with_ILSVRC2012_val_00019147_rank823,569,569,0.99944,0
ILSVRC2012_val_00020730_with_ILSVRC2012_val_00029197_rank736,775,596,0.26919,990
ILSVRC2012_val_00020730_with_ILSVRC2012_val_00029233_rank453,573,802,0.55285,6
ILSVRC2012_val_00020730_with_ILSVRC2012_val_00016616_rank478,831,831,0.93238,0
ILSVRC2012_val_00020730_with_ILSVRC2012_val_00019761_rank895,674,971,0.18353,593
ILSVRC2012_val_00020730_with_ILSVRC2012_val_00013625_rank957,401,21,0.14127,664
ILSVRC2012_val_00020730_with_ILSVRC2012_val_00033759_rank360,572,572,0.35445,0
ILSVRC2012_val_00020730_with_ILSVRC2012_val_00003323_rank621,862,862,0.99947,0
ILSVRC2012_val_00020730_with_ILSVRC2012_val_00030622_rank252,31,31,0.89658,0
ILSVRC2012_val_00020730_with_ILSVRC2012_val_00014555_rank737,712,712,0.3589,0
ILSVRC2012_val_00020730_with_ILSVRC2012_val_00023833_rank310,301,301,0.98225,0
ILSVRC2012_val_00020730_with_ILSVRC2012_val_00031655_rank152,210,172,0.99649,34
ILSVRC2012_val_00020730_with_ILSVRC2012_val_00042889_rank082,114,327,0.62751,53
ILSVRC2012_val_00020730_with_ILSVRC2012_val_00001979_rank086,344,344,0.15829,0
ILSVRC2012_val_00020730_with_ILSVRC2012_val_00010244_rank459,263,173,0.48785,34
ILSVRC2012_val_00020730_with_ILSVRC2012_val_00040129_rank197,89,89,0.99995,0
ILSVRC2012_val_00020730_with_ILSVRC2012_val_00031245_rank515,756,756,0.34253,0
ILSVRC2012_val_00020730_with_ILSVRC2012_val_00045344_rank769,732,732,1.0,0
ILSVRC2012_val_00020730_with_ILSVRC2012_val_00038751_rank734,249,249,0.71182,0
ILSVRC2012_val_00020730_with_ILSVRC2012_val_00030739_rank800,753,753,0.59198,0
ILSVRC2012_val_00020730_with_ILSVRC2012_val_00023346_rank105,221,206,0.19264,1
ILSVRC2012_val_00020730_with_ILSVRC2012_val_00029613_rank460,729,704,0.96373,968
ILSVRC2012_val_00020730_with_ILSVRC2012_val_00006660_rank864,507,94,0.09723,559
ILSVRC2012_val_00020730_with_ILSVRC2012_val_00011692_rank887,737,437,0.12382,399
ILSVRC2012_val_00020730_with_ILSVRC2012_val_00037772_rank986,354,947,0.32616,744
ILSVRC2012_val_00020730_with_ILSVRC2012_val_00006635_rank641,834,474,0.0937,11
ILSVRC2012_val_00020730_with_ILSVRC2012_val_00031471_rank785,642,947,0.82699,619
ILSVRC2012_val_00020730_with_ILSVRC2012_val_00018379_rank800,753,753,0.94701,0
ILSVRC2012_val_00020730_with_ILSVRC2012_val_00014048_rank278,791,517,0.22751,130
ILSVRC2012_val_00020730_with_ILSVRC2012_val_00030752_rank497,928,112,0.09651,62
ILSVRC2012_val_00020730_with_ILSVRC2012_val_00029476_rank150,935,935,0.66652,0
ILSVRC2012_val_00020730_with_ILSVRC2012_val_00010454_rank179,377,377,0.96822,0
ILSVRC2012_val_00020730_with_ILSVRC2012_val_00013925_rank823,569,569,0.97616,0
ILSVRC2012_val_00020730_with_ILSVRC2012_val_00024129_rank225,948,572,0.34619,190
ILSVRC2012_val_00020730_with_ILSVRC2012_val_00016148_rank446,208,279,0.22881,210
ILSVRC2012_val_00020730_with_ILSVRC2012_val_00044516_rank196,438,438,0.99322,0
ILSVRC2012_val_00020730_with_ILSVRC2012_val_00009311_rank094,972,42,0.08406,43
ILSVRC2012_val_00020730_with_ILSVRC2012_val_00045988_rank777,591,591,0.88088,0
ILSVRC2012_val_00020730_with_ILSVRC2012_val_00005708_rank258,38,38,0.58694,0
ILSVRC2012_val_00020730_with_ILSVRC2012_val_00019748_rank278,791,791,0.97846,0
ILSVRC2012_val_00020730_with_ILSVRC2012_val_00024283_rank116,44,38,0.4586,2
ILSVRC2012_val_00020730_with_ILSVRC2012_val_00032971_rank126,993,993,0.99931,0
ILSVRC2012_val_00020730_with_ILSVRC2012_val_00021946_rank855,226,185,0.40007,34
ILSVRC2012_val_00020730_with_ILSVRC2012_val_00007577_rank615,706,81,0.27781,796
ILSVRC2012_val_00020730_with_ILSVRC2012_val_00037177_rank508,107,988,0.36744,151
ILSVRC2012_val_00020730_with_ILSVRC2012_val_00012901_rank203,240,240,0.99816,0
ILSVRC2012_val_00020730_with_ILSVRC2012_val_00045435_rank123,150,146,0.19794,22
ILSVRC2012_val_00020730_with_ILSVRC2012_val_00029271_rank736,775,119,0.65835,147
ILSVRC2012_val_00020730_with_ILSVRC2012_val_00009557_rank429,795,320,0.18812,270
ILSVRC2012_val_00020730_with_ILSVRC2012_val_00001386_rank053,356,48,0.86248,639
ILSVRC2012_val_00020730_with_ILSVRC2012_val_00024619_rank368,768,768,0.11445,0
ILSVRC2012_val_00020730_with_ILSVRC2012_val_00027182_rank280,217,210,0.93211,7
ILSVRC2012_val_00020730_with_ILSVRC2012_val_00037028_rank569,742,742,0.07004,0
ILSVRC2012_val_00020730_with_ILSVRC2012_val_00031162_rank871,813,869,0.44597,176
ILSVRC2012_val_00020730_with_ILSVRC2012_val_00035659_rank675,644,470,0.7916,2
ILSVRC2012_val_00020730_with_ILSVRC2012_val_00003641_rank440,666,666,0.9996,0
ILSVRC2012_val_00020730_with_ILSVRC2012_val_00016415_rank467,345,345,0.84799,0
ILSVRC2012_val_00020730_with_ILSVRC2012_val_00048771_rank112,349,947,0.27318,577
ILSVRC2012_val_00020730_with_ILSVRC2012_val_00004084_rank199,29,29,0.99019,0
ILSVRC2012_val_00020730_with_ILSVRC2012_val_00031526_rank944,409,759,0.34917,110
ILSVRC2012_val_00020730_with_ILSVRC2012_val_00018703_rank790,203,203,0.94678,0
ILSVRC2012_val_00020730_with_ILSVRC2012_val_00028196_rank999,491,491,1.0,0
ILSVRC2012_val_00020730_with_ILSVRC2012_val_00034999_rank860,549,448,0.62997,120
ILSVRC2012_val_00020730_with_ILSVRC2012_val_00002470_rank520,653,503,0.58611,9
ILSVRC2012_val_00020730_with_ILSVRC2012_val_00032086_rank061,53,53,0.97036,0
ILSVRC2012_val_00020730_with_ILSVRC2012_val_00002729_rank877,842,677,0.11073,790
ILSVRC2012_val_00020730_with_ILSVRC2012_val_00011682_rank152,210,210,0.99823,0
ILSVRC2012_val_00020730_with_ILSVRC2012_val_00007763_rank212,576,518,0.17077,624
ILSVRC2012_val_00020730_with_ILSVRC2012_val_00039906_rank236,847,847,0.9966,0
ILSVRC2012_val_00020730_with_ILSVRC2012_val_00030462_rank794,446,446,0.07363,0
ILSVRC2012_val_00020730_with_ILSVRC2012_val_00003131_rank784,504,504,0.93714,0
ILSVRC2012_val_00020730_with_ILSVRC2012_val_00014069_rank061,53,113,0.15698,30
ILSVRC2012_val_00020730_with_ILSVRC2012_val_00008720_rank189,947,947,0.9982,0
ILSVRC2012_val_00020730_with_ILSVRC2012_val_00016435_rank356,441,441,0.88083,0
ILSVRC2012_val_00020730_with_ILSVRC2012_val_00005768_rank080,32,32,0.9756,0
ILSVRC2012_val_00020730_with_ILSVRC2012_val_00037885_rank977,259,259,0.989,0
ILSVRC2012_val_00020730_with_ILSVRC2012_val_00023369_rank693,530,530,0.9976,0
ILSVRC2012_val_00020730_with_ILSVRC2012_val_00032775_rank740,658,988,0.52424,105
ILSVRC2012_val_00020730_with_ILSVRC2012_val_00041535_rank011,143,143,0.99999,0
ILSVRC2012_val_00020730_with_ILSVRC2012_val_00003695_rank892,679,321,0.29282,202
ILSVRC2012_val_00020730_with_ILSVRC2012_val_00001996_rank876,583,583,0.10773,0
ILSVRC2012_val_00020730_with_ILSVRC2012_val_00029529_rank500,871,484,0.38731,1
ILSVRC2012_val_00020730_with_ILSVRC2012_val_00011036_rank123,150,47,0.16285,851
ILSVRC2012_val_00020730_with_ILSVRC2012_val_00026785_rank951,632,947,0.54436,799
ILSVRC2012_val_00020730_with_ILSVRC2012_val_00002224_rank952,607,607,0.99978,0
ILSVRC2012_val_00020730_with_ILSVRC2012_val_00043589_rank998,447,447,0.99459,0
ILSVRC2012_val_00020730_with_ILSVRC2012_val_00010395_rank031,49,42,0.6051,29
ILSVRC2012_val_00020730_with_ILSVRC2012_val_00018890_rank384,193,185,0.95622,4
ILSVRC2012_val_00020730_with_ILSVRC2012_val_00045651_rank511,769,596,0.05307,153
ILSVRC2012_val_00020730_with_ILSVRC2012_val_00027034_rank891,585,544,0.25242,303
ILSVRC2012_val_00020730_with_ILSVRC2012_val_00039315_rank844,587,587,0.39032,0
ILSVRC2012_val_00020730_with_ILSVRC2012_val_00022706_rank038,133,133,0.9996,0
ILSVRC2012_val_00020730_with_ILSVRC2012_val_00048917_rank256,959,959,0.99937,0
ILSVRC2012_val_00020730_with_ILSVRC2012_val_00046913_rank823,569,437,0.14022,222
ILSVRC2012_val_00020730_with_ILSVRC2012_val_00019706_rank788,543,448,0.36205,869
ILSVRC2012_val_00020730_with_ILSVRC2012_val_00014290_rank702,777,597,0.83341,1
ILSVRC2012_val_00020730_with_ILSVRC2012_val_00006612_rank274,286,286,0.99935,0
ILSVRC2012_val_00020730_with_ILSVRC2012_val_00003736_rank817,558,350,0.22125,707
ILSVRC2012_val_00020730_with_ILSVRC2012_val_00047780_rank960,691,691,0.91895,0
ILSVRC2012_val_00020730_with_ILSVRC2012_val_00026587_rank705,614,614,0.63229,0
ILSVRC2012_val_00020730_with_ILSVRC2012_val_00039474_rank428,339,339,0.99489,0
ILSVRC2012_val_00020730_with_ILSVRC2012_val_00009893_rank260,547,829,0.9655,4
ILSVRC2012_val_00020730_with_ILSVRC2012_val_00014652_rank474,973,973,0.20792,0
ILSVRC2012_val_00020730_with_ILSVRC2012_val_00014943_rank061,53,53,0.30058,0
ILSVRC2012_val_00020730_with_ILSVRC2012_val_00025937_rank022,95,95,0.99895,0
ILSVRC2012_val_00020730_with_ILSVRC2012_val_00025161_rank349,327,327,0.99942,0
ILSVRC2012_val_00020730_with_ILSVRC2012_val_00038875_rank406,67,67,0.89484,0
ILSVRC2012_val_00020730_with_ILSVRC2012_val_00033219_rank070,28,28,0.99935,0
ILSVRC2012_val_00020730_with_ILSVRC2012_val_00044129_rank108,297,297,0.98303,0
ILSVRC2012_val_00020730_with_ILSVRC2012_val_00043631_rank012,136,136,0.48549,0
ILSVRC2012_val_00020730_with_ILSVRC2012_val_00029907_rank484,628,845,0.26398,602
ILSVRC2012_val_00020730_with_ILSVRC2012_val_00025047_rank060,21,21,0.47197,0
ILSVRC2012_val_00020730_with_ILSVRC2012_val_00037630_rank113,269,269,0.82702,0
ILSVRC2012_val_00020730_with_ILSVRC2012_val_00007336_rank905,891,326,0.32436,126
ILSVRC2012_val_00020730_with_ILSVRC2012_val_00040236_rank740,658,326,0.12163,417
ILSVRC2012_val_00020730_with_ILSVRC2012_val_00010140_rank119,57,57,0.8419,0
ILSVRC2012_val_00020730_with_ILSVRC2012_val_00006715_rank402,90,90,0.99994,0
ILSVRC2012_val_00020730_with_ILSVRC2012_val_00049624_rank591,599,410,0.43145,1
ILSVRC2012_val_00020730_with_ILSVRC2012_val_00007125_rank483,817,751,0.38857,1
ILSVRC2012_val_00020730_with_ILSVRC2012_val_00020652_rank411,304,303,0.43182,4
ILSVRC2012_val_00020730_with_ILSVRC2012_val_00012171_rank620,253,253,0.99765,0
ILSVRC2012_val_00020730_with_ILSVRC2012_val_00003525_rank308,939,943,0.32083,1
ILSVRC2012_val_00020730_with_ILSVRC2012_val_00016571_rank043,146,20,0.14447,31
ILSVRC2012_val_00020730_with_ILSVRC2012_val_00032302_rank842,898,681,0.62719,121
ILSVRC2012_val_00020730_with_ILSVRC2012_val_00029911_rank995,420,420,0.99687,0
ILSVRC2012_val_00020730_with_ILSVRC2012_val_00049804_rank926,790,790,0.9643,0
ILSVRC2012_val_00020730_with_ILSVRC2012_val_00012088_rank863,595,847,0.06949,11
ILSVRC2012_val_00020730_with_ILSVRC2012_val_00043948_rank574,798,761,0.15096,42
ILSVRC2012_val_00020730_with_ILSVRC2012_val_00006455_rank752,105,105,0.93468,0
ILSVRC2012_val_00020730_with_ILSVRC2012_val_00024567_rank372,178,178,0.87989,0
ILSVRC2012_val_00020730_with_ILSVRC2012_val_00028122_rank089,305,989,0.31337,134
ILSVRC2012_val_00020730_with_ILSVRC2012_val_00023400_rank036,132,132,0.99686,0
ILSVRC2012_val_00020730_with_ILSVRC2012_val_00049398_rank916,854,448,0.43277,994
ILSVRC2012_val_00020730_with_ILSVRC2012_val_00045685_rank694,727,437,0.18889,21
ILSVRC2012_val_00020730_with_ILSVRC2012_val_00002834_rank892,679,60,0.24862,298
ILSVRC2012_val_00020730_with_ILSVRC2012_val_00034698_rank703,952,952,0.99986,0
ILSVRC2012_val_00020730_with_ILSVRC2012_val_00009538_rank784,504,504,0.18854,0
ILSVRC2012_val_00020730_with_ILSVRC2012_val_00008201_rank766,202,202,0.99255,0
ILSVRC2012_val_00020730_with_ILSVRC2012_val_00027789_rank165,331,331,0.99761,0
ILSVRC2012_val_00020730_with_ILSVRC2012_val_00002613_rank451,760,553,0.10721,8
ILSVRC2012_val_00020730_with_ILSVRC2012_val_00027253_rank966,859,463,0.40457,247
ILSVRC2012_val_00020730_with_ILSVRC2012_val_00025899_rank005,139,139,0.99983,0
ILSVRC2012_val_00020730_with_ILSVRC2012_val_00033470_rank261,488,600,0.27713,5
ILSVRC2012_val_00020730_with_ILSVRC2012_val_00030399_rank207,179,171,0.17929,18
ILSVRC2012_val_00020730_with_ILSVRC2012_val_00047027_rank912,606,704,0.23233,216
ILSVRC2012_val_00020730_with_ILSVRC2012_val_00033886_rank762,739,739,0.32591,0
ILSVRC2012_val_00020730_with_ILSVRC2012_val_00038600_rank075,130,130,0.99616,0
ILSVRC2012_val_00020730_with_ILSVRC2012_val_00007902_rank813,630,637,0.84904,332
ILSVRC2012_val_00020730_with_ILSVRC2012_val_00015261_rank243,927,927,0.99961,0
ILSVRC2012_val_00020730_with_ILSVRC2012_val_00046888_rank569,742,491,0.53583,283
ILSVRC2012_val_00020730_with_ILSVRC2012_val_00023132_rank772,696,696,0.86617,0
ILSVRC2012_val_00020730_with_ILSVRC2012_val_00017532_rank428,339,339,0.99486,0
ILSVRC2012_val_00020730_with_ILSVRC2012_val_00025009_rank904,681,596,0.41166,514
ILSVRC2012_val_00020730_with_ILSVRC2012_val_00000747_rank006,10,10,0.99984,0
ILSVRC2012_val_00020730_with_ILSVRC2012_val_00002901_rank055,128,128,0.69362,0
ILSVRC2012_val_00020730_with_ILSVRC2012_val_00043842_rank771,176,286,0.15846,115
ILSVRC2012_val_00020730_with_ILSVRC2012_val_00045173_rank831,631,631,0.66355,0
ILSVRC2012_val_00020730_with_ILSVRC2012_val_00038644_rank116,44,47,0.27908,9
ILSVRC2012_val_00020730_with_ILSVRC2012_val_00007860_rank530,111,723,0.27593,978
ILSVRC2012_val_00020730_with_ILSVRC2012_val_00029423_rank902,635,778,0.30307,16
ILSVRC2012_val_00020730_with_ILSVRC2012_val_00040095_rank760,471,471,0.33396,0
ILSVRC2012_val_00020730_with_ILSVRC2012_val_00036106_rank643,845,769,0.49942,6
ILSVRC2012_val_00020730_with_ILSVRC2012_val_00022898_rank626,915,448,0.41607,41
ILSVRC2012_val_00020730_with_ILSVRC2012_val_00039602_rank895,674,674,0.79842,0
ILSVRC2012_val_00020730_with_ILSVRC2012_val_00009702_rank665,482,481,0.8865,2
ILSVRC2012_val_00020730_with_ILSVRC2012_val_00049202_rank266,347,350,0.55847,15
ILSVRC2012_val_00020730_with_ILSVRC2012_val_00021779_rank637,601,947,0.48887,541
ILSVRC2012_val_00020730_with_ILSVRC2012_val_00007032_rank280,217,217,0.9961,0
ILSVRC2012_val_00020730_with_ILSVRC2012_val_00036867_rank924,414,728,0.18837,53
ILSVRC2012_val_00020730_with_ILSVRC2012_val_00031508_rank354,175,175,0.96624,0
ILSVRC2012_val_00020730_with_ILSVRC2012_val_00026537_rank079,336,336,0.89999,0
ILSVRC2012_val_00020730_with_ILSVRC2012_val_00038119_rank178,126,113,0.77262,13
ILSVRC2012_val_00020730_with_ILSVRC2012_val_00041385_rank337,75,75,0.99904,0
ILSVRC2012_val_00020730_with_ILSVRC2012_val_00036852_rank502,458,458,0.99686,0
ILSVRC2012_val_00020730_with_ILSVRC2012_val_00003469_rank525,487,732,0.3545,15
ILSVRC2012_val_00020730_with_ILSVRC2012_val_00019034_rank001,20,20,0.99998,0
ILSVRC2012_val_00020730_with_ILSVRC2012_val_00008487_rank725,204,204,0.39366,0
ILSVRC2012_val_00020730_with_ILSVRC2012_val_00000648_rank153,134,134,0.77739,0
ILSVRC2012_val_00020730_with_ILSVRC2012_val_00045891_rank063,295,295,0.99599,0
ILSVRC2012_val_00020730_with_ILSVRC2012_val_00020353_rank107,814,814,0.19019,0
ILSVRC2012_val_00020730_with_ILSVRC2012_val_00007172_rank016,142,142,0.97428,0
ILSVRC2012_val_00020730_with_ILSVRC2012_val_00044249_rank503,248,248,0.56976,0
ILSVRC2012_val_00020730_with_ILSVRC2012_val_00010320_rank705,614,614,0.94198,0
ILSVRC2012_val_00020730_with_ILSVRC2012_val_00022693_rank506,104,104,0.90129,0
ILSVRC2012_val_00020730_with_ILSVRC2012_val_00048008_rank055,128,128,0.91643,0
ILSVRC2012_val_00020730_with_ILSVRC2012_val_00008959_rank604,670,670,0.13976,0
ILSVRC2012_val_00020730_with_ILSVRC2012_val_00036823_rank330,369,373,0.4417,17
ILSVRC2012_val_00020730_with_ILSVRC2012_val_00048519_rank773,478,412,0.1217,28
ILSVRC2012_val_00020730_with_ILSVRC2012_val_00019533_rank374,335,335,0.81297,0
ILSVRC2012_val_00020730_with_ILSVRC2012_val_00048486_rank168,239,238,0.54251,1
ILSVRC2012_val_00020730_with_ILSVRC2012_val_00002791_rank132,87,16,0.23143,10
ILSVRC2012_val_00020730_with_ILSVRC2012_val_00046776_rank449,244,244,0.99836,0
ILSVRC2012_val_00020730_with_ILSVRC2012_val_00028660_rank163,472,59,0.33266,389
ILSVRC2012_val_00020730_with_ILSVRC2012_val_00030902_rank093,308,321,0.16976,19
ILSVRC2012_val_00020730_with_ILSVRC2012_val_00026931_rank973,570,570,0.99867,0
ILSVRC2012_val_00020730_with_ILSVRC2012_val_00004011_rank109,324,324,0.99396,0
ILSVRC2012_val_00020730_with_ILSVRC2012_val_00019531_rank265,3,29,0.57226,15
ILSVRC2012_val_00020730_with_ILSVRC2012_val_00020179_rank042,99,326,0.10263,550
ILSVRC2012_val_00020730_with_ILSVRC2012_val_00014636_rank214,205,205,0.99064,0
ILSVRC2012_val_00020730_with_ILSVRC2012_val_00018219_rank991,641,618,0.36516,70
ILSVRC2012_val_00020730_with_ILSVRC2012_val_00027850_rank809,613,606,0.2021,62
ILSVRC2012_val_00020730_with_ILSVRC2012_val_00031510_rank821,728,81,0.34323,118
ILSVRC2012_val_00020730_with_ILSVRC2012_val_00019527_rank315,315,315,0.99815,0
ILSVRC2012_val_00020730_with_ILSVRC2012_val_00049490_rank204,950,950,0.61759,0
ILSVRC2012_val_00020730_with_ILSVRC2012_val_00036158_rank218,313,313,0.90523,0
ILSVRC2012_val_00020730_with_ILSVRC2012_val_00047750_rank289,346,346,0.77219,0
ILSVRC2012_val_00020730_with_ILSVRC2012_val_00011070_rank213,121,121,0.93948,0
ILSVRC2012_val_00020730_with_ILSVRC2012_val_00003090_rank413,475,475,0.99967,0
ILSVRC2012_val_00020730_with_ILSVRC2012_val_00043784_rank388,352,42,0.07164,192
ILSVRC2012_val_00020730_with_ILSVRC2012_val_00007454_rank789,117,117,0.99941,0
ILSVRC2012_val_00020730_with_ILSVRC2012_val_00031383_rank228,403,326,0.06652,438
ILSVRC2012_val_00020730_with_ILSVRC2012_val_00030149_rank477,879,879,0.13593,0
ILSVRC2012_val_00020730_with_ILSVRC2012_val_00009483_rank969,457,288,0.06676,721
ILSVRC2012_val_00020730_with_ILSVRC2012_val_00038327_rank200,996,996,0.98941,0
ILSVRC2012_val_00020730_with_ILSVRC2012_val_00037338_rank424,425,425,0.40261,0
ILSVRC2012_val_00020730_with_ILSVRC2012_val_00033675_rank546,934,934,0.41073,0
ILSVRC2012_val_00020730_with_ILSVRC2012_val_00012438_rank106,677,677,0.35252,0
ILSVRC2012_val_00020730_with_ILSVRC2012_val_00012260_rank572,723,723,0.99998,0
ILSVRC2012_val_00020730_with_ILSVRC2012_val_00046505_rank141,138,133,0.36212,3
ILSVRC2012_val_00020730_with_ILSVRC2012_val_00024630_rank013,81,81,0.86663,0
ILSVRC2012_val_00020730_with_ILSVRC2012_val_00042891_rank391,675,609,0.97926,28
ILSVRC2012_val_00020730_with_ILSVRC2012_val_00000158_rank811,763,763,0.99946,0
ILSVRC2012_val_00020730_with_ILSVRC2012_val_00049227_rank011,143,143,0.99997,0
ILSVRC2012_val_00020730_with_ILSVRC2012_val_00003860_rank199,29,29,0.99988,0
ILSVRC2012_val_00020730_with_ILSVRC2012_val_00024831_rank438,177,269,0.81301,34
ILSVRC2012_val_00020730_with_ILSVRC2012_val_00009707_rank234,229,229,0.99315,0
ILSVRC2012_val_00020730_with_ILSVRC2012_val_00017009_rank515,756,756,0.98328,0
ILSVRC2012_val_00020730_with_ILSVRC2012_val_00029325_rank143,302,300,0.82701,1
ILSVRC2012_val_00020730_with_ILSVRC2012_val_00043279_rank387,660,637,0.59992,48
ILSVRC2012_val_00020730_with_ILSVRC2012_val_00008323_rank560,835,448,0.17344,35
ILSVRC2012_val_00020730_with_ILSVRC2012_val_00041260_rank566,359,356,0.56188,1
ILSVRC2012_val_00020730_with_ILSVRC2012_val_00009151_rank222,108,108,0.95552,0
ILSVRC2012_val_00020730_with_ILSVRC2012_val_00027341_rank628,680,680,0.08002,0
ILSVRC2012_val_00020730_with_ILSVRC2012_val_00017149_rank537,531,826,0.39082,1
ILSVRC2012_val_00020730_with_ILSVRC2012_val_00046846_rank605,365,365,0.21188,0
ILSVRC2012_val_00020730_with_ILSVRC2012_val_00029106_rank577,734,407,0.85934,1
ILSVRC2012_val_00020730_with_ILSVRC2012_val_00004280_rank312,54,60,0.65512,9
ILSVRC2012_val_00020730_with_ILSVRC2012_val_00014913_rank696,170,372,0.21994,135
ILSVRC2012_val_00020730_with_ILSVRC2012_val_00043637_rank560,835,835,0.98822,0
ILSVRC2012_val_00020730_with_ILSVRC2012_val_00027743_rank390,183,183,0.61747,0
ILSVRC2012_val_00020730_with_ILSVRC2012_val_00007407_rank815,474,474,0.85449,0
ILSVRC2012_val_00020730_with_ILSVRC2012_val_00038794_rank002,13,13,0.99982,0
ILSVRC2012_val_00020730_with_ILSVRC2012_val_00033218_rank159,42,42,0.99991,0
ILSVRC2012_val_00020730_with_ILSVRC2012_val_00025027_rank003,140,139,0.56855,2
ILSVRC2012_val_00020730_with_ILSVRC2012_val_00013484_rank265,3,3,0.87871,0
ILSVRC2012_val_00020730_with_ILSVRC2012_val_00001604_rank680,423,989,0.87781,645
ILSVRC2012_val_00020730_with_ILSVRC2012_val_00019986_rank646,603,603,0.13103,0
ILSVRC2012_val_00020730_with_ILSVRC2012_val_00004105_rank098,147,596,0.48186,404
ILSVRC2012_val_00020730_with_ILSVRC2012_val_00018317_rank264,0,42,0.08079,415
ILSVRC2012_val_00020730_with_ILSVRC2012_val_00037807_rank218,313,313,0.77095,0
ILSVRC2012_val_00020730_with_ILSVRC2012_val_00041937_rank670,863,733,0.18884,1
ILSVRC2012_val_00020730_with_ILSVRC2012_val_00019921_rank261,488,488,0.98535,0
ILSVRC2012_val_00020730_with_ILSVRC2012_val_00024185_rank084,280,279,0.5939,8
ILSVRC2012_val_00020730_with_ILSVRC2012_val_00017879_rank698,230,230,0.55914,0
ILSVRC2012_val_00020730_with_ILSVRC2012_val_00031784_rank244,298,298,0.99202,0
ILSVRC2012_val_00020730_with_ILSVRC2012_val_00007211_rank552,255,255,0.99541,0
ILSVRC2012_val_00020730_with_ILSVRC2012_val_00016794_rank019,18,20,0.08657,20
ILSVRC2012_val_00020730_with_ILSVRC2012_val_00017285_rank406,67,67,0.97935,0
ILSVRC2012_val_00020730_with_ILSVRC2012_val_00000699_rank361,396,396,0.99851,0
ILSVRC2012_val_00020730_with_ILSVRC2012_val_00000336_rank843,463,463,0.99748,0
ILSVRC2012_val_00020730_with_ILSVRC2012_val_00028408_rank1000,254,262,0.28708,3
ILSVRC2012_val_00020730_with_ILSVRC2012_val_00018649_rank409,167,167,0.86268,0
ILSVRC2012_val_00020730_with_ILSVRC2012_val_00036261_rank797,528,995,0.16311,515
ILSVRC2012_val_00020730_with_ILSVRC2012_val_00012512_rank642,553,695,0.14854,118
ILSVRC2012_val_00020730_with_ILSVRC2012_val_00006451_rank653,368,368,0.99069,0
ILSVRC2012_val_00020730_with_ILSVRC2012_val_00041671_rank959,764,319,0.24683,949
ILSVRC2012_val_00020730_with_ILSVRC2012_val_00014464_rank484,628,628,0.84579,0
ILSVRC2012_val_00020730_with_ILSVRC2012_val_00019839_rank458,602,919,0.25376,33
ILSVRC2012_val_00020730_with_ILSVRC2012_val_00045912_rank908,165,166,0.42498,6
ILSVRC2012_val_00020730_with_ILSVRC2012_val_00027712_rank923,702,595,0.41693,614
ILSVRC2012_val_00020730_with_ILSVRC2012_val_00027485_rank376,187,214,0.21914,17
ILSVRC2012_val_00020730_with_ILSVRC2012_val_00031740_rank950,684,684,0.8047,0
ILSVRC2012_val_00020730_with_ILSVRC2012_val_00000821_rank133,124,119,0.76202,3
ILSVRC2012_val_00020730_with_ILSVRC2012_val_00031466_rank333,2,3,0.12444,1
ILSVRC2012_val_00020730_with_ILSVRC2012_val_00036164_rank776,805,805,0.97626,0
ILSVRC2012_val_00020730_with_ILSVRC2012_val_00043221_rank083,36,36,0.6005,0
ILSVRC2012_val_00020730_with_ILSVRC2012_val_00041021_rank044,83,83,0.99588,0
ILSVRC2012_val_00020730_with_ILSVRC2012_val_00045058_rank403,376,376,0.99764,0
ILSVRC2012_val_00020730_with_ILSVRC2012_val_00041692_rank722,579,579,0.99619,0
ILSVRC2012_val_00020730_with_ILSVRC2012_val_00006958_rank550,881,881,0.97521,0
ILSVRC2012_val_00020730_with_ILSVRC2012_val_00031362_rank897,521,463,0.27174,30
ILSVRC2012_val_00020730_with_ILSVRC2012_val_00040421_rank650,944,990,0.58436,56
ILSVRC2012_val_00020730_with_ILSVRC2012_val_00023453_rank675,644,599,0.37919,60
ILSVRC2012_val_00020730_with_ILSVRC2012_val_00001739_rank252,31,31,0.89197,0
ILSVRC2012_val_00020730_with_ILSVRC2012_val_00033246_rank901,568,42,0.12087,604
ILSVRC2012_val_00020730_with_ILSVRC2012_val_00018485_rank836,112,112,0.99447,0
ILSVRC2012_val_00020730_with_ILSVRC2012_val_00031087_rank875,686,447,0.24574,110
ILSVRC2012_val_00020730_with_ILSVRC2012_val_00031652_rank896,806,806,0.70966,0
ILSVRC2012_val_00020730_with_ILSVRC2012_val_00010487_rank162,275,275,0.99752,0
ILSVRC2012_val_00020730_with_ILSVRC2012_val_00020815_rank778,185,187,0.97197,5
ILSVRC2012_val_00020730_with_ILSVRC2012_val_00003472_rank153,134,133,0.7452,13
ILSVRC2012_val_00020730_with_ILSVRC2012_val_00024915_rank975,514,514,0.9987,0
ILSVRC2012_val_00020730_with_ILSVRC2012_val_00035025_rank797,528,528,0.99927,0
ILSVRC2012_val_00020730_with_ILSVRC2012_val_00006438_rank641,834,681,0.40062,27
ILSVRC2012_val_00020730_with_ILSVRC2012_val_00027070_rank007,98,84,0.26448,389
ILSVRC2012_val_00020730_with_ILSVRC2012_val_00005954_rank178,126,126,0.9977,0
ILSVRC2012_val_00020730_with_ILSVRC2012_val_00014468_rank258,38,38,0.99746,0
ILSVRC2012_val_00020730_with_ILSVRC2012_val_00048727_rank012,136,136,0.99998,0
ILSVRC2012_val_00020730_with_ILSVRC2012_val_00031146_rank279,965,956,0.50698,54
ILSVRC2012_val_00020730_with_ILSVRC2012_val_00042835_rank961,412,704,0.99296,6
ILSVRC2012_val_00020730_with_ILSVRC2012_val_00035219_rank849,883,773,0.18654,14
ILSVRC2012_val_00020730_with_ILSVRC2012_val_00048187_rank470,341,341,0.72286,0
ILSVRC2012_val_00020730_with_ILSVRC2012_val_00026688_rank284,971,971,0.36105,0
ILSVRC2012_val_00020730_with_ILSVRC2012_val_00039455_rank085,59,59,0.33934,0
ILSVRC2012_val_00020730_with_ILSVRC2012_val_00041392_rank997,515,947,0.46019,515
ILSVRC2012_val_00020730_with_ILSVRC2012_val_00041816_rank375,532,448,0.17343,504
ILSVRC2012_val_00020730_with_ILSVRC2012_val_00020918_rank769,732,448,0.201,68
ILSVRC2012_val_00020730_with_ILSVRC2012_val_00036626_rank965,683,81,0.20117,660
ILSVRC2012_val_00020730_with_ILSVRC2012_val_00012679_rank998,447,494,0.41166,149
ILSVRC2012_val_00020730_with_ILSVRC2012_val_00046323_rank005,139,139,0.99884,0
ILSVRC2012_val_00020730_with_ILSVRC2012_val_00012331_rank182,52,52,0.99953,0
ILSVRC2012_val_00020730_with_ILSVRC2012_val_00010838_rank124,825,483,0.18813,4
ILSVRC2012_val_00020730_with_ILSVRC2012_val_00021719_rank600,767,626,0.95627,16
ILSVRC2012_val_00020730_with_ILSVRC2012_val_00004401_rank178,126,107,0.4264,15
ILSVRC2012_val_00020730_with_ILSVRC2012_val_00009761_rank699,473,473,0.21658,0
ILSVRC2012_val_00020730_with_ILSVRC2012_val_00022995_rank652,851,664,0.22152,4
ILSVRC2012_val_00020730_with_ILSVRC2012_val_00036548_rank184,380,380,0.58702,0
ILSVRC2012_val_00020730_with_ILSVRC2012_val_00009467_rank627,720,448,0.51587,459
ILSVRC2012_val_00020730_with_ILSVRC2012_val_00043904_rank082,114,114,0.98772,0
ILSVRC2012_val_00020730_with_ILSVRC2012_val_00009911_rank134,40,40,0.88039,0
ILSVRC2012_val_00020730_with_ILSVRC2012_val_00005732_rank437,886,886,0.9994,0
ILSVRC2012_val_00020730_with_ILSVRC2012_val_00046860_rank933,470,470,0.85958,0
ILSVRC2012_val_00020730_with_ILSVRC2012_val_00004588_rank913,552,552,0.56619,0
ILSVRC2012_val_00020730_with_ILSVRC2012_val_00021361_rank078,366,366,0.98664,0
ILSVRC2012_val_00020730_with_ILSVRC2012_val_00002706_rank490,247,218,0.7001,3
ILSVRC2012_val_00020730_with_ILSVRC2012_val_00028741_rank893,494,971,0.9716,205
ILSVRC2012_val_00020730_with_ILSVRC2012_val_00026339_rank123,150,150,0.68617,0
ILSVRC2012_val_00020730_with_ILSVRC2012_val_00014695_rank808,539,695,0.13406,59
ILSVRC2012_val_00020730_with_ILSVRC2012_val_00027013_rank717,281,286,0.84066,8
ILSVRC2012_val_00020730_with_ILSVRC2012_val_00028607_rank010,15,15,0.99968,0
ILSVRC2012_val_00020730_with_ILSVRC2012_val_00045168_rank940,811,844,0.51923,20
ILSVRC2012_val_00020730_with_ILSVRC2012_val_00028421_rank399,873,873,0.28562,0
ILSVRC2012_val_00020730_with_ILSVRC2012_val_00016302_rank459,263,264,0.86357,1
ILSVRC2012_val_00020730_with_ILSVRC2012_val_00031339_rank320,353,353,0.98886,0
ILSVRC2012_val_00020730_with_ILSVRC2012_val_00025640_rank265,3,3,0.09308,0
ILSVRC2012_val_00020730_with_ILSVRC2012_val_00030723_rank435,517,998,0.09893,887
ILSVRC2012_val_00020730_with_ILSVRC2012_val_00012142_rank399,873,497,0.85327,12
ILSVRC2012_val_00020730_with_ILSVRC2012_val_00046808_rank784,504,504,0.62065,0
ILSVRC2012_val_00020730_with_ILSVRC2012_val_00033341_rank565,224,350,0.33528,436
ILSVRC2012_val_00020730_with_ILSVRC2012_val_00033260_rank499,956,956,0.99189,0
ILSVRC2012_val_00020730_with_ILSVRC2012_val_00034970_rank489,60,60,0.34039,0
ILSVRC2012_val_00020730_with_ILSVRC2012_val_00031485_rank313,671,671,0.17996,0
ILSVRC2012_val_00020730_with_ILSVRC2012_val_00023200_rank892,679,42,0.09484,232
ILSVRC2012_val_00020730_with_ILSVRC2012_val_00004995_rank938,207,207,0.85283,0
ILSVRC2012_val_00020730_with_ILSVRC2012_val_00010151_rank102,320,313,0.44518,6
ILSVRC2012_val_00020730_with_ILSVRC2012_val_00029369_rank404,724,20,0.49568,396
ILSVRC2012_val_00020730_with_ILSVRC2012_val_00002655_rank025,17,17,0.99986,0
ILSVRC2012_val_00020730_with_ILSVRC2012_val_00031912_rank611,957,957,0.99174,0
ILSVRC2012_val_00020730_with_ILSVRC2012_val_00030197_rank181,937,937,0.93647,0
ILSVRC2012_val_00020730_with_ILSVRC2012_val_00049910_rank186,640,835,0.75648,4
ILSVRC2012_val_00020730_with_ILSVRC2012_val_00040475_rank465,936,936,0.3302,0
ILSVRC2012_val_00020730_with_ILSVRC2012_val_00004246_rank936,736,736,0.70387,0
ILSVRC2012_val_00020730_with_ILSVRC2012_val_00038562_rank400,647,647,0.95063,0
ILSVRC2012_val_00020730_with_ILSVRC2012_val_00048663_rank934,223,223,0.61548,0
ILSVRC2012_val_00020730_with_ILSVRC2012_val_00030431_rank020,94,94,0.99947,0
ILSVRC2012_val_00020730_with_ILSVRC2012_val_00004273_rank170,961,947,0.22741,51
ILSVRC2012_val_00020730_with_ILSVRC2012_val_00015788_rank735,411,47,0.23316,753
ILSVRC2012_val_00020730_with_ILSVRC2012_val_00011525_rank213,121,992,0.7249,54
ILSVRC2012_val_00020730_with_ILSVRC2012_val_00002032_rank881,577,577,0.11673,0
ILSVRC2012_val_00020730_with_ILSVRC2012_val_00013212_rank060,21,91,0.71266,4
ILSVRC2012_val_00020730_with_ILSVRC2012_val_00015762_rank513,56,56,0.99013,0
ILSVRC2012_val_00020730_with_ILSVRC2012_val_00024558_rank310,301,301,0.98877,0
ILSVRC2012_val_00020730_with_ILSVRC2012_val_00047900_rank127,693,129,0.16657,66
ILSVRC2012_val_00020730_with_ILSVRC2012_val_00038789_rank395,231,231,0.99864,0
ILSVRC2012_val_00020730_with_ILSVRC2012_val_00044929_rank227,361,375,0.52754,6
ILSVRC2012_val_00020730_with_ILSVRC2012_val_00015791_rank952,607,607,0.99935,0
ILSVRC2012_val_00020730_with_ILSVRC2012_val_00044179_rank937,636,791,0.21988,181
ILSVRC2012_val_00020730_with_ILSVRC2012_val_00049520_rank772,696,328,0.17043,137
ILSVRC2012_val_00020730_with_ILSVRC2012_val_00006814_rank009,137,137,0.99999,0
ILSVRC2012_val_00020730_with_ILSVRC2012_val_00034767_rank222,108,135,0.35755,477
ILSVRC2012_val_00020730_with_ILSVRC2012_val_00009283_rank403,376,376,0.9999,0
ILSVRC2012_val_00020730_with_ILSVRC2012_val_00029709_rank028,12,12,0.51582,0
ILSVRC2012_val_00020730_with_ILSVRC2012_val_00001969_rank694,727,727,0.99893,0
ILSVRC2012_val_00020730_with_ILSVRC2012_val_00009533_rank361,396,396,0.99661,0
ILSVRC2012_val_00020730_with_ILSVRC2012_val_00005057_rank808,539,919,0.31655,26
ILSVRC2012_val_00020730_with_ILSVRC2012_val_00006586_rank479,236,236,0.8622,0
ILSVRC2012_val_00020730_with_ILSVRC2012_val_00029010_rank545,115,947,0.10772,76
ILSVRC2012_val_00020730_with_ILSVRC2012_val_00048719_rank290,392,392,0.99929,0
ILSVRC2012_val_00020730_with_ILSVRC2012_val_00018352_rank863,595,676,0.19577,669
ILSVRC2012_val_00020730_with_ILSVRC2012_val_00025915_rank814,518,81,0.06582,546
ILSVRC2012_val_00020730_with_ILSVRC2012_val_00023339_rank941,118,119,0.92719,2
ILSVRC2012_val_00020730_with_ILSVRC2012_val_00035701_rank491,856,856,0.47854,0
ILSVRC2012_val_00020730_with_ILSVRC2012_val_00018826_rank503,248,248,0.48269,0
ILSVRC2012_val_00020730_with_ILSVRC2012_val_00006782_rank837,486,94,0.67625,565
ILSVRC2012_val_00020730_with_ILSVRC2012_val_00019781_rank656,902,677,0.14984,318
ILSVRC2012_val_00020730_with_ILSVRC2012_val_00027685_rank943,808,808,0.99848,0
ILSVRC2012_val_00020730_with_ILSVRC2012_val_00041272_rank674,351,350,0.99957,5
ILSVRC2012_val_00020730_with_ILSVRC2012_val_00026806_rank982,710,710,0.49393,0
ILSVRC2012_val_00020730_with_ILSVRC2012_val_00020112_rank878,779,779,0.99699,0
ILSVRC2012_val_00020730_with_ILSVRC2012_val_00023221_rank430,436,436,0.93913,0
ILSVRC2012_val_00020730_with_ILSVRC2012_val_00014243_rank386,645,319,0.96764,164
ILSVRC2012_val_00020730_with_ILSVRC2012_val_00015604_rank733,754,754,0.61416,0
ILSVRC2012_val_00020730_with_ILSVRC2012_val_00005359_rank856,796,796,0.99698,0
ILSVRC2012_val_00020730_with_ILSVRC2012_val_00021373_rank971,866,866,0.90215,0
ILSVRC2012_val_00020730_with_ILSVRC2012_val_00046121_rank599,864,864,0.87655,0
ILSVRC2012_val_00020730_with_ILSVRC2012_val_00012554_rank036,132,134,0.78686,3
ILSVRC2012_val_00020730_with_ILSVRC2012_val_00030208_rank253,895,835,0.69896,220
ILSVRC2012_val_00020730_with_ILSVRC2012_val_00047824_rank948,567,567,0.69921,0
ILSVRC2012_val_00020730_with_ILSVRC2012_val_00033782_rank108,297,295,0.98987,1
ILSVRC2012_val_00020730_with_ILSVRC2012_val_00028661_rank920,219,219,0.75317,0
ILSVRC2012_val_00020730_with_ILSVRC2012_val_00029840_rank912,606,606,0.99918,0
ILSVRC2012_val_00020730_with_ILSVRC2012_val_00038207_rank815,474,494,0.10808,737
ILSVRC2012_val_00020730_with_ILSVRC2012_val_00044642_rank285,152,152,0.80203,0
ILSVRC2012_val_00020730_with_ILSVRC2012_val_00022947_rank241,276,276,0.99477,0
ILSVRC2012_val_00020730_with_ILSVRC2012_val_00016132_rank108,297,295,0.86586,1
ILSVRC2012_val_00020730_with_ILSVRC2012_val_00023959_rank730,843,20,0.12184,687
ILSVRC2012_val_00020730_with_ILSVRC2012_val_00032707_rank892,679,81,0.13564,568
ILSVRC2012_val_00020730_with_ILSVRC2012_val_00012019_rank965,683,320,0.1475,150
ILSVRC2012_val_00020730_with_ILSVRC2012_val_00012543_rank335,694,703,0.7109,58
ILSVRC2012_val_00020730_with_ILSVRC2012_val_00017132_rank195,209,209,0.87554,0
ILSVRC2012_val_00020730_with_ILSVRC2012_val_00040280_rank840,954,954,0.88172,0
ILSVRC2012_val_00020730_with_ILSVRC2012_val_00042149_rank737,712,971,0.18093,10
ILSVRC2012_val_00020730_with_ILSVRC2012_val_00012109_rank584,63,59,0.16469,13
ILSVRC2012_val_00020730_with_ILSVRC2012_val_00017667_rank381,109,109,0.33931,0
ILSVRC2012_val_00020730_with_ILSVRC2012_val_00031704_rank398,123,319,0.24523,92
ILSVRC2012_val_00020730_with_ILSVRC2012_val_00046390_rank601,262,262,0.99949,0
ILSVRC2012_val_00020730_with_ILSVRC2012_val_00012097_rank780,910,325,0.25944,434
ILSVRC2012_val_00020730_with_ILSVRC2012_val_00043101_rank444,429,429,0.99996,0
ILSVRC2012_val_00020730_with_ILSVRC2012_val_00044198_rank700,708,783,0.82853,359
ILSVRC2012_val_00020730_with_ILSVRC2012_val_00034626_rank422,325,325,0.97093,0
ILSVRC2012_val_00020730_with_ILSVRC2012_val_00003969_rank263,964,990,0.37373,290
ILSVRC2012_val_00020730_with_ILSVRC2012_val_00043798_rank466,43,43,0.5614,0
ILSVRC2012_val_00020730_with_ILSVRC2012_val_00000764_rank747,555,803,0.97531,11
ILSVRC2012_val_00020730_with_ILSVRC2012_val_00022936_rank299,751,671,0.19632,35
ILSVRC2012_val_00020730_with_ILSVRC2012_val_00027800_rank444,429,429,0.99903,0
ILSVRC2012_val_00020730_with_ILSVRC2012_val_00043978_rank297,46,42,0.06541,6
ILSVRC2012_val_00020730_with_ILSVRC2012_val_00045490_rank391,675,609,0.43375,28
ILSVRC2012_val_00020730_with_ILSVRC2012_val_00030454_rank236,847,847,0.9956,0
ILSVRC2012_val_00020730_with_ILSVRC2012_val_00008890_rank480,752,852,0.99829,1
ILSVRC2012_val_00020730_with_ILSVRC2012_val_00049281_rank557,197,197,0.31147,0
ILSVRC2012_val_00020730_with_ILSVRC2012_val_00039109_rank566,359,358,0.83146,2
ILSVRC2012_val_00020730_with_ILSVRC2012_val_00027165_rank395,231,231,0.92514,0
ILSVRC2012_val_00020730_with_ILSVRC2012_val_00045720_rank331,184,185,0.3365,5
ILSVRC2012_val_00020730_with_ILSVRC2012_val_00035287_rank270,84,84,0.99603,0
ILSVRC2012_val_00020730_with_ILSVRC2012_val_00040049_rank079,336,336,0.99748,0
ILSVRC2012_val_00020730_with_ILSVRC2012_val_00017358_rank428,339,350,0.59926,83
ILSVRC2012_val_00020730_with_ILSVRC2012_val_00017669_rank032,30,30,0.75009,0
ILSVRC2012_val_00020730_with_ILSVRC2012_val_00027338_rank590,462,462,0.97789,0
ILSVRC2012_val_00020730_with_ILSVRC2012_val_00040798_rank068,391,391,0.8508,0
ILSVRC2012_val_00020730_with_ILSVRC2012_val_00032262_rank918,929,179,0.29493,140
ILSVRC2012_val_00020730_with_ILSVRC2012_val_00038684_rank662,355,299,0.76056,48
ILSVRC2012_val_00020730_with_ILSVRC2012_val_00038934_rank453,573,491,0.79184,54
ILSVRC2012_val_00020730_with_ILSVRC2012_val_00002390_rank813,630,630,0.08431,0
ILSVRC2012_val_00020730_with_ILSVRC2012_val_00012634_rank286,574,947,0.13193,16
ILSVRC2012_val_00020730_with_ILSVRC2012_val_00047713_rank110,26,63,0.60701,93
ILSVRC2012_val_00020730_with_ILSVRC2012_val_00017899_rank199,29,29,0.73466,0
ILSVRC2012_val_00020730_with_ILSVRC2012_val_00040909_rank203,240,240,0.9864,0
ILSVRC2012_val_00020730_with_ILSVRC2012_val_00016477_rank324,829,781,0.97067,68
ILSVRC2012_val_00020730_with_ILSVRC2012_val_00036982_rank193,66,66,0.73322,0
ILSVRC2012_val_00020730_with_ILSVRC2012_val_00016347_rank339,4,4,0.61345,0
ILSVRC2012_val_00020730_with_ILSVRC2012_val_00018259_rank980,678,448,0.10573,973
ILSVRC2012_val_00020730_with_ILSVRC2012_val_00015936_rank927,917,356,0.12564,973
ILSVRC2012_val_00020730_with_ILSVRC2012_val_00013014_rank500,871,871,0.43487,0
ILSVRC2012_val_00020730_with_ILSVRC2012_val_00033663_rank697,849,849,0.99165,0
ILSVRC2012_val_00020730_with_ILSVRC2012_val_00040141_rank232,924,924,0.92589,0
ILSVRC2012_val_00020730_with_ILSVRC2012_val_00024431_rank640,192,186,0.16676,3
ILSVRC2012_val_00020730_with_ILSVRC2012_val_00048653_rank730,843,494,0.59805,45
ILSVRC2012_val_00020730_with_ILSVRC2012_val_00030973_rank546,934,993,0.69548,123
ILSVRC2012_val_00020730_with_ILSVRC2012_val_00042978_rank100,274,274,0.99984,0
ILSVRC2012_val_00020730_with_ILSVRC2012_val_00017443_rank948,567,828,0.19121,12
ILSVRC2012_val_00020730_with_ILSVRC2012_val_00038390_rank299,751,751,0.41028,0
ILSVRC2012_val_00020730_with_ILSVRC2012_val_00021684_rank724,667,862,0.20806,96
ILSVRC2012_val_00020730_with_ILSVRC2012_val_00008303_rank830,180,180,0.75567,0
ILSVRC2012_val_00020730_with_ILSVRC2012_val_00020934_rank112,349,20,0.10074,104
ILSVRC2012_val_00020730_with_ILSVRC2012_val_00019133_rank637,601,324,0.17083,179
ILSVRC2012_val_00020730_with_ILSVRC2012_val_00013243_rank796,199,199,0.31193,0
ILSVRC2012_val_00020730_with_ILSVRC2012_val_00032444_rank902,635,635,0.96018,0
ILSVRC2012_val_00020730_with_ILSVRC2012_val_00032695_rank200,996,996,0.3864,0
ILSVRC2012_val_00020730_with_ILSVRC2012_val_00040805_rank139,316,316,0.99973,0
ILSVRC2012_val_00020730_with_ILSVRC2012_val_00024795_rank292,68,66,0.55206,1
ILSVRC2012_val_00020730_with_ILSVRC2012_val_00029808_rank987,523,313,0.36507,265
ILSVRC2012_val_00020730_with_ILSVRC2012_val_00037578_rank434,550,550,0.89322,0
ILSVRC2012_val_00020730_with_ILSVRC2012_val_00042718_rank189,947,113,0.25169,10
ILSVRC2012_val_00020730_with_ILSVRC2012_val_00043469_rank616,590,590,0.91925,0
ILSVRC2012_val_00020730_with_ILSVRC2012_val_00002380_rank243,927,927,0.97964,0
ILSVRC2012_val_00020730_with_ILSVRC2012_val_00012083_rank523,400,501,0.2084,4
ILSVRC2012_val_00020730_with_ILSVRC2012_val_00011919_rank869,709,584,0.13854,32
ILSVRC2012_val_00020730_with_ILSVRC2012_val_00042028_rank964,545,545,0.96886,0
ILSVRC2012_val_00020730_with_ILSVRC2012_val_00029158_rank408,783,783,0.91643,0
ILSVRC2012_val_00020730_with_ILSVRC2012_val_00047228_rank703,952,952,0.98359,0
ILSVRC2012_val_00020730_with_ILSVRC2012_val_00049689_rank246,493,519,0.14797,24
ILSVRC2012_val_00020730_with_ILSVRC2012_val_00038291_rank052,294,299,0.43214,71
ILSVRC2012_val_00020730_with_ILSVRC2012_val_00009306_rank781,456,313,0.55918,21
ILSVRC2012_val_00020730_with_ILSVRC2012_val_00045069_rank596,505,505,0.35239,0
ILSVRC2012_val_00020730_with_ILSVRC2012_val_00021775_rank473,468,42,0.19437,903
ILSVRC2012_val_00020730_with_ILSVRC2012_val_00002678_rank098,147,326,0.41052,280
ILSVRC2012_val_00020730_with_ILSVRC2012_val_00048773_rank163,472,472,0.29434,0
ILSVRC2012_val_00020730_with_ILSVRC2012_val_00015078_rank636,561,561,0.99963,0
ILSVRC2012_val_00020730_with_ILSVRC2012_val_00039178_rank023,360,360,0.63722,0
ILSVRC2012_val_00020730_with_ILSVRC2012_val_00023615_rank563,250,249,0.37331,2
ILSVRC2012_val_00020730_with_ILSVRC2012_val_00044517_rank976,861,861,0.79564,0
ILSVRC2012_val_00020730_with_ILSVRC2012_val_00047947_rank296,949,992,0.46675,15
ILSVRC2012_val_00020730_with_ILSVRC2012_val_00012537_rank580,931,932,0.25334,1
ILSVRC2012_val_00020730_with_ILSVRC2012_val_00001920_rank564,943,943,0.96347,0
ILSVRC2012_val_00020730_with_ILSVRC2012_val_00017847_rank240,609,609,0.99949,0
ILSVRC2012_val_00020730_with_ILSVRC2012_val_00044904_rank397,190,190,0.99611,0
ILSVRC2012_val_00020730_with_ILSVRC2012_val_00012229_rank340,45,45,0.99916,0
ILSVRC2012_val_00020730_with_ILSVRC2012_val_00027466_rank923,702,313,0.227,166
ILSVRC2012_val_00020730_with_ILSVRC2012_val_00027135_rank901,568,336,0.11978,198
ILSVRC2012_val_00020730_with_ILSVRC2012_val_00009223_rank926,790,504,0.09402,919
ILSVRC2012_val_00020730_with_ILSVRC2012_val_00039300_rank639,904,807,0.13018,7
ILSVRC2012_val_00020730_with_ILSVRC2012_val_00021050_rank500,871,780,0.31538,4
ILSVRC2012_val_00020730_with_ILSVRC2012_val_00002303_rank169,220,350,0.92711,197
ILSVRC2012_val_00020730_with_ILSVRC2012_val_00030737_rank318,288,288,0.87775,0
ILSVRC2012_val_00020730_with_ILSVRC2012_val_00045358_rank996,151,273,0.34744,17
ILSVRC2012_val_00020730_with_ILSVRC2012_val_00004022_rank994,998,941,0.18629,31
ILSVRC2012_val_00020730_with_ILSVRC2012_val_00007630_rank027,85,85,0.99089,0
ILSVRC2012_val_00020730_with_ILSVRC2012_val_00004741_rank434,550,518,0.07343,162
ILSVRC2012_val_00020730_with_ILSVRC2012_val_00024735_rank429,795,733,0.10634,47
ILSVRC2012_val_00020730_with_ILSVRC2012_val_00019120_rank880,234,214,0.5777,3
ILSVRC2012_val_00020730_with_ILSVRC2012_val_00020881_rank588,687,448,0.29335,449
ILSVRC2012_val_00020730_with_ILSVRC2012_val_00026086_rank563,250,248,0.43827,1
ILSVRC2012_val_00020730_with_ILSVRC2012_val_00011999_rank636,561,561,0.99928,0
ILSVRC2012_val_00020730_with_ILSVRC2012_val_00033638_rank673,945,945,0.96718,0
ILSVRC2012_val_00020730_with_ILSVRC2012_val_00040386_rank855,226,207,0.35166,45
ILSVRC2012_val_00020730_with_ILSVRC2012_val_00002555_rank368,768,852,0.1162,23
ILSVRC2012_val_00020730_with_ILSVRC2012_val_00021206_rank331,184,184,0.73337,0
ILSVRC2012_val_00020730_with_ILSVRC2012_val_00010354_rank436,215,215,0.7048,0
ILSVRC2012_val_00020730_with_ILSVRC2012_val_00030515_rank238,23,23,0.80055,0
ILSVRC2012_val_00020730_with_ILSVRC2012_val_00021132_rank426,689,601,0.17247,1
ILSVRC2012_val_00020730_with_ILSVRC2012_val_00005482_rank129,300,300,0.86039,0
ILSVRC2012_val_00020730_with_ILSVRC2012_val_00029421_rank310,301,301,0.95732,0
ILSVRC2012_val_00020730_with_ILSVRC2012_val_00037672_rank402,90,90,0.99947,0
ILSVRC2012_val_00020730_with_ILSVRC2012_val_00028107_rank096,8,81,0.94918,6
ILSVRC2012_val_00020730_with_ILSVRC2012_val_00036456_rank659,682,682,0.98094,0
ILSVRC2012_val_00020730_with_ILSVRC2012_val_00038976_rank579,285,282,0.46215,2
ILSVRC2012_val_00020730_with_ILSVRC2012_val_00041811_rank700,708,483,0.89599,57
ILSVRC2012_val_00020730_with_ILSVRC2012_val_00044796_rank896,806,806,0.98399,0
ILSVRC2012_val_00020730_with_ILSVRC2012_val_00027115_rank357,922,868,0.17382,18
ILSVRC2012_val_00020730_with_ILSVRC2012_val_00022724_rank202,997,997,0.29952,0
ILSVRC2012_val_00020730_with_ILSVRC2012_val_00032676_rank426,689,689,0.3238,0
ILSVRC2012_val_00020730_with_ILSVRC2012_val_00031721_rank859,154,154,0.9751,0
ILSVRC2012_val_00020730_with_ILSVRC2012_val_00004142_rank336,408,847,0.85872,1
ILSVRC2012_val_00020730_with_ILSVRC2012_val_00001624_rank185,257,151,0.12537,65
ILSVRC2012_val_00020730_with_ILSVRC2012_val_00043097_rank216,149,149,0.15762,0
ILSVRC2012_val_00020730_with_ILSVRC2012_val_00020048_rank989,633,633,0.27495,0
ILSVRC2012_val_00020730_with_ILSVRC2012_val_00010562_rank139,316,316,0.96709,0
ILSVRC2012_val_00020730_with_ILSVRC2012_val_00011691_rank835,566,989,0.81549,829
ILSVRC2012_val_00020730_with_ILSVRC2012_val_00039887_rank754,426,426,0.43994,0
ILSVRC2012_val_00020730_with_ILSVRC2012_val_00021593_rank172,64,64,0.96625,0
ILSVRC2012_val_00020730_with_ILSVRC2012_val_00035617_rank591,599,599,0.99657,0
ILSVRC2012_val_00020730_with_ILSVRC2012_val_00043067_rank370,375,375,0.96759,0
ILSVRC2012_val_00020730_with_ILSVRC2012_val_00019479_rank577,734,23,0.20641,924
ILSVRC2012_val_00020730_with_ILSVRC2012_val_00020907_rank097,34,34,0.16946,0
ILSVRC2012_val_00020730_with_ILSVRC2012_val_00021702_rank978,541,898,0.19853,189
ILSVRC2012_val_00020730_with_ILSVRC2012_val_00013278_rank1000,254,254,0.95518,0
ILSVRC2012_val_00020730_with_ILSVRC2012_val_00014328_rank205,9,9,0.99389,0
ILSVRC2012_val_00020730_with_ILSVRC2012_val_00010821_rank596,505,505,0.90428,0
ILSVRC2012_val_00020730_with_ILSVRC2012_val_00022485_rank783,273,269,0.48779,2
ILSVRC2012_val_00020730_with_ILSVRC2012_val_00010539_rank072,127,127,0.85214,0
ILSVRC2012_val_00020730_with_ILSVRC2012_val_00039371_rank150,935,935,0.4405,0
ILSVRC2012_val_00020730_with_ILSVRC2012_val_00019242_rank694,727,336,0.05096,790
ILSVRC2012_val_00020730_with_ILSVRC2012_val_00023315_rank188,625,625,0.99866,0
ILSVRC2012_val_00020730_with_ILSVRC2012_val_00011660_rank115,449,437,0.69462,14
ILSVRC2012_val_00020730_with_ILSVRC2012_val_00008478_rank335,694,728,0.06152,919
ILSVRC2012_val_00020730_with_ILSVRC2012_val_00038467_rank314,985,70,0.92601,43
ILSVRC2012_val_00020730_with_ILSVRC2012_val_00011633_rank290,392,392,0.99991,0
ILSVRC2012_val_00020730_with_ILSVRC2012_val_00009534_rank723,235,274,0.96267,59
ILSVRC2012_val_00020730_with_ILSVRC2012_val_00002183_rank924,414,414,0.79301,0
ILSVRC2012_val_00020730_with_ILSVRC2012_val_00007490_rank219,437,437,0.96578,0
ILSVRC2012_val_00020730_with_ILSVRC2012_val_00020210_rank983,738,326,0.15599,340
ILSVRC2012_val_00020730_with_ILSVRC2012_val_00045126_rank775,953,953,0.98792,0
ILSVRC2012_val_00020730_with_ILSVRC2012_val_00045122_rank544,942,947,0.6156,31
ILSVRC2012_val_00020730_with_ILSVRC2012_val_00040949_rank970,439,128,0.16064,491
ILSVRC2012_val_00020730_with_ILSVRC2012_val_00027407_rank905,891,835,0.12318,245
ILSVRC2012_val_00020730_with_ILSVRC2012_val_00010060_rank458,602,92,0.09136,74
ILSVRC2012_val_00020730_with_ILSVRC2012_val_00044583_rank844,587,596,0.21014,1
ILSVRC2012_val_00020730_with_ILSVRC2012_val_00025766_rank281,489,489,0.77325,0
ILSVRC2012_val_00020730_with_ILSVRC2012_val_00031280_rank760,471,471,0.85123,0
ILSVRC2012_val_00020730_with_ILSVRC2012_val_00004449_rank416,242,242,0.99632,0
ILSVRC2012_val_00020730_with_ILSVRC2012_val_00020004_rank988,740,448,0.19165,547
ILSVRC2012_val_00020730_with_ILSVRC2012_val_00023618_rank704,664,664,0.47505,0
ILSVRC2012_val_00020730_with_ILSVRC2012_val_00045096_rank880,234,234,0.9958,0
ILSVRC2012_val_00020730_with_ILSVRC2012_val_00032265_rank496,311,311,0.99523,0
ILSVRC2012_val_00020730_with_ILSVRC2012_val_00027207_rank328,7,7,0.99456,0
ILSVRC2012_val_00020730_with_ILSVRC2012_val_00022291_rank726,703,703,0.74002,0
ILSVRC2012_val_00020730_with_ILSVRC2012_val_00031788_rank967,987,116,0.55636,290
ILSVRC2012_val_00020730_with_ILSVRC2012_val_00003497_rank613,789,448,0.10026,363
ILSVRC2012_val_00020730_with_ILSVRC2012_val_00032117_rank1000,254,254,0.8814,0
ILSVRC2012_val_00020730_with_ILSVRC2012_val_00004590_rank120,322,113,0.24031,28
ILSVRC2012_val_00020730_with_ILSVRC2012_val_00019134_rank395,231,230,0.41608,2
ILSVRC2012_val_00020730_with_ILSVRC2012_val_00029152_rank601,262,236,0.30121,69
ILSVRC2012_val_00020730_with_ILSVRC2012_val_00021293_rank746,704,704,0.99994,0
ILSVRC2012_val_00020730_with_ILSVRC2012_val_00023991_rank941,118,947,0.14192,107
ILSVRC2012_val_00020730_with_ILSVRC2012_val_00027924_rank360,572,572,0.61627,0
ILSVRC2012_val_00020730_with_ILSVRC2012_val_00000333_rank1000,254,24,0.11032,374
ILSVRC2012_val_00020730_with_ILSVRC2012_val_00012364_rank796,199,199,0.98123,0
ILSVRC2012_val_00020730_with_ILSVRC2012_val_00048985_rank831,631,720,0.8638,5
ILSVRC2012_val_00020730_with_ILSVRC2012_val_00003556_rank244,298,988,0.09016,322
ILSVRC2012_val_00020730_with_ILSVRC2012_val_00007423_rank046,100,100,0.99994,0
ILSVRC2012_val_00020730_with_ILSVRC2012_val_00038867_rank725,204,204,0.47393,0
ILSVRC2012_val_00020730_with_ILSVRC2012_val_00010835_rank281,489,489,0.23388,0
ILSVRC2012_val_00020730_with_ILSVRC2012_val_00007556_rank976,861,731,0.25048,7
ILSVRC2012_val_00020730_with_ILSVRC2012_val_00042394_rank288,166,166,0.80782,0
ILSVRC2012_val_00020730_with_ILSVRC2012_val_00009017_rank947,872,872,0.99859,0
ILSVRC2012_val_00020730_with_ILSVRC2012_val_00004184_rank688,832,832,0.23377,0
ILSVRC2012_val_00020730_with_ILSVRC2012_val_00019837_rank547,407,407,0.99943,0
ILSVRC2012_val_00020730_with_ILSVRC2012_val_00007558_rank272,65,65,0.9857,0
ILSVRC2012_val_00020730_with_ILSVRC2012_val_00001480_rank017,86,86,0.90766,0
ILSVRC2012_val_00020730_with_ILSVRC2012_val_00008723_rank893,494,971,0.47987,205
ILSVRC2012_val_00020730_with_ILSVRC2012_val_00032555_rank425,894,448,0.19521,340
ILSVRC2012_val_00020730_with_ILSVRC2012_val_00038172_rank355,839,483,0.83499,5
ILSVRC2012_val_00020730_with_ILSVRC2012_val_00014445_rank974,546,596,0.24001,60
ILSVRC2012_val_00020730_with_ILSVRC2012_val_00022497_rank929,451,451,0.97807,0
ILSVRC2012_val_00020730_with_ILSVRC2012_val_00038250_rank060,21,21,0.98422,0
ILSVRC2012_val_00020730_with_ILSVRC2012_val_00033387_rank649,867,867,0.98661,0
ILSVRC2012_val_00020730_with_ILSVRC2012_val_00037592_rank835,566,566,0.99935,0
ILSVRC2012_val_00020730_with_ILSVRC2012_val_00023871_rank579,285,285,0.9564,0
ILSVRC2012_val_00020730_with_ILSVRC2012_val_00038466_rank102,320,319,0.30005,1
ILSVRC2012_val_00020730_with_ILSVRC2012_val_00037761_rank883,413,413,0.27205,0
ILSVRC2012_val_00020730_with_ILSVRC2012_val_00007536_rank835,566,326,0.47932,570
ILSVRC2012_val_00020730_with_ILSVRC2012_val_00020750_rank600,767,502,0.17516,122
ILSVRC2012_val_00020730_with_ILSVRC2012_val_00018610_rank879,542,42,0.07477,762
ILSVRC2012_val_00020730_with_ILSVRC2012_val_00049629_rank241,276,227,0.28709,193
ILSVRC2012_val_00020730_with_ILSVRC2012_val_00034994_rank387,660,437,0.71974,53
ILSVRC2012_val_00020730_with_ILSVRC2012_val_00035794_rank214,205,208,0.34383,5
ILSVRC2012_val_00020730_with_ILSVRC2012_val_00033559_rank805,444,870,0.57714,4
ILSVRC2012_val_00020730_with_ILSVRC2012_val_00002804_rank275,946,946,0.94995,0
ILSVRC2012_val_00020730_with_ILSVRC2012_val_00044785_rank450,757,757,0.97015,0
ILSVRC2012_val_00020730_with_ILSVRC2012_val_00010926_rank652,851,827,0.32662,28
ILSVRC2012_val_00020730_with_ILSVRC2012_val_00005102_rank212,576,321,0.39475,327
ILSVRC2012_val_00020730_with_ILSVRC2012_val_00013716_rank264,0,42,0.08079,415
ILSVRC2012_val_00020730_with_ILSVRC2012_val_00022185_rank229,348,348,0.99088,0
ILSVRC2012_val_00020730_with_ILSVRC2012_val_00022492_rank057,135,135,0.99999,0
ILSVRC2012_val_00020730_with_ILSVRC2012_val_00006947_rank147,218,218,0.99896,0
ILSVRC2012_val_00020730_with_ILSVRC2012_val_00024098_rank013,81,81,0.97478,0
ILSVRC2012_val_00020730_with_ILSVRC2012_val_00047318_rank388,352,350,0.70162,6
ILSVRC2012_val_00020730_with_ILSVRC2012_val_00013617_rank293,72,72,0.65254,0
ILSVRC2012_val_00020730_with_ILSVRC2012_val_00005950_rank317,663,483,0.96047,3
ILSVRC2012_val_00020730_with_ILSVRC2012_val_00019664_rank109,324,324,0.99896,0
ILSVRC2012_val_00020730_with_ILSVRC2012_val_00035409_rank135,312,70,0.95821,8
ILSVRC2012_val_00020730_with_ILSVRC2012_val_00012477_rank937,636,315,0.48686,577
ILSVRC2012_val_00020730_with_ILSVRC2012_val_00023274_rank892,679,989,0.70165,69
ILSVRC2012_val_00020730_with_ILSVRC2012_val_00037918_rank186,640,640,0.93057,0
ILSVRC2012_val_00020730_with_ILSVRC2012_val_00028381_rank114,319,319,0.98153,0
ILSVRC2012_val_00020730_with_ILSVRC2012_val_00048495_rank317,663,413,0.21048,254
ILSVRC2012_val_00020730_with_ILSVRC2012_val_00027696_rank639,904,904,0.48482,0
ILSVRC2012_val_00020730_with_ILSVRC2012_val_00015427_rank405,198,198,0.80158,0
ILSVRC2012_val_00020730_with_ILSVRC2012_val_00046461_rank801,846,947,0.21821,310
ILSVRC2012_val_00020730_with_ILSVRC2012_val_00005421_rank960,691,89,0.41989,961
ILSVRC2012_val_00020730_with_ILSVRC2012_val_00047061_rank292,68,60,0.51029,5
ILSVRC2012_val_00020730_with_ILSVRC2012_val_00047980_rank657,955,494,0.60144,580
ILSVRC2012_val_00020730_with_ILSVRC2012_val_00029353_rank708,213,213,0.99737,0
ILSVRC2012_val_00020730_with_ILSVRC2012_val_00048643_rank514,896,896,0.51608,0
ILSVRC2012_val_00020730_with_ILSVRC2012_val_00012712_rank355,839,839,0.98295,0
ILSVRC2012_val_00020730_with_ILSVRC2012_val_00008589_rank827,584,596,0.45007,176
ILSVRC2012_val_00020730_with_ILSVRC2012_val_00022718_rank722,579,835,0.17153,110
ILSVRC2012_val_00020730_with_ILSVRC2012_val_00033071_rank196,438,711,0.12163,16
ILSVRC2012_val_00020730_with_ILSVRC2012_val_00028332_rank207,179,179,0.86659,0
ILSVRC2012_val_00020730_with_ILSVRC2012_val_00026053_rank582,878,810,0.67138,1
ILSVRC2012_val_00020730_with_ILSVRC2012_val_00043694_rank489,60,52,0.10949,4
ILSVRC2012_val_00020730_with_ILSVRC2012_val_00044471_rank453,573,751,0.40571,1
ILSVRC2012_val_00020730_with_ILSVRC2012_val_00006293_rank279,965,993,0.80875,46
ILSVRC2012_val_00020730_with_ILSVRC2012_val_00003684_rank883,413,764,0.63312,1
ILSVRC2012_val_00020730_with_ILSVRC2012_val_00038230_rank215,37,37,0.83669,0
ILSVRC2012_val_00020730_with_ILSVRC2012_val_00020136_rank717,281,282,0.83048,1
ILSVRC2012_val_00020730_with_ILSVRC2012_val_00048680_rank875,686,783,0.36158,9
ILSVRC2012_val_00020730_with_ILSVRC2012_val_00002330_rank990,246,246,0.81606,0
ILSVRC2012_val_00020730_with_ILSVRC2012_val_00022575_rank899,719,719,0.97013,0
ILSVRC2012_val_00020730_with_ILSVRC2012_val_00008727_rank291,268,172,0.07762,27
ILSVRC2012_val_00020730_with_ILSVRC2012_val_00038606_rank049,119,32,0.54954,17
ILSVRC2012_val_00020730_with_ILSVRC2012_val_00021698_rank582,878,810,0.52822,1
ILSVRC2012_val_00020730_with_ILSVRC2012_val_00024756_rank932,251,251,0.85494,0
ILSVRC2012_val_00020730_with_ILSVRC2012_val_00025268_rank221,33,35,0.60397,3
ILSVRC2012_val_00020730_with_ILSVRC2012_val_00007361_rank231,755,755,0.99881,0
ILSVRC2012_val_00020730_with_ILSVRC2012_val_00003432_rank957,401,401,0.9999,0
ILSVRC2012_val_00020730_with_ILSVRC2012_val_00043990_rank027,85,85,0.99747,0
ILSVRC2012_val_00020730_with_ILSVRC2012_val_00047595_rank519,717,717,0.99713,0
ILSVRC2012_val_00020730_with_ILSVRC2012_val_00010009_rank217,803,866,0.58283,2
ILSVRC2012_val_00020730_with_ILSVRC2012_val_00049769_rank726,703,703,0.94763,0
ILSVRC2012_val_00020730_with_ILSVRC2012_val_00037135_rank333,2,2,0.81113,0
ILSVRC2012_val_00020730_with_ILSVRC2012_val_00026601_rank716,794,448,0.66257,864
ILSVRC2012_val_00020730_with_ILSVRC2012_val_00046588_rank785,642,642,0.59789,0
ILSVRC2012_val_00020730_with_ILSVRC2012_val_00015125_rank345,925,113,0.05972,134
ILSVRC2012_val_00020730_with_ILSVRC2012_val_00038689_rank604,670,670,0.19629,0
ILSVRC2012_val_00020730_with_ILSVRC2012_val_00016392_rank312,54,54,0.67225,0
ILSVRC2012_val_00020730_with_ILSVRC2012_val_00012650_rank955,759,759,0.98349,0
ILSVRC2012_val_00020730_with_ILSVRC2012_val_00019915_rank345,925,925,0.54274,0
ILSVRC2012_val_00020730_with_ILSVRC2012_val_00041919_rank080,32,32,0.88874,0
ILSVRC2012_val_00020730_with_ILSVRC2012_val_00036619_rank672,800,448,0.47502,230
ILSVRC2012_val_00020730_with_ILSVRC2012_val_00037831_rank075,130,130,0.99971,0
ILSVRC2012_val_00020730_with_ILSVRC2012_val_00017616_rank634,372,382,0.74328,21
ILSVRC2012_val_00020730_with_ILSVRC2012_val_00003952_rank177,448,448,0.99964,0
ILSVRC2012_val_00020730_with_ILSVRC2012_val_00014879_rank096,8,8,0.44989,0
ILSVRC2012_val_00020730_with_ILSVRC2012_val_00031989_rank179,377,377,0.99643,0
ILSVRC2012_val_00020730_with_ILSVRC2012_val_00048723_rank608,237,240,0.94584,20
ILSVRC2012_val_00020730_with_ILSVRC2012_val_00026827_rank740,658,658,0.18185,0
ILSVRC2012_val_00020730_with_ILSVRC2012_val_00014035_rank711,892,892,0.25703,0
ILSVRC2012_val_00020730_with_ILSVRC2012_val_00023559_rank264,0,42,0.08079,415
ILSVRC2012_val_00020730_with_ILSVRC2012_val_00027455_rank897,521,521,0.94213,0
ILSVRC2012_val_00020730_with_ILSVRC2012_val_00047346_rank069,986,986,0.99984,0
ILSVRC2012_val_00020730_with_ILSVRC2012_val_00041393_rank347,211,211,0.99994,0
ILSVRC2012_val_00020730_with_ILSVRC2012_val_00015746_rank024,22,22,0.96775,0
ILSVRC2012_val_00020730_with_ILSVRC2012_val_00010453_rank943,808,60,0.18861,264
ILSVRC2012_val_00020730_with_ILSVRC2012_val_00048425_rank554,770,770,0.43243,0
ILSVRC2012_val_00020730_with_ILSVRC2012_val_00028335_rank311,685,685,0.99819,0
ILSVRC2012_val_00020730_with_ILSVRC2012_val_00035631_rank661,481,481,0.98529,0
ILSVRC2012_val_00020730_with_ILSVRC2012_val_00040576_rank751,559,559,0.56884,0
ILSVRC2012_val_00020730_with_ILSVRC2012_val_00049194_rank403,376,376,0.32398,0
ILSVRC2012_val_00020730_with_ILSVRC2012_val_00014664_rank092,70,70,0.99332,0
ILSVRC2012_val_00020730_with_ILSVRC2012_val_00025381_rank206,125,125,0.99768,0
ILSVRC2012_val_00020730_with_ILSVRC2012_val_00042555_rank876,583,583,0.96071,0
ILSVRC2012_val_00020730_with_ILSVRC2012_val_00006658_rank451,760,398,0.51731,111
ILSVRC2012_val_00020730_with_ILSVRC2012_val_00043590_rank756,745,745,0.97034,0
ILSVRC2012_val_00020730_with_ILSVRC2012_val_00005109_rank464,386,386,0.65666,0
ILSVRC2012_val_00020730_with_ILSVRC2012_val_00032900_rank573,887,879,0.09837,592
ILSVRC2012_val_00020730_with_ILSVRC2012_val_00009913_rank350,930,17,0.13891,240
ILSVRC2012_val_00020730_with_ILSVRC2012_val_00004998_rank253,895,491,0.76028,918
ILSVRC2012_val_00020730_with_ILSVRC2012_val_00024799_rank670,863,863,0.99883,0
ILSVRC2012_val_00020730_with_ILSVRC2012_val_00001485_rank372,178,178,0.91039,0
ILSVRC2012_val_00020730_with_ILSVRC2012_val_00012098_rank701,812,812,0.98642,0
ILSVRC2012_val_00020730_with_ILSVRC2012_val_00042357_rank151,272,272,0.59593,0
ILSVRC2012_val_00020730_with_ILSVRC2012_val_00027151_rank443,858,59,0.36964,447
ILSVRC2012_val_00020730_with_ILSVRC2012_val_00047878_rank006,10,10,0.99984,0
ILSVRC2012_val_00020730_with_ILSVRC2012_val_00045855_rank853,544,544,0.92041,0
ILSVRC2012_val_00020730_with_ILSVRC2012_val_00012066_rank188,625,625,0.69213,0
ILSVRC2012_val_00020730_with_ILSVRC2012_val_00032383_rank507,596,596,0.99906,0
ILSVRC2012_val_00020730_with_ILSVRC2012_val_00002438_rank811,763,763,0.9998,0
ILSVRC2012_val_00020730_with_ILSVRC2012_val_00015855_rank192,48,42,0.26152,13
ILSVRC2012_val_00020730_with_ILSVRC2012_val_00033846_rank583,604,604,0.99713,0
ILSVRC2012_val_00020730_with_ILSVRC2012_val_00002277_rank325,241,240,0.28336,1
ILSVRC2012_val_00020730_with_ILSVRC2012_val_00044067_rank619,622,637,0.18078,92
ILSVRC2012_val_00020730_with_ILSVRC2012_val_00023583_rank941,118,119,0.60177,2
ILSVRC2012_val_00020730_with_ILSVRC2012_val_00046663_rank613,789,789,0.97474,0
ILSVRC2012_val_00020730_with_ILSVRC2012_val_00010404_rank502,458,458,0.99172,0
ILSVRC2012_val_00020730_with_ILSVRC2012_val_00014066_rank664,807,879,0.31238,334
ILSVRC2012_val_00020730_with_ILSVRC2012_val_00010793_rank275,946,946,0.99492,0
ILSVRC2012_val_00020730_with_ILSVRC2012_val_00001536_rank039,326,326,0.67045,0
ILSVRC2012_val_00020730_with_ILSVRC2012_val_00036476_rank246,493,492,0.42311,4
ILSVRC2012_val_00020730_with_ILSVRC2012_val_00001896_rank817,558,596,0.24963,64
ILSVRC2012_val_00020730_with_ILSVRC2012_val_00032275_rank319,981,981,0.91453,0
ILSVRC2012_val_00020730_with_ILSVRC2012_val_00043949_rank902,635,635,0.95767,0
ILSVRC2012_val_00020730_with_ILSVRC2012_val_00047957_rank831,631,947,0.73823,855
ILSVRC2012_val_00020730_with_ILSVRC2012_val_00008150_rank993,778,778,0.97044,0
ILSVRC2012_val_00020730_with_ILSVRC2012_val_00019152_rank116,44,59,0.21762,26
ILSVRC2012_val_00020730_with_ILSVRC2012_val_00020390_rank869,709,709,0.24231,0
ILSVRC2012_val_00020730_with_ILSVRC2012_val_00041857_rank793,402,546,0.42702,1
ILSVRC2012_val_00020730_with_ILSVRC2012_val_00006765_rank329,938,938,0.90299,0
ILSVRC2012_val_00020730_with_ILSVRC2012_val_00048682_rank693,530,530,0.52646,0
ILSVRC2012_val_00020730_with_ILSVRC2012_val_00038491_rank547,407,407,0.99897,0
ILSVRC2012_val_00020730_with_ILSVRC2012_val_00043934_rank126,993,993,0.99989,0
ILSVRC2012_val_00020730_with_ILSVRC2012_val_00029374_rank631,477,637,0.09908,404
ILSVRC2012_val_00020730_with_ILSVRC2012_val_00027854_rank609,502,502,0.94396,0
ILSVRC2012_val_00020730_with_ILSVRC2012_val_00019223_rank224,672,672,0.44956,0
ILSVRC2012_val_00020730_with_ILSVRC2012_val_00009070_rank844,587,677,0.69604,4
ILSVRC2012_val_00020730_with_ILSVRC2012_val_00015760_rank741,600,71,0.15248,80
ILSVRC2012_val_00020730_with_ILSVRC2012_val_00027041_rank698,230,20,0.41918,628
ILSVRC2012_val_00020730_with_ILSVRC2012_val_00005973_rank267,540,437,0.42883,13
ILSVRC2012_val_00020730_with_ILSVRC2012_val_00017691_rank437,886,504,0.18463,115
ILSVRC2012_val_00020730_with_ILSVRC2012_val_00006496_rank946,714,714,0.29913,0
ILSVRC2012_val_00020730_with_ILSVRC2012_val_00009014_rank734,249,269,0.56989,3
ILSVRC2012_val_00020730_with_ILSVRC2012_val_00044149_rank515,756,596,0.16152,214
ILSVRC2012_val_00020730_with_ILSVRC2012_val_00048479_rank250,820,820,0.69449,0
ILSVRC2012_val_00020730_with_ILSVRC2012_val_00017999_rank746,704,113,0.07837,361
ILSVRC2012_val_00020730_with_ILSVRC2012_val_00034839_rank139,316,316,0.99996,0
ILSVRC2012_val_00020730_with_ILSVRC2012_val_00016411_rank708,213,213,0.96058,0
ILSVRC2012_val_00020730_with_ILSVRC2012_val_00042035_rank999,491,491,1.0,0
ILSVRC2012_val_00020730_with_ILSVRC2012_val_00039881_rank974,546,319,0.30269,420
ILSVRC2012_val_00020730_with_ILSVRC2012_val_00028182_rank820,776,374,0.04899,705
ILSVRC2012_val_00020730_with_ILSVRC2012_val_00041526_rank919,617,728,0.35704,45
ILSVRC2012_val_00020730_with_ILSVRC2012_val_00043025_rank164,362,362,0.99714,0
ILSVRC2012_val_00020730_with_ILSVRC2012_val_00047292_rank752,105,373,0.27198,37
ILSVRC2012_val_00020730_with_ILSVRC2012_val_00020252_rank550,881,579,0.14928,1
ILSVRC2012_val_00020730_with_ILSVRC2012_val_00013156_rank798,608,42,0.06351,411
ILSVRC2012_val_00020730_with_ILSVRC2012_val_00038910_rank370,375,324,0.37301,49
ILSVRC2012_val_00020730_with_ILSVRC2012_val_00013411_rank158,342,342,0.87286,0
ILSVRC2012_val_00020730_with_ILSVRC2012_val_00040715_rank885,571,437,0.36034,114
ILSVRC2012_val_00020730_with_ILSVRC2012_val_00045794_rank750,610,879,0.54762,326
ILSVRC2012_val_00020730_with_ILSVRC2012_val_00016597_rank476,923,923,0.47593,0
ILSVRC2012_val_00020730_with_ILSVRC2012_val_00044449_rank987,523,350,0.08509,886
ILSVRC2012_val_00020730_with_ILSVRC2012_val_00042146_rank389,495,448,0.08988,713
ILSVRC2012_val_00020730_with_ILSVRC2012_val_00029287_rank945,122,599,0.72892,809
ILSVRC2012_val_00020730_with_ILSVRC2012_val_00046836_rank316,228,377,0.91908,412
ILSVRC2012_val_00020730_with_ILSVRC2012_val_00007312_rank018,80,80,0.86402,0
ILSVRC2012_val_00020730_with_ILSVRC2012_val_00001984_rank391,675,660,0.97104,8
ILSVRC2012_val_00020730_with_ILSVRC2012_val_00035944_rank790,203,153,0.40415,1
ILSVRC2012_val_00020730_with_ILSVRC2012_val_00033919_rank296,949,989,0.2637,3
ILSVRC2012_val_00020730_with_ILSVRC2012_val_00011348_rank296,949,949,0.9932,0
ILSVRC2012_val_00020730_with_ILSVRC2012_val_00032764_rank305,110,110,0.9348,0
ILSVRC2012_val_00020730_with_ILSVRC2012_val_00024533_rank306,222,222,0.48206,0
ILSVRC2012_val_00020730_with_ILSVRC2012_val_00033193_rank263,964,964,0.99658,0
ILSVRC2012_val_00020730_with_ILSVRC2012_val_00012989_rank273,802,31,0.10327,288
ILSVRC2012_val_00020730_with_ILSVRC2012_val_00021035_rank241,276,276,0.48789,0
ILSVRC2012_val_00020730_with_ILSVRC2012_val_00028292_rank920,219,219,0.9479,0
ILSVRC2012_val_00020730_with_ILSVRC2012_val_00042517_rank775,953,953,0.99988,0
ILSVRC2012_val_00020730_with_ILSVRC2012_val_00007272_rank389,495,851,0.08219,65
ILSVRC2012_val_00020730_with_ILSVRC2012_val_00031516_rank705,614,42,0.07525,770
ILSVRC2012_val_00020730_with_ILSVRC2012_val_00018258_rank746,704,704,0.99996,0
ILSVRC2012_val_00020730_with_ILSVRC2012_val_00028586_rank054,129,129,0.99974,0
ILSVRC2012_val_00020730_with_ILSVRC2012_val_00010547_rank317,663,483,0.41813,3
ILSVRC2012_val_00020730_with_ILSVRC2012_val_00048254_rank668,157,157,0.49279,0
ILSVRC2012_val_00020730_with_ILSVRC2012_val_00003510_rank942,830,802,0.18214,62
ILSVRC2012_val_00020730_with_ILSVRC2012_val_00026495_rank959,764,413,0.5041,1
ILSVRC2012_val_00020730_with_ILSVRC2012_val_00007158_rank912,606,846,0.13544,34
ILSVRC2012_val_00020730_with_ILSVRC2012_val_00049653_rank442,201,187,0.61035,1
ILSVRC2012_val_00020730_with_ILSVRC2012_val_00018260_rank158,342,342,0.93986,0
ILSVRC2012_val_00020730_with_ILSVRC2012_val_00014360_rank723,235,235,0.99736,0
ILSVRC2012_val_00020730_with_ILSVRC2012_val_00038864_rank043,146,146,0.9999,0
ILSVRC2012_val_00020730_with_ILSVRC2012_val_00025064_rank659,682,682,0.86155,0
ILSVRC2012_val_00020730_with_ILSVRC2012_val_00044915_rank736,775,728,0.96738,67
ILSVRC2012_val_00020730_with_ILSVRC2012_val_00042299_rank379,303,300,0.79368,3
ILSVRC2012_val_00020730_with_ILSVRC2012_val_00046806_rank913,552,996,0.15587,606
ILSVRC2012_val_00020730_with_ILSVRC2012_val_00015174_rank506,104,20,0.21886,429
ILSVRC2012_val_00020730_with_ILSVRC2012_val_00019475_rank583,604,604,0.97255,0
ILSVRC2012_val_00020730_with_ILSVRC2012_val_00039297_rank300,909,567,0.49575,1
ILSVRC2012_val_00020730_with_ILSVRC2012_val_00039862_rank397,190,219,0.28376,33
ILSVRC2012_val_00020730_with_ILSVRC2012_val_00039292_rank800,753,947,0.26075,427
ILSVRC2012_val_00020730_with_ILSVRC2012_val_00012335_rank470,341,815,0.28587,527
ILSVRC2012_val_00020730_with_ILSVRC2012_val_00040958_rank222,108,990,0.98217,71
ILSVRC2012_val_00020730_with_ILSVRC2012_val_00012835_rank239,343,350,0.34432,29
ILSVRC2012_val_00020730_with_ILSVRC2012_val_00006182_rank781,456,313,0.4313,21
ILSVRC2012_val_00020730_with_ILSVRC2012_val_00029775_rank277,267,267,0.76355,0
ILSVRC2012_val_00020730_with_ILSVRC2012_val_00041590_rank800,753,82,0.0771,942
ILSVRC2012_val_00020730_with_ILSVRC2012_val_00011855_rank278,791,791,0.22992,0
ILSVRC2012_val_00020730_with_ILSVRC2012_val_00015007_rank304,963,963,0.89097,0
ILSVRC2012_val_00020730_with_ILSVRC2012_val_00048257_rank097,34,34,0.75175,0
ILSVRC2012_val_00020730_with_ILSVRC2012_val_00005533_rank833,452,113,0.68048,456
ILSVRC2012_val_00020730_with_ILSVRC2012_val_00003411_rank371,890,722,0.92294,9
ILSVRC2012_val_00020730_with_ILSVRC2012_val_00027805_rank509,182,291,0.39402,433
ILSVRC2012_val_00020730_with_ILSVRC2012_val_00037103_rank855,226,226,0.91306,0
ILSVRC2012_val_00020730_with_ILSVRC2012_val_00035232_rank106,677,677,0.40104,0
ILSVRC2012_val_00020730_with_ILSVRC2012_val_00045835_rank675,644,96,0.18851,324
ILSVRC2012_val_00020730_with_ILSVRC2012_val_00030231_rank732,629,722,0.96248,117
ILSVRC2012_val_00020730_with_ILSVRC2012_val_00038013_rank628,680,80,0.04467,248
ILSVRC2012_val_00020730_with_ILSVRC2012_val_00044779_rank338,733,758,0.09495,6
ILSVRC2012_val_00020730_with_ILSVRC2012_val_00016217_rank981,575,575,0.9999,0
ILSVRC2012_val_00020730_with_ILSVRC2012_val_00023263_rank881,577,577,0.77667,0
ILSVRC2012_val_00020730_with_ILSVRC2012_val_00015804_rank301,174,174,0.62858,0
ILSVRC2012_val_00020730_with_ILSVRC2012_val_00001395_rank709,797,316,0.47096,508
ILSVRC2012_val_00020730_with_ILSVRC2012_val_00015548_rank448,968,968,0.77378,0
ILSVRC2012_val_00020730_with_ILSVRC2012_val_00036455_rank031,49,43,0.40939,37
ILSVRC2012_val_00020730_with_ILSVRC2012_val_00002526_rank507,596,42,0.09659,378
ILSVRC2012_val_00020730_with_ILSVRC2012_val_00007755_rank286,574,574,0.99969,0
ILSVRC2012_val_00020730_with_ILSVRC2012_val_00016297_rank721,431,431,0.12775,0
ILSVRC2012_val_00020730_with_ILSVRC2012_val_00038953_rank937,636,600,0.36062,89
ILSVRC2012_val_00020730_with_ILSVRC2012_val_00026734_rank702,777,491,0.4993,80
ILSVRC2012_val_00020730_with_ILSVRC2012_val_00003958_rank320,353,350,0.88622,3
ILSVRC2012_val_00020730_with_ILSVRC2012_val_00001158_rank099,96,96,0.99699,0
ILSVRC2012_val_00020730_with_ILSVRC2012_val_00019275_rank188,625,625,0.42655,0
ILSVRC2012_val_00020730_with_ILSVRC2012_val_00013795_rank422,325,325,0.9997,0
ILSVRC2012_val_00020730_with_ILSVRC2012_val_00035350_rank839,655,448,0.16507,911
ILSVRC2012_val_00020730_with_ILSVRC2012_val_00033014_rank049,119,119,0.97788,0
ILSVRC2012_val_00020730_with_ILSVRC2012_val_00045509_rank408,783,783,0.99311,0
ILSVRC2012_val_00020730_with_ILSVRC2012_val_00005761_rank233,378,378,0.36135,0
ILSVRC2012_val_00020730_with_ILSVRC2012_val_00043090_rank712,284,284,0.99808,0
ILSVRC2012_val_00020730_with_ILSVRC2012_val_00043748_rank857,588,868,0.10987,47
ILSVRC2012_val_00020730_with_ILSVRC2012_val_00045579_rank684,688,688,0.9999,0
ILSVRC2012_val_00020730_with_ILSVRC2012_val_00004154_rank492,651,766,0.15952,2
ILSVRC2012_val_00020730_with_ILSVRC2012_val_00049278_rank467,345,345,0.99832,0
ILSVRC2012_val_00020730_with_ILSVRC2012_val_00014523_rank594,722,947,0.61227,438
ILSVRC2012_val_00020730_with_ILSVRC2012_val_00042050_rank371,890,768,0.85474,5
ILSVRC2012_val_00020730_with_ILSVRC2012_val_00019213_rank671,716,912,0.79108,1
ILSVRC2012_val_00020730_with_ILSVRC2012_val_00017314_rank909,882,882,0.66749,0
ILSVRC2012_val_00020730_with_ILSVRC2012_val_00013864_rank568,469,988,0.19161,145
ILSVRC2012_val_00020730_with_ILSVRC2012_val_00011151_rank851,637,637,0.99842,0
ILSVRC2012_val_00020730_with_ILSVRC2012_val_00002546_rank617,261,261,0.99881,0
ILSVRC2012_val_00020730_with_ILSVRC2012_val_00039356_rank763,748,59,0.30909,718
ILSVRC2012_val_00020730_with_ILSVRC2012_val_00021689_rank837,486,889,0.71605,1
ILSVRC2012_val_00020730_with_ILSVRC2012_val_00025449_rank020,94,42,0.65422,58
ILSVRC2012_val_00020730_with_ILSVRC2012_val_00008904_rank355,839,815,0.10677,23
ILSVRC2012_val_00020730_with_ILSVRC2012_val_00029153_rank382,61,993,0.81308,106
ILSVRC2012_val_00020730_with_ILSVRC2012_val_00043676_rank106,677,815,0.17674,175
ILSVRC2012_val_00020730_with_ILSVRC2012_val_00008420_rank035,14,14,0.99938,0
ILSVRC2012_val_00020730_with_ILSVRC2012_val_00026933_rank847,422,758,0.48534,45
ILSVRC2012_val_00020730_with_ILSVRC2012_val_00049598_rank049,119,124,0.66975,7
ILSVRC2012_val_00020730_with_ILSVRC2012_val_00034672_rank797,528,763,0.49659,105
ILSVRC2012_val_00020730_with_ILSVRC2012_val_00008985_rank833,452,301,0.1875,685
ILSVRC2012_val_00020730_with_ILSVRC2012_val_00012924_rank723,235,235,0.96759,0
ILSVRC2012_val_00020730_with_ILSVRC2012_val_00010222_rank438,177,269,0.69649,34
ILSVRC2012_val_00020730_with_ILSVRC2012_val_00010937_rank485,874,757,0.36095,7
ILSVRC2012_val_00020730_with_ILSVRC2012_val_00044027_rank359,282,292,0.941,2
ILSVRC2012_val_00020730_with_ILSVRC2012_val_00043693_rank491,856,595,0.69897,1
ILSVRC2012_val_00020730_with_ILSVRC2012_val_00044078_rank992,699,699,0.99274,0
ILSVRC2012_val_00020730_with_ILSVRC2012_val_00047065_rank257,307,315,0.84355,43
ILSVRC2012_val_00020730_with_ILSVRC2012_val_00029126_rank128,290,290,0.99311,0
ILSVRC2012_val_00020730_with_ILSVRC2012_val_00024209_rank793,402,402,0.5915,0
ILSVRC2012_val_00020730_with_ILSVRC2012_val_00043489_rank183,698,483,0.98137,1
ILSVRC2012_val_00020730_with_ILSVRC2012_val_00044773_rank415,195,195,0.14364,0
ILSVRC2012_val_00020730_with_ILSVRC2012_val_00004743_rank842,898,440,0.29322,4
ILSVRC2012_val_00020730_with_ILSVRC2012_val_00021561_rank186,640,835,0.65371,4
ILSVRC2012_val_00020730_with_ILSVRC2012_val_00036564_rank866,654,654,0.97473,0
ILSVRC2012_val_00020730_with_ILSVRC2012_val_00047214_rank453,573,362,0.18487,506
ILSVRC2012_val_00020730_with_ILSVRC2012_val_00009947_rank755,382,382,0.91831,0
ILSVRC2012_val_00020730_with_ILSVRC2012_val_00021362_rank442,201,187,0.54522,1
ILSVRC2012_val_00020730_with_ILSVRC2012_val_00032551_rank209,310,310,0.99758,0
ILSVRC2012_val_00020730_with_ILSVRC2012_val_00031412_rank885,571,637,0.11497,4
ILSVRC2012_val_00020730_with_ILSVRC2012_val_00036198_rank373,661,751,0.15985,13
ILSVRC2012_val_00020730_with_ILSVRC2012_val_00017235_rank507,596,677,0.85246,11
ILSVRC2012_val_00020730_with_ILSVRC2012_val_00023116_rank228,403,403,0.79417,0
ILSVRC2012_val_00020730_with_ILSVRC2012_val_00023868_rank970,439,80,0.4428,106
ILSVRC2012_val_00020730_with_ILSVRC2012_val_00043290_rank495,443,770,0.91086,65
ILSVRC2012_val_00020730_with_ILSVRC2012_val_00039127_rank929,451,326,0.06549,341
ILSVRC2012_val_00020730_with_ILSVRC2012_val_00022034_rank592,725,725,0.57607,0
ILSVRC2012_val_00020730_with_ILSVRC2012_val_00032324_rank323,384,384,0.29492,0
ILSVRC2012_val_00020730_with_ILSVRC2012_val_00008135_rank038,133,133,0.9998,0
ILSVRC2012_val_00020730_with_ILSVRC2012_val_00027979_rank588,687,687,0.9888,0
ILSVRC2012_val_00020730_with_ILSVRC2012_val_00004172_rank092,70,70,0.34729,0
ILSVRC2012_val_00020730_with_ILSVRC2012_val_00047775_rank781,456,70,0.10092,188
ILSVRC2012_val_00020730_with_ILSVRC2012_val_00033539_rank642,553,410,0.94139,27
ILSVRC2012_val_00020730_with_ILSVRC2012_val_00023189_rank448,968,862,0.20722,351
ILSVRC2012_val_00020730_with_ILSVRC2012_val_00008751_rank693,530,530,0.99479,0
ILSVRC2012_val_00020730_with_ILSVRC2012_val_00024175_rank548,340,81,0.07663,774
ILSVRC2012_val_00020730_with_ILSVRC2012_val_00047802_rank794,446,478,0.58428,6
ILSVRC2012_val_00020730_with_ILSVRC2012_val_00005436_rank739,828,738,0.49048,105
ILSVRC2012_val_00020730_with_ILSVRC2012_val_00043178_rank275,946,946,0.97893,0
ILSVRC2012_val_00020730_with_ILSVRC2012_val_00020769_rank178,126,947,0.75821,209
ILSVRC2012_val_00020730_with_ILSVRC2012_val_00009419_rank048,91,91,0.99988,0
ILSVRC2012_val_00020730_with_ILSVRC2012_val_00033509_rank341,497,425,0.38351,4
ILSVRC2012_val_00020730_with_ILSVRC2012_val_00029390_rank418,668,483,0.27732,12
ILSVRC2012_val_00020730_with_ILSVRC2012_val_00013579_rank657,955,955,0.88935,0
ILSVRC2012_val_00020730_with_ILSVRC2012_val_00016319_rank130,270,270,0.98051,0
ILSVRC2012_val_00020730_with_ILSVRC2012_val_00041936_rank886,626,470,0.63919,3
ILSVRC2012_val_00020730_with_ILSVRC2012_val_00042065_rank412,616,616,0.99942,0
ILSVRC2012_val_00020730_with_ILSVRC2012_val_00038735_rank158,342,342,0.6039,0
ILSVRC2012_val_00020730_with_ILSVRC2012_val_00049018_rank570,291,291,0.99984,0
ILSVRC2012_val_00020730_with_ILSVRC2012_val_00036159_rank352,256,993,0.67736,609
ILSVRC2012_val_00020730_with_ILSVRC2012_val_00008017_rank653,368,368,0.677,0
ILSVRC2012_val_00020730_with_ILSVRC2012_val_00043946_rank107,814,814,0.6029,0
ILSVRC2012_val_00020730_with_ILSVRC2012_val_00031927_rank085,59,59,0.99269,0
ILSVRC2012_val_00020730_with_ILSVRC2012_val_00026424_rank952,607,607,0.99997,0
ILSVRC2012_val_00020730_with_ILSVRC2012_val_00037634_rank629,265,266,0.56738,1
ILSVRC2012_val_00020730_with_ILSVRC2012_val_00021239_rank010,15,15,0.80912,0
ILSVRC2012_val_00020730_with_ILSVRC2012_val_00041378_rank327,330,331,0.91234,1
ILSVRC2012_val_00020730_with_ILSVRC2012_val_00035802_rank818,771,771,0.97682,0
ILSVRC2012_val_00020730_with_ILSVRC2012_val_00033096_rank720,563,418,0.22882,1
ILSVRC2012_val_00020730_with_ILSVRC2012_val_00040610_rank087,991,991,0.79546,0
ILSVRC2012_val_00020730_with_ILSVRC2012_val_00013104_rank345,925,923,0.47077,3
ILSVRC2012_val_00020730_with_ILSVRC2012_val_00008953_rank866,654,654,0.46959,0
ILSVRC2012_val_00020730_with_ILSVRC2012_val_00043487_rank591,599,599,0.9767,0
ILSVRC2012_val_00020730_with_ILSVRC2012_val_00008817_rank715,920,920,0.82149,0
ILSVRC2012_val_00020730_with_ILSVRC2012_val_00037946_rank289,346,346,0.85389,0
ILSVRC2012_val_00020730_with_ILSVRC2012_val_00046907_rank350,930,930,0.82132,0
ILSVRC2012_val_00020730_with_ILSVRC2012_val_00026224_rank597,705,705,0.27831,0
ILSVRC2012_val_00020730_with_ILSVRC2012_val_00023313_rank373,661,428,0.11137,53
ILSVRC2012_val_00020730_with_ILSVRC2012_val_00018088_rank621,862,989,0.04905,279
ILSVRC2012_val_00020730_with_ILSVRC2012_val_00038235_rank976,861,816,0.12721,503
ILSVRC2012_val_00020730_with_ILSVRC2012_val_00034038_rank265,3,3,0.98016,0
ILSVRC2012_val_00020730_with_ILSVRC2012_val_00026103_rank086,344,129,0.33852,29
ILSVRC2012_val_00020730_with_ILSVRC2012_val_00044164_rank947,872,440,0.31868,440
ILSVRC2012_val_00020730_with_ILSVRC2012_val_00041490_rank562,656,609,0.9966,10
ILSVRC2012_val_00020730_with_ILSVRC2012_val_00013130_rank710,665,671,0.45148,4
ILSVRC2012_val_00020730_with_ILSVRC2012_val_00031181_rank267,540,540,0.37845,0
ILSVRC2012_val_00020730_with_ILSVRC2012_val_00025711_rank372,178,178,0.97891,0
ILSVRC2012_val_00020730_with_ILSVRC2012_val_00044160_rank776,805,805,0.98829,0
ILSVRC2012_val_00020730_with_ILSVRC2012_val_00007012_rank924,414,311,0.09342,377
ILSVRC2012_val_00020730_with_ILSVRC2012_val_00014009_rank074,27,27,0.98628,0
ILSVRC2012_val_00020730_with_ILSVRC2012_val_00048910_rank652,851,851,0.33544,0
ILSVRC2012_val_00020730_with_ILSVRC2012_val_00011853_rank541,73,73,0.52995,0
ILSVRC2012_val_00020730_with_ILSVRC2012_val_00047325_rank555,214,214,0.99438,0
ILSVRC2012_val_00020730_with_ILSVRC2012_val_00046633_rank922,593,596,0.7033,723
ILSVRC2012_val_00020730_with_ILSVRC2012_val_00047974_rank661,481,485,0.29425,4
ILSVRC2012_val_00020730_with_ILSVRC2012_val_00018845_rank807,715,715,0.15261,0
ILSVRC2012_val_00020730_with_ILSVRC2012_val_00028052_rank766,202,219,0.25319,29
ILSVRC2012_val_00020730_with_ILSVRC2012_val_00045861_rank526,188,376,0.95801,99
ILSVRC2012_val_00020730_with_ILSVRC2012_val_00021562_rank900,611,42,0.26244,463
ILSVRC2012_val_00020730_with_ILSVRC2012_val_00004937_rank664,807,448,0.85816,161
ILSVRC2012_val_00020730_with_ILSVRC2012_val_00001811_rank478,831,703,0.32392,23
ILSVRC2012_val_00020730_with_ILSVRC2012_val_00005893_rank691,519,448,0.65046,20
ILSVRC2012_val_00020730_with_ILSVRC2012_val_00024998_rank833,452,350,0.33171,711
ILSVRC2012_val_00020730_with_ILSVRC2012_val_00049622_rank357,922,835,0.91527,424
ILSVRC2012_val_00020730_with_ILSVRC2012_val_00040084_rank527,597,792,0.0764,62
ILSVRC2012_val_00020730_with_ILSVRC2012_val_00004577_rank002,13,13,0.8885,0
ILSVRC2012_val_00020730_with_ILSVRC2012_val_00006589_rank762,739,947,0.36182,672
ILSVRC2012_val_00020730_with_ILSVRC2012_val_00007651_rank004,141,141,0.99968,0
ILSVRC2012_val_00020730_with_ILSVRC2012_val_00049642_rank147,218,218,0.99942,0
ILSVRC2012_val_00020730_with_ILSVRC2012_val_00000553_rank104,367,367,0.9998,0
ILSVRC2012_val_00020730_with_ILSVRC2012_val_00006185_rank930,333,333,0.95316,0
ILSVRC2012_val_00020730_with_ILSVRC2012_val_00028068_rank496,311,311,0.22306,0
ILSVRC2012_val_00020730_with_ILSVRC2012_val_00021867_rank508,107,115,0.83633,8
ILSVRC2012_val_00020730_with_ILSVRC2012_val_00017242_rank132,87,87,0.9855,0
ILSVRC2012_val_00020730_with_ILSVRC2012_val_00038647_rank031,49,50,0.96405,1
ILSVRC2012_val_00020730_with_ILSVRC2012_val_00007492_rank832,875,618,0.7523,74
ILSVRC2012_val_00020730_with_ILSVRC2012_val_00007075_rank162,275,349,0.11777,34
ILSVRC2012_val_00020730_with_ILSVRC2012_val_00013675_rank083,36,36,0.91006,0
ILSVRC2012_val_00020730_with_ILSVRC2012_val_00016313_rank622,418,320,0.1709,63
ILSVRC2012_val_00020730_with_ILSVRC2012_val_00038227_rank602,159,159,0.86003,0
ILSVRC2012_val_00020730_with_ILSVRC2012_val_00018736_rank552,255,255,0.99914,0
ILSVRC2012_val_00020730_with_ILSVRC2012_val_00009842_rank051,24,24,0.99998,0
ILSVRC2012_val_00020730_with_ILSVRC2012_val_00007868_rank939,786,786,0.99873,0
ILSVRC2012_val_00020730_with_ILSVRC2012_val_00042650_rank886,626,626,0.32331,0
ILSVRC2012_val_00020730_with_ILSVRC2012_val_00005080_rank514,896,742,0.05927,105
ILSVRC2012_val_00020730_with_ILSVRC2012_val_00026532_rank421,586,586,0.99999,0
ILSVRC2012_val_00020730_with_ILSVRC2012_val_00034268_rank389,495,674,0.33316,993
ILSVRC2012_val_00020730_with_ILSVRC2012_val_00049364_rank526,188,188,0.92988,0
ILSVRC2012_val_00020730_with_ILSVRC2012_val_00036594_rank636,561,561,0.9988,0
ILSVRC2012_val_00020730_with_ILSVRC2012_val_00039742_rank356,441,441,0.99545,0
ILSVRC2012_val_00020730_with_ILSVRC2012_val_00041304_rank757,899,899,0.46022,0
ILSVRC2012_val_00020730_with_ILSVRC2012_val_00026589_rank513,56,60,0.32707,3
ILSVRC2012_val_00020730_with_ILSVRC2012_val_00022158_rank373,661,751,0.26626,13
ILSVRC2012_val_00020730_with_ILSVRC2012_val_00046898_rank522,484,484,0.24199,0
ILSVRC2012_val_00020730_with_ILSVRC2012_val_00035819_rank102,320,320,0.69343,0
ILSVRC2012_val_00020730_with_ILSVRC2012_val_00046093_rank422,325,325,0.99526,0
ILSVRC2012_val_00020730_with_ILSVRC2012_val_00015688_rank299,751,751,0.38199,0
ILSVRC2012_val_00020730_with_ILSVRC2012_val_00025474_rank168,239,239,0.52696,0
ILSVRC2012_val_00020730_with_ILSVRC2012_val_00003562_rank278,791,791,0.99409,0
ILSVRC2012_val_00020730_with_ILSVRC2012_val_00031222_rank198,395,40,0.65414,447
ILSVRC2012_val_00020730_with_ILSVRC2012_val_00048051_rank565,224,224,0.93674,0
ILSVRC2012_val_00020730_with_ILSVRC2012_val_00004250_rank829,524,306,0.20996,370
ILSVRC2012_val_00020730_with_ILSVRC2012_val_00000131_rank273,802,35,0.06011,263
ILSVRC2012_val_00020730_with_ILSVRC2012_val_00017403_rank424,425,448,0.83627,18
ILSVRC2012_val_00020730_with_ILSVRC2012_val_00043554_rank421,586,586,0.98745,0
ILSVRC2012_val_00020730_with_ILSVRC2012_val_00030625_rank744,735,672,0.32809,67
ILSVRC2012_val_00020730_with_ILSVRC2012_val_00022392_rank085,59,59,0.92544,0
ILSVRC2012_val_00020730_with_ILSVRC2012_val_00035907_rank722,579,703,0.95937,160
ILSVRC2012_val_00020730_with_ILSVRC2012_val_00035320_rank761,162,172,0.15915,41
ILSVRC2012_val_00020730_with_ILSVRC2012_val_00049844_rank412,616,81,0.06831,347
ILSVRC2012_val_00020730_with_ILSVRC2012_val_00033388_rank843,463,463,0.99804,0
ILSVRC2012_val_00020730_with_ILSVRC2012_val_00013010_rank492,651,485,0.66285,28
ILSVRC2012_val_00020730_with_ILSVRC2012_val_00008752_rank531,258,279,0.90754,7
ILSVRC2012_val_00020730_with_ILSVRC2012_val_00004087_rank094,972,42,0.593,43
ILSVRC2012_val_00020730_with_ILSVRC2012_val_00014615_rank477,879,17,0.51619,440
ILSVRC2012_val_00020730_with_ILSVRC2012_val_00005345_rank577,734,734,0.96731,0
ILSVRC2012_val_00020730_with_ILSVRC2012_val_00038665_rank383,39,43,0.44099,4
ILSVRC2012_val_00020730_with_ILSVRC2012_val_00035018_rank473,468,468,0.99585,0
ILSVRC2012_val_00020730_with_ILSVRC2012_val_00038727_rank835,566,566,0.99981,0
ILSVRC2012_val_00020730_with_ILSVRC2012_val_00029426_rank188,625,625,0.99985,0
ILSVRC2012_val_00020730_with_ILSVRC2012_val_00021341_rank007,98,98,0.99755,0
ILSVRC2012_val_00020730_with_ILSVRC2012_val_00006649_rank352,256,379,0.28992,58
ILSVRC2012_val_00020730_with_ILSVRC2012_val_00011842_rank893,494,494,0.99604,0
ILSVRC2012_val_00020730_with_ILSVRC2012_val_00036214_rank703,952,952,0.99242,0
ILSVRC2012_val_00020730_with_ILSVRC2012_val_00004793_rank662,355,355,0.43746,0
ILSVRC2012_val_00020730_with_ILSVRC2012_val_00005117_rank422,325,325,0.91652,0
ILSVRC2012_val_00020730_with_ILSVRC2012_val_00042180_rank143,302,310,0.33191,8
ILSVRC2012_val_00020730_with_ILSVRC2012_val_00018469_rank052,294,294,0.81242,0
ILSVRC2012_val_00020730_with_ILSVRC2012_val_00006724_rank279,965,965,0.99001,0
ILSVRC2012_val_00020730_with_ILSVRC2012_val_00007574_rank252,31,31,0.74997,0
ILSVRC2012_val_00020730_with_ILSVRC2012_val_00021947_rank131,405,405,0.28911,0
ILSVRC2012_val_00020730_with_ILSVRC2012_val_00014691_rank245,914,484,0.25992,3
ILSVRC2012_val_00020730_with_ILSVRC2012_val_00005422_rank649,867,867,0.21774,0
ILSVRC2012_val_00020730_with_ILSVRC2012_val_00006367_rank476,923,947,0.20753,48
ILSVRC2012_val_00020730_with_ILSVRC2012_val_00003799_rank679,534,534,0.39052,0
ILSVRC2012_val_00020730_with_ILSVRC2012_val_00026321_rank593,459,326,0.80211,447
ILSVRC2012_val_00020730_with_ILSVRC2012_val_00014657_rank570,291,291,0.99863,0
ILSVRC2012_val_00020730_with_ILSVRC2012_val_00001389_rank668,157,156,0.97021,5
ILSVRC2012_val_00020730_with_ILSVRC2012_val_00033314_rank929,451,451,0.99663,0
ILSVRC2012_val_00020730_with_ILSVRC2012_val_00046962_rank034,103,103,0.33876,0
ILSVRC2012_val_00020730_with_ILSVRC2012_val_00034261_rank646,603,560,0.06598,890
ILSVRC2012_val_00020730_with_ILSVRC2012_val_00021200_rank544,942,488,0.06763,937
ILSVRC2012_val_00020730_with_ILSVRC2012_val_00011105_rank624,868,504,0.25652,77
ILSVRC2012_val_00020730_with_ILSVRC2012_val_00016563_rank852,496,440,0.6532,77
ILSVRC2012_val_00020730_with_ILSVRC2012_val_00041735_rank354,175,175,0.99879,0
ILSVRC2012_val_00020730_with_ILSVRC2012_val_00006642_rank463,592,592,0.99865,0
ILSVRC2012_val_00020730_with_ILSVRC2012_val_00009578_rank454,271,272,0.981,2
ILSVRC2012_val_00020730_with_ILSVRC2012_val_00040570_rank526,188,188,0.852,0
ILSVRC2012_val_00020730_with_ILSVRC2012_val_00016741_rank227,361,176,0.23159,162
ILSVRC2012_val_00020730_with_ILSVRC2012_val_00000368_rank768,741,741,0.8748,0
ILSVRC2012_val_00020730_with_ILSVRC2012_val_00043655_rank143,302,77,0.47984,28
ILSVRC2012_val_00020730_with_ILSVRC2012_val_00030120_rank155,815,74,0.49929,1
ILSVRC2012_val_00020730_with_ILSVRC2012_val_00026052_rank287,657,744,0.17269,1
ILSVRC2012_val_00020730_with_ILSVRC2012_val_00042994_rank356,441,91,0.07887,881
ILSVRC2012_val_00020730_with_ILSVRC2012_val_00045818_rank376,187,187,0.76241,0
ILSVRC2012_val_00020730_with_ILSVRC2012_val_00003947_rank053,356,356,0.99875,0
ILSVRC2012_val_00020730_with_ILSVRC2012_val_00034724_rank485,874,874,0.99934,0
ILSVRC2012_val_00020730_with_ILSVRC2012_val_00011694_rank198,395,44,0.17078,29
ILSVRC2012_val_00020730_with_ILSVRC2012_val_00019797_rank166,41,41,0.97743,0
ILSVRC2012_val_00020730_with_ILSVRC2012_val_00037331_rank409,167,166,0.43816,1
ILSVRC2012_val_00020730_with_ILSVRC2012_val_00016084_rank566,359,358,0.77985,2
ILSVRC2012_val_00020730_with_ILSVRC2012_val_00042739_rank187,912,677,0.64525,57
ILSVRC2012_val_00020730_with_ILSVRC2012_val_00024604_rank576,556,703,0.57212,158
ILSVRC2012_val_00020730_with_ILSVRC2012_val_00001240_rank504,816,816,0.58839,0
ILSVRC2012_val_00020730_with_ILSVRC2012_val_00015934_rank604,670,670,0.31513,0
ILSVRC2012_val_00020730_with_ILSVRC2012_val_00027801_rank622,418,319,0.46772,60
ILSVRC2012_val_00020730_with_ILSVRC2012_val_00032327_rank840,954,997,0.44348,42
ILSVRC2012_val_00020730_with_ILSVRC2012_val_00024954_rank303,958,958,0.29006,0
ILSVRC2012_val_00020730_with_ILSVRC2012_val_00003553_rank958,906,834,0.74077,1
ILSVRC2012_val_00020730_with_ILSVRC2012_val_00044380_rank203,240,241,0.5589,1
ILSVRC2012_val_00020730_with_ILSVRC2012_val_00048136_rank982,710,710,0.43213,0
ILSVRC2012_val_00020730_with_ILSVRC2012_val_00049285_rank543,238,238,0.99399,0
ILSVRC2012_val_00020730_with_ILSVRC2012_val_00046683_rank934,223,223,0.93256,0
ILSVRC2012_val_00020730_with_ILSVRC2012_val_00026739_rank172,64,59,0.74551,2
ILSVRC2012_val_00020730_with_ILSVRC2012_val_00026557_rank102,320,319,0.66551,1
ILSVRC2012_val_00020730_with_ILSVRC2012_val_00006325_rank568,469,469,0.92363,0
ILSVRC2012_val_00020730_with_ILSVRC2012_val_00027314_rank961,412,844,0.55747,538
ILSVRC2012_val_00020730_with_ILSVRC2012_val_00000453_rank600,767,947,0.14546,956
ILSVRC2012_val_00020730_with_ILSVRC2012_val_00035671_rank886,626,862,0.93667,10
ILSVRC2012_val_00020730_with_ILSVRC2012_val_00020166_rank486,533,533,0.71309,0
ILSVRC2012_val_00020730_with_ILSVRC2012_val_00023103_rank768,741,427,0.06768,489
ILSVRC2012_val_00020730_with_ILSVRC2012_val_00033605_rank652,851,637,0.24779,327
ILSVRC2012_val_00020730_with_ILSVRC2012_val_00049627_rank552,255,255,0.99646,0
ILSVRC2012_val_00020730_with_ILSVRC2012_val_00044135_rank855,226,185,0.55151,34
ILSVRC2012_val_00020730_with_ILSVRC2012_val_00026266_rank280,217,217,0.7882,0
ILSVRC2012_val_00020730_with_ILSVRC2012_val_00009653_rank597,705,844,0.22376,346
ILSVRC2012_val_00020730_with_ILSVRC2012_val_00042137_rank661,481,481,0.7679,0
ILSVRC2012_val_00020730_with_ILSVRC2012_val_00029243_rank206,125,125,0.99729,0
ILSVRC2012_val_00020730_with_ILSVRC2012_val_00049845_rank411,304,304,0.97001,0
ILSVRC2012_val_00020730_with_ILSVRC2012_val_00021036_rank281,489,225,0.08979,840
ILSVRC2012_val_00020730_with_ILSVRC2012_val_00000829_rank421,586,586,0.99925,0
ILSVRC2012_val_00020730_with_ILSVRC2012_val_00046865_rank220,853,42,0.27434,139
ILSVRC2012_val_00020730_with_ILSVRC2012_val_00047465_rank809,613,613,0.91696,0
ILSVRC2012_val_00020730_with_ILSVRC2012_val_00000693_rank424,425,425,0.99428,0
ILSVRC2012_val_00020730_with_ILSVRC2012_val_00000864_rank418,668,483,0.86315,12
ILSVRC2012_val_00020730_with_ILSVRC2012_val_00021550_rank967,987,947,0.16379,93
ILSVRC2012_val_00020730_with_ILSVRC2012_val_00001322_rank851,637,637,0.82053,0
ILSVRC2012_val_00020730_with_ILSVRC2012_val_00021048_rank140,992,528,0.91088,357
ILSVRC2012_val_00020730_with_ILSVRC2012_val_00033120_rank134,40,46,0.50408,1
ILSVRC2012_val_00020730_with_ILSVRC2012_val_00007004_rank253,895,315,0.29803,319
ILSVRC2012_val_00020730_with_ILSVRC2012_val_00004537_rank919,617,617,0.90401,0
ILSVRC2012_val_00020730_with_ILSVRC2012_val_00031058_rank611,957,957,0.87787,0
ILSVRC2012_val_00020730_with_ILSVRC2012_val_00029610_rank531,258,258,0.94574,0
ILSVRC2012_val_00020730_with_ILSVRC2012_val_00003475_rank789,117,117,0.99946,0
ILSVRC2012_val_00020730_with_ILSVRC2012_val_00038057_rank493,1,1,0.97329,0
ILSVRC2012_val_00020730_with_ILSVRC2012_val_00021408_rank637,601,601,0.62098,0
ILSVRC2012_val_00020730_with_ILSVRC2012_val_00045682_rank896,806,546,0.08217,129
ILSVRC2012_val_00020730_with_ILSVRC2012_val_00025881_rank345,925,925,0.14829,0
ILSVRC2012_val_00020730_with_ILSVRC2012_val_00021572_rank233,378,376,0.18901,16
ILSVRC2012_val_00020730_with_ILSVRC2012_val_00000300_rank771,176,176,0.98688,0
ILSVRC2012_val_00020730_with_ILSVRC2012_val_00006422_rank350,930,81,0.14087,648
ILSVRC2012_val_00020730_with_ILSVRC2012_val_00020715_rank820,776,94,0.59509,394
ILSVRC2012_val_00020730_with_ILSVRC2012_val_00044574_rank257,307,307,0.99427,0
ILSVRC2012_val_00020730_with_ILSVRC2012_val_00008615_rank605,365,376,0.96372,13
ILSVRC2012_val_00020730_with_ILSVRC2012_val_00042231_rank986,354,354,0.95701,0
ILSVRC2012_val_00020730_with_ILSVRC2012_val_00043864_rank419,758,947,0.06472,458
ILSVRC2012_val_00020730_with_ILSVRC2012_val_00015390_rank884,765,765,0.90139,0
ILSVRC2012_val_00020730_with_ILSVRC2012_val_00022384_rank034,103,20,0.70361,16
ILSVRC2012_val_00020730_with_ILSVRC2012_val_00039674_rank902,635,635,0.30446,0
ILSVRC2012_val_00020730_with_ILSVRC2012_val_00022049_rank581,907,907,0.82357,0
ILSVRC2012_val_00020730_with_ILSVRC2012_val_00030444_rank191,78,993,0.65284,109
ILSVRC2012_val_00020730_with_ILSVRC2012_val_00014927_rank297,46,47,0.61314,7
ILSVRC2012_val_00020730_with_ILSVRC2012_val_00021953_rank129,300,300,0.99757,0
ILSVRC2012_val_00020730_with_ILSVRC2012_val_00046293_rank781,456,20,0.14977,671
ILSVRC2012_val_00020730_with_ILSVRC2012_val_00043258_rank030,82,82,0.98438,0
ILSVRC2012_val_00020730_with_ILSVRC2012_val_00003474_rank732,629,845,0.24658,14
ILSVRC2012_val_00020730_with_ILSVRC2012_val_00043789_rank689,191,278,0.26084,311
ILSVRC2012_val_00020730_with_ILSVRC2012_val_00040081_rank155,815,988,0.25797,237
ILSVRC2012_val_00020730_with_ILSVRC2012_val_00022704_rank307,618,618,0.23941,0
ILSVRC2012_val_00020730_with_ILSVRC2012_val_00014092_rank239,343,343,0.98799,0
ILSVRC2012_val_00020730_with_ILSVRC2012_val_00039557_rank541,73,77,0.93678,4
ILSVRC2012_val_00020730_with_ILSVRC2012_val_00006656_rank978,541,326,0.96975,846
ILSVRC2012_val_00020730_with_ILSVRC2012_val_00046771_rank649,867,867,0.99812,0
ILSVRC2012_val_00020730_with_ILSVRC2012_val_00002091_rank894,785,596,0.93849,263
ILSVRC2012_val_00020730_with_ILSVRC2012_val_00027782_rank522,484,484,0.47453,0
ILSVRC2012_val_00020730_with_ILSVRC2012_val_00038626_rank416,242,242,0.74264,0
ILSVRC2012_val_00020730_with_ILSVRC2012_val_00008277_rank983,738,20,0.72416,983
ILSVRC2012_val_00020730_with_ILSVRC2012_val_00048126_rank857,588,113,0.15208,721
ILSVRC2012_val_00020730_with_ILSVRC2012_val_00044006_rank283,962,677,0.27309,297
ILSVRC2012_val_00020730_with_ILSVRC2012_val_00013383_rank986,354,947,0.15822,744
ILSVRC2012_val_00020730_with_ILSVRC2012_val_00037926_rank125,988,988,0.9778,0
ILSVRC2012_val_00020730_with_ILSVRC2012_val_00049352_rank042,99,99,0.99944,0
ILSVRC2012_val_00020730_with_ILSVRC2012_val_00005204_rank701,812,947,0.11275,635
ILSVRC2012_val_00020730_with_ILSVRC2012_val_00028153_rank034,103,997,0.60685,37
ILSVRC2012_val_00020730_with_ILSVRC2012_val_00024805_rank452,793,701,0.43455,205
ILSVRC2012_val_00020730_with_ILSVRC2012_val_00016924_rank512,453,624,0.12779,2
ILSVRC2012_val_00020730_with_ILSVRC2012_val_00009367_rank765,499,596,0.47915,1
ILSVRC2012_val_00020730_with_ILSVRC2012_val_00048483_rank732,629,629,0.99912,0
ILSVRC2012_val_00020730_with_ILSVRC2012_val_00019630_rank045,25,25,0.98633,0
ILSVRC2012_val_00020730_with_ILSVRC2012_val_00034304_rank219,437,437,0.97684,0
ILSVRC2012_val_00020730_with_ILSVRC2012_val_00038898_rank363,933,933,0.99159,0
ILSVRC2012_val_00020730_with_ILSVRC2012_val_00020790_rank084,280,286,0.39079,12
ILSVRC2012_val_00020730_with_ILSVRC2012_val_00032641_rank631,477,448,0.21174,868
ILSVRC2012_val_00020730_with_ILSVRC2012_val_00018693_rank792,969,966,0.14531,12
ILSVRC2012_val_00020730_with_ILSVRC2012_val_00049742_rank422,325,986,0.41652,7
ILSVRC2012_val_00020730_with_ILSVRC2012_val_00032279_rank897,521,967,0.23476,81
ILSVRC2012_val_00020730_with_ILSVRC2012_val_00010192_rank146,317,317,0.99639,0
ILSVRC2012_val_00020730_with_ILSVRC2012_val_00027505_rank704,664,410,0.98242,271
ILSVRC2012_val_00020730_with_ILSVRC2012_val_00020888_rank041,145,145,0.96068,0
ILSVRC2012_val_00020730_with_ILSVRC2012_val_00018296_rank285,152,380,0.54041,53
ILSVRC2012_val_00020730_with_ILSVRC2012_val_00004871_rank944,409,971,0.59687,124
ILSVRC2012_val_00020730_with_ILSVRC2012_val_00025970_rank766,202,202,0.98998,0
ILSVRC2012_val_00020730_with_ILSVRC2012_val_00016337_rank344,511,511,0.94993,0
ILSVRC2012_val_00020730_with_ILSVRC2012_val_00007338_rank690,792,13,0.09397,82
ILSVRC2012_val_00020730_with_ILSVRC2012_val_00040903_rank001,20,20,0.99997,0
ILSVRC2012_val_00020730_with_ILSVRC2012_val_00035588_rank532,809,947,0.19178,46
ILSVRC2012_val_00020730_with_ILSVRC2012_val_00026490_rank339,4,110,0.32005,28
ILSVRC2012_val_00020730_with_ILSVRC2012_val_00041168_rank096,8,8,0.97149,0
ILSVRC2012_val_00020730_with_ILSVRC2012_val_00032174_rank133,124,124,0.41916,0
ILSVRC2012_val_00020730_with_ILSVRC2012_val_00042651_rank807,715,995,0.32482,106
ILSVRC2012_val_00020730_with_ILSVRC2012_val_00012333_rank427,564,947,0.62439,567
ILSVRC2012_val_00020730_with_ILSVRC2012_val_00044440_rank402,90,90,0.99891,0
ILSVRC2012_val_00020730_with_ILSVRC2012_val_00049761_rank034,103,103,0.99958,0
ILSVRC2012_val_00020730_with_ILSVRC2012_val_00038855_rank664,807,807,0.63299,0
ILSVRC2012_val_00020730_with_ILSVRC2012_val_00001697_rank668,157,157,0.97739,0
ILSVRC2012_val_00020730_with_ILSVRC2012_val_00017592_rank771,176,212,0.77473,5
ILSVRC2012_val_00020730_with_ILSVRC2012_val_00044392_rank520,653,653,0.99984,0
ILSVRC2012_val_00020730_with_ILSVRC2012_val_00002632_rank921,850,42,0.139,432
ILSVRC2012_val_00020730_with_ILSVRC2012_val_00047697_rank768,741,947,0.1136,878
ILSVRC2012_val_00020730_with_ILSVRC2012_val_00026631_rank667,662,596,0.17911,815
ILSVRC2012_val_00020730_with_ILSVRC2012_val_00025978_rank554,770,815,0.09375,771
ILSVRC2012_val_00020730_with_ILSVRC2012_val_00043072_rank446,208,208,0.60845,0
ILSVRC2012_val_00020730_with_ILSVRC2012_val_00015954_rank897,521,969,0.42517,61
ILSVRC2012_val_00020730_with_ILSVRC2012_val_00019729_rank428,339,339,0.78954,0
ILSVRC2012_val_00020730_with_ILSVRC2012_val_00029836_rank908,165,227,0.37696,24
ILSVRC2012_val_00020730_with_ILSVRC2012_val_00008440_rank994,998,325,0.08832,25
ILSVRC2012_val_00020730_with_ILSVRC2012_val_00044112_rank382,61,61,0.32348,0
ILSVRC2012_val_00020730_with_ILSVRC2012_val_00029258_rank183,698,483,0.27566,1
ILSVRC2012_val_00020730_with_ILSVRC2012_val_00010079_rank278,791,791,0.99836,0
ILSVRC2012_val_00020730_with_ILSVRC2012_val_00003211_rank433,761,761,0.94166,0
ILSVRC2012_val_00020730_with_ILSVRC2012_val_00011529_rank968,731,463,0.66463,95
ILSVRC2012_val_00020730_with_ILSVRC2012_val_00032308_rank949,774,63,0.4224,120
ILSVRC2012_val_00020730_with_ILSVRC2012_val_00037327_rank914,676,303,0.42262,155
ILSVRC2012_val_00020730_with_ILSVRC2012_val_00026131_rank623,840,47,0.36402,681
ILSVRC2012_val_00020730_with_ILSVRC2012_val_00013797_rank534,74,74,0.42346,0
ILSVRC2012_val_00020730_with_ILSVRC2012_val_00033395_rank637,601,316,0.13881,483
ILSVRC2012_val_00020730_with_ILSVRC2012_val_00018016_rank233,378,367,0.32207,17
ILSVRC2012_val_00020730_with_ILSVRC2012_val_00009155_rank842,898,326,0.86575,836
ILSVRC2012_val_00020730_with_ILSVRC2012_val_00039102_rank141,138,138,0.91357,0
ILSVRC2012_val_00020730_with_ILSVRC2012_val_00040689_rank898,398,398,0.82249,0
ILSVRC2012_val_00020730_with_ILSVRC2012_val_00026914_rank661,481,481,0.98954,0
ILSVRC2012_val_00020730_with_ILSVRC2012_val_00026692_rank908,165,163,0.63111,4
ILSVRC2012_val_00020730_with_ILSVRC2012_val_00030227_rank842,898,626,0.79544,59
ILSVRC2012_val_00020730_with_ILSVRC2012_val_00007590_rank625,749,128,0.49723,661
ILSVRC2012_val_00020730_with_ILSVRC2012_val_00034487_rank419,758,600,0.10914,16
ILSVRC2012_val_00020730_with_ILSVRC2012_val_00027488_rank382,61,114,0.16959,41
ILSVRC2012_val_00020730_with_ILSVRC2012_val_00034385_rank504,816,845,0.865,60
ILSVRC2012_val_00020730_with_ILSVRC2012_val_00023593_rank253,895,895,0.98308,0
ILSVRC2012_val_00020730_with_ILSVRC2012_val_00004160_rank862,551,837,0.23168,153
ILSVRC2012_val_00020730_with_ILSVRC2012_val_00021842_rank894,785,324,0.04457,417
ILSVRC2012_val_00020730_with_ILSVRC2012_val_00015862_rank324,829,829,0.66974,0
ILSVRC2012_val_00020730_with_ILSVRC2012_val_00007634_rank459,263,156,0.48102,33
ILSVRC2012_val_00020730_with_ILSVRC2012_val_00026940_rank659,682,437,0.99715,9
ILSVRC2012_val_00020730_with_ILSVRC2012_val_00003757_rank831,631,321,0.0964,401
ILSVRC2012_val_00020730_with_ILSVRC2012_val_00023658_rank859,154,154,0.9665,0
ILSVRC2012_val_00020730_with_ILSVRC2012_val_00014250_rank162,275,275,0.74084,0
ILSVRC2012_val_00020730_with_ILSVRC2012_val_00017554_rank565,224,224,0.97906,0
ILSVRC2012_val_00020730_with_ILSVRC2012_val_00046740_rank297,46,40,0.49073,1
ILSVRC2012_val_00020730_with_ILSVRC2012_val_00049576_rank349,327,989,0.70181,125
ILSVRC2012_val_00020730_with_ILSVRC2012_val_00046521_rank246,493,493,0.89967,0
ILSVRC2012_val_00020730_with_ILSVRC2012_val_00006423_rank904,681,448,0.24831,592
ILSVRC2012_val_00020730_with_ILSVRC2012_val_00002391_rank874,410,596,0.81895,208
ILSVRC2012_val_00020730_with_ILSVRC2012_val_00028162_rank215,37,35,0.30756,1
ILSVRC2012_val_00020730_with_ILSVRC2012_val_00000528_rank018,80,80,0.99979,0
ILSVRC2012_val_00020730_with_ILSVRC2012_val_00014249_rank460,729,677,0.08032,84
ILSVRC2012_val_00020730_with_ILSVRC2012_val_00031960_rank671,716,716,0.15001,0
ILSVRC2012_val_00020730_with_ILSVRC2012_val_00024724_rank896,806,806,0.6111,0
ILSVRC2012_val_00020730_with_ILSVRC2012_val_00014708_rank369,332,81,0.28677,239
ILSVRC2012_val_00020730_with_ILSVRC2012_val_00017492_rank101,888,596,0.16202,632
ILSVRC2012_val_00020730_with_ILSVRC2012_val_00012898_rank230,106,20,0.81819,232
ILSVRC2012_val_00020730_with_ILSVRC2012_val_00025428_rank035,14,14,0.99928,0
ILSVRC2012_val_00020730_with_ILSVRC2012_val_00002080_rank624,868,637,0.19203,119
ILSVRC2012_val_00020730_with_ILSVRC2012_val_00015171_rank929,451,677,0.63029,91
ILSVRC2012_val_00020730_with_ILSVRC2012_val_00026554_rank050,995,995,0.99973,0
ILSVRC2012_val_00020730_with_ILSVRC2012_val_00045465_rank180,278,278,0.43566,0
ILSVRC2012_val_00020730_with_ILSVRC2012_val_00026154_rank410,243,172,0.25195,42
ILSVRC2012_val_00020730_with_ILSVRC2012_val_00021198_rank769,732,732,0.86638,0
ILSVRC2012_val_00020730_with_ILSVRC2012_val_00026360_rank073,989,989,0.99823,0
ILSVRC2012_val_00020730_with_ILSVRC2012_val_00034334_rank771,176,176,0.96963,0
ILSVRC2012_val_00020730_with_ILSVRC2012_val_00005998_rank142,287,287,0.99995,0
ILSVRC2012_val_00020730_with_ILSVRC2012_val_00039933_rank070,28,28,0.95396,0
ILSVRC2012_val_00020730_with_ILSVRC2012_val_00005277_rank066,289,289,0.99052,0
ILSVRC2012_val_00020730_with_ILSVRC2012_val_00029167_rank794,446,879,0.16574,337
ILSVRC2012_val_00020730_with_ILSVRC2012_val_00009798_rank917,652,652,0.97871,0
ILSVRC2012_val_00020730_with_ILSVRC2012_val_00012493_rank360,572,572,0.29273,0
ILSVRC2012_val_00020730_with_ILSVRC2012_val_00035577_rank579,285,288,0.62024,9
ILSVRC2012_val_00020730_with_ILSVRC2012_val_00007730_rank928,726,726,0.35397,0
ILSVRC2012_val_00020730_with_ILSVRC2012_val_00045024_rank702,777,596,0.64353,4
ILSVRC2012_val_00020730_with_ILSVRC2012_val_00049335_rank282,746,20,0.03349,202
ILSVRC2012_val_00020730_with_ILSVRC2012_val_00002191_rank006,10,10,0.99868,0
ILSVRC2012_val_00020730_with_ILSVRC2012_val_00045406_rank610,897,897,0.44479,0
ILSVRC2012_val_00020730_with_ILSVRC2012_val_00034285_rank520,653,653,0.8829,0
ILSVRC2012_val_00020730_with_ILSVRC2012_val_00044672_rank326,264,264,0.35511,0
ILSVRC2012_val_00020730_with_ILSVRC2012_val_00016830_rank241,276,276,0.09419,0
ILSVRC2012_val_00020730_with_ILSVRC2012_val_00020735_rank360,572,968,0.1572,3
ILSVRC2012_val_00020730_with_ILSVRC2012_val_00021640_rank853,544,544,0.9815,0
ILSVRC2012_val_00020730_with_ILSVRC2012_val_00045687_rank645,260,260,0.91417,0
ILSVRC2012_val_00020730_with_ILSVRC2012_val_00012121_rank913,552,203,0.174,87
ILSVRC2012_val_00020730_with_ILSVRC2012_val_00045644_rank842,898,898,0.21519,0
ILSVRC2012_val_00020730_with_ILSVRC2012_val_00007495_rank894,785,448,0.65372,992
ILSVRC2012_val_00020730_with_ILSVRC2012_val_00019434_rank774,773,633,0.47981,142
ILSVRC2012_val_00020730_with_ILSVRC2012_val_00014455_rank895,674,674,0.99705,0
ILSVRC2012_val_00020730_with_ILSVRC2012_val_00031695_rank246,493,553,0.3384,3
ILSVRC2012_val_00020730_with_ILSVRC2012_val_00026178_rank016,142,142,0.97933,0
ILSVRC2012_val_00020730_with_ILSVRC2012_val_00034707_rank492,651,771,0.81906,15
ILSVRC2012_val_00020730_with_ILSVRC2012_val_00024218_rank734,249,249,0.82981,0
ILSVRC2012_val_00020730_with_ILSVRC2012_val_00036701_rank224,672,672,0.98904,0
ILSVRC2012_val_00020730_with_ILSVRC2012_val_00040394_rank369,332,270,0.1835,42
ILSVRC2012_val_00020730_with_ILSVRC2012_val_00046077_rank145,102,102,0.98337,0
ILSVRC2012_val_00020730_with_ILSVRC2012_val_00026622_rank962,161,161,0.90259,0
ILSVRC2012_val_00020730_with_ILSVRC2012_val_00019402_rank819,186,278,0.3372,78
ILSVRC2012_val_00020730_with_ILSVRC2012_val_00022647_rank517,659,659,0.57028,0
ILSVRC2012_val_00020730_with_ILSVRC2012_val_00000595_rank190,833,319,0.70919,390
ILSVRC2012_val_00020730_with_ILSVRC2012_val_00018402_rank817,558,677,0.426,653
ILSVRC2012_val_00020730_with_ILSVRC2012_val_00036331_rank670,863,350,0.59118,252
ILSVRC2012_val_00020730_with_ILSVRC2012_val_00006551_rank610,897,31,0.58918,565
ILSVRC2012_val_00020730_with_ILSVRC2012_val_00030378_rank886,626,919,0.94079,186
ILSVRC2012_val_00020730_with_ILSVRC2012_val_00030946_rank740,658,658,0.96028,0
ILSVRC2012_val_00020730_with_ILSVRC2012_val_00034774_rank206,125,112,0.92377,2
ILSVRC2012_val_00020730_with_ILSVRC2012_val_00045134_rank494,153,153,0.91482,0
ILSVRC2012_val_00020730_with_ILSVRC2012_val_00023900_rank738,612,612,0.99951,0
ILSVRC2012_val_00020730_with_ILSVRC2012_val_00046124_rank682,196,196,0.95571,0
ILSVRC2012_val_00020730_with_ILSVRC2012_val_00010421_rank044,83,22,0.07893,46
ILSVRC2012_val_00020730_with_ILSVRC2012_val_00027632_rank465,936,936,0.9531,0
ILSVRC2012_val_00020730_with_ILSVRC2012_val_00001421_rank379,303,310,0.99774,13
ILSVRC2012_val_00020730_with_ILSVRC2012_val_00037224_rank933,470,470,0.99959,0
ILSVRC2012_val_00020730_with_ILSVRC2012_val_00010237_rank840,954,954,0.8486,0
ILSVRC2012_val_00020730_with_ILSVRC2012_val_00017843_rank149,466,466,0.47034,0
ILSVRC2012_val_00020730_with_ILSVRC2012_val_00035820_rank490,247,89,0.13745,125
ILSVRC2012_val_00020730_with_ILSVRC2012_val_00004025_rank788,543,543,0.94815,0
ILSVRC2012_val_00020730_with_ILSVRC2012_val_00036150_rank770,158,237,0.56375,3
ILSVRC2012_val_00020730_with_ILSVRC2012_val_00029364_rank725,204,338,0.39559,55
ILSVRC2012_val_00020730_with_ILSVRC2012_val_00025867_rank382,61,61,0.8326,0
ILSVRC2012_val_00020730_with_ILSVRC2012_val_00002939_rank868,51,349,0.57371,75
ILSVRC2012_val_00020730_with_ILSVRC2012_val_00045825_rank249,393,393,0.96582,0
ILSVRC2012_val_00020730_with_ILSVRC2012_val_00030996_rank972,594,594,0.9998,0
ILSVRC2012_val_00020730_with_ILSVRC2012_val_00038204_rank181,937,677,0.25868,608
ILSVRC2012_val_00020730_with_ILSVRC2012_val_00040412_rank025,17,17,0.10048,0
ILSVRC2012_val_00020730_with_ILSVRC2012_val_00023290_rank512,453,624,0.26277,2
ILSVRC2012_val_00020730_with_ILSVRC2012_val_00006962_rank811,763,19,0.0652,88
ILSVRC2012_val_00020730_with_ILSVRC2012_val_00023515_rank331,184,184,0.93531,0
ILSVRC2012_val_00020730_with_ILSVRC2012_val_00017839_rank205,9,9,0.74203,0
ILSVRC2012_val_00020730_with_ILSVRC2012_val_00015500_rank133,124,124,0.19443,0
ILSVRC2012_val_00020730_with_ILSVRC2012_val_00047381_rank592,725,773,0.17665,9
ILSVRC2012_val_00020730_with_ILSVRC2012_val_00045377_rank371,890,890,0.98527,0
ILSVRC2012_val_00020730_with_ILSVRC2012_val_00025513_rank639,904,363,0.34255,539
ILSVRC2012_val_00020730_with_ILSVRC2012_val_00011888_rank146,317,317,0.86104,0
ILSVRC2012_val_00020730_with_ILSVRC2012_val_00046116_rank523,400,667,0.75908,1
ILSVRC2012_val_00020730_with_ILSVRC2012_val_00029422_rank463,592,592,0.93799,0
ILSVRC2012_val_00020730_with_ILSVRC2012_val_00010972_rank282,746,722,0.30276,11
ILSVRC2012_val_00020730_with_ILSVRC2012_val_00021072_rank315,315,313,0.45735,1
ILSVRC2012_val_00020730_with_ILSVRC2012_val_00042116_rank975,514,514,0.99903,0
ILSVRC2012_val_00020730_with_ILSVRC2012_val_00017263_rank507,596,596,0.99572,0
ILSVRC2012_val_00020730_with_ILSVRC2012_val_00005036_rank739,828,828,0.87885,0
ILSVRC2012_val_00020730_with_ILSVRC2012_val_00003522_rank416,242,242,0.95799,0
ILSVRC2012_val_00020730_with_ILSVRC2012_val_00022051_rank826,857,112,0.0667,498
ILSVRC2012_val_00020730_with_ILSVRC2012_val_00032255_rank943,808,318,0.1941,310
ILSVRC2012_val_00020730_with_ILSVRC2012_val_00005213_rank174,397,5,0.40946,5
ILSVRC2012_val_00020730_with_ILSVRC2012_val_00001614_rank492,651,530,0.75765,17
ILSVRC2012_val_00020730_with_ILSVRC2012_val_00017474_rank738,612,612,0.62646,0
ILSVRC2012_val_00020730_with_ILSVRC2012_val_00008499_rank982,710,587,0.24551,32
ILSVRC2012_val_00020730_with_ILSVRC2012_val_00023642_rank403,376,376,0.99819,0
ILSVRC2012_val_00020730_with_ILSVRC2012_val_00017584_rank825,804,503,0.12125,10
ILSVRC2012_val_00020730_with_ILSVRC2012_val_00044941_rank540,557,336,0.06932,660
ILSVRC2012_val_00020730_with_ILSVRC2012_val_00037665_rank657,955,947,0.11154,67
ILSVRC2012_val_00020730_with_ILSVRC2012_val_00016997_rank431,919,919,0.86854,0
ILSVRC2012_val_00020730_with_ILSVRC2012_val_00012812_rank115,449,677,0.24302,984
ILSVRC2012_val_00020730_with_ILSVRC2012_val_00044302_rank362,913,471,0.12653,85
ILSVRC2012_val_00020730_with_ILSVRC2012_val_00029882_rank726,703,703,0.98212,0
ILSVRC2012_val_00020730_with_ILSVRC2012_val_00031179_rank097,34,34,0.98122,0
ILSVRC2012_val_00020730_with_ILSVRC2012_val_00037345_rank744,735,326,0.12243,710
ILSVRC2012_val_00020730_with_ILSVRC2012_val_00014288_rank606,363,363,0.99915,0
ILSVRC2012_val_00020730_with_ILSVRC2012_val_00043851_rank859,154,380,0.60101,69
ILSVRC2012_val_00020730_with_ILSVRC2012_val_00025300_rank613,789,912,0.1547,151
ILSVRC2012_val_00020730_with_ILSVRC2012_val_00025669_rank734,249,249,0.55123,0
ILSVRC2012_val_00020730_with_ILSVRC2012_val_00048228_rank670,863,863,0.14942,0
ILSVRC2012_val_00020730_with_ILSVRC2012_val_00021573_rank396,252,262,0.14418,1
ILSVRC2012_val_00020730_with_ILSVRC2012_val_00017422_rank710,665,880,0.27522,5
ILSVRC2012_val_00020730_with_ILSVRC2012_val_00015538_rank724,667,728,0.14927,714
ILSVRC2012_val_00020730_with_ILSVRC2012_val_00022122_rank607,164,164,0.98992,0
ILSVRC2012_val_00020730_with_ILSVRC2012_val_00010954_rank455,852,852,0.92841,0
ILSVRC2012_val_00020730_with_ILSVRC2012_val_00006863_rank073,989,989,0.9995,0
ILSVRC2012_val_00020730_with_ILSVRC2012_val_00009699_rank447,669,448,0.26497,467
ILSVRC2012_val_00020730_with_ILSVRC2012_val_00017026_rank456,554,677,0.09979,998
ILSVRC2012_val_00020730_with_ILSVRC2012_val_00015221_rank193,66,947,0.16773,380
ILSVRC2012_val_00020730_with_ILSVRC2012_val_00045036_rank222,108,988,0.68418,102
ILSVRC2012_val_00020730_with_ILSVRC2012_val_00048726_rank246,493,637,0.40232,121
ILSVRC2012_val_00020730_with_ILSVRC2012_val_00049479_rank951,632,632,0.98803,0
ILSVRC2012_val_00020730_with_ILSVRC2012_val_00020326_rank076,144,120,0.1128,174
ILSVRC2012_val_00020730_with_ILSVRC2012_val_00044262_rank110,26,38,0.36895,7
ILSVRC2012_val_00020730_with_ILSVRC2012_val_00048619_rank554,770,770,0.98439,0
ILSVRC2012_val_00020730_with_ILSVRC2012_val_00041543_rank120,322,326,0.9279,1
ILSVRC2012_val_00020730_with_ILSVRC2012_val_00029387_rank327,330,330,0.97742,0
ILSVRC2012_val_00020730_with_ILSVRC2012_val_00042490_rank935,650,677,0.8457,60
ILSVRC2012_val_00020730_with_ILSVRC2012_val_00035216_rank524,903,356,0.1614,713
ILSVRC2012_val_00020730_with_ILSVRC2012_val_00003307_rank507,596,596,0.36032,0
ILSVRC2012_val_00020730_with_ILSVRC2012_val_00047450_rank965,683,488,0.09081,61
ILSVRC2012_val_00020730_with_ILSVRC2012_val_00039100_rank628,680,680,0.2223,0
ILSVRC2012_val_00020730_with_ILSVRC2012_val_00013402_rank041,145,145,0.99921,0
ILSVRC2012_val_00020730_with_ILSVRC2012_val_00023588_rank684,688,688,0.99335,0
ILSVRC2012_val_00020730_with_ILSVRC2012_val_00044808_rank985,419,419,0.69507,0
ILSVRC2012_val_00020730_with_ILSVRC2012_val_00012232_rank225,948,948,0.99551,0
ILSVRC2012_val_00020730_with_ILSVRC2012_val_00003758_rank557,197,197,0.95977,0
ILSVRC2012_val_00020730_with_ILSVRC2012_val_00046643_rank670,863,863,0.99667,0
ILSVRC2012_val_00020730_with_ILSVRC2012_val_00018855_rank305,110,110,0.86101,0
ILSVRC2012_val_00020730_with_ILSVRC2012_val_00030214_rank982,710,412,0.30204,43
ILSVRC2012_val_00020730_with_ILSVRC2012_val_00040808_rank266,347,347,0.94373,0
ILSVRC2012_val_00020730_with_ILSVRC2012_val_00008586_rank466,43,43,0.91429,0
ILSVRC2012_val_00020730_with_ILSVRC2012_val_00038472_rank302,501,501,0.53138,0
ILSVRC2012_val_00020730_with_ILSVRC2012_val_00038260_rank746,704,704,0.99998,0
ILSVRC2012_val_00020730_with_ILSVRC2012_val_00021508_rank544,942,942,0.98907,0
ILSVRC2012_val_00020730_with_ILSVRC2012_val_00016981_rank003,140,140,0.49056,0
ILSVRC2012_val_00020730_with_ILSVRC2012_val_00037133_rank138,296,296,0.98669,0
ILSVRC2012_val_00020730_with_ILSVRC2012_val_00018456_rank561,62,61,0.81764,1
ILSVRC2012_val_00020730_with_ILSVRC2012_val_00017230_rank047,337,357,0.52338,2
ILSVRC2012_val_00020730_with_ILSVRC2012_val_00003447_rank764,492,492,0.28904,0
ILSVRC2012_val_00020730_with_ILSVRC2012_val_00043736_rank664,807,815,0.62224,124
ILSVRC2012_val_00020730_with_ILSVRC2012_val_00003940_rank274,286,286,0.999,0
ILSVRC2012_val_00020730_with_ILSVRC2012_val_00032808_rank792,969,969,0.37003,0
ILSVRC2012_val_00020730_with_ILSVRC2012_val_00037820_rank728,169,169,0.92706,0
ILSVRC2012_val_00020730_with_ILSVRC2012_val_00000121_rank247,718,448,0.42144,265
ILSVRC2012_val_00020730_with_ILSVRC2012_val_00033208_rank997,515,130,0.08298,928
ILSVRC2012_val_00020730_with_ILSVRC2012_val_00034276_rank953,772,772,0.38314,0
ILSVRC2012_val_00020730_with_ILSVRC2012_val_00025705_rank913,552,947,0.11497,817
ILSVRC2012_val_00020730_with_ILSVRC2012_val_00023911_rank774,773,773,0.5758,0
ILSVRC2012_val_00020730_with_ILSVRC2012_val_00048545_rank905,891,677,0.90914,471
ILSVRC2012_val_00020730_with_ILSVRC2012_val_00017442_rank152,210,210,0.42174,0
ILSVRC2012_val_00020730_with_ILSVRC2012_val_00005822_rank701,812,311,0.74457,204
ILSVRC2012_val_00020730_with_ILSVRC2012_val_00044865_rank713,605,605,0.99905,0
ILSVRC2012_val_00020730_with_ILSVRC2012_val_00049208_rank832,875,30,0.14214,355
ILSVRC2012_val_00020730_with_ILSVRC2012_val_00001250_rank201,173,173,0.64298,0
ILSVRC2012_val_00020730_with_ILSVRC2012_val_00009249_rank517,659,968,0.63777,4
ILSVRC2012_val_00020730_with_ILSVRC2012_val_00012020_rank590,462,326,0.34812,544
ILSVRC2012_val_00020730_with_ILSVRC2012_val_00043347_rank181,937,937,0.99936,0
ILSVRC2012_val_00020730_with_ILSVRC2012_val_00048279_rank581,907,677,0.18394,815
ILSVRC2012_val_00020730_with_ILSVRC2012_val_00027308_rank319,981,972,0.14978,283
ILSVRC2012_val_00020730_with_ILSVRC2012_val_00039197_rank284,971,20,0.1654,267
ILSVRC2012_val_00020730_with_ILSVRC2012_val_00028284_rank340,45,45,0.99172,0
ILSVRC2012_val_00020730_with_ILSVRC2012_val_00005013_rank745,526,526,0.37865,0
ILSVRC2012_val_00020730_with_ILSVRC2012_val_00027233_rank058,279,384,0.47755,66
ILSVRC2012_val_00020730_with_ILSVRC2012_val_00021066_rank318,288,288,0.97579,0
ILSVRC2012_val_00020730_with_ILSVRC2012_val_00048370_rank445,189,189,0.99964,0
ILSVRC2012_val_00020730_with_ILSVRC2012_val_00035186_rank298,329,329,0.9917,0
ILSVRC2012_val_00020730_with_ILSVRC2012_val_00034106_rank504,816,677,0.56536,47
ILSVRC2012_val_00020730_with_ILSVRC2012_val_00007248_rank834,787,787,0.25321,0
ILSVRC2012_val_00020730_with_ILSVRC2012_val_00014966_rank209,310,301,0.08673,1
ILSVRC2012_val_00020730_with_ILSVRC2012_val_00041554_rank724,667,667,0.62787,0
ILSVRC2012_val_00020730_with_ILSVRC2012_val_00024341_rank561,62,62,0.97136,0
ILSVRC2012_val_00020730_with_ILSVRC2012_val_00041131_rank302,501,501,0.53964,0
ILSVRC2012_val_00020730_with_ILSVRC2012_val_00040080_rank122,951,951,0.99643,0
ILSVRC2012_val_00020730_with_ILSVRC2012_val_00040970_rank024,22,22,0.99973,0
ILSVRC2012_val_00020730_with_ILSVRC2012_val_00027256_rank397,190,20,0.42477,395
ILSVRC2012_val_00020730_with_ILSVRC2012_val_00005652_rank958,906,596,0.3776,441
ILSVRC2012_val_00020730_with_ILSVRC2012_val_00006460_rank099,96,96,0.99931,0
ILSVRC2012_val_00020730_with_ILSVRC2012_val_00043411_rank279,965,947,0.16591,126
ILSVRC2012_val_00020730_with_ILSVRC2012_val_00027286_rank910,707,707,0.98024,0
ILSVRC2012_val_00020730_with_ILSVRC2012_val_00005199_rank949,774,770,0.94955,1
ILSVRC2012_val_00020730_with_ILSVRC2012_val_00048125_rank185,257,270,0.34469,6
ILSVRC2012_val_00020730_with_ILSVRC2012_val_00030364_rank620,253,173,0.90927,1
ILSVRC2012_val_00020730_with_ILSVRC2012_val_00041910_rank228,403,448,0.25378,409
ILSVRC2012_val_00020730_with_ILSVRC2012_val_00036142_rank308,939,114,0.83452,29
ILSVRC2012_val_00020730_with_ILSVRC2012_val_00007622_rank975,514,514,0.96996,0
ILSVRC2012_val_00020730_with_ILSVRC2012_val_00016819_rank776,805,805,0.99927,0
ILSVRC2012_val_00020730_with_ILSVRC2012_val_00025551_rank259,216,216,0.9991,0
ILSVRC2012_val_00020730_with_ILSVRC2012_val_00012586_rank882,88,88,0.9444,0
ILSVRC2012_val_00020730_with_ILSVRC2012_val_00002570_rank230,106,106,0.9961,0
ILSVRC2012_val_00020730_with_ILSVRC2012_val_00003041_rank625,749,42,0.06111,602
ILSVRC2012_val_00020730_with_ILSVRC2012_val_00004640_rank157,994,994,0.14959,0
ILSVRC2012_val_00020730_with_ILSVRC2012_val_00024662_rank917,652,81,0.15306,440
ILSVRC2012_val_00020730_with_ILSVRC2012_val_00036952_rank437,886,886,0.19884,0
ILSVRC2012_val_00020730_with_ILSVRC2012_val_00008154_rank634,372,373,0.51969,1
ILSVRC2012_val_00020730_with_ILSVRC2012_val_00007615_rank773,478,902,0.08675,401
ILSVRC2012_val_00020730_with_ILSVRC2012_val_00010595_rank196,438,438,0.99932,0
ILSVRC2012_val_00020730_with_ILSVRC2012_val_00027920_rank133,124,119,0.40403,3
ILSVRC2012_val_00020730_with_ILSVRC2012_val_00025435_rank070,28,28,0.99644,0
ILSVRC2012_val_00020730_with_ILSVRC2012_val_00011346_rank525,487,487,0.43525,0
ILSVRC2012_val_00020730_with_ILSVRC2012_val_00040443_rank628,680,947,0.20789,862
ILSVRC2012_val_00020730_with_ILSVRC2012_val_00048892_rank079,336,336,0.99975,0
ILSVRC2012_val_00020730_with_ILSVRC2012_val_00038770_rank541,73,74,0.17779,1
ILSVRC2012_val_00020730_with_ILSVRC2012_val_00017012_rank070,28,28,0.99263,0
ILSVRC2012_val_00020730_with_ILSVRC2012_val_00035837_rank072,127,127,0.99121,0
ILSVRC2012_val_00020730_with_ILSVRC2012_val_00037741_rank879,542,677,0.82836,91
ILSVRC2012_val_00020730_with_ILSVRC2012_val_00030702_rank099,96,96,0.99989,0
ILSVRC2012_val_00020730_with_ILSVRC2012_val_00033191_rank903,827,827,0.45176,0
ILSVRC2012_val_00020730_with_ILSVRC2012_val_00027147_rank984,823,823,0.99883,0
ILSVRC2012_val_00020730_with_ILSVRC2012_val_00006314_rank415,195,195,0.99778,0
ILSVRC2012_val_00020730_with_ILSVRC2012_val_00003780_rank959,764,315,0.20727,687
ILSVRC2012_val_00020730_with_ILSVRC2012_val_00049229_rank288,166,164,0.15718,2
ILSVRC2012_val_00020730_with_ILSVRC2012_val_00041175_rank240,609,609,0.9998,0
ILSVRC2012_val_00020730_with_ILSVRC2012_val_00004175_rank508,107,92,0.79601,232
ILSVRC2012_val_00020730_with_ILSVRC2012_val_00031415_rank071,206,219,0.29151,61
ILSVRC2012_val_00020730_with_ILSVRC2012_val_00025733_rank820,776,319,0.21116,223
ILSVRC2012_val_00020730_with_ILSVRC2012_val_00015652_rank303,958,538,0.40549,152
ILSVRC2012_val_00020730_with_ILSVRC2012_val_00025408_rank447,669,578,0.3751,19
ILSVRC2012_val_00020730_with_ILSVRC2012_val_00015420_rank646,603,603,0.5227,0
ILSVRC2012_val_00020730_with_ILSVRC2012_val_00044536_rank537,531,531,0.90932,0
ILSVRC2012_val_00020730_with_ILSVRC2012_val_00013313_rank822,589,902,0.63931,49
ILSVRC2012_val_00020730_with_ILSVRC2012_val_00034800_rank946,714,714,0.99723,0
ILSVRC2012_val_00020730_with_ILSVRC2012_val_00005958_rank448,968,35,0.32117,402
ILSVRC2012_val_00020730_with_ILSVRC2012_val_00031293_rank086,344,344,0.9384,0
ILSVRC2012_val_00020730_with_ILSVRC2012_val_00007790_rank582,878,878,0.47276,0
ILSVRC2012_val_00020730_with_ILSVRC2012_val_00024755_rank496,311,311,0.7377,0
ILSVRC2012_val_00020730_with_ILSVRC2012_val_00009268_rank710,665,518,0.30563,7
ILSVRC2012_val_00020730_with_ILSVRC2012_val_00006067_rank211,967,711,0.60395,68
ILSVRC2012_val_00020730_with_ILSVRC2012_val_00003316_rank971,866,491,0.16274,46
ILSVRC2012_val_00020730_with_ILSVRC2012_val_00043474_rank384,193,151,0.61991,51
ILSVRC2012_val_00020730_with_ILSVRC2012_val_00048666_rank054,129,129,0.98683,0
ILSVRC2012_val_00020730_with_ILSVRC2012_val_00038471_rank309,780,780,0.70191,0
ILSVRC2012_val_00020730_with_ILSVRC2012_val_00023050_rank799,905,905,0.11129,0
ILSVRC2012_val_00020730_with_ILSVRC2012_val_00029284_rank184,380,336,0.36779,53
ILSVRC2012_val_00020730_with_ILSVRC2012_val_00033242_rank272,65,65,0.63144,0
ILSVRC2012_val_00020730_with_ILSVRC2012_val_00031746_rank784,504,968,0.91906,1
ILSVRC2012_val_00020730_with_ILSVRC2012_val_00038197_rank038,133,133,0.99549,0
ILSVRC2012_val_00020730_with_ILSVRC2012_val_00004574_rank136,394,394,0.90537,0
ILSVRC2012_val_00020730_with_ILSVRC2012_val_00035395_rank650,944,944,0.96329,0
ILSVRC2012_val_00020730_with_ILSVRC2012_val_00020908_rank663,512,703,0.16512,752
ILSVRC2012_val_00020730_with_ILSVRC2012_val_00038203_rank634,372,384,0.20948,100
ILSVRC2012_val_00020730_with_ILSVRC2012_val_00046686_rank672,800,800,0.11848,0
ILSVRC2012_val_00020730_with_ILSVRC2012_val_00016073_rank993,778,605,0.13586,111
ILSVRC2012_val_00020730_with_ILSVRC2012_val_00001285_rank956,399,879,0.52982,84
ILSVRC2012_val_00020730_with_ILSVRC2012_val_00011028_rank826,857,448,0.93649,366
ILSVRC2012_val_00020730_with_ILSVRC2012_val_00040015_rank144,232,232,0.83598,0
ILSVRC2012_val_00020730_with_ILSVRC2012_val_00003476_rank426,689,728,0.08111,46
ILSVRC2012_val_00020730_with_ILSVRC2012_val_00013058_rank574,798,320,0.80237,222
ILSVRC2012_val_00020730_with_ILSVRC2012_val_00029886_rank339,4,115,0.52547,56
ILSVRC2012_val_00020730_with_ILSVRC2012_val_00029396_rank313,671,320,0.10548,206
ILSVRC2012_val_00020730_with_ILSVRC2012_val_00025639_rank793,402,402,0.3806,0
ILSVRC2012_val_00020730_with_ILSVRC2012_val_00017803_rank370,375,375,0.99949,0
ILSVRC2012_val_00020730_with_ILSVRC2012_val_00040195_rank546,934,126,0.85146,384
ILSVRC2012_val_00020730_with_ILSVRC2012_val_00049417_rank168,239,239,0.93147,0
ILSVRC2012_val_00020730_with_ILSVRC2012_val_00049333_rank065,50,50,0.92231,0
ILSVRC2012_val_00020730_with_ILSVRC2012_val_00001514_rank611,957,993,0.83906,117
ILSVRC2012_val_00020730_with_ILSVRC2012_val_00024028_rank435,517,677,0.10945,201
ILSVRC2012_val_00020730_with_ILSVRC2012_val_00048463_rank045,25,25,0.9932,0
ILSVRC2012_val_00020730_with_ILSVRC2012_val_00005132_rank182,52,59,0.64127,15
ILSVRC2012_val_00020730_with_ILSVRC2012_val_00045660_rank933,470,991,0.8654,208
ILSVRC2012_val_00020730_with_ILSVRC2012_val_00013256_rank054,129,129,0.99994,0
ILSVRC2012_val_00020730_with_ILSVRC2012_val_00020809_rank470,341,993,0.59517,122
ILSVRC2012_val_00020730_with_ILSVRC2012_val_00021599_rank557,197,197,0.35062,0
ILSVRC2012_val_00020730_with_ILSVRC2012_val_00027511_rank058,279,279,0.61461,0
ILSVRC2012_val_00020730_with_ILSVRC2012_val_00034272_rank654,999,835,0.08411,984
ILSVRC2012_val_00020730_with_ILSVRC2012_val_00039082_rank903,827,637,0.23896,123
ILSVRC2012_val_00020730_with_ILSVRC2012_val_00006425_rank814,518,518,0.98894,0
ILSVRC2012_val_00020730_with_ILSVRC2012_val_00001569_rank355,839,839,0.21641,0
ILSVRC2012_val_00020730_with_ILSVRC2012_val_00040105_rank954,160,160,0.99538,0
ILSVRC2012_val_00020730_with_ILSVRC2012_val_00034023_rank250,820,847,0.37368,5
ILSVRC2012_val_00020730_with_ILSVRC2012_val_00025540_rank644,711,631,0.74683,1
ILSVRC2012_val_00020730_with_ILSVRC2012_val_00039443_rank312,54,348,0.64016,341
ILSVRC2012_val_00020730_with_ILSVRC2012_val_00003756_rank358,848,848,0.36603,0
ILSVRC2012_val_00020730_with_ILSVRC2012_val_00045192_rank836,112,947,0.20936,94
ILSVRC2012_val_00020730_with_ILSVRC2012_val_00018701_rank617,261,261,0.9994,0
ILSVRC2012_val_00020730_with_ILSVRC2012_val_00040888_rank987,523,845,0.13083,29
ILSVRC2012_val_00020730_with_ILSVRC2012_val_00037434_rank609,502,502,0.99941,0
ILSVRC2012_val_00020730_with_ILSVRC2012_val_00003267_rank509,182,286,0.43294,121
ILSVRC2012_val_00020730_with_ILSVRC2012_val_00049734_rank635,428,311,0.12508,220
ILSVRC2012_val_00020730_with_ILSVRC2012_val_00006448_rank295,388,388,0.99739,0
ILSVRC2012_val_00020730_with_ILSVRC2012_val_00004683_rank062,370,370,0.99359,0
ILSVRC2012_val_00020730_with_ILSVRC2012_val_00046374_rank225,948,947,0.18347,218
ILSVRC2012_val_00020730_with_ILSVRC2012_val_00036609_rank567,430,430,0.69526,0
ILSVRC2012_val_00020730_with_ILSVRC2012_val_00023968_rank962,161,166,0.57819,3
ILSVRC2012_val_00020730_with_ILSVRC2012_val_00020757_rank255,390,17,0.13344,156
ILSVRC2012_val_00020730_with_ILSVRC2012_val_00036362_rank950,684,29,0.60969,184
ILSVRC2012_val_00020730_with_ILSVRC2012_val_00043980_rank737,712,677,0.15698,150
ILSVRC2012_val_00020730_with_ILSVRC2012_val_00002466_rank680,423,835,0.2161,671
ILSVRC2012_val_00020730_with_ILSVRC2012_val_00045298_rank809,613,613,0.92318,0
ILSVRC2012_val_00020730_with_ILSVRC2012_val_00006568_rank713,605,605,0.99462,0
ILSVRC2012_val_00020730_with_ILSVRC2012_val_00011091_rank368,768,20,0.07123,404
ILSVRC2012_val_00020730_with_ILSVRC2012_val_00029799_rank326,264,263,0.69486,1
ILSVRC2012_val_00020730_with_ILSVRC2012_val_00003393_rank887,737,737,0.35525,0
ILSVRC2012_val_00020730_with_ILSVRC2012_val_00003918_rank429,795,53,0.10774,968
ILSVRC2012_val_00020730_with_ILSVRC2012_val_00030940_rank021,131,131,0.99952,0
ILSVRC2012_val_00020730_with_ILSVRC2012_val_00042610_rank143,302,302,0.96923,0
ILSVRC2012_val_00020730_with_ILSVRC2012_val_00028953_rank832,875,618,0.92619,74
ILSVRC2012_val_00020730_with_ILSVRC2012_val_00045529_rank398,123,124,0.51628,1
ILSVRC2012_val_00020730_with_ILSVRC2012_val_00014986_rank798,608,898,0.38279,308
ILSVRC2012_val_00020730_with_ILSVRC2012_val_00048455_rank163,472,994,0.25864,825
ILSVRC2012_val_00020730_with_ILSVRC2012_val_00043284_rank528,565,565,0.99086,0
ILSVRC2012_val_00020730_with_ILSVRC2012_val_00040512_rank562,656,654,0.49667,2
ILSVRC2012_val_00020730_with_ILSVRC2012_val_00022949_rank572,723,723,0.99957,0
ILSVRC2012_val_00020730_with_ILSVRC2012_val_00046413_rank320,353,20,0.20295,340
ILSVRC2012_val_00020730_with_ILSVRC2012_val_00042297_rank441,901,901,0.99986,0
ILSVRC2012_val_00020730_with_ILSVRC2012_val_00010071_rank289,346,349,0.74102,24
ILSVRC2012_val_00020730_with_ILSVRC2012_val_00047161_rank979,889,889,0.97955,0
ILSVRC2012_val_00020730_with_ILSVRC2012_val_00042762_rank792,969,325,0.28931,100
ILSVRC2012_val_00020730_with_ILSVRC2012_val_00029069_rank191,78,376,0.19826,137
ILSVRC2012_val_00020730_with_ILSVRC2012_val_00024430_rank324,829,437,0.0998,245
ILSVRC2012_val_00020730_with_ILSVRC2012_val_00026483_rank817,558,93,0.71084,221
ILSVRC2012_val_00020730_with_ILSVRC2012_val_00013122_rank843,463,448,0.99054,63
ILSVRC2012_val_00020730_with_ILSVRC2012_val_00033241_rank108,297,297,0.69276,0
ILSVRC2012_val_00020730_with_ILSVRC2012_val_00037956_rank106,677,596,0.93373,8
ILSVRC2012_val_00020730_with_ILSVRC2012_val_00043853_rank947,872,872,0.99654,0
ILSVRC2012_val_00020730_with_ILSVRC2012_val_00041992_rank355,839,839,0.91076,0
ILSVRC2012_val_00020730_with_ILSVRC2012_val_00002417_rank472,172,286,0.12556,107
ILSVRC2012_val_00020730_with_ILSVRC2012_val_00003095_rank172,64,59,0.53833,2
ILSVRC2012_val_00020730_with_ILSVRC2012_val_00016850_rank821,728,112,0.28072,90
ILSVRC2012_val_00020730_with_ILSVRC2012_val_00024763_rank699,473,473,0.23988,0
ILSVRC2012_val_00020730_with_ILSVRC2012_val_00016905_rank406,67,67,0.94396,0
ILSVRC2012_val_00020730_with_ILSVRC2012_val_00021138_rank632,383,383,0.75433,0
ILSVRC2012_val_00020730_with_ILSVRC2012_val_00022200_rank694,727,807,0.63516,12
ILSVRC2012_val_00020730_with_ILSVRC2012_val_00017842_rank122,951,950,0.98591,1
ILSVRC2012_val_00020730_with_ILSVRC2012_val_00006033_rank808,539,539,0.26524,0
ILSVRC2012_val_00020730_with_ILSVRC2012_val_00047676_rank519,717,717,0.92308,0
ILSVRC2012_val_00020730_with_ILSVRC2012_val_00008252_rank263,964,947,0.81995,35
ILSVRC2012_val_00020730_with_ILSVRC2012_val_00045762_rank744,735,474,0.19597,2
ILSVRC2012_val_00020730_with_ILSVRC2012_val_00046589_rank261,488,488,0.98168,0
ILSVRC2012_val_00020730_with_ILSVRC2012_val_00029781_rank810,643,723,0.90498,193
ILSVRC2012_val_00020730_with_ILSVRC2012_val_00019367_rank610,897,897,0.54785,0
ILSVRC2012_val_00020730_with_ILSVRC2012_val_00048658_rank230,106,336,0.91613,7
ILSVRC2012_val_00020730_with_ILSVRC2012_val_00044921_rank024,22,22,0.97611,0
ILSVRC2012_val_00020730_with_ILSVRC2012_val_00038401_rank220,853,947,0.47908,260
ILSVRC2012_val_00020730_with_ILSVRC2012_val_00047068_rank588,687,494,0.54979,16
ILSVRC2012_val_00020730_with_ILSVRC2012_val_00045598_rank306,222,208,0.95714,13
ILSVRC2012_val_00020730_with_ILSVRC2012_val_00025869_rank147,218,218,0.99918,0
ILSVRC2012_val_00020730_with_ILSVRC2012_val_00019821_rank555,214,241,0.28724,37
ILSVRC2012_val_00020730_with_ILSVRC2012_val_00033867_rank665,482,703,0.08936,474
ILSVRC2012_val_00020730_with_ILSVRC2012_val_00023335_rank424,425,448,0.89232,18
ILSVRC2012_val_00020730_with_ILSVRC2012_val_00023483_rank836,112,112,0.97956,0
ILSVRC2012_val_00020730_with_ILSVRC2012_val_00011498_rank234,229,356,0.6698,177
ILSVRC2012_val_00020730_with_ILSVRC2012_val_00003352_rank860,549,448,0.73533,120
ILSVRC2012_val_00020730_with_ILSVRC2012_val_00013368_rank162,275,275,0.99809,0
ILSVRC2012_val_00020730_with_ILSVRC2012_val_00048523_rank337,75,75,0.65533,0
ILSVRC2012_val_00020730_with_ILSVRC2012_val_00034853_rank224,672,672,0.90692,0
ILSVRC2012_val_00020730_with_ILSVRC2012_val_00032672_rank064,350,350,0.99999,0
ILSVRC2012_val_00020730_with_ILSVRC2012_val_00023179_rank137,181,181,0.61166,0
ILSVRC2012_val_00020730_with_ILSVRC2012_val_00027471_rank374,335,335,0.32519,0
ILSVRC2012_val_00020730_with_ILSVRC2012_val_00046334_rank368,768,768,0.84231,0
ILSVRC2012_val_00020730_with_ILSVRC2012_val_00016531_rank979,889,319,0.68575,986
ILSVRC2012_val_00020730_with_ILSVRC2012_val_00002825_rank010,15,15,0.49875,0
ILSVRC2012_val_00020730_with_ILSVRC2012_val_00018707_rank644,711,711,0.97978,0
ILSVRC2012_val_00020730_with_ILSVRC2012_val_00024017_rank978,541,463,0.60869,33
ILSVRC2012_val_00020730_with_ILSVRC2012_val_00048693_rank151,272,272,0.99048,0
ILSVRC2012_val_00020730_with_ILSVRC2012_val_00027780_rank630,225,225,0.99451,0
ILSVRC2012_val_00020730_with_ILSVRC2012_val_00044746_rank050,995,995,0.99977,0
ILSVRC2012_val_00020730_with_ILSVRC2012_val_00014533_rank440,666,666,0.9999,0
ILSVRC2012_val_00020730_with_ILSVRC2012_val_00028124_rank220,853,448,0.28379,19
ILSVRC2012_val_00020730_with_ILSVRC2012_val_00026477_rank250,820,820,0.98615,0
ILSVRC2012_val_00020730_with_ILSVRC2012_val_00019244_rank815,474,474,0.88201,0
ILSVRC2012_val_00020730_with_ILSVRC2012_val_00002027_rank148,318,318,0.98695,0
ILSVRC2012_val_00020730_with_ILSVRC2012_val_00024945_rank243,927,927,0.99988,0
ILSVRC2012_val_00020730_with_ILSVRC2012_val_00029892_rank386,645,862,0.15579,15
ILSVRC2012_val_00020730_with_ILSVRC2012_val_00024396_rank013,81,81,0.99983,0
ILSVRC2012_val_00020730_with_ILSVRC2012_val_00027665_rank792,969,737,0.4743,50
ILSVRC2012_val_00020730_with_ILSVRC2012_val_00018831_rank623,840,494,0.57808,517
ILSVRC2012_val_00020730_with_ILSVRC2012_val_00005270_rank385,578,982,0.16864,2
ILSVRC2012_val_00020730_with_ILSVRC2012_val_00020438_rank996,151,382,0.14201,81
ILSVRC2012_val_00020730_with_ILSVRC2012_val_00023907_rank008,19,19,0.35103,0
ILSVRC2012_val_00020730_with_ILSVRC2012_val_00024444_rank837,486,989,0.53888,471
ILSVRC2012_val_00020730_with_ILSVRC2012_val_00006603_rank014,16,16,0.95459,0
ILSVRC2012_val_00020730_with_ILSVRC2012_val_00011265_rank611,957,968,0.59438,203
ILSVRC2012_val_00020730_with_ILSVRC2012_val_00010108_rank939,786,464,0.28925,218
ILSVRC2012_val_00020730_with_ILSVRC2012_val_00024346_rank424,425,425,0.89254,0
ILSVRC2012_val_00020730_with_ILSVRC2012_val_00015884_rank773,478,596,0.43678,536
ILSVRC2012_val_00020730_with_ILSVRC2012_val_00024716_rank983,738,738,0.9013,0
ILSVRC2012_val_00020730_with_ILSVRC2012_val_00035445_rank296,949,949,0.99378,0
ILSVRC2012_val_00020730_with_ILSVRC2012_val_00015988_rank874,410,637,0.41087,8
ILSVRC2012_val_00020730_with_ILSVRC2012_val_00038807_rank860,549,549,0.51177,0
ILSVRC2012_val_00020730_with_ILSVRC2012_val_00025655_rank607,164,164,0.75782,0
ILSVRC2012_val_00020730_with_ILSVRC2012_val_00010167_rank736,775,326,0.90288,668
ILSVRC2012_val_00020730_with_ILSVRC2012_val_00030540_rank259,216,216,0.47531,0
ILSVRC2012_val_00020730_with_ILSVRC2012_val_00004532_rank554,770,770,0.37792,0
ILSVRC2012_val_00020730_with_ILSVRC2012_val_00047263_rank279,965,994,0.99925,71
ILSVRC2012_val_00020730_with_ILSVRC2012_val_00007068_rank217,803,569,0.45913,5
ILSVRC2012_val_00020730_with_ILSVRC2012_val_00007430_rank169,220,220,0.97395,0
ILSVRC2012_val_00020730_with_ILSVRC2012_val_00029982_rank748,338,338,0.99884,0
ILSVRC2012_val_00020730_with_ILSVRC2012_val_00037790_rank104,367,373,0.93261,6
ILSVRC2012_val_00020730_with_ILSVRC2012_val_00039849_rank852,496,596,0.10573,312
ILSVRC2012_val_00020730_with_ILSVRC2012_val_00028469_rank364,309,20,0.44708,439
ILSVRC2012_val_00020730_with_ILSVRC2012_val_00034255_rank156,69,69,0.40788,0
ILSVRC2012_val_00020730_with_ILSVRC2012_val_00028715_rank678,836,596,0.07747,56
ILSVRC2012_val_00020730_with_ILSVRC2012_val_00015096_rank725,204,204,0.53399,0
ILSVRC2012_val_00020730_with_ILSVRC2012_val_00040271_rank922,593,94,0.13131,523
ILSVRC2012_val_00020730_with_ILSVRC2012_val_00023451_rank558,690,947,0.51149,681
ILSVRC2012_val_00020730_with_ILSVRC2012_val_00035764_rank728,169,169,0.66524,0
ILSVRC2012_val_00020730_with_ILSVRC2012_val_00000943_rank191,78,78,0.99819,0
ILSVRC2012_val_00020730_with_ILSVRC2012_val_00014238_rank399,873,663,0.61725,5
ILSVRC2012_val_00020730_with_ILSVRC2012_val_00030359_rank170,961,947,0.94912,51
ILSVRC2012_val_00020730_with_ILSVRC2012_val_00027220_rank848,245,993,0.31781,297
ILSVRC2012_val_00020730_with_ILSVRC2012_val_00007429_rank129,300,300,0.99963,0
ILSVRC2012_val_00020730_with_ILSVRC2012_val_00007325_rank558,690,690,0.53364,0
ILSVRC2012_val_00020730_with_ILSVRC2012_val_00037635_rank666,440,440,0.95148,0
ILSVRC2012_val_00020730_with_ILSVRC2012_val_00003445_rank915,374,374,0.98403,0
ILSVRC2012_val_00020730_with_ILSVRC2012_val_00006028_rank750,610,610,0.4119,0
ILSVRC2012_val_00020730_with_ILSVRC2012_val_00034418_rank158,342,342,0.49626,0
ILSVRC2012_val_00020730_with_ILSVRC2012_val_00049841_rank503,248,248,0.50291,0
ILSVRC2012_val_00020730_with_ILSVRC2012_val_00027385_rank341,497,448,0.96917,36
ILSVRC2012_val_00020730_with_ILSVRC2012_val_00000421_rank884,765,765,0.77048,0
ILSVRC2012_val_00020730_with_ILSVRC2012_val_00032483_rank419,758,391,0.68489,1
ILSVRC2012_val_00020730_with_ILSVRC2012_val_00037823_rank520,653,653,0.96904,0
ILSVRC2012_val_00020730_with_ILSVRC2012_val_00011173_rank981,575,575,0.99186,0
ILSVRC2012_val_00020730_with_ILSVRC2012_val_00009979_rank172,64,64,0.85394,0
ILSVRC2012_val_00020730_with_ILSVRC2012_val_00041081_rank932,251,251,0.99649,0
ILSVRC2012_val_00020730_with_ILSVRC2012_val_00026731_rank879,542,703,0.65107,914
ILSVRC2012_val_00020730_with_ILSVRC2012_val_00047243_rank015,58,58,0.61989,0
ILSVRC2012_val_00020730_with_ILSVRC2012_val_00001977_rank906,623,985,0.41634,662
ILSVRC2012_val_00020730_with_ILSVRC2012_val_00036098_rank583,604,604,0.99882,0
ILSVRC2012_val_00020730_with_ILSVRC2012_val_00041799_rank464,386,386,0.73578,0
ILSVRC2012_val_00020730_with_ILSVRC2012_val_00043657_rank632,383,383,0.96914,0
ILSVRC2012_val_00020730_with_ILSVRC2012_val_00049156_rank441,901,504,0.77922,6
ILSVRC2012_val_00020730_with_ILSVRC2012_val_00019212_rank938,207,296,0.42624,35
ILSVRC2012_val_00020730_with_ILSVRC2012_val_00006931_rank184,380,380,0.62894,0
ILSVRC2012_val_00020730_with_ILSVRC2012_val_00003938_rank848,245,373,0.41629,120
ILSVRC2012_val_00020730_with_ILSVRC2012_val_00002894_rank910,707,704,0.13201,3
ILSVRC2012_val_00020730_with_ILSVRC2012_val_00007756_rank801,846,846,0.23105,0
ILSVRC2012_val_00020730_with_ILSVRC2012_val_00006852_rank716,794,448,0.59476,864
ILSVRC2012_val_00020730_with_ILSVRC2012_val_00013689_rank034,103,103,0.48768,0
ILSVRC2012_val_00020730_with_ILSVRC2012_val_00002392_rank815,474,474,0.88253,0
ILSVRC2012_val_00020730_with_ILSVRC2012_val_00036899_rank159,42,43,0.93733,1
ILSVRC2012_val_00020730_with_ILSVRC2012_val_00008244_rank940,811,754,0.19098,34
ILSVRC2012_val_00020730_with_ILSVRC2012_val_00044473_rank601,262,262,0.99781,0
ILSVRC2012_val_00020730_with_ILSVRC2012_val_00017692_rank712,284,284,0.9336,0
ILSVRC2012_val_00020730_with_ILSVRC2012_val_00030402_rank682,196,196,0.20358,0
ILSVRC2012_val_00020730_with_ILSVRC2012_val_00003137_rank171,984,42,0.08701,224
ILSVRC2012_val_00020730_with_ILSVRC2012_val_00048215_rank816,503,503,0.20084,0
ILSVRC2012_val_00020730_with_ILSVRC2012_val_00039175_rank336,408,596,0.18172,993
ILSVRC2012_val_00020730_with_ILSVRC2012_val_00039449_rank747,555,555,0.9963,0
ILSVRC2012_val_00020730_with_ILSVRC2012_val_00010934_rank924,414,879,0.32001,89
ILSVRC2012_val_00020730_with_ILSVRC2012_val_00031785_rank471,212,212,0.40183,0
ILSVRC2012_val_00020730_with_ILSVRC2012_val_00004256_rank044,83,83,0.99982,0
ILSVRC2012_val_00020730_with_ILSVRC2012_val_00040870_rank748,338,336,0.56431,11
ILSVRC2012_val_00020730_with_ILSVRC2012_val_00036248_rank563,250,248,0.77311,1
ILSVRC2012_val_00020730_with_ILSVRC2012_val_00025140_rank103,277,277,0.85258,0
ILSVRC2012_val_00020730_with_ILSVRC2012_val_00019581_rank962,161,161,0.99085,0
ILSVRC2012_val_00020730_with_ILSVRC2012_val_00012277_rank642,553,410,0.44762,27
ILSVRC2012_val_00020730_with_ILSVRC2012_val_00026386_rank126,993,993,0.99357,0
ILSVRC2012_val_00020730_with_ILSVRC2012_val_00026084_rank402,90,90,0.89923,0
ILSVRC2012_val_00020730_with_ILSVRC2012_val_00019956_rank474,973,947,0.07346,178
ILSVRC2012_val_00020730_with_ILSVRC2012_val_00021774_rank654,999,728,0.87012,13
ILSVRC2012_val_00020730_with_ILSVRC2012_val_00049050_rank680,423,423,0.9942,0
ILSVRC2012_val_00020730_with_ILSVRC2012_val_00005205_rank393,385,350,0.85378,72
ILSVRC2012_val_00020730_with_ILSVRC2012_val_00043039_rank918,929,448,0.15929,253
ILSVRC2012_val_00020730_with_ILSVRC2012_val_00023814_rank958,906,42,0.19709,395
ILSVRC2012_val_00020730_with_ILSVRC2012_val_00035337_rank674,351,351,0.98767,0
ILSVRC2012_val_00020730_with_ILSVRC2012_val_00036494_rank173,113,113,0.99825,0
ILSVRC2012_val_00020730_with_ILSVRC2012_val_00001187_rank088,321,321,0.99984,0
ILSVRC2012_val_00020730_with_ILSVRC2012_val_00017811_rank995,420,420,0.99899,0
ILSVRC2012_val_00020730_with_ILSVRC2012_val_00016659_rank709,797,947,0.43845,939
ILSVRC2012_val_00020730_with_ILSVRC2012_val_00044192_rank019,18,18,0.99852,0
ILSVRC2012_val_00020730_with_ILSVRC2012_val_00033439_rank145,102,102,0.99893,0
ILSVRC2012_val_00020730_with_ILSVRC2012_val_00019415_rank977,259,259,0.92676,0
ILSVRC2012_val_00020730_with_ILSVRC2012_val_00007817_rank864,507,761,0.31685,22
ILSVRC2012_val_00020730_with_ILSVRC2012_val_00008228_rank767,381,368,0.29099,4
ILSVRC2012_val_00020730_with_ILSVRC2012_val_00005497_rank355,839,319,0.28965,293
ILSVRC2012_val_00020730_with_ILSVRC2012_val_00021626_rank184,380,380,0.99704,0
ILSVRC2012_val_00020730_with_ILSVRC2012_val_00016450_rank595,432,432,0.44617,0
ILSVRC2012_val_00020730_with_ILSVRC2012_val_00018151_rank341,497,497,0.7738,0
ILSVRC2012_val_00020730_with_ILSVRC2012_val_00024766_rank461,194,194,0.99755,0
ILSVRC2012_val_00020730_with_ILSVRC2012_val_00025866_rank101,888,888,0.97815,0
ILSVRC2012_val_00020730_with_ILSVRC2012_val_00010927_rank453,573,768,0.05724,37
ILSVRC2012_val_00020730_with_ILSVRC2012_val_00041909_rank030,82,81,0.77437,4
ILSVRC2012_val_00020730_with_ILSVRC2012_val_00005898_rank687,155,153,0.25109,3
ILSVRC2012_val_00020730_with_ILSVRC2012_val_00006353_rank531,258,279,0.80086,7
ILSVRC2012_val_00020730_with_ILSVRC2012_val_00019989_rank541,73,72,0.49221,2
ILSVRC2012_val_00020730_with_ILSVRC2012_val_00039892_rank589,743,743,0.83474,0
ILSVRC2012_val_00020730_with_ILSVRC2012_val_00041484_rank115,449,448,0.82961,33
ILSVRC2012_val_00020730_with_ILSVRC2012_val_00005518_rank556,880,880,0.89712,0
ILSVRC2012_val_00020730_with_ILSVRC2012_val_00016756_rank869,709,448,0.06789,405
ILSVRC2012_val_00020730_with_ILSVRC2012_val_00005735_rank783,273,273,0.96244,0
ILSVRC2012_val_00020730_with_ILSVRC2012_val_00021968_rank131,405,405,0.90293,0
ILSVRC2012_val_00020730_with_ILSVRC2012_val_00018030_rank161,990,990,0.99969,0
ILSVRC2012_val_00020730_with_ILSVRC2012_val_00011071_rank049,119,119,0.34862,0
ILSVRC2012_val_00020730_with_ILSVRC2012_val_00012140_rank325,241,247,0.66786,39
ILSVRC2012_val_00020730_with_ILSVRC2012_val_00015104_rank200,996,996,0.98109,0
ILSVRC2012_val_00020730_with_ILSVRC2012_val_00007134_rank980,678,596,0.12694,397
ILSVRC2012_val_00020730_with_ILSVRC2012_val_00048817_rank915,374,10,0.21221,223
ILSVRC2012_val_00020730_with_ILSVRC2012_val_00010029_rank558,690,690,0.95908,0
ILSVRC2012_val_00020730_with_ILSVRC2012_val_00008998_rank966,859,859,0.98045,0
ILSVRC2012_val_00020730_with_ILSVRC2012_val_00012710_rank760,471,471,0.98421,0
ILSVRC2012_val_00020730_with_ILSVRC2012_val_00025891_rank098,147,20,0.87535,96
ILSVRC2012_val_00020730_with_ILSVRC2012_val_00024412_rank592,725,725,0.70315,0
ILSVRC2012_val_00020730_with_ILSVRC2012_val_00033982_rank168,239,239,0.8886,0
ILSVRC2012_val_00020730_with_ILSVRC2012_val_00014225_rank509,182,182,0.99525,0
ILSVRC2012_val_00020730_with_ILSVRC2012_val_00025500_rank047,337,337,0.99927,0
ILSVRC2012_val_00020730_with_ILSVRC2012_val_00034807_rank323,384,384,0.99937,0
ILSVRC2012_val_00020730_with_ILSVRC2012_val_00005266_rank238,23,326,0.31186,623
ILSVRC2012_val_00020730_with_ILSVRC2012_val_00042654_rank268,328,328,0.95698,0
ILSVRC2012_val_00020730_with_ILSVRC2012_val_00002341_rank875,686,855,0.9145,10
ILSVRC2012_val_00020730_with_ILSVRC2012_val_00009570_rank770,158,158,0.79306,0
ILSVRC2012_val_00020730_with_ILSVRC2012_val_00008977_rank979,889,301,0.07969,149
ILSVRC2012_val_00020730_with_ILSVRC2012_val_00042094_rank589,743,743,0.98747,0
ILSVRC2012_val_00020730_with_ILSVRC2012_val_00035385_rank366,781,781,0.99534,0
ILSVRC2012_val_00020730_with_ILSVRC2012_val_00009349_rank184,380,336,0.44165,53
ILSVRC2012_val_00020730_with_ILSVRC2012_val_00037160_rank430,436,436,0.86623,0
ILSVRC2012_val_00020730_with_ILSVRC2012_val_00018866_rank990,246,246,0.30042,0
ILSVRC2012_val_00020730_with_ILSVRC2012_val_00042404_rank939,786,786,0.99999,0
ILSVRC2012_val_00020730_with_ILSVRC2012_val_00004627_rank046,100,100,0.99989,0
ILSVRC2012_val_00020730_with_ILSVRC2012_val_00016863_rank626,915,915,0.31,0
ILSVRC2012_val_00020730_with_ILSVRC2012_val_00014852_rank988,740,440,0.10475,78
ILSVRC2012_val_00020730_with_ILSVRC2012_val_00027832_rank362,913,913,0.89533,0
ILSVRC2012_val_00020730_with_ILSVRC2012_val_00025919_rank338,733,42,0.03992,536
ILSVRC2012_val_00020730_with_ILSVRC2012_val_00017258_rank764,492,412,0.49734,43
ILSVRC2012_val_00020730_with_ILSVRC2012_val_00007285_rank936,736,808,0.46778,170
ILSVRC2012_val_00020730_with_ILSVRC2012_val_00004164_rank337,75,310,0.14725,6
ILSVRC2012_val_00020730_with_ILSVRC2012_val_00049924_rank732,629,920,0.47366,160
ILSVRC2012_val_00020730_with_ILSVRC2012_val_00026198_rank788,543,543,0.34579,0
ILSVRC2012_val_00020730_with_ILSVRC2012_val_00007623_rank261,488,993,0.14558,210
ILSVRC2012_val_00020730_with_ILSVRC2012_val_00037642_rank216,149,89,0.41367,54
ILSVRC2012_val_00020730_with_ILSVRC2012_val_00028860_rank815,474,286,0.08913,573
ILSVRC2012_val_00020730_with_ILSVRC2012_val_00013770_rank551,826,826,0.96455,0
ILSVRC2012_val_00020730_with_ILSVRC2012_val_00008289_rank789,117,117,0.9978,0
ILSVRC2012_val_00020730_with_ILSVRC2012_val_00031827_rank438,177,177,0.99256,0
ILSVRC2012_val_00020730_with_ILSVRC2012_val_00046114_rank810,643,643,0.60918,0
ILSVRC2012_val_00020730_with_ILSVRC2012_val_00045867_rank429,795,59,0.30464,893
ILSVRC2012_val_00020730_with_ILSVRC2012_val_00047266_rank311,685,685,0.98015,0
ILSVRC2012_val_00020730_with_ILSVRC2012_val_00010853_rank078,366,366,0.99026,0
ILSVRC2012_val_00020730_with_ILSVRC2012_val_00047224_rank466,43,43,0.97173,0
ILSVRC2012_val_00020730_with_ILSVRC2012_val_00001734_rank656,902,319,0.20302,400
ILSVRC2012_val_00020730_with_ILSVRC2012_val_00042637_rank653,368,368,0.53628,0
ILSVRC2012_val_00020730_with_ILSVRC2012_val_00038399_rank647,870,600,0.93146,548
ILSVRC2012_val_00020730_with_ILSVRC2012_val_00046672_rank696,170,233,0.44936,12
ILSVRC2012_val_00020730_with_ILSVRC2012_val_00002410_rank149,466,908,0.12523,21
ILSVRC2012_val_00020730_with_ILSVRC2012_val_00035237_rank981,575,575,0.91662,0
ILSVRC2012_val_00020730_with_ILSVRC2012_val_00048055_rank991,641,641,0.12912,0
ILSVRC2012_val_00020730_with_ILSVRC2012_val_00030101_rank218,313,313,0.64657,0
ILSVRC2012_val_00020730_with_ILSVRC2012_val_00028171_rank760,471,471,0.99021,0
ILSVRC2012_val_00020730_with_ILSVRC2012_val_00021535_rank948,567,618,0.1699,14
ILSVRC2012_val_00020730_with_ILSVRC2012_val_00033788_rank536,314,314,0.74487,0
ILSVRC2012_val_00020730_with_ILSVRC2012_val_00005733_rank048,91,91,0.99977,0
ILSVRC2012_val_00020730_with_ILSVRC2012_val_00024410_rank173,113,113,0.99951,0
ILSVRC2012_val_00020730_with_ILSVRC2012_val_00001630_rank177,448,448,0.99109,0
ILSVRC2012_val_00020730_with_ILSVRC2012_val_00035853_rank381,109,947,0.37184,71
ILSVRC2012_val_00020730_with_ILSVRC2012_val_00044378_rank010,15,15,0.99639,0
ILSVRC2012_val_00020730_with_ILSVRC2012_val_00048812_rank993,778,778,0.99417,0
ILSVRC2012_val_00020730_with_ILSVRC2012_val_00045285_rank816,503,604,0.7971,20
ILSVRC2012_val_00020730_with_ILSVRC2012_val_00012355_rank367,266,267,0.24607,2
ILSVRC2012_val_00020730_with_ILSVRC2012_val_00013165_rank423,750,310,0.12265,830
ILSVRC2012_val_00020730_with_ILSVRC2012_val_00002651_rank898,398,398,0.93888,0
ILSVRC2012_val_00020730_with_ILSVRC2012_val_00044690_rank236,847,847,0.9977,0
ILSVRC2012_val_00020730_with_ILSVRC2012_val_00045646_rank606,363,596,0.11139,356
ILSVRC2012_val_00020730_with_ILSVRC2012_val_00015555_rank176,6,6,0.62313,0
ILSVRC2012_val_00020730_with_ILSVRC2012_val_00040830_rank957,401,401,0.64667,0
ILSVRC2012_val_00020730_with_ILSVRC2012_val_00012982_rank321,389,389,0.46545,0
ILSVRC2012_val_00020730_with_ILSVRC2012_val_00016443_rank113,269,269,0.9225,0
ILSVRC2012_val_00020730_with_ILSVRC2012_val_00047258_rank013,81,81,0.99905,0
ILSVRC2012_val_00020730_with_ILSVRC2012_val_00025543_rank270,84,84,0.93246,0
ILSVRC2012_val_00020730_with_ILSVRC2012_val_00044014_rank263,964,964,0.99867,0
ILSVRC2012_val_00020730_with_ILSVRC2012_val_00028275_rank084,280,280,0.88113,0
ILSVRC2012_val_00020730_with_ILSVRC2012_val_00034413_rank265,3,110,0.23391,149
ILSVRC2012_val_00020730_with_ILSVRC2012_val_00035945_rank500,871,835,0.69856,136
ILSVRC2012_val_00020730_with_ILSVRC2012_val_00038895_rank006,10,10,0.95677,0
ILSVRC2012_val_00020730_with_ILSVRC2012_val_00014156_rank738,612,612,0.98729,0
ILSVRC2012_val_00020730_with_ILSVRC2012_val_00019440_rank671,716,448,0.65003,2
ILSVRC2012_val_00020730_with_ILSVRC2012_val_00021025_rank156,69,69,0.99937,0
ILSVRC2012_val_00020730_with_ILSVRC2012_val_00032440_rank858,76,77,0.57039,1
ILSVRC2012_val_00020730_with_ILSVRC2012_val_00032797_rank117,116,116,0.99971,0
ILSVRC2012_val_00020730_with_ILSVRC2012_val_00043983_rank719,450,306,0.28491,568
ILSVRC2012_val_00020730_with_ILSVRC2012_val_00001560_rank342,522,852,0.38603,7
ILSVRC2012_val_00020730_with_ILSVRC2012_val_00008444_rank363,933,933,0.74075,0
ILSVRC2012_val_00020730_with_ILSVRC2012_val_00012385_rank797,528,528,0.99984,0
ILSVRC2012_val_00020730_with_ILSVRC2012_val_00034350_rank657,955,325,0.38988,69
ILSVRC2012_val_00020730_with_ILSVRC2012_val_00023060_rank544,942,114,0.45775,52
ILSVRC2012_val_00020730_with_ILSVRC2012_val_00008926_rank331,184,202,0.71281,1
ILSVRC2012_val_00020730_with_ILSVRC2012_val_00017214_rank884,765,703,0.26261,6
ILSVRC2012_val_00020730_with_ILSVRC2012_val_00015464_rank201,173,173,0.99186,0
ILSVRC2012_val_00020730_with_ILSVRC2012_val_00000431_rank473,468,468,0.93297,0
ILSVRC2012_val_00020730_with_ILSVRC2012_val_00048783_rank766,202,190,0.39479,2
ILSVRC2012_val_00020730_with_ILSVRC2012_val_00007157_rank508,107,88,0.97466,299
ILSVRC2012_val_00020730_with_ILSVRC2012_val_00003160_rank215,37,37,0.13684,0
ILSVRC2012_val_00020730_with_ILSVRC2012_val_00042268_rank300,909,544,0.23197,4
ILSVRC2012_val_00020730_with_ILSVRC2012_val_00002914_rank751,559,559,0.98246,0
ILSVRC2012_val_00020730_with_ILSVRC2012_val_00045200_rank056,92,92,0.98324,0
ILSVRC2012_val_00020730_with_ILSVRC2012_val_00041889_rank222,108,108,0.46869,0
ILSVRC2012_val_00020730_with_ILSVRC2012_val_00003047_rank476,923,968,0.08696,34
ILSVRC2012_val_00020730_with_ILSVRC2012_val_00049152_rank209,310,310,0.997,0
ILSVRC2012_val_00020730_with_ILSVRC2012_val_00003585_rank825,804,844,0.15958,11
ILSVRC2012_val_00020730_with_ILSVRC2012_val_00005651_rank995,420,420,0.294,0
ILSVRC2012_val_00020730_with_ILSVRC2012_val_00043082_rank400,647,647,0.97143,0
ILSVRC2012_val_00020730_with_ILSVRC2012_val_00008563_rank699,473,491,0.46828,75
ILSVRC2012_val_00020730_with_ILSVRC2012_val_00032840_rank255,390,390,0.98691,0
ILSVRC2012_val_00020730_with_ILSVRC2012_val_00022276_rank599,864,119,0.27413,494
ILSVRC2012_val_00020730_with_ILSVRC2012_val_00014197_rank828,695,695,0.99222,0
ILSVRC2012_val_00020730_with_ILSVRC2012_val_00042683_rank441,901,901,0.99291,0
ILSVRC2012_val_00020730_with_ILSVRC2012_val_00048994_rank906,623,596,0.26223,16
ILSVRC2012_val_00020730_with_ILSVRC2012_val_00039410_rank940,811,676,0.95671,191
ILSVRC2012_val_00020730_with_ILSVRC2012_val_00016551_rank821,728,728,0.62969,0
ILSVRC2012_val_00020730_with_ILSVRC2012_val_00021785_rank412,616,301,0.22552,38
ILSVRC2012_val_00020730_with_ILSVRC2012_val_00003915_rank598,417,81,0.12513,732
ILSVRC2012_val_00020730_with_ILSVRC2012_val_00033331_rank380,101,101,0.87052,0
ILSVRC2012_val_00020730_with_ILSVRC2012_val_00024266_rank388,352,352,0.94731,0
ILSVRC2012_val_00020730_with_ILSVRC2012_val_00005051_rank878,779,779,0.99999,0
ILSVRC2012_val_00020730_with_ILSVRC2012_val_00032389_rank238,23,23,0.99992,0
ILSVRC2012_val_00020730_with_ILSVRC2012_val_00014312_rank340,45,38,0.74015,2
ILSVRC2012_val_00020730_with_ILSVRC2012_val_00041033_rank971,866,866,0.42297,0
ILSVRC2012_val_00020730_with_ILSVRC2012_val_00015497_rank876,583,94,0.11522,710
ILSVRC2012_val_00020730_with_ILSVRC2012_val_00030994_rank727,461,113,0.2191,791
ILSVRC2012_val_00020730_with_ILSVRC2012_val_00031141_rank391,675,675,0.96706,0
ILSVRC2012_val_00020730_with_ILSVRC2012_val_00004466_rank512,453,453,0.55222,0
ILSVRC2012_val_00020730_with_ILSVRC2012_val_00041905_rank662,355,355,0.99621,0
ILSVRC2012_val_00020730_with_ILSVRC2012_val_00025339_rank272,65,384,0.28093,81
ILSVRC2012_val_00020730_with_ILSVRC2012_val_00048897_rank889,379,379,0.4434,0
ILSVRC2012_val_00020730_with_ILSVRC2012_val_00027803_rank148,318,318,0.68155,0
ILSVRC2012_val_00020730_with_ILSVRC2012_val_00009880_rank827,584,42,0.27608,954
ILSVRC2012_val_00020730_with_ILSVRC2012_val_00018654_rank728,169,89,0.42756,95
ILSVRC2012_val_00020730_with_ILSVRC2012_val_00017305_rank888,621,621,0.1093,0
ILSVRC2012_val_00020730_with_ILSVRC2012_val_00014094_rank303,958,958,0.26732,0
ILSVRC2012_val_00020730_with_ILSVRC2012_val_00027564_rank447,669,637,0.28745,918
ILSVRC2012_val_00020730_with_ILSVRC2012_val_00013554_rank151,272,269,0.42362,1
ILSVRC2012_val_00020730_with_ILSVRC2012_val_00036070_rank930,333,333,0.93192,0
ILSVRC2012_val_00020730_with_ILSVRC2012_val_00042545_rank751,559,559,0.98309,0
ILSVRC2012_val_00020730_with_ILSVRC2012_val_00000882_rank725,204,185,0.72839,21
ILSVRC2012_val_00020730_with_ILSVRC2012_val_00017745_rank960,691,947,0.1878,974
ILSVRC2012_val_00020730_with_ILSVRC2012_val_00042383_rank172,64,64,0.48891,0
ILSVRC2012_val_00020730_with_ILSVRC2012_val_00021472_rank596,505,505,0.77992,0
ILSVRC2012_val_00020730_with_ILSVRC2012_val_00007738_rank361,396,396,0.99462,0
ILSVRC2012_val_00020730_with_ILSVRC2012_val_00002548_rank873,464,447,0.13899,61
ILSVRC2012_val_00020730_with_ILSVRC2012_val_00007099_rank769,732,732,0.99993,0
ILSVRC2012_val_00020730_with_ILSVRC2012_val_00016517_rank117,116,116,0.99869,0
ILSVRC2012_val_00020730_with_ILSVRC2012_val_00013761_rank634,372,373,0.29487,1
ILSVRC2012_val_00020730_with_ILSVRC2012_val_00021013_rank974,546,546,0.9952,0
ILSVRC2012_val_00020730_with_ILSVRC2012_val_00012743_rank062,370,370,0.99301,0
ILSVRC2012_val_00020730_with_ILSVRC2012_val_00024227_rank466,43,43,0.97302,0
ILSVRC2012_val_00020730_with_ILSVRC2012_val_00016074_rank617,261,279,0.48564,23
ILSVRC2012_val_00020730_with_ILSVRC2012_val_00045250_rank396,252,233,0.56446,2
ILSVRC2012_val_00020730_with_ILSVRC2012_val_00045117_rank582,878,878,0.98724,0
ILSVRC2012_val_00020730_with_ILSVRC2012_val_00008404_rank663,512,512,0.78012,0
ILSVRC2012_val_00020730_with_ILSVRC2012_val_00021607_rank276,306,306,0.97572,0
ILSVRC2012_val_00020730_with_ILSVRC2012_val_00020635_rank093,308,308,0.99907,0
ILSVRC2012_val_00020730_with_ILSVRC2012_val_00022885_rank528,565,525,0.13084,40
ILSVRC2012_val_00020730_with_ILSVRC2012_val_00039650_rank801,846,818,0.14493,2
ILSVRC2012_val_00020730_with_ILSVRC2012_val_00015069_rank095,55,59,0.88547,2
ILSVRC2012_val_00020730_with_ILSVRC2012_val_00007496_rank243,927,927,0.99811,0
ILSVRC2012_val_00020730_with_ILSVRC2012_val_00029640_rank764,492,492,0.98933,0
ILSVRC2012_val_00020730_with_ILSVRC2012_val_00047848_rank992,699,699,0.96332,0
ILSVRC2012_val_00020730_with_ILSVRC2012_val_00020903_rank697,849,849,0.52597,0
ILSVRC2012_val_00020730_with_ILSVRC2012_val_00047781_rank949,774,770,0.44052,1
ILSVRC2012_val_00020730_with_ILSVRC2012_val_00001148_rank100,274,274,0.99918,0
ILSVRC2012_val_00020730_with_ILSVRC2012_val_00034303_rank711,892,635,0.19637,8
ILSVRC2012_val_00020730_with_ILSVRC2012_val_00006934_rank784,504,504,0.50574,0
ILSVRC2012_val_00020730_with_ILSVRC2012_val_00039615_rank909,882,94,0.44772,490
ILSVRC2012_val_00020730_with_ILSVRC2012_val_00049523_rank280,217,217,0.95449,0
ILSVRC2012_val_00020730_with_ILSVRC2012_val_00046379_rank927,917,692,0.06779,13
ILSVRC2012_val_00020730_with_ILSVRC2012_val_00034291_rank734,249,269,0.78569,3
ILSVRC2012_val_00020730_with_ILSVRC2012_val_00046753_rank865,168,159,0.55201,1
ILSVRC2012_val_00020730_with_ILSVRC2012_val_00049161_rank062,370,370,0.8984,0
ILSVRC2012_val_00020730_with_ILSVRC2012_val_00017876_rank434,550,596,0.27377,602
ILSVRC2012_val_00020730_with_ILSVRC2012_val_00003107_rank562,656,436,0.96143,1
ILSVRC2012_val_00020730_with_ILSVRC2012_val_00041704_rank121,373,373,0.96984,0
ILSVRC2012_val_00020730_with_ILSVRC2012_val_00001609_rank978,541,420,0.29122,5
ILSVRC2012_val_00020730_with_ILSVRC2012_val_00023020_rank245,914,835,0.21367,41
ILSVRC2012_val_00020730_with_ILSVRC2012_val_00036078_rank504,816,988,0.2475,49
ILSVRC2012_val_00020730_with_ILSVRC2012_val_00009265_rank495,443,719,0.74773,126
ILSVRC2012_val_00020730_with_ILSVRC2012_val_00024748_rank125,988,988,0.99992,0
ILSVRC2012_val_00020730_with_ILSVRC2012_val_00029701_rank970,439,39,0.20436,939
ILSVRC2012_val_00020730_with_ILSVRC2012_val_00019840_rank745,526,527,0.2937,1
ILSVRC2012_val_00020730_with_ILSVRC2012_val_00014320_rank880,234,236,0.37511,1
ILSVRC2012_val_00020730_with_ILSVRC2012_val_00012181_rank796,199,196,0.62673,3
ILSVRC2012_val_00020730_with_ILSVRC2012_val_00034784_rank402,90,90,0.99984,0
ILSVRC2012_val_00020730_with_ILSVRC2012_val_00024623_rank980,678,31,0.25985,893
ILSVRC2012_val_00020730_with_ILSVRC2012_val_00027199_rank612,516,728,0.16631,124
ILSVRC2012_val_00020730_with_ILSVRC2012_val_00044557_rank312,54,60,0.59806,9
ILSVRC2012_val_00020730_with_ILSVRC2012_val_00029440_rank746,704,704,0.97773,0
ILSVRC2012_val_00020730_with_ILSVRC2012_val_00016894_rank287,657,36,0.6152,818
ILSVRC2012_val_00020730_with_ILSVRC2012_val_00042169_rank862,551,855,0.27075,170
ILSVRC2012_val_00020730_with_ILSVRC2012_val_00030514_rank647,870,665,0.42879,2
ILSVRC2012_val_00020730_with_ILSVRC2012_val_00032625_rank273,802,47,0.09081,561
ILSVRC2012_val_00020730_with_ILSVRC2012_val_00006643_rank600,767,81,0.08345,350
ILSVRC2012_val_00020730_with_ILSVRC2012_val_00010176_rank003,140,140,0.96718,0
ILSVRC2012_val_00020730_with_ILSVRC2012_val_00023778_rank205,9,9,0.85806,0
ILSVRC2012_val_00020730_with_ILSVRC2012_val_00034160_rank602,159,11,0.18605,640
ILSVRC2012_val_00020730_with_ILSVRC2012_val_00006858_rank944,409,409,0.83713,0
ILSVRC2012_val_00020730_with_ILSVRC2012_val_00019976_rank307,618,989,0.83726,380
ILSVRC2012_val_00020730_with_ILSVRC2012_val_00049593_rank972,594,594,0.80972,0
ILSVRC2012_val_00020730_with_ILSVRC2012_val_00035532_rank359,282,282,0.7279,0
ILSVRC2012_val_00020730_with_ILSVRC2012_val_00027762_rank328,7,8,0.80382,1
ILSVRC2012_val_00020730_with_ILSVRC2012_val_00007476_rank600,767,767,0.09802,0
ILSVRC2012_val_00020730_with_ILSVRC2012_val_00008470_rank802,885,989,0.29514,390
ILSVRC2012_val_00020730_with_ILSVRC2012_val_00017186_rank712,284,284,0.99842,0
ILSVRC2012_val_00020730_with_ILSVRC2012_val_00049559_rank623,840,677,0.36546,304
ILSVRC2012_val_00020730_with_ILSVRC2012_val_00046410_rank044,83,83,0.19056,0
ILSVRC2012_val_00020730_with_ILSVRC2012_val_00010902_rank954,160,160,0.30905,0
ILSVRC2012_val_00020730_with_ILSVRC2012_val_00044859_rank683,435,360,0.11849,641
ILSVRC2012_val_00020730_with_ILSVRC2012_val_00032160_rank990,246,286,0.15223,53
ILSVRC2012_val_00020730_with_ILSVRC2012_val_00035685_rank595,432,677,0.51833,150
ILSVRC2012_val_00020730_with_ILSVRC2012_val_00024617_rank560,835,835,0.8642,0
ILSVRC2012_val_00020730_with_ILSVRC2012_val_00020708_rank130,270,270,0.84322,0
ILSVRC2012_val_00020730_with_ILSVRC2012_val_00014438_rank549,465,465,0.99957,0
ILSVRC2012_val_00020730_with_ILSVRC2012_val_00007760_rank167,358,356,0.61225,1
ILSVRC2012_val_00020730_with_ILSVRC2012_val_00017162_rank398,123,319,0.28405,92
ILSVRC2012_val_00020730_with_ILSVRC2012_val_00026932_rank321,389,114,0.23207,431
ILSVRC2012_val_00020730_with_ILSVRC2012_val_00029434_rank945,122,122,0.60615,0
ILSVRC2012_val_00020730_with_ILSVRC2012_val_00004073_rank668,157,218,0.73717,14
ILSVRC2012_val_00020730_with_ILSVRC2012_val_00005135_rank755,382,382,0.95721,0
ILSVRC2012_val_00020730_with_ILSVRC2012_val_00033251_rank131,405,405,0.99864,0
ILSVRC2012_val_00020730_with_ILSVRC2012_val_00030620_rank461,194,194,0.94354,0
ILSVRC2012_val_00020730_with_ILSVRC2012_val_00012729_rank671,716,716,0.99162,0
ILSVRC2012_val_00020730_with_ILSVRC2012_val_00042795_rank909,882,695,0.83152,506
ILSVRC2012_val_00020730_with_ILSVRC2012_val_00006517_rank480,752,320,0.513,61
ILSVRC2012_val_00020730_with_ILSVRC2012_val_00046245_rank763,748,703,0.50468,657
ILSVRC2012_val_00020730_with_ILSVRC2012_val_00039817_rank860,549,478,0.2476,4
ILSVRC2012_val_00020730_with_ILSVRC2012_val_00031693_rank354,175,175,0.92267,0
ILSVRC2012_val_00020730_with_ILSVRC2012_val_00035834_rank956,399,131,0.65731,407
ILSVRC2012_val_00020730_with_ILSVRC2012_val_00046343_rank375,532,846,0.544,7
ILSVRC2012_val_00020730_with_ILSVRC2012_val_00026465_rank025,17,17,0.9959,0
ILSVRC2012_val_00020730_with_ILSVRC2012_val_00038094_rank917,652,20,0.33438,950
ILSVRC2012_val_00020730_with_ILSVRC2012_val_00039969_rank449,244,244,0.98507,0
ILSVRC2012_val_00020730_with_ILSVRC2012_val_00004329_rank333,2,3,0.56067,1
ILSVRC2012_val_00020730_with_ILSVRC2012_val_00012681_rank102,320,320,0.98163,0
ILSVRC2012_val_00020730_with_ILSVRC2012_val_00010746_rank839,655,326,0.64857,563
ILSVRC2012_val_00020730_with_ILSVRC2012_val_00024570_rank985,419,419,0.93111,0
ILSVRC2012_val_00020730_with_ILSVRC2012_val_00006664_rank645,260,260,0.99842,0
ILSVRC2012_val_00020730_with_ILSVRC2012_val_00023655_rank229,348,348,0.62176,0
ILSVRC2012_val_00020730_with_ILSVRC2012_val_00036085_rank087,991,991,0.99943,0
ILSVRC2012_val_00020730_with_ILSVRC2012_val_00030376_rank919,617,982,0.57602,19
ILSVRC2012_val_00020730_with_ILSVRC2012_val_00036477_rank652,851,851,0.85129,0
ILSVRC2012_val_00020730_with_ILSVRC2012_val_00047233_rank948,567,828,0.15104,12
ILSVRC2012_val_00020730_with_ILSVRC2012_val_00019421_rank727,461,725,0.49375,26
ILSVRC2012_val_00020730_with_ILSVRC2012_val_00029513_rank419,758,758,0.99995,0
ILSVRC2012_val_00020730_with_ILSVRC2012_val_00019977_rank506,104,335,0.71281,51
ILSVRC2012_val_00020730_with_ILSVRC2012_val_00045858_rank489,60,61,0.9059,5
ILSVRC2012_val_00020730_with_ILSVRC2012_val_00019639_rank354,175,175,0.8915,0
ILSVRC2012_val_00020730_with_ILSVRC2012_val_00019039_rank592,725,600,0.09721,174
ILSVRC2012_val_00020730_with_ILSVRC2012_val_00038202_rank070,28,28,0.94798,0
ILSVRC2012_val_00020730_with_ILSVRC2012_val_00019971_rank612,516,459,0.27879,112
ILSVRC2012_val_00020730_with_ILSVRC2012_val_00002336_rank499,956,989,0.30978,89
ILSVRC2012_val_00020730_with_ILSVRC2012_val_00026683_rank043,146,146,0.93579,0
ILSVRC2012_val_00020730_with_ILSVRC2012_val_00017676_rank436,215,215,0.96461,0
ILSVRC2012_val_00020730_with_ILSVRC2012_val_00009402_rank609,502,462,0.49824,31
ILSVRC2012_val_00020730_with_ILSVRC2012_val_00019782_rank173,113,113,0.21661,0
ILSVRC2012_val_00020730_with_ILSVRC2012_val_00029784_rank596,505,505,0.46657,0
ILSVRC2012_val_00020730_with_ILSVRC2012_val_00012703_rank599,864,864,0.98123,0
ILSVRC2012_val_00020730_with_ILSVRC2012_val_00040304_rank073,989,306,0.74686,108
ILSVRC2012_val_00020730_with_ILSVRC2012_val_00039525_rank176,6,5,0.82125,1
ILSVRC2012_val_00020730_with_ILSVRC2012_val_00042850_rank026,357,358,0.34408,3
ILSVRC2012_val_00020730_with_ILSVRC2012_val_00017167_rank353,821,821,0.79638,0
ILSVRC2012_val_00020730_with_ILSVRC2012_val_00009877_rank543,238,238,0.6437,0
ILSVRC2012_val_00020730_with_ILSVRC2012_val_00025292_rank901,568,988,0.07164,651
ILSVRC2012_val_00020730_with_ILSVRC2012_val_00031269_rank380,101,385,0.63446,1
ILSVRC2012_val_00020730_with_ILSVRC2012_val_00002982_rank125,988,988,0.9949,0
ILSVRC2012_val_00020730_with_ILSVRC2012_val_00030525_rank450,757,757,0.99882,0
ILSVRC2012_val_00020730_with_ILSVRC2012_val_00034241_rank801,846,846,0.66399,0
ILSVRC2012_val_00020730_with_ILSVRC2012_val_00032636_rank887,737,737,0.70157,0
ILSVRC2012_val_00020730_with_ILSVRC2012_val_00024800_rank205,9,9,0.75856,0
ILSVRC2012_val_00020730_with_ILSVRC2012_val_00044793_rank999,491,491,0.99992,0
ILSVRC2012_val_00020730_with_ILSVRC2012_val_00001142_rank048,91,91,0.9985,0
ILSVRC2012_val_00020730_with_ILSVRC2012_val_00028992_rank518,156,151,0.82295,20
ILSVRC2012_val_00020730_with_ILSVRC2012_val_00008272_rank865,168,159,0.65442,1
ILSVRC2012_val_00020730_with_ILSVRC2012_val_00027650_rank614,615,20,0.14624,471
ILSVRC2012_val_00020730_with_ILSVRC2012_val_00036372_rank269,941,941,0.91841,0
ILSVRC2012_val_00020730_with_ILSVRC2012_val_00016423_rank642,553,553,0.9964,0
ILSVRC2012_val_00020730_with_ILSVRC2012_val_00019465_rank910,707,707,0.18963,0
ILSVRC2012_val_00020730_with_ILSVRC2012_val_00039222_rank180,278,277,0.2297,1
ILSVRC2012_val_00020730_with_ILSVRC2012_val_00024547_rank879,542,453,0.26346,137
ILSVRC2012_val_00020730_with_ILSVRC2012_val_00010497_rank622,418,763,0.11848,39
ILSVRC2012_val_00020730_with_ILSVRC2012_val_00048162_rank151,272,272,0.99373,0
ILSVRC2012_val_00020730_with_ILSVRC2012_val_00049771_rank641,834,834,0.20874,0
ILSVRC2012_val_00020730_with_ILSVRC2012_val_00005188_rank249,393,393,0.98933,0
ILSVRC2012_val_00020730_with_ILSVRC2012_val_00043642_rank256,959,965,0.23187,14
ILSVRC2012_val_00020730_with_ILSVRC2012_val_00004333_rank064,350,350,0.99006,0
ILSVRC2012_val_00020730_with_ILSVRC2012_val_00044389_rank094,972,947,0.38155,349
ILSVRC2012_val_00020730_with_ILSVRC2012_val_00001539_rank411,304,119,0.2008,157
ILSVRC2012_val_00020730_with_ILSVRC2012_val_00011829_rank956,399,18,0.1051,355
ILSVRC2012_val_00020730_with_ILSVRC2012_val_00025297_rank896,806,806,0.23311,0
ILSVRC2012_val_00020730_with_ILSVRC2012_val_00002830_rank720,563,623,0.11474,2
ILSVRC2012_val_00020730_with_ILSVRC2012_val_00014471_rank144,232,232,0.92091,0
ILSVRC2012_val_00020730_with_ILSVRC2012_val_00031739_rank373,661,661,0.99186,0
ILSVRC2012_val_00020730_with_ILSVRC2012_val_00004661_rank148,318,318,0.99975,0
ILSVRC2012_val_00020730_with_ILSVRC2012_val_00015922_rank001,20,20,0.99987,0
ILSVRC2012_val_00020730_with_ILSVRC2012_val_00024508_rank405,198,198,0.98311,0
ILSVRC2012_val_00020730_with_ILSVRC2012_val_00013587_rank782,513,513,0.57336,0
ILSVRC2012_val_00020730_with_ILSVRC2012_val_00037553_rank561,62,995,0.08928,207
ILSVRC2012_val_00020730_with_ILSVRC2012_val_00023921_rank594,722,20,0.0745,492
ILSVRC2012_val_00020730_with_ILSVRC2012_val_00024539_rank843,463,463,0.3936,0
ILSVRC2012_val_00020730_with_ILSVRC2012_val_00025728_rank738,612,870,0.05777,2
ILSVRC2012_val_00020730_with_ILSVRC2012_val_00001311_rank805,444,444,0.99494,0
ILSVRC2012_val_00020730_with_ILSVRC2012_val_00002072_rank579,285,282,0.75832,2
ILSVRC2012_val_00020730_with_ILSVRC2012_val_00007924_rank922,593,593,0.86197,0
ILSVRC2012_val_00020730_with_ILSVRC2012_val_00043706_rank923,702,494,0.39137,34
ILSVRC2012_val_00020730_with_ILSVRC2012_val_00042395_rank350,930,930,0.67121,0
ILSVRC2012_val_00020730_with_ILSVRC2012_val_00046757_rank380,101,386,0.5908,2
ILSVRC2012_val_00020730_with_ILSVRC2012_val_00012358_rank156,69,947,0.43086,206
ILSVRC2012_val_00020730_with_ILSVRC2012_val_00004782_rank291,268,268,0.79231,0
ILSVRC2012_val_00020730_with_ILSVRC2012_val_00010423_rank980,678,115,0.38068,770
ILSVRC2012_val_00020730_with_ILSVRC2012_val_00039720_rank427,564,448,0.13208,425
ILSVRC2012_val_00020730_with_ILSVRC2012_val_00016231_rank528,565,565,0.9692,0
ILSVRC2012_val_00020730_with_ILSVRC2012_val_00034934_rank689,191,191,0.96781,0
ILSVRC2012_val_00020730_with_ILSVRC2012_val_00017201_rank502,458,458,0.6879,0
ILSVRC2012_val_00020730_with_ILSVRC2012_val_00014270_rank446,208,208,0.54281,0
ILSVRC2012_val_00020730_with_ILSVRC2012_val_00013000_rank909,882,350,0.2673,695
ILSVRC2012_val_00020730_with_ILSVRC2012_val_00041873_rank473,468,436,0.67666,1
ILSVRC2012_val_00020730_with_ILSVRC2012_val_00027636_rank753,648,804,0.59243,13
ILSVRC2012_val_00020730_with_ILSVRC2012_val_00035138_rank198,395,112,0.97713,555
ILSVRC2012_val_00020730_with_ILSVRC2012_val_00032804_rank343,404,404,0.99355,0
ILSVRC2012_val_00020730_with_ILSVRC2012_val_00035845_rank202,997,947,0.71799,1
ILSVRC2012_val_00020730_with_ILSVRC2012_val_00008264_rank476,923,813,0.12259,41
ILSVRC2012_val_00020730_with_ILSVRC2012_val_00049395_rank868,51,51,0.99737,0
ILSVRC2012_val_00020730_with_ILSVRC2012_val_00008176_rank205,9,9,0.97043,0
ILSVRC2012_val_00020730_with_ILSVRC2012_val_00040381_rank996,151,173,0.96531,10
ILSVRC2012_val_00020730_with_ILSVRC2012_val_00018872_rank113,269,269,0.96294,0
ILSVRC2012_val_00020730_with_ILSVRC2012_val_00015419_rank1000,254,176,0.09221,97
ILSVRC2012_val_00020730_with_ILSVRC2012_val_00044477_rank834,787,326,0.99534,457
ILSVRC2012_val_00020730_with_ILSVRC2012_val_00007901_rank433,761,761,0.94881,0
ILSVRC2012_val_00020730_with_ILSVRC2012_val_00010964_rank171,984,984,0.4473,0
ILSVRC2012_val_00020730_with_ILSVRC2012_val_00046881_rank908,165,165,0.95036,0
ILSVRC2012_val_00020730_with_ILSVRC2012_val_00000587_rank799,905,703,0.80518,225
ILSVRC2012_val_00020730_with_ILSVRC2012_val_00032514_rank831,631,631,0.61309,0
ILSVRC2012_val_00020730_with_ILSVRC2012_val_00022927_rank456,554,442,0.30576,56
ILSVRC2012_val_00020730_with_ILSVRC2012_val_00003757_rank854,838,448,0.03687,965
ILSVRC2012_val_00020730_with_ILSVRC2012_val_00005949_rank321,389,298,0.48091,518
ILSVRC2012_val_00020730_with_ILSVRC2012_val_00039943_rank187,912,947,0.08333,745
ILSVRC2012_val_00020730_with_ILSVRC2012_val_00034598_rank271,364,8,0.51967,161
ILSVRC2012_val_00020730_with_ILSVRC2012_val_00043129_rank857,588,765,0.21692,12
ILSVRC2012_val_00020730_with_ILSVRC2012_val_00011643_rank222,108,108,0.93771,0
ILSVRC2012_val_00020730_with_ILSVRC2012_val_00019834_rank080,32,32,0.82268,0
ILSVRC2012_val_00020730_with_ILSVRC2012_val_00043846_rank385,578,129,0.20726,149
ILSVRC2012_val_00020730_with_ILSVRC2012_val_00021673_rank982,710,703,0.45679,756
ILSVRC2012_val_00020730_with_ILSVRC2012_val_00030164_rank399,873,483,0.34301,8
ILSVRC2012_val_00020730_with_ILSVRC2012_val_00034765_rank765,499,813,0.60934,2
ILSVRC2012_val_00020730_with_ILSVRC2012_val_00036863_rank268,328,946,0.85044,15
ILSVRC2012_val_00020730_with_ILSVRC2012_val_00014015_rank750,610,610,0.28508,0
ILSVRC2012_val_00020730_with_ILSVRC2012_val_00029584_rank639,904,599,0.38779,25
ILSVRC2012_val_00020730_with_ILSVRC2012_val_00012759_rank383,39,42,0.48274,3
ILSVRC2012_val_00020730_with_ILSVRC2012_val_00036755_rank286,574,574,0.99987,0
ILSVRC2012_val_00020730_with_ILSVRC2012_val_00006146_rank687,155,155,0.84062,0
ILSVRC2012_val_00020730_with_ILSVRC2012_val_00002292_rank667,662,681,0.23083,5
ILSVRC2012_val_00020730_with_ILSVRC2012_val_00043188_rank863,595,595,0.69759,0
ILSVRC2012_val_00020730_with_ILSVRC2012_val_00020318_rank774,773,773,0.94476,0
ILSVRC2012_val_00020730_with_ILSVRC2012_val_00010529_rank946,714,309,0.193,349
ILSVRC2012_val_00020730_with_ILSVRC2012_val_00038774_rank093,308,308,0.97426,0
ILSVRC2012_val_00020730_with_ILSVRC2012_val_00022096_rank050,995,995,0.99624,0
ILSVRC2012_val_00020730_with_ILSVRC2012_val_00040040_rank938,207,207,0.77748,0
ILSVRC2012_val_00020730_with_ILSVRC2012_val_00039827_rank779,434,89,0.28938,258
ILSVRC2012_val_00020730_with_ILSVRC2012_val_00020058_rank438,177,177,0.93494,0
ILSVRC2012_val_00020730_with_ILSVRC2012_val_00004137_rank112,349,349,0.76366,0
ILSVRC2012_val_00020730_with_ILSVRC2012_val_00043111_rank074,27,27,0.73981,0
ILSVRC2012_val_00020730_with_ILSVRC2012_val_00031815_rank040,35,35,0.39419,0
ILSVRC2012_val_00020730_with_ILSVRC2012_val_00018089_rank739,828,971,0.08534,81
ILSVRC2012_val_00020730_with_ILSVRC2012_val_00025065_rank277,267,267,0.97711,0
ILSVRC2012_val_00020730_with_ILSVRC2012_val_00030519_rank996,151,151,0.78002,0
ILSVRC2012_val_00020730_with_ILSVRC2012_val_00017765_rank420,292,292,0.9835,0
ILSVRC2012_val_00020730_with_ILSVRC2012_val_00047805_rank551,826,426,0.42684,3
ILSVRC2012_val_00020730_with_ILSVRC2012_val_00007901_rank521,485,761,0.86944,8
ILSVRC2012_val_00020730_with_ILSVRC2012_val_00048576_rank339,4,89,0.90882,71
ILSVRC2012_val_00020730_with_ILSVRC2012_val_00042193_rank038,133,81,0.11448,51
ILSVRC2012_val_00020730_with_ILSVRC2012_val_00031747_rank291,268,268,0.99906,0
ILSVRC2012_val_00020730_with_ILSVRC2012_val_00028165_rank130,270,270,0.9829,0
ILSVRC2012_val_00020730_with_ILSVRC2012_val_00005798_rank618,581,581,0.50892,0
ILSVRC2012_val_00020730_with_ILSVRC2012_val_00040024_rank849,883,993,0.8703,773
ILSVRC2012_val_00020730_with_ILSVRC2012_val_00040140_rank280,217,218,0.32649,1
ILSVRC2012_val_00020730_with_ILSVRC2012_val_00037029_rank480,752,752,0.9015,0
ILSVRC2012_val_00020730_with_ILSVRC2012_val_00001768_rank459,263,211,0.1737,68
ILSVRC2012_val_00020730_with_ILSVRC2012_val_00009458_rank267,540,540,0.97838,0
ILSVRC2012_val_00020730_with_ILSVRC2012_val_00034263_rank503,248,248,0.55194,0
ILSVRC2012_val_00020730_with_ILSVRC2012_val_00028212_rank365,940,997,0.71997,27
ILSVRC2012_val_00020730_with_ILSVRC2012_val_00023961_rank497,928,927,0.99902,2
ILSVRC2012_val_00020730_with_ILSVRC2012_val_00006210_rank363,933,947,0.24716,24
ILSVRC2012_val_00020730_with_ILSVRC2012_val_00046225_rank914,676,676,0.09954,0
ILSVRC2012_val_00020730_with_ILSVRC2012_val_00013063_rank793,402,402,0.53246,0
ILSVRC2012_val_00020730_with_ILSVRC2012_val_00031573_rank496,311,315,0.72597,3
ILSVRC2012_val_00020730_with_ILSVRC2012_val_00022415_rank171,984,984,0.99868,0
ILSVRC2012_val_00020730_with_ILSVRC2012_val_00037856_rank821,728,947,0.19084,541
ILSVRC2012_val_00020730_with_ILSVRC2012_val_00004841_rank242,79,79,0.96292,0
ILSVRC2012_val_00020730_with_ILSVRC2012_val_00037882_rank789,117,117,0.99765,0
ILSVRC2012_val_00020730_with_ILSVRC2012_val_00041863_rank625,749,80,0.31853,195
ILSVRC2012_val_00020730_with_ILSVRC2012_val_00031769_rank104,367,357,0.14003,48
ILSVRC2012_val_00020730_with_ILSVRC2012_val_00020356_rank166,41,41,0.98471,0
ILSVRC2012_val_00020730_with_ILSVRC2012_val_00025096_rank272,65,65,0.91587,0
ILSVRC2012_val_00020730_with_ILSVRC2012_val_00043417_rank617,261,279,0.8259,23
ILSVRC2012_val_00020730_with_ILSVRC2012_val_00007554_rank271,364,364,0.98855,0
ILSVRC2012_val_00020730_with_ILSVRC2012_val_00023828_rank843,463,463,0.98624,0
ILSVRC2012_val_00020730_with_ILSVRC2012_val_00010338_rank927,917,637,0.12581,524
ILSVRC2012_val_00020730_with_ILSVRC2012_val_00045400_rank805,444,444,0.99533,0
ILSVRC2012_val_00020730_with_ILSVRC2012_val_00017083_rank444,429,429,0.99811,0
ILSVRC2012_val_00020730_with_ILSVRC2012_val_00032570_rank964,545,507,0.73242,75
ILSVRC2012_val_00020730_with_ILSVRC2012_val_00002835_rank650,944,946,0.22529,1
ILSVRC2012_val_00020730_with_ILSVRC2012_val_00000512_rank513,56,56,0.71626,0
ILSVRC2012_val_00020730_with_ILSVRC2012_val_00006620_rank281,489,313,0.80657,119
ILSVRC2012_val_00020730_with_ILSVRC2012_val_00045141_rank301,174,174,0.33391,0
ILSVRC2012_val_00020730_with_ILSVRC2012_val_00026181_rank315,315,315,0.999,0
ILSVRC2012_val_00020730_with_ILSVRC2012_val_00032830_rank036,132,132,0.90495,0
ILSVRC2012_val_00020730_with_ILSVRC2012_val_00043245_rank015,58,38,0.72184,92
ILSVRC2012_val_00020730_with_ILSVRC2012_val_00030876_rank234,229,229,0.71085,0
ILSVRC2012_val_00020730_with_ILSVRC2012_val_00019326_rank857,588,790,0.28789,1
ILSVRC2012_val_00020730_with_ILSVRC2012_val_00004490_rank485,874,705,0.64262,3
ILSVRC2012_val_00020730_with_ILSVRC2012_val_00003781_rank079,336,336,0.98301,0
ILSVRC2012_val_00020730_with_ILSVRC2012_val_00040057_rank631,477,699,0.45469,162
ILSVRC2012_val_00020730_with_ILSVRC2012_val_00041483_rank693,530,530,0.98759,0
ILSVRC2012_val_00020730_with_ILSVRC2012_val_00048175_rank051,24,24,0.9919,0
ILSVRC2012_val_00020730_with_ILSVRC2012_val_00040524_rank017,86,86,0.86952,0
ILSVRC2012_val_00020730_with_ILSVRC2012_val_00043395_rank197,89,89,0.99586,0
ILSVRC2012_val_00020730_with_ILSVRC2012_val_00011902_rank229,348,348,0.70233,0
ILSVRC2012_val_00020730_with_ILSVRC2012_val_00034688_rank148,318,47,0.17446,34
ILSVRC2012_val_00020730_with_ILSVRC2012_val_00029947_rank466,43,43,0.62123,0
ILSVRC2012_val_00020730_with_ILSVRC2012_val_00012271_rank752,105,335,0.87309,11
ILSVRC2012_val_00020730_with_ILSVRC2012_val_00021214_rank620,253,253,0.98772,0
ILSVRC2012_val_00020730_with_ILSVRC2012_val_00042743_rank981,575,575,0.99989,0
ILSVRC2012_val_00020730_with_ILSVRC2012_val_00007717_rank635,428,637,0.12871,24
ILSVRC2012_val_00020730_with_ILSVRC2012_val_00022405_rank822,589,146,0.07515,483
ILSVRC2012_val_00020730_with_ILSVRC2012_val_00049609_rank513,56,60,0.37983,3
ILSVRC2012_val_00020730_with_ILSVRC2012_val_00040591_rank883,413,413,0.9556,0
ILSVRC2012_val_00020730_with_ILSVRC2012_val_00045674_rank390,183,196,0.84829,14
ILSVRC2012_val_00020730_with_ILSVRC2012_val_00032113_rank044,83,83,0.57318,0
ILSVRC2012_val_00020730_with_ILSVRC2012_val_00029987_rank637,601,326,0.74628,486
ILSVRC2012_val_00020730_with_ILSVRC2012_val_00011871_rank101,888,888,0.96181,0
ILSVRC2012_val_00020730_with_ILSVRC2012_val_00019656_rank818,771,768,0.90491,591
ILSVRC2012_val_00020730_with_ILSVRC2012_val_00041673_rank938,207,879,0.1138,615
ILSVRC2012_val_00020730_with_ILSVRC2012_val_00022113_rank199,29,29,0.99998,0
ILSVRC2012_val_00020730_with_ILSVRC2012_val_00041776_rank390,183,32,0.07491,441
ILSVRC2012_val_00020730_with_ILSVRC2012_val_00011003_rank745,526,782,0.14412,15
ILSVRC2012_val_00020730_with_ILSVRC2012_val_00048449_rank614,615,596,0.66383,90
ILSVRC2012_val_00020730_with_ILSVRC2012_val_00043278_rank835,566,566,0.99945,0
ILSVRC2012_val_00020730_with_ILSVRC2012_val_00039254_rank875,686,427,0.36394,5
ILSVRC2012_val_00020730_with_ILSVRC2012_val_00040724_rank216,149,149,0.93589,0
ILSVRC2012_val_00020730_with_ILSVRC2012_val_00023063_rank204,950,950,0.99708,0
ILSVRC2012_val_00020730_with_ILSVRC2012_val_00028664_rank116,44,60,0.18266,14
ILSVRC2012_val_00020730_with_ILSVRC2012_val_00040256_rank363,933,933,0.96855,0
ILSVRC2012_val_00020730_with_ILSVRC2012_val_00024327_rank264,0,42,0.08079,415
ILSVRC2012_val_00020730_with_ILSVRC2012_val_00027448_rank462,283,283,0.38117,0
ILSVRC2012_val_00020730_with_ILSVRC2012_val_00017954_rank452,793,146,0.09045,913
ILSVRC2012_val_00020730_with_ILSVRC2012_val_00014724_rank120,322,322,0.99576,0
ILSVRC2012_val_00020730_with_ILSVRC2012_val_00011024_rank471,212,218,0.34625,10
ILSVRC2012_val_00020730_with_ILSVRC2012_val_00011461_rank577,734,734,0.99783,0
ILSVRC2012_val_00020730_with_ILSVRC2012_val_00021670_rank888,621,621,0.97328,0
ILSVRC2012_val_00020730_with_ILSVRC2012_val_00010602_rank868,51,178,0.24701,94
ILSVRC2012_val_00020730_with_ILSVRC2012_val_00022856_rank405,198,198,0.99813,0
ILSVRC2012_val_00020730_with_ILSVRC2012_val_00040563_rank070,28,28,0.98399,0
ILSVRC2012_val_00020730_with_ILSVRC2012_val_00006327_rank843,463,59,0.70456,535
ILSVRC2012_val_00020730_with_ILSVRC2012_val_00046614_rank196,438,947,0.33575,721
ILSVRC2012_val_00020730_with_ILSVRC2012_val_00031329_rank485,874,779,0.9567,4
ILSVRC2012_val_00020730_with_ILSVRC2012_val_00027700_rank868,51,326,0.40184,233
ILSVRC2012_val_00020730_with_ILSVRC2012_val_00045092_rank777,591,879,0.07008,124
ILSVRC2012_val_00020730_with_ILSVRC2012_val_00039002_rank813,630,774,0.44097,1
ILSVRC2012_val_00020730_with_ILSVRC2012_val_00002023_rank006,10,10,0.99998,0
ILSVRC2012_val_00020730_with_ILSVRC2012_val_00014088_rank903,827,758,0.15367,289
ILSVRC2012_val_00020730_with_ILSVRC2012_val_00019408_rank776,805,805,0.94686,0
ILSVRC2012_val_00020730_with_ILSVRC2012_val_00037070_rank328,7,7,0.99446,0
ILSVRC2012_val_00020730_with_ILSVRC2012_val_00023829_rank739,828,647,0.98963,2
ILSVRC2012_val_00020730_with_ILSVRC2012_val_00004589_rank900,611,20,0.24366,919
ILSVRC2012_val_00020730_with_ILSVRC2012_val_00028362_rank540,557,749,0.16393,128
ILSVRC2012_val_00020730_with_ILSVRC2012_val_00047688_rank028,12,12,0.97361,0
ILSVRC2012_val_00020730_with_ILSVRC2012_val_00048249_rank444,429,429,0.13477,0
ILSVRC2012_val_00020730_with_ILSVRC2012_val_00024101_rank971,866,866,0.91414,0
ILSVRC2012_val_00020730_with_ILSVRC2012_val_00015410_rank002,13,13,0.99888,0
ILSVRC2012_val_00020730_with_ILSVRC2012_val_00032755_rank935,650,319,0.07937,491
ILSVRC2012_val_00020730_with_ILSVRC2012_val_00028069_rank925,784,477,0.8659,1
ILSVRC2012_val_00020730_with_ILSVRC2012_val_00013084_rank283,962,962,0.34324,0
ILSVRC2012_val_00020730_with_ILSVRC2012_val_00014773_rank712,284,353,0.58407,196
ILSVRC2012_val_00020730_with_ILSVRC2012_val_00015277_rank456,554,554,0.82813,0
ILSVRC2012_val_00020730_with_ILSVRC2012_val_00020141_rank221,33,47,0.83771,70
ILSVRC2012_val_00020730_with_ILSVRC2012_val_00032137_rank897,521,470,0.57101,228
ILSVRC2012_val_00020730_with_ILSVRC2012_val_00041570_rank717,281,285,0.54032,2
ILSVRC2012_val_00020730_with_ILSVRC2012_val_00013422_rank379,303,303,0.99927,0
ILSVRC2012_val_00020730_with_ILSVRC2012_val_00036304_rank240,609,609,0.99992,0
ILSVRC2012_val_00020730_with_ILSVRC2012_val_00015246_rank465,936,825,0.07507,80
ILSVRC2012_val_00020730_with_ILSVRC2012_val_00046153_rank915,374,374,0.31043,0
ILSVRC2012_val_00020730_with_ILSVRC2012_val_00025738_rank584,63,63,0.25051,0
ILSVRC2012_val_00020730_with_ILSVRC2012_val_00009531_rank492,651,448,0.62988,391
ILSVRC2012_val_00020730_with_ILSVRC2012_val_00028781_rank873,464,626,0.95384,13
ILSVRC2012_val_00020730_with_ILSVRC2012_val_00038966_rank765,499,596,0.44406,1
ILSVRC2012_val_00020730_with_ILSVRC2012_val_00043478_rank721,431,501,0.13894,92
ILSVRC2012_val_00020730_with_ILSVRC2012_val_00032497_rank764,492,410,0.27369,17
ILSVRC2012_val_00020730_with_ILSVRC2012_val_00011616_rank566,359,350,0.06114,146
ILSVRC2012_val_00020730_with_ILSVRC2012_val_00003622_rank666,440,440,0.73357,0
ILSVRC2012_val_00020730_with_ILSVRC2012_val_00043100_rank271,364,364,0.99966,0
ILSVRC2012_val_00020730_with_ILSVRC2012_val_00046725_rank989,633,453,0.23957,415
ILSVRC2012_val_00020730_with_ILSVRC2012_val_00002577_rank951,632,632,0.58101,0
ILSVRC2012_val_00020730_with_ILSVRC2012_val_00028983_rank646,603,603,0.855,0
ILSVRC2012_val_00020730_with_ILSVRC2012_val_00023971_rank829,524,125,0.13981,560
ILSVRC2012_val_00020730_with_ILSVRC2012_val_00014931_rank230,106,384,0.21904,108
ILSVRC2012_val_00020730_with_ILSVRC2012_val_00028156_rank895,674,448,0.58705,64
ILSVRC2012_val_00020730_with_ILSVRC2012_val_00035797_rank143,302,303,0.65056,3
ILSVRC2012_val_00020730_with_ILSVRC2012_val_00010259_rank612,516,516,0.72628,0
ILSVRC2012_val_00020730_with_ILSVRC2012_val_00014980_rank674,351,351,0.99329,0
ILSVRC2012_val_00020730_with_ILSVRC2012_val_00038295_rank477,879,584,0.059,684
ILSVRC2012_val_00020730_with_ILSVRC2012_val_00025116_rank320,353,350,0.41195,3
ILSVRC2012_val_00020730_with_ILSVRC2012_val_00037637_rank782,513,776,0.89148,1
ILSVRC2012_val_00020730_with_ILSVRC2012_val_00012696_rank626,915,808,0.18856,174
ILSVRC2012_val_00020730_with_ILSVRC2012_val_00046125_rank287,657,437,0.86903,11
ILSVRC2012_val_00020730_with_ILSVRC2012_val_00000669_rank178,126,113,0.44568,13
ILSVRC2012_val_00020730_with_ILSVRC2012_val_00037911_rank440,666,792,0.0815,48
ILSVRC2012_val_00020730_with_ILSVRC2012_val_00023490_rank961,412,448,0.54546,49
ILSVRC2012_val_00020730_with_ILSVRC2012_val_00003228_rank499,956,956,0.99548,0
ILSVRC2012_val_00020730_with_ILSVRC2012_val_00017348_rank187,912,912,0.34926,0
ILSVRC2012_val_00020730_with_ILSVRC2012_val_00025502_rank150,935,935,0.66821,0
ILSVRC2012_val_00020730_with_ILSVRC2012_val_00031865_rank100,274,274,0.51161,0
ILSVRC2012_val_00020730_with_ILSVRC2012_val_00014308_rank134,40,40,0.85247,0
ILSVRC2012_val_00020730_with_ILSVRC2012_val_00015541_rank878,779,779,0.99972,0
ILSVRC2012_val_00020730_with_ILSVRC2012_val_00030152_rank709,797,797,0.1523,0
ILSVRC2012_val_00020730_with_ILSVRC2012_val_00030744_rank314,985,985,0.96634,0
ILSVRC2012_val_00020730_with_ILSVRC2012_val_00018270_rank813,630,113,0.13751,419
ILSVRC2012_val_00020730_with_ILSVRC2012_val_00028306_rank976,861,455,0.97171,134
ILSVRC2012_val_00020730_with_ILSVRC2012_val_00026668_rank756,745,710,0.12113,32
ILSVRC2012_val_00020730_with_ILSVRC2012_val_00020319_rank547,407,407,0.99983,0
ILSVRC2012_val_00020730_with_ILSVRC2012_val_00022351_rank411,304,316,0.41959,11
ILSVRC2012_val_00020730_with_ILSVRC2012_val_00005236_rank076,144,350,0.05716,88
ILSVRC2012_val_00020730_with_ILSVRC2012_val_00047832_rank097,34,728,0.11659,251
ILSVRC2012_val_00020730_with_ILSVRC2012_val_00015258_rank762,739,89,0.37543,699
ILSVRC2012_val_00020730_with_ILSVRC2012_val_00015683_rank369,332,8,0.24437,29
ILSVRC2012_val_00020730_with_ILSVRC2012_val_00038219_rank985,419,947,0.09133,878
ILSVRC2012_val_00020730_with_ILSVRC2012_val_00012406_rank475,334,82,0.2951,28
ILSVRC2012_val_00020730_with_ILSVRC2012_val_00017835_rank426,689,728,0.45857,46
ILSVRC2012_val_00020730_with_ILSVRC2012_val_00020103_rank895,674,606,0.22973,179
ILSVRC2012_val_00020730_with_ILSVRC2012_val_00047850_rank454,271,271,0.99954,0
ILSVRC2012_val_00020730_with_ILSVRC2012_val_00019518_rank880,234,234,0.98838,0
ILSVRC2012_val_00020730_with_ILSVRC2012_val_00026003_rank822,589,947,0.23068,746
ILSVRC2012_val_00020730_with_ILSVRC2012_val_00049657_rank133,124,947,0.13276,191
ILSVRC2012_val_00020730_with_ILSVRC2012_val_00048800_rank468,71,310,0.50474,18
ILSVRC2012_val_00020730_with_ILSVRC2012_val_00004197_rank431,919,672,0.47859,301
ILSVRC2012_val_00020730_with_ILSVRC2012_val_00046534_rank882,88,92,0.73756,4
ILSVRC2012_val_00020730_with_ILSVRC2012_val_00010612_rank277,267,266,0.92928,1
ILSVRC2012_val_00020730_with_ILSVRC2012_val_00045135_rank548,340,340,0.99902,0
ILSVRC2012_val_00020730_with_ILSVRC2012_val_00008760_rank830,180,286,0.44174,85
ILSVRC2012_val_00020730_with_ILSVRC2012_val_00045761_rank493,1,115,0.52656,17
ILSVRC2012_val_00020730_with_ILSVRC2012_val_00031661_rank679,534,534,0.76674,0
ILSVRC2012_val_00020730_with_ILSVRC2012_val_00009830_rank237,371,371,0.95131,0
ILSVRC2012_val_00020730_with_ILSVRC2012_val_00046823_rank277,267,219,0.42052,10
ILSVRC2012_val_00020730_with_ILSVRC2012_val_00040500_rank718,893,893,0.25515,0
ILSVRC2012_val_00020730_with_ILSVRC2012_val_00016945_rank392,627,627,0.99973,0
ILSVRC2012_val_00020730_with_ILSVRC2012_val_00012078_rank540,557,437,0.51891,3
ILSVRC2012_val_00020730_with_ILSVRC2012_val_00004654_rank486,533,326,0.2266,140
ILSVRC2012_val_00020730_with_ILSVRC2012_val_00038473_rank678,836,491,0.44884,307
ILSVRC2012_val_00020730_with_ILSVRC2012_val_00014776_rank793,402,402,0.99749,0
ILSVRC2012_val_00020730_with_ILSVRC2012_val_00010564_rank290,392,392,0.99975,0
ILSVRC2012_val_00020730_with_ILSVRC2012_val_00000695_rank062,370,370,0.99941,0
ILSVRC2012_val_00020730_with_ILSVRC2012_val_00031051_rank728,169,169,0.54966,0
ILSVRC2012_val_00020730_with_ILSVRC2012_val_00040444_rank159,42,71,0.14791,26
ILSVRC2012_val_00020730_with_ILSVRC2012_val_00027583_rank144,232,232,0.8836,0
ILSVRC2012_val_00020730_with_ILSVRC2012_val_00001108_rank085,59,59,0.38497,0
ILSVRC2012_val_00020730_with_ILSVRC2012_val_00009000_rank110,26,26,0.99211,0
ILSVRC2012_val_00020730_with_ILSVRC2012_val_00005862_rank430,436,436,0.67169,0
ILSVRC2012_val_00020730_with_ILSVRC2012_val_00043492_rank107,814,59,0.67356,160
ILSVRC2012_val_00020730_with_ILSVRC2012_val_00036714_rank921,850,968,0.4277,44
ILSVRC2012_val_00020730_with_ILSVRC2012_val_00044866_rank484,628,628,0.94028,0
ILSVRC2012_val_00020730_with_ILSVRC2012_val_00032992_rank468,71,71,0.99968,0
ILSVRC2012_val_00020730_with_ILSVRC2012_val_00040821_rank467,345,350,0.72937,15
ILSVRC2012_val_00020730_with_ILSVRC2012_val_00014117_rank708,213,298,0.97711,389
ILSVRC2012_val_00020730_with_ILSVRC2012_val_00040855_rank965,683,91,0.09231,733
ILSVRC2012_val_00020730_with_ILSVRC2012_val_00006797_rank034,103,356,0.21818,14
ILSVRC2012_val_00020730_with_ILSVRC2012_val_00017310_rank014,16,16,0.76981,0
ILSVRC2012_val_00020730_with_ILSVRC2012_val_00043085_rank060,21,21,0.83778,0
ILSVRC2012_val_00020730_with_ILSVRC2012_val_00016694_rank481,299,299,0.99087,0
ILSVRC2012_val_00020730_with_ILSVRC2012_val_00042266_rank936,736,448,0.87522,613
ILSVRC2012_val_00020730_with_ILSVRC2012_val_00016601_rank307,618,618,0.49696,0
ILSVRC2012_val_00020730_with_ILSVRC2012_val_00018700_rank519,717,555,0.27004,12
ILSVRC2012_val_00020730_with_ILSVRC2012_val_00015805_rank465,936,952,0.09739,26
ILSVRC2012_val_00020730_with_ILSVRC2012_val_00016858_rank159,42,42,0.84404,0
ILSVRC2012_val_00020730_with_ILSVRC2012_val_00027934_rank968,731,731,0.64517,0
ILSVRC2012_val_00020730_with_ILSVRC2012_val_00032064_rank395,231,230,0.5021,2
ILSVRC2012_val_00020730_with_ILSVRC2012_val_00035312_rank230,106,106,0.86116,0
ILSVRC2012_val_00020730_with_ILSVRC2012_val_00010699_rank965,683,313,0.38898,250
ILSVRC2012_val_00020730_with_ILSVRC2012_val_00040446_rank399,873,873,0.76723,0
ILSVRC2012_val_00020730_with_ILSVRC2012_val_00046188_rank417,855,419,0.25384,52
ILSVRC2012_val_00020730_with_ILSVRC2012_val_00021642_rank306,222,270,0.93465,6
ILSVRC2012_val_00020730_with_ILSVRC2012_val_00005534_rank980,678,319,0.17507,957
ILSVRC2012_val_00020730_with_ILSVRC2012_val_00031292_rank715,920,920,0.99902,0
ILSVRC2012_val_00020730_with_ILSVRC2012_val_00021175_rank474,973,973,0.15411,0
ILSVRC2012_val_00020730_with_ILSVRC2012_val_00005352_rank598,417,81,0.10173,732
ILSVRC2012_val_00020730_with_ILSVRC2012_val_00012464_rank726,703,703,0.99943,0
ILSVRC2012_val_00020730_with_ILSVRC2012_val_00023186_rank642,553,553,0.15223,0
ILSVRC2012_val_00020730_with_ILSVRC2012_val_00042279_rank231,755,755,0.99765,0
ILSVRC2012_val_00020730_with_ILSVRC2012_val_00034670_rank223,120,120,0.59772,0
ILSVRC2012_val_00020730_with_ILSVRC2012_val_00013055_rank959,764,313,0.78612,330
ILSVRC2012_val_00020730_with_ILSVRC2012_val_00034317_rank319,981,981,0.67632,0
ILSVRC2012_val_00020730_with_ILSVRC2012_val_00005687_rank397,190,190,0.733,0
ILSVRC2012_val_00020730_with_ILSVRC2012_val_00019391_rank130,270,270,0.98204,0
ILSVRC2012_val_00020730_with_ILSVRC2012_val_00046468_rank286,574,574,0.99987,0
ILSVRC2012_val_00020730_with_ILSVRC2012_val_00014283_rank796,199,177,0.50131,18
ILSVRC2012_val_00020730_with_ILSVRC2012_val_00002683_rank654,999,153,0.50358,134
ILSVRC2012_val_00020730_with_ILSVRC2012_val_00044818_rank137,181,181,0.9999,0
ILSVRC2012_val_00020730_with_ILSVRC2012_val_00018308_rank576,556,599,0.27202,118
ILSVRC2012_val_00020730_with_ILSVRC2012_val_00008184_rank174,397,397,0.99935,0
ILSVRC2012_val_00020730_with_ILSVRC2012_val_00019261_rank415,195,195,0.99676,0
ILSVRC2012_val_00020730_with_ILSVRC2012_val_00042702_rank988,740,740,0.99941,0
ILSVRC2012_val_00020730_with_ILSVRC2012_val_00010308_rank057,135,135,0.99989,0
ILSVRC2012_val_00020730_with_ILSVRC2012_val_00047307_rank524,903,130,0.92598,139
ILSVRC2012_val_00020730_with_ILSVRC2012_val_00044839_rank305,110,110,0.99928,0
ILSVRC2012_val_00020730_with_ILSVRC2012_val_00017324_rank267,540,483,0.43249,73
ILSVRC2012_val_00020730_with_ILSVRC2012_val_00002496_rank213,121,121,0.99717,0
ILSVRC2012_val_00020730_with_ILSVRC2012_val_00004485_rank704,664,732,0.54037,32
ILSVRC2012_val_00020730_with_ILSVRC2012_val_00022350_rank083,36,47,0.9091,33
ILSVRC2012_val_00020730_with_ILSVRC2012_val_00017147_rank505,171,171,0.44315,0
ILSVRC2012_val_00020730_with_ILSVRC2012_val_00042405_rank114,319,42,0.27841,26
ILSVRC2012_val_00020730_with_ILSVRC2012_val_00034217_rank455,852,852,0.97273,0
ILSVRC2012_val_00020730_with_ILSVRC2012_val_00016037_rank245,914,448,0.09922,787
ILSVRC2012_val_00020730_with_ILSVRC2012_val_00040827_rank375,532,317,0.15475,666
ILSVRC2012_val_00020730_with_ILSVRC2012_val_00002423_rank511,769,835,0.42949,99
ILSVRC2012_val_00020730_with_ILSVRC2012_val_00021455_rank022,95,95,0.98825,0
ILSVRC2012_val_00020730_with_ILSVRC2012_val_00028702_rank195,209,184,0.50092,14
ILSVRC2012_val_00020730_with_ILSVRC2012_val_00030157_rank549,465,413,0.12017,3
ILSVRC2012_val_00020730_with_ILSVRC2012_val_00011382_rank146,317,317,0.99761,0
ILSVRC2012_val_00020730_with_ILSVRC2012_val_00047105_rank221,33,47,0.2299,70
ILSVRC2012_val_00020730_with_ILSVRC2012_val_00011337_rank878,779,843,0.29101,221
ILSVRC2012_val_00020730_with_ILSVRC2012_val_00046053_rank040,35,947,0.08616,147
ILSVRC2012_val_00020730_with_ILSVRC2012_val_00026301_rank391,675,757,0.40597,4
ILSVRC2012_val_00020730_with_ILSVRC2012_val_00036133_rank833,452,947,0.42965,153
ILSVRC2012_val_00020730_with_ILSVRC2012_val_00030712_rank121,373,373,0.74145,0
ILSVRC2012_val_00020730_with_ILSVRC2012_val_00024157_rank672,800,800,0.4274,0
ILSVRC2012_val_00020730_with_ILSVRC2012_val_00026778_rank367,266,202,0.06378,15
ILSVRC2012_val_00020730_with_ILSVRC2012_val_00049363_rank101,888,888,0.47571,0
ILSVRC2012_val_00020730_with_ILSVRC2012_val_00000392_rank760,471,471,0.99897,0
ILSVRC2012_val_00020730_with_ILSVRC2012_val_00017499_rank169,220,220,0.99387,0
ILSVRC2012_val_00020730_with_ILSVRC2012_val_00036209_rank366,781,781,0.98016,0
ILSVRC2012_val_00020730_with_ILSVRC2012_val_00000147_rank629,265,183,0.27191,10
ILSVRC2012_val_00020730_with_ILSVRC2012_val_00019969_rank076,144,144,0.99681,0
ILSVRC2012_val_00020730_with_ILSVRC2012_val_00021824_rank448,968,505,0.4898,9
ILSVRC2012_val_00020730_with_ILSVRC2012_val_00023810_rank420,292,292,0.92902,0
ILSVRC2012_val_00020730_with_ILSVRC2012_val_00027322_rank071,206,206,0.44961,0
ILSVRC2012_val_00020730_with_ILSVRC2012_val_00021697_rank819,186,186,0.99856,0
ILSVRC2012_val_00020730_with_ILSVRC2012_val_00020628_rank376,187,278,0.08015,158
ILSVRC2012_val_00020730_with_ILSVRC2012_val_00040941_rank580,931,931,0.733,0
ILSVRC2012_val_00020730_with_ILSVRC2012_val_00017718_rank545,115,115,0.99744,0
ILSVRC2012_val_00020730_with_ILSVRC2012_val_00018194_rank586,932,600,0.60168,409
ILSVRC2012_val_00020730_with_ILSVRC2012_val_00020241_rank872,841,316,0.07242,662
ILSVRC2012_val_00020730_with_ILSVRC2012_val_00016779_rank097,34,21,0.60957,337
ILSVRC2012_val_00020730_with_ILSVRC2012_val_00029178_rank128,290,290,0.99846,0
ILSVRC2012_val_00020730_with_ILSVRC2012_val_00039261_rank022,95,95,0.99978,0
ILSVRC2012_val_00020730_with_ILSVRC2012_val_00006666_rank113,269,269,0.78945,0
ILSVRC2012_val_00020730_with_ILSVRC2012_val_00038139_rank746,704,704,0.99998,0
ILSVRC2012_val_00020730_with_ILSVRC2012_val_00026395_rank112,349,349,0.7293,0
ILSVRC2012_val_00020730_with_ILSVRC2012_val_00009447_rank283,962,965,0.40517,7
ILSVRC2012_val_00020730_with_ILSVRC2012_val_00043334_rank728,169,232,0.34755,9
ILSVRC2012_val_00020730_with_ILSVRC2012_val_00043253_rank751,559,703,0.79793,6
ILSVRC2012_val_00020730_with_ILSVRC2012_val_00033555_rank545,115,991,0.12537,8
ILSVRC2012_val_00020730_with_ILSVRC2012_val_00028912_rank506,104,47,0.31823,273
ILSVRC2012_val_00020730_with_ILSVRC2012_val_00037424_rank673,945,945,0.99516,0
ILSVRC2012_val_00020730_with_ILSVRC2012_val_00030496_rank910,707,707,0.99988,0
ILSVRC2012_val_00020730_with_ILSVRC2012_val_00004111_rank753,648,648,0.32567,0
ILSVRC2012_val_00020730_with_ILSVRC2012_val_00010916_rank644,711,838,0.31716,16
ILSVRC2012_val_00020730_with_ILSVRC2012_val_00045297_rank155,815,815,0.97775,0
ILSVRC2012_val_00020730_with_ILSVRC2012_val_00020745_rank756,745,745,0.78763,0
ILSVRC2012_val_00020730_with_ILSVRC2012_val_00028050_rank214,205,20,0.1565,210
ILSVRC2012_val_00020730_with_ILSVRC2012_val_00002110_rank106,677,677,0.95867,0
ILSVRC2012_val_00020730_with_ILSVRC2012_val_00013479_rank503,248,269,0.76218,6
ILSVRC2012_val_00020730_with_ILSVRC2012_val_00036480_rank619,622,622,0.99939,0
ILSVRC2012_val_00020730_with_ILSVRC2012_val_00000609_rank098,147,326,0.58381,280
ILSVRC2012_val_00020730_with_ILSVRC2012_val_00007364_rank955,759,473,0.61963,163
ILSVRC2012_val_00020730_with_ILSVRC2012_val_00043664_rank748,338,338,0.99541,0
ILSVRC2012_val_00020730_with_ILSVRC2012_val_00047656_rank868,51,309,0.06066,862
ILSVRC2012_val_00020730_with_ILSVRC2012_val_00024149_rank300,909,567,0.18345,1
ILSVRC2012_val_00020730_with_ILSVRC2012_val_00049801_rank090,148,143,0.52185,53
ILSVRC2012_val_00020730_with_ILSVRC2012_val_00039380_rank484,628,628,0.9771,0
ILSVRC2012_val_00020730_with_ILSVRC2012_val_00030623_rank292,68,66,0.44882,1
ILSVRC2012_val_00020730_with_ILSVRC2012_val_00030365_rank123,150,150,0.96248,0
ILSVRC2012_val_00020730_with_ILSVRC2012_val_00001738_rank358,848,704,0.24141,99
ILSVRC2012_val_00020730_with_ILSVRC2012_val_00037736_rank918,929,929,0.99999,0
ILSVRC2012_val_00020730_with_ILSVRC2012_val_00029643_rank387,660,448,0.27648,67
ILSVRC2012_val_00020730_with_ILSVRC2012_val_00023061_rank874,410,410,0.9885,0
ILSVRC2012_val_00020730_with_ILSVRC2012_val_00021253_rank823,569,569,0.96545,0
ILSVRC2012_val_00020730_with_ILSVRC2012_val_00029908_rank448,968,855,0.41127,13
ILSVRC2012_val_00020730_with_ILSVRC2012_val_00015185_rank964,545,545,0.64178,0
ILSVRC2012_val_00020730_with_ILSVRC2012_val_00022048_rank408,783,783,0.95026,0
ILSVRC2012_val_00020730_with_ILSVRC2012_val_00045371_rank666,440,440,0.99818,0
ILSVRC2012_val_00020730_with_ILSVRC2012_val_00030573_rank180,278,286,0.27421,20
ILSVRC2012_val_00020730_with_ILSVRC2012_val_00006221_rank013,81,81,0.99972,0
ILSVRC2012_val_00020730_with_ILSVRC2012_val_00023782_rank438,177,177,0.19052,0
ILSVRC2012_val_00020730_with_ILSVRC2012_val_00043283_rank512,453,453,0.62059,0
ILSVRC2012_val_00020730_with_ILSVRC2012_val_00012162_rank431,919,919,0.9916,0
ILSVRC2012_val_00020730_with_ILSVRC2012_val_00037007_rank899,719,419,0.37159,23
ILSVRC2012_val_00020730_with_ILSVRC2012_val_00029062_rank093,308,308,0.69065,0
ILSVRC2012_val_00020730_with_ILSVRC2012_val_00015883_rank491,856,866,0.71636,2
ILSVRC2012_val_00020730_with_ILSVRC2012_val_00016667_rank910,707,707,0.98238,0
ILSVRC2012_val_00020730_with_ILSVRC2012_val_00027684_rank699,473,473,0.67733,0
ILSVRC2012_val_00020730_with_ILSVRC2012_val_00045977_rank946,714,522,0.32449,393
ILSVRC2012_val_00020730_with_ILSVRC2012_val_00029386_rank486,533,700,0.25819,42
ILSVRC2012_val_00020730_with_ILSVRC2012_val_00026714_rank443,858,311,0.21225,171
ILSVRC2012_val_00020730_with_ILSVRC2012_val_00042546_rank219,437,448,0.43184,49
ILSVRC2012_val_00020730_with_ILSVRC2012_val_00046789_rank537,531,826,0.8919,1
ILSVRC2012_val_00020730_with_ILSVRC2012_val_00039807_rank687,155,155,0.85297,0
ILSVRC2012_val_00020730_with_ILSVRC2012_val_00038384_rank499,956,956,0.99891,0
ILSVRC2012_val_00020730_with_ILSVRC2012_val_00027555_rank048,91,91,0.99997,0
ILSVRC2012_val_00020730_with_ILSVRC2012_val_00000093_rank078,366,366,0.83191,0
ILSVRC2012_val_00020730_with_ILSVRC2012_val_00009170_rank421,586,586,0.99996,0
ILSVRC2012_val_00020730_with_ILSVRC2012_val_00000489_rank538,713,778,0.38765,32
ILSVRC2012_val_00020730_with_ILSVRC2012_val_00028071_rank039,326,326,0.99995,0
ILSVRC2012_val_00020730_with_ILSVRC2012_val_00016897_rank513,56,56,0.74799,0
ILSVRC2012_val_00020730_with_ILSVRC2012_val_00016359_rank345,925,925,0.92491,0
ILSVRC2012_val_00020730_with_ILSVRC2012_val_00043598_rank348,200,200,0.45173,0
ILSVRC2012_val_00020730_with_ILSVRC2012_val_00020878_rank434,550,844,0.07185,96
ILSVRC2012_val_00020730_with_ILSVRC2012_val_00047705_rank812,701,989,0.21272,212
ILSVRC2012_val_00020730_with_ILSVRC2012_val_00031174_rank678,836,723,0.44442,121
ILSVRC2012_val_00020730_with_ILSVRC2012_val_00040378_rank909,882,882,0.37614,0
ILSVRC2012_val_00020730_with_ILSVRC2012_val_00046585_rank484,628,628,0.98721,0
ILSVRC2012_val_00020730_with_ILSVRC2012_val_00022258_rank342,522,995,0.75214,706
ILSVRC2012_val_00020730_with_ILSVRC2012_val_00026793_rank258,38,42,0.72854,5
ILSVRC2012_val_00020730_with_ILSVRC2012_val_00024300_rank298,329,329,0.96514,0
ILSVRC2012_val_00020730_with_ILSVRC2012_val_00000388_rank995,420,420,0.75946,0
ILSVRC2012_val_00020730_with_ILSVRC2012_val_00026065_rank102,320,320,0.93829,0
ILSVRC2012_val_00020730_with_ILSVRC2012_val_00006251_rank262,5,326,0.98327,55
ILSVRC2012_val_00020730_with_ILSVRC2012_val_00034865_rank739,828,828,0.98306,0
ILSVRC2012_val_00020730_with_ILSVRC2012_val_00006350_rank063,295,295,0.9923,0
ILSVRC2012_val_00020730_with_ILSVRC2012_val_00010580_rank308,939,954,0.47307,13
ILSVRC2012_val_00020730_with_ILSVRC2012_val_00018578_rank098,147,596,0.84979,404
ILSVRC2012_val_00020730_with_ILSVRC2012_val_00040298_rank376,187,185,0.6898,6
ILSVRC2012_val_00020730_with_ILSVRC2012_val_00039450_rank502,458,458,0.99846,0
ILSVRC2012_val_00020730_with_ILSVRC2012_val_00030136_rank138,296,296,0.99478,0
ILSVRC2012_val_00020730_with_ILSVRC2012_val_00049062_rank343,404,404,0.39583,0
ILSVRC2012_val_00020730_with_ILSVRC2012_val_00030224_rank006,10,12,0.37686,2
ILSVRC2012_val_00020730_with_ILSVRC2012_val_00049974_rank634,372,373,0.69194,1
ILSVRC2012_val_00020730_with_ILSVRC2012_val_00025656_rank971,866,866,0.81599,0
ILSVRC2012_val_00020730_with_ILSVRC2012_val_00021414_rank817,558,677,0.09948,653
ILSVRC2012_val_00020730_with_ILSVRC2012_val_00036354_rank099,96,96,0.99968,0
ILSVRC2012_val_00020730_with_ILSVRC2012_val_00023875_rank194,483,483,0.99866,0
ILSVRC2012_val_00020730_with_ILSVRC2012_val_00040262_rank927,917,440,0.28353,349
ILSVRC2012_val_00020730_with_ILSVRC2012_val_00002248_rank750,610,879,0.62757,326
ILSVRC2012_val_00020730_with_ILSVRC2012_val_00030705_rank306,222,947,0.0681,706
ILSVRC2012_val_00020730_with_ILSVRC2012_val_00005956_rank829,524,336,0.03234,685
ILSVRC2012_val_00020730_with_ILSVRC2012_val_00036168_rank170,961,947,0.11501,51
ILSVRC2012_val_00020730_with_ILSVRC2012_val_00021179_rank944,409,409,0.33411,0
ILSVRC2012_val_00020730_with_ILSVRC2012_val_00047712_rank190,833,525,0.2873,21
ILSVRC2012_val_00020730_with_ILSVRC2012_val_00020984_rank876,583,839,0.17916,15
ILSVRC2012_val_00020730_with_ILSVRC2012_val_00022125_rank301,174,174,0.94991,0
ILSVRC2012_val_00020730_with_ILSVRC2012_val_00039009_rank663,512,324,0.14718,860
ILSVRC2012_val_00020730_with_ILSVRC2012_val_00015076_rank207,179,179,0.33167,0
ILSVRC2012_val_00020730_with_ILSVRC2012_val_00017130_rank310,301,301,0.91816,0
ILSVRC2012_val_00020730_with_ILSVRC2012_val_00031662_rank256,959,947,0.10826,43
ILSVRC2012_val_00020730_with_ILSVRC2012_val_00023639_rank772,696,596,0.71411,24
ILSVRC2012_val_00020730_with_ILSVRC2012_val_00000542_rank879,542,494,0.92676,25
ILSVRC2012_val_00020730_with_ILSVRC2012_val_00023973_rank270,84,84,0.99951,0
ILSVRC2012_val_00020730_with_ILSVRC2012_val_00023205_rank532,809,809,0.92233,0
ILSVRC2012_val_00020730_with_ILSVRC2012_val_00043836_rank561,62,62,0.65764,0
ILSVRC2012_val_00020730_with_ILSVRC2012_val_00019417_rank783,273,273,0.99291,0
ILSVRC2012_val_00020730_with_ILSVRC2012_val_00033740_rank202,997,997,0.98078,0
ILSVRC2012_val_00020730_with_ILSVRC2012_val_00046795_rank934,223,279,0.72449,97
ILSVRC2012_val_00020730_with_ILSVRC2012_val_00037262_rank192,48,48,0.92394,0
ILSVRC2012_val_00020730_with_ILSVRC2012_val_00027708_rank141,138,133,0.77401,3
ILSVRC2012_val_00020730_with_ILSVRC2012_val_00039229_rank887,737,737,0.25245,0
ILSVRC2012_val_00020730_with_ILSVRC2012_val_00023035_rank959,764,764,0.73893,0
ILSVRC2012_val_00020730_with_ILSVRC2012_val_00037372_rank852,496,496,0.85686,0
ILSVRC2012_val_00020730_with_ILSVRC2012_val_00006374_rank815,474,68,0.21037,152
ILSVRC2012_val_00020730_with_ILSVRC2012_val_00036997_rank151,272,277,0.50366,5
ILSVRC2012_val_00020730_with_ILSVRC2012_val_00022133_rank503,248,249,0.74062,2
ILSVRC2012_val_00020730_with_ILSVRC2012_val_00017512_rank342,522,947,0.474,140
ILSVRC2012_val_00020730_with_ILSVRC2012_val_00005148_rank463,592,448,0.09208,649
ILSVRC2012_val_00020730_with_ILSVRC2012_val_00039107_rank073,989,989,0.98509,0
ILSVRC2012_val_00020730_with_ILSVRC2012_val_00043970_rank961,412,844,0.58489,538
ILSVRC2012_val_00020730_with_ILSVRC2012_val_00002989_rank203,240,240,0.96685,0
ILSVRC2012_val_00020730_with_ILSVRC2012_val_00012026_rank445,189,189,0.99503,0
ILSVRC2012_val_00020730_with_ILSVRC2012_val_00020698_rank812,701,701,0.99824,0
ILSVRC2012_val_00020730_with_ILSVRC2012_val_00012572_rank624,868,968,0.28377,9
ILSVRC2012_val_00020730_with_ILSVRC2012_val_00017914_rank857,588,650,0.34814,771
ILSVRC2012_val_00020730_with_ILSVRC2012_val_00020195_rank260,547,547,0.6366,0
ILSVRC2012_val_00020730_with_ILSVRC2012_val_00035882_rank679,534,534,0.98864,0
ILSVRC2012_val_00020730_with_ILSVRC2012_val_00001202_rank631,477,413,0.05698,128
ILSVRC2012_val_00020730_with_ILSVRC2012_val_00048024_rank041,145,145,0.99979,0
ILSVRC2012_val_00020730_with_ILSVRC2012_val_00014363_rank142,287,287,0.99959,0
ILSVRC2012_val_00020730_with_ILSVRC2012_val_00016940_rank427,564,674,0.22314,553
ILSVRC2012_val_00020730_with_ILSVRC2012_val_00007923_rank752,105,105,0.9201,0
ILSVRC2012_val_00020730_with_ILSVRC2012_val_00007311_rank253,895,895,0.13131,0
ILSVRC2012_val_00020730_with_ILSVRC2012_val_00009586_rank932,251,251,0.94723,0
ILSVRC2012_val_00020730_with_ILSVRC2012_val_00010811_rank346,77,312,0.19076,10
ILSVRC2012_val_00020730_with_ILSVRC2012_val_00034237_rank938,207,207,0.98083,0
ILSVRC2012_val_00020730_with_ILSVRC2012_val_00032790_rank975,514,994,0.23447,711
ILSVRC2012_val_00020730_with_ILSVRC2012_val_00041061_rank350,930,947,0.34473,141
ILSVRC2012_val_00020730_with_ILSVRC2012_val_00034666_rank533,47,47,0.92801,0
ILSVRC2012_val_00020730_with_ILSVRC2012_val_00009663_rank328,7,7,0.90242,0
ILSVRC2012_val_00020730_with_ILSVRC2012_val_00013299_rank083,36,35,0.95234,1
ILSVRC2012_val_00020730_with_ILSVRC2012_val_00015374_rank272,65,65,0.98896,0
ILSVRC2012_val_00020730_with_ILSVRC2012_val_00030805_rank982,710,710,0.99995,0
ILSVRC2012_val_00020730_with_ILSVRC2012_val_00049370_rank225,948,951,0.16201,1
ILSVRC2012_val_00020730_with_ILSVRC2012_val_00011272_rank991,641,641,0.99317,0
ILSVRC2012_val_00020730_with_ILSVRC2012_val_00042855_rank689,191,191,0.99836,0
ILSVRC2012_val_00020730_with_ILSVRC2012_val_00049111_rank370,375,947,0.20055,338
ILSVRC2012_val_00020730_with_ILSVRC2012_val_00016575_rank364,309,311,0.70542,22
ILSVRC2012_val_00020730_with_ILSVRC2012_val_00010822_rank655,697,677,0.09146,956
ILSVRC2012_val_00020730_with_ILSVRC2012_val_00013093_rank055,128,128,0.99817,0
ILSVRC2012_val_00020730_with_ILSVRC2012_val_00041124_rank478,831,831,0.84924,0
ILSVRC2012_val_00020730_with_ILSVRC2012_val_00002312_rank964,545,545,0.93753,0
ILSVRC2012_val_00020730_with_ILSVRC2012_val_00044670_rank572,723,723,0.98245,0
ILSVRC2012_val_00020730_with_ILSVRC2012_val_00008740_rank711,892,971,0.545,225
ILSVRC2012_val_00020730_with_ILSVRC2012_val_00007812_rank177,448,677,0.85983,35
ILSVRC2012_val_00020730_with_ILSVRC2012_val_00026338_rank055,128,128,0.99786,0
ILSVRC2012_val_00020730_with_ILSVRC2012_val_00039637_rank966,859,448,0.62538,213
ILSVRC2012_val_00020730_with_ILSVRC2012_val_00027542_rank554,770,770,0.19024,0
ILSVRC2012_val_00020730_with_ILSVRC2012_val_00041932_rank862,551,458,0.32071,218
ILSVRC2012_val_00020730_with_ILSVRC2012_val_00037418_rank332,323,323,0.99904,0
ILSVRC2012_val_00020730_with_ILSVRC2012_val_00032485_rank150,935,947,0.25367,46
ILSVRC2012_val_00020730_with_ILSVRC2012_val_00044271_rank989,633,633,0.73555,0
ILSVRC2012_val_00020730_with_ILSVRC2012_val_00001673_rank485,874,778,0.08712,826
ILSVRC2012_val_00020730_with_ILSVRC2012_val_00022416_rank431,919,919,0.45407,0
ILSVRC2012_val_00020730_with_ILSVRC2012_val_00004281_rank304,963,112,0.15078,113
ILSVRC2012_val_00020730_with_ILSVRC2012_val_00018262_rank461,194,194,0.91166,0
ILSVRC2012_val_00020730_with_ILSVRC2012_val_00030124_rank299,751,751,0.50447,0
ILSVRC2012_val_00020730_with_ILSVRC2012_val_00035381_rank384,193,186,0.34177,3
ILSVRC2012_val_00020730_with_ILSVRC2012_val_00012521_rank156,69,126,0.23588,2
ILSVRC2012_val_00020730_with_ILSVRC2012_val_00044526_rank594,722,722,0.96908,0
ILSVRC2012_val_00020730_with_ILSVRC2012_val_00031361_rank359,282,282,0.79304,0
ILSVRC2012_val_00020730_with_ILSVRC2012_val_00038085_rank215,37,35,0.52508,1
ILSVRC2012_val_00020730_with_ILSVRC2012_val_00046391_rank158,342,341,0.42021,1
ILSVRC2012_val_00020730_with_ILSVRC2012_val_00017100_rank039,326,326,0.96798,0
ILSVRC2012_val_00020730_with_ILSVRC2012_val_00039815_rank695,824,63,0.97932,438
ILSVRC2012_val_00020730_with_ILSVRC2012_val_00026950_rank336,408,408,0.99859,0
ILSVRC2012_val_00020730_with_ILSVRC2012_val_00041387_rank327,330,330,0.70139,0
ILSVRC2012_val_00020730_with_ILSVRC2012_val_00047052_rank075,130,130,0.95996,0
ILSVRC2012_val_00020730_with_ILSVRC2012_val_00019525_rank409,167,166,0.38912,1
ILSVRC2012_val_00020730_with_ILSVRC2012_val_00012291_rank494,153,153,0.96642,0
ILSVRC2012_val_00020730_with_ILSVRC2012_val_00014296_rank767,381,16,0.31612,38
ILSVRC2012_val_00020730_with_ILSVRC2012_val_00048753_rank646,603,603,0.90697,0
ILSVRC2012_val_00020730_with_ILSVRC2012_val_00045382_rank505,171,171,0.82646,0
ILSVRC2012_val_00020730_with_ILSVRC2012_val_00041742_rank177,448,448,0.99455,0
ILSVRC2012_val_00020730_with_ILSVRC2012_val_00038619_rank898,398,398,0.99673,0
ILSVRC2012_val_00020730_with_ILSVRC2012_val_00041396_rank658,818,898,0.11259,196
ILSVRC2012_val_00020730_with_ILSVRC2012_val_00004331_rank633,869,448,0.10202,561
ILSVRC2012_val_00020730_with_ILSVRC2012_val_00040542_rank998,447,447,0.99607,0
ILSVRC2012_val_00020730_with_ILSVRC2012_val_00012223_rank027,85,85,0.99636,0
ILSVRC2012_val_00020730_with_ILSVRC2012_val_00015899_rank046,100,100,0.99991,0
ILSVRC2012_val_00020730_with_ILSVRC2012_val_00020489_rank347,211,211,0.54733,0
ILSVRC2012_val_00020730_with_ILSVRC2012_val_00046104_rank324,829,829,0.99769,0
ILSVRC2012_val_00020730_with_ILSVRC2012_val_00007347_rank694,727,913,0.6727,124
ILSVRC2012_val_00020730_with_ILSVRC2012_val_00022600_rank324,829,704,0.19779,98
ILSVRC2012_val_00020730_with_ILSVRC2012_val_00042624_rank364,309,309,0.95737,0
ILSVRC2012_val_00020730_with_ILSVRC2012_val_00036708_rank244,298,126,0.4104,366
ILSVRC2012_val_00020730_with_ILSVRC2012_val_00021334_rank049,119,119,0.99308,0
ILSVRC2012_val_00020730_with_ILSVRC2012_val_00036283_rank357,922,922,0.51938,0
ILSVRC2012_val_00020730_with_ILSVRC2012_val_00041833_rank872,841,501,0.39442,3
ILSVRC2012_val_00020730_with_ILSVRC2012_val_00015893_rank055,128,128,0.99503,0
ILSVRC2012_val_00020730_with_ILSVRC2012_val_00015352_rank966,859,859,0.99531,0
ILSVRC2012_val_00020730_with_ILSVRC2012_val_00044284_rank461,194,175,0.4447,2
ILSVRC2012_val_00020730_with_ILSVRC2012_val_00017823_rank830,180,180,0.68224,0
ILSVRC2012_val_00020730_with_ILSVRC2012_val_00037044_rank545,115,115,0.9193,0
ILSVRC2012_val_00020730_with_ILSVRC2012_val_00037144_rank206,125,125,0.99856,0
ILSVRC2012_val_00020730_with_ILSVRC2012_val_00019623_rank898,398,398,0.99997,0
ILSVRC2012_val_00020730_with_ILSVRC2012_val_00049770_rank374,335,335,0.99777,0
ILSVRC2012_val_00020730_with_ILSVRC2012_val_00022124_rank026,357,357,0.34936,0
ILSVRC2012_val_00020730_with_ILSVRC2012_val_00026824_rank646,603,345,0.15202,7
ILSVRC2012_val_00020730_with_ILSVRC2012_val_00033955_rank457,520,520,0.77276,0
ILSVRC2012_val_00020730_with_ILSVRC2012_val_00022781_rank928,726,596,0.26926,26
ILSVRC2012_val_00020730_with_ILSVRC2012_val_00031993_rank929,451,59,0.21849,265
ILSVRC2012_val_00020730_with_ILSVRC2012_val_00036943_rank452,793,350,0.68543,567
ILSVRC2012_val_00020730_with_ILSVRC2012_val_00014641_rank820,776,776,0.99857,0
ILSVRC2012_val_00020730_with_ILSVRC2012_val_00022481_rank925,784,677,0.69047,5
ILSVRC2012_val_00020730_with_ILSVRC2012_val_00032105_rank413,475,475,0.98652,0
ILSVRC2012_val_00020730_with_ILSVRC2012_val_00006757_rank100,274,274,0.94735,0
ILSVRC2012_val_00020730_with_ILSVRC2012_val_00046001_rank247,718,494,0.99268,700
ILSVRC2012_val_00020730_with_ILSVRC2012_val_00015222_rank249,393,301,0.81729,42
ILSVRC2012_val_00020730_with_ILSVRC2012_val_00021900_rank477,879,17,0.4096,440
ILSVRC2012_val_00020730_with_ILSVRC2012_val_00047144_rank930,333,333,0.99689,0
ILSVRC2012_val_00020730_with_ILSVRC2012_val_00048488_rank152,210,210,0.99866,0
ILSVRC2012_val_00020730_with_ILSVRC2012_val_00004629_rank050,995,995,0.9995,0
ILSVRC2012_val_00020730_with_ILSVRC2012_val_00030621_rank429,795,59,0.0761,893
ILSVRC2012_val_00020730_with_ILSVRC2012_val_00023613_rank269,941,941,0.84261,0
ILSVRC2012_val_00020730_with_ILSVRC2012_val_00045990_rank715,920,844,0.32975,33
ILSVRC2012_val_00020730_with_ILSVRC2012_val_00009232_rank468,71,71,0.99549,0
ILSVRC2012_val_00020730_with_ILSVRC2012_val_00040360_rank251,900,900,0.99961,0
ILSVRC2012_val_00020730_with_ILSVRC2012_val_00009549_rank967,987,398,0.34726,52
ILSVRC2012_val_00020730_with_ILSVRC2012_val_00009997_rank971,866,621,0.6283,5
ILSVRC2012_val_00020730_with_ILSVRC2012_val_00018027_rank814,518,518,0.98051,0
ILSVRC2012_val_00020730_with_ILSVRC2012_val_00037587_rank906,623,677,0.40757,73
ILSVRC2012_val_00020730_with_ILSVRC2012_val_00035080_rank858,76,76,0.99626,0
ILSVRC2012_val_00020730_with_ILSVRC2012_val_00021255_rank146,317,317,0.99913,0
ILSVRC2012_val_00020730_with_ILSVRC2012_val_00018706_rank316,228,947,0.3041,789
ILSVRC2012_val_00020730_with_ILSVRC2012_val_00015740_rank477,879,947,0.77448,151
ILSVRC2012_val_00020730_with_ILSVRC2012_val_00010309_rank195,209,209,0.87161,0
ILSVRC2012_val_00020730_with_ILSVRC2012_val_00007251_rank475,334,947,0.11587,256
ILSVRC2012_val_00020730_with_ILSVRC2012_val_00020575_rank474,973,42,0.48271,191
ILSVRC2012_val_00020730_with_ILSVRC2012_val_00046247_rank168,239,239,0.59706,0
ILSVRC2012_val_00020730_with_ILSVRC2012_val_00014645_rank640,192,185,0.63756,7
ILSVRC2012_val_00020730_with_ILSVRC2012_val_00041267_rank128,290,288,0.61488,1
ILSVRC2012_val_00020730_with_ILSVRC2012_val_00015307_rank555,214,214,0.95461,0
ILSVRC2012_val_00020730_with_ILSVRC2012_val_00043081_rank054,129,129,0.96865,0
ILSVRC2012_val_00020730_with_ILSVRC2012_val_00004018_rank528,565,867,0.0628,4
ILSVRC2012_val_00020730_with_ILSVRC2012_val_00029851_rank989,633,768,0.12796,705
ILSVRC2012_val_00020730_with_ILSVRC2012_val_00027883_rank208,649,947,0.30916,72
ILSVRC2012_val_00020730_with_ILSVRC2012_val_00011208_rank676,983,596,0.11934,877
ILSVRC2012_val_00020730_with_ILSVRC2012_val_00035260_rank461,194,194,0.27242,0
ILSVRC2012_val_00020730_with_ILSVRC2012_val_00026493_rank853,544,544,0.9819,0
ILSVRC2012_val_00020730_with_ILSVRC2012_val_00029220_rank564,943,943,0.82286,0
ILSVRC2012_val_00020730_with_ILSVRC2012_val_00020565_rank967,987,998,0.8059,1
ILSVRC2012_val_00020730_with_ILSVRC2012_val_00028742_rank185,257,257,0.54786,0
ILSVRC2012_val_00020730_with_ILSVRC2012_val_00016881_rank370,375,375,0.99802,0
ILSVRC2012_val_00020730_with_ILSVRC2012_val_00015656_rank342,522,429,0.06126,5
ILSVRC2012_val_00020730_with_ILSVRC2012_val_00018727_rank456,554,437,0.15381,23
ILSVRC2012_val_00020730_with_ILSVRC2012_val_00017112_rank410,243,35,0.24676,95
ILSVRC2012_val_00020730_with_ILSVRC2012_val_00036601_rank530,111,315,0.07602,151
ILSVRC2012_val_00020730_with_ILSVRC2012_val_00042385_rank176,6,6,0.88757,0
ILSVRC2012_val_00020730_with_ILSVRC2012_val_00013157_rank311,685,704,0.97512,13
ILSVRC2012_val_00020730_with_ILSVRC2012_val_00023832_rank708,213,213,0.98815,0
ILSVRC2012_val_00020730_with_ILSVRC2012_val_00019505_rank440,666,666,0.96608,0
ILSVRC2012_val_00020730_with_ILSVRC2012_val_00034377_rank998,447,447,0.09218,0
ILSVRC2012_val_00020730_with_ILSVRC2012_val_00031394_rank707,673,478,0.11017,89
ILSVRC2012_val_00020730_with_ILSVRC2012_val_00045385_rank573,887,991,0.57236,376
ILSVRC2012_val_00020730_with_ILSVRC2012_val_00031121_rank977,259,376,0.34161,321
ILSVRC2012_val_00020730_with_ILSVRC2012_val_00037344_rank730,843,843,0.68606,0
ILSVRC2012_val_00020730_with_ILSVRC2012_val_00005346_rank997,515,515,0.99934,0
ILSVRC2012_val_00020730_with_ILSVRC2012_val_00000398_rank632,383,947,0.04644,327
ILSVRC2012_val_00020730_with_ILSVRC2012_val_00012449_rank429,795,42,0.12152,713
ILSVRC2012_val_00020730_with_ILSVRC2012_val_00010978_rank902,635,635,0.95458,0
ILSVRC2012_val_00020730_with_ILSVRC2012_val_00047760_rank373,661,612,0.57219,7
ILSVRC2012_val_00020730_with_ILSVRC2012_val_00019496_rank344,511,511,0.81838,0
ILSVRC2012_val_00020730_with_ILSVRC2012_val_00002585_rank094,972,677,0.54146,214
ILSVRC2012_val_00020730_with_ILSVRC2012_val_00025261_rank348,200,200,0.99477,0
ILSVRC2012_val_00020730_with_ILSVRC2012_val_00020151_rank626,915,947,0.19931,224
ILSVRC2012_val_00020730_with_ILSVRC2012_val_00017101_rank960,691,315,0.15492,592
ILSVRC2012_val_00020730_with_ILSVRC2012_val_00010925_rank114,319,320,0.12111,1
ILSVRC2012_val_00020730_with_ILSVRC2012_val_00025385_rank087,991,991,0.98584,0
ILSVRC2012_val_00020730_with_ILSVRC2012_val_00025607_rank458,602,494,0.51259,97
ILSVRC2012_val_00020730_with_ILSVRC2012_val_00026416_rank021,131,20,0.79987,19
ILSVRC2012_val_00020730_with_ILSVRC2012_val_00038733_rank465,936,936,0.98158,0
ILSVRC2012_val_00020730_with_ILSVRC2012_val_00049556_rank839,655,596,0.52769,431
ILSVRC2012_val_00020730_with_ILSVRC2012_val_00031053_rank346,77,119,0.65037,32
ILSVRC2012_val_00020730_with_ILSVRC2012_val_00036112_rank910,707,707,0.99975,0
ILSVRC2012_val_00020730_with_ILSVRC2012_val_00021533_rank905,891,703,0.10268,653
ILSVRC2012_val_00020730_with_ILSVRC2012_val_00002170_rank004,141,86,0.07516,15
ILSVRC2012_val_00020730_with_ILSVRC2012_val_00019558_rank654,999,999,0.99883,0
ILSVRC2012_val_00020730_with_ILSVRC2012_val_00008218_rank703,952,968,0.16729,112
ILSVRC2012_val_00020730_with_ILSVRC2012_val_00017496_rank610,897,897,0.9034,0
ILSVRC2012_val_00020730_with_ILSVRC2012_val_00023469_rank687,155,155,0.66206,0
ILSVRC2012_val_00020730_with_ILSVRC2012_val_00041375_rank030,82,82,0.98537,0
ILSVRC2012_val_00020730_with_ILSVRC2012_val_00033379_rank206,125,124,0.27523,5
ILSVRC2012_val_00020730_with_ILSVRC2012_val_00006126_rank497,928,321,0.62609,290
ILSVRC2012_val_00020730_with_ILSVRC2012_val_00019665_rank291,268,268,0.33757,0
ILSVRC2012_val_00020730_with_ILSVRC2012_val_00044424_rank271,364,373,0.60119,50
ILSVRC2012_val_00020730_with_ILSVRC2012_val_00005120_rank862,551,637,0.10459,690
ILSVRC2012_val_00020730_with_ILSVRC2012_val_00005267_rank689,191,202,0.82652,12
ILSVRC2012_val_00020730_with_ILSVRC2012_val_00008044_rank316,228,228,0.99952,0
ILSVRC2012_val_00020730_with_ILSVRC2012_val_00024433_rank228,403,403,0.98256,0
ILSVRC2012_val_00020730_with_ILSVRC2012_val_00034426_rank537,531,531,0.88651,0
ILSVRC2012_val_00020730_with_ILSVRC2012_val_00013596_rank182,52,52,0.18034,0
ILSVRC2012_val_00020730_with_ILSVRC2012_val_00038134_rank235,387,387,0.99509,0
ILSVRC2012_val_00020730_with_ILSVRC2012_val_00037997_rank717,281,285,0.73072,2
ILSVRC2012_val_00020730_with_ILSVRC2012_val_00038033_rank198,395,42,0.57734,116
ILSVRC2012_val_00020730_with_ILSVRC2012_val_00048732_rank035,14,14,0.99979,0
ILSVRC2012_val_00020730_with_ILSVRC2012_val_00034544_rank812,701,947,0.58347,213
ILSVRC2012_val_00020730_with_ILSVRC2012_val_00011889_rank218,313,313,0.99988,0
ILSVRC2012_val_00020730_with_ILSVRC2012_val_00018012_rank626,915,43,0.52405,943
ILSVRC2012_val_00020730_with_ILSVRC2012_val_00008677_rank124,825,677,0.31122,119
ILSVRC2012_val_00020730_with_ILSVRC2012_val_00007190_rank410,243,243,0.99745,0
ILSVRC2012_val_00020730_with_ILSVRC2012_val_00003623_rank880,234,208,0.41104,7
ILSVRC2012_val_00020730_with_ILSVRC2012_val_00045666_rank556,880,880,0.99982,0
ILSVRC2012_val_00020730_with_ILSVRC2012_val_00017659_rank703,952,952,0.89295,0
ILSVRC2012_val_00020730_with_ILSVRC2012_val_00027273_rank697,849,505,0.37759,1
ILSVRC2012_val_00020730_with_ILSVRC2012_val_00025001_rank401,227,227,0.5072,0
ILSVRC2012_val_00020730_with_ILSVRC2012_val_00044219_rank576,556,458,0.29124,38
ILSVRC2012_val_00020730_with_ILSVRC2012_val_00002350_rank232,924,924,0.99919,0
ILSVRC2012_val_00020730_with_ILSVRC2012_val_00044667_rank947,872,872,0.95479,0
ILSVRC2012_val_00020730_with_ILSVRC2012_val_00016886_rank472,172,172,0.83178,0
ILSVRC2012_val_00020730_with_ILSVRC2012_val_00022382_rank243,927,927,0.99858,0
ILSVRC2012_val_00020730_with_ILSVRC2012_val_00031233_rank217,803,751,0.31392,34
ILSVRC2012_val_00020730_with_ILSVRC2012_val_00007390_rank020,94,94,0.99345,0
ILSVRC2012_val_00020730_with_ILSVRC2012_val_00011989_rank723,235,225,0.57843,1
ILSVRC2012_val_00020730_with_ILSVRC2012_val_00014832_rank353,821,596,0.08298,577
ILSVRC2012_val_00020730_with_ILSVRC2012_val_00026002_rank417,855,363,0.11524,104
ILSVRC2012_val_00020730_with_ILSVRC2012_val_00028980_rank204,950,599,0.65478,29
ILSVRC2012_val_00020730_with_ILSVRC2012_val_00049172_rank745,526,664,0.35591,4
ILSVRC2012_val_00020730_with_ILSVRC2012_val_00002467_rank197,89,89,0.99974,0
ILSVRC2012_val_00020730_with_ILSVRC2012_val_00034453_rank362,913,913,0.92182,0
ILSVRC2012_val_00020730_with_ILSVRC2012_val_00019080_rank543,238,238,0.55798,0
ILSVRC2012_val_00020730_with_ILSVRC2012_val_00024043_rank865,168,159,0.88084,1
ILSVRC2012_val_00020730_with_ILSVRC2012_val_00034723_rank457,520,596,0.18302,883
ILSVRC2012_val_00020730_with_ILSVRC2012_val_00045704_rank564,943,943,0.82391,0
ILSVRC2012_val_00020730_with_ILSVRC2012_val_00000989_rank994,998,946,0.23775,27
ILSVRC2012_val_00020730_with_ILSVRC2012_val_00031701_rank695,824,474,0.7071,2
ILSVRC2012_val_00020730_with_ILSVRC2012_val_00032668_rank954,160,299,0.72442,404
ILSVRC2012_val_00020730_with_ILSVRC2012_val_00045082_rank127,693,835,0.53322,271
ILSVRC2012_val_00020730_with_ILSVRC2012_val_00033134_rank065,50,36,0.2491,8
ILSVRC2012_val_00020730_with_ILSVRC2012_val_00042225_rank292,68,68,0.42534,0
ILSVRC2012_val_00020730_with_ILSVRC2012_val_00009158_rank318,288,288,0.99665,0
ILSVRC2012_val_00020730_with_ILSVRC2012_val_00022976_rank740,658,235,0.90197,477
ILSVRC2012_val_00020730_with_ILSVRC2012_val_00006385_rank674,351,351,0.99221,0
ILSVRC2012_val_00020730_with_ILSVRC2012_val_00006432_rank571,721,721,0.76247,0
ILSVRC2012_val_00020730_with_ILSVRC2012_val_00012441_rank074,27,27,0.99205,0
ILSVRC2012_val_00020730_with_ILSVRC2012_val_00030843_rank021,131,17,0.35864,8
ILSVRC2012_val_00020730_with_ILSVRC2012_val_00018010_rank912,606,606,0.84739,0
ILSVRC2012_val_00020730_with_ILSVRC2012_val_00039821_rank665,482,754,0.10915,4
ILSVRC2012_val_00020730_with_ILSVRC2012_val_00004991_rank314,985,716,0.92359,18
ILSVRC2012_val_00020730_with_ILSVRC2012_val_00044045_rank523,400,488,0.09136,532
ILSVRC2012_val_00020730_with_ILSVRC2012_val_00029350_rank220,853,947,0.96222,260
ILSVRC2012_val_00020730_with_ILSVRC2012_val_00032579_rank255,390,42,0.13099,550
ILSVRC2012_val_00020730_with_ILSVRC2012_val_00001509_rank053,356,356,0.61812,0
ILSVRC2012_val_00020730_with_ILSVRC2012_val_00047415_rank933,470,716,0.2982,276
ILSVRC2012_val_00020730_with_ILSVRC2012_val_00036211_rank814,518,326,0.07191,983
ILSVRC2012_val_00020730_with_ILSVRC2012_val_00036987_rank926,790,90,0.13943,625
ILSVRC2012_val_00020730_with_ILSVRC2012_val_00043199_rank509,182,182,0.99761,0
ILSVRC2012_val_00020730_with_ILSVRC2012_val_00016904_rank360,572,966,0.70276,2
ILSVRC2012_val_00020730_with_ILSVRC2012_val_00034846_rank991,641,641,0.20123,0
ILSVRC2012_val_00020730_with_ILSVRC2012_val_00014305_rank356,441,441,0.67191,0
ILSVRC2012_val_00020730_with_ILSVRC2012_val_00047332_rank450,757,757,0.99978,0
ILSVRC2012_val_00020730_with_ILSVRC2012_val_00008884_rank727,461,524,0.4147,1
ILSVRC2012_val_00020730_with_ILSVRC2012_val_00007602_rank198,395,395,0.26175,0
ILSVRC2012_val_00020730_with_ILSVRC2012_val_00036215_rank719,450,491,0.22457,105
ILSVRC2012_val_00020730_with_ILSVRC2012_val_00039188_rank996,151,227,0.25818,13
ILSVRC2012_val_00020730_with_ILSVRC2012_val_00023041_rank165,331,331,0.99943,0
ILSVRC2012_val_00020730_with_ILSVRC2012_val_00040476_rank345,925,809,0.8196,1
ILSVRC2012_val_00020730_with_ILSVRC2012_val_00007953_rank896,806,806,0.75934,0
ILSVRC2012_val_00020730_with_ILSVRC2012_val_00036135_rank616,590,590,0.16013,0
ILSVRC2012_val_00020730_with_ILSVRC2012_val_00024737_rank089,305,307,0.22536,5
ILSVRC2012_val_00020730_with_ILSVRC2012_val_00027847_rank984,823,617,0.32789,1
ILSVRC2012_val_00020730_with_ILSVRC2012_val_00019964_rank141,138,138,0.99001,0
ILSVRC2012_val_00020730_with_ILSVRC2012_val_00045438_rank093,308,308,0.99867,0
ILSVRC2012_val_00020730_with_ILSVRC2012_val_00045810_rank243,927,927,0.99182,0
ILSVRC2012_val_00020730_with_ILSVRC2012_val_00010548_rank424,425,425,0.53012,0
ILSVRC2012_val_00020730_with_ILSVRC2012_val_00015913_rank051,24,24,0.4293,0
ILSVRC2012_val_00020730_with_ILSVRC2012_val_00039968_rank930,333,333,0.12271,0
ILSVRC2012_val_00020730_with_ILSVRC2012_val_00045530_rank125,988,988,0.9994,0
ILSVRC2012_val_00020730_with_ILSVRC2012_val_00011826_rank300,909,849,0.80491,27
ILSVRC2012_val_00020730_with_ILSVRC2012_val_00041010_rank650,944,944,0.99239,0
ILSVRC2012_val_00020730_with_ILSVRC2012_val_00027867_rank204,950,879,0.77539,277
ILSVRC2012_val_00020730_with_ILSVRC2012_val_00041097_rank117,116,116,0.99933,0
ILSVRC2012_val_00020730_with_ILSVRC2012_val_00042245_rank176,6,5,0.24894,1
ILSVRC2012_val_00020730_with_ILSVRC2012_val_00036884_rank686,510,510,0.99921,0
ILSVRC2012_val_00020730_with_ILSVRC2012_val_00038457_rank819,186,186,0.97954,0
ILSVRC2012_val_00020730_with_ILSVRC2012_val_00047645_rank828,695,695,0.9959,0
ILSVRC2012_val_00020730_with_ILSVRC2012_val_00004879_rank253,895,764,0.44635,49
ILSVRC2012_val_00020730_with_ILSVRC2012_val_00001640_rank320,353,352,0.5461,1
ILSVRC2012_val_00020730_with_ILSVRC2012_val_00005884_rank255,390,390,0.99192,0
ILSVRC2012_val_00020730_with_ILSVRC2012_val_00026452_rank530,111,319,0.4385,34
ILSVRC2012_val_00020730_with_ILSVRC2012_val_00002290_rank973,570,728,0.34377,50
ILSVRC2012_val_00020730_with_ILSVRC2012_val_00032780_rank076,144,144,0.99853,0
ILSVRC2012_val_00020730_with_ILSVRC2012_val_00026757_rank767,381,381,0.64369,0
ILSVRC2012_val_00020730_with_ILSVRC2012_val_00000755_rank050,995,995,0.95621,0
ILSVRC2012_val_00020730_with_ILSVRC2012_val_00001326_rank163,472,313,0.49695,243
ILSVRC2012_val_00020730_with_ILSVRC2012_val_00030264_rank659,682,437,0.30539,9
ILSVRC2012_val_00020730_with_ILSVRC2012_val_00030083_rank288,166,242,0.65905,20
ILSVRC2012_val_00020730_with_ILSVRC2012_val_00041881_rank072,127,127,0.98165,0
ILSVRC2012_val_00020730_with_ILSVRC2012_val_00005986_rank974,546,546,0.56937,0
ILSVRC2012_val_00020730_with_ILSVRC2012_val_00022648_rank476,923,968,0.12978,34
ILSVRC2012_val_00020730_with_ILSVRC2012_val_00048286_rank045,25,25,0.61415,0
ILSVRC2012_val_00020730_with_ILSVRC2012_val_00000264_rank335,694,694,0.99996,0
ILSVRC2012_val_00020730_with_ILSVRC2012_val_00001134_rank627,720,720,0.98904,0
ILSVRC2012_val_00020730_with_ILSVRC2012_val_00022271_rank686,510,510,0.9761,0
ILSVRC2012_val_00020730_with_ILSVRC2012_val_00022750_rank621,862,143,0.15953,767
ILSVRC2012_val_00020730_with_ILSVRC2012_val_00005189_rank137,181,181,0.99992,0
ILSVRC2012_val_00020730_with_ILSVRC2012_val_00011769_rank456,554,554,0.30923,0
ILSVRC2012_val_00020730_with_ILSVRC2012_val_00019670_rank554,770,616,0.23121,21
ILSVRC2012_val_00020730_with_ILSVRC2012_val_00026143_rank187,912,703,0.54826,5
ILSVRC2012_val_00020730_with_ILSVRC2012_val_00033563_rank707,673,664,0.29028,11
ILSVRC2012_val_00020730_with_ILSVRC2012_val_00049301_rank117,116,116,0.98426,0
ILSVRC2012_val_00020730_with_ILSVRC2012_val_00020963_rank770,158,158,0.96714,0
ILSVRC2012_val_00020730_with_ILSVRC2012_val_00048764_rank321,389,26,0.26753,11
ILSVRC2012_val_00020730_with_ILSVRC2012_val_00022314_rank295,388,388,0.53194,0
ILSVRC2012_val_00020730_with_ILSVRC2012_val_00026107_rank590,462,113,0.24967,441
ILSVRC2012_val_00020730_with_ILSVRC2012_val_00038522_rank141,138,138,0.9988,0
ILSVRC2012_val_00020730_with_ILSVRC2012_val_00036405_rank379,303,303,0.18275,0
ILSVRC2012_val_00020730_with_ILSVRC2012_val_00041530_rank993,778,531,0.27657,78
ILSVRC2012_val_00020730_with_ILSVRC2012_val_00029590_rank481,299,299,0.93366,0
ILSVRC2012_val_00020730_with_ILSVRC2012_val_00004248_rank557,197,197,0.86463,0
ILSVRC2012_val_00020730_with_ILSVRC2012_val_00030655_rank736,775,947,0.09536,683
ILSVRC2012_val_00020730_with_ILSVRC2012_val_00037205_rank532,809,947,0.14693,46
ILSVRC2012_val_00020730_with_ILSVRC2012_val_00011861_rank242,79,79,0.78265,0
ILSVRC2012_val_00020730_with_ILSVRC2012_val_00035406_rank187,912,912,0.71591,0
ILSVRC2012_val_00020730_with_ILSVRC2012_val_00022830_rank455,852,96,0.15829,185
ILSVRC2012_val_00020730_with_ILSVRC2012_val_00004325_rank608,237,236,0.54218,1
ILSVRC2012_val_00020730_with_ILSVRC2012_val_00036002_rank607,164,164,0.99678,0
ILSVRC2012_val_00020730_with_ILSVRC2012_val_00019393_rank625,749,84,0.85377,49
ILSVRC2012_val_00020730_with_ILSVRC2012_val_00023585_rank426,689,452,0.25378,19
ILSVRC2012_val_00020730_with_ILSVRC2012_val_00047519_rank366,781,781,0.2304,0
ILSVRC2012_val_00020730_with_ILSVRC2012_val_00008986_rank462,283,283,0.99213,0
ILSVRC2012_val_00020730_with_ILSVRC2012_val_00008730_rank174,397,397,0.99911,0
ILSVRC2012_val_00020730_with_ILSVRC2012_val_00029711_rank849,883,494,0.31023,183
ILSVRC2012_val_00020730_with_ILSVRC2012_val_00030683_rank619,622,622,0.99958,0
ILSVRC2012_val_00020730_with_ILSVRC2012_val_00042221_rank650,944,944,0.96201,0
ILSVRC2012_val_00020730_with_ILSVRC2012_val_00029729_rank922,593,593,0.51862,0
ILSVRC2012_val_00020730_with_ILSVRC2012_val_00026662_rank986,354,325,0.09137,631
ILSVRC2012_val_00020730_with_ILSVRC2012_val_00035315_rank954,160,160,0.18073,0
ILSVRC2012_val_00020730_with_ILSVRC2012_val_00043632_rank712,284,284,0.93793,0
ILSVRC2012_val_00020730_with_ILSVRC2012_val_00044922_rank119,57,59,0.60589,13
ILSVRC2012_val_00020730_with_ILSVRC2012_val_00044639_rank214,205,208,0.46523,5
ILSVRC2012_val_00020730_with_ILSVRC2012_val_00008620_rank404,724,724,0.42479,0
ILSVRC2012_val_00020730_with_ILSVRC2012_val_00030581_rank903,827,827,0.97605,0
ILSVRC2012_val_00020730_with_ILSVRC2012_val_00011608_rank658,818,971,0.95889,46
ILSVRC2012_val_00020730_with_ILSVRC2012_val_00037811_rank410,243,243,0.88087,0
ILSVRC2012_val_00020730_with_ILSVRC2012_val_00039613_rank741,600,59,0.38056,330
ILSVRC2012_val_00020730_with_ILSVRC2012_val_00018287_rank735,411,89,0.54102,310
ILSVRC2012_val_00020730_with_ILSVRC2012_val_00011664_rank032,30,30,0.9955,0
ILSVRC2012_val_00020730_with_ILSVRC2012_val_00040883_rank538,713,713,0.6293,0
ILSVRC2012_val_00020730_with_ILSVRC2012_val_00023464_rank293,72,72,0.71341,0
ILSVRC2012_val_00020730_with_ILSVRC2012_val_00009637_rank072,127,128,0.36495,1
ILSVRC2012_val_00020730_with_ILSVRC2012_val_00028019_rank343,404,404,0.79253,0
ILSVRC2012_val_00020730_with_ILSVRC2012_val_00040025_rank046,100,100,0.85175,0
ILSVRC2012_val_00020730_with_ILSVRC2012_val_00001838_rank433,761,761,0.4282,0
ILSVRC2012_val_00020730_with_ILSVRC2012_val_00006982_rank594,722,991,0.06266,681
ILSVRC2012_val_00020730_with_ILSVRC2012_val_00046017_rank346,77,77,0.9856,0
ILSVRC2012_val_00020730_with_ILSVRC2012_val_00016613_rank344,511,511,0.25735,0
ILSVRC2012_val_00020730_with_ILSVRC2012_val_00044605_rank787,163,163,0.99793,0
ILSVRC2012_val_00020730_with_ILSVRC2012_val_00046297_rank717,281,282,0.52277,1
ILSVRC2012_val_00020730_with_ILSVRC2012_val_00006966_rank310,301,301,0.99104,0
ILSVRC2012_val_00020730_with_ILSVRC2012_val_00045103_rank393,385,101,0.50005,1
ILSVRC2012_val_00020730_with_ILSVRC2012_val_00025240_rank904,681,605,0.46874,10
ILSVRC2012_val_00020730_with_ILSVRC2012_val_00045932_rank540,557,350,0.12034,586
ILSVRC2012_val_00020730_with_ILSVRC2012_val_00030765_rank577,734,609,0.40376,7
ILSVRC2012_val_00020730_with_ILSVRC2012_val_00049151_rank036,132,132,0.99542,0
ILSVRC2012_val_00020730_with_ILSVRC2012_val_00049856_rank914,676,174,0.8517,64
ILSVRC2012_val_00020730_with_ILSVRC2012_val_00037278_rank926,790,968,0.33255,730
ILSVRC2012_val_00020730_with_ILSVRC2012_val_00024155_rank296,949,949,0.99349,0
ILSVRC2012_val_00020730_with_ILSVRC2012_val_00043935_rank548,340,340,0.99957,0
ILSVRC2012_val_00020730_with_ILSVRC2012_val_00018192_rank054,129,129,0.99994,0
ILSVRC2012_val_00020730_with_ILSVRC2012_val_00039964_rank030,82,82,0.98786,0
ILSVRC2012_val_00020730_with_ILSVRC2012_val_00008107_rank917,652,652,0.46147,0
ILSVRC2012_val_00020730_with_ILSVRC2012_val_00014647_rank853,544,113,0.3454,967
ILSVRC2012_val_00020730_with_ILSVRC2012_val_00032715_rank597,705,637,0.1778,187
ILSVRC2012_val_00020730_with_ILSVRC2012_val_00047098_rank418,668,538,0.2746,1
ILSVRC2012_val_00020730_with_ILSVRC2012_val_00023960_rank058,279,279,0.96018,0
ILSVRC2012_val_00020730_with_ILSVRC2012_val_00007419_rank454,271,271,0.67121,0
ILSVRC2012_val_00020730_with_ILSVRC2012_val_00019424_rank098,147,947,0.17488,625
ILSVRC2012_val_00020730_with_ILSVRC2012_val_00015615_rank571,721,721,0.99727,0
ILSVRC2012_val_00020730_with_ILSVRC2012_val_00040144_rank821,728,728,0.99683,0
ILSVRC2012_val_00020730_with_ILSVRC2012_val_00009081_rank047,337,336,0.69095,4
ILSVRC2012_val_00020730_with_ILSVRC2012_val_00009309_rank948,567,618,0.07594,14
ILSVRC2012_val_00020730_with_ILSVRC2012_val_00034131_rank724,667,448,0.86893,38
ILSVRC2012_val_00020730_with_ILSVRC2012_val_00010171_rank383,39,39,0.93401,0
ILSVRC2012_val_00020730_with_ILSVRC2012_val_00020547_rank269,941,947,0.22376,106
ILSVRC2012_val_00020730_with_ILSVRC2012_val_00048269_rank508,107,947,0.18822,44
ILSVRC2012_val_00020730_with_ILSVRC2012_val_00041759_rank531,258,258,0.70658,0
ILSVRC2012_val_00020730_with_ILSVRC2012_val_00006362_rank808,539,879,0.52416,71
ILSVRC2012_val_00020730_with_ILSVRC2012_val_00042830_rank117,116,116,0.99671,0
ILSVRC2012_val_00020730_with_ILSVRC2012_val_00007459_rank423,750,995,0.19319,828
ILSVRC2012_val_00020730_with_ILSVRC2012_val_00037855_rank865,168,163,0.94633,4
ILSVRC2012_val_00020730_with_ILSVRC2012_val_00021015_rank024,22,21,0.43283,1
ILSVRC2012_val_00020730_with_ILSVRC2012_val_00030845_rank019,18,18,0.94486,0
ILSVRC2012_val_00020730_with_ILSVRC2012_val_00029766_rank610,897,897,0.44616,0
ILSVRC2012_val_00020730_with_ILSVRC2012_val_00033775_rank442,201,189,0.52761,19
ILSVRC2012_val_00020730_with_ILSVRC2012_val_00032559_rank842,898,113,0.81785,568
ILSVRC2012_val_00020730_with_ILSVRC2012_val_00023586_rank690,792,113,0.27088,867
ILSVRC2012_val_00020730_with_ILSVRC2012_val_00024935_rank790,203,203,0.97069,0
ILSVRC2012_val_00020730_with_ILSVRC2012_val_00039136_rank684,688,688,0.59115,0
ILSVRC2012_val_00020730_with_ILSVRC2012_val_00002685_rank780,910,641,0.34413,11
ILSVRC2012_val_00020730_with_ILSVRC2012_val_00045483_rank208,649,596,0.92541,274
ILSVRC2012_val_00020730_with_ILSVRC2012_val_00010282_rank300,909,469,0.51063,3
ILSVRC2012_val_00020730_with_ILSVRC2012_val_00003665_rank019,18,18,0.99377,0
ILSVRC2012_val_00020730_with_ILSVRC2012_val_00004747_rank028,12,12,0.9703,0
ILSVRC2012_val_00020730_with_ILSVRC2012_val_00007294_rank038,133,133,0.99154,0
ILSVRC2012_val_00020730_with_ILSVRC2012_val_00024153_rank707,673,815,0.06077,982
ILSVRC2012_val_00020730_with_ILSVRC2012_val_00008143_rank947,872,763,0.22762,18
ILSVRC2012_val_00020730_with_ILSVRC2012_val_00048664_rank076,144,144,0.99971,0
ILSVRC2012_val_00020730_with_ILSVRC2012_val_00021865_rank871,813,596,0.24801,14
ILSVRC2012_val_00020730_with_ILSVRC2012_val_00007184_rank090,148,148,0.89656,0
ILSVRC2012_val_00020730_with_ILSVRC2012_val_00034465_rank932,251,251,0.99747,0
ILSVRC2012_val_00020730_with_ILSVRC2012_val_00018999_rank194,483,14,0.15682,462
ILSVRC2012_val_00020730_with_ILSVRC2012_val_00033366_rank550,881,494,0.10358,87
ILSVRC2012_val_00020730_with_ILSVRC2012_val_00031593_rank126,993,993,0.9999,0
ILSVRC2012_val_00020730_with_ILSVRC2012_val_00038343_rank329,938,938,0.99987,0
ILSVRC2012_val_00020730_with_ILSVRC2012_val_00044150_rank672,800,800,0.99686,0
ILSVRC2012_val_00020730_with_ILSVRC2012_val_00044228_rank148,318,318,0.70482,0
ILSVRC2012_val_00020730_with_ILSVRC2012_val_00021749_rank713,605,605,0.99652,0
ILSVRC2012_val_00020730_with_ILSVRC2012_val_00042931_rank625,749,749,0.99853,0
ILSVRC2012_val_00020730_with_ILSVRC2012_val_00023602_rank749,93,93,0.94408,0
ILSVRC2012_val_00020730_with_ILSVRC2012_val_00019316_rank801,846,494,0.84921,64
ILSVRC2012_val_00020730_with_ILSVRC2012_val_00038076_rank810,643,643,0.98348,0
ILSVRC2012_val_00020730_with_ILSVRC2012_val_00049538_rank906,623,835,0.37745,223
ILSVRC2012_val_00020730_with_ILSVRC2012_val_00045604_rank268,328,81,0.40287,326
ILSVRC2012_val_00020730_with_ILSVRC2012_val_00040334_rank030,82,82,0.47734,0
ILSVRC2012_val_00020730_with_ILSVRC2012_val_00003024_rank798,608,596,0.90405,359
ILSVRC2012_val_00020730_with_ILSVRC2012_val_00019696_rank662,355,350,0.51279,10
ILSVRC2012_val_00020730_with_ILSVRC2012_val_00030258_rank082,114,114,0.99462,0
ILSVRC2012_val_00020730_with_ILSVRC2012_val_00002206_rank916,854,637,0.1283,410
ILSVRC2012_val_00020730_with_ILSVRC2012_val_00015200_rank562,656,452,0.28975,936
ILSVRC2012_val_00020730_with_ILSVRC2012_val_00006694_rank199,29,29,0.98424,0
ILSVRC2012_val_00020730_with_ILSVRC2012_val_00001903_rank733,754,754,0.24517,0
ILSVRC2012_val_00020730_with_ILSVRC2012_val_00032400_rank201,173,172,0.3453,2
ILSVRC2012_val_00020730_with_ILSVRC2012_val_00001226_rank930,333,333,0.53556,0
ILSVRC2012_val_00020730_with_ILSVRC2012_val_00008438_rank970,439,947,0.06633,889
ILSVRC2012_val_00020730_with_ILSVRC2012_val_00012071_rank911,747,747,0.99963,0
ILSVRC2012_val_00020730_with_ILSVRC2012_val_00014017_rank122,951,951,0.93343,0
ILSVRC2012_val_00020730_with_ILSVRC2012_val_00043596_rank269,941,941,0.25596,0
ILSVRC2012_val_00020730_with_ILSVRC2012_val_00031324_rank426,689,43,0.8055,51
ILSVRC2012_val_00020730_with_ILSVRC2012_val_00030270_rank130,270,279,0.20687,2
ILSVRC2012_val_00020730_with_ILSVRC2012_val_00047808_rank449,244,244,0.99925,0
ILSVRC2012_val_00020730_with_ILSVRC2012_val_00038271_rank368,768,335,0.15955,983
ILSVRC2012_val_00020730_with_ILSVRC2012_val_00000564_rank765,499,716,0.68493,272
ILSVRC2012_val_00020730_with_ILSVRC2012_val_00047896_rank848,245,245,0.96864,0
ILSVRC2012_val_00020730_with_ILSVRC2012_val_00023269_rank404,724,781,0.42691,64
ILSVRC2012_val_00020730_with_ILSVRC2012_val_00014726_rank730,843,600,0.1744,42
ILSVRC2012_val_00020730_with_ILSVRC2012_val_00003188_rank616,590,605,0.71298,12
ILSVRC2012_val_00020730_with_ILSVRC2012_val_00019895_rank173,113,113,0.99684,0
ILSVRC2012_val_00020730_with_ILSVRC2012_val_00015753_rank466,43,42,0.56055,1
ILSVRC2012_val_00020730_with_ILSVRC2012_val_00049166_rank333,2,327,0.05676,42
ILSVRC2012_val_00020730_with_ILSVRC2012_val_00045362_rank065,50,677,0.53581,980
ILSVRC2012_val_00020730_with_ILSVRC2012_val_00035920_rank798,608,59,0.44061,589
ILSVRC2012_val_00020730_with_ILSVRC2012_val_00048678_rank260,547,547,0.22466,0
ILSVRC2012_val_00020730_with_ILSVRC2012_val_00007305_rank969,457,321,0.82745,581
ILSVRC2012_val_00020730_with_ILSVRC2012_val_00046702_rank244,298,298,0.99335,0
ILSVRC2012_val_00020730_with_ILSVRC2012_val_00018827_rank259,216,216,0.99955,0
ILSVRC2012_val_00020730_with_ILSVRC2012_val_00037708_rank780,910,910,0.31232,0
ILSVRC2012_val_00020730_with_ILSVRC2012_val_00032581_rank445,189,189,0.21586,0
ILSVRC2012_val_00020730_with_ILSVRC2012_val_00021345_rank270,84,42,0.5032,24
ILSVRC2012_val_00020730_with_ILSVRC2012_val_00002942_rank647,870,870,1.0,0
ILSVRC2012_val_00020730_with_ILSVRC2012_val_00032474_rank140,992,947,0.65773,1
ILSVRC2012_val_00020730_with_ILSVRC2012_val_00049201_rank114,319,319,0.92793,0
ILSVRC2012_val_00020730_with_ILSVRC2012_val_00030969_rank838,293,293,0.99788,0
ILSVRC2012_val_00020730_with_ILSVRC2012_val_00029297_rank017,86,86,0.89884,0
ILSVRC2012_val_00020730_with_ILSVRC2012_val_00005250_rank392,627,627,0.28702,0
ILSVRC2012_val_00020730_with_ILSVRC2012_val_00026607_rank219,437,437,0.99497,0
ILSVRC2012_val_00020730_with_ILSVRC2012_val_00020306_rank338,733,677,0.31457,43
ILSVRC2012_val_00020730_with_ILSVRC2012_val_00028840_rank969,457,457,0.08458,0
ILSVRC2012_val_00020730_with_ILSVRC2012_val_00027629_rank696,170,373,0.22547,111
ILSVRC2012_val_00020730_with_ILSVRC2012_val_00016777_rank536,314,42,0.79794,77
ILSVRC2012_val_00020730_with_ILSVRC2012_val_00026725_rank179,377,377,0.98672,0
ILSVRC2012_val_00020730_with_ILSVRC2012_val_00035344_rank558,690,856,0.3167,7
ILSVRC2012_val_00020730_with_ILSVRC2012_val_00037385_rank713,605,605,0.96173,0
ILSVRC2012_val_00020730_with_ILSVRC2012_val_00011749_rank285,152,152,0.99731,0
ILSVRC2012_val_00020730_with_ILSVRC2012_val_00011143_rank332,323,323,0.9996,0
ILSVRC2012_val_00020730_with_ILSVRC2012_val_00042022_rank640,192,380,0.13632,615
ILSVRC2012_val_00020730_with_ILSVRC2012_val_00010321_rank642,553,553,0.96185,0
ILSVRC2012_val_00020730_with_ILSVRC2012_val_00017793_rank942,830,319,0.08606,755
ILSVRC2012_val_00020730_with_ILSVRC2012_val_00047081_rank721,431,88,0.95133,658
ILSVRC2012_val_00020730_with_ILSVRC2012_val_00044510_rank929,451,451,0.45273,0
ILSVRC2012_val_00020730_with_ILSVRC2012_val_00044837_rank914,676,676,0.99985,0
ILSVRC2012_val_00020730_with_ILSVRC2012_val_00022899_rank353,821,919,0.26016,69
ILSVRC2012_val_00020730_with_ILSVRC2012_val_00006474_rank394,445,459,0.63932,3
ILSVRC2012_val_00020730_with_ILSVRC2012_val_00014795_rank551,826,826,0.9488,0
ILSVRC2012_val_00020730_with_ILSVRC2012_val_00000511_rank288,166,166,0.94506,0
ILSVRC2012_val_00020730_with_ILSVRC2012_val_00042414_rank472,172,172,0.81593,0
ILSVRC2012_val_00020730_with_ILSVRC2012_val_00036935_rank856,796,17,0.05886,588
ILSVRC2012_val_00020730_with_ILSVRC2012_val_00025890_rank999,491,845,0.39586,244
ILSVRC2012_val_00020730_with_ILSVRC2012_val_00025949_rank396,252,367,0.2373,74
ILSVRC2012_val_00020730_with_ILSVRC2012_val_00000233_rank066,289,289,0.99373,0
ILSVRC2012_val_00020730_with_ILSVRC2012_val_00042370_rank028,12,12,0.99907,0
ILSVRC2012_val_00020730_with_ILSVRC2012_val_00012788_rank836,112,112,0.84452,0
ILSVRC2012_val_00020730_with_ILSVRC2012_val_00024275_rank152,210,210,0.81106,0
ILSVRC2012_val_00020730_with_ILSVRC2012_val_00000547_rank042,99,99,0.9991,0
ILSVRC2012_val_00020730_with_ILSVRC2012_val_00042586_rank007,98,143,0.31944,4
ILSVRC2012_val_00020730_with_ILSVRC2012_val_00034954_rank411,304,302,0.69109,3
ILSVRC2012_val_00020730_with_ILSVRC2012_val_00025170_rank771,176,176,0.2508,0
ILSVRC2012_val_00020730_with_ILSVRC2012_val_00033779_rank657,955,947,0.74949,67
ILSVRC2012_val_00020730_with_ILSVRC2012_val_00040023_rank667,662,742,0.09127,8
ILSVRC2012_val_00020730_with_ILSVRC2012_val_00045065_rank061,53,59,0.8173,10
ILSVRC2012_val_00020730_with_ILSVRC2012_val_00022780_rank165,331,331,0.99963,0
ILSVRC2012_val_00020730_with_ILSVRC2012_val_00028215_rank522,484,81,0.06152,341
ILSVRC2012_val_00020730_with_ILSVRC2012_val_00000218_rank346,77,77,0.97175,0
ILSVRC2012_val_00020730_with_ILSVRC2012_val_00036549_rank914,676,676,0.56399,0
ILSVRC2012_val_00020730_with_ILSVRC2012_val_00001063_rank522,484,484,0.47016,0
ILSVRC2012_val_00020730_with_ILSVRC2012_val_00014903_rank048,91,91,0.99891,0
ILSVRC2012_val_00020730_with_ILSVRC2012_val_00040474_rank024,22,22,0.58501,0
ILSVRC2012_val_00020730_with_ILSVRC2012_val_00012509_rank837,486,94,0.16456,565
ILSVRC2012_val_00020730_with_ILSVRC2012_val_00018762_rank234,229,374,0.92963,287
ILSVRC2012_val_00020730_with_ILSVRC2012_val_00015951_rank939,786,448,0.66611,155
ILSVRC2012_val_00020730_with_ILSVRC2012_val_00033121_rank574,798,703,0.70748,576
ILSVRC2012_val_00020730_with_ILSVRC2012_val_00023049_rank276,306,306,0.99848,0
ILSVRC2012_val_00020730_with_ILSVRC2012_val_00023307_rank241,276,276,0.99955,0
ILSVRC2012_val_00020730_with_ILSVRC2012_val_00031985_rank856,796,31,0.1251,433
ILSVRC2012_val_00020730_with_ILSVRC2012_val_00026752_rank693,530,530,0.88964,0
ILSVRC2012_val_00020730_with_ILSVRC2012_val_00027021_rank875,686,722,0.13969,180
ILSVRC2012_val_00020730_with_ILSVRC2012_val_00033174_rank721,431,311,0.24538,723
ILSVRC2012_val_00020730_with_ILSVRC2012_val_00039556_rank962,161,166,0.56881,3
ILSVRC2012_val_00020730_with_ILSVRC2012_val_00032654_rank202,997,997,0.8303,0
ILSVRC2012_val_00020730_with_ILSVRC2012_val_00023262_rank104,367,367,0.99982,0
ILSVRC2012_val_00020730_with_ILSVRC2012_val_00000041_rank612,516,728,0.14557,124
ILSVRC2012_val_00020730_with_ILSVRC2012_val_00010870_rank015,58,58,0.20051,0
ILSVRC2012_val_00020730_with_ILSVRC2012_val_00026588_rank053,356,356,0.99063,0
ILSVRC2012_val_00020730_with_ILSVRC2012_val_00036532_rank161,990,990,0.99075,0
ILSVRC2012_val_00020730_with_ILSVRC2012_val_00044296_rank209,310,310,0.92271,0
ILSVRC2012_val_00020730_with_ILSVRC2012_val_00022308_rank097,34,34,0.99559,0
ILSVRC2012_val_00020730_with_ILSVRC2012_val_00020492_rank136,394,394,0.9501,0
ILSVRC2012_val_00020730_with_ILSVRC2012_val_00036941_rank281,489,489,0.87765,0
ILSVRC2012_val_00020730_with_ILSVRC2012_val_00006283_rank227,361,131,0.2556,202
ILSVRC2012_val_00020730_with_ILSVRC2012_val_00040380_rank916,854,854,0.42294,0
ILSVRC2012_val_00020730_with_ILSVRC2012_val_00015180_rank469,529,81,0.04338,589
ILSVRC2012_val_00020730_with_ILSVRC2012_val_00023680_rank566,359,356,0.75921,1
ILSVRC2012_val_00020730_with_ILSVRC2012_val_00001991_rank478,831,947,0.62728,913
ILSVRC2012_val_00020730_with_ILSVRC2012_val_00015628_rank733,754,754,0.2442,0
ILSVRC2012_val_00020730_with_ILSVRC2012_val_00035045_rank237,371,371,0.99996,0
ILSVRC2012_val_00020730_with_ILSVRC2012_val_00032170_rank916,854,854,0.75395,0
ILSVRC2012_val_00020730_with_ILSVRC2012_val_00048317_rank549,465,758,0.28557,855
ILSVRC2012_val_00020730_with_ILSVRC2012_val_00006636_rank639,904,904,0.801,0
ILSVRC2012_val_00020730_with_ILSVRC2012_val_00015586_rank820,776,677,0.86705,315
ILSVRC2012_val_00020730_with_ILSVRC2012_val_00019119_rank579,285,285,0.67761,0
ILSVRC2012_val_00020730_with_ILSVRC2012_val_00039980_rank909,882,494,0.08268,934
ILSVRC2012_val_00020730_with_ILSVRC2012_val_00044917_rank437,886,886,0.99897,0
ILSVRC2012_val_00020730_with_ILSVRC2012_val_00041529_rank494,153,185,0.21437,25
ILSVRC2012_val_00020730_with_ILSVRC2012_val_00006948_rank792,969,441,0.2006,6
ILSVRC2012_val_00020730_with_ILSVRC2012_val_00045675_rank697,849,849,0.41882,0
ILSVRC2012_val_00020730_with_ILSVRC2012_val_00002878_rank471,212,212,0.99906,0
ILSVRC2012_val_00020730_with_ILSVRC2012_val_00010432_rank906,623,572,0.17599,76
ILSVRC2012_val_00020730_with_ILSVRC2012_val_00003276_rank790,203,203,0.66831,0
ILSVRC2012_val_00020730_with_ILSVRC2012_val_00045901_rank908,165,236,0.20157,2
ILSVRC2012_val_00020730_with_ILSVRC2012_val_00047643_rank135,312,315,0.46293,2
ILSVRC2012_val_00020730_with_ILSVRC2012_val_00006371_rank500,871,871,0.15049,0
ILSVRC2012_val_00020730_with_ILSVRC2012_val_00029942_rank949,774,326,0.71596,727
ILSVRC2012_val_00020730_with_ILSVRC2012_val_00037420_rank008,19,19,0.99872,0
ILSVRC2012_val_00020730_with_ILSVRC2012_val_00031888_rank794,446,458,0.22033,228
ILSVRC2012_val_00020730_with_ILSVRC2012_val_00008603_rank816,503,929,0.07147,320
ILSVRC2012_val_00020730_with_ILSVRC2012_val_00037695_rank933,470,470,0.91305,0
ILSVRC2012_val_00020730_with_ILSVRC2012_val_00042788_rank238,23,23,0.9979,0
ILSVRC2012_val_00020730_with_ILSVRC2012_val_00047565_rank894,785,20,0.16631,886
ILSVRC2012_val_00020730_with_ILSVRC2012_val_00016622_rank116,44,44,0.86908,0
ILSVRC2012_val_00020730_with_ILSVRC2012_val_00000562_rank149,466,59,0.48547,463
ILSVRC2012_val_00020730_with_ILSVRC2012_val_00023694_rank900,611,323,0.49125,153
ILSVRC2012_val_00020730_with_ILSVRC2012_val_00013765_rank356,441,967,0.73074,7
ILSVRC2012_val_00020730_with_ILSVRC2012_val_00047763_rank371,890,890,0.99604,0
ILSVRC2012_val_00020730_with_ILSVRC2012_val_00010879_rank872,841,841,0.55941,0
ILSVRC2012_val_00020730_with_ILSVRC2012_val_00029150_rank013,81,81,0.9989,0
ILSVRC2012_val_00020730_with_ILSVRC2012_val_00012144_rank764,492,682,0.11594,306
ILSVRC2012_val_00020730_with_ILSVRC2012_val_00001360_rank289,346,350,0.52293,47
ILSVRC2012_val_00020730_with_ILSVRC2012_val_00026675_rank461,194,194,0.99776,0
ILSVRC2012_val_00020730_with_ILSVRC2012_val_00028949_rank593,459,94,0.70797,172
ILSVRC2012_val_00020730_with_ILSVRC2012_val_00047009_rank033,97,97,0.92701,0
ILSVRC2012_val_00020730_with_ILSVRC2012_val_00009200_rank602,159,159,0.98,0
ILSVRC2012_val_00020730_with_ILSVRC2012_val_00045785_rank014,16,16,0.9971,0
ILSVRC2012_val_00020730_with_ILSVRC2012_val_00040289_rank767,381,374,0.88847,7
ILSVRC2012_val_00020730_with_ILSVRC2012_val_00027328_rank995,420,350,0.08734,863
ILSVRC2012_val_00020730_with_ILSVRC2012_val_00010693_rank630,225,159,0.41237,8
ILSVRC2012_val_00020730_with_ILSVRC2012_val_00027635_rank822,589,677,0.43891,370
ILSVRC2012_val_00020730_with_ILSVRC2012_val_00009269_rank812,701,323,0.87177,171
ILSVRC2012_val_00020730_with_ILSVRC2012_val_00010322_rank340,45,45,0.88373,0
ILSVRC2012_val_00020730_with_ILSVRC2012_val_00031513_rank386,645,947,0.03936,414
ILSVRC2012_val_00020730_with_ILSVRC2012_val_00040994_rank250,820,791,0.15243,503
ILSVRC2012_val_00020730_with_ILSVRC2012_val_00002189_rank375,532,703,0.78565,92
ILSVRC2012_val_00020730_with_ILSVRC2012_val_00028636_rank605,365,374,0.42072,30
ILSVRC2012_val_00020730_with_ILSVRC2012_val_00049973_rank063,295,295,0.99545,0
ILSVRC2012_val_00020730_with_ILSVRC2012_val_00008167_rank570,291,373,0.33604,40
ILSVRC2012_val_00020730_with_ILSVRC2012_val_00011679_rank874,410,410,0.81442,0
ILSVRC2012_val_00020730_with_ILSVRC2012_val_00022038_rank881,577,577,0.89946,0
ILSVRC2012_val_00020730_with_ILSVRC2012_val_00009002_rank276,306,306,0.9993,0
ILSVRC2012_val_00020730_with_ILSVRC2012_val_00038145_rank763,748,723,0.11067,173
ILSVRC2012_val_00020730_with_ILSVRC2012_val_00015820_rank944,409,409,0.93649,0
ILSVRC2012_val_00020730_with_ILSVRC2012_val_00022366_rank850,822,971,0.14446,164
ILSVRC2012_val_00020730_with_ILSVRC2012_val_00017677_rank135,312,312,0.77087,0
ILSVRC2012_val_00020730_with_ILSVRC2012_val_00038107_rank770,158,158,0.88227,0
ILSVRC2012_val_00020730_with_ILSVRC2012_val_00032187_rank774,773,818,0.23626,233
ILSVRC2012_val_00020730_with_ILSVRC2012_val_00035209_rank213,121,119,0.57877,2
ILSVRC2012_val_00020730_with_ILSVRC2012_val_00003219_rank404,724,780,0.18937,1
ILSVRC2012_val_00020730_with_ILSVRC2012_val_00008227_rank378,433,20,0.41151,323
ILSVRC2012_val_00020730_with_ILSVRC2012_val_00036829_rank960,691,971,0.97758,47
ILSVRC2012_val_00020730_with_ILSVRC2012_val_00035796_rank219,437,437,0.99732,0
ILSVRC2012_val_00020730_with_ILSVRC2012_val_00016358_rank757,899,725,0.44285,1
ILSVRC2012_val_00020730_with_ILSVRC2012_val_00035467_rank808,539,664,0.14327,627
ILSVRC2012_val_00020730_with_ILSVRC2012_val_00022462_rank598,417,417,0.99061,0
ILSVRC2012_val_00020730_with_ILSVRC2012_val_00005969_rank121,373,23,0.18792,67
ILSVRC2012_val_00020730_with_ILSVRC2012_val_00037482_rank926,790,790,0.99779,0
ILSVRC2012_val_00020730_with_ILSVRC2012_val_00033683_rank207,179,350,0.57741,164
ILSVRC2012_val_00020730_with_ILSVRC2012_val_00039391_rank952,607,607,0.99288,0
ILSVRC2012_val_00020730_with_ILSVRC2012_val_00004992_rank415,195,159,0.14031,476
ILSVRC2012_val_00020730_with_ILSVRC2012_val_00032391_rank891,585,907,0.56206,34
ILSVRC2012_val_00020730_with_ILSVRC2012_val_00029860_rank844,587,677,0.89331,4
ILSVRC2012_val_00020730_with_ILSVRC2012_val_00025720_rank630,225,273,0.56831,7
ILSVRC2012_val_00020730_with_ILSVRC2012_val_00004888_rank666,440,440,0.99729,0
ILSVRC2012_val_00020730_with_ILSVRC2012_val_00023777_rank741,600,20,0.08554,534
ILSVRC2012_val_00020730_with_ILSVRC2012_val_00032385_rank388,352,352,0.77363,0
ILSVRC2012_val_00020730_with_ILSVRC2012_val_00043759_rank589,743,799,0.11181,29
ILSVRC2012_val_00020730_with_ILSVRC2012_val_00010565_rank299,751,81,0.05863,551
ILSVRC2012_val_00020730_with_ILSVRC2012_val_00027588_rank238,23,23,0.83655,0
ILSVRC2012_val_00020730_with_ILSVRC2012_val_00010224_rank366,781,781,0.9955,0
ILSVRC2012_val_00020730_with_ILSVRC2012_val_00039285_rank560,835,519,0.09126,222
ILSVRC2012_val_00020730_with_ILSVRC2012_val_00043849_rank709,797,494,0.14749,961
ILSVRC2012_val_00020730_with_ILSVRC2012_val_00040621_rank092,70,70,0.53765,0
ILSVRC2012_val_00020730_with_ILSVRC2012_val_00005125_rank206,125,125,0.99216,0
ILSVRC2012_val_00020730_with_ILSVRC2012_val_00037032_rank318,288,293,0.75282,3
ILSVRC2012_val_00020730_with_ILSVRC2012_val_00026459_rank825,804,605,0.4924,55
ILSVRC2012_val_00020730_with_ILSVRC2012_val_00041700_rank880,234,237,0.62651,4
ILSVRC2012_val_00020730_with_ILSVRC2012_val_00034594_rank782,513,711,0.13532,47
ILSVRC2012_val_00020730_with_ILSVRC2012_val_00039746_rank969,457,457,0.71348,0
ILSVRC2012_val_00020730_with_ILSVRC2012_val_00042497_rank862,551,463,0.80169,774
ILSVRC2012_val_00020730_with_ILSVRC2012_val_00014754_rank434,550,804,0.10973,9
ILSVRC2012_val_00020730_with_ILSVRC2012_val_00031803_rank189,947,815,0.1061,26
ILSVRC2012_val_00020730_with_ILSVRC2012_val_00014676_rank847,422,326,0.12613,633
ILSVRC2012_val_00020730_with_ILSVRC2012_val_00044487_rank282,746,596,0.12122,204
ILSVRC2012_val_00020730_with_ILSVRC2012_val_00027740_rank676,983,14,0.80162,111
ILSVRC2012_val_00020730_with_ILSVRC2012_val_00031212_rank513,56,56,0.72455,0
ILSVRC2012_val_00020730_with_ILSVRC2012_val_00009263_rank171,984,677,0.30585,545
ILSVRC2012_val_00020730_with_ILSVRC2012_val_00045936_rank262,5,5,0.8376,0
ILSVRC2012_val_00020730_with_ILSVRC2012_val_00030751_rank273,802,518,0.11508,13
ILSVRC2012_val_00020730_with_ILSVRC2012_val_00010409_rank029,11,11,0.9985,0
ILSVRC2012_val_00020730_with_ILSVRC2012_val_00013728_rank442,201,24,0.25759,466
ILSVRC2012_val_00020730_with_ILSVRC2012_val_00006975_rank239,343,350,0.29786,29
ILSVRC2012_val_00020730_with_ILSVRC2012_val_00007414_rank970,439,20,0.42222,936
ILSVRC2012_val_00020730_with_ILSVRC2012_val_00006461_rank641,834,879,0.63063,118
ILSVRC2012_val_00020730_with_ILSVRC2012_val_00022883_rank523,400,400,0.95812,0
ILSVRC2012_val_00020730_with_ILSVRC2012_val_00030008_rank780,910,703,0.27038,821
ILSVRC2012_val_00020730_with_ILSVRC2012_val_00012348_rank888,621,989,0.3812,331
ILSVRC2012_val_00020730_with_ILSVRC2012_val_00038517_rank825,804,804,0.99984,0
ILSVRC2012_val_00020730_with_ILSVRC2012_val_00023165_rank737,712,574,0.29814,108
ILSVRC2012_val_00020730_with_ILSVRC2012_val_00039332_rank276,306,306,0.67176,0
ILSVRC2012_val_00020730_with_ILSVRC2012_val_00037072_rank672,800,800,0.71785,0
ILSVRC2012_val_00020730_with_ILSVRC2012_val_00035192_rank066,289,289,0.99347,0
ILSVRC2012_val_00020730_with_ILSVRC2012_val_00028737_rank918,929,929,0.3801,0
ILSVRC2012_val_00020730_with_ILSVRC2012_val_00003949_rank851,637,637,0.46733,0
ILSVRC2012_val_00020730_with_ILSVRC2012_val_00019654_rank703,952,952,0.57291,0
ILSVRC2012_val_00020730_with_ILSVRC2012_val_00049616_rank911,747,722,0.39945,8
ILSVRC2012_val_00020730_with_ILSVRC2012_val_00003999_rank162,275,275,0.73947,0
ILSVRC2012_val_00020730_with_ILSVRC2012_val_00002704_rank737,712,712,0.61061,0
ILSVRC2012_val_00020730_with_ILSVRC2012_val_00040173_rank208,649,596,0.18242,274
ILSVRC2012_val_00020730_with_ILSVRC2012_val_00003439_rank816,503,113,0.3116,505
ILSVRC2012_val_00020730_with_ILSVRC2012_val_00035545_rank298,329,997,0.51909,78
ILSVRC2012_val_00020730_with_ILSVRC2012_val_00012060_rank459,263,263,0.96753,0
ILSVRC2012_val_00020730_with_ILSVRC2012_val_00030590_rank016,142,21,0.74656,21
ILSVRC2012_val_00020730_with_ILSVRC2012_val_00015316_rank984,823,545,0.31396,175
ILSVRC2012_val_00020730_with_ILSVRC2012_val_00034823_rank405,198,198,0.99543,0
ILSVRC2012_val_00020730_with_ILSVRC2012_val_00026811_rank046,100,81,0.19009,279
ILSVRC2012_val_00020730_with_ILSVRC2012_val_00045332_rank538,713,713,0.99666,0
ILSVRC2012_val_00020730_with_ILSVRC2012_val_00027056_rank470,341,341,0.99188,0
ILSVRC2012_val_00020730_with_ILSVRC2012_val_00021052_rank479,236,236,0.99945,0
ILSVRC2012_val_00020730_with_ILSVRC2012_val_00023518_rank967,987,991,0.38603,128
ILSVRC2012_val_00020730_with_ILSVRC2012_val_00021762_rank782,513,683,0.1962,4
ILSVRC2012_val_00020730_with_ILSVRC2012_val_00023124_rank661,481,448,0.38571,116
ILSVRC2012_val_00020730_with_ILSVRC2012_val_00016375_rank460,729,729,0.99278,0
ILSVRC2012_val_00020730_with_ILSVRC2012_val_00009281_rank608,237,237,0.52235,0
ILSVRC2012_val_00020730_with_ILSVRC2012_val_00010886_rank741,600,596,0.97225,73
ILSVRC2012_val_00020730_with_ILSVRC2012_val_00006732_rank527,597,902,0.3548,41
ILSVRC2012_val_00020730_with_ILSVRC2012_val_00035438_rank161,990,993,0.65844,18
ILSVRC2012_val_00020730_with_ILSVRC2012_val_00002668_rank029,11,11,0.99757,0
ILSVRC2012_val_00020730_with_ILSVRC2012_val_00042086_rank104,367,367,0.97767,0
ILSVRC2012_val_00020730_with_ILSVRC2012_val_00014725_rank828,695,695,0.97451,0
ILSVRC2012_val_00020730_with_ILSVRC2012_val_00021221_rank135,312,312,0.554,0
ILSVRC2012_val_00020730_with_ILSVRC2012_val_00027069_rank274,286,286,0.92149,0
ILSVRC2012_val_00020730_with_ILSVRC2012_val_00031512_rank035,14,14,0.99069,0
ILSVRC2012_val_00020730_with_ILSVRC2012_val_00036918_rank185,257,257,0.99122,0
ILSVRC2012_val_00020730_with_ILSVRC2012_val_00014341_rank688,832,832,0.99831,0
ILSVRC2012_val_00020730_with_ILSVRC2012_val_00005537_rank911,747,470,0.1393,312
ILSVRC2012_val_00020730_with_ILSVRC2012_val_00022414_rank075,130,86,0.31698,95
ILSVRC2012_val_00020730_with_ILSVRC2012_val_00010608_rank189,947,947,0.98295,0
ILSVRC2012_val_00020730_with_ILSVRC2012_val_00034551_rank162,275,275,0.99812,0
ILSVRC2012_val_00020730_with_ILSVRC2012_val_00001600_rank691,519,448,0.3448,20
ILSVRC2012_val_00020730_with_ILSVRC2012_val_00039535_rank690,792,596,0.84952,3
ILSVRC2012_val_00020730_with_ILSVRC2012_val_00002905_rank850,822,541,0.89761,1
ILSVRC2012_val_00020730_with_ILSVRC2012_val_00002271_rank986,354,272,0.35626,197
ILSVRC2012_val_00020730_with_ILSVRC2012_val_00040171_rank877,842,93,0.97716,842
ILSVRC2012_val_00020730_with_ILSVRC2012_val_00011123_rank174,397,397,0.98964,0
ILSVRC2012_val_00020730_with_ILSVRC2012_val_00009400_rank852,496,496,0.99917,0
ILSVRC2012_val_00020730_with_ILSVRC2012_val_00001753_rank866,654,654,0.64091,0
ILSVRC2012_val_00020730_with_ILSVRC2012_val_00011141_rank552,255,255,0.99984,0
ILSVRC2012_val_00020730_with_ILSVRC2012_val_00017708_rank338,733,847,0.08637,258
ILSVRC2012_val_00020730_with_ILSVRC2012_val_00039189_rank093,308,308,0.99822,0
ILSVRC2012_val_00020730_with_ILSVRC2012_val_00038930_rank155,815,815,0.92238,0
ILSVRC2012_val_00020730_with_ILSVRC2012_val_00000240_rank923,702,677,0.99232,138
ILSVRC2012_val_00020730_with_ILSVRC2012_val_00002789_rank548,340,340,0.99964,0
ILSVRC2012_val_00020730_with_ILSVRC2012_val_00012874_rank834,787,947,0.11131,833
ILSVRC2012_val_00020730_with_ILSVRC2012_val_00008035_rank036,132,132,0.95722,0
ILSVRC2012_val_00020730_with_ILSVRC2012_val_00018994_rank606,363,298,0.37914,2
ILSVRC2012_val_00020730_with_ILSVRC2012_val_00039763_rank614,615,872,0.51619,127
ILSVRC2012_val_00020730_with_ILSVRC2012_val_00043945_rank889,379,42,0.11585,257
ILSVRC2012_val_00020730_with_ILSVRC2012_val_00012403_rank163,472,491,0.24218,144
ILSVRC2012_val_00020730_with_ILSVRC2012_val_00026442_rank375,532,846,0.85342,7
ILSVRC2012_val_00020730_with_ILSVRC2012_val_00026606_rank506,104,104,0.98757,0
ILSVRC2012_val_00020730_with_ILSVRC2012_val_00029074_rank684,688,688,0.9828,0
ILSVRC2012_val_00020730_with_ILSVRC2012_val_00029080_rank149,466,448,0.54178,995
ILSVRC2012_val_00020730_with_ILSVRC2012_val_00048145_rank990,246,178,0.2393,6
ILSVRC2012_val_00020730_with_ILSVRC2012_val_00030498_rank353,821,42,0.26255,517
ILSVRC2012_val_00020730_with_ILSVRC2012_val_00016310_rank654,999,999,0.68983,0
ILSVRC2012_val_00020730_with_ILSVRC2012_val_00038806_rank517,659,723,0.35702,48
ILSVRC2012_val_00020730_with_ILSVRC2012_val_00024644_rank329,938,944,0.49166,5
ILSVRC2012_val_00020730_with_ILSVRC2012_val_00024243_rank684,688,688,0.98916,0
ILSVRC2012_val_00020730_with_ILSVRC2012_val_00008833_rank208,649,649,0.14814,0
ILSVRC2012_val_00020730_with_ILSVRC2012_val_00031972_rank311,685,685,0.99859,0
ILSVRC2012_val_00020730_with_ILSVRC2012_val_00041734_rank877,842,723,0.24832,827
ILSVRC2012_val_00020730_with_ILSVRC2012_val_00031066_rank581,907,907,0.57049,0
ILSVRC2012_val_00020730_with_ILSVRC2012_val_00048741_rank078,366,367,0.99571,1
ILSVRC2012_val_00020730_with_ILSVRC2012_val_00016602_rank373,661,717,0.76514,3
ILSVRC2012_val_00020730_with_ILSVRC2012_val_00046489_rank561,62,60,0.64101,3
ILSVRC2012_val_00020730_with_ILSVRC2012_val_00037462_rank185,257,222,0.9093,1
ILSVRC2012_val_00020730_with_ILSVRC2012_val_00001077_rank873,464,327,0.13615,579
ILSVRC2012_val_00020730_with_ILSVRC2012_val_00004744_rank442,201,187,0.85124,1
ILSVRC2012_val_00020730_with_ILSVRC2012_val_00026990_rank163,472,59,0.23008,389
ILSVRC2012_val_00020730_with_ILSVRC2012_val_00013709_rank956,399,728,0.71663,67
ILSVRC2012_val_00020730_with_ILSVRC2012_val_00021037_rank701,812,895,0.638,4
ILSVRC2012_val_00020730_with_ILSVRC2012_val_00043845_rank601,262,262,0.99977,0
ILSVRC2012_val_00020730_with_ILSVRC2012_val_00008931_rank257,307,307,0.99832,0
ILSVRC2012_val_00020730_with_ILSVRC2012_val_00042731_rank783,273,273,0.99948,0
ILSVRC2012_val_00020730_with_ILSVRC2012_val_00004963_rank410,243,243,0.89928,0
ILSVRC2012_val_00020730_with_ILSVRC2012_val_00025800_rank255,390,390,0.97795,0
ILSVRC2012_val_00020730_with_ILSVRC2012_val_00024251_rank341,497,663,0.39533,2
ILSVRC2012_val_00020730_with_ILSVRC2012_val_00011356_rank505,171,172,0.55834,1
ILSVRC2012_val_00020730_with_ILSVRC2012_val_00040629_rank917,652,972,0.05761,376
ILSVRC2012_val_00020730_with_ILSVRC2012_val_00023679_rank606,363,363,0.97653,0
ILSVRC2012_val_00020730_with_ILSVRC2012_val_00013975_rank927,917,917,0.67548,0
ILSVRC2012_val_00020730_with_ILSVRC2012_val_00020674_rank999,491,491,0.99826,0
ILSVRC2012_val_00020730_with_ILSVRC2012_val_00004056_rank410,243,243,0.99754,0
ILSVRC2012_val_00020730_with_ILSVRC2012_val_00013052_rank108,297,297,0.99923,0
ILSVRC2012_val_00020730_with_ILSVRC2012_val_00032455_rank885,571,707,0.76008,1
ILSVRC2012_val_00020730_with_ILSVRC2012_val_00014242_rank107,814,119,0.14881,373
ILSVRC2012_val_00020730_with_ILSVRC2012_val_00036933_rank142,287,287,0.99904,0
ILSVRC2012_val_00020730_with_ILSVRC2012_val_00005174_rank442,201,201,0.9631,0
ILSVRC2012_val_00020730_with_ILSVRC2012_val_00034782_rank724,667,151,0.97793,520
ILSVRC2012_val_00020730_with_ILSVRC2012_val_00016109_rank955,759,759,0.87867,0
ILSVRC2012_val_00020730_with_ILSVRC2012_val_00023383_rank374,335,335,0.99731,0
ILSVRC2012_val_00020730_with_ILSVRC2012_val_00030600_rank576,556,835,0.12943,434
ILSVRC2012_val_00020730_with_ILSVRC2012_val_00005020_rank047,337,337,0.9962,0
ILSVRC2012_val_00020730_with_ILSVRC2012_val_00009774_rank490,247,247,0.98885,0
ILSVRC2012_val_00020730_with_ILSVRC2012_val_00005970_rank898,398,703,0.15657,211
ILSVRC2012_val_00020730_with_ILSVRC2012_val_00024884_rank002,13,13,0.99927,0
ILSVRC2012_val_00020730_with_ILSVRC2012_val_00049854_rank800,753,494,0.99801,100
ILSVRC2012_val_00020730_with_ILSVRC2012_val_00043312_rank032,30,30,0.40761,0
ILSVRC2012_val_00020730_with_ILSVRC2012_val_00014279_rank298,329,329,0.99546,0
ILSVRC2012_val_00020730_with_ILSVRC2012_val_00018928_rank428,339,159,0.14856,7
ILSVRC2012_val_00020730_with_ILSVRC2012_val_00005427_rank205,9,9,0.97799,0
ILSVRC2012_val_00020730_with_ILSVRC2012_val_00037039_rank069,986,986,0.99983,0
ILSVRC2012_val_00020730_with_ILSVRC2012_val_00024704_rank010,15,15,0.99942,0
ILSVRC2012_val_00020730_with_ILSVRC2012_val_00015271_rank148,318,318,0.99971,0
ILSVRC2012_val_00020730_with_ILSVRC2012_val_00016183_rank110,26,44,0.88051,6
ILSVRC2012_val_00020730_with_ILSVRC2012_val_00028605_rank306,222,222,0.92091,0
ILSVRC2012_val_00020730_with_ILSVRC2012_val_00001246_rank714,527,373,0.27162,864
ILSVRC2012_val_00020730_with_ILSVRC2012_val_00007237_rank028,12,12,0.99262,0
ILSVRC2012_val_00020730_with_ILSVRC2012_val_00002954_rank303,958,947,0.08079,90
ILSVRC2012_val_00020730_with_ILSVRC2012_val_00029639_rank342,522,989,0.84638,556
ILSVRC2012_val_00020730_with_ILSVRC2012_val_00014254_rank235,387,387,0.60888,0
ILSVRC2012_val_00020730_with_ILSVRC2012_val_00049316_rank080,32,32,0.92978,0
ILSVRC2012_val_00020730_with_ILSVRC2012_val_00049418_rank332,323,323,0.99888,0
ILSVRC2012_val_00020730_with_ILSVRC2012_val_00032158_rank099,96,96,0.99948,0
ILSVRC2012_val_00020730_with_ILSVRC2012_val_00045037_rank634,372,372,0.75413,0
ILSVRC2012_val_00020730_with_ILSVRC2012_val_00022754_rank835,566,316,0.43973,148
ILSVRC2012_val_00020730_with_ILSVRC2012_val_00008732_rank421,586,586,0.99965,0
ILSVRC2012_val_00020730_with_ILSVRC2012_val_00018647_rank679,534,534,0.8534,0
ILSVRC2012_val_00020730_with_ILSVRC2012_val_00005878_rank387,660,448,0.85404,67
ILSVRC2012_val_00020730_with_ILSVRC2012_val_00041691_rank940,811,545,0.54348,3
ILSVRC2012_val_00020730_with_ILSVRC2012_val_00031959_rank129,300,300,0.99928,0
ILSVRC2012_val_00020730_with_ILSVRC2012_val_00031433_rank397,190,229,0.30208,7
ILSVRC2012_val_00020730_with_ILSVRC2012_val_00034164_rank716,794,14,0.13443,517
ILSVRC2012_val_00020730_with_ILSVRC2012_val_00036383_rank350,930,930,0.06803,0
ILSVRC2012_val_00020730_with_ILSVRC2012_val_00004470_rank094,972,42,0.24059,43
ILSVRC2012_val_00020730_with_ILSVRC2012_val_00009079_rank486,533,824,0.21602,6
ILSVRC2012_val_00020730_with_ILSVRC2012_val_00007561_rank110,26,26,0.98411,0
ILSVRC2012_val_00020730_with_ILSVRC2012_val_00019962_rank640,192,192,0.99182,0
ILSVRC2012_val_00020730_with_ILSVRC2012_val_00028541_rank107,814,814,0.87834,0
ILSVRC2012_val_00020730_with_ILSVRC2012_val_00035158_rank689,191,191,0.91887,0
ILSVRC2012_val_00020730_with_ILSVRC2012_val_00029304_rank157,994,319,0.10057,92
ILSVRC2012_val_00020730_with_ILSVRC2012_val_00026141_rank882,88,88,0.99997,0
ILSVRC2012_val_00020730_with_ILSVRC2012_val_00039790_rank799,905,448,0.13102,287
ILSVRC2012_val_00020730_with_ILSVRC2012_val_00020169_rank563,250,248,0.49533,1
ILSVRC2012_val_00020730_with_ILSVRC2012_val_00006514_rank120,322,326,0.99779,1
ILSVRC2012_val_00020730_with_ILSVRC2012_val_00034067_rank762,739,947,0.14374,672
ILSVRC2012_val_00020730_with_ILSVRC2012_val_00003383_rank164,362,362,0.99928,0
ILSVRC2012_val_00020730_with_ILSVRC2012_val_00003148_rank810,643,599,0.31263,309
ILSVRC2012_val_00020730_with_ILSVRC2012_val_00036496_rank631,477,20,0.0659,631
ILSVRC2012_val_00020730_with_ILSVRC2012_val_00037870_rank275,946,324,0.40071,3
ILSVRC2012_val_00020730_with_ILSVRC2012_val_00028894_rank674,351,351,0.9996,0
ILSVRC2012_val_00020730_with_ILSVRC2012_val_00007070_rank568,469,20,0.26986,444
ILSVRC2012_val_00020730_with_ILSVRC2012_val_00013520_rank960,691,691,0.7259,0
ILSVRC2012_val_00020730_with_ILSVRC2012_val_00003756_rank665,482,848,0.36441,1
ILSVRC2012_val_00020730_with_ILSVRC2012_val_00022541_rank435,517,319,0.56236,93
ILSVRC2012_val_00020730_with_ILSVRC2012_val_00018282_rank633,869,869,0.96725,0
ILSVRC2012_val_00020730_with_ILSVRC2012_val_00001369_rank595,432,494,0.9169,151
ILSVRC2012_val_00020730_with_ILSVRC2012_val_00002173_rank856,796,796,0.97768,0
ILSVRC2012_val_00020730_with_ILSVRC2012_val_00005362_rank307,618,284,0.54537,261
ILSVRC2012_val_00020730_with_ILSVRC2012_val_00041987_rank436,215,215,0.78047,0
ILSVRC2012_val_00020730_with_ILSVRC2012_val_00022118_rank762,739,739,0.52619,0
ILSVRC2012_val_00020730_with_ILSVRC2012_val_00026633_rank353,821,821,0.68338,0
ILSVRC2012_val_00020730_with_ILSVRC2012_val_00010463_rank779,434,991,0.15592,659
ILSVRC2012_val_00020730_with_ILSVRC2012_val_00019823_rank586,932,932,0.99338,0
ILSVRC2012_val_00020730_with_ILSVRC2012_val_00024872_rank319,981,309,0.47566,594
ILSVRC2012_val_00020730_with_ILSVRC2012_val_00029991_rank882,88,88,0.99979,0
ILSVRC2012_val_00020730_with_ILSVRC2012_val_00005229_rank678,836,966,0.33021,80
ILSVRC2012_val_00020730_with_ILSVRC2012_val_00040367_rank580,931,931,0.99011,0
ILSVRC2012_val_00020730_with_ILSVRC2012_val_00018569_rank344,511,511,0.90931,0
ILSVRC2012_val_00020730_with_ILSVRC2012_val_00014113_rank423,750,99,0.20199,587
ILSVRC2012_val_00020730_with_ILSVRC2012_val_00042496_rank805,444,671,0.74267,1
ILSVRC2012_val_00020730_with_ILSVRC2012_val_00020697_rank597,705,637,0.96613,187
ILSVRC2012_val_00020730_with_ILSVRC2012_val_00030909_rank627,720,720,0.52135,0
ILSVRC2012_val_00020730_with_ILSVRC2012_val_00035961_rank686,510,510,0.2956,0
ILSVRC2012_val_00020730_with_ILSVRC2012_val_00039696_rank565,224,224,0.8923,0
ILSVRC2012_val_00020730_with_ILSVRC2012_val_00040222_rank203,240,236,0.93769,6
ILSVRC2012_val_00020730_with_ILSVRC2012_val_00023318_rank581,907,737,0.82519,3
ILSVRC2012_val_00020730_with_ILSVRC2012_val_00008923_rank630,225,225,0.7694,0
ILSVRC2012_val_00020730_with_ILSVRC2012_val_00044307_rank370,375,375,0.99863,0
ILSVRC2012_val_00020730_with_ILSVRC2012_val_00000706_rank985,419,419,0.97128,0
ILSVRC2012_val_00020730_with_ILSVRC2012_val_00009635_rank209,310,310,0.9852,0
ILSVRC2012_val_00020730_with_ILSVRC2012_val_00010129_rank850,822,503,0.13066,54
ILSVRC2012_val_00020730_with_ILSVRC2012_val_00011751_rank668,157,157,0.63351,0
ILSVRC2012_val_00020730_with_ILSVRC2012_val_00019937_rank058,279,279,0.99879,0
ILSVRC2012_val_00020730_with_ILSVRC2012_val_00012844_rank011,143,143,0.99999,0
ILSVRC2012_val_00020730_with_ILSVRC2012_val_00042309_rank455,852,852,0.99849,0
ILSVRC2012_val_00020730_with_ILSVRC2012_val_00011280_rank925,784,920,0.86952,217
ILSVRC2012_val_00020730_with_ILSVRC2012_val_00030405_rank858,76,121,0.33134,55
ILSVRC2012_val_00020730_with_ILSVRC2012_val_00012562_rank363,933,933,0.91932,0
ILSVRC2012_val_00020730_with_ILSVRC2012_val_00018530_rank105,221,206,0.16906,1
ILSVRC2012_val_00020730_with_ILSVRC2012_val_00036484_rank136,394,394,0.84867,0
ILSVRC2012_val_00020730_with_ILSVRC2012_val_00022147_rank365,940,940,0.509,0
ILSVRC2012_val_00020730_with_ILSVRC2012_val_00027986_rank056,92,94,0.91383,4
ILSVRC2012_val_00020730_with_ILSVRC2012_val_00010293_rank683,435,710,0.32471,457
ILSVRC2012_val_00020730_with_ILSVRC2012_val_00036049_rank916,854,854,0.85936,0
ILSVRC2012_val_00020730_with_ILSVRC2012_val_00032737_rank481,299,85,0.75444,46
ILSVRC2012_val_00020730_with_ILSVRC2012_val_00045175_rank058,279,279,0.99947,0
ILSVRC2012_val_00020730_with_ILSVRC2012_val_00014871_rank229,348,350,0.98554,3
ILSVRC2012_val_00020730_with_ILSVRC2012_val_00019737_rank146,317,311,0.69569,2
ILSVRC2012_val_00020730_with_ILSVRC2012_val_00028149_rank871,813,618,0.42496,4
ILSVRC2012_val_00020730_with_ILSVRC2012_val_00004393_rank251,900,900,0.79493,0
ILSVRC2012_val_00020730_with_ILSVRC2012_val_00042382_rank826,857,857,0.81479,0
ILSVRC2012_val_00020730_with_ILSVRC2012_val_00019887_rank760,471,471,0.91185,0
ILSVRC2012_val_00020730_with_ILSVRC2012_val_00027492_rank384,193,193,0.82575,0
ILSVRC2012_val_00020730_with_ILSVRC2012_val_00042219_rank797,528,528,0.26606,0
ILSVRC2012_val_00020730_with_ILSVRC2012_val_00001607_rank272,65,65,0.97656,0
ILSVRC2012_val_00020730_with_ILSVRC2012_val_00000743_rank576,556,703,0.98285,158
ILSVRC2012_val_00020730_with_ILSVRC2012_val_00046786_rank128,290,290,0.97436,0
ILSVRC2012_val_00020730_with_ILSVRC2012_val_00020982_rank726,703,777,0.05539,552
ILSVRC2012_val_00020730_with_ILSVRC2012_val_00008952_rank176,6,5,0.35273,1
ILSVRC2012_val_00020730_with_ILSVRC2012_val_00011145_rank194,483,483,0.69025,0
ILSVRC2012_val_00020730_with_ILSVRC2012_val_00045879_rank767,381,321,0.7548,173
ILSVRC2012_val_00020730_with_ILSVRC2012_val_00032623_rank103,277,277,0.93773,0
ILSVRC2012_val_00020730_with_ILSVRC2012_val_00009770_rank447,669,947,0.61718,625
ILSVRC2012_val_00020730_with_ILSVRC2012_val_00041724_rank567,430,430,0.73337,0
ILSVRC2012_val_00020730_with_ILSVRC2012_val_00000374_rank974,546,546,0.96593,0
ILSVRC2012_val_00020730_with_ILSVRC2012_val_00035372_rank229,348,350,0.84581,3
ILSVRC2012_val_00020730_with_ILSVRC2012_val_00042834_rank454,271,271,0.90873,0
ILSVRC2012_val_00020730_with_ILSVRC2012_val_00040598_rank932,251,251,0.99863,0
ILSVRC2012_val_00020730_with_ILSVRC2012_val_00043339_rank450,757,757,0.9911,0
ILSVRC2012_val_00020730_with_ILSVRC2012_val_00031647_rank673,945,945,0.99898,0
ILSVRC2012_val_00020730_with_ILSVRC2012_val_00042406_rank167,358,336,0.61325,8
ILSVRC2012_val_00020730_with_ILSVRC2012_val_00035512_rank092,70,70,0.99982,0
ILSVRC2012_val_00020730_with_ILSVRC2012_val_00037979_rank993,778,778,0.32804,0
ILSVRC2012_val_00020730_with_ILSVRC2012_val_00035933_rank390,183,183,0.52712,0
ILSVRC2012_val_00020730_with_ILSVRC2012_val_00027205_rank600,767,677,0.07714,62
ILSVRC2012_val_00020730_with_ILSVRC2012_val_00020942_rank674,351,351,0.7277,0
ILSVRC2012_val_00020730_with_ILSVRC2012_val_00046670_rank445,189,202,0.90379,10
ILSVRC2012_val_00020730_with_ILSVRC2012_val_00003200_rank686,510,42,0.07119,172
ILSVRC2012_val_00020730_with_ILSVRC2012_val_00008385_rank517,659,647,0.14554,3
ILSVRC2012_val_00020730_with_ILSVRC2012_val_00006806_rank779,434,596,0.26812,603
ILSVRC2012_val_00020730_with_ILSVRC2012_val_00009328_rank897,521,521,0.89008,0
ILSVRC2012_val_00020730_with_ILSVRC2012_val_00024819_rank282,746,746,0.96197,0
ILSVRC2012_val_00020730_with_ILSVRC2012_val_00037907_rank316,228,228,0.99197,0
ILSVRC2012_val_00020730_with_ILSVRC2012_val_00014874_rank546,934,934,0.99844,0
ILSVRC2012_val_00020730_with_ILSVRC2012_val_00010876_rank956,399,728,0.28776,67
ILSVRC2012_val_00020730_with_ILSVRC2012_val_00014198_rank387,660,609,0.18366,99
ILSVRC2012_val_00020730_with_ILSVRC2012_val_00018537_rank567,430,43,0.63774,465
ILSVRC2012_val_00020730_with_ILSVRC2012_val_00033514_rank023,360,360,0.42633,0
ILSVRC2012_val_00020730_with_ILSVRC2012_val_00035415_rank174,397,397,0.98603,0
ILSVRC2012_val_00020730_with_ILSVRC2012_val_00012061_rank888,621,758,0.12939,35
ILSVRC2012_val_00020730_with_ILSVRC2012_val_00047823_rank388,352,353,0.67855,1
ILSVRC2012_val_00020730_with_ILSVRC2012_val_00007598_rank486,533,533,0.9298,0
ILSVRC2012_val_00020730_with_ILSVRC2012_val_00046257_rank182,52,52,0.76358,0
ILSVRC2012_val_00020730_with_ILSVRC2012_val_00017246_rank589,743,448,0.10636,431
ILSVRC2012_val_00020730_with_ILSVRC2012_val_00038985_rank989,633,326,0.09805,634
ILSVRC2012_val_00020730_with_ILSVRC2012_val_00047050_rank935,650,319,0.2997,491
ILSVRC2012_val_00020730_with_ILSVRC2012_val_00034630_rank862,551,551,0.07275,0
ILSVRC2012_val_00020730_with_ILSVRC2012_val_00000599_rank761,162,162,0.68121,0
ILSVRC2012_val_00020730_with_ILSVRC2012_val_00024356_rank454,271,271,0.96919,0
ILSVRC2012_val_00020730_with_ILSVRC2012_val_00010815_rank499,956,988,0.1399,17
ILSVRC2012_val_00020730_with_ILSVRC2012_val_00039085_rank241,276,276,0.98341,0
ILSVRC2012_val_00020730_with_ILSVRC2012_val_00029500_rank199,29,29,0.999,0
ILSVRC2012_val_00020730_with_ILSVRC2012_val_00003726_rank446,208,208,0.94056,0
ILSVRC2012_val_00020730_with_ILSVRC2012_val_00016533_rank269,941,941,0.91594,0
ILSVRC2012_val_00020730_with_ILSVRC2012_val_00014323_rank183,698,483,0.78833,1
ILSVRC2012_val_00020730_with_ILSVRC2012_val_00032801_rank886,626,626,0.6087,0
ILSVRC2012_val_00020730_with_ILSVRC2012_val_00035317_rank312,54,616,0.96753,322
ILSVRC2012_val_00020730_with_ILSVRC2012_val_00012131_rank840,954,954,0.97948,0
ILSVRC2012_val_00020730_with_ILSVRC2012_val_00020144_rank393,385,947,0.10127,193
ILSVRC2012_val_00020730_with_ILSVRC2012_val_00042506_rank008,19,18,0.32146,10
ILSVRC2012_val_00020730_with_ILSVRC2012_val_00017114_rank164,362,362,0.99851,0
ILSVRC2012_val_00020730_with_ILSVRC2012_val_00004079_rank386,645,677,0.09277,777
ILSVRC2012_val_00020730_with_ILSVRC2012_val_00000728_rank232,924,956,0.39061,18
ILSVRC2012_val_00020730_with_ILSVRC2012_val_00008442_rank824,700,700,0.97981,0
ILSVRC2012_val_00020730_with_ILSVRC2012_val_00002689_rank435,517,517,0.69728,0
ILSVRC2012_val_00020730_with_ILSVRC2012_val_00006034_rank537,531,531,0.37668,0
ILSVRC2012_val_00020730_with_ILSVRC2012_val_00010087_rank771,176,273,0.49515,29
ILSVRC2012_val_00020730_with_ILSVRC2012_val_00027995_rank026,357,993,0.86134,44
ILSVRC2012_val_00020730_with_ILSVRC2012_val_00025749_rank690,792,677,0.87268,153
ILSVRC2012_val_00020730_with_ILSVRC2012_val_00029660_rank209,310,310,0.99901,0
ILSVRC2012_val_00020730_with_ILSVRC2012_val_00041627_rank255,390,390,0.99712,0
ILSVRC2012_val_00020730_with_ILSVRC2012_val_00045379_rank167,358,357,0.44513,3
ILSVRC2012_val_00020730_with_ILSVRC2012_val_00044612_rank635,428,5,0.77278,814
ILSVRC2012_val_00020730_with_ILSVRC2012_val_00025355_rank361,396,396,0.99855,0
ILSVRC2012_val_00020730_with_ILSVRC2012_val_00014472_rank172,64,59,0.82071,2
ILSVRC2012_val_00020730_with_ILSVRC2012_val_00027942_rank893,494,758,0.10458,71
ILSVRC2012_val_00020730_with_ILSVRC2012_val_00010865_rank934,223,361,0.23545,20
ILSVRC2012_val_00020730_with_ILSVRC2012_val_00034746_rank335,694,758,0.04558,110
ILSVRC2012_val_00020730_with_ILSVRC2012_val_00021134_rank444,429,429,0.70094,0
ILSVRC2012_val_00020730_with_ILSVRC2012_val_00027530_rank314,985,985,0.99824,0
ILSVRC2012_val_00020730_with_ILSVRC2012_val_00025555_rank283,962,930,0.30841,4
ILSVRC2012_val_00020730_with_ILSVRC2012_val_00032522_rank325,241,241,0.94608,0
ILSVRC2012_val_00020730_with_ILSVRC2012_val_00044125_rank353,821,59,0.23349,205
ILSVRC2012_val_00020730_with_ILSVRC2012_val_00033658_rank468,71,71,0.99792,0
ILSVRC2012_val_00020730_with_ILSVRC2012_val_00014646_rank547,407,407,0.99859,0
ILSVRC2012_val_00020730_with_ILSVRC2012_val_00044891_rank017,86,86,0.93231,0
ILSVRC2012_val_00020730_with_ILSVRC2012_val_00008172_rank432,582,17,0.20486,520
ILSVRC2012_val_00020730_with_ILSVRC2012_val_00020641_rank718,893,559,0.96344,244
ILSVRC2012_val_00020730_with_ILSVRC2012_val_00015641_rank242,79,79,0.56338,0
ILSVRC2012_val_00020730_with_ILSVRC2012_val_00020127_rank450,757,867,0.44515,5
ILSVRC2012_val_00020730_with_ILSVRC2012_val_00034491_rank611,957,948,0.62985,11
ILSVRC2012_val_00020730_with_ILSVRC2012_val_00008966_rank071,206,164,0.25568,29
ILSVRC2012_val_00020730_with_ILSVRC2012_val_00023553_rank859,154,154,0.4591,0
ILSVRC2012_val_00020730_with_ILSVRC2012_val_00024752_rank818,771,637,0.58601,7
ILSVRC2012_val_00020730_with_ILSVRC2012_val_00005686_rank720,563,128,0.26052,584
ILSVRC2012_val_00020730_with_ILSVRC2012_val_00040028_rank818,771,771,0.8886,0
ILSVRC2012_val_00020730_with_ILSVRC2012_val_00002284_rank262,5,115,0.19188,24
ILSVRC2012_val_00020730_with_ILSVRC2012_val_00004594_rank190,833,833,0.95736,0
ILSVRC2012_val_00020730_with_ILSVRC2012_val_00041922_rank868,51,309,0.57614,862
ILSVRC2012_val_00020730_with_ILSVRC2012_val_00042934_rank637,601,326,0.13475,486
ILSVRC2012_val_00020730_with_ILSVRC2012_val_00003413_rank234,229,190,0.83458,4
ILSVRC2012_val_00020730_with_ILSVRC2012_val_00004364_rank572,723,723,0.99992,0
ILSVRC2012_val_00020730_with_ILSVRC2012_val_00016932_rank834,787,643,0.84864,14
ILSVRC2012_val_00020730_with_ILSVRC2012_val_00027337_rank748,338,356,0.55472,47
ILSVRC2012_val_00020730_with_ILSVRC2012_val_00039134_rank667,662,662,0.70766,0
ILSVRC2012_val_00020730_with_ILSVRC2012_val_00047146_rank601,262,262,0.99666,0
ILSVRC2012_val_00020730_with_ILSVRC2012_val_00018986_rank753,648,648,0.67692,0
ILSVRC2012_val_00020730_with_ILSVRC2012_val_00018781_rank569,742,606,0.47898,62
ILSVRC2012_val_00020730_with_ILSVRC2012_val_00006241_rank583,604,20,0.56692,518
ILSVRC2012_val_00020730_with_ILSVRC2012_val_00013012_rank480,752,92,0.69833,91
ILSVRC2012_val_00020730_with_ILSVRC2012_val_00031341_rank939,786,786,0.99985,0
ILSVRC2012_val_00020730_with_ILSVRC2012_val_00029605_rank213,121,121,0.85896,0
ILSVRC2012_val_00020730_with_ILSVRC2012_val_00015968_rank863,595,595,0.22364,0
ILSVRC2012_val_00020730_with_ILSVRC2012_val_00014790_rank258,38,38,0.9981,0
ILSVRC2012_val_00020730_with_ILSVRC2012_val_00008336_rank699,473,319,0.66434,257
ILSVRC2012_val_00020730_with_ILSVRC2012_val_00033978_rank502,458,458,0.24106,0
ILSVRC2012_val_00020730_with_ILSVRC2012_val_00047500_rank165,331,331,0.99971,0
ILSVRC2012_val_00020730_with_ILSVRC2012_val_00011580_rank244,298,298,0.99965,0
ILSVRC2012_val_00020730_with_ILSVRC2012_val_00039439_rank996,151,151,0.99885,0
ILSVRC2012_val_00020730_with_ILSVRC2012_val_00036969_rank043,146,11,0.07038,210
ILSVRC2012_val_00020730_with_ILSVRC2012_val_00023286_rank705,614,94,0.08336,706
ILSVRC2012_val_00020730_with_ILSVRC2012_val_00015459_rank227,361,361,0.98393,0
ILSVRC2012_val_00020730_with_ILSVRC2012_val_00030327_rank490,247,376,0.88609,130
ILSVRC2012_val_00020730_with_ILSVRC2012_val_00023491_rank799,905,17,0.14869,382
ILSVRC2012_val_00020730_with_ILSVRC2012_val_00024654_rank616,590,590,0.7315,0
ILSVRC2012_val_00020730_with_ILSVRC2012_val_00038498_rank479,236,164,0.63621,18
ILSVRC2012_val_00020730_with_ILSVRC2012_val_00046890_rank492,651,660,0.28788,37
ILSVRC2012_val_00020730_with_ILSVRC2012_val_00045479_rank748,338,333,0.37258,1
ILSVRC2012_val_00020730_with_ILSVRC2012_val_00025394_rank855,226,226,0.41696,0
ILSVRC2012_val_00020730_with_ILSVRC2012_val_00040952_rank203,240,240,0.94696,0
ILSVRC2012_val_00020730_with_ILSVRC2012_val_00037498_rank931,560,560,0.96514,0
ILSVRC2012_val_00020730_with_ILSVRC2012_val_00008920_rank491,856,586,0.86604,7
ILSVRC2012_val_00020730_with_ILSVRC2012_val_00011581_rank286,574,574,0.13378,0
ILSVRC2012_val_00020730_with_ILSVRC2012_val_00028437_rank873,464,464,0.96965,0
ILSVRC2012_val_00020730_with_ILSVRC2012_val_00045347_rank712,284,356,0.86724,23
ILSVRC2012_val_00020730_with_ILSVRC2012_val_00041408_rank425,894,448,0.71897,340
ILSVRC2012_val_00020730_with_ILSVRC2012_val_00007644_rank349,327,327,0.99945,0
ILSVRC2012_val_00020730_with_ILSVRC2012_val_00041928_rank920,219,219,0.9926,0
ILSVRC2012_val_00020730_with_ILSVRC2012_val_00037830_rank981,575,751,0.4797,20
ILSVRC2012_val_00020730_with_ILSVRC2012_val_00036782_rank937,636,636,0.15314,0
ILSVRC2012_val_00020730_with_ILSVRC2012_val_00006888_rank956,399,92,0.52885,371
ILSVRC2012_val_00020730_with_ILSVRC2012_val_00010387_rank643,845,483,0.0695,854
ILSVRC2012_val_00020730_with_ILSVRC2012_val_00003421_rank156,69,20,0.1962,174
ILSVRC2012_val_00020730_with_ILSVRC2012_val_00015450_rank153,134,134,0.33573,0
ILSVRC2012_val_00020730_with_ILSVRC2012_val_00045756_rank985,419,596,0.33207,153
ILSVRC2012_val_00020730_with_ILSVRC2012_val_00023848_rank225,948,988,0.14415,17
ILSVRC2012_val_00020730_with_ILSVRC2012_val_00004510_rank437,886,886,0.99789,0
ILSVRC2012_val_00020730_with_ILSVRC2012_val_00003169_rank051,24,24,0.96291,0
ILSVRC2012_val_00020730_with_ILSVRC2012_val_00038454_rank945,122,119,0.48644,5
ILSVRC2012_val_00020730_with_ILSVRC2012_val_00020368_rank173,113,113,0.99822,0
ILSVRC2012_val_00020730_with_ILSVRC2012_val_00012320_rank171,984,984,0.99586,0
ILSVRC2012_val_00020730_with_ILSVRC2012_val_00013762_rank169,220,220,0.58784,0
ILSVRC2012_val_00020730_with_ILSVRC2012_val_00027486_rank132,87,87,0.99708,0
ILSVRC2012_val_00020730_with_ILSVRC2012_val_00025617_rank449,244,244,0.99119,0
ILSVRC2012_val_00020730_with_ILSVRC2012_val_00039080_rank398,123,126,0.20021,14
ILSVRC2012_val_00020730_with_ILSVRC2012_val_00028225_rank252,31,31,0.96928,0
ILSVRC2012_val_00020730_with_ILSVRC2012_val_00006117_rank538,713,410,0.76511,83
ILSVRC2012_val_00020730_with_ILSVRC2012_val_00026856_rank127,693,320,0.44899,104
ILSVRC2012_val_00020730_with_ILSVRC2012_val_00016354_rank462,283,283,0.9834,0
ILSVRC2012_val_00020730_with_ILSVRC2012_val_00018365_rank135,312,312,0.93893,0
ILSVRC2012_val_00020730_with_ILSVRC2012_val_00038318_rank772,696,696,0.9968,0
ILSVRC2012_val_00020730_with_ILSVRC2012_val_00031533_rank412,616,677,0.11763,5
ILSVRC2012_val_00020730_with_ILSVRC2012_val_00009710_rank434,550,732,0.28385,17
ILSVRC2012_val_00020730_with_ILSVRC2012_val_00036371_rank395,231,231,0.98494,0
ILSVRC2012_val_00020730_with_ILSVRC2012_val_00034155_rank137,181,181,0.99995,0
ILSVRC2012_val_00020730_with_ILSVRC2012_val_00018633_rank155,815,879,0.82532,159
ILSVRC2012_val_00020730_with_ILSVRC2012_val_00020600_rank702,777,596,0.11119,4
ILSVRC2012_val_00020730_with_ILSVRC2012_val_00032487_rank864,507,507,0.96927,0
ILSVRC2012_val_00020730_with_ILSVRC2012_val_00031234_rank568,469,596,0.26475,138
ILSVRC2012_val_00020730_with_ILSVRC2012_val_00041137_rank195,209,209,0.99648,0
ILSVRC2012_val_00020730_with_ILSVRC2012_val_00012414_rank475,334,334,0.99895,0
ILSVRC2012_val_00020730_with_ILSVRC2012_val_00008085_rank778,185,185,0.19768,0
ILSVRC2012_val_00020730_with_ILSVRC2012_val_00031313_rank823,569,569,0.97981,0
ILSVRC2012_val_00020730_with_ILSVRC2012_val_00046763_rank052,294,294,0.79349,0
ILSVRC2012_val_00020730_with_ILSVRC2012_val_00008283_rank935,650,350,0.37703,440
ILSVRC2012_val_00020730_with_ILSVRC2012_val_00039639_rank101,888,596,0.77653,632
ILSVRC2012_val_00020730_with_ILSVRC2012_val_00032211_rank636,561,561,0.99957,0
ILSVRC2012_val_00020730_with_ILSVRC2012_val_00049931_rank543,238,161,0.43724,6
ILSVRC2012_val_00020730_with_ILSVRC2012_val_00036097_rank395,231,230,0.90745,2
ILSVRC2012_val_00020730_with_ILSVRC2012_val_00047762_rank848,245,245,0.92568,0
ILSVRC2012_val_00020730_with_ILSVRC2012_val_00041634_rank082,114,350,0.63561,918
ILSVRC2012_val_00020730_with_ILSVRC2012_val_00038659_rank901,568,568,0.28557,0
ILSVRC2012_val_00020730_with_ILSVRC2012_val_00015719_rank004,141,141,0.9999,0
ILSVRC2012_val_00020730_with_ILSVRC2012_val_00020964_rank750,610,610,0.98665,0
ILSVRC2012_val_00020730_with_ILSVRC2012_val_00002007_rank536,314,301,0.90551,20
ILSVRC2012_val_00020730_with_ILSVRC2012_val_00027908_rank464,386,101,0.74238,2
ILSVRC2012_val_00020730_with_ILSVRC2012_val_00025806_rank019,18,18,0.99936,0
ILSVRC2012_val_00020730_with_ILSVRC2012_val_00035756_rank754,426,778,0.72944,8
ILSVRC2012_val_00020730_with_ILSVRC2012_val_00034061_rank266,347,243,0.41019,142
ILSVRC2012_val_00020730_with_ILSVRC2012_val_00039374_rank012,136,136,0.99997,0
ILSVRC2012_val_00020730_with_ILSVRC2012_val_00017049_rank657,955,955,0.99533,0
ILSVRC2012_val_00020730_with_ILSVRC2012_val_00000487_rank274,286,286,0.93188,0
ILSVRC2012_val_00020730_with_ILSVRC2012_val_00006461_rank791,982,982,0.31866,0
ILSVRC2012_val_00020730_with_ILSVRC2012_val_00003070_rank533,47,47,0.99972,0
ILSVRC2012_val_00020730_with_ILSVRC2012_val_00024858_rank327,330,330,0.96351,0
ILSVRC2012_val_00020730_with_ILSVRC2012_val_00013259_rank973,570,671,0.5972,273
ILSVRC2012_val_00020730_with_ILSVRC2012_val_00007857_rank913,552,994,0.77288,803
ILSVRC2012_val_00020730_with_ILSVRC2012_val_00039767_rank915,374,368,0.54363,4
ILSVRC2012_val_00020730_with_ILSVRC2012_val_00041028_rank048,91,91,0.99997,0
ILSVRC2012_val_00020730_with_ILSVRC2012_val_00002164_rank690,792,596,0.12972,3
ILSVRC2012_val_00020730_with_ILSVRC2012_val_00020257_rank689,191,191,0.45331,0
ILSVRC2012_val_00020730_with_ILSVRC2012_val_00018176_rank582,878,810,0.25387,1
ILSVRC2012_val_00020730_with_ILSVRC2012_val_00016507_rank092,70,70,0.99956,0
ILSVRC2012_val_00020730_with_ILSVRC2012_val_00008944_rank259,216,216,0.74648,0
ILSVRC2012_val_00020730_with_ILSVRC2012_val_00000906_rank833,452,136,0.1229,593
ILSVRC2012_val_00020730_with_ILSVRC2012_val_00032235_rank493,1,957,0.69187,74
ILSVRC2012_val_00020730_with_ILSVRC2012_val_00024934_rank670,863,862,0.41505,253
ILSVRC2012_val_00020730_with_ILSVRC2012_val_00035121_rank856,796,728,0.65009,118
ILSVRC2012_val_00020730_with_ILSVRC2012_val_00049618_rank053,356,356,0.97778,0
ILSVRC2012_val_00020730_with_ILSVRC2012_val_00029516_rank809,613,613,0.97301,0
ILSVRC2012_val_00020730_with_ILSVRC2012_val_00044119_rank041,145,145,0.99989,0
ILSVRC2012_val_00020730_with_ILSVRC2012_val_00011745_rank979,889,313,0.33673,281
ILSVRC2012_val_00020730_with_ILSVRC2012_val_00023905_rank527,597,23,0.26499,577
ILSVRC2012_val_00020730_with_ILSVRC2012_val_00040690_rank987,523,523,0.82121,0
ILSVRC2012_val_00020730_with_ILSVRC2012_val_00014371_rank955,759,759,0.40239,0
ILSVRC2012_val_00020730_with_ILSVRC2012_val_00026255_rank387,660,660,0.51041,0
ILSVRC2012_val_00020730_with_ILSVRC2012_val_00049168_rank276,306,306,0.71856,0
ILSVRC2012_val_00020730_with_ILSVRC2012_val_00006463_rank025,17,17,0.99968,0
ILSVRC2012_val_00020730_with_ILSVRC2012_val_00008530_rank582,878,878,0.69651,0
ILSVRC2012_val_00020730_with_ILSVRC2012_val_00048579_rank296,949,992,0.48335,15
ILSVRC2012_val_00020730_with_ILSVRC2012_val_00046442_rank644,711,631,0.5236,1
ILSVRC2012_val_00020730_with_ILSVRC2012_val_00000886_rank365,940,951,0.40161,5
ILSVRC2012_val_00020730_with_ILSVRC2012_val_00009559_rank812,701,475,0.07923,341
ILSVRC2012_val_00020730_with_ILSVRC2012_val_00049508_rank349,327,327,0.83724,0
ILSVRC2012_val_00020730_with_ILSVRC2012_val_00029481_rank333,2,2,0.6253,0
ILSVRC2012_val_00020730_with_ILSVRC2012_val_00022705_rank518,156,156,0.99624,0
ILSVRC2012_val_00020730_with_ILSVRC2012_val_00035775_rank375,532,448,0.5148,504
ILSVRC2012_val_00020730_with_ILSVRC2012_val_00002137_rank136,394,26,0.19581,48
ILSVRC2012_val_00020730_with_ILSVRC2012_val_00007664_rank749,93,93,0.99992,0
ILSVRC2012_val_00020730_with_ILSVRC2012_val_00006638_rank992,699,699,0.99801,0
ILSVRC2012_val_00020730_with_ILSVRC2012_val_00002282_rank464,386,386,0.57312,0
ILSVRC2012_val_00020730_with_ILSVRC2012_val_00027952_rank744,735,824,0.12349,1
ILSVRC2012_val_00020730_with_ILSVRC2012_val_00024259_rank312,54,42,0.18393,29
ILSVRC2012_val_00020730_with_ILSVRC2012_val_00028404_rank362,913,20,0.06227,343
ILSVRC2012_val_00020730_with_ILSVRC2012_val_00006405_rank911,747,463,0.67236,91
ILSVRC2012_val_00020730_with_ILSVRC2012_val_00016376_rank452,793,350,0.99211,567
ILSVRC2012_val_00020730_with_ILSVRC2012_val_00008225_rank308,939,991,0.09333,103
ILSVRC2012_val_00020730_with_ILSVRC2012_val_00004729_rank583,604,604,0.79115,0
ILSVRC2012_val_00020730_with_ILSVRC2012_val_00036050_rank776,805,805,0.99881,0
ILSVRC2012_val_00020730_with_ILSVRC2012_val_00032902_rank191,78,78,0.99479,0
ILSVRC2012_val_00020730_with_ILSVRC2012_val_00023691_rank754,426,409,0.77614,3
ILSVRC2012_val_00020730_with_ILSVRC2012_val_00004555_rank533,47,47,0.33045,0
ILSVRC2012_val_00020730_with_ILSVRC2012_val_00037999_rank384,193,193,0.99098,0
ILSVRC2012_val_00020730_with_ILSVRC2012_val_00007683_rank305,110,110,0.99958,0
ILSVRC2012_val_00020730_with_ILSVRC2012_val_00036929_rank124,825,825,0.99369,0
ILSVRC2012_val_00020730_with_ILSVRC2012_val_00005592_rank236,847,586,0.99247,1
ILSVRC2012_val_00020730_with_ILSVRC2012_val_00018184_rank616,590,487,0.46328,1
ILSVRC2012_val_00020730_with_ILSVRC2012_val_00001602_rank131,405,405,0.9869,0
ILSVRC2012_val_00020730_with_ILSVRC2012_val_00000576_rank017,86,86,0.92918,0
ILSVRC2012_val_00020730_with_ILSVRC2012_val_00049441_rank961,412,448,0.27494,49
ILSVRC2012_val_00020730_with_ILSVRC2012_val_00001331_rank925,784,845,0.26556,6
ILSVRC2012_val_00020730_with_ILSVRC2012_val_00042719_rank330,369,368,0.15862,1
ILSVRC2012_val_00020730_with_ILSVRC2012_val_00027699_rank352,256,256,0.89183,0
ILSVRC2012_val_00020730_with_ILSVRC2012_val_00023427_rank240,609,609,0.99977,0
ILSVRC2012_val_00020730_with_ILSVRC2012_val_00019592_rank536,314,310,0.76392,11
ILSVRC2012_val_00020730_with_ILSVRC2012_val_00018431_rank235,387,387,0.95867,0
ILSVRC2012_val_00020730_with_ILSVRC2012_val_00028500_rank796,199,227,0.24466,45
ILSVRC2012_val_00020730_with_ILSVRC2012_val_00017108_rank713,605,605,0.99682,0
ILSVRC2012_val_00020730_with_ILSVRC2012_val_00006566_rank323,384,384,0.98817,0
ILSVRC2012_val_00020730_with_ILSVRC2012_val_00024487_rank313,671,671,0.81478,0
ILSVRC2012_val_00020730_with_ILSVRC2012_val_00030204_rank813,630,630,0.56208,0
ILSVRC2012_val_00020730_with_ILSVRC2012_val_00023957_rank775,953,947,0.5293,189
ILSVRC2012_val_00020730_with_ILSVRC2012_val_00030567_rank761,162,162,0.92882,0
ILSVRC2012_val_00020730_with_ILSVRC2012_val_00028270_rank496,311,311,0.97667,0
ILSVRC2012_val_00020730_with_ILSVRC2012_val_00016215_rank464,386,349,0.24583,13
ILSVRC2012_val_00020730_with_ILSVRC2012_val_00042777_rank127,693,326,0.18954,542
ILSVRC2012_val_00020730_with_ILSVRC2012_val_00001180_rank807,715,715,0.99847,0
ILSVRC2012_val_00020730_with_ILSVRC2012_val_00013183_rank223,120,120,0.96014,0
ILSVRC2012_val_00020730_with_ILSVRC2012_val_00026922_rank519,717,717,0.13552,0
ILSVRC2012_val_00020730_with_ILSVRC2012_val_00027099_rank704,664,879,0.24723,447
ILSVRC2012_val_00020730_with_ILSVRC2012_val_00006477_rank573,887,448,0.11509,241
ILSVRC2012_val_00020730_with_ILSVRC2012_val_00028696_rank527,597,597,0.15912,0
ILSVRC2012_val_00020730_with_ILSVRC2012_val_00027829_rank489,60,600,0.32098,94
ILSVRC2012_val_00020730_with_ILSVRC2012_val_00035394_rank329,938,987,0.14753,15
ILSVRC2012_val_00020730_with_ILSVRC2012_val_00025136_rank797,528,528,0.98933,0
ILSVRC2012_val_00020730_with_ILSVRC2012_val_00017473_rank855,226,226,0.99939,0
ILSVRC2012_val_00020730_with_ILSVRC2012_val_00004667_rank612,516,728,0.87719,124
ILSVRC2012_val_00020730_with_ILSVRC2012_val_00047286_rank569,742,742,0.98073,0
ILSVRC2012_val_00020730_with_ILSVRC2012_val_00028322_rank445,189,189,0.97947,0
ILSVRC2012_val_00020730_with_ILSVRC2012_val_00041305_rank518,156,156,0.99349,0
ILSVRC2012_val_00020730_with_ILSVRC2012_val_00032043_rank306,222,279,0.30984,22
ILSVRC2012_val_00020730_with_ILSVRC2012_val_00012119_rank775,953,323,0.43047,116
ILSVRC2012_val_00020730_with_ILSVRC2012_val_00035680_rank397,190,181,0.37631,8
ILSVRC2012_val_00020730_with_ILSVRC2012_val_00049358_rank232,924,924,0.96932,0
ILSVRC2012_val_00020730_with_ILSVRC2012_val_00009843_rank235,387,387,0.99959,0
ILSVRC2012_val_00020730_with_ILSVRC2012_val_00012062_rank595,432,413,0.13207,29
ILSVRC2012_val_00020730_with_ILSVRC2012_val_00038932_rank985,419,596,0.17055,153
ILSVRC2012_val_00020730_with_ILSVRC2012_val_00007185_rank174,397,397,0.28423,0
ILSVRC2012_val_00020730_with_ILSVRC2012_val_00027718_rank947,872,872,0.59777,0
ILSVRC2012_val_00020730_with_ILSVRC2012_val_00026937_rank347,211,211,0.97154,0
ILSVRC2012_val_00020730_with_ILSVRC2012_val_00037117_rank848,245,179,0.49526,3
ILSVRC2012_val_00020730_with_ILSVRC2012_val_00011315_rank022,95,95,0.99984,0
ILSVRC2012_val_00020730_with_ILSVRC2012_val_00002662_rank984,823,728,0.17017,358
ILSVRC2012_val_00020730_with_ILSVRC2012_val_00020805_rank778,185,185,0.9878,0
ILSVRC2012_val_00020730_with_ILSVRC2012_val_00015822_rank716,794,448,0.82947,864
ILSVRC2012_val_00020730_with_ILSVRC2012_val_00038692_rank451,760,637,0.24708,89
ILSVRC2012_val_00020730_with_ILSVRC2012_val_00024203_rank282,746,746,0.84578,0
ILSVRC2012_val_00020730_with_ILSVRC2012_val_00000908_rank166,41,41,0.99287,0
ILSVRC2012_val_00020730_with_ILSVRC2012_val_00037653_rank221,33,33,0.94537,0
ILSVRC2012_val_00020730_with_ILSVRC2012_val_00013163_rank883,413,413,0.73229,0
ILSVRC2012_val_00020730_with_ILSVRC2012_val_00009335_rank195,209,211,0.25357,4
ILSVRC2012_val_00020730_with_ILSVRC2012_val_00009126_rank659,682,682,0.65579,0
ILSVRC2012_val_00020730_with_ILSVRC2012_val_00013778_rank685,427,634,0.35169,18
ILSVRC2012_val_00020730_with_ILSVRC2012_val_00040104_rank533,47,47,0.97541,0
ILSVRC2012_val_00020730_with_ILSVRC2012_val_00019446_rank229,348,348,0.80587,0
ILSVRC2012_val_00020730_with_ILSVRC2012_val_00028581_rank887,737,438,0.58928,7
ILSVRC2012_val_00020730_with_ILSVRC2012_val_00023862_rank711,892,835,0.96873,11
ILSVRC2012_val_00020730_with_ILSVRC2012_val_00043127_rank058,279,279,0.49586,0
ILSVRC2012_val_00020730_with_ILSVRC2012_val_00011797_rank572,723,723,0.98316,0
ILSVRC2012_val_00020730_with_ILSVRC2012_val_00040803_rank027,85,85,0.99073,0
ILSVRC2012_val_00020730_with_ILSVRC2012_val_00047141_rank408,783,783,0.99136,0
ILSVRC2012_val_00020730_with_ILSVRC2012_val_00004533_rank691,519,483,0.19811,273
ILSVRC2012_val_00020730_with_ILSVRC2012_val_00028806_rank497,928,928,0.1432,0
ILSVRC2012_val_00020730_with_ILSVRC2012_val_00039360_rank039,326,326,0.99868,0
ILSVRC2012_val_00020730_with_ILSVRC2012_val_00001972_rank978,541,541,0.55056,0
ILSVRC2012_val_00020730_with_ILSVRC2012_val_00028931_rank158,342,342,0.88531,0
ILSVRC2012_val_00020730_with_ILSVRC2012_val_00035363_rank016,142,20,0.43351,12
ILSVRC2012_val_00020730_with_ILSVRC2012_val_00037082_rank251,900,900,0.99693,0
ILSVRC2012_val_00020730_with_ILSVRC2012_val_00033493_rank261,488,70,0.09824,519
ILSVRC2012_val_00020730_with_ILSVRC2012_val_00013094_rank347,211,211,0.49339,0
ILSVRC2012_val_00020730_with_ILSVRC2012_val_00013704_rank519,717,717,0.80039,0
ILSVRC2012_val_00020730_with_ILSVRC2012_val_00033050_rank530,111,350,0.30713,280
ILSVRC2012_val_00020730_with_ILSVRC2012_val_00009160_rank765,499,920,0.19274,933
ILSVRC2012_val_00020730_with_ILSVRC2012_val_00029274_rank480,752,752,0.82227,0
ILSVRC2012_val_00020730_with_ILSVRC2012_val_00031903_rank310,301,301,0.99856,0
ILSVRC2012_val_00020730_with_ILSVRC2012_val_00005501_rank788,543,783,0.33209,34
ILSVRC2012_val_00020730_with_ILSVRC2012_val_00021709_rank076,144,144,0.99943,0
ILSVRC2012_val_00020730_with_ILSVRC2012_val_00047690_rank151,272,278,0.36206,6
ILSVRC2012_val_00020730_with_ILSVRC2012_val_00043026_rank126,993,993,0.99853,0
ILSVRC2012_val_00020730_with_ILSVRC2012_val_00011423_rank195,209,209,0.62485,0
ILSVRC2012_val_00020730_with_ILSVRC2012_val_00026160_rank745,526,844,0.29842,977
ILSVRC2012_val_00020730_with_ILSVRC2012_val_00040773_rank334,233,183,0.24648,2
ILSVRC2012_val_00020730_with_ILSVRC2012_val_00035323_rank381,109,109,0.88222,0
ILSVRC2012_val_00020730_with_ILSVRC2012_val_00028026_rank878,779,779,0.99986,0
ILSVRC2012_val_00020730_with_ILSVRC2012_val_00020100_rank389,495,495,0.36069,0
ILSVRC2012_val_00020730_with_ILSVRC2012_val_00037548_rank966,859,732,0.82725,13
ILSVRC2012_val_00020730_with_ILSVRC2012_val_00001809_rank649,867,919,0.50504,60
ILSVRC2012_val_00020730_with_ILSVRC2012_val_00032903_rank443,858,315,0.30214,273
ILSVRC2012_val_00020730_with_ILSVRC2012_val_00039420_rank707,673,464,0.25971,332
ILSVRC2012_val_00020730_with_ILSVRC2012_val_00035540_rank002,13,10,0.73695,2
ILSVRC2012_val_00020730_with_ILSVRC2012_val_00027985_rank749,93,93,0.99997,0
ILSVRC2012_val_00020730_with_ILSVRC2012_val_00018073_rank298,329,25,0.2724,42
ILSVRC2012_val_00020730_with_ILSVRC2012_val_00039711_rank348,200,219,0.80657,13
ILSVRC2012_val_00020730_with_ILSVRC2012_val_00002921_rank401,227,273,0.17045,2
ILSVRC2012_val_00020730_with_ILSVRC2012_val_00021480_rank656,902,902,0.93642,0
ILSVRC2012_val_00020730_with_ILSVRC2012_val_00030097_rank479,236,173,0.50691,24
ILSVRC2012_val_00020730_with_ILSVRC2012_val_00010479_rank269,941,941,0.99844,0
ILSVRC2012_val_00020730_with_ILSVRC2012_val_00041711_rank730,843,843,0.23383,0
ILSVRC2012_val_00020730_with_ILSVRC2012_val_00022143_rank594,722,722,0.96752,0
ILSVRC2012_val_00020730_with_ILSVRC2012_val_00036119_rank313,671,600,0.30133,777
ILSVRC2012_val_00020730_with_ILSVRC2012_val_00003668_rank872,841,20,0.44571,860
ILSVRC2012_val_00020730_with_ILSVRC2012_val_00015269_rank008,19,11,0.73926,4
ILSVRC2012_val_00020730_with_ILSVRC2012_val_00000602_rank921,850,850,0.98351,0
ILSVRC2012_val_00020730_with_ILSVRC2012_val_00044202_rank640,192,192,0.75817,0
ILSVRC2012_val_00020730_with_ILSVRC2012_val_00013768_rank882,88,88,0.99994,0
ILSVRC2012_val_00020730_with_ILSVRC2012_val_00045169_rank773,478,448,0.54855,30
ILSVRC2012_val_00020730_with_ILSVRC2012_val_00032723_rank754,426,426,0.56832,0
ILSVRC2012_val_00020730_with_ILSVRC2012_val_00004780_rank041,145,145,1.0,0
ILSVRC2012_val_00020730_with_ILSVRC2012_val_00004091_rank315,315,315,0.99547,0
ILSVRC2012_val_00020730_with_ILSVRC2012_val_00003761_rank571,721,917,0.16288,58
ILSVRC2012_val_00020730_with_ILSVRC2012_val_00034616_rank602,159,159,0.94921,0
ILSVRC2012_val_00020730_with_ILSVRC2012_val_00021301_rank473,468,468,0.98549,0
ILSVRC2012_val_00020730_with_ILSVRC2012_val_00005241_rank261,488,488,0.52769,0
ILSVRC2012_val_00020730_with_ILSVRC2012_val_00013515_rank011,143,143,0.99996,0
ILSVRC2012_val_00020730_with_ILSVRC2012_val_00012253_rank104,367,367,0.91643,0
ILSVRC2012_val_00020730_with_ILSVRC2012_val_00027301_rank262,5,5,0.99594,0
ILSVRC2012_val_00020730_with_ILSVRC2012_val_00022577_rank491,856,856,0.90623,0
ILSVRC2012_val_00020730_with_ILSVRC2012_val_00031302_rank505,171,172,0.14606,1
ILSVRC2012_val_00020730_with_ILSVRC2012_val_00024424_rank844,587,677,0.95907,4
ILSVRC2012_val_00020730_with_ILSVRC2012_val_00013295_rank485,874,705,0.75054,3
ILSVRC2012_val_00020730_with_ILSVRC2012_val_00003512_rank733,754,492,0.85767,48
ILSVRC2012_val_00020730_with_ILSVRC2012_val_00023842_rank186,640,835,0.43324,4
ILSVRC2012_val_00020730_with_ILSVRC2012_val_00000406_rank150,935,935,0.24821,0
ILSVRC2012_val_00020730_with_ILSVRC2012_val_00026243_rank170,961,947,0.2229,51
ILSVRC2012_val_00020730_with_ILSVRC2012_val_00028416_rank335,694,595,0.15813,17
ILSVRC2012_val_00020730_with_ILSVRC2012_val_00025294_rank894,785,129,0.53266,761
ILSVRC2012_val_00020730_with_ILSVRC2012_val_00017298_rank720,563,563,0.79016,0
ILSVRC2012_val_00020730_with_ILSVRC2012_val_00019671_rank334,233,233,0.9944,0
ILSVRC2012_val_00020730_with_ILSVRC2012_val_00006582_rank074,27,27,0.93367,0
ILSVRC2012_val_00020730_with_ILSVRC2012_val_00049432_rank624,868,455,0.54454,59
ILSVRC2012_val_00020730_with_ILSVRC2012_val_00037314_rank951,632,632,0.98426,0
ILSVRC2012_val_00020730_with_ILSVRC2012_val_00048728_rank161,990,990,0.99789,0
ILSVRC2012_val_00020730_with_ILSVRC2012_val_00024914_rank749,93,93,0.9779,0
ILSVRC2012_val_00020730_with_ILSVRC2012_val_00038280_rank416,242,180,0.25889,2
ILSVRC2012_val_00020730_with_ILSVRC2012_val_00012467_rank588,687,497,0.41774,5
ILSVRC2012_val_00020730_with_ILSVRC2012_val_00048888_rank003,140,140,0.99933,0
ILSVRC2012_val_00020730_with_ILSVRC2012_val_00047941_rank083,36,37,0.78927,2
ILSVRC2012_val_00020730_with_ILSVRC2012_val_00047471_rank549,465,465,0.32726,0
ILSVRC2012_val_00020730_with_ILSVRC2012_val_00037230_rank285,152,152,0.99167,0
ILSVRC2012_val_00020730_with_ILSVRC2012_val_00026422_rank164,362,362,0.31723,0
ILSVRC2012_val_00020730_with_ILSVRC2012_val_00010243_rank307,618,494,0.48937,79
ILSVRC2012_val_00020730_with_ILSVRC2012_val_00034715_rank733,754,844,0.18049,20
ILSVRC2012_val_00020730_with_ILSVRC2012_val_00024529_rank180,278,273,0.79384,7
ILSVRC2012_val_00020730_with_ILSVRC2012_val_00019214_rank194,483,483,0.98113,0
ILSVRC2012_val_00020730_with_ILSVRC2012_val_00036134_rank942,830,703,0.82319,37
ILSVRC2012_val_00020730_with_ILSVRC2012_val_00048444_rank866,654,609,0.68497,12
ILSVRC2012_val_00020730_with_ILSVRC2012_val_00032685_rank100,274,274,0.95719,0
ILSVRC2012_val_00020730_with_ILSVRC2012_val_00048133_rank307,618,641,0.22464,55
ILSVRC2012_val_00020730_with_ILSVRC2012_val_00021439_rank965,683,677,0.10352,178
ILSVRC2012_val_00020730_with_ILSVRC2012_val_00049074_rank756,745,745,0.99443,0
ILSVRC2012_val_00020730_with_ILSVRC2012_val_00002551_rank100,274,274,0.9994,0
ILSVRC2012_val_00020730_with_ILSVRC2012_val_00042418_rank565,224,224,0.70731,0
ILSVRC2012_val_00020730_with_ILSVRC2012_val_00014177_rank544,942,988,0.34441,43
ILSVRC2012_val_00020730_with_ILSVRC2012_val_00000034_rank319,981,20,0.17298,309
ILSVRC2012_val_00020730_with_ILSVRC2012_val_00039959_rank592,725,725,0.60747,0
ILSVRC2012_val_00020730_with_ILSVRC2012_val_00018860_rank544,942,310,0.34906,197
ILSVRC2012_val_00020730_with_ILSVRC2012_val_00018581_rank068,391,89,0.30977,278
ILSVRC2012_val_00020730_with_ILSVRC2012_val_00034480_rank247,718,494,0.41025,700
ILSVRC2012_val_00020730_with_ILSVRC2012_val_00025997_rank928,726,889,0.36943,45
ILSVRC2012_val_00020730_with_ILSVRC2012_val_00007356_rank445,189,189,0.45245,0
ILSVRC2012_val_00020730_with_ILSVRC2012_val_00030897_rank623,840,816,0.67045,31
ILSVRC2012_val_00020730_with_ILSVRC2012_val_00028628_rank579,285,285,0.26581,0
ILSVRC2012_val_00020730_with_ILSVRC2012_val_00012614_rank923,702,733,0.15552,9
ILSVRC2012_val_00020730_with_ILSVRC2012_val_00012813_rank641,834,59,0.58424,854
ILSVRC2012_val_00020730_with_ILSVRC2012_val_00014226_rank125,988,988,0.99953,0
ILSVRC2012_val_00020730_with_ILSVRC2012_val_00026527_rank925,784,677,0.92125,5
ILSVRC2012_val_00020730_with_ILSVRC2012_val_00019783_rank073,989,989,0.99946,0
ILSVRC2012_val_00020730_with_ILSVRC2012_val_00000851_rank573,887,143,0.73055,815
ILSVRC2012_val_00020730_with_ILSVRC2012_val_00003361_rank005,139,139,0.99989,0
ILSVRC2012_val_00020730_with_ILSVRC2012_val_00024289_rank026,357,357,0.26532,0
ILSVRC2012_val_00020730_with_ILSVRC2012_val_00007178_rank787,163,163,0.99945,0
ILSVRC2012_val_00020730_with_ILSVRC2012_val_00001680_rank371,890,43,0.49314,581
ILSVRC2012_val_00020730_with_ILSVRC2012_val_00004890_rank524,903,994,0.92176,477
ILSVRC2012_val_00020730_with_ILSVRC2012_val_00021304_rank507,596,677,0.43407,11
ILSVRC2012_val_00020730_with_ILSVRC2012_val_00028725_rank620,253,277,0.52313,72
ILSVRC2012_val_00020730_with_ILSVRC2012_val_00036683_rank515,756,898,0.45472,52
ILSVRC2012_val_00020730_with_ILSVRC2012_val_00036186_rank276,306,119,0.064,30
ILSVRC2012_val_00020730_with_ILSVRC2012_val_00015383_rank695,824,947,0.19451,894
ILSVRC2012_val_00020730_with_ILSVRC2012_val_00022815_rank794,446,681,0.12917,17
ILSVRC2012_val_00020730_with_ILSVRC2012_val_00039287_rank906,623,749,0.70363,5
ILSVRC2012_val_00020730_with_ILSVRC2012_val_00034329_rank931,560,900,0.96117,80
ILSVRC2012_val_00020730_with_ILSVRC2012_val_00024386_rank889,379,178,0.25726,999
ILSVRC2012_val_00020730_with_ILSVRC2012_val_00015033_rank889,379,379,0.26331,0
ILSVRC2012_val_00020730_with_ILSVRC2012_val_00007043_rank021,131,131,0.99683,0
ILSVRC2012_val_00020730_with_ILSVRC2012_val_00020292_rank614,615,615,0.99918,0
ILSVRC2012_val_00020730_with_ILSVRC2012_val_00014413_rank719,450,47,0.05906,945
ILSVRC2012_val_00020730_with_ILSVRC2012_val_00032942_rank266,347,286,0.21056,42
ILSVRC2012_val_00020730_with_ILSVRC2012_val_00033088_rank380,101,101,0.24658,0
ILSVRC2012_val_00020730_with_ILSVRC2012_val_00042652_rank428,339,350,0.64684,83
ILSVRC2012_val_00020730_with_ILSVRC2012_val_00005386_rank675,644,470,0.91912,2
ILSVRC2012_val_00020730_with_ILSVRC2012_val_00049955_rank871,813,596,0.22842,14
ILSVRC2012_val_00020730_with_ILSVRC2012_val_00038913_rank142,287,287,0.99973,0
ILSVRC2012_val_00020730_with_ILSVRC2012_val_00045572_rank404,724,625,0.37116,8
ILSVRC2012_val_00020730_with_ILSVRC2012_val_00014567_rank762,739,739,0.99744,0
ILSVRC2012_val_00020730_with_ILSVRC2012_val_00008288_rank928,726,726,0.63296,0
ILSVRC2012_val_00020730_with_ILSVRC2012_val_00038331_rank418,668,483,0.33356,12
ILSVRC2012_val_00020730_with_ILSVRC2012_val_00044083_rank522,484,871,0.25057,1
ILSVRC2012_val_00020730_with_ILSVRC2012_val_00012564_rank305,110,110,0.3783,0
ILSVRC2012_val_00020730_with_ILSVRC2012_val_00000970_rank752,105,336,0.46381,79
ILSVRC2012_val_00020730_with_ILSVRC2012_val_00031176_rank273,802,763,0.482,918
ILSVRC2012_val_00020730_with_ILSVRC2012_val_00039148_rank260,547,408,0.12802,19
ILSVRC2012_val_00020730_with_ILSVRC2012_val_00037111_rank137,181,181,0.99993,0
ILSVRC2012_val_00020730_with_ILSVRC2012_val_00020027_rank635,428,703,0.1474,10
ILSVRC2012_val_00020730_with_ILSVRC2012_val_00002673_rank921,850,947,0.13327,85
ILSVRC2012_val_00020730_with_ILSVRC2012_val_00022968_rank688,832,832,0.95615,0
ILSVRC2012_val_00020730_with_ILSVRC2012_val_00043176_rank619,622,622,0.99986,0
ILSVRC2012_val_00020730_with_ILSVRC2012_val_00009001_rank188,625,625,0.99859,0
ILSVRC2012_val_00020730_with_ILSVRC2012_val_00038265_rank065,50,44,0.81248,2
ILSVRC2012_val_00020730_with_ILSVRC2012_val_00030379_rank627,720,720,0.64898,0
ILSVRC2012_val_00020730_with_ILSVRC2012_val_00034682_rank555,214,214,0.74991,0
ILSVRC2012_val_00020730_with_ILSVRC2012_val_00018161_rank139,316,316,0.95231,0
ILSVRC2012_val_00020730_with_ILSVRC2012_val_00023847_rank953,772,792,0.32563,272
ILSVRC2012_val_00020730_with_ILSVRC2012_val_00019530_rank609,502,770,0.2358,6
ILSVRC2012_val_00020730_with_ILSVRC2012_val_00027582_rank349,327,327,0.99955,0
ILSVRC2012_val_00020730_with_ILSVRC2012_val_00002234_rank325,241,241,0.97548,0
ILSVRC2012_val_00020730_with_ILSVRC2012_val_00033255_rank124,825,825,0.42569,0
ILSVRC2012_val_00020730_with_ILSVRC2012_val_00005454_rank289,346,346,0.71251,0
ILSVRC2012_val_00020730_with_ILSVRC2012_val_00012189_rank444,429,429,0.99971,0
ILSVRC2012_val_00020730_with_ILSVRC2012_val_00025652_rank990,246,251,0.97997,4
ILSVRC2012_val_00020730_with_ILSVRC2012_val_00000058_rank157,994,994,0.97711,0
ILSVRC2012_val_00020730_with_ILSVRC2012_val_00032082_rank042,99,947,0.78297,178
ILSVRC2012_val_00020730_with_ILSVRC2012_val_00042269_rank875,686,686,0.98152,0
ILSVRC2012_val_00020730_with_ILSVRC2012_val_00049187_rank297,46,46,0.38423,0
ILSVRC2012_val_00020730_with_ILSVRC2012_val_00005242_rank479,236,236,0.56844,0
ILSVRC2012_val_00020730_with_ILSVRC2012_val_00014216_rank462,283,283,0.99813,0
ILSVRC2012_val_00020730_with_ILSVRC2012_val_00034492_rank056,92,95,0.9995,1
ILSVRC2012_val_00020730_with_ILSVRC2012_val_00029917_rank901,568,457,0.0702,23
ILSVRC2012_val_00020730_with_ILSVRC2012_val_00015777_rank564,943,943,0.96135,0
ILSVRC2012_val_00020730_with_ILSVRC2012_val_00035049_rank934,223,295,0.21011,6
ILSVRC2012_val_00020730_with_ILSVRC2012_val_00011723_rank124,825,519,0.12422,314
ILSVRC2012_val_00020730_with_ILSVRC2012_val_00037898_rank216,149,971,0.12773,335
ILSVRC2012_val_00020730_with_ILSVRC2012_val_00041344_rank068,391,391,0.99889,0
ILSVRC2012_val_00020730_with_ILSVRC2012_val_00003944_rank665,482,754,0.33661,4
ILSVRC2012_val_00020730_with_ILSVRC2012_val_00048646_rank418,668,703,0.09434,287
ILSVRC2012_val_00020730_with_ILSVRC2012_val_00038700_rank719,450,879,0.64432,766
ILSVRC2012_val_00020730_with_ILSVRC2012_val_00023012_rank169,220,220,0.94665,0
ILSVRC2012_val_00020730_with_ILSVRC2012_val_00030937_rank187,912,20,0.06307,159
ILSVRC2012_val_00020730_with_ILSVRC2012_val_00002973_rank087,991,991,0.38608,0
ILSVRC2012_val_00020730_with_ILSVRC2012_val_00017647_rank704,664,664,0.14471,0
ILSVRC2012_val_00020730_with_ILSVRC2012_val_00035519_rank286,574,574,0.99984,0
ILSVRC2012_val_00020730_with_ILSVRC2012_val_00039294_rank599,864,517,0.46125,7
ILSVRC2012_val_00020730_with_ILSVRC2012_val_00017695_rank497,928,947,0.66028,112
ILSVRC2012_val_00020730_with_ILSVRC2012_val_00009463_rank611,957,992,0.77041,12
ILSVRC2012_val_00020730_with_ILSVRC2012_val_00033332_rank831,631,720,0.23536,5
ILSVRC2012_val_00020730_with_ILSVRC2012_val_00041088_rank009,137,137,0.99939,0
ILSVRC2012_val_00020730_with_ILSVRC2012_val_00020578_rank072,127,85,0.37842,91
ILSVRC2012_val_00020730_with_ILSVRC2012_val_00021972_rank969,457,94,0.15617,702
ILSVRC2012_val_00020730_with_ILSVRC2012_val_00019686_rank695,824,7,0.34641,924
ILSVRC2012_val_00020730_with_ILSVRC2012_val_00011120_rank074,27,38,0.99313,9
ILSVRC2012_val_00020730_with_ILSVRC2012_val_00019431_rank899,719,719,0.99286,0
ILSVRC2012_val_00020730_with_ILSVRC2012_val_00046809_rank366,781,692,0.61634,144
ILSVRC2012_val_00020730_with_ILSVRC2012_val_00049318_rank705,614,317,0.40575,775
ILSVRC2012_val_00020730_with_ILSVRC2012_val_00040709_rank628,680,637,0.11888,981
ILSVRC2012_val_00020730_with_ILSVRC2012_val_00013831_rank957,401,401,0.99951,0
ILSVRC2012_val_00020730_with_ILSVRC2012_val_00015654_rank885,571,571,0.98098,0
ILSVRC2012_val_00020730_with_ILSVRC2012_val_00016787_rank109,324,324,0.99909,0
ILSVRC2012_val_00020730_with_ILSVRC2012_val_00020128_rank105,221,267,0.21924,4
ILSVRC2012_val_00020730_with_ILSVRC2012_val_00043685_rank647,870,20,0.08414,646
ILSVRC2012_val_00020730_with_ILSVRC2012_val_00016025_rank817,558,320,0.20192,163
ILSVRC2012_val_00020730_with_ILSVRC2012_val_00048761_rank147,218,215,0.48834,1
ILSVRC2012_val_00020730_with_ILSVRC2012_val_00005836_rank223,120,119,0.51058,1
ILSVRC2012_val_00020730_with_ILSVRC2012_val_00037253_rank138,296,296,0.67772,0
ILSVRC2012_val_00020730_with_ILSVRC2012_val_00040197_rank140,992,992,0.9658,0
ILSVRC2012_val_00020730_with_ILSVRC2012_val_00046745_rank323,384,384,0.63792,0
ILSVRC2012_val_00020730_with_ILSVRC2012_val_00037233_rank012,136,136,0.98919,0
ILSVRC2012_val_00020730_with_ILSVRC2012_val_00035321_rank147,218,218,0.99325,0
ILSVRC2012_val_00020730_with_ILSVRC2012_val_00047755_rank620,253,263,0.92251,8
ILSVRC2012_val_00020730_with_ILSVRC2012_val_00021012_rank389,495,604,0.36699,56
ILSVRC2012_val_00020730_with_ILSVRC2012_val_00022378_rank881,577,326,0.48975,436
ILSVRC2012_val_00020730_with_ILSVRC2012_val_00042142_rank134,40,40,0.73741,0
ILSVRC2012_val_00020730_with_ILSVRC2012_val_00015572_rank676,983,973,0.09075,2
ILSVRC2012_val_00020730_with_ILSVRC2012_val_00018562_rank131,405,405,0.94859,0
ILSVRC2012_val_00020730_with_ILSVRC2012_val_00008021_rank933,470,470,0.29411,0
ILSVRC2012_val_00020730_with_ILSVRC2012_val_00007366_rank766,202,202,0.95518,0
ILSVRC2012_val_00020730_with_ILSVRC2012_val_00029026_rank284,971,971,0.35737,0
ILSVRC2012_val_00020730_with_ILSVRC2012_val_00009073_rank220,853,350,0.18306,159
ILSVRC2012_val_00020730_with_ILSVRC2012_val_00036913_rank761,162,167,0.70446,3
ILSVRC2012_val_00020730_with_ILSVRC2012_val_00027317_rank231,755,326,0.81194,90
ILSVRC2012_val_00020730_with_ILSVRC2012_val_00027644_rank189,947,923,0.2591,20
ILSVRC2012_val_00020730_with_ILSVRC2012_val_00018017_rank403,376,376,0.99992,0
ILSVRC2012_val_00020730_with_ILSVRC2012_val_00043609_rank785,642,642,0.61793,0
ILSVRC2012_val_00020730_with_ILSVRC2012_val_00023169_rank550,881,881,0.88915,0
ILSVRC2012_val_00020730_with_ILSVRC2012_val_00014684_rank342,522,522,0.73546,0
ILSVRC2012_val_00020730_with_ILSVRC2012_val_00032258_rank493,1,1,0.9986,0
ILSVRC2012_val_00020730_with_ILSVRC2012_val_00034073_rank895,674,674,0.41251,0
ILSVRC2012_val_00020730_with_ILSVRC2012_val_00011098_rank309,780,780,0.98558,0
ILSVRC2012_val_00020730_with_ILSVRC2012_val_00003815_rank309,780,728,0.26301,927
ILSVRC2012_val_00020730_with_ILSVRC2012_val_00021884_rank208,649,649,0.86772,0
ILSVRC2012_val_00020730_with_ILSVRC2012_val_00036066_rank252,31,31,0.98099,0
ILSVRC2012_val_00020730_with_ILSVRC2012_val_00048174_rank108,297,297,0.84581,0
ILSVRC2012_val_00020730_with_ILSVRC2012_val_00017639_rank016,142,142,0.99802,0
ILSVRC2012_val_00020730_with_ILSVRC2012_val_00027210_rank594,722,722,0.84364,0
ILSVRC2012_val_00020730_with_ILSVRC2012_val_00024140_rank179,377,377,0.59416,0
ILSVRC2012_val_00020730_with_ILSVRC2012_val_00027015_rank431,919,143,0.31951,721
ILSVRC2012_val_00020730_with_ILSVRC2012_val_00048308_rank483,817,817,0.92593,0
ILSVRC2012_val_00020730_with_ILSVRC2012_val_00013665_rank616,590,487,0.27446,1
ILSVRC2012_val_00020730_with_ILSVRC2012_val_00013895_rank467,345,595,0.03749,215
ILSVRC2012_val_00020730_with_ILSVRC2012_val_00020524_rank344,511,511,0.6977,0
ILSVRC2012_val_00020730_with_ILSVRC2012_val_00032046_rank525,487,590,0.49661,1
ILSVRC2012_val_00020730_with_ILSVRC2012_val_00015045_rank176,6,92,0.05886,101
ILSVRC2012_val_00020730_with_ILSVRC2012_val_00008719_rank192,48,48,0.99933,0
ILSVRC2012_val_00020730_with_ILSVRC2012_val_00002009_rank528,565,565,0.30328,0
ILSVRC2012_val_00020730_with_ILSVRC2012_val_00025052_rank514,896,896,0.97196,0
ILSVRC2012_val_00020730_with_ILSVRC2012_val_00028349_rank643,845,845,0.22799,0
ILSVRC2012_val_00020730_with_ILSVRC2012_val_00007323_rank018,80,80,0.99997,0
ILSVRC2012_val_00020730_with_ILSVRC2012_val_00018948_rank339,4,115,0.39792,56
ILSVRC2012_val_00020730_with_ILSVRC2012_val_00037279_rank085,59,448,0.45484,448
ILSVRC2012_val_00020730_with_ILSVRC2012_val_00015800_rank180,278,356,0.30224,26
ILSVRC2012_val_00020730_with_ILSVRC2012_val_00044876_rank295,388,388,0.99749,0
ILSVRC2012_val_00020730_with_ILSVRC2012_val_00020797_rank914,676,39,0.07047,877
ILSVRC2012_val_00020730_with_ILSVRC2012_val_00013279_rank617,261,261,0.99037,0
ILSVRC2012_val_00020730_with_ILSVRC2012_val_00004580_rank156,69,69,0.99918,0
ILSVRC2012_val_00020730_with_ILSVRC2012_val_00025726_rank471,212,217,0.17288,2
ILSVRC2012_val_00020730_with_ILSVRC2012_val_00033503_rank030,82,82,0.92253,0
ILSVRC2012_val_00020730_with_ILSVRC2012_val_00011158_rank134,40,47,0.99694,3
ILSVRC2012_val_00020730_with_ILSVRC2012_val_00025796_rank193,66,67,0.5466,5
ILSVRC2012_val_00020730_with_ILSVRC2012_val_00018907_rank382,61,61,0.96621,0
ILSVRC2012_val_00020730_with_ILSVRC2012_val_00014977_rank004,141,141,0.99977,0
ILSVRC2012_val_00020730_with_ILSVRC2012_val_00033974_rank789,117,117,0.9991,0
ILSVRC2012_val_00020730_with_ILSVRC2012_val_00033490_rank717,281,285,0.52044,2
ILSVRC2012_val_00020730_with_ILSVRC2012_val_00001254_rank915,374,20,0.09617,847
ILSVRC2012_val_00020730_with_ILSVRC2012_val_00005342_rank251,900,437,0.75307,1
ILSVRC2012_val_00020730_with_ILSVRC2012_val_00045384_rank878,779,571,0.12132,42
ILSVRC2012_val_00020730_with_ILSVRC2012_val_00013233_rank408,783,783,0.98434,0
ILSVRC2012_val_00020730_with_ILSVRC2012_val_00047427_rank385,578,728,0.23808,41
ILSVRC2012_val_00020730_with_ILSVRC2012_val_00041644_rank788,543,783,0.87944,34
ILSVRC2012_val_00020730_with_ILSVRC2012_val_00002363_rank122,951,951,0.93877,0
ILSVRC2012_val_00020730_with_ILSVRC2012_val_00015637_rank735,411,411,0.28474,0
ILSVRC2012_val_00020730_with_ILSVRC2012_val_00047316_rank793,402,643,0.08217,233
ILSVRC2012_val_00020730_with_ILSVRC2012_val_00008744_rank250,820,483,0.86811,53
ILSVRC2012_val_00020730_with_ILSVRC2012_val_00041379_rank061,53,53,0.13823,0
ILSVRC2012_val_00020730_with_ILSVRC2012_val_00020102_rank757,899,470,0.87468,71
ILSVRC2012_val_00020730_with_ILSVRC2012_val_00017930_rank075,130,93,0.3156,40
ILSVRC2012_val_00020730_with_ILSVRC2012_val_00001014_rank109,324,324,0.99984,0
ILSVRC2012_val_00020730_with_ILSVRC2012_val_00041961_rank142,287,287,0.99983,0
ILSVRC2012_val_00020730_with_ILSVRC2012_val_00016221_rank614,615,447,0.0623,77
ILSVRC2012_val_00020730_with_ILSVRC2012_val_00043996_rank517,659,964,0.23554,37
ILSVRC2012_val_00020730_with_ILSVRC2012_val_00049409_rank833,452,995,0.10005,645
ILSVRC2012_val_00020730_with_ILSVRC2012_val_00002175_rank904,681,637,0.20717,234
ILSVRC2012_val_00020730_with_ILSVRC2012_val_00021485_rank682,196,196,0.98225,0
ILSVRC2012_val_00020730_with_ILSVRC2012_val_00021586_rank047,337,336,0.9496,4
ILSVRC2012_val_00020730_with_ILSVRC2012_val_00030539_rank201,173,173,0.99989,0
ILSVRC2012_val_00020730_with_ILSVRC2012_val_00011593_rank723,235,235,0.55526,0
ILSVRC2012_val_00020730_with_ILSVRC2012_val_00012025_rank595,432,313,0.3814,181
ILSVRC2012_val_00020730_with_ILSVRC2012_val_00009050_rank383,39,39,0.99987,0
ILSVRC2012_val_00020730_with_ILSVRC2012_val_00035493_rank237,371,381,0.98995,9
ILSVRC2012_val_00020730_with_ILSVRC2012_val_00041942_rank547,407,407,0.99742,0
ILSVRC2012_val_00020730_with_ILSVRC2012_val_00002882_rank352,256,205,0.36792,1
ILSVRC2012_val_00020730_with_ILSVRC2012_val_00013424_rank796,199,196,0.3337,3
ILSVRC2012_val_00020730_with_ILSVRC2012_val_00014470_rank571,721,585,0.21231,352
ILSVRC2012_val_00020730_with_ILSVRC2012_val_00019293_rank321,389,89,0.73983,455
ILSVRC2012_val_00020730_with_ILSVRC2012_val_00029404_rank463,592,592,0.97335,0
ILSVRC2012_val_00020730_with_ILSVRC2012_val_00024014_rank379,303,303,0.99866,0
ILSVRC2012_val_00020730_with_ILSVRC2012_val_00032752_rank150,935,935,0.96962,0
ILSVRC2012_val_00020730_with_ILSVRC2012_val_00017353_rank237,371,380,0.70177,2
ILSVRC2012_val_00020730_with_ILSVRC2012_val_00015272_rank779,434,947,0.20377,981
ILSVRC2012_val_00020730_with_ILSVRC2012_val_00018250_rank019,18,18,0.99575,0
ILSVRC2012_val_00020730_with_ILSVRC2012_val_00004241_rank181,937,39,0.31015,124
ILSVRC2012_val_00020730_with_ILSVRC2012_val_00045796_rank772,696,947,0.8054,460
ILSVRC2012_val_00020730_with_ILSVRC2012_val_00036111_rank799,905,791,0.15609,596
ILSVRC2012_val_00020730_with_ILSVRC2012_val_00021203_rank095,55,59,0.93923,2
ILSVRC2012_val_00020730_with_ILSVRC2012_val_00042326_rank688,832,350,0.107,102
ILSVRC2012_val_00020730_with_ILSVRC2012_val_00037065_rank580,931,931,0.36006,0
ILSVRC2012_val_00020730_with_ILSVRC2012_val_00012282_rank341,497,497,0.26655,0
ILSVRC2012_val_00020730_with_ILSVRC2012_val_00004916_rank469,529,92,0.1289,604
ILSVRC2012_val_00020730_with_ILSVRC2012_val_00014938_rank807,715,947,0.0744,775
ILSVRC2012_val_00020730_with_ILSVRC2012_val_00028363_rank003,140,139,0.81629,2
ILSVRC2012_val_00020730_with_ILSVRC2012_val_00046396_rank872,841,610,0.55417,1
ILSVRC2012_val_00020730_with_ILSVRC2012_val_00018208_rank418,668,668,0.99894,0
ILSVRC2012_val_00020730_with_ILSVRC2012_val_00002631_rank864,507,704,0.39113,105
ILSVRC2012_val_00020730_with_ILSVRC2012_val_00015795_rank534,74,74,0.2708,0
ILSVRC2012_val_00020730_with_ILSVRC2012_val_00026566_rank964,545,637,0.07682,571
ILSVRC2012_val_00020730_with_ILSVRC2012_val_00022601_rank593,459,459,0.8481,0
ILSVRC2012_val_00020730_with_ILSVRC2012_val_00037690_rank181,937,937,0.97732,0
ILSVRC2012_val_00020730_with_ILSVRC2012_val_00038713_rank200,996,996,0.97819,0
ILSVRC2012_val_00020730_with_ILSVRC2012_val_00010372_rank608,237,237,0.90421,0
ILSVRC2012_val_00020730_with_ILSVRC2012_val_00048696_rank088,321,321,0.99992,0
ILSVRC2012_val_00020730_with_ILSVRC2012_val_00044572_rank417,855,855,0.98922,0
ILSVRC2012_val_00020730_with_ILSVRC2012_val_00031665_rank727,461,461,0.38473,0
ILSVRC2012_val_00020730_with_ILSVRC2012_val_00001875_rank997,515,20,0.08146,992
ILSVRC2012_val_00020730_with_ILSVRC2012_val_00048234_rank197,89,89,0.99998,0
ILSVRC2012_val_00020730_with_ILSVRC2012_val_00048973_rank683,435,919,0.19251,887
ILSVRC2012_val_00020730_with_ILSVRC2012_val_00035480_rank682,196,196,0.85088,0
ILSVRC2012_val_00020730_with_ILSVRC2012_val_00042833_rank640,192,192,0.24583,0
ILSVRC2012_val_00020730_with_ILSVRC2012_val_00007502_rank824,700,879,0.25831,535
ILSVRC2012_val_00020730_with_ILSVRC2012_val_00046817_rank446,208,208,0.85447,0
ILSVRC2012_val_00020730_with_ILSVRC2012_val_00008000_rank348,200,233,0.2399,38
ILSVRC2012_val_00020730_with_ILSVRC2012_val_00020075_rank686,510,510,0.98701,0
ILSVRC2012_val_00020730_with_ILSVRC2012_val_00005452_rank984,823,749,0.2497,86
ILSVRC2012_val_00020730_with_ILSVRC2012_val_00026232_rank022,95,95,0.99863,0
ILSVRC2012_val_00020730_with_ILSVRC2012_val_00029779_rank802,885,947,0.11204,547
ILSVRC2012_val_00020730_with_ILSVRC2012_val_00013525_rank223,120,120,0.99985,0
ILSVRC2012_val_00020730_with_ILSVRC2012_val_00027148_rank382,61,61,0.99828,0
ILSVRC2012_val_00020730_with_ILSVRC2012_val_00000501_rank130,270,270,0.74434,0
ILSVRC2012_val_00020730_with_ILSVRC2012_val_00044071_rank679,534,437,0.10378,370
ILSVRC2012_val_00020730_with_ILSVRC2012_val_00009375_rank457,520,448,0.16143,661
ILSVRC2012_val_00020730_with_ILSVRC2012_val_00031673_rank826,857,857,0.97562,0
ILSVRC2012_val_00020730_with_ILSVRC2012_val_00045576_rank101,888,888,0.99849,0
ILSVRC2012_val_00020730_with_ILSVRC2012_val_00034308_rank564,943,943,0.27351,0
ILSVRC2012_val_00020730_with_ILSVRC2012_val_00044273_rank389,495,495,0.72425,0
ILSVRC2012_val_00020730_with_ILSVRC2012_val_00005406_rank695,824,596,0.28879,913
ILSVRC2012_val_00020730_with_ILSVRC2012_val_00032834_rank082,114,114,0.99013,0
ILSVRC2012_val_00020730_with_ILSVRC2012_val_00044701_rank446,208,208,0.80316,0
ILSVRC2012_val_00020730_with_ILSVRC2012_val_00047213_rank581,907,907,0.92443,0
ILSVRC2012_val_00020730_with_ILSVRC2012_val_00039967_rank298,329,321,0.11621,142
ILSVRC2012_val_00020730_with_ILSVRC2012_val_00009712_rank415,195,195,0.34703,0
ILSVRC2012_val_00020730_with_ILSVRC2012_val_00013394_rank040,35,35,0.90255,0
ILSVRC2012_val_00020730_with_ILSVRC2012_val_00011473_rank518,156,156,0.75296,0
ILSVRC2012_val_00020730_with_ILSVRC2012_val_00005957_rank157,994,994,0.95988,0
ILSVRC2012_val_00020730_with_ILSVRC2012_val_00011756_rank320,353,143,0.3993,94
ILSVRC2012_val_00020730_with_ILSVRC2012_val_00015237_rank768,741,448,0.11329,829
ILSVRC2012_val_00020730_with_ILSVRC2012_val_00043204_rank564,943,448,0.60594,214
ILSVRC2012_val_00020730_with_ILSVRC2012_val_00020548_rank702,777,677,0.57202,44
ILSVRC2012_val_00020730_with_ILSVRC2012_val_00013251_rank347,211,211,0.9585,0
ILSVRC2012_val_00020730_with_ILSVRC2012_val_00009381_rank605,365,365,0.99473,0
ILSVRC2012_val_00020730_with_ILSVRC2012_val_00032277_rank682,196,155,0.35678,7
ILSVRC2012_val_00020730_with_ILSVRC2012_val_00048260_rank992,699,699,0.99973,0
ILSVRC2012_val_00020730_with_ILSVRC2012_val_00042205_rank819,186,186,0.74297,0
ILSVRC2012_val_00020730_with_ILSVRC2012_val_00028570_rank402,90,90,0.99984,0
ILSVRC2012_val_00020730_with_ILSVRC2012_val_00001317_rank957,401,596,0.17859,929
ILSVRC2012_val_00020730_with_ILSVRC2012_val_00011778_rank033,97,97,0.99966,0
ILSVRC2012_val_00020730_with_ILSVRC2012_val_00012507_rank063,295,349,0.32663,25
ILSVRC2012_val_00020730_with_ILSVRC2012_val_00032104_rank252,31,31,0.9781,0
ILSVRC2012_val_00020730_with_ILSVRC2012_val_00011248_rank196,438,438,0.91925,0
ILSVRC2012_val_00020730_with_ILSVRC2012_val_00012463_rank088,321,321,0.99943,0
ILSVRC2012_val_00020730_with_ILSVRC2012_val_00037989_rank354,175,207,0.66518,13
ILSVRC2012_val_00020730_with_ILSVRC2012_val_00022467_rank837,486,835,0.14554,346
ILSVRC2012_val_00020730_with_ILSVRC2012_val_00006908_rank290,392,392,0.99992,0
ILSVRC2012_val_00020730_with_ILSVRC2012_val_00040743_rank390,183,183,0.99834,0
ILSVRC2012_val_00020730_with_ILSVRC2012_val_00021811_rank256,959,930,0.10326,29
ILSVRC2012_val_00020730_with_ILSVRC2012_val_00047121_rank001,20,20,0.99995,0
ILSVRC2012_val_00020730_with_ILSVRC2012_val_00017418_rank364,309,309,0.99568,0
ILSVRC2012_val_00020730_with_ILSVRC2012_val_00001009_rank1000,254,254,0.96747,0
ILSVRC2012_val_00020730_with_ILSVRC2012_val_00049817_rank740,658,658,0.79921,0
ILSVRC2012_val_00020730_with_ILSVRC2012_val_00038921_rank976,861,745,0.26003,191
ILSVRC2012_val_00020730_with_ILSVRC2012_val_00006369_rank357,922,916,0.0412,1
ILSVRC2012_val_00020730_with_ILSVRC2012_val_00007163_rank290,392,392,0.99034,0
ILSVRC2012_val_00020730_with_ILSVRC2012_val_00037413_rank223,120,120,0.93016,0
ILSVRC2012_val_00020730_with_ILSVRC2012_val_00044625_rank235,387,387,0.99953,0
ILSVRC2012_val_00020730_with_ILSVRC2012_val_00042705_rank005,139,139,0.99941,0
ILSVRC2012_val_00020730_with_ILSVRC2012_val_00009996_rank064,350,350,0.99977,0
ILSVRC2012_val_00020730_with_ILSVRC2012_val_00028679_rank092,70,70,0.83399,0
ILSVRC2012_val_00020730_with_ILSVRC2012_val_00005153_rank179,377,377,0.9229,0
ILSVRC2012_val_00020730_with_ILSVRC2012_val_00011612_rank494,153,153,0.98946,0
ILSVRC2012_val_00020730_with_ILSVRC2012_val_00000229_rank040,35,35,0.1552,0
ILSVRC2012_val_00020730_with_ILSVRC2012_val_00029989_rank457,520,516,0.45196,1
ILSVRC2012_val_00020730_with_ILSVRC2012_val_00033575_rank045,25,25,0.99359,0
ILSVRC2012_val_00020730_with_ILSVRC2012_val_00039058_rank145,102,102,0.99118,0
ILSVRC2012_val_00020730_with_ILSVRC2012_val_00044290_rank980,678,666,0.06824,390
ILSVRC2012_val_00020730_with_ILSVRC2012_val_00044812_rank744,735,994,0.0876,270
ILSVRC2012_val_00020730_with_ILSVRC2012_val_00008700_rank127,693,320,0.60942,104
ILSVRC2012_val_00020730_with_ILSVRC2012_val_00044777_rank268,328,946,0.64708,15
ILSVRC2012_val_00020730_with_ILSVRC2012_val_00002527_rank115,449,483,0.39863,12
ILSVRC2012_val_00020730_with_ILSVRC2012_val_00015101_rank743,876,947,0.0462,617
ILSVRC2012_val_00020730_with_ILSVRC2012_val_00000325_rank702,777,596,0.36844,4
ILSVRC2012_val_00020730_with_ILSVRC2012_val_00032569_rank317,663,437,0.16891,21
ILSVRC2012_val_00020730_with_ILSVRC2012_val_00004445_rank512,453,637,0.47772,151
ILSVRC2012_val_00020730_with_ILSVRC2012_val_00024521_rank288,166,166,0.90584,0
ILSVRC2012_val_00020730_with_ILSVRC2012_val_00048320_rank423,750,721,0.61583,3
ILSVRC2012_val_00020730_with_ILSVRC2012_val_00007876_rank975,514,116,0.5878,595
ILSVRC2012_val_00020730_with_ILSVRC2012_val_00045147_rank362,913,947,0.16374,643
ILSVRC2012_val_00020730_with_ILSVRC2012_val_00005609_rank697,849,711,0.66043,34
ILSVRC2012_val_00020730_with_ILSVRC2012_val_00010096_rank836,112,112,0.66926,0
ILSVRC2012_val_00020730_with_ILSVRC2012_val_00031103_rank258,38,38,0.20901,0
ILSVRC2012_val_00020730_with_ILSVRC2012_val_00021028_rank738,612,559,0.2139,37
ILSVRC2012_val_00020730_with_ILSVRC2012_val_00021889_rank138,296,356,0.62647,37
ILSVRC2012_val_00020730_with_ILSVRC2012_val_00021755_rank536,314,112,0.67261,394
ILSVRC2012_val_00020730_with_ILSVRC2012_val_00004448_rank406,67,67,0.21855,0
ILSVRC2012_val_00020730_with_ILSVRC2012_val_00015911_rank467,345,345,0.99937,0
ILSVRC2012_val_00020730_with_ILSVRC2012_val_00022994_rank891,585,585,0.30261,0
ILSVRC2012_val_00020730_with_ILSVRC2012_val_00045848_rank379,303,303,0.72099,0
ILSVRC2012_val_00020730_with_ILSVRC2012_val_00018003_rank218,313,313,0.98304,0
ILSVRC2012_val_00020730_with_ILSVRC2012_val_00047252_rank044,83,16,0.21621,69
ILSVRC2012_val_00020730_with_ILSVRC2012_val_00033265_rank086,344,344,0.87054,0
ILSVRC2012_val_00020730_with_ILSVRC2012_val_00015332_rank385,578,89,0.69266,185
ILSVRC2012_val_00020730_with_ILSVRC2012_val_00006802_rank385,578,16,0.04727,309
ILSVRC2012_val_00020730_with_ILSVRC2012_val_00016195_rank042,99,96,0.11022,123
ILSVRC2012_val_00020730_with_ILSVRC2012_val_00040511_rank266,347,350,0.99507,15
ILSVRC2012_val_00020730_with_ILSVRC2012_val_00002919_rank400,647,647,0.99938,0
ILSVRC2012_val_00020730_with_ILSVRC2012_val_00029939_rank128,290,288,0.83762,1
ILSVRC2012_val_00020730_with_ILSVRC2012_val_00003819_rank224,672,672,0.98532,0
ILSVRC2012_val_00020730_with_ILSVRC2012_val_00009455_rank912,606,606,0.68427,0
ILSVRC2012_val_00020730_with_ILSVRC2012_val_00023222_rank828,695,695,0.5999,0
ILSVRC2012_val_00020730_with_ILSVRC2012_val_00037379_rank153,134,134,0.99925,0
ILSVRC2012_val_00020730_with_ILSVRC2012_val_00016772_rank463,592,664,0.19227,23
ILSVRC2012_val_00020730_with_ILSVRC2012_val_00030734_rank197,89,89,0.99976,0
ILSVRC2012_val_00020730_with_ILSVRC2012_val_00032152_rank997,515,596,0.07278,49
ILSVRC2012_val_00020730_with_ILSVRC2012_val_00025715_rank371,890,852,0.19145,22
ILSVRC2012_val_00020730_with_ILSVRC2012_val_00049219_rank546,934,119,0.20151,180
ILSVRC2012_val_00020730_with_ILSVRC2012_val_00009562_rank132,87,87,0.95775,0
ILSVRC2012_val_00020730_with_ILSVRC2012_val_00036650_rank221,33,34,0.60659,1
ILSVRC2012_val_00020730_with_ILSVRC2012_val_00010099_rank526,188,373,0.29661,116
ILSVRC2012_val_00020730_with_ILSVRC2012_val_00032884_rank827,584,584,0.29919,0
ILSVRC2012_val_00020730_with_ILSVRC2012_val_00005367_rank924,414,414,0.20757,0
ILSVRC2012_val_00020730_with_ILSVRC2012_val_00029718_rank075,130,130,0.96219,0
ILSVRC2012_val_00020730_with_ILSVRC2012_val_00010010_rank886,626,626,0.49082,0
ILSVRC2012_val_00020730_with_ILSVRC2012_val_00023390_rank099,96,96,0.9991,0
ILSVRC2012_val_00020730_with_ILSVRC2012_val_00028323_rank045,25,25,0.99424,0
ILSVRC2012_val_00020730_with_ILSVRC2012_val_00021158_rank948,567,691,0.11371,465
ILSVRC2012_val_00020730_with_ILSVRC2012_val_00004630_rank451,760,440,0.07393,17
ILSVRC2012_val_00020730_with_ILSVRC2012_val_00033373_rank381,109,109,0.97875,0
ILSVRC2012_val_00020730_with_ILSVRC2012_val_00002288_rank518,156,156,0.71998,0
ILSVRC2012_val_00020730_with_ILSVRC2012_val_00011262_rank533,47,47,0.99949,0
ILSVRC2012_val_00020730_with_ILSVRC2012_val_00012946_rank551,826,826,0.91204,0
ILSVRC2012_val_00020730_with_ILSVRC2012_val_00012001_rank338,733,677,0.31015,43
ILSVRC2012_val_00020730_with_ILSVRC2012_val_00033418_rank932,251,251,0.25875,0
ILSVRC2012_val_00020730_with_ILSVRC2012_val_00011614_rank684,688,688,0.45708,0
ILSVRC2012_val_00020730_with_ILSVRC2012_val_00041815_rank661,481,481,0.29481,0
ILSVRC2012_val_00020730_with_ILSVRC2012_val_00026753_rank633,869,452,0.06638,70
ILSVRC2012_val_00020730_with_ILSVRC2012_val_00010163_rank518,156,218,0.70994,1
ILSVRC2012_val_00020730_with_ILSVRC2012_val_00028514_rank449,244,240,0.49828,15
ILSVRC2012_val_00020730_with_ILSVRC2012_val_00001762_rank552,255,255,0.99997,0
ILSVRC2012_val_00020730_with_ILSVRC2012_val_00034952_rank685,427,427,0.77436,0
ILSVRC2012_val_00020730_with_ILSVRC2012_val_00045973_rank200,996,996,0.92792,0
ILSVRC2012_val_00020730_with_ILSVRC2012_val_00045886_rank636,561,561,0.99971,0
ILSVRC2012_val_00020730_with_ILSVRC2012_val_00044593_rank790,203,203,0.99828,0
ILSVRC2012_val_00020730_with_ILSVRC2012_val_00014132_rank941,118,119,0.35548,2
ILSVRC2012_val_00020730_with_ILSVRC2012_val_00007858_rank783,273,274,0.18875,4
ILSVRC2012_val_00020730_with_ILSVRC2012_val_00025357_rank832,875,875,0.22074,0
ILSVRC2012_val_00020730_with_ILSVRC2012_val_00014050_rank687,155,187,0.50633,7
ILSVRC2012_val_00020730_with_ILSVRC2012_val_00046273_rank607,164,164,0.17884,0
ILSVRC2012_val_00020730_with_ILSVRC2012_val_00002583_rank064,350,350,0.9624,0
ILSVRC2012_val_00020730_with_ILSVRC2012_val_00004621_rank245,914,59,0.1107,597
ILSVRC2012_val_00020730_with_ILSVRC2012_val_00001781_rank401,227,227,0.33234,0
ILSVRC2012_val_00020730_with_ILSVRC2012_val_00025353_rank105,221,267,0.30018,4
ILSVRC2012_val_00020730_with_ILSVRC2012_val_00041068_rank881,577,577,0.20778,0
ILSVRC2012_val_00020730_with_ILSVRC2012_val_00046655_rank632,383,289,0.23881,6
ILSVRC2012_val_00020730_with_ILSVRC2012_val_00026600_rank534,74,74,0.84939,0
ILSVRC2012_val_00020730_with_ILSVRC2012_val_00041185_rank662,355,383,0.09573,31
ILSVRC2012_val_00020730_with_ILSVRC2012_val_00000056_rank473,468,468,0.63824,0
ILSVRC2012_val_00020730_with_ILSVRC2012_val_00048161_rank701,812,336,0.0549,824
ILSVRC2012_val_00020730_with_ILSVRC2012_val_00019972_rank541,73,77,0.28763,4
ILSVRC2012_val_00020730_with_ILSVRC2012_val_00003186_rank453,573,20,0.31113,438
ILSVRC2012_val_00020730_with_ILSVRC2012_val_00046328_rank853,544,544,0.99476,0
ILSVRC2012_val_00020730_with_ILSVRC2012_val_00017766_rank728,169,169,0.39293,0
ILSVRC2012_val_00020730_with_ILSVRC2012_val_00007611_rank217,803,609,0.82018,17
ILSVRC2012_val_00020730_with_ILSVRC2012_val_00007652_rank494,153,153,0.92233,0
ILSVRC2012_val_00020730_with_ILSVRC2012_val_00008862_rank216,149,723,0.314,741
ILSVRC2012_val_00020730_with_ILSVRC2012_val_00029122_rank438,177,177,0.99233,0
ILSVRC2012_val_00020730_with_ILSVRC2012_val_00004811_rank633,869,728,0.67142,53
ILSVRC2012_val_00020730_with_ILSVRC2012_val_00001533_rank217,803,803,0.48832,0
ILSVRC2012_val_00020730_with_ILSVRC2012_val_00010518_rank720,563,920,0.7267,690
ILSVRC2012_val_00020730_with_ILSVRC2012_val_00011175_rank109,324,324,0.99937,0
ILSVRC2012_val_00020730_with_ILSVRC2012_val_00020574_rank293,72,72,0.71186,0
ILSVRC2012_val_00020730_with_ILSVRC2012_val_00038578_rank464,386,386,0.4372,0
ILSVRC2012_val_00020730_with_ILSVRC2012_val_00044063_rank460,729,729,0.99959,0
ILSVRC2012_val_00020730_with_ILSVRC2012_val_00046499_rank264,0,42,0.08079,415
ILSVRC2012_val_00020730_with_ILSVRC2012_val_00027637_rank181,937,937,0.99984,0
ILSVRC2012_val_00020730_with_ILSVRC2012_val_00017964_rank376,187,187,0.76138,0
ILSVRC2012_val_00020730_with_ILSVRC2012_val_00029848_rank805,444,494,0.45397,395
ILSVRC2012_val_00020730_with_ILSVRC2012_val_00025453_rank115,449,425,0.94782,3
ILSVRC2012_val_00020730_with_ILSVRC2012_val_00013871_rank826,857,857,0.99793,0
ILSVRC2012_val_00020730_with_ILSVRC2012_val_00022162_rank986,354,348,0.27008,19
ILSVRC2012_val_00020730_with_ILSVRC2012_val_00035225_rank614,615,615,0.99985,0
ILSVRC2012_val_00020730_with_ILSVRC2012_val_00018097_rank284,971,971,0.99979,0
ILSVRC2012_val_00020730_with_ILSVRC2012_val_00000572_rank279,965,993,0.2886,46
ILSVRC2012_val_00020730_with_ILSVRC2012_val_00046375_rank263,964,997,0.30134,53
ILSVRC2012_val_00020730_with_ILSVRC2012_val_00027560_rank580,931,931,0.98924,0
ILSVRC2012_val_00020730_with_ILSVRC2012_val_00010146_rank753,648,648,0.58865,0
ILSVRC2012_val_00020730_with_ILSVRC2012_val_00011446_rank025,17,17,0.99988,0
ILSVRC2012_val_00020730_with_ILSVRC2012_val_00026549_rank124,825,703,0.57002,18
ILSVRC2012_val_00020730_with_ILSVRC2012_val_00037298_rank656,902,596,0.47798,88
ILSVRC2012_val_00020730_with_ILSVRC2012_val_00023146_rank383,39,39,0.98954,0
ILSVRC2012_val_00020730_with_ILSVRC2012_val_00017116_rank827,584,584,0.23075,0
ILSVRC2012_val_00020730_with_ILSVRC2012_val_00010819_rank951,632,632,0.65567,0
ILSVRC2012_val_00020730_with_ILSVRC2012_val_00036849_rank340,45,81,0.08228,28
ILSVRC2012_val_00020730_with_ILSVRC2012_val_00010301_rank336,408,586,0.65221,3
ILSVRC2012_val_00020730_with_ILSVRC2012_val_00026433_rank532,809,992,0.33939,199
ILSVRC2012_val_00020730_with_ILSVRC2012_val_00016614_rank304,963,947,0.69774,41
ILSVRC2012_val_00020730_with_ILSVRC2012_val_00014737_rank940,811,704,0.80957,828
ILSVRC2012_val_00020730_with_ILSVRC2012_val_00037731_rank481,299,299,0.98106,0
ILSVRC2012_val_00020730_with_ILSVRC2012_val_00017486_rank359,282,356,0.10852,80
ILSVRC2012_val_00020730_with_ILSVRC2012_val_00005495_rank416,242,166,0.19762,21
ILSVRC2012_val_00020730_with_ILSVRC2012_val_00033375_rank918,929,929,0.98884,0
ILSVRC2012_val_00020730_with_ILSVRC2012_val_00031565_rank271,364,364,0.97825,0
ILSVRC2012_val_00020730_with_ILSVRC2012_val_00039745_rank103,277,278,0.50312,1
ILSVRC2012_val_00020730_with_ILSVRC2012_val_00003249_rank813,630,600,0.08084,976
ILSVRC2012_val_00020730_with_ILSVRC2012_val_00034762_rank190,833,554,0.22759,7
ILSVRC2012_val_00020730_with_ILSVRC2012_val_00008217_rank316,228,228,0.96821,0
ILSVRC2012_val_00020730_with_ILSVRC2012_val_00026064_rank493,1,0,0.32631,3
ILSVRC2012_val_00020730_with_ILSVRC2012_val_00035137_rank393,385,172,0.34494,454
ILSVRC2012_val_00020730_with_ILSVRC2012_val_00000051_rank056,92,92,0.93488,0
ILSVRC2012_val_00020730_with_ILSVRC2012_val_00045354_rank197,89,89,0.99301,0
ILSVRC2012_val_00020730_with_ILSVRC2012_val_00031483_rank718,893,893,0.16752,0
ILSVRC2012_val_00020730_with_ILSVRC2012_val_00028021_rank301,174,174,0.93873,0
ILSVRC2012_val_00020730_with_ILSVRC2012_val_00029268_rank832,875,677,0.24048,449
ILSVRC2012_val_00020730_with_ILSVRC2012_val_00008452_rank511,769,769,0.9856,0
ILSVRC2012_val_00020730_with_ILSVRC2012_val_00016029_rank152,210,210,0.99768,0
ILSVRC2012_val_00020730_with_ILSVRC2012_val_00033423_rank242,79,79,0.09813,0
ILSVRC2012_val_00020730_with_ILSVRC2012_val_00021311_rank832,875,677,0.97194,449
ILSVRC2012_val_00020730_with_ILSVRC2012_val_00034313_rank569,742,742,0.73103,0
ILSVRC2012_val_00020730_with_ILSVRC2012_val_00032871_rank411,304,304,0.44223,0
ILSVRC2012_val_00020730_with_ILSVRC2012_val_00033240_rank721,431,431,0.67548,0
ILSVRC2012_val_00020730_with_ILSVRC2012_val_00041078_rank935,650,677,0.38247,60
ILSVRC2012_val_00020730_with_ILSVRC2012_val_00042766_rank718,893,464,0.21279,7
ILSVRC2012_val_00020730_with_ILSVRC2012_val_00006516_rank065,50,50,0.99905,0
ILSVRC2012_val_00020730_with_ILSVRC2012_val_00039700_rank326,264,264,0.9987,0
ILSVRC2012_val_00020730_with_ILSVRC2012_val_00026189_rank343,404,404,0.2365,0
ILSVRC2012_val_00020730_with_ILSVRC2012_val_00004269_rank182,52,52,0.88925,0
ILSVRC2012_val_00020730_with_ILSVRC2012_val_00017362_rank308,939,939,0.68738,0
ILSVRC2012_val_00020730_with_ILSVRC2012_val_00006397_rank931,560,971,0.2326,139
ILSVRC2012_val_00020730_with_ILSVRC2012_val_00040655_rank811,763,597,0.93978,1
ILSVRC2012_val_00020730_with_ILSVRC2012_val_00047845_rank489,60,59,0.3445,11
ILSVRC2012_val_00020730_with_ILSVRC2012_val_00031348_rank838,293,290,0.41375,2
ILSVRC2012_val_00020730_with_ILSVRC2012_val_00041480_rank531,258,270,0.42159,3
ILSVRC2012_val_00020730_with_ILSVRC2012_val_00001476_rank256,959,959,0.99575,0
ILSVRC2012_val_00020730_with_ILSVRC2012_val_00047889_rank606,363,363,0.99993,0
ILSVRC2012_val_00020730_with_ILSVRC2012_val_00035909_rank775,953,953,0.99865,0
ILSVRC2012_val_00020730_with_ILSVRC2012_val_00017179_rank685,427,522,0.34739,430
ILSVRC2012_val_00020730_with_ILSVRC2012_val_00010189_rank287,657,92,0.19194,342
ILSVRC2012_val_00020730_with_ILSVRC2012_val_00021099_rank680,423,596,0.35151,168
ILSVRC2012_val_00020730_with_ILSVRC2012_val_00001622_rank588,687,687,0.93245,0
ILSVRC2012_val_00020730_with_ILSVRC2012_val_00027993_rank735,411,602,0.24743,84
ILSVRC2012_val_00020730_with_ILSVRC2012_val_00037016_rank987,523,677,0.12566,128
ILSVRC2012_val_00020730_with_ILSVRC2012_val_00021746_rank864,507,507,0.9998,0
ILSVRC2012_val_00020730_with_ILSVRC2012_val_00006693_rank245,914,315,0.19367,850
ILSVRC2012_val_00020730_with_ILSVRC2012_val_00015685_rank334,233,181,0.89681,38
ILSVRC2012_val_00020730_with_ILSVRC2012_val_00037729_rank031,49,49,0.98726,0
ILSVRC2012_val_00020730_with_ILSVRC2012_val_00034130_rank052,294,294,0.79607,0
ILSVRC2012_val_00020730_with_ILSVRC2012_val_00032201_rank427,564,494,0.2182,276
ILSVRC2012_val_00020730_with_ILSVRC2012_val_00006699_rank119,57,57,0.60836,0
ILSVRC2012_val_00020730_with_ILSVRC2012_val_00015090_rank921,850,850,0.91546,0
ILSVRC2012_val_00020730_with_ILSVRC2012_val_00033488_rank597,705,677,0.17911,600
ILSVRC2012_val_00020730_with_ILSVRC2012_val_00000030_rank443,858,448,0.82367,42
ILSVRC2012_val_00020730_with_ILSVRC2012_val_00036429_rank260,547,829,0.12009,4
ILSVRC2012_val_00020730_with_ILSVRC2012_val_00019838_rank089,305,20,0.10371,96
ILSVRC2012_val_00020730_with_ILSVRC2012_val_00022688_rank043,146,81,0.36896,9
ILSVRC2012_val_00020730_with_ILSVRC2012_val_00017774_rank685,427,666,0.49331,154
ILSVRC2012_val_00020730_with_ILSVRC2012_val_00000493_rank469,529,728,0.64944,35
ILSVRC2012_val_00020730_with_ILSVRC2012_val_00049850_rank511,769,448,0.19465,103
ILSVRC2012_val_00020730_with_ILSVRC2012_val_00005147_rank866,654,609,0.38903,12
ILSVRC2012_val_00020730_with_ILSVRC2012_val_00030933_rank828,695,695,0.99617,0
ILSVRC2012_val_00020730_with_ILSVRC2012_val_00043407_rank039,326,326,0.99927,0
ILSVRC2012_val_00020730_with_ILSVRC2012_val_00032254_rank258,38,38,0.99981,0
ILSVRC2012_val_00020730_with_ILSVRC2012_val_00012970_rank303,958,947,0.62511,90
ILSVRC2012_val_00020730_with_ILSVRC2012_val_00024826_rank719,450,491,0.84057,105
ILSVRC2012_val_00020730_with_ILSVRC2012_val_00027431_rank460,729,729,0.8898,0
ILSVRC2012_val_00020730_with_ILSVRC2012_val_00006747_rank441,901,901,0.29899,0
ILSVRC2012_val_00020730_with_ILSVRC2012_val_00016102_rank317,663,497,0.23242,2
ILSVRC2012_val_00020730_with_ILSVRC2012_val_00047888_rank747,555,569,0.99749,5
ILSVRC2012_val_00020730_with_ILSVRC2012_val_00016660_rank700,708,947,0.5982,490
ILSVRC2012_val_00020730_with_ILSVRC2012_val_00003571_rank993,778,778,0.09029,0
ILSVRC2012_val_00020730_with_ILSVRC2012_val_00005614_rank332,323,323,0.99931,0
ILSVRC2012_val_00020730_with_ILSVRC2012_val_00004825_rank549,465,609,0.11823,121
ILSVRC2012_val_00020730_with_ILSVRC2012_val_00022036_rank472,172,172,0.51592,0
ILSVRC2012_val_00020730_with_ILSVRC2012_val_00020497_rank556,880,880,0.99298,0
ILSVRC2012_val_00020730_with_ILSVRC2012_val_00045120_rank045,25,25,0.9384,0
ILSVRC2012_val_00020730_with_ILSVRC2012_val_00003210_rank927,917,919,0.12854,39
ILSVRC2012_val_00020730_with_ILSVRC2012_val_00039918_rank398,123,74,0.34155,87
ILSVRC2012_val_00020730_with_ILSVRC2012_val_00026032_rank598,417,701,0.32914,1
ILSVRC2012_val_00020730_with_ILSVRC2012_val_00018495_rank365,940,951,0.56705,5
ILSVRC2012_val_00020730_with_ILSVRC2012_val_00011972_rank716,794,854,0.46267,4
ILSVRC2012_val_00020730_with_ILSVRC2012_val_00001686_rank326,264,264,0.9347,0
ILSVRC2012_val_00020730_with_ILSVRC2012_val_00029056_rank954,160,256,0.62983,9
ILSVRC2012_val_00020730_with_ILSVRC2012_val_00008636_rank167,358,358,0.98627,0
ILSVRC2012_val_00020730_with_ILSVRC2012_val_00019719_rank696,170,269,0.62225,19
ILSVRC2012_val_00020730_with_ILSVRC2012_val_00030467_rank931,560,947,0.08354,281
ILSVRC2012_val_00020730_with_ILSVRC2012_val_00039846_rank266,347,347,0.88863,0
ILSVRC2012_val_00020730_with_ILSVRC2012_val_00034251_rank119,57,57,0.92859,0
ILSVRC2012_val_00020730_with_ILSVRC2012_val_00007891_rank143,302,306,0.41187,7
ILSVRC2012_val_00020730_with_ILSVRC2012_val_00025179_rank392,627,627,0.85261,0
ILSVRC2012_val_00020730_with_ILSVRC2012_val_00009061_rank531,258,184,0.17202,61
ILSVRC2012_val_00020730_with_ILSVRC2012_val_00049791_rank589,743,716,0.35663,44
ILSVRC2012_val_00020730_with_ILSVRC2012_val_00019225_rank874,410,410,0.11436,0
ILSVRC2012_val_00020730_with_ILSVRC2012_val_00039966_rank346,77,77,0.33183,0
ILSVRC2012_val_00020730_with_ILSVRC2012_val_00001770_rank520,653,653,0.51621,0
ILSVRC2012_val_00020730_with_ILSVRC2012_val_00014457_rank584,63,63,0.97353,0
ILSVRC2012_val_00020730_with_ILSVRC2012_val_00019879_rank709,797,929,0.25647,263
ILSVRC2012_val_00020730_with_ILSVRC2012_val_00048940_rank138,296,356,0.32161,37
ILSVRC2012_val_00020730_with_ILSVRC2012_val_00039290_rank827,584,584,0.38754,0
ILSVRC2012_val_00020730_with_ILSVRC2012_val_00040556_rank291,268,268,0.39125,0
ILSVRC2012_val_00020730_with_ILSVRC2012_val_00016420_rank565,224,224,0.98722,0
ILSVRC2012_val_00020730_with_ILSVRC2012_val_00028816_rank245,914,81,0.11321,146
ILSVRC2012_val_00020730_with_ILSVRC2012_val_00034847_rank304,963,326,0.25497,275
ILSVRC2012_val_00020730_with_ILSVRC2012_val_00031741_rank068,391,391,0.57325,0
ILSVRC2012_val_00020730_with_ILSVRC2012_val_00006756_rank204,950,950,0.99289,0
ILSVRC2012_val_00020730_with_ILSVRC2012_val_00005287_rank029,11,11,0.99989,0
ILSVRC2012_val_00020730_with_ILSVRC2012_val_00010465_rank193,66,66,0.7459,0
ILSVRC2012_val_00020730_with_ILSVRC2012_val_00009255_rank400,647,505,0.16663,13
ILSVRC2012_val_00020730_with_ILSVRC2012_val_00048667_rank779,434,616,0.50684,370
ILSVRC2012_val_00020730_with_ILSVRC2012_val_00002231_rank561,62,62,0.43481,0
ILSVRC2012_val_00020730_with_ILSVRC2012_val_00041633_rank026,357,357,0.97986,0
ILSVRC2012_val_00020730_with_ILSVRC2012_val_00038101_rank850,822,822,0.87976,0
ILSVRC2012_val_00020730_with_ILSVRC2012_val_00048207_rank202,997,997,0.1302,0
ILSVRC2012_val_00020730_with_ILSVRC2012_val_00011268_rank968,731,323,0.59191,929
ILSVRC2012_val_00020730_with_ILSVRC2012_val_00001605_rank922,593,326,0.25325,634
ILSVRC2012_val_00020730_with_ILSVRC2012_val_00046206_rank471,212,212,0.96125,0
ILSVRC2012_val_00020730_with_ILSVRC2012_val_00036125_rank060,21,21,0.98516,0
ILSVRC2012_val_00020730_with_ILSVRC2012_val_00008425_rank685,427,427,0.99956,0
ILSVRC2012_val_00020730_with_ILSVRC2012_val_00002252_rank586,932,932,0.98887,0
ILSVRC2012_val_00020730_with_ILSVRC2012_val_00008767_rank747,555,555,0.99941,0
ILSVRC2012_val_00020730_with_ILSVRC2012_val_00009572_rank361,396,396,0.99918,0
ILSVRC2012_val_00020730_with_ILSVRC2012_val_00011735_rank190,833,47,0.19827,874
ILSVRC2012_val_00020730_with_ILSVRC2012_val_00006711_rank153,134,134,0.78977,0
ILSVRC2012_val_00020730_with_ILSVRC2012_val_00031195_rank755,382,382,0.77572,0
ILSVRC2012_val_00020730_with_ILSVRC2012_val_00017810_rank619,622,622,0.99962,0
ILSVRC2012_val_00020730_with_ILSVRC2012_val_00001188_rank900,611,611,0.13399,0
ILSVRC2012_val_00020730_with_ILSVRC2012_val_00043117_rank318,288,288,0.98265,0
ILSVRC2012_val_00020730_with_ILSVRC2012_val_00040503_rank103,277,42,0.11996,66
ILSVRC2012_val_00020730_with_ILSVRC2012_val_00018092_rank238,23,947,0.96318,289
ILSVRC2012_val_00020730_with_ILSVRC2012_val_00006128_rank893,494,947,0.12857,206
ILSVRC2012_val_00020730_with_ILSVRC2012_val_00007098_rank850,822,822,0.91272,0
ILSVRC2012_val_00020730_with_ILSVRC2012_val_00007108_rank289,346,346,0.97268,0
ILSVRC2012_val_00020730_with_ILSVRC2012_val_00007957_rank506,104,350,0.47254,24
ILSVRC2012_val_00020730_with_ILSVRC2012_val_00021185_rank504,816,677,0.1937,47
ILSVRC2012_val_00020730_with_ILSVRC2012_val_00008442_rank654,999,700,0.86356,1
ILSVRC2012_val_00020730_with_ILSVRC2012_val_00045892_rank667,662,662,0.21386,0
ILSVRC2012_val_00020730_with_ILSVRC2012_val_00044439_rank299,751,751,0.96452,0
ILSVRC2012_val_00020730_with_ILSVRC2012_val_00028127_rank683,435,708,0.11205,138
ILSVRC2012_val_00020730_with_ILSVRC2012_val_00013497_rank140,992,992,0.87588,0
ILSVRC2012_val_00020730_with_ILSVRC2012_val_00040859_rank017,86,86,0.93376,0
ILSVRC2012_val_00020730_with_ILSVRC2012_val_00038540_rank532,809,941,0.33068,40
ILSVRC2012_val_00020730_with_ILSVRC2012_val_00049759_rank693,530,530,0.96448,0
ILSVRC2012_val_00020730_with_ILSVRC2012_val_00036404_rank644,711,695,0.27453,102
ILSVRC2012_val_00020730_with_ILSVRC2012_val_00002071_rank035,14,14,0.99727,0
ILSVRC2012_val_00020730_with_ILSVRC2012_val_00037437_rank629,265,266,0.71434,1
ILSVRC2012_val_00020730_with_ILSVRC2012_val_00014624_rank750,610,610,0.98881,0
ILSVRC2012_val_00020730_with_ILSVRC2012_val_00018909_rank610,897,596,0.07169,453
ILSVRC2012_val_00020730_with_ILSVRC2012_val_00016454_rank983,738,738,0.86787,0
ILSVRC2012_val_00020730_with_ILSVRC2012_val_00023006_rank949,774,947,0.20182,417
ILSVRC2012_val_00020730_with_ILSVRC2012_val_00008635_rank549,465,474,0.61967,95
ILSVRC2012_val_00020730_with_ILSVRC2012_val_00016836_rank381,109,997,0.81527,35
ILSVRC2012_val_00020730_with_ILSVRC2012_val_00047505_rank709,797,879,0.11285,93
ILSVRC2012_val_00020730_with_ILSVRC2012_val_00017238_rank900,611,868,0.08456,13
ILSVRC2012_val_00020730_with_ILSVRC2012_val_00023297_rank950,684,684,0.39341,0
ILSVRC2012_val_00020730_with_ILSVRC2012_val_00001987_rank534,74,74,0.16548,0
ILSVRC2012_val_00020730_with_ILSVRC2012_val_00002764_rank214,205,208,0.76104,5
ILSVRC2012_val_00020730_with_ILSVRC2012_val_00044017_rank928,726,726,0.97446,0
ILSVRC2012_val_00020730_with_ILSVRC2012_val_00025099_rank251,900,900,0.99461,0
ILSVRC2012_val_00020730_with_ILSVRC2012_val_00005974_rank412,616,991,0.07454,199
ILSVRC2012_val_00020730_with_ILSVRC2012_val_00043804_rank626,915,915,0.99506,0
ILSVRC2012_val_00020730_with_ILSVRC2012_val_00011926_rank998,447,596,0.06298,221
ILSVRC2012_val_00020730_with_ILSVRC2012_val_00002445_rank664,807,781,0.19785,24
ILSVRC2012_val_00020730_with_ILSVRC2012_val_00037056_rank088,321,321,0.99666,0
ILSVRC2012_val_00020730_with_ILSVRC2012_val_00007116_rank301,174,174,0.99759,0
ILSVRC2012_val_00020730_with_ILSVRC2012_val_00045133_rank339,4,146,0.40071,21
ILSVRC2012_val_00020730_with_ILSVRC2012_val_00046000_rank166,41,41,0.70701,0
ILSVRC2012_val_00020730_with_ILSVRC2012_val_00045689_rank435,517,311,0.55121,297
ILSVRC2012_val_00020730_with_ILSVRC2012_val_00039400_rank086,344,988,0.09894,429
ILSVRC2012_val_00020730_with_ILSVRC2012_val_00002622_rank095,55,55,0.98174,0
ILSVRC2012_val_00020730_with_ILSVRC2012_val_00038732_rank427,564,448,0.74212,425
ILSVRC2012_val_00020730_with_ILSVRC2012_val_00004599_rank593,459,428,0.52112,567
ILSVRC2012_val_00020730_with_ILSVRC2012_val_00018743_rank838,293,298,0.28574,20
ILSVRC2012_val_00020730_with_ILSVRC2012_val_00046248_rank173,113,113,0.99903,0
ILSVRC2012_val_00020730_with_ILSVRC2012_val_00047609_rank468,71,312,0.26431,9
ILSVRC2012_val_00020730_with_ILSVRC2012_val_00016481_rank457,520,520,0.92996,0
ILSVRC2012_val_00020730_with_ILSVRC2012_val_00016736_rank785,642,703,0.91525,36
ILSVRC2012_val_00020730_with_ILSVRC2012_val_00014549_rank188,625,625,0.99686,0
ILSVRC2012_val_00020730_with_ILSVRC2012_val_00018294_rank658,818,722,0.21937,124
ILSVRC2012_val_00020730_with_ILSVRC2012_val_00021249_rank698,230,218,0.7189,26
ILSVRC2012_val_00020730_with_ILSVRC2012_val_00027836_rank548,340,340,0.99103,0
ILSVRC2012_val_00020730_with_ILSVRC2012_val_00001460_rank858,76,76,0.51639,0
ILSVRC2012_val_00020730_with_ILSVRC2012_val_00020702_rank450,757,757,0.99945,0
ILSVRC2012_val_00020730_with_ILSVRC2012_val_00018444_rank807,715,947,0.21235,775
ILSVRC2012_val_00020730_with_ILSVRC2012_val_00034087_rank497,928,993,0.39379,163
ILSVRC2012_val_00020730_with_ILSVRC2012_val_00012459_rank338,733,677,0.5772,43
ILSVRC2012_val_00020730_with_ILSVRC2012_val_00048032_rank071,206,206,0.99883,0
ILSVRC2012_val_00020730_with_ILSVRC2012_val_00005988_rank043,146,146,0.99992,0
ILSVRC2012_val_00020730_with_ILSVRC2012_val_00032590_rank335,694,703,0.21576,58
ILSVRC2012_val_00020730_with_ILSVRC2012_val_00008951_rank009,137,137,0.99992,0
ILSVRC2012_val_00020730_with_ILSVRC2012_val_00017115_rank315,315,315,0.77376,0
ILSVRC2012_val_00020730_with_ILSVRC2012_val_00034180_rank633,869,869,0.99857,0
ILSVRC2012_val_00020730_with_ILSVRC2012_val_00048575_rank141,138,138,0.99973,0
ILSVRC2012_val_00020730_with_ILSVRC2012_val_00001425_rank372,178,178,0.9989,0
ILSVRC2012_val_00020730_with_ILSVRC2012_val_00022208_rank884,765,765,0.95116,0
ILSVRC2012_val_00020730_with_ILSVRC2012_val_00032588_rank663,512,315,0.78162,152
ILSVRC2012_val_00020730_with_ILSVRC2012_val_00019798_rank892,679,327,0.41838,21
ILSVRC2012_val_00020730_with_ILSVRC2012_val_00024307_rank659,682,437,0.2283,9
ILSVRC2012_val_00020730_with_ILSVRC2012_val_00047847_rank735,411,994,0.19535,771
ILSVRC2012_val_00020730_with_ILSVRC2012_val_00018618_rank116,44,40,0.50198,5
ILSVRC2012_val_00020730_with_ILSVRC2012_val_00011104_rank369,332,8,0.47288,29
ILSVRC2012_val_00020730_with_ILSVRC2012_val_00000415_rank033,97,97,0.99679,0
ILSVRC2012_val_00020730_with_ILSVRC2012_val_00027141_rank425,894,448,0.05097,340
ILSVRC2012_val_00020730_with_ILSVRC2012_val_00028936_rank645,260,260,0.99029,0
ILSVRC2012_val_00020730_with_ILSVRC2012_val_00034051_rank290,392,392,0.99888,0
ILSVRC2012_val_00020730_with_ILSVRC2012_val_00014027_rank417,855,855,0.99988,0
ILSVRC2012_val_00020730_with_ILSVRC2012_val_00026946_rank999,491,47,0.15382,708
ILSVRC2012_val_00020730_with_ILSVRC2012_val_00030355_rank609,502,502,0.07087,0
ILSVRC2012_val_00020730_with_ILSVRC2012_val_00017307_rank635,428,428,0.14616,0
ILSVRC2012_val_00020730_with_ILSVRC2012_val_00021676_rank157,994,994,0.99933,0
ILSVRC2012_val_00020730_with_ILSVRC2012_val_00001870_rank655,697,991,0.44661,389
ILSVRC2012_val_00020730_with_ILSVRC2012_val_00000505_rank952,607,607,0.99898,0
ILSVRC2012_val_00020730_with_ILSVRC2012_val_00003901_rank894,785,693,0.55873,267
ILSVRC2012_val_00020730_with_ILSVRC2012_val_00030466_rank536,314,314,0.34845,0
ILSVRC2012_val_00020730_with_ILSVRC2012_val_00030412_rank696,170,373,0.49152,111
ILSVRC2012_val_00020730_with_ILSVRC2012_val_00047000_rank292,68,68,0.38508,0
ILSVRC2012_val_00020730_with_ILSVRC2012_val_00016010_rank937,636,636,0.39275,0
ILSVRC2012_val_00020730_with_ILSVRC2012_val_00035730_rank452,793,947,0.8314,366
ILSVRC2012_val_00020730_with_ILSVRC2012_val_00046187_rank451,760,732,0.51502,126
ILSVRC2012_val_00020730_with_ILSVRC2012_val_00042664_rank040,35,36,0.71796,2
ILSVRC2012_val_00020730_with_ILSVRC2012_val_00022324_rank708,213,219,0.81667,11
ILSVRC2012_val_00020730_with_ILSVRC2012_val_00030463_rank930,333,333,0.99424,0
ILSVRC2012_val_00020730_with_ILSVRC2012_val_00021335_rank051,24,24,0.99999,0
ILSVRC2012_val_00020730_with_ILSVRC2012_val_00047151_rank330,369,369,0.96961,0
ILSVRC2012_val_00020730_with_ILSVRC2012_val_00007584_rank499,956,956,0.97556,0
ILSVRC2012_val_00020730_with_ILSVRC2012_val_00048142_rank056,92,92,0.99976,0
ILSVRC2012_val_00020730_with_ILSVRC2012_val_00035791_rank883,413,313,0.14022,302
ILSVRC2012_val_00020730_with_ILSVRC2012_val_00022000_rank165,331,331,0.99668,0
ILSVRC2012_val_00020730_with_ILSVRC2012_val_00002419_rank732,629,629,0.80855,0
ILSVRC2012_val_00020730_with_ILSVRC2012_val_00040111_rank753,648,453,0.06593,1
ILSVRC2012_val_00020730_with_ILSVRC2012_val_00019045_rank012,136,136,0.99983,0
ILSVRC2012_val_00020730_with_ILSVRC2012_val_00018550_rank376,187,187,0.26137,0
ILSVRC2012_val_00020730_with_ILSVRC2012_val_00027744_rank122,951,950,0.44351,1
ILSVRC2012_val_00020730_with_ILSVRC2012_val_00017037_rank782,513,464,0.15041,97
ILSVRC2012_val_00020730_with_ILSVRC2012_val_00006102_rank765,499,499,0.95591,0
ILSVRC2012_val_00020730_with_ILSVRC2012_val_00007087_rank586,932,932,0.99693,0
ILSVRC2012_val_00020730_with_ILSVRC2012_val_00000608_rank810,643,971,0.50286,95
ILSVRC2012_val_00020730_with_ILSVRC2012_val_00031353_rank538,713,713,0.9052,0
ILSVRC2012_val_00020730_with_ILSVRC2012_val_00037654_rank408,783,783,0.48126,0
ILSVRC2012_val_00020730_with_ILSVRC2012_val_00003213_rank164,362,362,0.99989,0
ILSVRC2012_val_00020730_with_ILSVRC2012_val_00000473_rank419,758,758,0.98156,0
ILSVRC2012_val_00020730_with_ILSVRC2012_val_00023354_rank609,502,863,0.64341,161
ILSVRC2012_val_00020730_with_ILSVRC2012_val_00029803_rank773,478,154,0.99686,383
ILSVRC2012_val_00020730_with_ILSVRC2012_val_00010783_rank958,906,18,0.07669,906
ILSVRC2012_val_00020730_with_ILSVRC2012_val_00029515_rank984,823,749,0.10048,86
ILSVRC2012_val_00020730_with_ILSVRC2012_val_00000567_rank443,858,858,0.98011,0
ILSVRC2012_val_00020730_with_ILSVRC2012_val_00035651_rank337,75,310,0.40165,6
ILSVRC2012_val_00020730_with_ILSVRC2012_val_00031439_rank954,160,373,0.28092,541
ILSVRC2012_val_00020730_with_ILSVRC2012_val_00027551_rank186,640,326,0.17594,163
ILSVRC2012_val_00020730_with_ILSVRC2012_val_00022370_rank523,400,667,0.80554,1
ILSVRC2012_val_00020730_with_ILSVRC2012_val_00006160_rank955,759,695,0.49208,152
ILSVRC2012_val_00020730_with_ILSVRC2012_val_00046905_rank863,595,595,0.76466,0
ILSVRC2012_val_00020730_with_ILSVRC2012_val_00025141_rank249,393,393,0.9549,0
ILSVRC2012_val_00020730_with_ILSVRC2012_val_00046309_rank671,716,716,0.99625,0
ILSVRC2012_val_00020730_with_ILSVRC2012_val_00001344_rank620,253,253,0.97681,0
ILSVRC2012_val_00020730_with_ILSVRC2012_val_00006734_rank164,362,362,0.9998,0
ILSVRC2012_val_00020730_with_ILSVRC2012_val_00024124_rank976,861,384,0.09335,850
ILSVRC2012_val_00020730_with_ILSVRC2012_val_00009906_rank273,802,17,0.26361,301
ILSVRC2012_val_00020730_with_ILSVRC2012_val_00032542_rank365,940,940,0.90302,0
ILSVRC2012_val_00020730_with_ILSVRC2012_val_00013397_rank085,59,59,0.99642,0
ILSVRC2012_val_00020730_with_ILSVRC2012_val_00020740_rank787,163,163,0.99701,0
ILSVRC2012_val_00020730_with_ILSVRC2012_val_00021119_rank798,608,457,0.15843,32
ILSVRC2012_val_00020730_with_ILSVRC2012_val_00027155_rank282,746,677,0.06839,155
ILSVRC2012_val_00020730_with_ILSVRC2012_val_00010356_rank390,183,197,0.45335,2
ILSVRC2012_val_00020730_with_ILSVRC2012_val_00041453_rank911,747,470,0.21549,312
ILSVRC2012_val_00020730_with_ILSVRC2012_val_00037843_rank623,840,947,0.75894,501
ILSVRC2012_val_00020730_with_ILSVRC2012_val_00006391_rank992,699,699,0.90803,0
ILSVRC2012_val_00020730_with_ILSVRC2012_val_00022841_rank040,35,37,0.43049,1
ILSVRC2012_val_00020730_with_ILSVRC2012_val_00039389_rank057,135,135,0.99996,0
ILSVRC2012_val_00020730_with_ILSVRC2012_val_00028646_rank816,503,503,0.7039,0
ILSVRC2012_val_00020730_with_ILSVRC2012_val_00014174_rank687,155,153,0.3224,3
ILSVRC2012_val_00020730_with_ILSVRC2012_val_00024148_rank352,256,379,0.32271,58
ILSVRC2012_val_00020730_with_ILSVRC2012_val_00023929_rank525,487,487,0.89681,0
ILSVRC2012_val_00020730_with_ILSVRC2012_val_00034402_rank945,122,122,0.51225,0
ILSVRC2012_val_00020730_with_ILSVRC2012_val_00021488_rank295,388,388,0.99752,0
ILSVRC2012_val_00020730_with_ILSVRC2012_val_00035940_rank137,181,181,0.99989,0
ILSVRC2012_val_00020730_with_ILSVRC2012_val_00039699_rank790,203,203,0.99362,0
ILSVRC2012_val_00020730_with_ILSVRC2012_val_00048490_rank311,685,685,0.99843,0
ILSVRC2012_val_00020730_with_ILSVRC2012_val_00013468_rank517,659,659,0.99976,0
ILSVRC2012_val_00020730_with_ILSVRC2012_val_00016280_rank721,431,463,0.16393,720
ILSVRC2012_val_00020730_with_ILSVRC2012_val_00028476_rank386,645,319,0.66688,164
ILSVRC2012_val_00020730_with_ILSVRC2012_val_00038584_rank558,690,349,0.22066,55
ILSVRC2012_val_00020730_with_ILSVRC2012_val_00013181_rank522,484,20,0.05357,495
ILSVRC2012_val_00020730_with_ILSVRC2012_val_00007284_rank022,95,95,0.99476,0
ILSVRC2012_val_00020730_with_ILSVRC2012_val_00040392_rank753,648,648,0.75132,0
ILSVRC2012_val_00020730_with_ILSVRC2012_val_00018311_rank113,269,269,0.96789,0
ILSVRC2012_val_00020730_with_ILSVRC2012_val_00009790_rank824,700,637,0.87658,62
ILSVRC2012_val_00020730_with_ILSVRC2012_val_00048409_rank777,591,591,0.46939,0
ILSVRC2012_val_00020730_with_ILSVRC2012_val_00022823_rank688,832,832,0.98491,0
ILSVRC2012_val_00020730_with_ILSVRC2012_val_00034024_rank865,168,168,0.34226,0
ILSVRC2012_val_00020730_with_ILSVRC2012_val_00009658_rank440,666,968,0.66925,12
ILSVRC2012_val_00020730_with_ILSVRC2012_val_00012908_rank196,438,438,0.91433,0
ILSVRC2012_val_00020730_with_ILSVRC2012_val_00012776_rank839,655,20,0.33169,867
ILSVRC2012_val_00020730_with_ILSVRC2012_val_00023362_rank436,215,215,0.75758,0
ILSVRC2012_val_00020730_with_ILSVRC2012_val_00014569_rank972,594,594,0.99875,0
ILSVRC2012_val_00020730_with_ILSVRC2012_val_00046992_rank540,557,677,0.23566,274
ILSVRC2012_val_00020730_with_ILSVRC2012_val_00047276_rank285,152,152,0.99848,0
ILSVRC2012_val_00020730_with_ILSVRC2012_val_00048567_rank987,523,324,0.33711,762
ILSVRC2012_val_00020730_with_ILSVRC2012_val_00010563_rank557,197,183,0.30629,5
ILSVRC2012_val_00020730_with_ILSVRC2012_val_00042618_rank658,818,20,0.13444,486
ILSVRC2012_val_00020730_with_ILSVRC2012_val_00003044_rank052,294,356,0.19364,84
ILSVRC2012_val_00020730_with_ILSVRC2012_val_00024638_rank968,731,311,0.17902,826
ILSVRC2012_val_00020730_with_ILSVRC2012_val_00046307_rank056,92,92,0.99986,0
ILSVRC2012_val_00020730_with_ILSVRC2012_val_00020439_rank470,341,129,0.093,225
ILSVRC2012_val_00020730_with_ILSVRC2012_val_00011341_rank417,855,855,0.99628,0
ILSVRC2012_val_00020730_with_ILSVRC2012_val_00037566_rank912,606,606,0.9998,0
ILSVRC2012_val_00020730_with_ILSVRC2012_val_00038871_rank676,983,983,0.637,0
ILSVRC2012_val_00020730_with_ILSVRC2012_val_00023940_rank218,313,313,0.99538,0
ILSVRC2012_val_00020730_with_ILSVRC2012_val_00030915_rank830,180,279,0.33718,489
ILSVRC2012_val_00020730_with_ILSVRC2012_val_00000858_rank757,899,898,0.11946,2
ILSVRC2012_val_00020730_with_ILSVRC2012_val_00002884_rank624,868,448,0.14493,113
ILSVRC2012_val_00020730_with_ILSVRC2012_val_00000681_rank992,699,699,0.89767,0
ILSVRC2012_val_00020730_with_ILSVRC2012_val_00047919_rank326,264,264,0.9998,0
ILSVRC2012_val_00020730_with_ILSVRC2012_val_00002573_rank557,197,179,0.35214,51
ILSVRC2012_val_00020730_with_ILSVRC2012_val_00045310_rank346,77,120,0.49019,17
ILSVRC2012_val_00020730_with_ILSVRC2012_val_00003919_rank183,698,483,0.41434,1
ILSVRC2012_val_00020730_with_ILSVRC2012_val_00041631_rank691,519,519,0.96249,0
ILSVRC2012_val_00020730_with_ILSVRC2012_val_00046522_rank068,391,40,0.33931,562
ILSVRC2012_val_00020730_with_ILSVRC2012_val_00009627_rank514,896,448,0.4407,323
ILSVRC2012_val_00020730_with_ILSVRC2012_val_00039541_rank691,519,956,0.69107,257
ILSVRC2012_val_00020730_with_ILSVRC2012_val_00012677_rank135,312,70,0.59784,8
ILSVRC2012_val_00020730_with_ILSVRC2012_val_00010204_rank463,592,592,0.99825,0
ILSVRC2012_val_00020730_with_ILSVRC2012_val_00010027_rank866,654,656,0.57581,1
ILSVRC2012_val_00020730_with_ILSVRC2012_val_00041589_rank476,923,959,0.78484,2
ILSVRC2012_val_00020730_with_ILSVRC2012_val_00002956_rank064,350,350,0.99952,0
ILSVRC2012_val_00020730_with_ILSVRC2012_val_00031185_rank462,283,375,0.07671,185
ILSVRC2012_val_00020730_with_ILSVRC2012_val_00029041_rank271,364,364,0.56615,0
ILSVRC2012_val_00020730_with_ILSVRC2012_val_00011533_rank983,738,427,0.9774,9
ILSVRC2012_val_00020730_with_ILSVRC2012_val_00023042_rank799,905,905,0.65197,0
ILSVRC2012_val_00020730_with_ILSVRC2012_val_00015006_rank834,787,723,0.20558,70
ILSVRC2012_val_00020730_with_ILSVRC2012_val_00003341_rank239,343,343,0.90111,0
ILSVRC2012_val_00020730_with_ILSVRC2012_val_00044780_rank903,827,653,0.24922,33
ILSVRC2012_val_00020730_with_ILSVRC2012_val_00013151_rank330,369,59,0.13587,178
ILSVRC2012_val_00020730_with_ILSVRC2012_val_00030295_rank869,709,637,0.22143,76
ILSVRC2012_val_00020730_with_ILSVRC2012_val_00022744_rank053,356,356,0.99735,0
ILSVRC2012_val_00020730_with_ILSVRC2012_val_00045541_rank183,698,483,0.96289,1
ILSVRC2012_val_00020730_with_ILSVRC2012_val_00049235_rank018,80,21,0.47942,8
ILSVRC2012_val_00020730_with_ILSVRC2012_val_00005798_rank483,817,656,0.37697,8
ILSVRC2012_val_00020730_with_ILSVRC2012_val_00032753_rank722,579,579,0.999,0
ILSVRC2012_val_00020730_with_ILSVRC2012_val_00042425_rank495,443,309,0.183,703
ILSVRC2012_val_00020730_with_ILSVRC2012_val_00025368_rank679,534,534,0.89067,0
ILSVRC2012_val_00020730_with_ILSVRC2012_val_00020650_rank827,584,584,0.51827,0
ILSVRC2012_val_00020730_with_ILSVRC2012_val_00002500_rank106,677,677,0.97812,0
ILSVRC2012_val_00020730_with_ILSVRC2012_val_00040923_rank393,385,101,0.8709,1
ILSVRC2012_val_00020730_with_ILSVRC2012_val_00013126_rank169,220,220,0.96911,0
ILSVRC2012_val_00020730_with_ILSVRC2012_val_00028932_rank602,159,159,0.5503,0
ILSVRC2012_val_00020730_with_ILSVRC2012_val_00003738_rank178,126,126,0.98274,0
ILSVRC2012_val_00020730_with_ILSVRC2012_val_00048309_rank569,742,742,0.98862,0
ILSVRC2012_val_00020730_with_ILSVRC2012_val_00034242_rank008,19,19,0.99959,0
ILSVRC2012_val_00020730_with_ILSVRC2012_val_00000089_rank525,487,487,0.97634,0
ILSVRC2012_val_00020730_with_ILSVRC2012_val_00015903_rank029,11,11,0.99979,0
ILSVRC2012_val_00020730_with_ILSVRC2012_val_00031377_rank384,193,186,0.90235,3
ILSVRC2012_val_00020730_with_ILSVRC2012_val_00044878_rank961,412,463,0.66219,1
ILSVRC2012_val_00020730_with_ILSVRC2012_val_00042690_rank696,170,186,0.70438,55
ILSVRC2012_val_00020730_with_ILSVRC2012_val_00023033_rank244,298,298,0.98776,0
ILSVRC2012_val_00020730_with_ILSVRC2012_val_00016950_rank981,575,609,0.96906,7
ILSVRC2012_val_00020730_with_ILSVRC2012_val_00011530_rank215,37,37,0.96013,0
ILSVRC2012_val_00020730_with_ILSVRC2012_val_00002192_rank054,129,129,0.99296,0
ILSVRC2012_val_00020730_with_ILSVRC2012_val_00024541_rank584,63,63,0.99947,0
ILSVRC2012_val_00020730_with_ILSVRC2012_val_00043116_rank680,423,306,0.99486,475
ILSVRC2012_val_00020730_with_ILSVRC2012_val_00006434_rank885,571,637,0.98828,4
ILSVRC2012_val_00020730_with_ILSVRC2012_val_00020859_rank084,280,280,0.99236,0
ILSVRC2012_val_00020730_with_ILSVRC2012_val_00047949_rank157,994,994,0.88397,0
ILSVRC2012_val_00020730_with_ILSVRC2012_val_00003101_rank031,49,47,0.49053,50
ILSVRC2012_val_00020730_with_ILSVRC2012_val_00038086_rank598,417,417,0.99358,0
ILSVRC2012_val_00020730_with_ILSVRC2012_val_00012992_rank911,747,747,0.98797,0
ILSVRC2012_val_00020730_with_ILSVRC2012_val_00020055_rank663,512,703,0.40081,752
ILSVRC2012_val_00020730_with_ILSVRC2012_val_00029245_rank033,97,97,0.98621,0
ILSVRC2012_val_00020730_with_ILSVRC2012_val_00004452_rank885,571,448,0.07316,44
ILSVRC2012_val_00020730_with_ILSVRC2012_val_00015910_rank328,7,7,0.99449,0
ILSVRC2012_val_00020730_with_ILSVRC2012_val_00025673_rank851,637,637,0.65244,0
ILSVRC2012_val_00020730_with_ILSVRC2012_val_00014621_rank425,894,894,0.81425,0
ILSVRC2012_val_00020730_with_ILSVRC2012_val_00024718_rank953,772,772,0.57914,0
ILSVRC2012_val_00020730_with_ILSVRC2012_val_00049387_rank818,771,771,0.5684,0
ILSVRC2012_val_00020730_with_ILSVRC2012_val_00038192_rank008,19,19,0.99983,0
ILSVRC2012_val_00020730_with_ILSVRC2012_val_00026233_rank959,764,616,0.46358,946
ILSVRC2012_val_00020730_with_ILSVRC2012_val_00046576_rank636,561,561,0.97772,0
ILSVRC2012_val_00020730_with_ILSVRC2012_val_00017945_rank309,780,780,0.968,0
ILSVRC2012_val_00020730_with_ILSVRC2012_val_00031470_rank103,277,277,0.57729,0
ILSVRC2012_val_00020730_with_ILSVRC2012_val_00017139_rank139,316,316,0.9984,0
ILSVRC2012_val_00020730_with_ILSVRC2012_val_00002240_rank916,854,947,0.08059,568
ILSVRC2012_val_00020730_with_ILSVRC2012_val_00016838_rank538,713,713,0.68659,0
ILSVRC2012_val_00020730_with_ILSVRC2012_val_00015790_rank177,448,448,0.99127,0
ILSVRC2012_val_00020730_with_ILSVRC2012_val_00025879_rank945,122,122,0.92404,0
ILSVRC2012_val_00020730_with_ILSVRC2012_val_00042617_rank420,292,292,0.96286,0
ILSVRC2012_val_00020730_with_ILSVRC2012_val_00010148_rank369,332,332,0.96038,0
ILSVRC2012_val_00020730_with_ILSVRC2012_val_00019557_rank300,909,644,0.12321,190
ILSVRC2012_val_00020730_with_ILSVRC2012_val_00038321_rank190,833,851,0.06269,285
ILSVRC2012_val_00020730_with_ILSVRC2012_val_00000084_rank015,58,43,0.24544,122
ILSVRC2012_val_00020730_with_ILSVRC2012_val_00031468_rank437,886,886,0.29203,0
ILSVRC2012_val_00020730_with_ILSVRC2012_val_00022517_rank443,858,313,0.91508,157
ILSVRC2012_val_00020730_with_ILSVRC2012_val_00011202_rank291,268,171,0.55995,1
ILSVRC2012_val_00020730_with_ILSVRC2012_val_00027633_rank262,5,5,0.66989,0
ILSVRC2012_val_00020730_with_ILSVRC2012_val_00025546_rank915,374,374,0.99982,0
ILSVRC2012_val_00020730_with_ILSVRC2012_val_00037335_rank849,883,883,0.32803,0
ILSVRC2012_val_00020730_with_ILSVRC2012_val_00009719_rank662,355,350,0.95369,10
ILSVRC2012_val_00020730_with_ILSVRC2012_val_00014374_rank396,252,183,0.45593,6
ILSVRC2012_val_00020730_with_ILSVRC2012_val_00013496_rank386,645,686,0.09623,747
ILSVRC2012_val_00020730_with_ILSVRC2012_val_00010585_rank189,947,947,0.95369,0
ILSVRC2012_val_00020730_with_ILSVRC2012_val_00006355_rank194,483,483,0.87589,0
ILSVRC2012_val_00020730_with_ILSVRC2012_val_00028220_rank570,291,291,0.99963,0
ILSVRC2012_val_00020730_with_ILSVRC2012_val_00042628_rank766,202,189,0.37091,5
ILSVRC2012_val_00020730_with_ILSVRC2012_val_00031615_rank688,832,832,0.88878,0
ILSVRC2012_val_00020730_with_ILSVRC2012_val_00001777_rank409,167,166,0.46875,1
ILSVRC2012_val_00020730_with_ILSVRC2012_val_00040383_rank943,808,989,0.15951,964
ILSVRC2012_val_00020730_with_ILSVRC2012_val_00044989_rank777,591,448,0.19481,271
ILSVRC2012_val_00020730_with_ILSVRC2012_val_00003772_rank567,430,113,0.26191,365
ILSVRC2012_val_00020730_with_ILSVRC2012_val_00030433_rank301,174,20,0.59781,252
ILSVRC2012_val_00020730_with_ILSVRC2012_val_00024419_rank556,880,600,0.44036,178
ILSVRC2012_val_00020730_with_ILSVRC2012_val_00036909_rank893,494,494,0.9816,0
ILSVRC2012_val_00020730_with_ILSVRC2012_val_00025486_rank781,456,94,0.43102,789
ILSVRC2012_val_00020730_with_ILSVRC2012_val_00020922_rank117,116,314,0.12618,54
ILSVRC2012_val_00020730_with_ILSVRC2012_val_00042101_rank267,540,783,0.20806,119
ILSVRC2012_val_00020730_with_ILSVRC2012_val_00027243_rank433,761,20,0.0852,360
ILSVRC2012_val_00020730_with_ILSVRC2012_val_00001115_rank283,962,677,0.29792,297
ILSVRC2012_val_00020730_with_ILSVRC2012_val_00032742_rank649,867,586,0.21113,28
ILSVRC2012_val_00020730_with_ILSVRC2012_val_00044340_rank475,334,334,0.29904,0
ILSVRC2012_val_00020730_with_ILSVRC2012_val_00046774_rank069,986,986,0.99987,0
ILSVRC2012_val_00020730_with_ILSVRC2012_val_00039697_rank112,349,349,0.88406,0
ILSVRC2012_val_00020730_with_ILSVRC2012_val_00016296_rank590,462,20,0.38801,498
ILSVRC2012_val_00020730_with_ILSVRC2012_val_00010909_rank567,430,430,0.99451,0
ILSVRC2012_val_00020730_with_ILSVRC2012_val_00037283_rank694,727,947,0.16761,613
ILSVRC2012_val_00020730_with_ILSVRC2012_val_00042206_rank990,246,179,0.2101,11
ILSVRC2012_val_00020730_with_ILSVRC2012_val_00015120_rank941,118,599,0.23213,354
ILSVRC2012_val_00020730_with_ILSVRC2012_val_00047638_rank107,814,814,0.28713,0
ILSVRC2012_val_00020730_with_ILSVRC2012_val_00005525_rank889,379,379,0.34652,0
ILSVRC2012_val_00020730_with_ILSVRC2012_val_00007958_rank725,204,204,0.40372,0
ILSVRC2012_val_00020730_with_ILSVRC2012_val_00013517_rank240,609,609,0.97569,0
ILSVRC2012_val_00020730_with_ILSVRC2012_val_00043820_rank357,922,769,0.597,66
ILSVRC2012_val_00020730_with_ILSVRC2012_val_00044518_rank440,666,596,0.90295,38
ILSVRC2012_val_00020730_with_ILSVRC2012_val_00010287_rank032,30,32,0.56779,1
ILSVRC2012_val_00020730_with_ILSVRC2012_val_00033781_rank129,300,300,0.99032,0
ILSVRC2012_val_00020730_with_ILSVRC2012_val_00048010_rank149,466,317,0.16236,189
ILSVRC2012_val_00020730_with_ILSVRC2012_val_00000319_rank145,102,102,0.99928,0
ILSVRC2012_val_00020730_with_ILSVRC2012_val_00030123_rank788,543,783,0.54724,34
ILSVRC2012_val_00020730_with_ILSVRC2012_val_00004852_rank629,265,191,0.2583,19
ILSVRC2012_val_00020730_with_ILSVRC2012_val_00040645_rank848,245,245,0.80974,0
ILSVRC2012_val_00020730_with_ILSVRC2012_val_00036295_rank257,307,307,0.99671,0
ILSVRC2012_val_00020730_with_ILSVRC2012_val_00003559_rank745,526,664,0.19986,4
ILSVRC2012_val_00020730_with_ILSVRC2012_val_00003833_rank027,85,85,0.99348,0
ILSVRC2012_val_00020730_with_ILSVRC2012_val_00047874_rank802,885,692,0.49418,143
ILSVRC2012_val_00020730_with_ILSVRC2012_val_00013508_rank207,179,20,0.26088,166
ILSVRC2012_val_00020730_with_ILSVRC2012_val_00041892_rank398,123,125,0.29058,6
ILSVRC2012_val_00020730_with_ILSVRC2012_val_00044317_rank749,93,93,0.99991,0
ILSVRC2012_val_00020730_with_ILSVRC2012_val_00023027_rank372,178,178,0.99335,0
ILSVRC2012_val_00020730_with_ILSVRC2012_val_00019467_rank089,305,307,0.9319,5
ILSVRC2012_val_00020730_with_ILSVRC2012_val_00000045_rank352,256,255,0.33389,13
ILSVRC2012_val_00020730_with_ILSVRC2012_val_00002482_rank495,443,27,0.97575,303
ILSVRC2012_val_00020730_with_ILSVRC2012_val_00032888_rank525,487,593,0.45062,11
ILSVRC2012_val_00020730_with_ILSVRC2012_val_00007845_rank237,371,371,0.93906,0
ILSVRC2012_val_00020730_with_ILSVRC2012_val_00015025_rank088,321,321,0.99986,0
ILSVRC2012_val_00020730_with_ILSVRC2012_val_00019240_rank469,529,947,0.10802,572
ILSVRC2012_val_00020730_with_ILSVRC2012_val_00002136_rank560,835,835,0.45771,0
ILSVRC2012_val_00020730_with_ILSVRC2012_val_00035047_rank749,93,96,0.67428,1
ILSVRC2012_val_00020730_with_ILSVRC2012_val_00017658_rank744,735,947,0.60726,511
ILSVRC2012_val_00020730_with_ILSVRC2012_val_00020862_rank839,655,494,0.60047,760
ILSVRC2012_val_00020730_with_ILSVRC2012_val_00042140_rank026,357,357,0.65686,0
ILSVRC2012_val_00020730_with_ILSVRC2012_val_00031772_rank014,16,12,0.65061,3
ILSVRC2012_val_00020730_with_ILSVRC2012_val_00002054_rank586,932,993,0.79702,34
ILSVRC2012_val_00020730_with_ILSVRC2012_val_00045694_rank309,780,780,0.47796,0
ILSVRC2012_val_00020730_with_ILSVRC2012_val_00043327_rank764,492,492,0.93758,0
ILSVRC2012_val_00020730_with_ILSVRC2012_val_00024302_rank069,986,986,0.9997,0
ILSVRC2012_val_00020730_with_ILSVRC2012_val_00015186_rank257,307,303,0.80657,2
ILSVRC2012_val_00020730_with_ILSVRC2012_val_00031541_rank215,37,37,0.79845,0
ILSVRC2012_val_00020730_with_ILSVRC2012_val_00023752_rank586,932,932,0.56186,0
ILSVRC2012_val_00020730_with_ILSVRC2012_val_00004335_rank541,73,77,0.68282,4
ILSVRC2012_val_00020730_with_ILSVRC2012_val_00023456_rank458,602,733,0.09998,5
ILSVRC2012_val_00020730_with_ILSVRC2012_val_00024537_rank922,593,491,0.99786,224
ILSVRC2012_val_00020730_with_ILSVRC2012_val_00011877_rank023,360,360,0.59579,0
ILSVRC2012_val_00020730_with_ILSVRC2012_val_00020983_rank571,721,721,0.96126,0
ILSVRC2012_val_00020730_with_ILSVRC2012_val_00012516_rank331,184,184,0.82155,0
ILSVRC2012_val_00020730_with_ILSVRC2012_val_00046126_rank699,473,919,0.71506,703
ILSVRC2012_val_00020730_with_ILSVRC2012_val_00004268_rank302,501,350,0.06618,403
ILSVRC2012_val_00020730_with_ILSVRC2012_val_00026469_rank224,672,672,0.98744,0
ILSVRC2012_val_00020730_with_ILSVRC2012_val_00049803_rank014,16,16,0.99902,0
ILSVRC2012_val_00020730_with_ILSVRC2012_val_00029301_rank256,959,959,0.98655,0
ILSVRC2012_val_00020730_with_ILSVRC2012_val_00016273_rank349,327,327,0.63991,0
ILSVRC2012_val_00020730_with_ILSVRC2012_val_00001970_rank887,737,440,0.39664,1
ILSVRC2012_val_00020730_with_ILSVRC2012_val_00040179_rank899,719,113,0.2034,426
ILSVRC2012_val_00020730_with_ILSVRC2012_val_00034356_rank787,163,163,0.99988,0
ILSVRC2012_val_00020730_with_ILSVRC2012_val_00014819_rank090,148,18,0.32577,50
ILSVRC2012_val_00020730_with_ILSVRC2012_val_00038580_rank348,200,200,0.96587,0
ILSVRC2012_val_00020730_with_ILSVRC2012_val_00027293_rank430,436,609,0.30143,8
ILSVRC2012_val_00020730_with_ILSVRC2012_val_00015646_rank751,559,559,0.99908,0
ILSVRC2012_val_00020730_with_ILSVRC2012_val_00022606_rank359,282,208,0.85838,59
ILSVRC2012_val_00020730_with_ILSVRC2012_val_00008496_rank552,255,255,0.99999,0
ILSVRC2012_val_00020730_with_ILSVRC2012_val_00029470_rank953,772,502,0.37295,548
ILSVRC2012_val_00020730_with_ILSVRC2012_val_00048019_rank613,789,448,0.60913,363
ILSVRC2012_val_00020730_with_ILSVRC2012_val_00022306_rank964,545,545,0.96236,0
ILSVRC2012_val_00020730_with_ILSVRC2012_val_00030039_rank119,57,57,0.96028,0
ILSVRC2012_val_00020730_with_ILSVRC2012_val_00040959_rank546,934,934,0.43533,0
ILSVRC2012_val_00020730_with_ILSVRC2012_val_00039693_rank768,741,448,0.19427,829
ILSVRC2012_val_00020730_with_ILSVRC2012_val_00049470_rank231,755,755,0.4596,0
ILSVRC2012_val_00020730_with_ILSVRC2012_val_00013990_rank079,336,335,0.43133,1
ILSVRC2012_val_00020730_with_ILSVRC2012_val_00024250_rank139,316,24,0.63118,89
ILSVRC2012_val_00020730_with_ILSVRC2012_val_00019538_rank719,450,795,0.15475,4
ILSVRC2012_val_00020730_with_ILSVRC2012_val_00006572_rank447,669,728,0.41325,24
ILSVRC2012_val_00020730_with_ILSVRC2012_val_00034844_rank486,533,464,0.06578,283
ILSVRC2012_val_00020730_with_ILSVRC2012_val_00001267_rank865,168,211,0.39969,3
ILSVRC2012_val_00020730_with_ILSVRC2012_val_00029738_rank653,368,134,0.35044,541
ILSVRC2012_val_00020730_with_ILSVRC2012_val_00011817_rank763,748,748,0.15571,0
ILSVRC2012_val_00020730_with_ILSVRC2012_val_00026677_rank236,847,847,0.41759,0
ILSVRC2012_val_00020730_with_ILSVRC2012_val_00023194_rank889,379,993,0.47669,116
ILSVRC2012_val_00020730_with_ILSVRC2012_val_00015394_rank149,466,472,0.23117,207
ILSVRC2012_val_00020730_with_ILSVRC2012_val_00022196_rank770,158,253,0.43749,5
ILSVRC2012_val_00020730_with_ILSVRC2012_val_00018580_rank023,360,360,0.92993,0
ILSVRC2012_val_00020730_with_ILSVRC2012_val_00007996_rank633,869,350,0.31254,730
ILSVRC2012_val_00020730_with_ILSVRC2012_val_00034783_rank647,870,870,0.99779,0
ILSVRC2012_val_00020730_with_ILSVRC2012_val_00010234_rank625,749,89,0.41652,150
ILSVRC2012_val_00020730_with_ILSVRC2012_val_00005991_rank710,665,584,0.25372,788
ILSVRC2012_val_00020730_with_ILSVRC2012_val_00009393_rank036,132,132,0.98685,0
ILSVRC2012_val_00020730_with_ILSVRC2012_val_00035696_rank039,326,326,0.99974,0
ILSVRC2012_val_00020730_with_ILSVRC2012_val_00036095_rank079,336,360,0.35156,13
ILSVRC2012_val_00020730_with_ILSVRC2012_val_00044475_rank095,55,55,0.81377,0
ILSVRC2012_val_00020730_with_ILSVRC2012_val_00019634_rank741,600,350,0.17487,262
ILSVRC2012_val_00020730_with_ILSVRC2012_val_00025031_rank653,368,368,0.98652,0
ILSVRC2012_val_00020730_with_ILSVRC2012_val_00006132_rank966,859,859,0.5319,0
ILSVRC2012_val_00020730_with_ILSVRC2012_val_00022937_rank297,46,46,0.83593,0
ILSVRC2012_val_00020730_with_ILSVRC2012_val_00030670_rank452,793,947,0.7073,366
ILSVRC2012_val_00020730_with_ILSVRC2012_val_00003618_rank678,836,989,0.13305,486
