dataset_id,actual_class_index,prediction_class_index,prediction_probability,prediction_distance
ILSVRC2012_val_00043751_with_ILSVRC2012_val_00018701_rank233,261,261,0.98765,0
ILSVRC2012_val_00043751_with_ILSVRC2012_val_00039989_rank856,636,637,0.24839,62
ILSVRC2012_val_00043751_with_ILSVRC2012_val_00031171_rank037,12,12,0.97923,0
ILSVRC2012_val_00043751_with_ILSVRC2012_val_00004744_rank073,201,201,0.90699,0
ILSVRC2012_val_00043751_with_ILSVRC2012_val_00007367_rank128,198,233,0.96411,3
ILSVRC2012_val_00043751_with_ILSVRC2012_val_00011249_rank229,19,10,0.97753,6
ILSVRC2012_val_00043751_with_ILSVRC2012_val_00026556_rank038,139,139,0.96738,0
ILSVRC2012_val_00043751_with_ILSVRC2012_val_00018955_rank832,995,995,0.97051,0
ILSVRC2012_val_00043751_with_ILSVRC2012_val_00028533_rank805,317,317,0.95949,0
ILSVRC2012_val_00043751_with_ILSVRC2012_val_00000821_rank131,124,467,0.13993,36
ILSVRC2012_val_00043751_with_ILSVRC2012_val_00010150_rank449,319,319,0.96758,0
ILSVRC2012_val_00043751_with_ILSVRC2012_val_00030474_rank671,311,311,0.71767,0
ILSVRC2012_val_00043751_with_ILSVRC2012_val_00029825_rank375,273,273,0.91428,0
ILSVRC2012_val_00043751_with_ILSVRC2012_val_00023905_rank822,597,87,0.11657,365
ILSVRC2012_val_00043751_with_ILSVRC2012_val_00031215_rank568,457,457,0.88094,0
ILSVRC2012_val_00043751_with_ILSVRC2012_val_00031348_rank158,293,289,0.18967,3
ILSVRC2012_val_00043751_with_ILSVRC2012_val_00025297_rank432,806,806,0.97296,0
ILSVRC2012_val_00043751_with_ILSVRC2012_val_00013063_rank466,402,519,0.08523,500
ILSVRC2012_val_00043751_with_ILSVRC2012_val_00004603_rank644,458,519,0.48399,41
ILSVRC2012_val_00043751_with_ILSVRC2012_val_00046069_rank521,33,33,0.62455,0
ILSVRC2012_val_00043751_with_ILSVRC2012_val_00016723_rank340,513,764,0.14034,27
ILSVRC2012_val_00043751_with_ILSVRC2012_val_00008315_rank910,686,686,0.96626,0
ILSVRC2012_val_00043751_with_ILSVRC2012_val_00017788_rank204,743,743,0.78502,0
ILSVRC2012_val_00043751_with_ILSVRC2012_val_00020023_rank363,251,251,0.97632,0
ILSVRC2012_val_00043751_with_ILSVRC2012_val_00008620_rank532,724,724,0.82292,0
ILSVRC2012_val_00043751_with_ILSVRC2012_val_00025408_rank165,669,669,0.8153,0
ILSVRC2012_val_00043751_with_ILSVRC2012_val_00017627_rank045,992,992,0.77451,0
ILSVRC2012_val_00043751_with_ILSVRC2012_val_00048817_rank337,374,519,0.11753,772
ILSVRC2012_val_00043751_with_ILSVRC2012_val_00044167_rank967,606,606,0.98066,0
ILSVRC2012_val_00043751_with_ILSVRC2012_val_00013765_rank693,441,463,0.49881,76
ILSVRC2012_val_00043751_with_ILSVRC2012_val_00020141_rank521,33,33,0.42917,0
ILSVRC2012_val_00043751_with_ILSVRC2012_val_00000562_rank663,466,908,0.08343,21
ILSVRC2012_val_00043751_with_ILSVRC2012_val_00046481_rank632,544,463,0.12203,17
ILSVRC2012_val_00043751_with_ILSVRC2012_val_00030227_rank701,898,898,0.32697,0
ILSVRC2012_val_00043751_with_ILSVRC2012_val_00047169_rank686,318,318,0.87352,0
ILSVRC2012_val_00043751_with_ILSVRC2012_val_00007285_rank782,736,519,0.66997,156
ILSVRC2012_val_00043751_with_ILSVRC2012_val_00022936_rank551,751,519,0.1866,219
ILSVRC2012_val_00043751_with_ILSVRC2012_val_00028093_rank911,821,821,0.23176,0
ILSVRC2012_val_00043751_with_ILSVRC2012_val_00003299_rank076,361,361,0.94648,0
ILSVRC2012_val_00043751_with_ILSVRC2012_val_00039154_rank277,752,588,0.10197,253
ILSVRC2012_val_00043751_with_ILSVRC2012_val_00031986_rank783,405,405,0.98009,0
ILSVRC2012_val_00043751_with_ILSVRC2012_val_00045440_rank373,271,273,0.32713,6
ILSVRC2012_val_00043751_with_ILSVRC2012_val_00041756_rank737,368,368,0.95476,0
ILSVRC2012_val_00043751_with_ILSVRC2012_val_00021953_rank672,300,300,0.97012,0
ILSVRC2012_val_00043751_with_ILSVRC2012_val_00010909_rank379,430,430,0.98779,0
ILSVRC2012_val_00043751_with_ILSVRC2012_val_00014615_rank148,879,17,0.0859,440
ILSVRC2012_val_00043751_with_ILSVRC2012_val_00005938_rank427,589,519,0.6722,874
ILSVRC2012_val_00043751_with_ILSVRC2012_val_00006578_rank312,491,491,0.96412,0
ILSVRC2012_val_00043751_with_ILSVRC2012_val_00023842_rank217,640,539,0.37952,3
ILSVRC2012_val_00043751_with_ILSVRC2012_val_00044421_rank842,813,519,0.2782,366
ILSVRC2012_val_00043751_with_ILSVRC2012_val_00016976_rank119,186,186,0.85961,0
ILSVRC2012_val_00043751_with_ILSVRC2012_val_00031665_rank978,461,461,0.8297,0
ILSVRC2012_val_00043751_with_ILSVRC2012_val_00039360_rank855,326,326,0.94737,0
ILSVRC2012_val_00043751_with_ILSVRC2012_val_00026051_rank352,259,259,0.32992,0
ILSVRC2012_val_00043751_with_ILSVRC2012_val_00008478_rank618,694,694,0.12038,0
ILSVRC2012_val_00043751_with_ILSVRC2012_val_00024444_rank213,486,486,0.85787,0
ILSVRC2012_val_00043751_with_ILSVRC2012_val_00021063_rank020,144,350,0.66167,88
ILSVRC2012_val_00043751_with_ILSVRC2012_val_00014197_rank425,695,695,0.92898,0
ILSVRC2012_val_00043751_with_ILSVRC2012_val_00016536_rank071,515,519,0.79207,490
ILSVRC2012_val_00043751_with_ILSVRC2012_val_00020052_rank016,22,22,0.76628,0
ILSVRC2012_val_00043751_with_ILSVRC2012_val_00038101_rank939,822,822,0.9858,0
ILSVRC2012_val_00043751_with_ILSVRC2012_val_00003619_rank310,950,950,0.92662,0
ILSVRC2012_val_00043751_with_ILSVRC2012_val_00039969_rank069,244,244,0.9748,0
ILSVRC2012_val_00043751_with_ILSVRC2012_val_00028477_rank539,229,229,0.97202,0
ILSVRC2012_val_00043751_with_ILSVRC2012_val_00011469_rank606,721,721,0.89792,0
ILSVRC2012_val_00043751_with_ILSVRC2012_val_00018707_rank418,711,711,0.87386,0
ILSVRC2012_val_00043751_with_ILSVRC2012_val_00042636_rank617,492,494,0.64303,920
ILSVRC2012_val_00043751_with_ILSVRC2012_val_00001161_rank146,327,327,0.96578,0
ILSVRC2012_val_00043751_with_ILSVRC2012_val_00001541_rank911,821,519,0.24901,215
ILSVRC2012_val_00043751_with_ILSVRC2012_val_00006603_rank245,16,16,0.96446,0
ILSVRC2012_val_00043751_with_ILSVRC2012_val_00036013_rank561,576,576,0.17355,0
ILSVRC2012_val_00043751_with_ILSVRC2012_val_00033919_rank099,949,949,0.38115,0
ILSVRC2012_val_00043751_with_ILSVRC2012_val_00036356_rank035,21,21,0.35378,0
ILSVRC2012_val_00043751_with_ILSVRC2012_val_00010423_rank982,678,600,0.31646,130
ILSVRC2012_val_00043751_with_ILSVRC2012_val_00046459_rank701,898,898,0.40502,0
ILSVRC2012_val_00043751_with_ILSVRC2012_val_00005352_rank656,417,519,0.80506,349
ILSVRC2012_val_00043751_with_ILSVRC2012_val_00030527_rank457,221,265,0.37212,22
ILSVRC2012_val_00043751_with_ILSVRC2012_val_00045529_rank164,123,123,0.29363,0
ILSVRC2012_val_00043751_with_ILSVRC2012_val_00002183_rank513,414,414,0.79152,0
ILSVRC2012_val_00043751_with_ILSVRC2012_val_00018030_rank579,990,990,0.99231,0
ILSVRC2012_val_00043751_with_ILSVRC2012_val_00016539_rank359,519,519,0.92846,0
ILSVRC2012_val_00043751_with_ILSVRC2012_val_00028212_rank604,940,940,0.85893,0
ILSVRC2012_val_00043751_with_ILSVRC2012_val_00034308_rank502,943,519,0.7929,189
ILSVRC2012_val_00043751_with_ILSVRC2012_val_00022427_rank455,388,865,0.38604,195
ILSVRC2012_val_00043751_with_ILSVRC2012_val_00040095_rank525,471,519,0.21611,373
ILSVRC2012_val_00043751_with_ILSVRC2012_val_00032988_rank706,761,519,0.35271,990
ILSVRC2012_val_00043751_with_ILSVRC2012_val_00025130_rank153,98,98,0.97383,0
ILSVRC2012_val_00043751_with_ILSVRC2012_val_00020797_rank408,676,519,0.08307,603
ILSVRC2012_val_00043751_with_ILSVRC2012_val_00029474_rank990,772,519,0.12739,951
ILSVRC2012_val_00043751_with_ILSVRC2012_val_00049198_rank445,165,165,0.87988,0
ILSVRC2012_val_00043751_with_ILSVRC2012_val_00009367_rank357,499,463,0.32651,610
ILSVRC2012_val_00043751_with_ILSVRC2012_val_00012181_rank110,199,199,0.75467,0
ILSVRC2012_val_00043751_with_ILSVRC2012_val_00015185_rank365,545,545,0.75946,0
ILSVRC2012_val_00043751_with_ILSVRC2012_val_00041762_rank894,189,189,0.67402,0
ILSVRC2012_val_00043751_with_ILSVRC2012_val_00032641_rank905,477,519,0.61655,116
ILSVRC2012_val_00043751_with_ILSVRC2012_val_00047676_rank908,717,519,0.32764,39
ILSVRC2012_val_00043751_with_ILSVRC2012_val_00007768_rank201,728,728,0.49391,0
ILSVRC2012_val_00043751_with_ILSVRC2012_val_00012083_rank493,400,894,0.14902,40
ILSVRC2012_val_00043751_with_ILSVRC2012_val_00037381_rank111,325,325,0.32908,0
ILSVRC2012_val_00043751_with_ILSVRC2012_val_00035882_rank637,534,534,0.93968,0
ILSVRC2012_val_00043751_with_ILSVRC2012_val_00011202_rank250,268,268,0.96247,0
ILSVRC2012_val_00043751_with_ILSVRC2012_val_00008389_rank135,522,518,0.17525,72
ILSVRC2012_val_00043751_with_ILSVRC2012_val_00042876_rank176,324,324,0.9861,0
ILSVRC2012_val_00043751_with_ILSVRC2012_val_00030213_rank128,198,198,0.45469,0
ILSVRC2012_val_00043751_with_ILSVRC2012_val_00014020_rank420,463,192,0.93637,851
ILSVRC2012_val_00043751_with_ILSVRC2012_val_00039815_rank953,824,519,0.1499,726
ILSVRC2012_val_00043751_with_ILSVRC2012_val_00025689_rank873,755,755,0.85259,0
ILSVRC2012_val_00043751_with_ILSVRC2012_val_00010009_rank797,803,803,0.56288,0
ILSVRC2012_val_00043751_with_ILSVRC2012_val_00031233_rank797,803,803,0.64879,0
ILSVRC2012_val_00043751_with_ILSVRC2012_val_00016010_rank856,636,748,0.51665,1
ILSVRC2012_val_00043751_with_ILSVRC2012_val_00046121_rank765,864,864,0.98612,0
ILSVRC2012_val_00043751_with_ILSVRC2012_val_00021749_rank871,605,605,0.97348,0
ILSVRC2012_val_00043751_with_ILSVRC2012_val_00028476_rank545,645,519,0.26157,918
ILSVRC2012_val_00043751_with_ILSVRC2012_val_00018950_rank403,668,519,0.0612,563
ILSVRC2012_val_00043751_with_ILSVRC2012_val_00025047_rank035,21,21,0.92894,0
ILSVRC2012_val_00043751_with_ILSVRC2012_val_00049485_rank155,179,179,0.53853,0
ILSVRC2012_val_00043751_with_ILSVRC2012_val_00004677_rank124,1,40,0.18939,186
ILSVRC2012_val_00043751_with_ILSVRC2012_val_00039635_rank626,708,519,0.61459,55
ILSVRC2012_val_00043751_with_ILSVRC2012_val_00042490_rank485,650,519,0.35568,893
ILSVRC2012_val_00043751_with_ILSVRC2012_val_00034030_rank843,685,426,0.43942,3
ILSVRC2012_val_00043751_with_ILSVRC2012_val_00014312_rank182,45,45,0.9501,0
ILSVRC2012_val_00043751_with_ILSVRC2012_val_00045328_rank595,560,560,0.97192,0
ILSVRC2012_val_00043751_with_ILSVRC2012_val_00004916_rank643,529,725,0.22401,132
ILSVRC2012_val_00043751_with_ILSVRC2012_val_00017402_rank821,969,818,0.07455,101
ILSVRC2012_val_00043751_with_ILSVRC2012_val_00030359_rank205,961,730,0.12487,792
ILSVRC2012_val_00043751_with_ILSVRC2012_val_00049976_rank076,361,361,0.97208,0
ILSVRC2012_val_00043751_with_ILSVRC2012_val_00002438_rank607,763,763,0.97518,0
ILSVRC2012_val_00043751_with_ILSVRC2012_val_00022729_rank697,904,519,0.36923,186
ILSVRC2012_val_00043751_with_ILSVRC2012_val_00006850_rank510,880,870,0.32037,3
ILSVRC2012_val_00043751_with_ILSVRC2012_val_00017711_rank356,210,164,0.60788,1
ILSVRC2012_val_00043751_with_ILSVRC2012_val_00002422_rank462,897,897,0.37306,0
ILSVRC2012_val_00043751_with_ILSVRC2012_val_00021008_rank393,850,7,0.14135,378
ILSVRC2012_val_00043751_with_ILSVRC2012_val_00031739_rank605,661,661,0.98123,0
ILSVRC2012_val_00043751_with_ILSVRC2012_val_00002449_rank142,14,14,0.89789,0
ILSVRC2012_val_00043751_with_ILSVRC2012_val_00018901_rank218,836,728,0.12951,163
ILSVRC2012_val_00043751_with_ILSVRC2012_val_00038727_rank767,566,566,0.98164,0
ILSVRC2012_val_00043751_with_ILSVRC2012_val_00037999_rank154,193,193,0.86479,0
ILSVRC2012_val_00043751_with_ILSVRC2012_val_00014533_rank747,666,666,0.9659,0
ILSVRC2012_val_00043751_with_ILSVRC2012_val_00033014_rank261,119,119,0.55044,0
ILSVRC2012_val_00043751_with_ILSVRC2012_val_00033605_rank495,851,519,0.09248,191
ILSVRC2012_val_00043751_with_ILSVRC2012_val_00044110_rank720,438,725,0.10456,13
ILSVRC2012_val_00043751_with_ILSVRC2012_val_00023445_rank345,298,519,0.20071,767
ILSVRC2012_val_00043751_with_ILSVRC2012_val_00040282_rank054,957,957,0.97983,0
ILSVRC2012_val_00043751_with_ILSVRC2012_val_00007924_rank748,593,593,0.94736,0
ILSVRC2012_val_00043751_with_ILSVRC2012_val_00028114_rank942,683,519,0.19443,541
ILSVRC2012_val_00043751_with_ILSVRC2012_val_00013109_rank862,789,789,0.91973,0
ILSVRC2012_val_00043751_with_ILSVRC2012_val_00043278_rank767,566,566,0.98182,0
ILSVRC2012_val_00043751_with_ILSVRC2012_val_00027632_rank501,936,936,0.99596,0
ILSVRC2012_val_00043751_with_ILSVRC2012_val_00029693_rank101,204,204,0.92706,0
ILSVRC2012_val_00043751_with_ILSVRC2012_val_00022952_rank470,568,568,0.73298,0
ILSVRC2012_val_00043751_with_ILSVRC2012_val_00041489_rank618,694,694,0.99737,0
ILSVRC2012_val_00043751_with_ILSVRC2012_val_00021865_rank842,813,519,0.81566,366
ILSVRC2012_val_00043751_with_ILSVRC2012_val_00019739_rank879,610,610,0.95285,0
ILSVRC2012_val_00043751_with_ILSVRC2012_val_00014975_rank490,267,267,0.39198,0
ILSVRC2012_val_00043751_with_ILSVRC2012_val_00031272_rank766,687,687,0.97411,0
ILSVRC2012_val_00043751_with_ILSVRC2012_val_00003653_rank904,564,462,0.36848,235
ILSVRC2012_val_00043751_with_ILSVRC2012_val_00035321_rank215,218,207,0.11365,13
ILSVRC2012_val_00043751_with_ILSVRC2012_val_00000130_rank646,283,283,0.91935,0
ILSVRC2012_val_00043751_with_ILSVRC2012_val_00049974_rank522,372,372,0.96573,0
ILSVRC2012_val_00043751_with_ILSVRC2012_val_00014059_rank146,327,327,0.9341,0
ILSVRC2012_val_00043751_with_ILSVRC2012_val_00005080_rank667,896,844,0.07819,29
ILSVRC2012_val_00043751_with_ILSVRC2012_val_00041932_rank1000,551,519,0.43899,289
ILSVRC2012_val_00043751_with_ILSVRC2012_val_00008178_rank040,24,24,0.97816,0
ILSVRC2012_val_00043751_with_ILSVRC2012_val_00004480_rank811,753,695,0.1112,34
ILSVRC2012_val_00043751_with_ILSVRC2012_val_00041530_rank555,778,530,0.10111,26
ILSVRC2012_val_00043751_with_ILSVRC2012_val_00028758_rank774,188,202,0.3939,29
ILSVRC2012_val_00043751_with_ILSVRC2012_val_00044271_rank800,633,618,0.20348,160
ILSVRC2012_val_00043751_with_ILSVRC2012_val_00004664_rank049,462,462,0.87282,0
ILSVRC2012_val_00043751_with_ILSVRC2012_val_00033902_rank600,847,847,0.85883,0
ILSVRC2012_val_00043751_with_ILSVRC2012_val_00014977_rank114,141,141,0.9785,0
ILSVRC2012_val_00043751_with_ILSVRC2012_val_00014228_rank776,474,474,0.68623,0
ILSVRC2012_val_00043751_with_ILSVRC2012_val_00023069_rank007,134,134,0.98401,0
ILSVRC2012_val_00043751_with_ILSVRC2012_val_00011902_rank028,348,348,0.76233,0
ILSVRC2012_val_00043751_with_ILSVRC2012_val_00013377_rank261,119,119,0.55745,0
ILSVRC2012_val_00043751_with_ILSVRC2012_val_00033121_rank909,798,769,0.18038,1
ILSVRC2012_val_00043751_with_ILSVRC2012_val_00037005_rank845,279,279,0.61656,0
ILSVRC2012_val_00043751_with_ILSVRC2012_val_00045468_rank714,655,879,0.20586,34
ILSVRC2012_val_00043751_with_ILSVRC2012_val_00021242_rank083,339,339,0.81251,0
ILSVRC2012_val_00043751_with_ILSVRC2012_val_00015447_rank736,942,942,0.88383,0
ILSVRC2012_val_00043751_with_ILSVRC2012_val_00006982_rank761,722,722,0.9529,0
ILSVRC2012_val_00043751_with_ILSVRC2012_val_00039615_rank566,882,882,0.38242,0
ILSVRC2012_val_00043751_with_ILSVRC2012_val_00024590_rank352,259,151,0.78466,6
ILSVRC2012_val_00043751_with_ILSVRC2012_val_00027545_rank732,673,448,0.24869,586
ILSVRC2012_val_00043751_with_ILSVRC2012_val_00026024_rank586,834,519,0.18033,468
ILSVRC2012_val_00043751_with_ILSVRC2012_val_00031541_rank244,37,37,0.53247,0
ILSVRC2012_val_00043751_with_ILSVRC2012_val_00005477_rank743,443,443,0.95748,0
ILSVRC2012_val_00043751_with_ILSVRC2012_val_00021947_rank783,405,405,0.42969,0
ILSVRC2012_val_00043751_with_ILSVRC2012_val_00001640_rank096,353,519,0.13437,746
ILSVRC2012_val_00043751_with_ILSVRC2012_val_00043836_rank263,62,57,0.9395,9
ILSVRC2012_val_00043751_with_ILSVRC2012_val_00012613_rank257,578,578,0.80006,0
ILSVRC2012_val_00043751_with_ILSVRC2012_val_00037573_rank732,673,519,0.13094,554
ILSVRC2012_val_00043751_with_ILSVRC2012_val_00025655_rank370,164,164,0.76445,0
ILSVRC2012_val_00043751_with_ILSVRC2012_val_00049566_rank814,910,738,0.24417,180
ILSVRC2012_val_00043751_with_ILSVRC2012_val_00002765_rank856,636,196,0.15134,895
ILSVRC2012_val_00043751_with_ILSVRC2012_val_00017810_rank180,622,622,0.70402,0
ILSVRC2012_val_00043751_with_ILSVRC2012_val_00036171_rank890,574,574,0.9727,0
ILSVRC2012_val_00043751_with_ILSVRC2012_val_00034155_rank738,181,181,0.97583,0
ILSVRC2012_val_00043751_with_ILSVRC2012_val_00039570_rank079,853,519,0.29271,196
ILSVRC2012_val_00043751_with_ILSVRC2012_val_00029226_rank179,99,21,0.35181,39
ILSVRC2012_val_00043751_with_ILSVRC2012_val_00039817_rank874,549,458,0.25654,149
ILSVRC2012_val_00043751_with_ILSVRC2012_val_00037911_rank747,666,666,0.31222,0
ILSVRC2012_val_00043751_with_ILSVRC2012_val_00006184_rank532,724,519,0.45292,458
ILSVRC2012_val_00043751_with_ILSVRC2012_val_00048994_rank885,623,519,0.06652,746
ILSVRC2012_val_00043751_with_ILSVRC2012_val_00031916_rank221,369,367,0.40384,2
ILSVRC2012_val_00043751_with_ILSVRC2012_val_00021533_rank914,891,423,0.40118,36
ILSVRC2012_val_00043751_with_ILSVRC2012_val_00015500_rank131,124,126,0.10664,10
ILSVRC2012_val_00043751_with_ILSVRC2012_val_00014027_rank946,855,855,0.97995,0
ILSVRC2012_val_00043751_with_ILSVRC2012_val_00045652_rank307,389,389,0.95013,0
ILSVRC2012_val_00043751_with_ILSVRC2012_val_00025423_rank101,204,204,0.80417,0
ILSVRC2012_val_00043751_with_ILSVRC2012_val_00025744_rank129,131,131,0.97605,0
ILSVRC2012_val_00043751_with_ILSVRC2012_val_00042115_rank771,450,450,0.9578,0
ILSVRC2012_val_00043751_with_ILSVRC2012_val_00047874_rank709,885,893,0.31044,38
ILSVRC2012_val_00043751_with_ILSVRC2012_val_00047753_rank002,8,8,0.96259,0
ILSVRC2012_val_00043751_with_ILSVRC2012_val_00048032_rank640,206,206,0.95548,0
ILSVRC2012_val_00043751_with_ILSVRC2012_val_00019110_rank778,116,116,0.96657,0
ILSVRC2012_val_00043751_with_ILSVRC2012_val_00031972_rank843,685,685,0.5239,0
ILSVRC2012_val_00043751_with_ILSVRC2012_val_00025540_rank418,711,631,0.23322,1
ILSVRC2012_val_00043751_with_ILSVRC2012_val_00004056_rank325,243,243,0.89438,0
ILSVRC2012_val_00043751_with_ILSVRC2012_val_00038318_rank400,696,696,0.92824,0
ILSVRC2012_val_00043751_with_ILSVRC2012_val_00038073_rank880,857,857,0.19675,0
ILSVRC2012_val_00043751_with_ILSVRC2012_val_00005047_rank296,825,519,0.65102,314
ILSVRC2012_val_00043751_with_ILSVRC2012_val_00021198_rank962,732,732,0.69594,0
ILSVRC2012_val_00043751_with_ILSVRC2012_val_00002690_rank599,579,579,0.91124,0
ILSVRC2012_val_00043751_with_ILSVRC2012_val_00024473_rank951,785,519,0.78701,819
ILSVRC2012_val_00043751_with_ILSVRC2012_val_00005893_rank359,519,519,0.91277,0
ILSVRC2012_val_00043751_with_ILSVRC2012_val_00001389_rank120,157,157,0.51876,0
ILSVRC2012_val_00043751_with_ILSVRC2012_val_00049841_rank406,248,248,0.54268,0
ILSVRC2012_val_00043751_with_ILSVRC2012_val_00003823_rank012,88,88,0.95788,0
ILSVRC2012_val_00043751_with_ILSVRC2012_val_00023604_rank261,119,519,0.19991,722
ILSVRC2012_val_00043751_with_ILSVRC2012_val_00001134_rank793,720,720,0.95746,0
ILSVRC2012_val_00043751_with_ILSVRC2012_val_00028510_rank485,650,792,0.33269,420
ILSVRC2012_val_00043751_with_ILSVRC2012_val_00022308_rank433,34,34,0.9683,0
ILSVRC2012_val_00043751_with_ILSVRC2012_val_00028381_rank449,319,319,0.50184,0
ILSVRC2012_val_00043751_with_ILSVRC2012_val_00042933_rank193,376,376,0.98915,0
ILSVRC2012_val_00043751_with_ILSVRC2012_val_00000473_rank785,758,710,0.78345,19
ILSVRC2012_val_00043751_with_ILSVRC2012_val_00024331_rank987,680,680,0.34702,0
ILSVRC2012_val_00043751_with_ILSVRC2012_val_00040111_rank475,648,480,0.62275,41
ILSVRC2012_val_00043751_with_ILSVRC2012_val_00024028_rank372,517,769,0.21622,126
ILSVRC2012_val_00043751_with_ILSVRC2012_val_00028284_rank182,45,45,0.9959,0
ILSVRC2012_val_00043751_with_ILSVRC2012_val_00023877_rank527,172,176,0.53596,2
ILSVRC2012_val_00043751_with_ILSVRC2012_val_00029744_rank196,57,390,0.55372,73
ILSVRC2012_val_00043751_with_ILSVRC2012_val_00034921_rank189,310,310,0.91405,0
ILSVRC2012_val_00043751_with_ILSVRC2012_val_00004702_rank507,991,991,0.36966,0
ILSVRC2012_val_00043751_with_ILSVRC2012_val_00003581_rank959,948,948,0.96196,0
ILSVRC2012_val_00043751_with_ILSVRC2012_val_00021917_rank558,383,383,0.93286,0
ILSVRC2012_val_00043751_with_ILSVRC2012_val_00030239_rank439,225,225,0.9359,0
ILSVRC2012_val_00043751_with_ILSVRC2012_val_00003510_rank955,830,519,0.32818,151
ILSVRC2012_val_00043751_with_ILSVRC2012_val_00028647_rank977,659,659,0.96214,0
ILSVRC2012_val_00043751_with_ILSVRC2012_val_00043241_rank006,82,82,0.72686,0
ILSVRC2012_val_00043751_with_ILSVRC2012_val_00040860_rank800,633,519,0.47393,975
ILSVRC2012_val_00043751_with_ILSVRC2012_val_00022185_rank028,348,348,0.98116,0
ILSVRC2012_val_00043751_with_ILSVRC2012_val_00044130_rank674,148,17,0.04055,214
ILSVRC2012_val_00043751_with_ILSVRC2012_val_00020543_rank448,53,53,0.56151,0
ILSVRC2012_val_00043751_with_ILSVRC2012_val_00007949_rank875,543,543,0.60824,0
ILSVRC2012_val_00043751_with_ILSVRC2012_val_00041174_rank728,299,299,0.88067,0
ILSVRC2012_val_00043751_with_ILSVRC2012_val_00032795_rank259,791,791,0.55234,0
ILSVRC2012_val_00043751_with_ILSVRC2012_val_00001202_rank905,477,477,0.78647,0
ILSVRC2012_val_00043751_with_ILSVRC2012_val_00003689_rank335,719,719,0.90343,0
ILSVRC2012_val_00043751_with_ILSVRC2012_val_00037603_rank748,593,593,0.95668,0
ILSVRC2012_val_00043751_with_ILSVRC2012_val_00005825_rank231,61,61,0.89118,0
ILSVRC2012_val_00043751_with_ILSVRC2012_val_00035778_rank132,347,347,0.97967,0
ILSVRC2012_val_00043751_with_ILSVRC2012_val_00005732_rank742,886,886,0.95841,0
ILSVRC2012_val_00043751_with_ILSVRC2012_val_00037264_rank029,48,48,0.98446,0
ILSVRC2012_val_00043751_with_ILSVRC2012_val_00025368_rank637,534,534,0.94972,0
ILSVRC2012_val_00043751_with_ILSVRC2012_val_00019092_rank074,305,305,0.34928,0
ILSVRC2012_val_00043751_with_ILSVRC2012_val_00020553_rank518,162,162,0.25592,0
ILSVRC2012_val_00043751_with_ILSVRC2012_val_00022150_rank844,586,586,0.82394,0
ILSVRC2012_val_00043751_with_ILSVRC2012_val_00019204_rank678,65,111,0.19671,36
ILSVRC2012_val_00043751_with_ILSVRC2012_val_00025440_rank220,987,987,0.69637,0
ILSVRC2012_val_00043751_with_ILSVRC2012_val_00049227_rank065,143,143,0.98874,0
ILSVRC2012_val_00043751_with_ILSVRC2012_val_00049629_rank235,276,276,0.88331,0
ILSVRC2012_val_00043751_with_ILSVRC2012_val_00035110_rank871,605,585,0.08237,216
ILSVRC2012_val_00043751_with_ILSVRC2012_val_00013335_rank597,923,927,0.12635,14
ILSVRC2012_val_00043751_with_ILSVRC2012_val_00011516_rank945,794,794,0.22628,0
ILSVRC2012_val_00043751_with_ILSVRC2012_val_00009309_rank796,567,567,0.7945,0
ILSVRC2012_val_00043751_with_ILSVRC2012_val_00047531_rank366,439,518,0.11189,31
ILSVRC2012_val_00043751_with_ILSVRC2012_val_00037628_rank751,677,448,0.03181,23
ILSVRC2012_val_00043751_with_ILSVRC2012_val_00025780_rank578,914,519,0.48573,858
ILSVRC2012_val_00043751_with_ILSVRC2012_val_00003815_rank437,780,519,0.08421,183
ILSVRC2012_val_00043751_with_ILSVRC2012_val_00034106_rank781,816,677,0.83793,47
ILSVRC2012_val_00043751_with_ILSVRC2012_val_00027409_rank706,761,487,0.31764,1
ILSVRC2012_val_00043751_with_ILSVRC2012_val_00008441_rank774,188,188,0.45492,0
ILSVRC2012_val_00043751_with_ILSVRC2012_val_00016065_rank399,440,907,0.14353,2
ILSVRC2012_val_00043751_with_ILSVRC2012_val_00022976_rank480,658,235,0.93528,477
ILSVRC2012_val_00043751_with_ILSVRC2012_val_00024954_rank303,958,958,0.27716,0
ILSVRC2012_val_00043751_with_ILSVRC2012_val_00028026_rank567,779,779,0.98757,0
ILSVRC2012_val_00043751_with_ILSVRC2012_val_00014340_rank519,344,519,0.26773,735
ILSVRC2012_val_00043751_with_ILSVRC2012_val_00049603_rank522,372,372,0.88405,0
ILSVRC2012_val_00043751_with_ILSVRC2012_val_00021366_rank452,315,315,0.80553,0
ILSVRC2012_val_00043751_with_ILSVRC2012_val_00009281_rank385,237,237,0.80095,0
ILSVRC2012_val_00043751_with_ILSVRC2012_val_00029106_rank550,734,519,0.32005,115
ILSVRC2012_val_00043751_with_ILSVRC2012_val_00031652_rank432,806,806,0.96148,0
ILSVRC2012_val_00043751_with_ILSVRC2012_val_00036066_rank947,31,31,0.92796,0
ILSVRC2012_val_00043751_with_ILSVRC2012_val_00045069_rank548,505,505,0.70872,0
ILSVRC2012_val_00043751_with_ILSVRC2012_val_00023833_rank487,301,301,0.65196,0
ILSVRC2012_val_00043751_with_ILSVRC2012_val_00002284_rank494,5,616,0.4965,663
ILSVRC2012_val_00043751_with_ILSVRC2012_val_00020881_rank766,687,519,0.2247,81
ILSVRC2012_val_00043751_with_ILSVRC2012_val_00035123_rank010,9,9,0.99106,0
ILSVRC2012_val_00043751_with_ILSVRC2012_val_00031472_rank805,317,317,0.6489,0
ILSVRC2012_val_00043751_with_ILSVRC2012_val_00010364_rank852,627,627,0.64126,0
ILSVRC2012_val_00043751_with_ILSVRC2012_val_00017465_rank964,684,684,0.98615,0
ILSVRC2012_val_00043751_with_ILSVRC2012_val_00043973_rank525,471,471,0.92568,0
ILSVRC2012_val_00043751_with_ILSVRC2012_val_00007347_rank788,727,727,0.99383,0
ILSVRC2012_val_00043751_with_ILSVRC2012_val_00025188_rank790,307,307,0.90585,0
ILSVRC2012_val_00043751_with_ILSVRC2012_val_00017376_rank751,677,587,0.71285,2
ILSVRC2012_val_00043751_with_ILSVRC2012_val_00007165_rank354,233,233,0.89824,0
ILSVRC2012_val_00043751_with_ILSVRC2012_val_00046285_rank195,95,95,0.70072,0
ILSVRC2012_val_00043751_with_ILSVRC2012_val_00004475_rank898,802,802,0.70619,0
ILSVRC2012_val_00043751_with_ILSVRC2012_val_00045433_rank731,335,335,0.90043,0
ILSVRC2012_val_00043751_with_ILSVRC2012_val_00020241_rank943,841,570,0.03679,36
ILSVRC2012_val_00043751_with_ILSVRC2012_val_00020691_rank123,985,883,0.39727,19
ILSVRC2012_val_00043751_with_ILSVRC2012_val_00044818_rank738,181,181,0.97412,0
ILSVRC2012_val_00043751_with_ILSVRC2012_val_00021180_rank957,831,412,0.07093,712
ILSVRC2012_val_00043751_with_ILSVRC2012_val_00024354_rank730,110,110,0.9734,0
ILSVRC2012_val_00043751_with_ILSVRC2012_val_00038139_rank309,704,704,0.97339,0
ILSVRC2012_val_00043751_with_ILSVRC2012_val_00037489_rank728,299,371,0.12998,4
ILSVRC2012_val_00043751_with_ILSVRC2012_val_00015342_rank945,794,794,0.534,0
ILSVRC2012_val_00043751_with_ILSVRC2012_val_00034707_rank658,651,651,0.95074,0
ILSVRC2012_val_00043751_with_ILSVRC2012_val_00037682_rank540,601,462,0.37184,42
ILSVRC2012_val_00043751_with_ILSVRC2012_val_00042588_rank311,360,337,0.73322,1
ILSVRC2012_val_00043751_with_ILSVRC2012_val_00004478_rank628,905,519,0.56683,133
ILSVRC2012_val_00043751_with_ILSVRC2012_val_00005814_rank818,900,900,0.07802,0
ILSVRC2012_val_00043751_with_ILSVRC2012_val_00008864_rank169,929,519,0.11678,359
ILSVRC2012_val_00043751_with_ILSVRC2012_val_00008679_rank118,192,192,0.88549,0
ILSVRC2012_val_00043751_with_ILSVRC2012_val_00033310_rank147,153,222,0.72293,22
ILSVRC2012_val_00043751_with_ILSVRC2012_val_00013496_rank545,645,519,0.75142,918
ILSVRC2012_val_00043751_with_ILSVRC2012_val_00027249_rank766,687,687,0.96355,0
ILSVRC2012_val_00043751_with_ILSVRC2012_val_00007623_rank794,488,383,0.05257,205
ILSVRC2012_val_00043751_with_ILSVRC2012_val_00001385_rank645,178,178,0.97058,0
ILSVRC2012_val_00043751_with_ILSVRC2012_val_00007902_rank498,630,637,0.5734,332
ILSVRC2012_val_00043751_with_ILSVRC2012_val_00027505_rank864,664,519,0.4129,140
ILSVRC2012_val_00043751_with_ILSVRC2012_val_00017532_rank083,339,339,0.34579,0
ILSVRC2012_val_00043751_with_ILSVRC2012_val_00044980_rank062,43,43,0.75225,0
ILSVRC2012_val_00043751_with_ILSVRC2012_val_00038472_rank458,501,399,0.64488,1
ILSVRC2012_val_00043751_with_ILSVRC2012_val_00022949_rank170,723,723,0.97097,0
ILSVRC2012_val_00043751_with_ILSVRC2012_val_00043043_rank958,47,47,0.54084,0
ILSVRC2012_val_00043751_with_ILSVRC2012_val_00012564_rank730,110,329,0.68094,2
ILSVRC2012_val_00043751_with_ILSVRC2012_val_00042383_rank718,64,64,0.65815,0
ILSVRC2012_val_00043751_with_ILSVRC2012_val_00037082_rank818,900,900,0.92483,0
ILSVRC2012_val_00043751_with_ILSVRC2012_val_00041387_rank161,330,331,0.5188,1
ILSVRC2012_val_00043751_with_ILSVRC2012_val_00014097_rank065,143,519,0.38196,873
ILSVRC2012_val_00043751_with_ILSVRC2012_val_00044223_rank121,321,321,0.98321,0
ILSVRC2012_val_00043751_with_ILSVRC2012_val_00034062_rank432,806,519,0.38661,640
ILSVRC2012_val_00043751_with_ILSVRC2012_val_00047447_rank675,881,881,0.54054,0
ILSVRC2012_val_00043751_with_ILSVRC2012_val_00043749_rank296,825,519,0.53368,314
ILSVRC2012_val_00043751_with_ILSVRC2012_val_00034274_rank686,318,318,0.96715,0
ILSVRC2012_val_00043751_with_ILSVRC2012_val_00002423_rank569,769,519,0.35952,63
ILSVRC2012_val_00043751_with_ILSVRC2012_val_00009587_rank752,546,519,0.35861,330
ILSVRC2012_val_00043751_with_ILSVRC2012_val_00024402_rank326,587,677,0.45595,4
ILSVRC2012_val_00043751_with_ILSVRC2012_val_00009013_rank338,840,840,0.96482,0
ILSVRC2012_val_00043751_with_ILSVRC2012_val_00029045_rank746,528,528,0.98216,0
ILSVRC2012_val_00043751_with_ILSVRC2012_val_00042762_rank821,969,969,0.57168,0
ILSVRC2012_val_00043751_with_ILSVRC2012_val_00022049_rank175,907,907,0.69081,0
ILSVRC2012_val_00043751_with_ILSVRC2012_val_00044078_rank421,699,699,0.95683,0
ILSVRC2012_val_00043751_with_ILSVRC2012_val_00012677_rank580,312,312,0.76109,0
ILSVRC2012_val_00043751_with_ILSVRC2012_val_00000891_rank642,932,932,0.98755,0
ILSVRC2012_val_00043751_with_ILSVRC2012_val_00044792_rank395,674,674,0.99603,0
ILSVRC2012_val_00043751_with_ILSVRC2012_val_00029056_rank125,160,160,0.86321,0
ILSVRC2012_val_00043751_with_ILSVRC2012_val_00045109_rank246,159,180,0.22371,8
ILSVRC2012_val_00043751_with_ILSVRC2012_val_00049527_rank661,809,809,0.82692,0
ILSVRC2012_val_00043751_with_ILSVRC2012_val_00015191_rank905,477,848,0.05543,9
ILSVRC2012_val_00043751_with_ILSVRC2012_val_00030734_rank023,89,89,0.97145,0
ILSVRC2012_val_00043751_with_ILSVRC2012_val_00036474_rank641,289,289,0.93072,0
ILSVRC2012_val_00043751_with_ILSVRC2012_val_00040952_rank347,240,240,0.26209,0
ILSVRC2012_val_00043751_with_ILSVRC2012_val_00008684_rank803,147,321,0.12821,450
ILSVRC2012_val_00043751_with_ILSVRC2012_val_00037937_rank418,711,519,0.04195,176
ILSVRC2012_val_00043751_with_ILSVRC2012_val_00009381_rank039,365,365,0.96391,0
ILSVRC2012_val_00043751_with_ILSVRC2012_val_00032072_rank004,84,84,0.98071,0
ILSVRC2012_val_00043751_with_ILSVRC2012_val_00027180_rank911,821,519,0.13817,215
ILSVRC2012_val_00043751_with_ILSVRC2012_val_00000679_rank441,78,78,0.07983,0
ILSVRC2012_val_00043751_with_ILSVRC2012_val_00005988_rank100,146,146,0.96459,0
ILSVRC2012_val_00043751_with_ILSVRC2012_val_00026606_rank105,104,104,0.94104,0
ILSVRC2012_val_00043751_with_ILSVRC2012_val_00017993_rank762,550,550,0.73372,0
ILSVRC2012_val_00043751_with_ILSVRC2012_val_00031700_rank133,653,653,0.92516,0
ILSVRC2012_val_00043751_with_ILSVRC2012_val_00013199_rank481,883,572,0.6264,4
ILSVRC2012_val_00043751_with_ILSVRC2012_val_00044812_rank300,735,519,0.23537,923
ILSVRC2012_val_00043751_with_ILSVRC2012_val_00037148_rank675,881,687,0.26494,2
ILSVRC2012_val_00043751_with_ILSVRC2012_val_00023389_rank571,575,575,0.93928,0
ILSVRC2012_val_00043751_with_ILSVRC2012_val_00004350_rank340,513,513,0.29497,0
ILSVRC2012_val_00043751_with_ILSVRC2012_val_00034520_rank488,922,922,0.66768,0
ILSVRC2012_val_00043751_with_ILSVRC2012_val_00009794_rank629,614,614,0.90947,0
ILSVRC2012_val_00043751_with_ILSVRC2012_val_00041551_rank401,191,191,0.60347,0
ILSVRC2012_val_00043751_with_ILSVRC2012_val_00010502_rank054,957,957,0.97155,0
ILSVRC2012_val_00043751_with_ILSVRC2012_val_00048215_rank698,503,519,0.4772,650
ILSVRC2012_val_00043751_with_ILSVRC2012_val_00018727_rank883,554,519,0.63678,766
ILSVRC2012_val_00043751_with_ILSVRC2012_val_00043945_rank386,379,369,0.087,3
ILSVRC2012_val_00043751_with_ILSVRC2012_val_00016409_rank354,233,233,0.90714,0
ILSVRC2012_val_00043751_with_ILSVRC2012_val_00030625_rank300,735,735,0.18275,0
ILSVRC2012_val_00043751_with_ILSVRC2012_val_00003307_rank276,596,596,0.74523,0
ILSVRC2012_val_00043751_with_ILSVRC2012_val_00045705_rank544,672,672,0.89253,0
ILSVRC2012_val_00043751_with_ILSVRC2012_val_00005600_rank982,678,519,0.27919,336
ILSVRC2012_val_00043751_with_ILSVRC2012_val_00024462_rank572,262,262,0.98576,0
ILSVRC2012_val_00043751_with_ILSVRC2012_val_00012751_rank423,912,912,0.91455,0
ILSVRC2012_val_00043751_with_ILSVRC2012_val_00042697_rank629,614,614,0.94346,0
ILSVRC2012_val_00043751_with_ILSVRC2012_val_00001659_rank211,671,671,0.94543,0
ILSVRC2012_val_00043751_with_ILSVRC2012_val_00011145_rank576,483,519,0.23438,358
ILSVRC2012_val_00043751_with_ILSVRC2012_val_00028215_rank622,484,519,0.545,710
ILSVRC2012_val_00043751_with_ILSVRC2012_val_00033373_rank473,109,109,0.90964,0
ILSVRC2012_val_00043751_with_ILSVRC2012_val_00029233_rank226,573,606,0.0911,986
ILSVRC2012_val_00043751_with_ILSVRC2012_val_00004275_rank611,702,731,0.36306,150
ILSVRC2012_val_00043751_with_ILSVRC2012_val_00007763_rank561,576,576,0.09621,0
ILSVRC2012_val_00043751_with_ILSVRC2012_val_00025545_rank766,687,687,0.97524,0
ILSVRC2012_val_00043751_with_ILSVRC2012_val_00040947_rank621,245,245,0.9443,0
ILSVRC2012_val_00043751_with_ILSVRC2012_val_00000233_rank641,289,289,0.81829,0
ILSVRC2012_val_00043751_with_ILSVRC2012_val_00048257_rank433,34,33,0.49008,1
ILSVRC2012_val_00043751_with_ILSVRC2012_val_00042219_rank746,528,528,0.95831,0
ILSVRC2012_val_00043751_with_ILSVRC2012_val_00037224_rank963,470,470,0.82021,0
ILSVRC2012_val_00043751_with_ILSVRC2012_val_00024246_rank057,217,217,0.24906,0
ILSVRC2012_val_00043751_with_ILSVRC2012_val_00044922_rank196,57,57,0.78572,0
ILSVRC2012_val_00043751_with_ILSVRC2012_val_00032043_rank745,222,222,0.71901,0
ILSVRC2012_val_00043751_with_ILSVRC2012_val_00040222_rank347,240,240,0.22385,0
ILSVRC2012_val_00043751_with_ILSVRC2012_val_00019769_rank620,591,434,0.27723,1
ILSVRC2012_val_00043751_with_ILSVRC2012_val_00007446_rank792,175,175,0.96521,0
ILSVRC2012_val_00043751_with_ILSVRC2012_val_00031858_rank309,704,704,0.92926,0
ILSVRC2012_val_00043751_with_ILSVRC2012_val_00045782_rank675,881,881,0.75188,0
ILSVRC2012_val_00043751_with_ILSVRC2012_val_00028251_rank622,484,519,0.20395,710
ILSVRC2012_val_00043751_with_ILSVRC2012_val_00044904_rank696,190,190,0.94843,0
ILSVRC2012_val_00043751_with_ILSVRC2012_val_00048444_rank315,654,656,0.45351,1
ILSVRC2012_val_00043751_with_ILSVRC2012_val_00043801_rank009,23,23,0.97717,0
ILSVRC2012_val_00043751_with_ILSVRC2012_val_00035946_rank883,554,519,0.19625,766
ILSVRC2012_val_00043751_with_ILSVRC2012_val_00001752_rank816,320,519,0.17124,802
ILSVRC2012_val_00043751_with_ILSVRC2012_val_00045835_rank392,644,954,0.08419,58
ILSVRC2012_val_00043751_with_ILSVRC2012_val_00013517_rank587,609,609,0.73176,0
ILSVRC2012_val_00043751_with_ILSVRC2012_val_00013338_rank558,383,519,0.56192,361
ILSVRC2012_val_00043751_with_ILSVRC2012_val_00040868_rank732,673,673,0.47565,0
ILSVRC2012_val_00043751_with_ILSVRC2012_val_00001366_rank985,126,126,0.9013,0
ILSVRC2012_val_00043751_with_ILSVRC2012_val_00026410_rank043,955,955,0.94331,0
ILSVRC2012_val_00043751_with_ILSVRC2012_val_00006977_rank783,405,405,0.97977,0
ILSVRC2012_val_00043751_with_ILSVRC2012_val_00020740_rank280,163,163,0.95907,0
ILSVRC2012_val_00043751_with_ILSVRC2012_val_00028455_rank088,341,719,0.92893,25
ILSVRC2012_val_00043751_with_ILSVRC2012_val_00029643_rank380,660,519,0.25283,110
ILSVRC2012_val_00043751_with_ILSVRC2012_val_00035003_rank207,352,519,0.04718,506
ILSVRC2012_val_00043751_with_ILSVRC2012_val_00016932_rank553,787,643,0.75392,14
ILSVRC2012_val_00043751_with_ILSVRC2012_val_00034340_rank893,555,555,0.23028,0
ILSVRC2012_val_00043751_with_ILSVRC2012_val_00003248_rank298,337,337,0.95015,0
ILSVRC2012_val_00043751_with_ILSVRC2012_val_00002226_rank308,933,923,0.72757,10
ILSVRC2012_val_00043751_with_ILSVRC2012_val_00028709_rank650,815,815,0.91992,0
ILSVRC2012_val_00043751_with_ILSVRC2012_val_00039636_rank986,384,384,0.80455,0
ILSVRC2012_val_00043751_with_ILSVRC2012_val_00048813_rank247,496,496,0.97143,0
ILSVRC2012_val_00043751_with_ILSVRC2012_val_00002714_rank894,189,191,0.35625,2
ILSVRC2012_val_00043751_with_ILSVRC2012_val_00005144_rank049,462,462,0.81305,0
ILSVRC2012_val_00043751_with_ILSVRC2012_val_00006425_rank391,518,518,0.97947,0
ILSVRC2012_val_00043751_with_ILSVRC2012_val_00031362_rank899,521,521,0.92897,0
ILSVRC2012_val_00043751_with_ILSVRC2012_val_00016167_rank904,564,564,0.93433,0
ILSVRC2012_val_00043751_with_ILSVRC2012_val_00042137_rank419,481,481,0.35497,0
ILSVRC2012_val_00043751_with_ILSVRC2012_val_00036520_rank564,114,114,0.89089,0
ILSVRC2012_val_00043751_with_ILSVRC2012_val_00034196_rank217,640,640,0.96581,0
ILSVRC2012_val_00043751_with_ILSVRC2012_val_00038327_rank708,996,996,0.89396,0
ILSVRC2012_val_00043751_with_ILSVRC2012_val_00047118_rank728,299,299,0.87984,0
ILSVRC2012_val_00043751_with_ILSVRC2012_val_00045385_rank652,887,519,0.66867,755
ILSVRC2012_val_00043751_with_ILSVRC2012_val_00028069_rank801,784,477,0.35747,1
ILSVRC2012_val_00043751_with_ILSVRC2012_val_00034378_rank763,874,874,0.88084,0
ILSVRC2012_val_00043751_with_ILSVRC2012_val_00014250_rank063,275,275,0.96632,0
ILSVRC2012_val_00043751_with_ILSVRC2012_val_00034696_rank301,628,628,0.40073,0
ILSVRC2012_val_00043751_with_ILSVRC2012_val_00044045_rank493,400,400,0.68361,0
ILSVRC2012_val_00043751_with_ILSVRC2012_val_00002424_rank149,832,519,0.3839,896
ILSVRC2012_val_00043751_with_ILSVRC2012_val_00028949_rank556,459,85,0.47084,649
ILSVRC2012_val_00043751_with_ILSVRC2012_val_00005406_rank953,824,728,0.81959,196
ILSVRC2012_val_00043751_with_ILSVRC2012_val_00047682_rank913,392,392,0.95281,0
ILSVRC2012_val_00043751_with_ILSVRC2012_val_00005387_rank845,279,279,0.91211,0
ILSVRC2012_val_00043751_with_ILSVRC2012_val_00025031_rank737,368,368,0.91805,0
ILSVRC2012_val_00043751_with_ILSVRC2012_val_00008291_rank133,653,653,0.97067,0
ILSVRC2012_val_00043751_with_ILSVRC2012_val_00047296_rank600,847,847,0.78347,0
ILSVRC2012_val_00043751_with_ILSVRC2012_val_00038249_rank417,495,548,0.10653,2
ILSVRC2012_val_00043751_with_ILSVRC2012_val_00049152_rank189,310,519,0.41129,626
ILSVRC2012_val_00043751_with_ILSVRC2012_val_00032800_rank413,569,569,0.41194,0
ILSVRC2012_val_00043751_with_ILSVRC2012_val_00047373_rank656,417,417,0.98047,0
ILSVRC2012_val_00043751_with_ILSVRC2012_val_00029641_rank096,353,353,0.67258,0
ILSVRC2012_val_00043751_with_ILSVRC2012_val_00015975_rank487,301,301,0.88687,0
ILSVRC2012_val_00043751_with_ILSVRC2012_val_00035597_rank490,267,267,0.74118,0
ILSVRC2012_val_00043751_with_ILSVRC2012_val_00038085_rank244,37,36,0.7568,2
ILSVRC2012_val_00043751_with_ILSVRC2012_val_00015129_rank103,410,519,0.12453,4
ILSVRC2012_val_00043751_with_ILSVRC2012_val_00038976_rank531,285,285,0.74024,0
ILSVRC2012_val_00043751_with_ILSVRC2012_val_00036135_rank889,590,448,0.06746,927
ILSVRC2012_val_00043751_with_ILSVRC2012_val_00023835_rank395,674,674,0.97208,0
ILSVRC2012_val_00043751_with_ILSVRC2012_val_00037695_rank963,470,470,0.92895,0
ILSVRC2012_val_00043751_with_ILSVRC2012_val_00027024_rank334,150,150,0.97493,0
ILSVRC2012_val_00043751_with_ILSVRC2012_val_00011315_rank195,95,95,0.96574,0
ILSVRC2012_val_00043751_with_ILSVRC2012_val_00027328_rank684,420,420,0.64388,0
ILSVRC2012_val_00043751_with_ILSVRC2012_val_00048519_rank378,478,478,0.33471,0
ILSVRC2012_val_00043751_with_ILSVRC2012_val_00003137_rank141,984,519,0.15306,477
ILSVRC2012_val_00043751_with_ILSVRC2012_val_00041864_rank013,91,91,0.94766,0
ILSVRC2012_val_00043751_with_ILSVRC2012_val_00004924_rank798,412,412,0.504,0
ILSVRC2012_val_00043751_with_ILSVRC2012_val_00016882_rank744,524,519,0.13228,654
ILSVRC2012_val_00043751_with_ILSVRC2012_val_00003871_rank207,352,353,0.58299,1
ILSVRC2012_val_00043751_with_ILSVRC2012_val_00025385_rank507,991,519,0.36056,717
ILSVRC2012_val_00043751_with_ILSVRC2012_val_00031363_rank265,364,364,0.96092,0
ILSVRC2012_val_00043751_with_ILSVRC2012_val_00017505_rank947,31,31,0.80253,0
ILSVRC2012_val_00043751_with_ILSVRC2012_val_00009961_rank203,514,514,0.75498,0
ILSVRC2012_val_00043751_with_ILSVRC2012_val_00035701_rank687,856,856,0.69617,0
ILSVRC2012_val_00043751_with_ILSVRC2012_val_00002548_rank992,464,464,0.67082,0
ILSVRC2012_val_00043751_with_ILSVRC2012_val_00042947_rank481,883,519,0.30896,620
ILSVRC2012_val_00043751_with_ILSVRC2012_val_00028742_rank396,257,257,0.27524,0
ILSVRC2012_val_00043751_with_ILSVRC2012_val_00006331_rank676,26,519,0.31716,815
ILSVRC2012_val_00043751_with_ILSVRC2012_val_00020859_rank292,280,280,0.92532,0
ILSVRC2012_val_00043751_with_ILSVRC2012_val_00007211_rank390,255,255,0.95452,0
ILSVRC2012_val_00043751_with_ILSVRC2012_val_00029584_rank697,904,904,0.86547,0
ILSVRC2012_val_00043751_with_ILSVRC2012_val_00005421_rank944,691,518,0.81938,18
ILSVRC2012_val_00043751_with_ILSVRC2012_val_00029940_rank556,459,519,0.4091,443
ILSVRC2012_val_00043751_with_ILSVRC2012_val_00005565_rank241,366,366,0.7492,0
ILSVRC2012_val_00043751_with_ILSVRC2012_val_00020926_rank278,154,154,0.96565,0
ILSVRC2012_val_00043751_with_ILSVRC2012_val_00046124_rank248,196,196,0.91112,0
ILSVRC2012_val_00043751_with_ILSVRC2012_val_00037997_rank219,281,281,0.32201,0
ILSVRC2012_val_00043751_with_ILSVRC2012_val_00041820_rank446,258,258,0.91084,0
ILSVRC2012_val_00043751_with_ILSVRC2012_val_00017497_rank029,48,48,0.71817,0
ILSVRC2012_val_00043751_with_ILSVRC2012_val_00015396_rank288,411,519,0.25101,925
ILSVRC2012_val_00043751_with_ILSVRC2012_val_00010171_rank041,39,39,0.95917,0
ILSVRC2012_val_00043751_with_ILSVRC2012_val_00038566_rank193,376,376,0.98121,0
ILSVRC2012_val_00043751_with_ILSVRC2012_val_00044096_rank628,905,548,0.23063,17
ILSVRC2012_val_00043751_with_ILSVRC2012_val_00020697_rank683,705,519,0.91285,910
ILSVRC2012_val_00043751_with_ILSVRC2012_val_00003957_rank005,97,97,0.9609,0
ILSVRC2012_val_00043751_with_ILSVRC2012_val_00017999_rank309,704,519,0.23819,250
ILSVRC2012_val_00043751_with_ILSVRC2012_val_00010472_rank641,289,289,0.88046,0
ILSVRC2012_val_00043751_with_ILSVRC2012_val_00000415_rank005,97,97,0.96976,0
ILSVRC2012_val_00043751_with_ILSVRC2012_val_00026785_rank916,632,818,0.15449,9
ILSVRC2012_val_00043751_with_ILSVRC2012_val_00025528_rank020,144,144,0.98816,0
ILSVRC2012_val_00043751_with_ILSVRC2012_val_00016933_rank472,756,849,0.84089,54
ILSVRC2012_val_00043751_with_ILSVRC2012_val_00036163_rank437,780,780,0.8479,0
ILSVRC2012_val_00043751_with_ILSVRC2012_val_00042272_rank274,849,849,0.96805,0
ILSVRC2012_val_00043751_with_ILSVRC2012_val_00027455_rank899,521,521,0.8899,0
ILSVRC2012_val_00043751_with_ILSVRC2012_val_00004974_rank896,168,178,0.72867,19
ILSVRC2012_val_00043751_with_ILSVRC2012_val_00015221_rank598,66,519,0.45424,626
ILSVRC2012_val_00043751_with_ILSVRC2012_val_00006243_rank1000,551,551,0.18267,0
ILSVRC2012_val_00043751_with_ILSVRC2012_val_00019423_rank001,7,8,0.93396,1
ILSVRC2012_val_00043751_with_ILSVRC2012_val_00043488_rank948,709,709,0.62699,0
ILSVRC2012_val_00043751_with_ILSVRC2012_val_00012179_rank469,395,395,0.94577,0
ILSVRC2012_val_00043751_with_ILSVRC2012_val_00045058_rank193,376,376,0.95943,0
ILSVRC2012_val_00043751_with_ILSVRC2012_val_00044743_rank050,187,186,0.74116,3
ILSVRC2012_val_00043751_with_ILSVRC2012_val_00045773_rank574,768,519,0.24919,774
ILSVRC2012_val_00043751_with_ILSVRC2012_val_00000860_rank031,81,81,0.92997,0
ILSVRC2012_val_00043751_with_ILSVRC2012_val_00015572_rank318,983,983,0.33658,0
ILSVRC2012_val_00043751_with_ILSVRC2012_val_00033528_rank193,376,519,0.59785,540
ILSVRC2012_val_00043751_with_ILSVRC2012_val_00027040_rank826,868,711,0.36078,56
ILSVRC2012_val_00043751_with_ILSVRC2012_val_00018848_rank041,39,39,0.9619,0
ILSVRC2012_val_00043751_with_ILSVRC2012_val_00047276_rank281,152,152,0.87011,0
ILSVRC2012_val_00043751_with_ILSVRC2012_val_00024918_rank333,947,947,0.20857,0
ILSVRC2012_val_00043751_with_ILSVRC2012_val_00049989_rank266,399,519,0.37663,631
ILSVRC2012_val_00043751_with_ILSVRC2012_val_00037434_rank430,502,502,0.96412,0
ILSVRC2012_val_00043751_with_ILSVRC2012_val_00006747_rank733,901,901,0.91545,0
ILSVRC2012_val_00043751_with_ILSVRC2012_val_00031064_rank319,612,612,0.22873,0
ILSVRC2012_val_00043751_with_ILSVRC2012_val_00022076_rank142,14,14,0.95855,0
ILSVRC2012_val_00043751_with_ILSVRC2012_val_00006681_rank336,982,523,0.3037,71
ILSVRC2012_val_00043751_with_ILSVRC2012_val_00021147_rank386,379,379,0.72923,0
ILSVRC2012_val_00043751_with_ILSVRC2012_val_00013259_rank681,570,570,0.23272,0
ILSVRC2012_val_00043751_with_ILSVRC2012_val_00033523_rank297,890,429,0.3322,13
ILSVRC2012_val_00043751_with_ILSVRC2012_val_00040836_rank200,197,233,0.35021,2
ILSVRC2012_val_00043751_with_ILSVRC2012_val_00014126_rank317,71,71,0.78832,0
ILSVRC2012_val_00043751_with_ILSVRC2012_val_00026683_rank100,146,146,0.96117,0
ILSVRC2012_val_00043751_with_ILSVRC2012_val_00009232_rank317,71,71,0.11507,0
ILSVRC2012_val_00043751_with_ILSVRC2012_val_00000695_rank415,370,370,0.91047,0
ILSVRC2012_val_00043751_with_ILSVRC2012_val_00025016_rank630,607,607,0.98889,0
ILSVRC2012_val_00043751_with_ILSVRC2012_val_00045310_rank859,77,677,0.05716,49
ILSVRC2012_val_00043751_with_ILSVRC2012_val_00022166_rank666,828,519,0.5523,805
ILSVRC2012_val_00043751_with_ILSVRC2012_val_00026442_rank823,532,846,0.69477,7
ILSVRC2012_val_00043751_with_ILSVRC2012_val_00001762_rank390,255,255,0.97999,0
ILSVRC2012_val_00043751_with_ILSVRC2012_val_00048881_rank542,783,783,0.95546,0
ILSVRC2012_val_00043751_with_ILSVRC2012_val_00012590_rank875,543,519,0.07086,819
ILSVRC2012_val_00043751_with_ILSVRC2012_val_00048751_rank045,992,992,0.67248,0
ILSVRC2012_val_00043751_with_ILSVRC2012_val_00032965_rank990,772,519,0.34634,951
ILSVRC2012_val_00043751_with_ILSVRC2012_val_00025555_rank476,962,923,0.10329,3
ILSVRC2012_val_00043751_with_ILSVRC2012_val_00028755_rank390,255,255,0.96001,0
ILSVRC2012_val_00043751_with_ILSVRC2012_val_00004990_rank868,386,386,0.05241,0
ILSVRC2012_val_00043751_with_ILSVRC2012_val_00010665_rank535,174,174,0.9595,0
ILSVRC2012_val_00043751_with_ILSVRC2012_val_00018717_rank051,363,987,0.32762,144
ILSVRC2012_val_00043751_with_ILSVRC2012_val_00047455_rank219,281,281,0.61881,0
ILSVRC2012_val_00043751_with_ILSVRC2012_val_00043934_rank122,993,840,0.12876,786
ILSVRC2012_val_00043751_with_ILSVRC2012_val_00000325_rank988,777,91,0.04742,89
ILSVRC2012_val_00043751_with_ILSVRC2012_val_00038181_rank194,306,907,0.40217,560
ILSVRC2012_val_00043751_with_ILSVRC2012_val_00026419_rank703,726,726,0.98586,0
ILSVRC2012_val_00043751_with_ILSVRC2012_val_00032871_rank237,304,303,0.51321,4
ILSVRC2012_val_00043751_with_ILSVRC2012_val_00020476_rank995,111,114,0.15294,21
ILSVRC2012_val_00043751_with_ILSVRC2012_val_00046566_rank914,891,891,0.99106,0
ILSVRC2012_val_00043751_with_ILSVRC2012_val_00003196_rank173,231,231,0.77008,0
ILSVRC2012_val_00043751_with_ILSVRC2012_val_00019065_rank361,792,792,0.90502,0
ILSVRC2012_val_00043751_with_ILSVRC2012_val_00021068_rank042,102,102,0.97002,0
ILSVRC2012_val_00043751_with_ILSVRC2012_val_00027011_rank535,174,174,0.96768,0
ILSVRC2012_val_00043751_with_ILSVRC2012_val_00026914_rank419,481,481,0.90553,0
ILSVRC2012_val_00043751_with_ILSVRC2012_val_00049418_rank192,323,323,0.97857,0
ILSVRC2012_val_00043751_with_ILSVRC2012_val_00041341_rank375,273,273,0.97985,0
ILSVRC2012_val_00043751_with_ILSVRC2012_val_00000138_rank565,328,519,0.29599,848
ILSVRC2012_val_00043751_with_ILSVRC2012_val_00048968_rank514,915,915,0.93329,0
ILSVRC2012_val_00043751_with_ILSVRC2012_val_00047304_rank318,983,983,0.8589,0
ILSVRC2012_val_00043751_with_ILSVRC2012_val_00010940_rank545,645,519,0.60434,918
ILSVRC2012_val_00043751_with_ILSVRC2012_val_00021910_rank144,989,502,0.09736,929
ILSVRC2012_val_00043751_with_ILSVRC2012_val_00010103_rank528,657,519,0.33178,453
ILSVRC2012_val_00043751_with_ILSVRC2012_val_00038013_rank987,680,519,0.0471,841
ILSVRC2012_val_00043751_with_ILSVRC2012_val_00002421_rank214,889,889,0.26516,0
ILSVRC2012_val_00043751_with_ILSVRC2012_val_00040310_rank129,131,131,0.96107,0
ILSVRC2012_val_00043751_with_ILSVRC2012_val_00032152_rank071,515,519,0.27748,490
ILSVRC2012_val_00043751_with_ILSVRC2012_val_00044883_rank680,523,523,0.12447,0
ILSVRC2012_val_00043751_with_ILSVRC2012_val_00020380_rank444,227,227,0.93399,0
ILSVRC2012_val_00043751_with_ILSVRC2012_val_00009061_rank446,258,258,0.63495,0
ILSVRC2012_val_00043751_with_ILSVRC2012_val_00043204_rank502,943,943,0.75694,0
ILSVRC2012_val_00043751_with_ILSVRC2012_val_00043970_rank798,412,519,0.69592,15
ILSVRC2012_val_00043751_with_ILSVRC2012_val_00004885_rank036,214,214,0.96138,0
ILSVRC2012_val_00043751_with_ILSVRC2012_val_00004991_rank123,985,716,0.45289,18
ILSVRC2012_val_00043751_with_ILSVRC2012_val_00023332_rank276,596,740,0.67059,29
ILSVRC2012_val_00043751_with_ILSVRC2012_val_00041196_rank809,804,519,0.61905,649
ILSVRC2012_val_00043751_with_ILSVRC2012_val_00042331_rank998,38,38,0.97502,0
ILSVRC2012_val_00043751_with_ILSVRC2012_val_00031306_rank185,266,266,0.41126,0
ILSVRC2012_val_00043751_with_ILSVRC2012_val_00036687_rank486,106,106,0.68121,0
ILSVRC2012_val_00043751_with_ILSVRC2012_val_00031661_rank637,534,534,0.95983,0
ILSVRC2012_val_00043751_with_ILSVRC2012_val_00035007_rank631,599,599,0.90008,0
ILSVRC2012_val_00043751_with_ILSVRC2012_val_00021538_rank158,293,293,0.97647,0
ILSVRC2012_val_00043751_with_ILSVRC2012_val_00021036_rank127,489,236,0.44685,543
ILSVRC2012_val_00043751_with_ILSVRC2012_val_00039059_rank987,680,680,0.19037,0
ILSVRC2012_val_00043751_with_ILSVRC2012_val_00010082_rank385,237,237,0.79546,0
ILSVRC2012_val_00043751_with_ILSVRC2012_val_00007004_rank849,895,17,0.49055,333
ILSVRC2012_val_00043751_with_ILSVRC2012_val_00028278_rank698,503,503,0.96043,0
ILSVRC2012_val_00043751_with_ILSVRC2012_val_00007822_rank919,807,674,0.08999,258
ILSVRC2012_val_00043751_with_ILSVRC2012_val_00031457_rank536,449,425,0.44302,3
ILSVRC2012_val_00043751_with_ILSVRC2012_val_00029271_rank139,775,519,0.86433,623
ILSVRC2012_val_00043751_with_ILSVRC2012_val_00011815_rank876,604,604,0.98583,0
ILSVRC2012_val_00043751_with_ILSVRC2012_val_00009050_rank041,39,39,0.94991,0
ILSVRC2012_val_00043751_with_ILSVRC2012_val_00048495_rank648,663,519,0.59561,639
ILSVRC2012_val_00043751_with_ILSVRC2012_val_00036214_rank199,952,952,0.91364,0
ILSVRC2012_val_00043751_with_ILSVRC2012_val_00009533_rank104,396,396,0.94551,0
ILSVRC2012_val_00043751_with_ILSVRC2012_val_00021640_rank632,544,544,0.81701,0
ILSVRC2012_val_00043751_with_ILSVRC2012_val_00019237_rank805,317,311,0.36424,2
ILSVRC2012_val_00043751_with_ILSVRC2012_val_00024830_rank144,989,519,0.28297,338
ILSVRC2012_val_00043751_with_ILSVRC2012_val_00049812_rank862,789,519,0.44181,31
ILSVRC2012_val_00043751_with_ILSVRC2012_val_00027413_rank294,291,291,0.53114,0
ILSVRC2012_val_00043751_with_ILSVRC2012_val_00042269_rank910,686,686,0.98263,0
ILSVRC2012_val_00043751_with_ILSVRC2012_val_00006285_rank659,817,817,0.65311,0
ILSVRC2012_val_00043751_with_ILSVRC2012_val_00027492_rank154,193,193,0.79386,0
ILSVRC2012_val_00043751_with_ILSVRC2012_val_00042624_rank102,309,309,0.64602,0
ILSVRC2012_val_00043751_with_ILSVRC2012_val_00024545_rank998,38,38,0.79839,0
ILSVRC2012_val_00043751_with_ILSVRC2012_val_00002192_rank044,129,129,0.95301,0
ILSVRC2012_val_00043751_with_ILSVRC2012_val_00002598_rank669,782,664,0.30298,1
ILSVRC2012_val_00043751_with_ILSVRC2012_val_00034966_rank566,882,882,0.81561,0
ILSVRC2012_val_00043751_with_ILSVRC2012_val_00001487_rank143,274,274,0.97268,0
ILSVRC2012_val_00043751_with_ILSVRC2012_val_00015633_rank801,784,784,0.84802,0
ILSVRC2012_val_00043751_with_ILSVRC2012_val_00034812_rank731,335,335,0.84623,0
ILSVRC2012_val_00043751_with_ILSVRC2012_val_00003169_rank040,24,24,0.94801,0
ILSVRC2012_val_00043751_with_ILSVRC2012_val_00019013_rank036,214,519,0.2272,700
ILSVRC2012_val_00043751_with_ILSVRC2012_val_00023417_rank651,510,519,0.67535,56
ILSVRC2012_val_00043751_with_ILSVRC2012_val_00048024_rank116,145,145,0.97054,0
ILSVRC2012_val_00043751_with_ILSVRC2012_val_00021203_rank168,55,59,0.59106,2
ILSVRC2012_val_00043751_with_ILSVRC2012_val_00012794_rank437,780,519,0.25604,183
ILSVRC2012_val_00043751_with_ILSVRC2012_val_00049043_rank434,349,349,0.62683,0
ILSVRC2012_val_00043751_with_ILSVRC2012_val_00014903_rank013,91,91,0.76323,0
ILSVRC2012_val_00043751_with_ILSVRC2012_val_00008172_rank429,582,576,0.41711,172
ILSVRC2012_val_00043751_with_ILSVRC2012_val_00006405_rank314,747,747,0.96917,0
ILSVRC2012_val_00043751_with_ILSVRC2012_val_00031074_rank667,896,896,0.7756,0
ILSVRC2012_val_00043751_with_ILSVRC2012_val_00047278_rank813,973,328,0.14371,12
ILSVRC2012_val_00043751_with_ILSVRC2012_val_00014641_rank234,776,776,0.8096,0
ILSVRC2012_val_00043751_with_ILSVRC2012_val_00033403_rank279,331,331,0.91197,0
ILSVRC2012_val_00043751_with_ILSVRC2012_val_00036400_rank222,971,572,0.3763,13
ILSVRC2012_val_00043751_with_ILSVRC2012_val_00019530_rank430,502,502,0.90023,0
ILSVRC2012_val_00043751_with_ILSVRC2012_val_00036654_rank799,714,714,0.97556,0
ILSVRC2012_val_00043751_with_ILSVRC2012_val_00005056_rank062,43,43,0.47726,0
ILSVRC2012_val_00043751_with_ILSVRC2012_val_00033803_rank783,405,405,0.59238,0
ILSVRC2012_val_00043751_with_ILSVRC2012_val_00037181_rank176,324,324,0.96095,0
ILSVRC2012_val_00043751_with_ILSVRC2012_val_00025849_rank895,530,519,0.66573,266
ILSVRC2012_val_00043751_with_ILSVRC2012_val_00045108_rank190,342,342,0.72494,0
ILSVRC2012_val_00043751_with_ILSVRC2012_val_00045758_rank190,342,342,0.69916,0
ILSVRC2012_val_00043751_with_ILSVRC2012_val_00034635_rank079,853,519,0.47658,196
ILSVRC2012_val_00043751_with_ILSVRC2012_val_00047328_rank610,107,519,0.29633,940
ILSVRC2012_val_00043751_with_ILSVRC2012_val_00007504_rank955,830,428,0.12238,5
ILSVRC2012_val_00043751_with_ILSVRC2012_val_00002570_rank486,106,106,0.91416,0
ILSVRC2012_val_00043751_with_ILSVRC2012_val_00044060_rank141,984,519,0.38659,477
ILSVRC2012_val_00043751_with_ILSVRC2012_val_00047858_rank226,573,573,0.10812,0
ILSVRC2012_val_00043751_with_ILSVRC2012_val_00032064_rank173,231,230,0.44416,2
ILSVRC2012_val_00043751_with_ILSVRC2012_val_00045833_rank123,985,985,0.46039,0
ILSVRC2012_val_00043751_with_ILSVRC2012_val_00010045_rank080,428,428,0.96429,0
ILSVRC2012_val_00043751_with_ILSVRC2012_val_00024766_rank787,194,194,0.82379,0
ILSVRC2012_val_00043751_with_ILSVRC2012_val_00035940_rank738,181,181,0.96344,0
ILSVRC2012_val_00043751_with_ILSVRC2012_val_00020367_rank499,207,207,0.8666,0
ILSVRC2012_val_00043751_with_ILSVRC2012_val_00004210_rank156,314,314,0.92516,0
ILSVRC2012_val_00043751_with_ILSVRC2012_val_00022744_rank912,356,356,0.91149,0
ILSVRC2012_val_00043751_with_ILSVRC2012_val_00038795_rank372,517,519,0.67644,109
ILSVRC2012_val_00043751_with_ILSVRC2012_val_00048901_rank880,857,857,0.60976,0
ILSVRC2012_val_00043751_with_ILSVRC2012_val_00018675_rank067,42,42,0.97811,0
ILSVRC2012_val_00043751_with_ILSVRC2012_val_00041302_rank810,731,731,0.84407,0
ILSVRC2012_val_00043751_with_ILSVRC2012_val_00013908_rank945,794,794,0.8554,0
ILSVRC2012_val_00043751_with_ILSVRC2012_val_00048525_rank197,358,359,0.35179,2
ILSVRC2012_val_00043751_with_ILSVRC2012_val_00007536_rank767,566,566,0.35114,0
ILSVRC2012_val_00043751_with_ILSVRC2012_val_00048090_rank868,386,385,0.63319,1
ILSVRC2012_val_00043751_with_ILSVRC2012_val_00000504_rank657,540,519,0.54895,232
ILSVRC2012_val_00043751_with_ILSVRC2012_val_00025034_rank326,587,587,0.83655,0
ILSVRC2012_val_00043751_with_ILSVRC2012_val_00039309_rank834,920,519,0.91417,666
ILSVRC2012_val_00043751_with_ILSVRC2012_val_00013211_rank069,244,244,0.9032,0
ILSVRC2012_val_00043751_with_ILSVRC2012_val_00028522_rank027,90,90,0.98657,0
ILSVRC2012_val_00043751_with_ILSVRC2012_val_00033675_rank407,934,934,0.97827,0
ILSVRC2012_val_00043751_with_ILSVRC2012_val_00047775_rank541,456,456,0.60032,0
ILSVRC2012_val_00043751_with_ILSVRC2012_val_00047034_rank335,719,719,0.95508,0
ILSVRC2012_val_00043751_with_ILSVRC2012_val_00029258_rank735,698,698,0.30051,0
ILSVRC2012_val_00043751_with_ILSVRC2012_val_00000547_rank179,99,99,0.95886,0
ILSVRC2012_val_00043751_with_ILSVRC2012_val_00020649_rank377,313,519,0.18848,975
ILSVRC2012_val_00043751_with_ILSVRC2012_val_00013163_rank330,413,413,0.63745,0
ILSVRC2012_val_00043751_with_ILSVRC2012_val_00016992_rank891,839,839,0.55475,0
ILSVRC2012_val_00043751_with_ILSVRC2012_val_00016381_rank977,659,659,0.9778,0
ILSVRC2012_val_00043751_with_ILSVRC2012_val_00047914_rank249,10,10,0.9913,0
ILSVRC2012_val_00043751_with_ILSVRC2012_val_00026432_rank573,842,356,0.04501,731
ILSVRC2012_val_00043751_with_ILSVRC2012_val_00041832_rank019,83,82,0.46036,3
ILSVRC2012_val_00043751_with_ILSVRC2012_val_00020963_rank841,158,158,0.88293,0
ILSVRC2012_val_00043751_with_ILSVRC2012_val_00048210_rank940,432,845,0.34276,74
ILSVRC2012_val_00043751_with_ILSVRC2012_val_00043596_rank186,941,941,0.23886,0
ILSVRC2012_val_00043751_with_ILSVRC2012_val_00046307_rank113,92,92,0.94917,0
ILSVRC2012_val_00043751_with_ILSVRC2012_val_00025543_rank004,84,84,0.94536,0
ILSVRC2012_val_00043751_with_ILSVRC2012_val_00044251_rank843,685,685,0.59582,0
ILSVRC2012_val_00043751_with_ILSVRC2012_val_00003674_rank379,430,519,0.71962,210
ILSVRC2012_val_00043751_with_ILSVRC2012_val_00009455_rank967,606,606,0.90224,0
ILSVRC2012_val_00043751_with_ILSVRC2012_val_00013012_rank277,752,696,0.18209,116
ILSVRC2012_val_00043751_with_ILSVRC2012_val_00003105_rank945,794,794,0.16611,0
ILSVRC2012_val_00043751_with_ILSVRC2012_val_00002919_rank975,647,647,0.95235,0
ILSVRC2012_val_00043751_with_ILSVRC2012_val_00012854_rank992,464,695,0.37328,12
ILSVRC2012_val_00043751_with_ILSVRC2012_val_00044071_rank637,534,519,0.74778,94
ILSVRC2012_val_00043751_with_ILSVRC2012_val_00049288_rank731,335,335,0.89509,0
ILSVRC2012_val_00043751_with_ILSVRC2012_val_00039920_rank977,659,659,0.94751,0
ILSVRC2012_val_00043751_with_ILSVRC2012_val_00032903_rank289,858,448,0.46178,42
ILSVRC2012_val_00043751_with_ILSVRC2012_val_00018187_rank915,526,519,0.53799,80
ILSVRC2012_val_00043751_with_ILSVRC2012_val_00030231_rank355,629,551,0.11765,1
ILSVRC2012_val_00043751_with_ILSVRC2012_val_00045483_rank534,649,695,0.21039,266
ILSVRC2012_val_00043751_with_ILSVRC2012_val_00016206_rank753,418,519,0.57972,891
ILSVRC2012_val_00043751_with_ILSVRC2012_val_00022823_rank149,832,832,0.83132,0
ILSVRC2012_val_00043751_with_ILSVRC2012_val_00017639_rank291,142,142,0.87957,0
ILSVRC2012_val_00043751_with_ILSVRC2012_val_00043685_rank163,870,519,0.82967,33
ILSVRC2012_val_00043751_with_ILSVRC2012_val_00024755_rank671,311,46,0.39131,15
ILSVRC2012_val_00043751_with_ILSVRC2012_val_00010584_rank050,187,187,0.89034,0
ILSVRC2012_val_00043751_with_ILSVRC2012_val_00019971_rank692,516,879,0.05888,466
ILSVRC2012_val_00043751_with_ILSVRC2012_val_00015264_rank371,20,20,0.97108,0
ILSVRC2012_val_00043751_with_ILSVRC2012_val_00027253_rank835,859,618,0.21188,188
ILSVRC2012_val_00043751_with_ILSVRC2012_val_00030739_rank811,753,753,0.90567,0
ILSVRC2012_val_00043751_with_ILSVRC2012_val_00021134_rank284,429,429,0.97063,0
ILSVRC2012_val_00043751_with_ILSVRC2012_val_00031361_rank256,282,282,0.63333,0
ILSVRC2012_val_00043751_with_ILSVRC2012_val_00007107_rank455,388,388,0.97237,0
ILSVRC2012_val_00043751_with_ILSVRC2012_val_00001425_rank645,178,178,0.96637,0
ILSVRC2012_val_00043751_with_ILSVRC2012_val_00000567_rank289,858,858,0.92786,0
ILSVRC2012_val_00043751_with_ILSVRC2012_val_00047687_rank938,511,519,0.10593,776
ILSVRC2012_val_00043751_with_ILSVRC2012_val_00045788_rank460,862,519,0.15399,826
ILSVRC2012_val_00043751_with_ILSVRC2012_val_00047750_rank089,346,346,0.86523,0
ILSVRC2012_val_00043751_with_ILSVRC2012_val_00036979_rank713,894,519,0.28593,27
ILSVRC2012_val_00043751_with_ILSVRC2012_val_00036443_rank787,194,194,0.98109,0
ILSVRC2012_val_00043751_with_ILSVRC2012_val_00030440_rank392,644,644,0.88675,0
ILSVRC2012_val_00043751_with_ILSVRC2012_val_00018866_rank351,246,172,0.47067,3
ILSVRC2012_val_00043751_with_ILSVRC2012_val_00037973_rank267,121,519,0.21632,529
ILSVRC2012_val_00043751_with_ILSVRC2012_val_00044083_rank622,484,484,0.8568,0
ILSVRC2012_val_00043751_with_ILSVRC2012_val_00049156_rank733,901,504,0.15122,6
ILSVRC2012_val_00043751_with_ILSVRC2012_val_00005683_rank615,618,618,0.77829,0
ILSVRC2012_val_00043751_with_ILSVRC2012_val_00034073_rank395,674,674,0.98453,0
ILSVRC2012_val_00043751_with_ILSVRC2012_val_00036228_rank950,748,519,0.31245,870
ILSVRC2012_val_00043751_with_ILSVRC2012_val_00038426_rank027,90,90,0.93896,0
ILSVRC2012_val_00043751_with_ILSVRC2012_val_00019595_rank557,547,740,0.36475,972
ILSVRC2012_val_00043751_with_ILSVRC2012_val_00023691_rank602,426,426,0.824,0
ILSVRC2012_val_00043751_with_ILSVRC2012_val_00016668_rank409,184,191,0.83889,2
ILSVRC2012_val_00043751_with_ILSVRC2012_val_00012529_rank555,778,496,0.67002,365
ILSVRC2012_val_00043751_with_ILSVRC2012_val_00032265_rank671,311,311,0.81512,0
ILSVRC2012_val_00043751_with_ILSVRC2012_val_00002277_rank384,241,238,0.56175,2
ILSVRC2012_val_00043751_with_ILSVRC2012_val_00046676_rank739,750,748,0.16622,65
ILSVRC2012_val_00043751_with_ILSVRC2012_val_00028149_rank842,813,618,0.68035,4
ILSVRC2012_val_00043751_with_ILSVRC2012_val_00000933_rank678,65,448,0.2565,854
ILSVRC2012_val_00043751_with_ILSVRC2012_val_00005794_rank516,739,739,0.95715,0
ILSVRC2012_val_00043751_with_ILSVRC2012_val_00046771_rank936,867,867,0.26999,0
ILSVRC2012_val_00043751_with_ILSVRC2012_val_00001011_rank921,409,426,0.53421,3
ILSVRC2012_val_00043751_with_ILSVRC2012_val_00005188_rank456,393,393,0.9271,0
ILSVRC2012_val_00043751_with_ILSVRC2012_val_00026677_rank600,847,519,0.10925,584
ILSVRC2012_val_00043751_with_ILSVRC2012_val_00014050_rank093,155,187,0.28688,7
ILSVRC2012_val_00043751_with_ILSVRC2012_val_00033017_rank224,265,266,0.41313,1
ILSVRC2012_val_00043751_with_ILSVRC2012_val_00035225_rank888,615,615,0.9867,0
ILSVRC2012_val_00043751_with_ILSVRC2012_val_00008690_rank214,889,889,0.27044,0
ILSVRC2012_val_00043751_with_ILSVRC2012_val_00039521_rank500,863,519,0.88933,301
ILSVRC2012_val_00043751_with_ILSVRC2012_val_00048941_rank361,792,519,0.07926,98
ILSVRC2012_val_00043751_with_ILSVRC2012_val_00027957_rank115,665,898,0.23851,155
ILSVRC2012_val_00043751_with_ILSVRC2012_val_00031745_rank974,902,519,0.25921,928
ILSVRC2012_val_00043751_with_ILSVRC2012_val_00040969_rank891,839,839,0.61258,0
ILSVRC2012_val_00043751_with_ILSVRC2012_val_00027273_rank274,849,505,0.39064,1
ILSVRC2012_val_00043751_with_ILSVRC2012_val_00019005_rank714,655,448,0.11831,911
ILSVRC2012_val_00043751_with_ILSVRC2012_val_00008094_rank158,293,293,0.96718,0
ILSVRC2012_val_00043751_with_ILSVRC2012_val_00032588_rank882,512,512,0.92721,0
ILSVRC2012_val_00043751_with_ILSVRC2012_val_00014371_rank484,759,759,0.92566,0
ILSVRC2012_val_00043751_with_ILSVRC2012_val_00031747_rank250,268,268,0.84806,0
ILSVRC2012_val_00043751_with_ILSVRC2012_val_00037704_rank298,337,337,0.97188,0
ILSVRC2012_val_00043751_with_ILSVRC2012_val_00031554_rank733,901,901,0.93938,0
ILSVRC2012_val_00043751_with_ILSVRC2012_val_00018031_rank286,938,938,0.94408,0
ILSVRC2012_val_00043751_with_ILSVRC2012_val_00028019_rank471,404,404,0.21776,0
ILSVRC2012_val_00043751_with_ILSVRC2012_val_00027428_rank155,179,179,0.74108,0
ILSVRC2012_val_00043751_with_ILSVRC2012_val_00037065_rank523,931,931,0.96354,0
ILSVRC2012_val_00043751_with_ILSVRC2012_val_00020588_rank203,514,514,0.9665,0
ILSVRC2012_val_00043751_with_ILSVRC2012_val_00036133_rank511,452,519,0.15964,473
ILSVRC2012_val_00043751_with_ILSVRC2012_val_00020247_rank500,863,519,0.46808,301
ILSVRC2012_val_00043751_with_ILSVRC2012_val_00022091_rank093,155,155,0.94055,0
ILSVRC2012_val_00043751_with_ILSVRC2012_val_00044774_rank558,383,383,0.93484,0
ILSVRC2012_val_00043751_with_ILSVRC2012_val_00042554_rank460,862,862,0.0697,0
ILSVRC2012_val_00043751_with_ILSVRC2012_val_00024638_rank810,731,845,0.75554,45
ILSVRC2012_val_00043751_with_ILSVRC2012_val_00017982_rank177,951,951,0.67179,0
ILSVRC2012_val_00043751_with_ILSVRC2012_val_00002358_rank419,481,482,0.28391,1
ILSVRC2012_val_00043751_with_ILSVRC2012_val_00043605_rank543,238,239,0.79267,2
ILSVRC2012_val_00043751_with_ILSVRC2012_val_00041516_rank764,101,385,0.22381,1
ILSVRC2012_val_00043751_with_ILSVRC2012_val_00043580_rank710,166,181,0.32323,80
ILSVRC2012_val_00043751_with_ILSVRC2012_val_00045200_rank113,92,92,0.82351,0
ILSVRC2012_val_00043751_with_ILSVRC2012_val_00008654_rank831,52,63,0.22715,16
ILSVRC2012_val_00043751_with_ILSVRC2012_val_00032317_rank197,358,358,0.42844,0
ILSVRC2012_val_00043751_with_ILSVRC2012_val_00031907_rank042,102,102,0.94271,0
ILSVRC2012_val_00043751_with_ILSVRC2012_val_00040648_rank451,829,829,0.99337,0
ILSVRC2012_val_00043751_with_ILSVRC2012_val_00041484_rank536,449,448,0.27354,33
ILSVRC2012_val_00043751_with_ILSVRC2012_val_00046137_rank737,368,368,0.83431,0
ILSVRC2012_val_00043751_with_ILSVRC2012_val_00040949_rank366,439,519,0.18486,953
ILSVRC2012_val_00043751_with_ILSVRC2012_val_00029930_rank770,0,519,0.84346,734
ILSVRC2012_val_00043751_with_ILSVRC2012_val_00017899_rank422,29,519,0.16397,982
ILSVRC2012_val_00043751_with_ILSVRC2012_val_00002766_rank225,945,945,0.96549,0
ILSVRC2012_val_00043751_with_ILSVRC2012_val_00020932_rank389,642,519,0.88644,63
ILSVRC2012_val_00043751_with_ILSVRC2012_val_00042125_rank591,28,25,0.4658,1
ILSVRC2012_val_00043751_with_ILSVRC2012_val_00021123_rank540,601,340,0.06294,493
ILSVRC2012_val_00043751_with_ILSVRC2012_val_00013247_rank175,907,966,0.28193,1
ILSVRC2012_val_00043751_with_ILSVRC2012_val_00035719_rank906,209,178,0.16363,3
ILSVRC2012_val_00043751_with_ILSVRC2012_val_00008311_rank253,161,161,0.94768,0
ILSVRC2012_val_00043751_with_ILSVRC2012_val_00022786_rank013,91,91,0.96282,0
ILSVRC2012_val_00043751_with_ILSVRC2012_val_00022745_rank012,88,88,0.9863,0
ILSVRC2012_val_00043751_with_ILSVRC2012_val_00014134_rank237,304,304,0.88959,0
ILSVRC2012_val_00043751_with_ILSVRC2012_val_00044545_rank440,770,770,0.95195,0
ILSVRC2012_val_00043751_with_ILSVRC2012_val_00043417_rank233,261,261,0.96878,0
ILSVRC2012_val_00043751_with_ILSVRC2012_val_00035383_rank909,798,798,0.53918,0
ILSVRC2012_val_00043751_with_ILSVRC2012_val_00019119_rank531,285,285,0.66755,0
ILSVRC2012_val_00043751_with_ILSVRC2012_val_00044371_rank967,606,422,0.13273,435
ILSVRC2012_val_00043751_with_ILSVRC2012_val_00037466_rank509,565,565,0.51678,0
ILSVRC2012_val_00043751_with_ILSVRC2012_val_00030100_rank230,637,637,0.80096,0
ILSVRC2012_val_00043751_with_ILSVRC2012_val_00018986_rank475,648,415,0.15301,136
ILSVRC2012_val_00043751_with_ILSVRC2012_val_00027069_rank677,286,286,0.90315,0
ILSVRC2012_val_00043751_with_ILSVRC2012_val_00019104_rank376,588,790,0.58058,1
ILSVRC2012_val_00043751_with_ILSVRC2012_val_00027946_rank031,81,81,0.9833,0
ILSVRC2012_val_00043751_with_ILSVRC2012_val_00001913_rank857,715,519,0.83445,655
ILSVRC2012_val_00043751_with_ILSVRC2012_val_00029094_rank609,436,519,0.33397,94
ILSVRC2012_val_00043751_with_ILSVRC2012_val_00032113_rank019,83,85,0.79508,6
ILSVRC2012_val_00043751_with_ILSVRC2012_val_00015307_rank036,214,234,0.3956,3
ILSVRC2012_val_00043751_with_ILSVRC2012_val_00003193_rank068,387,387,0.98557,0
ILSVRC2012_val_00043751_with_ILSVRC2012_val_00028375_rank879,610,610,0.87523,0
ILSVRC2012_val_00043751_with_ILSVRC2012_val_00023063_rank310,950,950,0.97151,0
ILSVRC2012_val_00043751_with_ILSVRC2012_val_00031865_rank143,274,274,0.94572,0
ILSVRC2012_val_00043751_with_ILSVRC2012_val_00004294_rank084,375,519,0.29766,796
ILSVRC2012_val_00043751_with_ILSVRC2012_val_00010783_rank886,906,448,0.06724,977
ILSVRC2012_val_00043751_with_ILSVRC2012_val_00029860_rank326,587,587,0.56748,0
ILSVRC2012_val_00043751_with_ILSVRC2012_val_00010814_rank230,637,637,0.79227,0
ILSVRC2012_val_00043751_with_ILSVRC2012_val_00001615_rank502,943,943,0.42022,0
ILSVRC2012_val_00043751_with_ILSVRC2012_val_00047213_rank175,907,907,0.28998,0
ILSVRC2012_val_00043751_with_ILSVRC2012_val_00037578_rank762,550,550,0.94377,0
ILSVRC2012_val_00043751_with_ILSVRC2012_val_00011473_rank159,156,156,0.95317,0
ILSVRC2012_val_00043751_with_ILSVRC2012_val_00012251_rank178,270,203,0.18133,31
ILSVRC2012_val_00043751_with_ILSVRC2012_val_00010853_rank241,366,366,0.96044,0
ILSVRC2012_val_00043751_with_ILSVRC2012_val_00039959_rank654,725,725,0.58633,0
ILSVRC2012_val_00043751_with_ILSVRC2012_val_00020106_rank001,7,7,0.92938,0
ILSVRC2012_val_00043751_with_ILSVRC2012_val_00048136_rank854,710,710,0.97391,0
ILSVRC2012_val_00043751_with_ILSVRC2012_val_00040941_rank523,931,931,0.78446,0
ILSVRC2012_val_00043751_with_ILSVRC2012_val_00047381_rank654,725,519,0.54497,771
ILSVRC2012_val_00043751_with_ILSVRC2012_val_00046808_rank935,504,504,0.64293,0
ILSVRC2012_val_00043751_with_ILSVRC2012_val_00029423_rank952,635,426,0.3945,1
ILSVRC2012_val_00043751_with_ILSVRC2012_val_00028360_rank054,957,957,0.98264,0
ILSVRC2012_val_00043751_with_ILSVRC2012_val_00002302_rank543,238,238,0.85867,0
ILSVRC2012_val_00043751_with_ILSVRC2012_val_00004041_rank308,933,933,0.64432,0
ILSVRC2012_val_00043751_with_ILSVRC2012_val_00023261_rank964,684,684,0.981,0
ILSVRC2012_val_00043751_with_ILSVRC2012_val_00003475_rank712,117,117,0.98214,0
ILSVRC2012_val_00043751_with_ILSVRC2012_val_00041378_rank161,330,519,0.50319,363
ILSVRC2012_val_00043751_with_ILSVRC2012_val_00047233_rank796,567,567,0.19236,0
ILSVRC2012_val_00043751_with_ILSVRC2012_val_00037160_rank609,436,436,0.51984,0
ILSVRC2012_val_00043751_with_ILSVRC2012_val_00021374_rank935,504,504,0.85345,0
ILSVRC2012_val_00043751_with_ILSVRC2012_val_00027595_rank454,448,448,0.93181,0
ILSVRC2012_val_00043751_with_ILSVRC2012_val_00049845_rank237,304,304,0.83753,0
ILSVRC2012_val_00043751_with_ILSVRC2012_val_00012982_rank307,389,0,0.29269,1
ILSVRC2012_val_00043751_with_ILSVRC2012_val_00022259_rank539,229,229,0.97016,0
ILSVRC2012_val_00043751_with_ILSVRC2012_val_00012553_rank067,42,42,0.95937,0
ILSVRC2012_val_00043751_with_ILSVRC2012_val_00026181_rank452,315,315,0.13542,0
ILSVRC2012_val_00043751_with_ILSVRC2012_val_00009959_rank879,610,519,0.38779,648
ILSVRC2012_val_00043751_with_ILSVRC2012_val_00005584_rank754,872,872,0.44423,0
ILSVRC2012_val_00043751_with_ILSVRC2012_val_00041634_rank564,114,384,0.04295,374
ILSVRC2012_val_00043751_with_ILSVRC2012_val_00049074_rank802,745,745,0.95352,0
ILSVRC2012_val_00043751_with_ILSVRC2012_val_00005495_rank339,242,158,0.07668,77
ILSVRC2012_val_00043751_with_ILSVRC2012_val_00022934_rank316,183,183,0.88804,0
ILSVRC2012_val_00043751_with_ILSVRC2012_val_00049503_rank329,487,487,0.88851,0
ILSVRC2012_val_00043751_with_ILSVRC2012_val_00002516_rank325,243,211,0.79788,14
ILSVRC2012_val_00043751_with_ILSVRC2012_val_00010375_rank714,655,411,0.11501,10
ILSVRC2012_val_00043751_with_ILSVRC2012_val_00049365_rank574,768,519,0.09816,774
ILSVRC2012_val_00043751_with_ILSVRC2012_val_00003629_rank450,572,572,0.38152,0
ILSVRC2012_val_00043751_with_ILSVRC2012_val_00028404_rank232,913,519,0.79347,100
ILSVRC2012_val_00043751_with_ILSVRC2012_val_00039679_rank839,583,621,0.33823,463
ILSVRC2012_val_00043751_with_ILSVRC2012_val_00010821_rank548,505,505,0.69052,0
ILSVRC2012_val_00043751_with_ILSVRC2012_val_00017847_rank587,609,609,0.88974,0
ILSVRC2012_val_00043751_with_ILSVRC2012_val_00018850_rank078,903,903,0.62607,0
ILSVRC2012_val_00043751_with_ILSVRC2012_val_00002536_rank021,18,18,0.97139,0
ILSVRC2012_val_00043751_with_ILSVRC2012_val_00018283_rank426,959,959,0.97724,0
ILSVRC2012_val_00043751_with_ILSVRC2012_val_00026688_rank222,971,618,0.29314,103
ILSVRC2012_val_00043751_with_ILSVRC2012_val_00043884_rank476,962,850,0.40074,844
ILSVRC2012_val_00043751_with_ILSVRC2012_val_00030946_rank480,658,658,0.84281,0
ILSVRC2012_val_00043751_with_ILSVRC2012_val_00012575_rank170,723,723,0.69091,0
ILSVRC2012_val_00043751_with_ILSVRC2012_val_00016148_rank517,208,208,0.42741,0
ILSVRC2012_val_00043751_with_ILSVRC2012_val_00047069_rank759,641,641,0.96102,0
ILSVRC2012_val_00043751_with_ILSVRC2012_val_00000374_rank752,546,546,0.78296,0
ILSVRC2012_val_00043751_with_ILSVRC2012_val_00028486_rank079,853,519,0.78807,196
ILSVRC2012_val_00043751_with_ILSVRC2012_val_00021373_rank239,866,866,0.83651,0
ILSVRC2012_val_00043751_with_ILSVRC2012_val_00026668_rank802,745,745,0.18971,0
ILSVRC2012_val_00043751_with_ILSVRC2012_val_00008713_rank459,220,357,0.07498,94
ILSVRC2012_val_00043751_with_ILSVRC2012_val_00001693_rank457,221,221,0.97171,0
ILSVRC2012_val_00043751_with_ILSVRC2012_val_00035179_rank055,425,462,0.23282,146
ILSVRC2012_val_00043751_with_ILSVRC2012_val_00018935_rank855,326,326,0.79125,0
ILSVRC2012_val_00043751_with_ILSVRC2012_val_00033273_rank085,616,292,0.20012,747
ILSVRC2012_val_00043751_with_ILSVRC2012_val_00046745_rank986,384,384,0.91575,0
ILSVRC2012_val_00043751_with_ILSVRC2012_val_00022325_rank052,603,603,0.81704,0
ILSVRC2012_val_00043751_with_ILSVRC2012_val_00006461_rank336,982,834,0.26859,2
ILSVRC2012_val_00043751_with_ILSVRC2012_val_00005318_rank429,582,519,0.3059,14
ILSVRC2012_val_00043751_with_ILSVRC2012_val_00039260_rank853,765,519,0.21866,186
ILSVRC2012_val_00043751_with_ILSVRC2012_val_00028725_rank424,253,151,0.55348,16
ILSVRC2012_val_00043751_with_ILSVRC2012_val_00002434_rank413,569,569,0.42982,0
ILSVRC2012_val_00043751_with_ILSVRC2012_val_00021722_rank630,607,607,0.97377,0
ILSVRC2012_val_00043751_with_ILSVRC2012_val_00005036_rank666,828,828,0.91786,0
ILSVRC2012_val_00043751_with_ILSVRC2012_val_00013126_rank459,220,220,0.93606,0
ILSVRC2012_val_00043751_with_ILSVRC2012_val_00042893_rank132,347,347,0.89084,0
ILSVRC2012_val_00043751_with_ILSVRC2012_val_00004870_rank373,271,271,0.2773,0
ILSVRC2012_val_00043751_with_ILSVRC2012_val_00016628_rank674,148,725,0.16963,540
ILSVRC2012_val_00043751_with_ILSVRC2012_val_00025866_rank374,888,519,0.27888,420
ILSVRC2012_val_00043751_with_ILSVRC2012_val_00002752_rank187,2,2,0.25965,0
ILSVRC2012_val_00043751_with_ILSVRC2012_val_00025306_rank838,767,767,0.86408,0
ILSVRC2012_val_00043751_with_ILSVRC2012_val_00024268_rank010,9,9,0.91405,0
ILSVRC2012_val_00043751_with_ILSVRC2012_val_00021001_rank378,478,519,0.64568,1
ILSVRC2012_val_00043751_with_ILSVRC2012_val_00008303_rank428,180,180,0.79834,0
ILSVRC2012_val_00043751_with_ILSVRC2012_val_00012624_rank703,726,519,0.13416,25
ILSVRC2012_val_00043751_with_ILSVRC2012_val_00023308_rank636,30,30,0.96637,0
ILSVRC2012_val_00043751_with_ILSVRC2012_val_00034197_rank816,320,320,0.45506,0
ILSVRC2012_val_00043751_with_ILSVRC2012_val_00016209_rank667,896,896,0.4438,0
ILSVRC2012_val_00043751_with_ILSVRC2012_val_00005970_rank884,398,398,0.98866,0
ILSVRC2012_val_00043751_with_ILSVRC2012_val_00044322_rank956,446,844,0.40196,103
ILSVRC2012_val_00043751_with_ILSVRC2012_val_00019172_rank046,133,133,0.9892,0
ILSVRC2012_val_00043751_with_ILSVRC2012_val_00005422_rank936,867,519,0.21111,88
ILSVRC2012_val_00043751_with_ILSVRC2012_val_00014726_rank251,843,843,0.11735,0
ILSVRC2012_val_00043751_with_ILSVRC2012_val_00040724_rank991,149,899,0.07097,829
ILSVRC2012_val_00043751_with_ILSVRC2012_val_00030371_rank182,45,45,0.73076,0
ILSVRC2012_val_00043751_with_ILSVRC2012_val_00032502_rank400,696,696,0.18511,0
ILSVRC2012_val_00043751_with_ILSVRC2012_val_00036796_rank384,241,238,0.50474,2
ILSVRC2012_val_00043751_with_ILSVRC2012_val_00032897_rank933,447,844,0.13655,439
ILSVRC2012_val_00043751_with_ILSVRC2012_val_00023909_rank158,293,293,0.9704,0
ILSVRC2012_val_00043751_with_ILSVRC2012_val_00040804_rank030,953,953,0.94596,0
ILSVRC2012_val_00043751_with_ILSVRC2012_val_00021937_rank590,854,559,0.25153,95
ILSVRC2012_val_00043751_with_ILSVRC2012_val_00038162_rank958,47,47,0.22648,0
ILSVRC2012_val_00043751_with_ILSVRC2012_val_00001240_rank781,816,816,0.74911,0
ILSVRC2012_val_00043751_with_ILSVRC2012_val_00013465_rank519,344,344,0.96892,0
ILSVRC2012_val_00043751_with_ILSVRC2012_val_00000286_rank201,728,519,0.29753,23
ILSVRC2012_val_00043751_with_ILSVRC2012_val_00008635_rank922,465,519,0.18496,106
ILSVRC2012_val_00043751_with_ILSVRC2012_val_00025089_rank452,315,519,0.64769,392
ILSVRC2012_val_00043751_with_ILSVRC2012_val_00004538_rank382,235,235,0.93427,0
ILSVRC2012_val_00043751_with_ILSVRC2012_val_00049187_rank117,46,46,0.65009,0
ILSVRC2012_val_00043751_with_ILSVRC2012_val_00005051_rank567,779,779,0.99317,0
ILSVRC2012_val_00043751_with_ILSVRC2012_val_00048667_rank478,434,519,0.37922,387
ILSVRC2012_val_00043751_with_ILSVRC2012_val_00035445_rank099,949,949,0.96901,0
ILSVRC2012_val_00043751_with_ILSVRC2012_val_00028139_rank035,21,21,0.92439,0
ILSVRC2012_val_00043751_with_ILSVRC2012_val_00044470_rank753,418,418,0.75303,0
ILSVRC2012_val_00043751_with_ILSVRC2012_val_00034647_rank067,42,519,0.58351,545
ILSVRC2012_val_00043751_with_ILSVRC2012_val_00036543_rank173,231,519,0.20436,414
ILSVRC2012_val_00043751_with_ILSVRC2012_val_00046510_rank569,769,769,0.94379,0
ILSVRC2012_val_00043751_with_ILSVRC2012_val_00012501_rank606,721,832,0.16257,422
ILSVRC2012_val_00043751_with_ILSVRC2012_val_00048085_rank744,524,725,0.27776,30
ILSVRC2012_val_00043751_with_ILSVRC2012_val_00029264_rank268,112,519,0.30607,479
ILSVRC2012_val_00043751_with_ILSVRC2012_val_00044642_rank281,152,152,0.87448,0
ILSVRC2012_val_00043751_with_ILSVRC2012_val_00006643_rank838,767,519,0.41767,751
ILSVRC2012_val_00043751_with_ILSVRC2012_val_00048955_rank696,190,188,0.24875,2
ILSVRC2012_val_00043751_with_ILSVRC2012_val_00006642_rank993,592,592,0.96439,0
ILSVRC2012_val_00043751_with_ILSVRC2012_val_00017079_rank469,395,46,0.28305,309
ILSVRC2012_val_00043751_with_ILSVRC2012_val_00030285_rank645,178,178,0.97144,0
ILSVRC2012_val_00043751_with_ILSVRC2012_val_00024243_rank716,688,688,0.96996,0
ILSVRC2012_val_00043751_with_ILSVRC2012_val_00036779_rank975,647,519,0.72821,296
ILSVRC2012_val_00043751_with_ILSVRC2012_val_00001795_rank999,812,812,0.96953,0
ILSVRC2012_val_00043751_with_ILSVRC2012_val_00023020_rank578,914,519,0.27912,858
ILSVRC2012_val_00043751_with_ILSVRC2012_val_00011060_rank162,749,749,0.96462,0
ILSVRC2012_val_00043751_with_ILSVRC2012_val_00009008_rank596,611,611,0.8392,0
ILSVRC2012_val_00043751_with_ILSVRC2012_val_00011660_rank536,449,448,0.70977,33
ILSVRC2012_val_00043751_with_ILSVRC2012_val_00034261_rank052,603,865,0.13038,246
ILSVRC2012_val_00043751_with_ILSVRC2012_val_00047832_rank433,34,344,0.53623,47
ILSVRC2012_val_00043751_with_ILSVRC2012_val_00005488_rank697,904,519,0.6947,186
ILSVRC2012_val_00043751_with_ILSVRC2012_val_00028871_rank865,988,988,0.09076,0
ILSVRC2012_val_00043751_with_ILSVRC2012_val_00026589_rank227,56,54,0.60506,2
ILSVRC2012_val_00043751_with_ILSVRC2012_val_00041987_rank137,215,215,0.95714,0
ILSVRC2012_val_00043751_with_ILSVRC2012_val_00030716_rank061,552,8,0.40672,304
ILSVRC2012_val_00043751_with_ILSVRC2012_val_00007061_rank545,645,519,0.67074,918
ILSVRC2012_val_00043751_with_ILSVRC2012_val_00018358_rank368,288,288,0.90863,0
ILSVRC2012_val_00043751_with_ILSVRC2012_val_00009523_rank490,267,267,0.95156,0
ILSVRC2012_val_00043751_with_ILSVRC2012_val_00036429_rank557,547,519,0.29844,711
ILSVRC2012_val_00043751_with_ILSVRC2012_val_00009761_rank980,473,473,0.21951,0
ILSVRC2012_val_00043751_with_ILSVRC2012_val_00006920_rank384,241,241,0.94885,0
ILSVRC2012_val_00043751_with_ILSVRC2012_val_00029387_rank161,330,330,0.88394,0
ILSVRC2012_val_00043751_with_ILSVRC2012_val_00047192_rank989,451,519,0.18031,956
ILSVRC2012_val_00043751_with_ILSVRC2012_val_00018073_rank236,329,519,0.731,642
ILSVRC2012_val_00043751_with_ILSVRC2012_val_00019719_rank749,170,170,0.51457,0
ILSVRC2012_val_00043751_with_ILSVRC2012_val_00003393_rank209,737,519,0.47138,37
ILSVRC2012_val_00043751_with_ILSVRC2012_val_00015482_rank033,355,355,0.97551,0
ILSVRC2012_val_00043751_with_ILSVRC2012_val_00012828_rank961,70,519,0.84288,597
ILSVRC2012_val_00043751_with_ILSVRC2012_val_00014389_rank298,337,519,0.11745,720
ILSVRC2012_val_00043751_with_ILSVRC2012_val_00002100_rank008,93,93,0.97732,0
ILSVRC2012_val_00043751_with_ILSVRC2012_val_00023044_rank127,489,519,0.35027,31
ILSVRC2012_val_00043751_with_ILSVRC2012_val_00013094_rank140,211,159,0.49037,1
ILSVRC2012_val_00043751_with_ILSVRC2012_val_00012277_rank549,553,553,0.83415,0
ILSVRC2012_val_00043751_with_ILSVRC2012_val_00016064_rank789,729,729,0.88138,0
ILSVRC2012_val_00043751_with_ILSVRC2012_val_00045479_rank070,338,338,0.96956,0
ILSVRC2012_val_00043751_with_ILSVRC2012_val_00002338_rank187,2,4,0.03765,2
ILSVRC2012_val_00043751_with_ILSVRC2012_val_00016179_rank407,934,934,0.90508,0
ILSVRC2012_val_00043751_with_ILSVRC2012_val_00020565_rank220,987,987,0.42467,0
ILSVRC2012_val_00043751_with_ILSVRC2012_val_00037946_rank089,346,346,0.34652,0
ILSVRC2012_val_00043751_with_ILSVRC2012_val_00022937_rank117,46,46,0.61348,0
ILSVRC2012_val_00043751_with_ILSVRC2012_val_00023655_rank028,348,348,0.77362,0
ILSVRC2012_val_00043751_with_ILSVRC2012_val_00009060_rank622,484,484,0.78586,0
ILSVRC2012_val_00043751_with_ILSVRC2012_val_00046053_rank760,35,448,0.08055,628
ILSVRC2012_val_00043751_with_ILSVRC2012_val_00049358_rank695,924,924,0.9659,0
ILSVRC2012_val_00043751_with_ILSVRC2012_val_00017923_rank569,769,519,0.6415,63
ILSVRC2012_val_00043751_with_ILSVRC2012_val_00001246_rank937,527,861,0.10765,599
ILSVRC2012_val_00043751_with_ILSVRC2012_val_00037327_rank408,676,519,0.46082,603
ILSVRC2012_val_00043751_with_ILSVRC2012_val_00001777_rank453,167,166,0.52618,1
ILSVRC2012_val_00043751_with_ILSVRC2012_val_00011606_rank332,805,805,0.97108,0
ILSVRC2012_val_00043751_with_ILSVRC2012_val_00012516_rank409,184,184,0.43297,0
ILSVRC2012_val_00043751_with_ILSVRC2012_val_00045293_rank536,449,519,0.25951,129
ILSVRC2012_val_00043751_with_ILSVRC2012_val_00046631_rank501,936,936,0.97223,0
ILSVRC2012_val_00043751_with_ILSVRC2012_val_00049301_rank778,116,116,0.93864,0
ILSVRC2012_val_00043751_with_ILSVRC2012_val_00025309_rank539,229,229,0.95113,0
ILSVRC2012_val_00043751_with_ILSVRC2012_val_00027633_rank494,5,828,0.47536,367
ILSVRC2012_val_00043751_with_ILSVRC2012_val_00002880_rank952,635,635,0.78474,0
ILSVRC2012_val_00043751_with_ILSVRC2012_val_00029268_rank724,875,519,0.30888,888
ILSVRC2012_val_00043751_with_ILSVRC2012_val_00005190_rank405,391,391,0.90121,0
ILSVRC2012_val_00043751_with_ILSVRC2012_val_00040416_rank965,823,749,0.58373,86
ILSVRC2012_val_00043751_with_ILSVRC2012_val_00044574_rank790,307,307,0.85718,0
ILSVRC2012_val_00043751_with_ILSVRC2012_val_00035555_rank153,98,98,0.98642,0
ILSVRC2012_val_00043751_with_ILSVRC2012_val_00037933_rank441,78,78,0.90941,0
ILSVRC2012_val_00043751_with_ILSVRC2012_val_00026459_rank809,804,804,0.11885,0
ILSVRC2012_val_00043751_with_ILSVRC2012_val_00046524_rank001,7,7,0.65776,0
ILSVRC2012_val_00043751_with_ILSVRC2012_val_00035896_rank856,636,636,0.24955,0
ILSVRC2012_val_00043751_with_ILSVRC2012_val_00000743_rank734,556,516,0.45228,37
ILSVRC2012_val_00043751_with_ILSVRC2012_val_00024744_rank728,299,299,0.79404,0
ILSVRC2012_val_00043751_with_ILSVRC2012_val_00039043_rank473,109,109,0.29316,0
ILSVRC2012_val_00043751_with_ILSVRC2012_val_00023286_rank629,614,614,0.75802,0
ILSVRC2012_val_00043751_with_ILSVRC2012_val_00047920_rank486,106,106,0.95413,0
ILSVRC2012_val_00043751_with_ILSVRC2012_val_00004470_rank925,972,519,0.38963,709
ILSVRC2012_val_00043751_with_ILSVRC2012_val_00030405_rank306,76,119,0.13055,26
ILSVRC2012_val_00043751_with_ILSVRC2012_val_00033268_rank705,195,195,0.87786,0
ILSVRC2012_val_00043751_with_ILSVRC2012_val_00031302_rank515,171,171,0.76082,0
ILSVRC2012_val_00043751_with_ILSVRC2012_val_00038979_rank914,891,891,0.98507,0
ILSVRC2012_val_00043751_with_ILSVRC2012_val_00002297_rank293,212,212,0.94427,0
ILSVRC2012_val_00043751_with_ILSVRC2012_val_00022704_rank615,618,618,0.47908,0
ILSVRC2012_val_00043751_with_ILSVRC2012_val_00014684_rank135,522,522,0.9383,0
ILSVRC2012_val_00043751_with_ILSVRC2012_val_00012162_rank593,919,519,0.44605,177
ILSVRC2012_val_00043751_with_ILSVRC2012_val_00046836_rank212,228,228,0.25862,0
ILSVRC2012_val_00043751_with_ILSVRC2012_val_00033219_rank591,28,28,0.95906,0
ILSVRC2012_val_00043751_with_ILSVRC2012_val_00034587_rank196,57,57,0.94671,0
ILSVRC2012_val_00043751_with_ILSVRC2012_val_00002901_rank077,128,128,0.88757,0
ILSVRC2012_val_00043751_with_ILSVRC2012_val_00029396_rank211,671,519,0.10878,115
ILSVRC2012_val_00043751_with_ILSVRC2012_val_00025542_rank455,388,388,0.98641,0
ILSVRC2012_val_00043751_with_ILSVRC2012_val_00033830_rank658,651,651,0.1852,0
ILSVRC2012_val_00043751_with_ILSVRC2012_val_00014963_rank293,212,212,0.80095,0
ILSVRC2012_val_00043751_with_ILSVRC2012_val_00030164_rank616,873,873,0.51029,0
ILSVRC2012_val_00043751_with_ILSVRC2012_val_00023924_rank292,280,280,0.63648,0
ILSVRC2012_val_00043751_with_ILSVRC2012_val_00007577_rank647,706,519,0.33204,338
ILSVRC2012_val_00043751_with_ILSVRC2012_val_00045250_rank537,252,252,0.44102,0
ILSVRC2012_val_00043751_with_ILSVRC2012_val_00001114_rank002,8,8,0.91656,0
ILSVRC2012_val_00043751_with_ILSVRC2012_val_00022307_rank993,592,592,0.96394,0
ILSVRC2012_val_00043751_with_ILSVRC2012_val_00017419_rank782,736,519,0.3675,156
ILSVRC2012_val_00043751_with_ILSVRC2012_val_00002027_rank686,318,318,0.97231,0
ILSVRC2012_val_00043751_with_ILSVRC2012_val_00048663_rank477,223,223,0.184,0
ILSVRC2012_val_00043751_with_ILSVRC2012_val_00031662_rank426,959,959,0.69939,0
ILSVRC2012_val_00043751_with_ILSVRC2012_val_00004256_rank019,83,83,0.97816,0
ILSVRC2012_val_00043751_with_ILSVRC2012_val_00013770_rank994,826,826,0.89754,0
ILSVRC2012_val_00043751_with_ILSVRC2012_val_00041056_rank086,332,283,0.81784,1
ILSVRC2012_val_00043751_with_ILSVRC2012_val_00038260_rank309,704,704,0.98576,0
ILSVRC2012_val_00043751_with_ILSVRC2012_val_00045785_rank245,16,16,0.96928,0
ILSVRC2012_val_00043751_with_ILSVRC2012_val_00011181_rank790,307,307,0.85758,0
ILSVRC2012_val_00043751_with_ILSVRC2012_val_00046248_rank324,113,113,0.9422,0
ILSVRC2012_val_00043751_with_ILSVRC2012_val_00025158_rank199,952,952,0.65325,0
ILSVRC2012_val_00043751_with_ILSVRC2012_val_00012175_rank734,556,463,0.82541,473
ILSVRC2012_val_00043751_with_ILSVRC2012_val_00016345_rank498,630,788,0.82882,7
ILSVRC2012_val_00043751_with_ILSVRC2012_val_00004243_rank072,11,11,0.963,0
ILSVRC2012_val_00043751_with_ILSVRC2012_val_00040171_rank573,842,463,0.21921,54
ILSVRC2012_val_00043751_with_ILSVRC2012_val_00015400_rank589,956,956,0.97257,0
ILSVRC2012_val_00043751_with_ILSVRC2012_val_00017907_rank844,586,586,0.31367,0
ILSVRC2012_val_00043751_with_ILSVRC2012_val_00037452_rank771,450,450,0.72916,0
ILSVRC2012_val_00043751_with_ILSVRC2012_val_00005898_rank093,155,153,0.55049,3
ILSVRC2012_val_00043751_with_ILSVRC2012_val_00034658_rank820,786,526,0.5262,2
ILSVRC2012_val_00043751_with_ILSVRC2012_val_00014927_rank117,46,46,0.40793,0
ILSVRC2012_val_00043751_with_ILSVRC2012_val_00019569_rank255,308,309,0.24804,1
ILSVRC2012_val_00043751_with_ILSVRC2012_val_00004273_rank205,961,850,0.34585,123
ILSVRC2012_val_00043751_with_ILSVRC2012_val_00048486_rank394,239,240,0.27753,2
ILSVRC2012_val_00043751_with_ILSVRC2012_val_00039918_rank164,123,519,0.43321,724
ILSVRC2012_val_00043751_with_ILSVRC2012_val_00002223_rank217,640,640,0.97352,0
ILSVRC2012_val_00043751_with_ILSVRC2012_val_00016454_rank524,738,738,0.84043,0
ILSVRC2012_val_00043751_with_ILSVRC2012_val_00028804_rank721,793,728,0.1862,10
ILSVRC2012_val_00043751_with_ILSVRC2012_val_00024421_rank488,922,922,0.82927,0
ILSVRC2012_val_00043751_with_ILSVRC2012_val_00001191_rank499,207,207,0.69961,0
ILSVRC2012_val_00043751_with_ILSVRC2012_val_00004514_rank123,985,985,0.78858,0
ILSVRC2012_val_00043751_with_ILSVRC2012_val_00041099_rank573,842,842,0.08751,0
ILSVRC2012_val_00043751_with_ILSVRC2012_val_00014664_rank961,70,519,0.36796,597
ILSVRC2012_val_00043751_with_ILSVRC2012_val_00032473_rank012,88,88,0.97456,0
ILSVRC2012_val_00043751_with_ILSVRC2012_val_00049657_rank131,124,124,0.0735,0
ILSVRC2012_val_00043751_with_ILSVRC2012_val_00041074_rank617,492,519,0.60975,2
ILSVRC2012_val_00043751_with_ILSVRC2012_val_00022832_rank912,356,356,0.88209,0
ILSVRC2012_val_00043751_with_ILSVRC2012_val_00007590_rank162,749,519,0.23153,449
ILSVRC2012_val_00043751_with_ILSVRC2012_val_00033059_rank004,84,84,0.9901,0
ILSVRC2012_val_00043751_with_ILSVRC2012_val_00027143_rank723,846,619,0.53411,1
ILSVRC2012_val_00043751_with_ILSVRC2012_val_00012355_rank185,266,266,0.46775,0
ILSVRC2012_val_00043751_with_ILSVRC2012_val_00011092_rank350,359,359,0.37927,0
ILSVRC2012_val_00043751_with_ILSVRC2012_val_00001624_rank396,257,257,0.26884,0
ILSVRC2012_val_00043751_with_ILSVRC2012_val_00033251_rank783,405,405,0.93914,0
ILSVRC2012_val_00043751_with_ILSVRC2012_val_00014384_rank604,940,940,0.95835,0
ILSVRC2012_val_00043751_with_ILSVRC2012_val_00013397_rank554,59,59,0.77972,0
ILSVRC2012_val_00043751_with_ILSVRC2012_val_00034737_rank260,182,182,0.95056,0
ILSVRC2012_val_00043751_with_ILSVRC2012_val_00019142_rank421,699,716,0.40477,381
ILSVRC2012_val_00043751_with_ILSVRC2012_val_00040023_rank869,662,519,0.29162,390
ILSVRC2012_val_00043751_with_ILSVRC2012_val_00034366_rank342,944,944,0.89298,0
ILSVRC2012_val_00043751_with_ILSVRC2012_val_00033935_rank813,973,519,0.19267,499
ILSVRC2012_val_00043751_with_ILSVRC2012_val_00004548_rank057,217,519,0.10698,550
ILSVRC2012_val_00043751_with_ILSVRC2012_val_00038086_rank656,417,417,0.66503,0
ILSVRC2012_val_00043751_with_ILSVRC2012_val_00039940_rank285,600,600,0.2106,0
ILSVRC2012_val_00043751_with_ILSVRC2012_val_00042174_rank417,495,519,0.4346,112
ILSVRC2012_val_00043751_with_ILSVRC2012_val_00042661_rank764,101,386,0.72086,2
ILSVRC2012_val_00043751_with_ILSVRC2012_val_00032487_rank954,507,507,0.96735,0
ILSVRC2012_val_00043751_with_ILSVRC2012_val_00044855_rank947,31,519,0.30355,853
ILSVRC2012_val_00043751_with_ILSVRC2012_val_00048818_rank069,244,244,0.954,0
ILSVRC2012_val_00043751_with_ILSVRC2012_val_00016163_rank716,688,688,0.98166,0
ILSVRC2012_val_00043751_with_ILSVRC2012_val_00015787_rank848,701,519,0.57584,831
ILSVRC2012_val_00043751_with_ILSVRC2012_val_00012144_rank617,492,519,0.84803,2
ILSVRC2012_val_00043751_with_ILSVRC2012_val_00013971_rank140,211,273,0.26278,66
ILSVRC2012_val_00043751_with_ILSVRC2012_val_00015394_rank663,466,466,0.46185,0
ILSVRC2012_val_00043751_with_ILSVRC2012_val_00023208_rank674,148,148,0.96266,0
ILSVRC2012_val_00043751_with_ILSVRC2012_val_00043694_rank273,60,58,0.1609,9
ILSVRC2012_val_00043751_with_ILSVRC2012_val_00049020_rank610,107,971,0.25867,27
ILSVRC2012_val_00043751_with_ILSVRC2012_val_00009974_rank025,96,96,0.53219,0
ILSVRC2012_val_00043751_with_ILSVRC2012_val_00046150_rank210,357,357,0.85118,0
ILSVRC2012_val_00043751_with_ILSVRC2012_val_00044882_rank250,268,104,0.33906,76
ILSVRC2012_val_00043751_with_ILSVRC2012_val_00029109_rank189,310,758,0.44173,355
ILSVRC2012_val_00043751_with_ILSVRC2012_val_00001475_rank182,45,45,0.96366,0
ILSVRC2012_val_00043751_with_ILSVRC2012_val_00044808_rank635,419,738,0.09927,537
ILSVRC2012_val_00043751_with_ILSVRC2012_val_00027716_rank167,845,845,0.82208,0
ILSVRC2012_val_00043751_with_ILSVRC2012_val_00043134_rank237,304,304,0.66519,0
ILSVRC2012_val_00043751_with_ILSVRC2012_val_00037459_rank738,181,181,0.97194,0
ILSVRC2012_val_00043751_with_ILSVRC2012_val_00023834_rank156,314,849,0.12707,190
ILSVRC2012_val_00043751_with_ILSVRC2012_val_00031526_rank921,409,409,0.75271,0
ILSVRC2012_val_00043751_with_ILSVRC2012_val_00028009_rank382,235,235,0.30318,0
ILSVRC2012_val_00043751_with_ILSVRC2012_val_00047622_rank105,104,104,0.966,0
ILSVRC2012_val_00043751_with_ILSVRC2012_val_00049096_rank976,968,868,0.03504,26
ILSVRC2012_val_00043751_with_ILSVRC2012_val_00032894_rank908,717,717,0.62719,0
ILSVRC2012_val_00043751_with_ILSVRC2012_val_00018250_rank021,18,18,0.98401,0
ILSVRC2012_val_00043751_with_ILSVRC2012_val_00044396_rank899,521,521,0.94219,0
ILSVRC2012_val_00043751_with_ILSVRC2012_val_00049758_rank950,748,748,0.14956,0
ILSVRC2012_val_00043751_with_ILSVRC2012_val_00029805_rank873,755,755,0.93722,0
ILSVRC2012_val_00043751_with_ILSVRC2012_val_00021920_rank158,293,293,0.64723,0
ILSVRC2012_val_00043751_with_ILSVRC2012_val_00018562_rank783,405,519,0.24846,334
ILSVRC2012_val_00043751_with_ILSVRC2012_val_00012060_rank791,263,263,0.70613,0
ILSVRC2012_val_00043751_with_ILSVRC2012_val_00027995_rank210,357,674,0.09783,37
ILSVRC2012_val_00043751_with_ILSVRC2012_val_00039213_rank471,404,404,0.76957,0
ILSVRC2012_val_00043751_with_ILSVRC2012_val_00024872_rank094,981,519,0.24063,334
ILSVRC2012_val_00043751_with_ILSVRC2012_val_00045632_rank834,920,920,0.31858,0
ILSVRC2012_val_00043751_with_ILSVRC2012_val_00010547_rank648,663,698,0.30616,1
ILSVRC2012_val_00043751_with_ILSVRC2012_val_00030624_rank537,252,25,0.37202,469
ILSVRC2012_val_00043751_with_ILSVRC2012_val_00004269_rank831,52,600,0.79525,193
ILSVRC2012_val_00043751_with_ILSVRC2012_val_00026757_rank151,381,381,0.93857,0
ILSVRC2012_val_00043751_with_ILSVRC2012_val_00004784_rank758,394,89,0.27811,243
ILSVRC2012_val_00043751_with_ILSVRC2012_val_00044785_rank824,757,757,0.79681,0
ILSVRC2012_val_00043751_with_ILSVRC2012_val_00026169_rank458,501,792,0.18118,62
ILSVRC2012_val_00043751_with_ILSVRC2012_val_00002651_rank884,398,398,0.41237,0
ILSVRC2012_val_00043751_with_ILSVRC2012_val_00036683_rank472,756,519,0.48918,51
ILSVRC2012_val_00043751_with_ILSVRC2012_val_00014367_rank216,118,119,0.07076,2
ILSVRC2012_val_00043751_with_ILSVRC2012_val_00037846_rank124,1,40,0.12786,186
ILSVRC2012_val_00043751_with_ILSVRC2012_val_00008712_rank068,387,387,0.98396,0
ILSVRC2012_val_00043751_with_ILSVRC2012_val_00027286_rank860,707,519,0.39838,199
ILSVRC2012_val_00043751_with_ILSVRC2012_val_00002679_rank196,57,57,0.52351,0
ILSVRC2012_val_00043751_with_ILSVRC2012_val_00028052_rank174,202,519,0.4785,287
ILSVRC2012_val_00043751_with_ILSVRC2012_val_00007338_rank361,792,896,0.49364,543
ILSVRC2012_val_00043751_with_ILSVRC2012_val_00022051_rank880,857,857,0.6149,0
ILSVRC2012_val_00043751_with_ILSVRC2012_val_00012271_rank850,105,105,0.77907,0
ILSVRC2012_val_00043751_with_ILSVRC2012_val_00012493_rank450,572,572,0.16253,0
ILSVRC2012_val_00043751_with_ILSVRC2012_val_00008677_rank296,825,519,0.42201,314
ILSVRC2012_val_00043751_with_ILSVRC2012_val_00012119_rank030,953,953,0.42272,0
ILSVRC2012_val_00043751_with_ILSVRC2012_val_00036518_rank977,659,659,0.97572,0
ILSVRC2012_val_00043751_with_ILSVRC2012_val_00008229_rank535,174,174,0.97548,0
ILSVRC2012_val_00043751_with_ILSVRC2012_val_00048138_rank767,566,566,0.97684,0
ILSVRC2012_val_00043751_with_ILSVRC2012_val_00028665_rank199,952,952,0.97517,0
ILSVRC2012_val_00043751_with_ILSVRC2012_val_00001218_rank035,21,7,0.12834,62
ILSVRC2012_val_00043751_with_ILSVRC2012_val_00045413_rank415,370,370,0.91054,0
ILSVRC2012_val_00043751_with_ILSVRC2012_val_00044644_rank125,160,160,0.97978,0
ILSVRC2012_val_00043751_with_ILSVRC2012_val_00012174_rank801,784,523,0.24257,85
ILSVRC2012_val_00043751_with_ILSVRC2012_val_00025167_rank535,174,174,0.64025,0
ILSVRC2012_val_00043751_with_ILSVRC2012_val_00012489_rank578,914,519,0.35218,858
ILSVRC2012_val_00043751_with_ILSVRC2012_val_00042424_rank982,678,18,0.22151,947
ILSVRC2012_val_00043751_with_ILSVRC2012_val_00011268_rank810,731,519,0.5944,174
ILSVRC2012_val_00043751_with_ILSVRC2012_val_00018856_rank379,430,430,0.95686,0
ILSVRC2012_val_00043751_with_ILSVRC2012_val_00030994_rank978,461,461,0.62286,0
ILSVRC2012_val_00043751_with_ILSVRC2012_val_00000077_rank246,159,159,0.81458,0
ILSVRC2012_val_00043751_with_ILSVRC2012_val_00016567_rank174,202,202,0.94653,0
ILSVRC2012_val_00043751_with_ILSVRC2012_val_00023189_rank976,968,797,0.54324,895
ILSVRC2012_val_00043751_with_ILSVRC2012_val_00042628_rank174,202,202,0.48049,0
ILSVRC2012_val_00043751_with_ILSVRC2012_val_00032526_rank784,681,620,0.09416,1
ILSVRC2012_val_00043751_with_ILSVRC2012_val_00008539_rank415,370,370,0.93499,0
ILSVRC2012_val_00043751_with_ILSVRC2012_val_00035036_rank887,250,250,0.27643,0
ILSVRC2012_val_00043751_with_ILSVRC2012_val_00049803_rank245,16,16,0.98716,0
ILSVRC2012_val_00043751_with_ILSVRC2012_val_00021035_rank235,276,276,0.95224,0
ILSVRC2012_val_00043751_with_ILSVRC2012_val_00046334_rank574,768,826,0.54129,67
ILSVRC2012_val_00043751_with_ILSVRC2012_val_00005986_rank752,546,546,0.07832,0
ILSVRC2012_val_00043751_with_ILSVRC2012_val_00039100_rank987,680,680,0.3117,0
ILSVRC2012_val_00043751_with_ILSVRC2012_val_00031468_rank742,886,886,0.60372,0
ILSVRC2012_val_00043751_with_ILSVRC2012_val_00027074_rank760,35,35,0.7508,0
ILSVRC2012_val_00043751_with_ILSVRC2012_val_00027559_rank116,145,145,0.90724,0
ILSVRC2012_val_00043751_with_ILSVRC2012_val_00020075_rank651,510,510,0.9754,0
ILSVRC2012_val_00043751_with_ILSVRC2012_val_00003485_rank313,200,200,0.8569,0
ILSVRC2012_val_00043751_with_ILSVRC2012_val_00045400_rank917,444,519,0.48376,143
ILSVRC2012_val_00043751_with_ILSVRC2012_val_00007077_rank026,138,138,0.96041,0
ILSVRC2012_val_00043751_with_ILSVRC2012_val_00022300_rank732,673,849,0.17526,117
ILSVRC2012_val_00043751_with_ILSVRC2012_val_00041681_rank788,727,19,0.04787,578
ILSVRC2012_val_00043751_with_ILSVRC2012_val_00022605_rank420,463,463,0.8508,0
ILSVRC2012_val_00043751_with_ILSVRC2012_val_00013387_rank619,256,256,0.89075,0
ILSVRC2012_val_00043751_with_ILSVRC2012_val_00016102_rank648,663,668,0.11728,5
ILSVRC2012_val_00043751_with_ILSVRC2012_val_00045169_rank378,478,519,0.10876,1
ILSVRC2012_val_00043751_with_ILSVRC2012_val_00026579_rank040,24,24,0.97754,0
ILSVRC2012_val_00043751_with_ILSVRC2012_val_00036913_rank518,162,167,0.44373,3
ILSVRC2012_val_00043751_with_ILSVRC2012_val_00035317_rank364,54,448,0.23555,553
ILSVRC2012_val_00043751_with_ILSVRC2012_val_00034951_rank248,196,196,0.56127,0
ILSVRC2012_val_00043751_with_ILSVRC2012_val_00049127_rank335,719,719,0.96859,0
ILSVRC2012_val_00043751_with_ILSVRC2012_val_00006969_rank018,127,127,0.95493,0
ILSVRC2012_val_00043751_with_ILSVRC2012_val_00028628_rank531,285,519,0.30937,498
ILSVRC2012_val_00043751_with_ILSVRC2012_val_00034184_rank515,171,171,0.95602,0
ILSVRC2012_val_00043751_with_ILSVRC2012_val_00029274_rank277,752,752,0.9299,0
ILSVRC2012_val_00043751_with_ILSVRC2012_val_00005243_rank075,334,334,0.98293,0
ILSVRC2012_val_00043751_with_ILSVRC2012_val_00042396_rank470,568,519,0.33673,340
ILSVRC2012_val_00043751_with_ILSVRC2012_val_00048393_rank042,102,102,0.96144,0
ILSVRC2012_val_00043751_with_ILSVRC2012_val_00031485_rank211,671,870,0.22614,11
ILSVRC2012_val_00043751_with_ILSVRC2012_val_00028456_rank300,735,735,0.25471,0
ILSVRC2012_val_00043751_with_ILSVRC2012_val_00033071_rank720,438,519,0.31621,982
ILSVRC2012_val_00043751_with_ILSVRC2012_val_00041028_rank013,91,91,0.98009,0
ILSVRC2012_val_00043751_with_ILSVRC2012_val_00006845_rank662,539,519,0.5337,12
ILSVRC2012_val_00043751_with_ILSVRC2012_val_00029853_rank335,719,719,0.94518,0
ILSVRC2012_val_00043751_with_ILSVRC2012_val_00022783_rank399,440,440,0.87519,0
ILSVRC2012_val_00043751_with_ILSVRC2012_val_00001287_rank875,543,519,0.43816,819
ILSVRC2012_val_00043751_with_ILSVRC2012_val_00045133_rank134,4,151,0.08771,514
ILSVRC2012_val_00043751_with_ILSVRC2012_val_00011541_rank067,42,42,0.97988,0
ILSVRC2012_val_00043751_with_ILSVRC2012_val_00042128_rank022,100,100,0.98705,0
ILSVRC2012_val_00043751_with_ILSVRC2012_val_00041029_rank803,147,34,0.4567,3
ILSVRC2012_val_00043751_with_ILSVRC2012_val_00026372_rank286,938,938,0.97635,0
ILSVRC2012_val_00043751_with_ILSVRC2012_val_00010964_rank141,984,519,0.42815,477
ILSVRC2012_val_00043751_with_ILSVRC2012_val_00047643_rank580,312,312,0.50982,0
ILSVRC2012_val_00043751_with_ILSVRC2012_val_00004164_rank431,75,618,0.04174,360
ILSVRC2012_val_00043751_with_ILSVRC2012_val_00021236_rank383,50,50,0.83351,0
ILSVRC2012_val_00043751_with_ILSVRC2012_val_00038326_rank160,230,162,0.75325,14
ILSVRC2012_val_00043751_with_ILSVRC2012_val_00006221_rank031,81,81,0.95549,0
ILSVRC2012_val_00043751_with_ILSVRC2012_val_00044752_rank755,892,409,0.3632,1
ILSVRC2012_val_00043751_with_ILSVRC2012_val_00005270_rank257,578,699,0.1112,875
ILSVRC2012_val_00043751_with_ILSVRC2012_val_00001077_rank992,464,787,0.74286,17
ILSVRC2012_val_00043751_with_ILSVRC2012_val_00021697_rank119,186,186,0.88971,0
ILSVRC2012_val_00043751_with_ILSVRC2012_val_00012799_rank834,920,519,0.73336,666
ILSVRC2012_val_00043751_with_ILSVRC2012_val_00013948_rank945,794,854,0.40805,4
ILSVRC2012_val_00043751_with_ILSVRC2012_val_00029325_rank238,302,306,0.3658,7
ILSVRC2012_val_00043751_with_ILSVRC2012_val_00037782_rank736,942,942,0.96907,0
ILSVRC2012_val_00043751_with_ILSVRC2012_val_00011217_rank634,403,519,0.19246,135
ILSVRC2012_val_00043751_with_ILSVRC2012_val_00017201_rank644,458,458,0.93055,0
ILSVRC2012_val_00043751_with_ILSVRC2012_val_00015200_rank715,656,436,0.20476,1
ILSVRC2012_val_00043751_with_ILSVRC2012_val_00042963_rank512,927,927,0.93164,0
ILSVRC2012_val_00043751_with_ILSVRC2012_val_00023875_rank576,483,519,0.36099,358
ILSVRC2012_val_00043751_with_ILSVRC2012_val_00030735_rank874,549,398,0.17521,78
ILSVRC2012_val_00043751_with_ILSVRC2012_val_00015888_rank143,274,274,0.96423,0
ILSVRC2012_val_00043751_with_ILSVRC2012_val_00023309_rank553,787,566,0.10798,32
ILSVRC2012_val_00043751_with_ILSVRC2012_val_00040294_rank914,891,448,0.13537,968
ILSVRC2012_val_00043751_with_ILSVRC2012_val_00048940_rank920,296,279,0.38138,3
ILSVRC2012_val_00043751_with_ILSVRC2012_val_00047686_rank833,800,800,0.72048,0
ILSVRC2012_val_00043751_with_ILSVRC2012_val_00020998_rank357,499,519,0.56527,273
ILSVRC2012_val_00043751_with_ILSVRC2012_val_00002001_rank162,749,749,0.93867,0
ILSVRC2012_val_00043751_with_ILSVRC2012_val_00018259_rank982,678,703,0.10969,136
ILSVRC2012_val_00043751_with_ILSVRC2012_val_00018841_rank876,604,604,0.96259,0
ILSVRC2012_val_00043751_with_ILSVRC2012_val_00020883_rank860,707,707,0.68404,0
ILSVRC2012_val_00043751_with_ILSVRC2012_val_00017101_rank944,691,674,0.07153,209
ILSVRC2012_val_00043751_with_ILSVRC2012_val_00019034_rank371,20,20,0.89919,0
ILSVRC2012_val_00043751_with_ILSVRC2012_val_00015247_rank900,631,631,0.36851,0
ILSVRC2012_val_00043751_with_ILSVRC2012_val_00021132_rank750,689,689,0.09212,0
ILSVRC2012_val_00043751_with_ILSVRC2012_val_00003781_rank166,336,336,0.97904,0
ILSVRC2012_val_00043751_with_ILSVRC2012_val_00047471_rank922,465,519,0.27436,106
ILSVRC2012_val_00043751_with_ILSVRC2012_val_00040112_rank092,643,519,0.31816,568
ILSVRC2012_val_00043751_with_ILSVRC2012_val_00024327_rank770,0,519,0.84346,734
ILSVRC2012_val_00043751_with_ILSVRC2012_val_00008412_rank979,700,700,0.63016,0
ILSVRC2012_val_00043751_with_ILSVRC2012_val_00002992_rank752,546,546,0.5804,0
ILSVRC2012_val_00043751_with_ILSVRC2012_val_00015604_rank851,754,754,0.30592,0
ILSVRC2012_val_00043751_with_ILSVRC2012_val_00012414_rank075,334,334,0.97144,0
ILSVRC2012_val_00043751_with_ILSVRC2012_val_00007151_rank084,375,375,0.96534,0
ILSVRC2012_val_00043751_with_ILSVRC2012_val_00020808_rank559,652,652,0.91126,0
ILSVRC2012_val_00043751_with_ILSVRC2012_val_00020729_rank861,771,771,0.77164,0
ILSVRC2012_val_00043751_with_ILSVRC2012_val_00037498_rank595,560,560,0.99107,0
ILSVRC2012_val_00043751_with_ILSVRC2012_val_00001386_rank912,356,48,0.23518,639
ILSVRC2012_val_00043751_with_ILSVRC2012_val_00047282_rank605,661,661,0.6065,0
ILSVRC2012_val_00043751_with_ILSVRC2012_val_00028415_rank104,396,396,0.74399,0
ILSVRC2012_val_00043751_with_ILSVRC2012_val_00034453_rank232,913,913,0.5765,0
ILSVRC2012_val_00043751_with_ILSVRC2012_val_00033497_rank225,945,945,0.87327,0
ILSVRC2012_val_00043751_with_ILSVRC2012_val_00034238_rank498,630,665,0.12253,252
ILSVRC2012_val_00043751_with_ILSVRC2012_val_00013143_rank794,488,519,0.07153,623
ILSVRC2012_val_00043751_with_ILSVRC2012_val_00000476_rank021,18,18,0.85082,0
ILSVRC2012_val_00043751_with_ILSVRC2012_val_00002380_rank512,927,927,0.9518,0
ILSVRC2012_val_00043751_with_ILSVRC2012_val_00049238_rank420,463,463,0.66084,0
ILSVRC2012_val_00043751_with_ILSVRC2012_val_00018781_rank807,742,811,0.9259,26
ILSVRC2012_val_00043751_with_ILSVRC2012_val_00040715_rank623,571,626,0.13705,203
ILSVRC2012_val_00043751_with_ILSVRC2012_val_00023900_rank319,612,612,0.98648,0
ILSVRC2012_val_00043751_with_ILSVRC2012_val_00016713_rank375,273,273,0.94184,0
ILSVRC2012_val_00043751_with_ILSVRC2012_val_00028967_rank662,539,539,0.96626,0
ILSVRC2012_val_00043751_with_ILSVRC2012_val_00032497_rank617,492,492,0.74917,0
ILSVRC2012_val_00043751_with_ILSVRC2012_val_00031293_rank519,344,344,0.97391,0
ILSVRC2012_val_00043751_with_ILSVRC2012_val_00044896_rank187,2,728,0.26595,646
ILSVRC2012_val_00043751_with_ILSVRC2012_val_00007360_rank334,150,150,0.38884,0
ILSVRC2012_val_00043751_with_ILSVRC2012_val_00005345_rank550,734,734,0.87946,0
ILSVRC2012_val_00043751_with_ILSVRC2012_val_00002115_rank954,507,507,0.8842,0
ILSVRC2012_val_00043751_with_ILSVRC2012_val_00040233_rank850,105,105,0.85189,0
ILSVRC2012_val_00043751_with_ILSVRC2012_val_00043703_rank747,666,673,0.23283,425
ILSVRC2012_val_00043751_with_ILSVRC2012_val_00016273_rank146,327,616,0.42617,22
ILSVRC2012_val_00043751_with_ILSVRC2012_val_00044516_rank720,438,438,0.93015,0
ILSVRC2012_val_00043751_with_ILSVRC2012_val_00048958_rank835,859,859,0.97938,0
ILSVRC2012_val_00043751_with_ILSVRC2012_val_00031985_rank594,796,796,0.92192,0
ILSVRC2012_val_00043751_with_ILSVRC2012_val_00006666_rank508,269,269,0.72479,0
ILSVRC2012_val_00043751_with_ILSVRC2012_val_00009155_rank701,898,519,0.27438,333
ILSVRC2012_val_00043751_with_ILSVRC2012_val_00030233_rank386,379,379,0.77809,0
ILSVRC2012_val_00043751_with_ILSVRC2012_val_00013659_rank763,874,654,0.19962,5
ILSVRC2012_val_00043751_with_ILSVRC2012_val_00040443_rank987,680,519,0.41421,841
ILSVRC2012_val_00043751_with_ILSVRC2012_val_00013665_rank889,590,590,0.61564,0
ILSVRC2012_val_00043751_with_ILSVRC2012_val_00013122_rank420,463,519,0.72829,84
ILSVRC2012_val_00043751_with_ILSVRC2012_val_00025186_rank963,470,134,0.23695,926
ILSVRC2012_val_00043751_with_ILSVRC2012_val_00003106_rank907,781,519,0.82248,95
ILSVRC2012_val_00043751_with_ILSVRC2012_val_00004333_rank053,350,350,0.8706,0
ILSVRC2012_val_00043751_with_ILSVRC2012_val_00017681_rank548,505,505,0.53628,0
ILSVRC2012_val_00043751_with_ILSVRC2012_val_00026801_rank881,602,519,0.71402,930
ILSVRC2012_val_00043751_with_ILSVRC2012_val_00048576_rank134,4,4,0.30769,0
ILSVRC2012_val_00043751_with_ILSVRC2012_val_00016084_rank350,359,359,0.51144,0
ILSVRC2012_val_00043751_with_ILSVRC2012_val_00028812_rank468,51,519,0.15664,826
ILSVRC2012_val_00043751_with_ILSVRC2012_val_00022256_rank784,681,681,0.54511,0
ILSVRC2012_val_00043751_with_ILSVRC2012_val_00024433_rank634,403,403,0.96912,0
ILSVRC2012_val_00043751_with_ILSVRC2012_val_00005244_rank676,26,82,0.41871,261
ILSVRC2012_val_00043751_with_ILSVRC2012_val_00041490_rank715,656,519,0.70144,205
ILSVRC2012_val_00043751_with_ILSVRC2012_val_00044364_rank235,276,276,0.9262,0
ILSVRC2012_val_00043751_with_ILSVRC2012_val_00046753_rank896,168,168,0.67735,0
ILSVRC2012_val_00043751_with_ILSVRC2012_val_00010372_rank385,237,237,0.94213,0
ILSVRC2012_val_00043751_with_ILSVRC2012_val_00020356_rank653,41,41,0.86246,0
ILSVRC2012_val_00043751_with_ILSVRC2012_val_00018861_rank683,705,547,0.22818,1
ILSVRC2012_val_00043751_with_ILSVRC2012_val_00004464_rank104,396,396,0.96916,0
ILSVRC2012_val_00043751_with_ILSVRC2012_val_00038562_rank975,647,647,0.44945,0
ILSVRC2012_val_00043751_with_ILSVRC2012_val_00023560_rank268,112,112,0.92408,0
ILSVRC2012_val_00043751_with_ILSVRC2012_val_00010078_rank868,386,349,0.15276,13
ILSVRC2012_val_00043751_with_ILSVRC2012_val_00001855_rank827,559,559,0.30112,0
ILSVRC2012_val_00043751_with_ILSVRC2012_val_00003361_rank038,139,139,0.96704,0
ILSVRC2012_val_00043751_with_ILSVRC2012_val_00006561_rank848,701,701,0.91937,0
ILSVRC2012_val_00043751_with_ILSVRC2012_val_00043188_rank290,595,519,0.35671,85
ILSVRC2012_val_00043751_with_ILSVRC2012_val_00007101_rank115,665,665,0.21392,0
ILSVRC2012_val_00043751_with_ILSVRC2012_val_00046768_rank930,249,249,0.6399,0
ILSVRC2012_val_00043751_with_ILSVRC2012_val_00024478_rank799,714,714,0.9683,0
ILSVRC2012_val_00043751_with_ILSVRC2012_val_00038705_rank983,177,246,0.39009,26
ILSVRC2012_val_00043751_with_ILSVRC2012_val_00025502_rank520,935,935,0.81811,0
ILSVRC2012_val_00043751_with_ILSVRC2012_val_00040105_rank125,160,160,0.95443,0
ILSVRC2012_val_00043751_with_ILSVRC2012_val_00029907_rank301,628,519,0.29605,421
ILSVRC2012_val_00043751_with_ILSVRC2012_val_00003963_rank087,292,292,0.7006,0
ILSVRC2012_val_00043751_with_ILSVRC2012_val_00030214_rank854,710,637,0.21226,67
ILSVRC2012_val_00043751_with_ILSVRC2012_val_00042207_rank492,497,519,0.1668,688
ILSVRC2012_val_00043751_with_ILSVRC2012_val_00015736_rank962,732,732,0.97715,0
ILSVRC2012_val_00043751_with_ILSVRC2012_val_00019564_rank949,69,69,0.09141,0
ILSVRC2012_val_00043751_with_ILSVRC2012_val_00037007_rank335,719,719,0.96717,0
ILSVRC2012_val_00043751_with_ILSVRC2012_val_00036206_rank516,739,739,0.92084,0
ILSVRC2012_val_00043751_with_ILSVRC2012_val_00043629_rank370,164,164,0.75649,0
ILSVRC2012_val_00043751_with_ILSVRC2012_val_00023041_rank279,331,331,0.59101,0
ILSVRC2012_val_00043751_with_ILSVRC2012_val_00017353_rank829,371,382,0.6022,5
ILSVRC2012_val_00043751_with_ILSVRC2012_val_00010146_rank475,648,648,0.95034,0
ILSVRC2012_val_00043751_with_ILSVRC2012_val_00005316_rank695,924,813,0.52159,95
ILSVRC2012_val_00043751_with_ILSVRC2012_val_00005957_rank047,994,994,0.91908,0
ILSVRC2012_val_00043751_with_ILSVRC2012_val_00033335_rank150,382,382,0.80459,0
ILSVRC2012_val_00043751_with_ILSVRC2012_val_00011692_rank209,737,519,0.82073,37
ILSVRC2012_val_00043751_with_ILSVRC2012_val_00033272_rank201,728,519,0.22731,23
ILSVRC2012_val_00043751_with_ILSVRC2012_val_00045335_rank486,106,106,0.9787,0
ILSVRC2012_val_00043751_with_ILSVRC2012_val_00030821_rank393,850,519,0.52565,240
ILSVRC2012_val_00043751_with_ILSVRC2012_val_00023593_rank849,895,895,0.36699,0
ILSVRC2012_val_00043751_with_ILSVRC2012_val_00023940_rank377,313,313,0.71366,0
ILSVRC2012_val_00043751_with_ILSVRC2012_val_00046273_rank370,164,164,0.32329,0
ILSVRC2012_val_00043751_with_ILSVRC2012_val_00011951_rank312,491,491,0.94096,0
ILSVRC2012_val_00043751_with_ILSVRC2012_val_00043706_rank611,702,519,0.53982,939
ILSVRC2012_val_00043751_with_ILSVRC2012_val_00049050_rank282,423,423,0.91126,0
ILSVRC2012_val_00043751_with_ILSVRC2012_val_00014363_rank503,287,287,0.95378,0
ILSVRC2012_val_00043751_with_ILSVRC2012_val_00017768_rank974,902,419,0.55028,37
ILSVRC2012_val_00043751_with_ILSVRC2012_val_00040055_rank640,206,206,0.86497,0
ILSVRC2012_val_00043751_with_ILSVRC2012_val_00017964_rank050,187,187,0.67773,0
ILSVRC2012_val_00043751_with_ILSVRC2012_val_00035797_rank238,302,302,0.76978,0
ILSVRC2012_val_00043751_with_ILSVRC2012_val_00027165_rank173,231,231,0.81191,0
ILSVRC2012_val_00043751_with_ILSVRC2012_val_00010263_rank734,556,637,0.1249,203
ILSVRC2012_val_00043751_with_ILSVRC2012_val_00030940_rank129,131,131,0.94256,0
ILSVRC2012_val_00043751_with_ILSVRC2012_val_00012025_rank940,432,519,0.18401,809
ILSVRC2012_val_00043751_with_ILSVRC2012_val_00038447_rank890,574,574,0.96485,0
ILSVRC2012_val_00043751_with_ILSVRC2012_val_00049192_rank743,443,765,0.43108,95
ILSVRC2012_val_00043751_with_ILSVRC2012_val_00046245_rank950,748,637,0.14671,69
ILSVRC2012_val_00043751_with_ILSVRC2012_val_00015300_rank332,805,805,0.95298,0
ILSVRC2012_val_00043751_with_ILSVRC2012_val_00042395_rank588,930,519,0.08278,210
ILSVRC2012_val_00043751_with_ILSVRC2012_val_00018100_rank571,575,575,0.35895,0
ILSVRC2012_val_00043751_with_ILSVRC2012_val_00010676_rank938,511,436,0.29153,2
ILSVRC2012_val_00043751_with_ILSVRC2012_val_00007356_rank894,189,189,0.83862,0
ILSVRC2012_val_00043751_with_ILSVRC2012_val_00010781_rank878,494,94,0.27862,47
ILSVRC2012_val_00043751_with_ILSVRC2012_val_00003700_rank415,370,370,0.93384,0
ILSVRC2012_val_00043751_with_ILSVRC2012_val_00041700_rank304,234,234,0.9345,0
ILSVRC2012_val_00043751_with_ILSVRC2012_val_00015030_rank508,269,269,0.61217,0
ILSVRC2012_val_00043751_with_ILSVRC2012_val_00019887_rank525,471,471,0.60508,0
ILSVRC2012_val_00043751_with_ILSVRC2012_val_00013576_rank170,723,723,0.95907,0
ILSVRC2012_val_00043751_with_ILSVRC2012_val_00016217_rank571,575,575,0.97879,0
ILSVRC2012_val_00043751_with_ILSVRC2012_val_00022370_rank493,400,667,0.60045,1
ILSVRC2012_val_00043751_with_ILSVRC2012_val_00011751_rank120,157,157,0.96776,0
ILSVRC2012_val_00043751_with_ILSVRC2012_val_00008908_rank400,696,696,0.95474,0
ILSVRC2012_val_00043751_with_ILSVRC2012_val_00000692_rank194,306,306,0.97559,0
ILSVRC2012_val_00043751_with_ILSVRC2012_val_00003637_rank843,685,426,0.18168,3
ILSVRC2012_val_00043751_with_ILSVRC2012_val_00037177_rank610,107,861,0.08786,380
ILSVRC2012_val_00043751_with_ILSVRC2012_val_00049370_rank959,948,948,0.87858,0
ILSVRC2012_val_00043751_with_ILSVRC2012_val_00014088_rank775,827,738,0.06312,127
ILSVRC2012_val_00043751_with_ILSVRC2012_val_00044014_rank928,964,964,0.80968,0
ILSVRC2012_val_00043751_with_ILSVRC2012_val_00047324_rank402,176,176,0.95689,0
ILSVRC2012_val_00043751_with_ILSVRC2012_val_00019496_rank938,511,511,0.84779,0
ILSVRC2012_val_00043751_with_ILSVRC2012_val_00039700_rank552,264,264,0.94432,0
ILSVRC2012_val_00043751_with_ILSVRC2012_val_00048797_rank810,731,731,0.93555,0
ILSVRC2012_val_00043751_with_ILSVRC2012_val_00021206_rank409,184,184,0.94133,0
ILSVRC2012_val_00043751_with_ILSVRC2012_val_00024164_rank591,28,28,0.95541,0
ILSVRC2012_val_00043751_with_ILSVRC2012_val_00042610_rank238,302,302,0.80312,0
ILSVRC2012_val_00043751_with_ILSVRC2012_val_00025049_rank654,725,504,0.50373,8
ILSVRC2012_val_00043751_with_ILSVRC2012_val_00037569_rank001,7,7,0.7612,0
ILSVRC2012_val_00043751_with_ILSVRC2012_val_00008074_rank337,374,374,0.83,0
ILSVRC2012_val_00043751_with_ILSVRC2012_val_00039696_rank270,224,224,0.9025,0
ILSVRC2012_val_00043751_with_ILSVRC2012_val_00042878_rank116,145,519,0.14735,899
ILSVRC2012_val_00043751_with_ILSVRC2012_val_00011370_rank693,441,441,0.48083,0
ILSVRC2012_val_00043751_with_ILSVRC2012_val_00039834_rank177,951,951,0.9717,0
ILSVRC2012_val_00043751_with_ILSVRC2012_val_00033331_rank764,101,386,0.45747,2
ILSVRC2012_val_00043751_with_ILSVRC2012_val_00009570_rank841,158,158,0.84765,0
ILSVRC2012_val_00043751_with_ILSVRC2012_val_00037772_rank489,354,349,0.42377,5
ILSVRC2012_val_00043751_with_ILSVRC2012_val_00049142_rank460,862,519,0.36729,826
ILSVRC2012_val_00043751_with_ILSVRC2012_val_00004691_rank564,114,114,0.81789,0
ILSVRC2012_val_00043751_with_ILSVRC2012_val_00012131_rank397,954,954,0.89217,0
ILSVRC2012_val_00043751_with_ILSVRC2012_val_00048726_rank479,493,721,0.3797,82
ILSVRC2012_val_00043751_with_ILSVRC2012_val_00040400_rank295,219,219,0.78717,0
ILSVRC2012_val_00043751_with_ILSVRC2012_val_00020359_rank729,431,840,0.14379,123
ILSVRC2012_val_00043751_with_ILSVRC2012_val_00001014_rank176,324,324,0.97869,0
ILSVRC2012_val_00043751_with_ILSVRC2012_val_00045135_rank109,340,340,0.97702,0
ILSVRC2012_val_00043751_with_ILSVRC2012_val_00017144_rank397,954,954,0.62813,0
ILSVRC2012_val_00043751_with_ILSVRC2012_val_00029227_rank897,303,311,0.27576,5
ILSVRC2012_val_00043751_with_ILSVRC2012_val_00022095_rank006,82,82,0.22909,0
ILSVRC2012_val_00043751_with_ILSVRC2012_val_00036251_rank487,301,618,0.07305,597
ILSVRC2012_val_00043751_with_ILSVRC2012_val_00023541_rank155,179,179,0.35226,0
ILSVRC2012_val_00043751_with_ILSVRC2012_val_00041431_rank538,316,316,0.97407,0
ILSVRC2012_val_00043751_with_ILSVRC2012_val_00047479_rank537,252,519,0.27346,959
ILSVRC2012_val_00043751_with_ILSVRC2012_val_00028589_rank781,816,816,0.85364,0
ILSVRC2012_val_00043751_with_ILSVRC2012_val_00007366_rank174,202,202,0.25679,0
ILSVRC2012_val_00043751_with_ILSVRC2012_val_00001181_rank886,906,596,0.71773,441
ILSVRC2012_val_00043751_with_ILSVRC2012_val_00033360_rank671,311,39,0.20302,44
ILSVRC2012_val_00043751_with_ILSVRC2012_val_00012667_rank391,518,870,0.35988,53
ILSVRC2012_val_00043751_with_ILSVRC2012_val_00038186_rank294,291,213,0.42358,192
ILSVRC2012_val_00043751_with_ILSVRC2012_val_00015210_rank444,227,227,0.82098,0
ILSVRC2012_val_00043751_with_ILSVRC2012_val_00039639_rank374,888,888,0.29824,0
ILSVRC2012_val_00043751_with_ILSVRC2012_val_00040776_rank625,36,36,0.92681,0
ILSVRC2012_val_00043751_with_ILSVRC2012_val_00003918_rank970,795,13,0.70232,208
ILSVRC2012_val_00043751_with_ILSVRC2012_val_00004667_rank692,516,516,0.60473,0
ILSVRC2012_val_00043751_with_ILSVRC2012_val_00039058_rank042,102,102,0.97249,0
ILSVRC2012_val_00043751_with_ILSVRC2012_val_00046992_rank863,557,677,0.26328,274
ILSVRC2012_val_00043751_with_ILSVRC2012_val_00046989_rank508,269,269,0.57811,0
ILSVRC2012_val_00043751_with_ILSVRC2012_val_00028741_rank878,494,816,0.0368,34
ILSVRC2012_val_00043751_with_ILSVRC2012_val_00009447_rank476,962,962,0.59791,0
ILSVRC2012_val_00043751_with_ILSVRC2012_val_00038412_rank512,927,927,0.9796,0
ILSVRC2012_val_00043751_with_ILSVRC2012_val_00015719_rank114,141,141,0.16783,0
ILSVRC2012_val_00043751_with_ILSVRC2012_val_00002673_rank393,850,202,0.17882,70
ILSVRC2012_val_00043751_with_ILSVRC2012_val_00013173_rank278,154,154,0.84377,0
ILSVRC2012_val_00043751_with_ILSVRC2012_val_00025646_rank103,410,519,0.86891,4
ILSVRC2012_val_00043751_with_ILSVRC2012_val_00009758_rank823,532,428,0.1133,169
ILSVRC2012_val_00043751_with_ILSVRC2012_val_00028469_rank102,309,22,0.2451,227
ILSVRC2012_val_00043751_with_ILSVRC2012_val_00023484_rank551,751,751,0.86161,0
ILSVRC2012_val_00043751_with_ILSVRC2012_val_00019451_rank302,378,378,0.68499,0
ILSVRC2012_val_00043751_with_ILSVRC2012_val_00004783_rank680,523,523,0.56356,0
ILSVRC2012_val_00043751_with_ILSVRC2012_val_00041615_rank629,614,519,0.28064,814
ILSVRC2012_val_00043751_with_ILSVRC2012_val_00040500_rank867,893,893,0.24108,0
ILSVRC2012_val_00043751_with_ILSVRC2012_val_00003500_rank986,384,384,0.85265,0
ILSVRC2012_val_00043751_with_ILSVRC2012_val_00005526_rank943,841,519,0.18804,501
ILSVRC2012_val_00043751_with_ILSVRC2012_val_00047289_rank352,259,259,0.26747,0
ILSVRC2012_val_00043751_with_ILSVRC2012_val_00009514_rank873,755,755,0.91224,0
ILSVRC2012_val_00043751_with_ILSVRC2012_val_00007479_rank324,113,113,0.95076,0
ILSVRC2012_val_00043751_with_ILSVRC2012_val_00027214_rank366,439,439,0.36257,0
ILSVRC2012_val_00043751_with_ILSVRC2012_val_00040645_rank621,245,245,0.94578,0
ILSVRC2012_val_00043751_with_ILSVRC2012_val_00028225_rank947,31,31,0.74747,0
ILSVRC2012_val_00043751_with_ILSVRC2012_val_00016254_rank271,277,277,0.82145,0
ILSVRC2012_val_00043751_with_ILSVRC2012_val_00027645_rank308,933,933,0.94947,0
ILSVRC2012_val_00043751_with_ILSVRC2012_val_00018860_rank736,942,519,0.20746,84
ILSVRC2012_val_00043751_with_ILSVRC2012_val_00031135_rank382,235,235,0.30673,0
ILSVRC2012_val_00043751_with_ILSVRC2012_val_00020702_rank824,757,757,0.94254,0
ILSVRC2012_val_00043751_with_ILSVRC2012_val_00046755_rank025,96,96,0.97363,0
ILSVRC2012_val_00043751_with_ILSVRC2012_val_00036404_rank418,711,711,0.67083,0
ILSVRC2012_val_00043751_with_ILSVRC2012_val_00014156_rank319,612,612,0.20105,0
ILSVRC2012_val_00043751_with_ILSVRC2012_val_00015205_rank295,219,219,0.60037,0
ILSVRC2012_val_00043751_with_ILSVRC2012_val_00011042_rank190,342,342,0.63605,0
ILSVRC2012_val_00043751_with_ILSVRC2012_val_00049383_rank338,840,840,0.92466,0
ILSVRC2012_val_00043751_with_ILSVRC2012_val_00037761_rank330,413,413,0.28546,0
ILSVRC2012_val_00043751_with_ILSVRC2012_val_00015536_rank793,720,720,0.90216,0
ILSVRC2012_val_00043751_with_ILSVRC2012_val_00020180_rank636,30,46,0.43937,19
ILSVRC2012_val_00043751_with_ILSVRC2012_val_00042652_rank083,339,354,0.60829,2
ILSVRC2012_val_00043751_with_ILSVRC2012_val_00049344_rank280,163,519,0.5102,344
ILSVRC2012_val_00043751_with_ILSVRC2012_val_00013921_rank776,474,519,0.46821,426
ILSVRC2012_val_00043751_with_ILSVRC2012_val_00013488_rank954,507,674,0.39344,102
ILSVRC2012_val_00043751_with_ILSVRC2012_val_00042807_rank425,695,183,0.27593,853
ILSVRC2012_val_00043751_with_ILSVRC2012_val_00024033_rank097,690,519,0.15365,253
ILSVRC2012_val_00043751_with_ILSVRC2012_val_00049800_rank278,154,154,0.89457,0
ILSVRC2012_val_00043751_with_ILSVRC2012_val_00005601_rank014,130,130,0.97566,0
ILSVRC2012_val_00043751_with_ILSVRC2012_val_00013587_rank340,513,875,0.57458,2
ILSVRC2012_val_00043751_with_ILSVRC2012_val_00047957_rank900,631,448,0.09793,741
ILSVRC2012_val_00043751_with_ILSVRC2012_val_00045912_rank445,165,165,0.18723,0
ILSVRC2012_val_00043751_with_ILSVRC2012_val_00010384_rank604,940,940,0.45882,0
ILSVRC2012_val_00043751_with_ILSVRC2012_val_00047105_rank521,33,47,0.21327,70
ILSVRC2012_val_00043751_with_ILSVRC2012_val_00015893_rank077,128,128,0.64775,0
ILSVRC2012_val_00043751_with_ILSVRC2012_val_00042315_rank164,123,123,0.34576,0
ILSVRC2012_val_00043751_with_ILSVRC2012_val_00010916_rank418,711,711,0.66894,0
ILSVRC2012_val_00043751_with_ILSVRC2012_val_00001327_rank817,978,514,0.67168,550
ILSVRC2012_val_00043751_with_ILSVRC2012_val_00012380_rank619,256,256,0.81169,0
ILSVRC2012_val_00043751_with_ILSVRC2012_val_00009143_rank759,641,398,0.71637,27
ILSVRC2012_val_00043751_with_ILSVRC2012_val_00011464_rank642,932,932,0.54043,0
ILSVRC2012_val_00043751_with_ILSVRC2012_val_00004358_rank313,200,200,0.79441,0
ILSVRC2012_val_00043751_with_ILSVRC2012_val_00010087_rank402,176,273,0.1183,29
ILSVRC2012_val_00043751_with_ILSVRC2012_val_00017179_rank208,427,427,0.84265,0
ILSVRC2012_val_00043751_with_ILSVRC2012_val_00023060_rank736,942,942,0.68344,0
ILSVRC2012_val_00043751_with_ILSVRC2012_val_00030247_rank186,941,941,0.75063,0
ILSVRC2012_val_00043751_with_ILSVRC2012_val_00020255_rank548,505,505,0.7264,0
ILSVRC2012_val_00043751_with_ILSVRC2012_val_00038742_rank591,28,28,0.6546,0
ILSVRC2012_val_00043751_with_ILSVRC2012_val_00014773_rank941,284,284,0.94063,0
ILSVRC2012_val_00043751_with_ILSVRC2012_val_00041044_rank329,487,519,0.0868,993
ILSVRC2012_val_00043751_with_ILSVRC2012_val_00023483_rank268,112,112,0.92969,0
ILSVRC2012_val_00043751_with_ILSVRC2012_val_00046881_rank445,165,165,0.91543,0
ILSVRC2012_val_00043751_with_ILSVRC2012_val_00031341_rank820,786,786,0.98422,0
ILSVRC2012_val_00043751_with_ILSVRC2012_val_00027819_rank489,354,354,0.98606,0
ILSVRC2012_val_00043751_with_ILSVRC2012_val_00004532_rank440,770,770,0.48507,0
ILSVRC2012_val_00043751_with_ILSVRC2012_val_00013332_rank208,427,427,0.72037,0
ILSVRC2012_val_00043751_with_ILSVRC2012_val_00024862_rank736,942,519,0.11003,84
ILSVRC2012_val_00043751_with_ILSVRC2012_val_00034772_rank707,437,519,0.2725,842
ILSVRC2012_val_00043751_with_ILSVRC2012_val_00036589_rank859,77,77,0.72588,0
ILSVRC2012_val_00043751_with_ILSVRC2012_val_00033341_rank270,224,224,0.16486,0
ILSVRC2012_val_00043751_with_ILSVRC2012_val_00016109_rank484,759,632,0.50628,16
ILSVRC2012_val_00043751_with_ILSVRC2012_val_00032581_rank894,189,189,0.44114,0
ILSVRC2012_val_00043751_with_ILSVRC2012_val_00030462_rank956,446,446,0.80397,0
ILSVRC2012_val_00043751_with_ILSVRC2012_val_00001408_rank351,246,242,0.39615,8
ILSVRC2012_val_00043751_with_ILSVRC2012_val_00017930_rank014,130,130,0.34182,0
ILSVRC2012_val_00043751_with_ILSVRC2012_val_00038949_rank763,874,874,0.90403,0
ILSVRC2012_val_00043751_with_ILSVRC2012_val_00019421_rank978,461,461,0.63418,0
ILSVRC2012_val_00043751_with_ILSVRC2012_val_00008429_rank902,577,577,0.8536,0
ILSVRC2012_val_00043751_with_ILSVRC2012_val_00023652_rank434,349,349,0.60181,0
ILSVRC2012_val_00043751_with_ILSVRC2012_val_00017140_rank068,387,387,0.98176,0
ILSVRC2012_val_00043751_with_ILSVRC2012_val_00000542_rank614,542,542,0.39027,0
ILSVRC2012_val_00043751_with_ILSVRC2012_val_00047607_rank506,713,713,0.96682,0
ILSVRC2012_val_00043751_with_ILSVRC2012_val_00012586_rank012,88,88,0.96551,0
ILSVRC2012_val_00043751_with_ILSVRC2012_val_00004428_rank099,949,949,0.9672,0
ILSVRC2012_val_00043751_with_ILSVRC2012_val_00015534_rank740,697,697,0.93176,0
ILSVRC2012_val_00043751_with_ILSVRC2012_val_00042330_rank109,340,340,0.96315,0
ILSVRC2012_val_00043751_with_ILSVRC2012_val_00022192_rank954,507,968,0.1235,304
ILSVRC2012_val_00043751_with_ILSVRC2012_val_00006247_rank833,800,800,0.98697,0
ILSVRC2012_val_00043751_with_ILSVRC2012_val_00025887_rank941,284,284,0.96973,0
ILSVRC2012_val_00043751_with_ILSVRC2012_val_00011855_rank259,791,674,0.37564,68
ILSVRC2012_val_00043751_with_ILSVRC2012_val_00027816_rank022,100,519,0.49259,938
ILSVRC2012_val_00043751_with_ILSVRC2012_val_00010322_rank182,45,45,0.94075,0
ILSVRC2012_val_00043751_with_ILSVRC2012_val_00031973_rank371,20,20,0.96921,0
ILSVRC2012_val_00043751_with_ILSVRC2012_val_00012860_rank768,362,362,0.9695,0
ILSVRC2012_val_00043751_with_ILSVRC2012_val_00002157_rank267,121,121,0.43777,0
ILSVRC2012_val_00043751_with_ILSVRC2012_val_00044966_rank023,89,89,0.98078,0
ILSVRC2012_val_00043751_with_ILSVRC2012_val_00031234_rank367,469,469,0.2625,0
ILSVRC2012_val_00043751_with_ILSVRC2012_val_00039411_rank965,823,772,0.42368,10
ILSVRC2012_val_00043751_with_ILSVRC2012_val_00013217_rank472,756,756,0.37223,0
ILSVRC2012_val_00043751_with_ILSVRC2012_val_00020321_rank934,32,31,0.58007,2
ILSVRC2012_val_00043751_with_ILSVRC2012_val_00008340_rank606,721,114,0.04183,678
ILSVRC2012_val_00043751_with_ILSVRC2012_val_00000572_rank769,965,965,0.80307,0
ILSVRC2012_val_00043751_with_ILSVRC2012_val_00026052_rank528,657,744,0.39327,1
ILSVRC2012_val_00043751_with_ILSVRC2012_val_00031573_rank671,311,311,0.60708,0
ILSVRC2012_val_00043751_with_ILSVRC2012_val_00039980_rank566,882,448,0.04607,793
ILSVRC2012_val_00043751_with_ILSVRC2012_val_00035575_rank766,687,687,0.36218,0
ILSVRC2012_val_00043751_with_ILSVRC2012_val_00049746_rank065,143,143,0.99071,0
ILSVRC2012_val_00043751_with_ILSVRC2012_val_00023028_rank502,943,943,0.64951,0
ILSVRC2012_val_00043751_with_ILSVRC2012_val_00002927_rank122,993,211,0.80935,60
ILSVRC2012_val_00043751_with_ILSVRC2012_val_00001158_rank025,96,96,0.95563,0
ILSVRC2012_val_00043751_with_ILSVRC2012_val_00033863_rank636,30,119,0.29036,17
ILSVRC2012_val_00043751_with_ILSVRC2012_val_00039578_rank029,48,48,0.80359,0
ILSVRC2012_val_00043751_with_ILSVRC2012_val_00042702_rank546,740,740,0.96242,0
ILSVRC2012_val_00043751_with_ILSVRC2012_val_00037780_rank704,3,3,0.42312,0
ILSVRC2012_val_00043751_with_ILSVRC2012_val_00023928_rank188,236,172,0.69398,32
ILSVRC2012_val_00043751_with_ILSVRC2012_val_00020283_rank883,554,519,0.37654,766
ILSVRC2012_val_00043751_with_ILSVRC2012_val_00038761_rank370,164,210,0.87687,3
ILSVRC2012_val_00043751_with_ILSVRC2012_val_00048479_rank633,820,519,0.15593,938
ILSVRC2012_val_00043751_with_ILSVRC2012_val_00012726_rank455,388,388,0.98327,0
ILSVRC2012_val_00043751_with_ILSVRC2012_val_00046299_rank317,71,71,0.96969,0
ILSVRC2012_val_00043751_with_ILSVRC2012_val_00004087_rank925,972,519,0.07686,709
ILSVRC2012_val_00043751_with_ILSVRC2012_val_00033008_rank882,512,786,0.09328,48
ILSVRC2012_val_00043751_with_ILSVRC2012_val_00043454_rank878,494,494,0.82015,0
ILSVRC2012_val_00043751_with_ILSVRC2012_val_00022117_rank327,808,808,0.45008,0
ILSVRC2012_val_00043751_with_ILSVRC2012_val_00035209_rank267,121,987,0.24473,109
ILSVRC2012_val_00043751_with_ILSVRC2012_val_00016358_rank679,899,725,0.60666,1
ILSVRC2012_val_00043751_with_ILSVRC2012_val_00043978_rank117,46,519,0.51153,657
ILSVRC2012_val_00043751_with_ILSVRC2012_val_00032696_rank392,644,731,0.07188,45
ILSVRC2012_val_00043751_with_ILSVRC2012_val_00038794_rank320,13,13,0.98535,0
ILSVRC2012_val_00043751_with_ILSVRC2012_val_00003507_rank669,782,519,0.18471,79
ILSVRC2012_val_00043751_with_ILSVRC2012_val_00020124_rank653,41,46,0.62312,5
ILSVRC2012_val_00043751_with_ILSVRC2012_val_00002860_rank796,567,618,0.2994,14
ILSVRC2012_val_00043751_with_ILSVRC2012_val_00039866_rank136,377,377,0.73497,0
ILSVRC2012_val_00043751_with_ILSVRC2012_val_00029153_rank231,61,178,0.14185,304
ILSVRC2012_val_00043751_with_ILSVRC2012_val_00018640_rank086,332,8,0.48014,29
ILSVRC2012_val_00043751_with_ILSVRC2012_val_00041849_rank556,459,459,0.97465,0
ILSVRC2012_val_00043751_with_ILSVRC2012_val_00035318_rank756,682,519,0.66753,284
ILSVRC2012_val_00043751_with_ILSVRC2012_val_00041841_rank832,995,995,0.87231,0
ILSVRC2012_val_00043751_with_ILSVRC2012_val_00031613_rank611,702,702,0.89391,0
ILSVRC2012_val_00043751_with_ILSVRC2012_val_00007248_rank553,787,787,0.59959,0
ILSVRC2012_val_00043751_with_ILSVRC2012_val_00021795_rank096,353,519,0.12605,746
ILSVRC2012_val_00043751_with_ILSVRC2012_val_00001307_rank908,717,717,0.60046,0
ILSVRC2012_val_00043751_with_ILSVRC2012_val_00037917_rank061,552,519,0.83259,383
ILSVRC2012_val_00043751_with_ILSVRC2012_val_00002742_rank191,946,519,0.17817,843
ILSVRC2012_val_00043751_with_ILSVRC2012_val_00014014_rank656,417,417,0.98232,0
ILSVRC2012_val_00043751_with_ILSVRC2012_val_00001769_rank504,401,401,0.5693,0
ILSVRC2012_val_00043751_with_ILSVRC2012_val_00027498_rank142,14,14,0.97946,0
ILSVRC2012_val_00043751_with_ILSVRC2012_val_00047845_rank273,60,488,0.16852,111
ILSVRC2012_val_00043751_with_ILSVRC2012_val_00034165_rank824,757,757,0.35022,0
ILSVRC2012_val_00043751_with_ILSVRC2012_val_00021635_rank606,721,721,0.90036,0
ILSVRC2012_val_00043751_with_ILSVRC2012_val_00013479_rank406,248,269,0.54562,6
ILSVRC2012_val_00043751_with_ILSVRC2012_val_00022780_rank279,331,331,0.85948,0
ILSVRC2012_val_00043751_with_ILSVRC2012_val_00008360_rank973,408,408,0.91841,0
ILSVRC2012_val_00043751_with_ILSVRC2012_val_00011596_rank803,147,792,0.24348,842
ILSVRC2012_val_00043751_with_ILSVRC2012_val_00004255_rank452,315,773,0.07722,136
ILSVRC2012_val_00043751_with_ILSVRC2012_val_00044449_rank680,523,519,0.75956,191
ILSVRC2012_val_00043751_with_ILSVRC2012_val_00039287_rank885,623,623,0.19417,0
ILSVRC2012_val_00043751_with_ILSVRC2012_val_00000273_rank076,361,361,0.77298,0
ILSVRC2012_val_00043751_with_ILSVRC2012_val_00036401_rank641,289,289,0.82471,0
ILSVRC2012_val_00043751_with_ILSVRC2012_val_00037059_rank242,205,8,0.59529,162
ILSVRC2012_val_00043751_with_ILSVRC2012_val_00001302_rank543,238,240,0.23784,3
ILSVRC2012_val_00043751_with_ILSVRC2012_val_00033969_rank585,295,295,0.14821,0
ILSVRC2012_val_00043751_with_ILSVRC2012_val_00049229_rank710,166,217,0.20269,48
ILSVRC2012_val_00043751_with_ILSVRC2012_val_00029353_rank059,213,213,0.94397,0
ILSVRC2012_val_00043751_with_ILSVRC2012_val_00029366_rank724,875,519,0.29528,888
ILSVRC2012_val_00043751_with_ILSVRC2012_val_00002416_rank457,221,267,0.23837,4
ILSVRC2012_val_00043751_with_ILSVRC2012_val_00040551_rank434,349,349,0.64211,0
ILSVRC2012_val_00043751_with_ILSVRC2012_val_00017486_rank256,282,284,0.09166,11
ILSVRC2012_val_00043751_with_ILSVRC2012_val_00025261_rank313,200,200,0.8589,0
ILSVRC2012_val_00043751_with_ILSVRC2012_val_00010671_rank663,466,882,0.18478,106
ILSVRC2012_val_00043751_with_ILSVRC2012_val_00020875_rank098,132,132,0.86575,0
ILSVRC2012_val_00043751_with_ILSVRC2012_val_00046345_rank053,350,350,0.93545,0
ILSVRC2012_val_00043751_with_ILSVRC2012_val_00031288_rank440,770,770,0.95598,0
ILSVRC2012_val_00043751_with_ILSVRC2012_val_00044402_rank190,342,150,0.52389,94
ILSVRC2012_val_00043751_with_ILSVRC2012_val_00011564_rank192,323,323,0.97849,0
ILSVRC2012_val_00043751_with_ILSVRC2012_val_00045175_rank845,279,279,0.93395,0
ILSVRC2012_val_00043751_with_ILSVRC2012_val_00030399_rank155,179,246,0.29154,11
ILSVRC2012_val_00043751_with_ILSVRC2012_val_00047530_rank794,488,488,0.63144,0
ILSVRC2012_val_00043751_with_ILSVRC2012_val_00042739_rank423,912,519,0.09795,33
ILSVRC2012_val_00043751_with_ILSVRC2012_val_00018558_rank696,190,190,0.32351,0
ILSVRC2012_val_00043751_with_ILSVRC2012_val_00018563_rank872,68,616,0.17334,110
ILSVRC2012_val_00043751_with_ILSVRC2012_val_00010282_rank533,909,469,0.21958,3
ILSVRC2012_val_00043751_with_ILSVRC2012_val_00021260_rank541,456,519,0.76694,866
ILSVRC2012_val_00043751_with_ILSVRC2012_val_00017002_rank062,43,43,0.74787,0
ILSVRC2012_val_00043751_with_ILSVRC2012_val_00034492_rank113,92,95,0.93125,1
ILSVRC2012_val_00043751_with_ILSVRC2012_val_00015416_rank320,13,13,0.98633,0
ILSVRC2012_val_00043751_with_ILSVRC2012_val_00031269_rank764,101,101,0.4511,0
ILSVRC2012_val_00043751_with_ILSVRC2012_val_00026425_rank376,588,588,0.57313,0
ILSVRC2012_val_00043751_with_ILSVRC2012_val_00037420_rank229,19,19,0.98904,0
ILSVRC2012_val_00043751_with_ILSVRC2012_val_00018134_rank017,85,85,0.95122,0
ILSVRC2012_val_00043751_with_ILSVRC2012_val_00035048_rank995,111,749,0.0853,182
ILSVRC2012_val_00043751_with_ILSVRC2012_val_00000058_rank047,994,994,0.88353,0
ILSVRC2012_val_00043751_with_ILSVRC2012_val_00007906_rank119,186,186,0.97693,0
ILSVRC2012_val_00043751_with_ILSVRC2012_val_00017127_rank148,879,879,0.22111,0
ILSVRC2012_val_00043751_with_ILSVRC2012_val_00017298_rank711,563,563,0.93765,0
ILSVRC2012_val_00043751_with_ILSVRC2012_val_00002908_rank425,695,695,0.80106,0
ILSVRC2012_val_00043751_with_ILSVRC2012_val_00009830_rank829,371,371,0.94091,0
ILSVRC2012_val_00043751_with_ILSVRC2012_val_00001579_rank936,867,519,0.17721,88
ILSVRC2012_val_00043751_with_ILSVRC2012_val_00026600_rank463,74,74,0.81807,0
ILSVRC2012_val_00043751_with_ILSVRC2012_val_00034487_rank785,758,870,0.52319,35
ILSVRC2012_val_00043751_with_ILSVRC2012_val_00045470_rank905,477,477,0.72004,0
ILSVRC2012_val_00043751_with_ILSVRC2012_val_00042598_rank643,529,721,0.756,19
ILSVRC2012_val_00043751_with_ILSVRC2012_val_00028999_rank945,794,519,0.41473,761
ILSVRC2012_val_00043751_with_ILSVRC2012_val_00004627_rank022,100,100,0.98757,0
ILSVRC2012_val_00043751_with_ILSVRC2012_val_00049770_rank731,335,335,0.93786,0
ILSVRC2012_val_00043751_with_ILSVRC2012_val_00045120_rank461,25,25,0.84739,0
ILSVRC2012_val_00043751_with_ILSVRC2012_val_00029185_rank628,905,905,0.73033,0
ILSVRC2012_val_00043751_with_ILSVRC2012_val_00008496_rank390,255,255,0.97947,0
ILSVRC2012_val_00043751_with_ILSVRC2012_val_00032174_rank131,124,124,0.23263,0
ILSVRC2012_val_00043751_with_ILSVRC2012_val_00021751_rank103,410,519,0.83191,4
ILSVRC2012_val_00043751_with_ILSVRC2012_val_00021866_rank476,962,962,0.11103,0
ILSVRC2012_val_00043751_with_ILSVRC2012_val_00000779_rank728,299,299,0.81549,0
ILSVRC2012_val_00043751_with_ILSVRC2012_val_00001188_rank596,611,611,0.85525,0
ILSVRC2012_val_00043751_with_ILSVRC2012_val_00012273_rank968,679,519,0.13654,612
ILSVRC2012_val_00043751_with_ILSVRC2012_val_00019293_rank307,389,389,0.22975,0
ILSVRC2012_val_00043751_with_ILSVRC2012_val_00009661_rank967,606,606,0.96489,0
ILSVRC2012_val_00043751_with_ILSVRC2012_val_00044112_rank231,61,60,0.52105,3
ILSVRC2012_val_00043751_with_ILSVRC2012_val_00009152_rank801,784,929,0.09614,53
ILSVRC2012_val_00043751_with_ILSVRC2012_val_00024356_rank373,271,271,0.95155,0
ILSVRC2012_val_00043751_with_ILSVRC2012_val_00015955_rank612,294,294,0.95816,0
ILSVRC2012_val_00043751_with_ILSVRC2012_val_00016042_rank274,849,849,0.9408,0
ILSVRC2012_val_00043751_with_ILSVRC2012_val_00045818_rank050,187,187,0.44457,0
ILSVRC2012_val_00043751_with_ILSVRC2012_val_00032579_rank414,390,48,0.57516,46
ILSVRC2012_val_00043751_with_ILSVRC2012_val_00023520_rank262,108,108,0.7978,0
ILSVRC2012_val_00043751_with_ILSVRC2012_val_00011616_rank350,359,150,0.18526,155
ILSVRC2012_val_00043751_with_ILSVRC2012_val_00045185_rank677,286,286,0.96325,0
ILSVRC2012_val_00043751_with_ILSVRC2012_val_00038942_rank848,701,7,0.18434,803
ILSVRC2012_val_00043751_with_ILSVRC2012_val_00011735_rank608,833,519,0.10761,768
ILSVRC2012_val_00043751_with_ILSVRC2012_val_00048125_rank396,257,257,0.33846,0
ILSVRC2012_val_00043751_with_ILSVRC2012_val_00044011_rank048,94,94,0.90656,0
ILSVRC2012_val_00043751_with_ILSVRC2012_val_00035330_rank728,299,519,0.75889,886
ILSVRC2012_val_00043751_with_ILSVRC2012_val_00045117_rank660,878,878,0.92501,0
ILSVRC2012_val_00043751_with_ILSVRC2012_val_00007481_rank309,704,704,0.96824,0
ILSVRC2012_val_00043751_with_ILSVRC2012_val_00049689_rank479,493,519,0.62888,24
ILSVRC2012_val_00043751_with_ILSVRC2012_val_00030351_rank659,817,670,0.21927,16
ILSVRC2012_val_00043751_with_ILSVRC2012_val_00040871_rank920,296,296,0.86217,0
ILSVRC2012_val_00043751_with_ILSVRC2012_val_00033866_rank353,27,27,0.96077,0
ILSVRC2012_val_00043751_with_ILSVRC2012_val_00035389_rank320,13,13,0.97282,0
ILSVRC2012_val_00043751_with_ILSVRC2012_val_00000366_rank922,465,519,0.43681,106
ILSVRC2012_val_00043751_with_ILSVRC2012_val_00026628_rank616,873,448,0.2922,285
ILSVRC2012_val_00043751_with_ILSVRC2012_val_00019036_rank031,81,81,0.78434,0
ILSVRC2012_val_00043751_with_ILSVRC2012_val_00031533_rank085,616,632,0.09351,510
ILSVRC2012_val_00043751_with_ILSVRC2012_val_00029942_rank323,774,459,0.27361,22
ILSVRC2012_val_00043751_with_ILSVRC2012_val_00006739_rank532,724,724,0.84182,0
ILSVRC2012_val_00043751_with_ILSVRC2012_val_00034971_rank494,5,5,0.67257,0
ILSVRC2012_val_00043751_with_ILSVRC2012_val_00031412_rank623,571,882,0.38432,10
ILSVRC2012_val_00043751_with_ILSVRC2012_val_00029002_rank869,662,587,0.26968,435
ILSVRC2012_val_00043751_with_ILSVRC2012_val_00013522_rank950,748,710,0.6018,281
ILSVRC2012_val_00043751_with_ILSVRC2012_val_00043376_rank342,944,944,0.99034,0
ILSVRC2012_val_00043751_with_ILSVRC2012_val_00011156_rank939,822,519,0.46919,753
ILSVRC2012_val_00043751_with_ILSVRC2012_val_00040368_rank396,257,207,0.29258,4
ILSVRC2012_val_00043751_with_ILSVRC2012_val_00029919_rank397,954,954,0.95017,0
ILSVRC2012_val_00043751_with_ILSVRC2012_val_00028363_rank064,140,139,0.74325,2
ILSVRC2012_val_00043751_with_ILSVRC2012_val_00023212_rank109,340,519,0.11351,726
ILSVRC2012_val_00043751_with_ILSVRC2012_val_00021573_rank537,252,233,0.48348,2
ILSVRC2012_val_00043751_with_ILSVRC2012_val_00019949_rank642,932,931,0.94418,1
ILSVRC2012_val_00043751_with_ILSVRC2012_val_00030778_rank377,313,313,0.86387,0
ILSVRC2012_val_00043751_with_ILSVRC2012_val_00049398_rank590,854,519,0.26802,182
ILSVRC2012_val_00043751_with_ILSVRC2012_val_00046335_rank234,776,776,0.26612,0
ILSVRC2012_val_00043751_with_ILSVRC2012_val_00037032_rank368,288,288,0.93585,0
ILSVRC2012_val_00043751_with_ILSVRC2012_val_00019074_rank058,986,519,0.13576,970
ILSVRC2012_val_00043751_with_ILSVRC2012_val_00047919_rank552,264,264,0.91037,0
ILSVRC2012_val_00043751_with_ILSVRC2012_val_00044536_rank996,531,531,0.83983,0
ILSVRC2012_val_00043751_with_ILSVRC2012_val_00046062_rank833,800,800,0.86498,0
ILSVRC2012_val_00043751_with_ILSVRC2012_val_00008833_rank534,649,519,0.62119,642
ILSVRC2012_val_00043751_with_ILSVRC2012_val_00043431_rank341,621,786,0.34659,279
ILSVRC2012_val_00043751_with_ILSVRC2012_val_00005153_rank136,377,377,0.94796,0
ILSVRC2012_val_00043751_with_ILSVRC2012_val_00009212_rank467,917,519,0.29098,226
ILSVRC2012_val_00043751_with_ILSVRC2012_val_00009414_rank751,677,783,0.38828,1
ILSVRC2012_val_00043751_with_ILSVRC2012_val_00031141_rank741,675,675,0.87766,0
ILSVRC2012_val_00043751_with_ILSVRC2012_val_00040454_rank143,274,274,0.98129,0
ILSVRC2012_val_00043751_with_ILSVRC2012_val_00015846_rank078,903,8,0.47784,862
ILSVRC2012_val_00043751_with_ILSVRC2012_val_00046396_rank943,841,841,0.38699,0
ILSVRC2012_val_00043751_with_ILSVRC2012_val_00013151_rank221,369,519,0.23054,457
ILSVRC2012_val_00043751_with_ILSVRC2012_val_00044129_rank613,297,297,0.98565,0
ILSVRC2012_val_00043751_with_ILSVRC2012_val_00000121_rank700,718,519,0.49336,75
ILSVRC2012_val_00043751_with_ILSVRC2012_val_00016721_rank350,359,359,0.31347,0
ILSVRC2012_val_00043751_with_ILSVRC2012_val_00034370_rank189,310,310,0.47368,0
ILSVRC2012_val_00043751_with_ILSVRC2012_val_00037889_rank074,305,305,0.45184,0
ILSVRC2012_val_00043751_with_ILSVRC2012_val_00044284_rank787,194,201,0.27426,23
ILSVRC2012_val_00043751_with_ILSVRC2012_val_00034940_rank1000,551,838,0.25467,3
ILSVRC2012_val_00043751_with_ILSVRC2012_val_00044291_rank559,652,519,0.68495,429
ILSVRC2012_val_00043751_with_ILSVRC2012_val_00004137_rank434,349,348,0.42694,1
ILSVRC2012_val_00043751_with_ILSVRC2012_val_00008244_rank960,811,637,0.4673,384
ILSVRC2012_val_00043751_with_ILSVRC2012_val_00034724_rank763,874,874,0.98188,0
ILSVRC2012_val_00043751_with_ILSVRC2012_val_00030317_rank149,832,784,0.15328,974
ILSVRC2012_val_00043751_with_ILSVRC2012_val_00013864_rank367,469,469,0.37687,0
ILSVRC2012_val_00043751_with_ILSVRC2012_val_00027465_rank802,745,818,0.33136,5
ILSVRC2012_val_00043751_with_ILSVRC2012_val_00002723_rank086,332,332,0.49197,0
ILSVRC2012_val_00043751_with_ILSVRC2012_val_00037907_rank212,228,228,0.76736,0
ILSVRC2012_val_00043751_with_ILSVRC2012_val_00016659_rank932,797,797,0.2951,0
ILSVRC2012_val_00043751_with_ILSVRC2012_val_00006028_rank879,610,610,0.34407,0
ILSVRC2012_val_00043751_with_ILSVRC2012_val_00002175_rank784,681,519,0.12772,205
ILSVRC2012_val_00043751_with_ILSVRC2012_val_00014652_rank813,973,973,0.88706,0
ILSVRC2012_val_00043751_with_ILSVRC2012_val_00037611_rank072,11,11,0.97203,0
ILSVRC2012_val_00043751_with_ILSVRC2012_val_00016777_rank156,314,314,0.27431,0
ILSVRC2012_val_00043751_with_ILSVRC2012_val_00029849_rank936,867,637,0.20572,86
ILSVRC2012_val_00043751_with_ILSVRC2012_val_00013283_rank674,148,148,0.38111,0
ILSVRC2012_val_00043751_with_ILSVRC2012_val_00042074_rank510,880,519,0.73393,108
ILSVRC2012_val_00043751_with_ILSVRC2012_val_00040381_rank228,151,173,0.55227,10
ILSVRC2012_val_00043751_with_ILSVRC2012_val_00035764_rank806,169,169,0.87012,0
ILSVRC2012_val_00043751_with_ILSVRC2012_val_00015805_rank501,936,936,0.64824,0
ILSVRC2012_val_00043751_with_ILSVRC2012_val_00031162_rank842,813,399,0.82118,604
ILSVRC2012_val_00043751_with_ILSVRC2012_val_00005888_rank310,950,950,0.96327,0
ILSVRC2012_val_00043751_with_ILSVRC2012_val_00022282_rank483,40,46,0.32039,1
ILSVRC2012_val_00043751_with_ILSVRC2012_val_00008197_rank887,250,250,0.43278,0
ILSVRC2012_val_00043751_with_ILSVRC2012_val_00014579_rank807,742,742,0.75899,0
ILSVRC2012_val_00043751_with_ILSVRC2012_val_00016507_rank961,70,70,0.12398,0
ILSVRC2012_val_00043751_with_ILSVRC2012_val_00049202_rank132,347,347,0.41805,0
ILSVRC2012_val_00043751_with_ILSVRC2012_val_00003111_rank533,909,567,0.19371,1
ILSVRC2012_val_00043751_with_ILSVRC2012_val_00031230_rank222,971,519,0.29141,706
ILSVRC2012_val_00043751_with_ILSVRC2012_val_00017528_rank759,641,641,0.94369,0
ILSVRC2012_val_00043751_with_ILSVRC2012_val_00036863_rank565,328,328,0.81444,0
ILSVRC2012_val_00043751_with_ILSVRC2012_val_00038556_rank273,60,63,0.3006,13
ILSVRC2012_val_00043751_with_ILSVRC2012_val_00042205_rank119,186,186,0.93492,0
ILSVRC2012_val_00043751_with_ILSVRC2012_val_00043240_rank236,329,677,0.48479,721
ILSVRC2012_val_00043751_with_ILSVRC2012_val_00013232_rank478,434,448,0.23252,758
ILSVRC2012_val_00043751_with_ILSVRC2012_val_00004555_rank958,47,47,0.68295,0
ILSVRC2012_val_00043751_with_ILSVRC2012_val_00011313_rank898,802,802,0.92159,0
ILSVRC2012_val_00043751_with_ILSVRC2012_val_00038241_rank100,146,146,0.93288,0
ILSVRC2012_val_00043751_with_ILSVRC2012_val_00005937_rank477,223,223,0.83366,0
ILSVRC2012_val_00043751_with_ILSVRC2012_val_00038054_rank375,273,273,0.78737,0
ILSVRC2012_val_00043751_with_ILSVRC2012_val_00003445_rank337,374,374,0.92126,0
ILSVRC2012_val_00043751_with_ILSVRC2012_val_00042777_rank901,693,519,0.21791,222
ILSVRC2012_val_00043751_with_ILSVRC2012_val_00005428_rank593,919,519,0.39712,177
ILSVRC2012_val_00043751_with_ILSVRC2012_val_00001702_rank363,251,251,0.98037,0
ILSVRC2012_val_00043751_with_ILSVRC2012_val_00006947_rank215,218,218,0.71276,0
ILSVRC2012_val_00043751_with_ILSVRC2012_val_00047889_rank051,363,363,0.9826,0
ILSVRC2012_val_00043751_with_ILSVRC2012_val_00014438_rank922,465,465,0.94605,0
ILSVRC2012_val_00043751_with_ILSVRC2012_val_00039991_rank684,420,420,0.98052,0
ILSVRC2012_val_00043751_with_ILSVRC2012_val_00029975_rank888,615,615,0.84712,0
ILSVRC2012_val_00043751_with_ILSVRC2012_val_00042352_rank196,57,60,0.31604,7
ILSVRC2012_val_00043751_with_ILSVRC2012_val_00027998_rank689,608,514,0.33662,9
ILSVRC2012_val_00043751_with_ILSVRC2012_val_00035545_rank236,329,600,0.11089,960
ILSVRC2012_val_00043751_with_ILSVRC2012_val_00047663_rank652,887,519,0.34647,755
ILSVRC2012_val_00043751_with_ILSVRC2012_val_00040873_rank049,462,462,0.93792,0
ILSVRC2012_val_00043751_with_ILSVRC2012_val_00031383_rank634,403,519,0.73047,135
ILSVRC2012_val_00043751_with_ILSVRC2012_val_00045999_rank323,774,774,0.55075,0
ILSVRC2012_val_00043751_with_ILSVRC2012_val_00014305_rank693,441,440,0.42481,1
ILSVRC2012_val_00043751_with_ILSVRC2012_val_00006732_rank822,597,597,0.81284,0
ILSVRC2012_val_00043751_with_ILSVRC2012_val_00015673_rank025,96,96,0.97435,0
ILSVRC2012_val_00043751_with_ILSVRC2012_val_00019781_rank974,902,784,0.08462,42
ILSVRC2012_val_00043751_with_ILSVRC2012_val_00044810_rank796,567,567,0.51762,0
ILSVRC2012_val_00043751_with_ILSVRC2012_val_00028032_rank378,478,239,0.66012,647
ILSVRC2012_val_00043751_with_ILSVRC2012_val_00022030_rank957,831,831,0.39873,0
ILSVRC2012_val_00043751_with_ILSVRC2012_val_00040534_rank505,703,703,0.16788,0
ILSVRC2012_val_00043751_with_ILSVRC2012_val_00034104_rank893,555,555,0.31753,0
ILSVRC2012_val_00043751_with_ILSVRC2012_val_00009508_rank244,37,37,0.94271,0
ILSVRC2012_val_00043751_with_ILSVRC2012_val_00005533_rank562,433,328,0.2144,305
ILSVRC2012_val_00043751_with_ILSVRC2012_val_00014931_rank486,106,850,0.28586,131
ILSVRC2012_val_00043751_with_ILSVRC2012_val_00004781_rank244,37,37,0.86274,0
ILSVRC2012_val_00043751_with_ILSVRC2012_val_00015225_rank542,783,783,0.54782,0
ILSVRC2012_val_00043751_with_ILSVRC2012_val_00027708_rank026,138,133,0.88687,3
ILSVRC2012_val_00043751_with_ILSVRC2012_val_00044718_rank057,217,217,0.44703,0
ILSVRC2012_val_00043751_with_ILSVRC2012_val_00000553_rank145,367,367,0.97361,0
ILSVRC2012_val_00043751_with_ILSVRC2012_val_00049218_rank057,217,217,0.90917,0
ILSVRC2012_val_00043751_with_ILSVRC2012_val_00018352_rank290,595,596,0.0897,708
ILSVRC2012_val_00043751_with_ILSVRC2012_val_00011074_rank655,322,322,0.98203,0
ILSVRC2012_val_00043751_with_ILSVRC2012_val_00030646_rank465,541,541,0.35752,0
ILSVRC2012_val_00043751_with_ILSVRC2012_val_00046865_rank079,853,519,0.25037,196
ILSVRC2012_val_00043751_with_ILSVRC2012_val_00025726_rank293,212,162,0.36471,36
ILSVRC2012_val_00043751_with_ILSVRC2012_val_00018136_rank226,573,573,0.98397,0
ILSVRC2012_val_00043751_with_ILSVRC2012_val_00019748_rank259,791,791,0.87267,0
ILSVRC2012_val_00043751_with_ILSVRC2012_val_00035258_rank965,823,519,0.54034,975
ILSVRC2012_val_00043751_with_ILSVRC2012_val_00037496_rank328,928,588,0.06408,501
ILSVRC2012_val_00043751_with_ILSVRC2012_val_00009037_rank767,566,566,0.95312,0
ILSVRC2012_val_00043751_with_ILSVRC2012_val_00049281_rank200,197,197,0.52194,0
ILSVRC2012_val_00043751_with_ILSVRC2012_val_00041631_rank359,519,519,0.96782,0
ILSVRC2012_val_00043751_with_ILSVRC2012_val_00039683_rank869,662,662,0.80249,0
ILSVRC2012_val_00043751_with_ILSVRC2012_val_00018811_rank445,165,165,0.91658,0
ILSVRC2012_val_00043751_with_ILSVRC2012_val_00048175_rank040,24,24,0.95887,0
ILSVRC2012_val_00043751_with_ILSVRC2012_val_00028966_rank270,224,224,0.91833,0
ILSVRC2012_val_00043751_with_ILSVRC2012_val_00029623_rank520,935,935,0.89127,0
ILSVRC2012_val_00043751_with_ILSVRC2012_val_00029152_rank572,262,234,0.15477,21
ILSVRC2012_val_00043751_with_ILSVRC2012_val_00030012_rank324,113,113,0.80513,0
ILSVRC2012_val_00043751_with_ILSVRC2012_val_00008470_rank709,885,13,0.25686,977
ILSVRC2012_val_00043751_with_ILSVRC2012_val_00004533_rank359,519,519,0.95462,0
ILSVRC2012_val_00043751_with_ILSVRC2012_val_00009984_rank517,208,208,0.58616,0
ILSVRC2012_val_00043751_with_ILSVRC2012_val_00018308_rank734,556,519,0.18682,114
ILSVRC2012_val_00043751_with_ILSVRC2012_val_00007832_rank670,871,871,0.15697,0
ILSVRC2012_val_00043751_with_ILSVRC2012_val_00003263_rank524,738,738,0.40867,0
ILSVRC2012_val_00043751_with_ILSVRC2012_val_00006757_rank143,274,274,0.94012,0
ILSVRC2012_val_00043751_with_ILSVRC2012_val_00008520_rank311,360,337,0.31346,1
ILSVRC2012_val_00043751_with_ILSVRC2012_val_00044103_rank086,332,332,0.93848,0
ILSVRC2012_val_00043751_with_ILSVRC2012_val_00029440_rank309,704,704,0.95389,0
ILSVRC2012_val_00043751_with_ILSVRC2012_val_00034334_rank402,176,176,0.94667,0
ILSVRC2012_val_00043751_with_ILSVRC2012_val_00006540_rank870,814,519,0.65582,468
ILSVRC2012_val_00043751_with_ILSVRC2012_val_00016221_rank888,615,463,0.1721,357
ILSVRC2012_val_00043751_with_ILSVRC2012_val_00008442_rank979,700,700,0.9114,0
ILSVRC2012_val_00043751_with_ILSVRC2012_val_00018398_rank448,53,519,0.84992,945
ILSVRC2012_val_00043751_with_ILSVRC2012_val_00016702_rank916,632,632,0.91819,0
ILSVRC2012_val_00043751_with_ILSVRC2012_val_00015586_rank234,776,776,0.6114,0
ILSVRC2012_val_00043751_with_ILSVRC2012_val_00043009_rank527,172,172,0.87194,0
ILSVRC2012_val_00043751_with_ILSVRC2012_val_00043040_rank652,887,887,0.6112,0
ILSVRC2012_val_00043751_with_ILSVRC2012_val_00017297_rank744,524,524,0.24517,0
ILSVRC2012_val_00043751_with_ILSVRC2012_val_00003522_rank339,242,242,0.94561,0
ILSVRC2012_val_00043751_with_ILSVRC2012_val_00018549_rank948,709,692,0.592,19
ILSVRC2012_val_00043751_with_ILSVRC2012_val_00037314_rank916,632,632,0.62627,0
ILSVRC2012_val_00043751_with_ILSVRC2012_val_00024129_rank959,948,572,0.29891,190
ILSVRC2012_val_00043751_with_ILSVRC2012_val_00006369_rank488,922,519,0.58282,96
ILSVRC2012_val_00043751_with_ILSVRC2012_val_00020055_rank882,512,512,0.15878,0
ILSVRC2012_val_00043751_with_ILSVRC2012_val_00034670_rank258,120,120,0.59882,0
ILSVRC2012_val_00043751_with_ILSVRC2012_val_00025559_rank111,325,325,0.97924,0
ILSVRC2012_val_00043751_with_ILSVRC2012_val_00037885_rank352,259,259,0.94312,0
ILSVRC2012_val_00043751_with_ILSVRC2012_val_00023661_rank233,261,261,0.36708,0
ILSVRC2012_val_00043751_with_ILSVRC2012_val_00027780_rank439,225,225,0.96707,0
ILSVRC2012_val_00043751_with_ILSVRC2012_val_00009733_rank374,888,888,0.60489,0
ILSVRC2012_val_00043751_with_ILSVRC2012_val_00005874_rank822,597,464,0.10804,6
ILSVRC2012_val_00043751_with_ILSVRC2012_val_00021301_rank491,468,468,0.89502,0
ILSVRC2012_val_00043751_with_ILSVRC2012_val_00044915_rank139,775,775,0.2462,0
ILSVRC2012_val_00043751_with_ILSVRC2012_val_00030543_rank030,953,953,0.77796,0
ILSVRC2012_val_00043751_with_ILSVRC2012_val_00047098_rank403,668,668,0.83254,0
ILSVRC2012_val_00043751_with_ILSVRC2012_val_00048173_rank300,735,412,0.18222,515
ILSVRC2012_val_00043751_with_ILSVRC2012_val_00026224_rank683,705,705,0.79399,0
ILSVRC2012_val_00043751_with_ILSVRC2012_val_00048910_rank495,851,851,0.43568,0
ILSVRC2012_val_00043751_with_ILSVRC2012_val_00042193_rank046,133,133,0.51455,0
ILSVRC2012_val_00043751_with_ILSVRC2012_val_00008367_rank223,667,399,0.30028,4
ILSVRC2012_val_00043751_with_ILSVRC2012_val_00049004_rank983,177,177,0.96708,0
ILSVRC2012_val_00043751_with_ILSVRC2012_val_00028388_rank530,422,13,0.13635,765
ILSVRC2012_val_00043751_with_ILSVRC2012_val_00031615_rank149,832,832,0.94879,0
ILSVRC2012_val_00043751_with_ILSVRC2012_val_00045973_rank708,996,996,0.96207,0
ILSVRC2012_val_00043751_with_ILSVRC2012_val_00002744_rank523,931,931,0.91587,0
ILSVRC2012_val_00043751_with_ILSVRC2012_val_00029827_rank718,64,64,0.64941,0
ILSVRC2012_val_00043751_with_ILSVRC2012_val_00038871_rank318,983,802,0.35241,28
ILSVRC2012_val_00043751_with_ILSVRC2012_val_00006170_rank595,560,560,0.81097,0
ILSVRC2012_val_00043751_with_ILSVRC2012_val_00024149_rank533,909,909,0.92648,0
ILSVRC2012_val_00043751_with_ILSVRC2012_val_00034821_rank112,232,264,0.20138,3
ILSVRC2012_val_00043751_with_ILSVRC2012_val_00012395_rank409,184,184,0.71336,0
ILSVRC2012_val_00043751_with_ILSVRC2012_val_00031439_rank125,160,160,0.9677,0
ILSVRC2012_val_00043751_with_ILSVRC2012_val_00033908_rank913,392,392,0.98632,0
ILSVRC2012_val_00043751_with_ILSVRC2012_val_00002501_rank210,357,357,0.75088,0
ILSVRC2012_val_00043751_with_ILSVRC2012_val_00020803_rank307,389,114,0.88672,431
ILSVRC2012_val_00043751_with_ILSVRC2012_val_00009590_rank195,95,95,0.96019,0
ILSVRC2012_val_00043751_with_ILSVRC2012_val_00023441_rank249,10,10,0.98985,0
ILSVRC2012_val_00043751_with_ILSVRC2012_val_00017599_rank325,243,243,0.97559,0
ILSVRC2012_val_00043751_with_ILSVRC2012_val_00019279_rank435,380,377,0.10709,1
ILSVRC2012_val_00043751_with_ILSVRC2012_val_00012240_rank286,938,923,0.06205,24
ILSVRC2012_val_00043751_with_ILSVRC2012_val_00037329_rank307,389,389,0.9659,0
ILSVRC2012_val_00043751_with_ILSVRC2012_val_00015174_rank105,104,330,0.31509,6
ILSVRC2012_val_00043751_with_ILSVRC2012_val_00025513_rank697,904,519,0.90056,186
ILSVRC2012_val_00043751_with_ILSVRC2012_val_00043254_rank292,280,280,0.88861,0
ILSVRC2012_val_00043751_with_ILSVRC2012_val_00006911_rank955,830,616,0.08534,167
ILSVRC2012_val_00043751_with_ILSVRC2012_val_00033974_rank712,117,117,0.97774,0
ILSVRC2012_val_00043751_with_ILSVRC2012_val_00027017_rank172,203,203,0.90779,0
ILSVRC2012_val_00043751_with_ILSVRC2012_val_00003713_rank460,862,695,0.21477,611
ILSVRC2012_val_00043751_with_ILSVRC2012_val_00048133_rank615,618,618,0.64017,0
ILSVRC2012_val_00043751_with_ILSVRC2012_val_00032018_rank155,179,179,0.83424,0
ILSVRC2012_val_00043751_with_ILSVRC2012_val_00044393_rank011,80,80,0.60439,0
ILSVRC2012_val_00043751_with_ILSVRC2012_val_00014630_rank529,333,333,0.63553,0
ILSVRC2012_val_00043751_with_ILSVRC2012_val_00033846_rank876,604,604,0.97707,0
ILSVRC2012_val_00043751_with_ILSVRC2012_val_00028113_rank934,32,30,0.21865,1
ILSVRC2012_val_00043751_with_ILSVRC2012_val_00009077_rank381,351,351,0.31895,0
ILSVRC2012_val_00043751_with_ILSVRC2012_val_00042394_rank710,166,166,0.52474,0
ILSVRC2012_val_00043751_with_ILSVRC2012_val_00029529_rank670,871,749,0.32245,855
ILSVRC2012_val_00043751_with_ILSVRC2012_val_00006693_rank578,914,749,0.36514,399
ILSVRC2012_val_00043751_with_ILSVRC2012_val_00036044_rank008,93,93,0.98645,0
ILSVRC2012_val_00043751_with_ILSVRC2012_val_00030996_rank252,594,594,0.9777,0
ILSVRC2012_val_00043751_with_ILSVRC2012_val_00008848_rank187,2,730,0.0576,264
ILSVRC2012_val_00043751_with_ILSVRC2012_val_00033817_rank961,70,519,0.62441,597
ILSVRC2012_val_00043751_with_ILSVRC2012_val_00026933_rank530,422,422,0.88198,0
ILSVRC2012_val_00043751_with_ILSVRC2012_val_00022080_rank219,281,281,0.13998,0
ILSVRC2012_val_00043751_with_ILSVRC2012_val_00046554_rank976,968,659,0.21976,7
ILSVRC2012_val_00043751_with_ILSVRC2012_val_00023130_rank799,714,714,0.99284,0
ILSVRC2012_val_00043751_with_ILSVRC2012_val_00011177_rank007,134,134,0.94543,0
ILSVRC2012_val_00043751_with_ILSVRC2012_val_00010222_rank983,177,177,0.86955,0
ILSVRC2012_val_00043751_with_ILSVRC2012_val_00000229_rank760,35,792,0.04776,497
ILSVRC2012_val_00043751_with_ILSVRC2012_val_00049538_rank885,623,549,0.77798,7
ILSVRC2012_val_00043751_with_ILSVRC2012_val_00018890_rank154,193,185,0.69194,4
ILSVRC2012_val_00043751_with_ILSVRC2012_val_00033314_rank989,451,519,0.07007,956
ILSVRC2012_val_00043751_with_ILSVRC2012_val_00044521_rank875,543,471,0.13114,49
ILSVRC2012_val_00043751_with_ILSVRC2012_val_00002097_rank295,219,182,0.20363,63
ILSVRC2012_val_00043751_with_ILSVRC2012_val_00015631_rank704,3,3,0.12814,0
ILSVRC2012_val_00043751_with_ILSVRC2012_val_00029010_rank269,115,110,0.07864,1
ILSVRC2012_val_00043751_with_ILSVRC2012_val_00038600_rank014,130,130,0.97469,0
ILSVRC2012_val_00043751_with_ILSVRC2012_val_00045379_rank197,358,359,0.43157,2
ILSVRC2012_val_00043751_with_ILSVRC2012_val_00014079_rank919,807,402,0.1131,555
ILSVRC2012_val_00043751_with_ILSVRC2012_val_00000041_rank692,516,516,0.62596,0
ILSVRC2012_val_00043751_with_ILSVRC2012_val_00040684_rank928,964,728,0.35017,888
ILSVRC2012_val_00043751_with_ILSVRC2012_val_00012459_rank808,733,519,0.66901,520
ILSVRC2012_val_00043751_with_ILSVRC2012_val_00020982_rank505,703,703,0.63368,0
ILSVRC2012_val_00043751_with_ILSVRC2012_val_00040386_rank349,226,175,0.31247,3
ILSVRC2012_val_00043751_with_ILSVRC2012_val_00045300_rank065,143,143,0.98834,0
ILSVRC2012_val_00043751_with_ILSVRC2012_val_00044185_rank430,502,502,0.80704,0
ILSVRC2012_val_00043751_with_ILSVRC2012_val_00033775_rank073,201,201,0.43665,0
ILSVRC2012_val_00043751_with_ILSVRC2012_val_00024711_rank589,956,519,0.26791,247
ILSVRC2012_val_00043751_with_ILSVRC2012_val_00041131_rank458,501,399,0.58057,1
ILSVRC2012_val_00043751_with_ILSVRC2012_val_00046800_rank214,889,889,0.65734,0
ILSVRC2012_val_00043751_with_ILSVRC2012_val_00005167_rank163,870,870,0.90708,0
ILSVRC2012_val_00043751_with_ILSVRC2012_val_00007671_rank440,770,514,0.22971,8
ILSVRC2012_val_00043751_with_ILSVRC2012_val_00032874_rank829,371,368,0.22044,10
ILSVRC2012_val_00043751_with_ILSVRC2012_val_00038118_rank020,144,144,0.97725,0
ILSVRC2012_val_00043751_with_ILSVRC2012_val_00043107_rank667,896,896,0.78845,0
ILSVRC2012_val_00043751_with_ILSVRC2012_val_00026937_rank140,211,211,0.93561,0
ILSVRC2012_val_00043751_with_ILSVRC2012_val_00049850_rank569,769,519,0.65741,63
ILSVRC2012_val_00043751_with_ILSVRC2012_val_00045929_rank288,411,411,0.36941,0
ILSVRC2012_val_00043751_with_ILSVRC2012_val_00000886_rank604,940,940,0.26469,0
ILSVRC2012_val_00043751_with_ILSVRC2012_val_00036172_rank561,576,576,0.75088,0
ILSVRC2012_val_00043751_with_ILSVRC2012_val_00013618_rank216,118,118,0.91969,0
ILSVRC2012_val_00043751_with_ILSVRC2012_val_00001180_rank857,715,715,0.97765,0
ILSVRC2012_val_00043751_with_ILSVRC2012_val_00013836_rank830,852,752,0.86396,1
ILSVRC2012_val_00043751_with_ILSVRC2012_val_00043949_rank952,635,426,0.53755,1
ILSVRC2012_val_00043751_with_ILSVRC2012_val_00011679_rank103,410,519,0.56657,4
ILSVRC2012_val_00043751_with_ILSVRC2012_val_00015208_rank300,735,519,0.13348,923
ILSVRC2012_val_00043751_with_ILSVRC2012_val_00017888_rank146,327,327,0.91091,0
ILSVRC2012_val_00043751_with_ILSVRC2012_val_00003705_rank261,119,311,0.15722,56
ILSVRC2012_val_00043751_with_ILSVRC2012_val_00006674_rank389,642,519,0.63193,63
ILSVRC2012_val_00043751_with_ILSVRC2012_val_00013010_rank658,651,485,0.44109,28
ILSVRC2012_val_00043751_with_ILSVRC2012_val_00048915_rank125,160,372,0.34427,89
ILSVRC2012_val_00043751_with_ILSVRC2012_val_00008353_rank685,520,448,0.28325,661
ILSVRC2012_val_00043751_with_ILSVRC2012_val_00025617_rank069,244,244,0.94718,0
ILSVRC2012_val_00043751_with_ILSVRC2012_val_00045168_rank960,811,519,0.33543,84
ILSVRC2012_val_00043751_with_ILSVRC2012_val_00018537_rank379,430,430,0.89161,0
ILSVRC2012_val_00043751_with_ILSVRC2012_val_00040794_rank241,366,366,0.98999,0
ILSVRC2012_val_00043751_with_ILSVRC2012_val_00044221_rank714,655,850,0.37936,374
ILSVRC2012_val_00043751_with_ILSVRC2012_val_00026660_rank579,990,990,0.99129,0
ILSVRC2012_val_00043751_with_ILSVRC2012_val_00042425_rank743,443,443,0.16701,0
ILSVRC2012_val_00043751_with_ILSVRC2012_val_00036977_rank275,216,216,0.96774,0
ILSVRC2012_val_00043751_with_ILSVRC2012_val_00012318_rank745,222,270,0.21513,6
ILSVRC2012_val_00043751_with_ILSVRC2012_val_00026649_rank167,845,845,0.6225,0
ILSVRC2012_val_00043751_with_ILSVRC2012_val_00032694_rank800,633,150,0.11651,914
ILSVRC2012_val_00043751_with_ILSVRC2012_val_00030190_rank863,557,519,0.42738,410
ILSVRC2012_val_00043751_with_ILSVRC2012_val_00000036_rank652,887,850,0.13472,139
ILSVRC2012_val_00043751_with_ILSVRC2012_val_00004282_rank063,275,275,0.97907,0
ILSVRC2012_val_00043751_with_ILSVRC2012_val_00002252_rank642,932,932,0.9801,0
ILSVRC2012_val_00043751_with_ILSVRC2012_val_00041760_rank837,861,519,0.42703,453
ILSVRC2012_val_00043751_with_ILSVRC2012_val_00039955_rank440,770,608,0.49336,13
ILSVRC2012_val_00043751_with_ILSVRC2012_val_00004611_rank696,190,190,0.94685,0
ILSVRC2012_val_00043751_with_ILSVRC2012_val_00019759_rank428,180,180,0.74979,0
ILSVRC2012_val_00043751_with_ILSVRC2012_val_00047688_rank037,12,12,0.96378,0
ILSVRC2012_val_00043751_with_ILSVRC2012_val_00017267_rank976,968,947,0.30822,99
ILSVRC2012_val_00043751_with_ILSVRC2012_val_00002598_rank915,526,664,0.2494,4
ILSVRC2012_val_00043751_with_ILSVRC2012_val_00017799_rank122,993,993,0.98101,0
ILSVRC2012_val_00043751_with_ILSVRC2012_val_00011143_rank192,323,323,0.9629,0
ILSVRC2012_val_00043751_with_ILSVRC2012_val_00004220_rank078,903,227,0.05138,914
ILSVRC2012_val_00043751_with_ILSVRC2012_val_00035049_rank477,223,223,0.96631,0
ILSVRC2012_val_00043751_with_ILSVRC2012_val_00023680_rank350,359,359,0.38342,0
ILSVRC2012_val_00043751_with_ILSVRC2012_val_00002526_rank276,596,519,0.71624,116
ILSVRC2012_val_00043751_with_ILSVRC2012_val_00016811_rank655,322,322,0.98307,0
ILSVRC2012_val_00043751_with_ILSVRC2012_val_00005913_rank089,346,346,0.86936,0
ILSVRC2012_val_00043751_with_ILSVRC2012_val_00016392_rank364,54,54,0.74548,0
ILSVRC2012_val_00043751_with_ILSVRC2012_val_00004154_rank658,651,859,0.48141,5
ILSVRC2012_val_00043751_with_ILSVRC2012_val_00016528_rank836,482,742,0.24134,19
ILSVRC2012_val_00043751_with_ILSVRC2012_val_00033773_rank120,157,157,0.96828,0
ILSVRC2012_val_00043751_with_ILSVRC2012_val_00001108_rank554,59,519,0.66289,700
ILSVRC2012_val_00043751_with_ILSVRC2012_val_00021051_rank930,249,249,0.41133,0
ILSVRC2012_val_00043751_with_ILSVRC2012_val_00048897_rank386,379,379,0.89587,0
ILSVRC2012_val_00043751_with_ILSVRC2012_val_00044326_rank399,440,440,0.87537,0
ILSVRC2012_val_00043751_with_ILSVRC2012_val_00028480_rank109,340,340,0.80337,0
ILSVRC2012_val_00043751_with_ILSVRC2012_val_00049971_rank839,583,583,0.96993,0
ILSVRC2012_val_00043751_with_ILSVRC2012_val_00012061_rank341,621,621,0.26872,0
ILSVRC2012_val_00043751_with_ILSVRC2012_val_00009463_rank054,957,448,0.15973,101
ILSVRC2012_val_00043751_with_ILSVRC2012_val_00028056_rank952,635,635,0.15158,0
ILSVRC2012_val_00043751_with_ILSVRC2012_val_00001830_rank291,142,13,0.32312,113
ILSVRC2012_val_00043751_with_ILSVRC2012_val_00005125_rank496,125,125,0.96158,0
ILSVRC2012_val_00043751_with_ILSVRC2012_val_00041267_rank106,290,288,0.40233,1
ILSVRC2012_val_00043751_with_ILSVRC2012_val_00030071_rank072,11,11,0.87288,0
ILSVRC2012_val_00043751_with_ILSVRC2012_val_00035907_rank599,579,579,0.31998,0
ILSVRC2012_val_00043751_with_ILSVRC2012_val_00011151_rank230,637,637,0.9694,0
ILSVRC2012_val_00043751_with_ILSVRC2012_val_00005677_rank740,697,245,0.75165,760
ILSVRC2012_val_00043751_with_ILSVRC2012_val_00025066_rank459,220,519,0.81687,799
ILSVRC2012_val_00043751_with_ILSVRC2012_val_00027290_rank896,168,176,0.07506,35
ILSVRC2012_val_00043751_with_ILSVRC2012_val_00005342_rank818,900,519,0.84897,248
ILSVRC2012_val_00043751_with_ILSVRC2012_val_00009349_rank435,380,380,0.91301,0
ILSVRC2012_val_00043751_with_ILSVRC2012_val_00044238_rank153,98,98,0.98925,0
ILSVRC2012_val_00043751_with_ILSVRC2012_val_00009070_rank326,587,587,0.45729,0
ILSVRC2012_val_00043751_with_ILSVRC2012_val_00011573_rank270,224,224,0.30644,0
ILSVRC2012_val_00043751_with_ILSVRC2012_val_00038460_rank566,882,882,0.92379,0
ILSVRC2012_val_00043751_with_ILSVRC2012_val_00041128_rank910,686,686,0.87635,0
ILSVRC2012_val_00043751_with_ILSVRC2012_val_00015807_rank147,153,153,0.88775,0
ILSVRC2012_val_00043751_with_ILSVRC2012_val_00049638_rank580,312,312,0.53895,0
ILSVRC2012_val_00043751_with_ILSVRC2012_val_00038585_rank344,741,741,0.46847,0
ILSVRC2012_val_00043751_with_ILSVRC2012_val_00042149_rank971,712,572,0.09895,70
ILSVRC2012_val_00043751_with_ILSVRC2012_val_00012409_rank207,352,350,0.91342,6
ILSVRC2012_val_00043751_with_ILSVRC2012_val_00021570_rank661,809,809,0.8947,0
ILSVRC2012_val_00043751_with_ILSVRC2012_val_00001360_rank089,346,346,0.84341,0
ILSVRC2012_val_00043751_with_ILSVRC2012_val_00020704_rank516,739,519,0.16893,302
ILSVRC2012_val_00043751_with_ILSVRC2012_val_00027963_rank295,219,265,0.24102,13
ILSVRC2012_val_00043751_with_ILSVRC2012_val_00036434_rank255,308,308,0.93317,0
ILSVRC2012_val_00043751_with_ILSVRC2012_val_00044377_rank038,139,139,0.89089,0
ILSVRC2012_val_00043751_with_ILSVRC2012_val_00049395_rank468,51,519,0.26099,826
ILSVRC2012_val_00043751_with_ILSVRC2012_val_00042373_rank969,773,773,0.96757,0
ILSVRC2012_val_00043751_with_ILSVRC2012_val_00026208_rank349,226,226,0.73268,0
ILSVRC2012_val_00043751_with_ILSVRC2012_val_00048193_rank536,449,519,0.31475,129
ILSVRC2012_val_00043751_with_ILSVRC2012_val_00005172_rank422,29,390,0.09496,6
ILSVRC2012_val_00043751_with_ILSVRC2012_val_00042028_rank365,545,545,0.96996,0
ILSVRC2012_val_00043751_with_ILSVRC2012_val_00015578_rank868,386,386,0.88749,0
ILSVRC2012_val_00043751_with_ILSVRC2012_val_00047707_rank806,169,169,0.96059,0
ILSVRC2012_val_00043751_with_ILSVRC2012_val_00049701_rank809,804,804,0.1097,0
ILSVRC2012_val_00043751_with_ILSVRC2012_val_00030377_rank696,190,190,0.25335,0
ILSVRC2012_val_00043751_with_ILSVRC2012_val_00004775_rank662,539,519,0.84431,12
ILSVRC2012_val_00043751_with_ILSVRC2012_val_00011369_rank098,132,132,0.73473,0
ILSVRC2012_val_00043751_with_ILSVRC2012_val_00006767_rank863,557,519,0.40918,410
ILSVRC2012_val_00043751_with_ILSVRC2012_val_00018795_rank846,435,896,0.45878,2
ILSVRC2012_val_00043751_with_ILSVRC2012_val_00048973_rank846,435,519,0.23024,130
ILSVRC2012_val_00043751_with_ILSVRC2012_val_00031303_rank299,585,427,0.47975,379
ILSVRC2012_val_00043751_with_ILSVRC2012_val_00003312_rank079,853,462,0.6035,8
ILSVRC2012_val_00043751_with_ILSVRC2012_val_00039324_rank971,712,519,0.17627,530
ILSVRC2012_val_00043751_with_ILSVRC2012_val_00006540_rank702,977,491,0.45999,948
ILSVRC2012_val_00043751_with_ILSVRC2012_val_00010395_rank108,49,50,0.67842,1
ILSVRC2012_val_00043751_with_ILSVRC2012_val_00012776_rank714,655,731,0.08709,153
ILSVRC2012_val_00043751_with_ILSVRC2012_val_00046626_rank104,396,396,0.97432,0
ILSVRC2012_val_00043751_with_ILSVRC2012_val_00043800_rank232,913,519,0.54886,100
ILSVRC2012_val_00043751_with_ILSVRC2012_val_00047861_rank775,827,519,0.20218,235
ILSVRC2012_val_00043751_with_ILSVRC2012_val_00003553_rank886,906,834,0.78354,1
ILSVRC2012_val_00043751_with_ILSVRC2012_val_00021499_rank121,321,321,0.9868,0
ILSVRC2012_val_00043751_with_ILSVRC2012_val_00018294_rank966,818,417,0.43766,170
ILSVRC2012_val_00043751_with_ILSVRC2012_val_00028182_rank234,776,519,0.36038,565
ILSVRC2012_val_00043751_with_ILSVRC2012_val_00035166_rank302,378,378,0.88856,0
ILSVRC2012_val_00043751_with_ILSVRC2012_val_00018612_rank898,802,802,0.93116,0
ILSVRC2012_val_00043751_with_ILSVRC2012_val_00049448_rank032,63,600,0.36365,244
ILSVRC2012_val_00043751_with_ILSVRC2012_val_00001811_rank957,831,519,0.19007,128
ILSVRC2012_val_00043751_with_ILSVRC2012_val_00043026_rank122,993,993,0.97566,0
ILSVRC2012_val_00043751_with_ILSVRC2012_val_00032444_rank952,635,507,0.33576,11
ILSVRC2012_val_00043751_with_ILSVRC2012_val_00017686_rank996,531,531,0.83517,0
ILSVRC2012_val_00043751_with_ILSVRC2012_val_00034317_rank094,981,519,0.51587,334
ILSVRC2012_val_00043751_with_ILSVRC2012_val_00021762_rank340,513,845,0.24797,90
ILSVRC2012_val_00043751_with_ILSVRC2012_val_00000285_rank886,906,399,0.36421,20
ILSVRC2012_val_00043751_with_ILSVRC2012_val_00008116_rank648,663,448,0.1938,271
ILSVRC2012_val_00043751_with_ILSVRC2012_val_00008944_rank275,216,216,0.51156,0
ILSVRC2012_val_00043751_with_ILSVRC2012_val_00004250_rank744,524,524,0.17582,0
ILSVRC2012_val_00043751_with_ILSVRC2012_val_00012385_rank746,528,528,0.98643,0
ILSVRC2012_val_00043751_with_ILSVRC2012_val_00003512_rank851,754,754,0.99093,0
ILSVRC2012_val_00043751_with_ILSVRC2012_val_00037916_rank339,242,242,0.96809,0
ILSVRC2012_val_00043751_with_ILSVRC2012_val_00047252_rank019,83,85,0.12124,6
ILSVRC2012_val_00043751_with_ILSVRC2012_val_00002743_rank164,123,123,0.22704,0
ILSVRC2012_val_00043751_with_ILSVRC2012_val_00004920_rank123,985,985,0.7558,0
ILSVRC2012_val_00043751_with_ILSVRC2012_val_00004560_rank200,197,197,0.82705,0
ILSVRC2012_val_00043751_with_ILSVRC2012_val_00035591_rank585,295,295,0.94783,0
ILSVRC2012_val_00043751_with_ILSVRC2012_val_00047949_rank047,994,519,0.18143,713
ILSVRC2012_val_00043751_with_ILSVRC2012_val_00022523_rank620,591,519,0.15979,540
ILSVRC2012_val_00043751_with_ILSVRC2012_val_00006990_rank540,601,462,0.30344,42
ILSVRC2012_val_00043751_with_ILSVRC2012_val_00015266_rank010,9,9,0.94174,0
ILSVRC2012_val_00043751_with_ILSVRC2012_val_00027797_rank359,519,519,0.49332,0
ILSVRC2012_val_00043751_with_ILSVRC2012_val_00017032_rank077,128,519,0.29819,803
ILSVRC2012_val_00043751_with_ILSVRC2012_val_00037979_rank555,778,448,0.12342,466
ILSVRC2012_val_00043751_with_ILSVRC2012_val_00038733_rank501,936,936,0.98092,0
ILSVRC2012_val_00043751_with_ILSVRC2012_val_00001411_rank741,675,519,0.26,16
ILSVRC2012_val_00043751_with_ILSVRC2012_val_00042783_rank483,40,40,0.52169,0
ILSVRC2012_val_00043751_with_ILSVRC2012_val_00010518_rank711,563,845,0.41556,18
ILSVRC2012_val_00043751_with_ILSVRC2012_val_00043807_rank546,740,740,0.83367,0
ILSVRC2012_val_00043751_with_ILSVRC2012_val_00009510_rank001,7,7,0.65235,0
ILSVRC2012_val_00043751_with_ILSVRC2012_val_00019630_rank461,25,25,0.90829,0
ILSVRC2012_val_00043751_with_ILSVRC2012_val_00045735_rank806,169,169,0.93327,0
ILSVRC2012_val_00043751_with_ILSVRC2012_val_00005431_rank597,923,931,0.64163,20
ILSVRC2012_val_00043751_with_ILSVRC2012_val_00032605_rank968,679,519,0.2213,612
ILSVRC2012_val_00043751_with_ILSVRC2012_val_00018916_rank518,162,162,0.32045,0
ILSVRC2012_val_00043751_with_ILSVRC2012_val_00045786_rank847,472,502,0.06374,87
ILSVRC2012_val_00043751_with_ILSVRC2012_val_00044317_rank008,93,93,0.97628,0
ILSVRC2012_val_00043751_with_ILSVRC2012_val_00048490_rank843,685,685,0.96035,0
ILSVRC2012_val_00043751_with_ILSVRC2012_val_00010693_rank439,225,225,0.72582,0
ILSVRC2012_val_00043751_with_ILSVRC2012_val_00024270_rank090,137,137,0.96528,0
ILSVRC2012_val_00043751_with_ILSVRC2012_val_00023269_rank532,724,913,0.20625,2
ILSVRC2012_val_00043751_with_ILSVRC2012_val_00029556_rank942,683,519,0.29259,541
ILSVRC2012_val_00043751_with_ILSVRC2012_val_00019703_rank629,614,614,0.95064,0
ILSVRC2012_val_00043751_with_ILSVRC2012_val_00038744_rank642,932,932,0.32021,0
ILSVRC2012_val_00043751_with_ILSVRC2012_val_00009953_rank203,514,514,0.97796,0
ILSVRC2012_val_00043751_with_ILSVRC2012_val_00033978_rank644,458,519,0.32585,41
ILSVRC2012_val_00043751_with_ILSVRC2012_val_00044837_rank408,676,676,0.9606,0
ILSVRC2012_val_00043751_with_ILSVRC2012_val_00015629_rank338,840,840,0.74809,0
ILSVRC2012_val_00043751_with_ILSVRC2012_val_00026243_rank205,961,519,0.28229,610
ILSVRC2012_val_00043751_with_ILSVRC2012_val_00006327_rank420,463,600,0.14807,85
ILSVRC2012_val_00043751_with_ILSVRC2012_val_00040430_rank635,419,898,0.24572,141
ILSVRC2012_val_00043751_with_ILSVRC2012_val_00016443_rank508,269,269,0.76727,0
ILSVRC2012_val_00043751_with_ILSVRC2012_val_00038514_rank698,503,503,0.80805,0
ILSVRC2012_val_00043751_with_ILSVRC2012_val_00033366_rank675,881,519,0.09547,43
ILSVRC2012_val_00043751_with_ILSVRC2012_val_00023461_rank986,384,137,0.33081,214
ILSVRC2012_val_00043751_with_ILSVRC2012_val_00029637_rank711,563,563,0.9438,0
ILSVRC2012_val_00043751_with_ILSVRC2012_val_00023427_rank587,609,609,0.89847,0
ILSVRC2012_val_00043751_with_ILSVRC2012_val_00044565_rank046,133,133,0.97263,0
ILSVRC2012_val_00043751_with_ILSVRC2012_val_00002878_rank293,212,212,0.96962,0
ILSVRC2012_val_00043751_with_ILSVRC2012_val_00014646_rank812,407,407,0.96949,0
ILSVRC2012_val_00043751_with_ILSVRC2012_val_00046333_rank064,140,140,0.88672,0
ILSVRC2012_val_00043751_with_ILSVRC2012_val_00034480_rank700,718,519,0.0504,75
ILSVRC2012_val_00043751_with_ILSVRC2012_val_00022341_rank059,213,213,0.41467,0
ILSVRC2012_val_00043751_with_ILSVRC2012_val_00026160_rank915,526,519,0.11904,80
ILSVRC2012_val_00043751_with_ILSVRC2012_val_00017835_rank750,689,519,0.18455,564
ILSVRC2012_val_00043751_with_ILSVRC2012_val_00040838_rank707,437,519,0.53438,842
ILSVRC2012_val_00043751_with_ILSVRC2012_val_00019656_rank861,771,844,0.55697,12
ILSVRC2012_val_00043751_with_ILSVRC2012_val_00023792_rank856,636,414,0.21774,2
ILSVRC2012_val_00043751_with_ILSVRC2012_val_00029756_rank463,74,73,0.36245,2
ILSVRC2012_val_00043751_with_ILSVRC2012_val_00022148_rank027,90,90,0.9799,0
ILSVRC2012_val_00043751_with_ILSVRC2012_val_00006237_rank085,616,616,0.11228,0
ILSVRC2012_val_00043751_with_ILSVRC2012_val_00005126_rank621,245,245,0.95637,0
ILSVRC2012_val_00043751_with_ILSVRC2012_val_00011265_rank054,957,504,0.73357,222
ILSVRC2012_val_00043751_with_ILSVRC2012_val_00042403_rank542,783,783,0.84868,0
ILSVRC2012_val_00043751_with_ILSVRC2012_val_00046752_rank489,354,354,0.98197,0
ILSVRC2012_val_00043751_with_ILSVRC2012_val_00033357_rank390,255,255,0.91963,0
ILSVRC2012_val_00043751_with_ILSVRC2012_val_00013762_rank459,220,220,0.84334,0
ILSVRC2012_val_00043751_with_ILSVRC2012_val_00024481_rank697,904,904,0.72333,0
ILSVRC2012_val_00043751_with_ILSVRC2012_val_00001244_rank093,155,155,0.88941,0
ILSVRC2012_val_00043751_with_ILSVRC2012_val_00035183_rank179,99,99,0.97748,0
ILSVRC2012_val_00043751_with_ILSVRC2012_val_00017937_rank036,214,214,0.96884,0
ILSVRC2012_val_00043751_with_ILSVRC2012_val_00026495_rank772,764,413,0.29565,1
ILSVRC2012_val_00043751_with_ILSVRC2012_val_00000596_rank525,471,519,0.1001,373
ILSVRC2012_val_00043751_with_ILSVRC2012_val_00024285_rank299,585,463,0.27898,599
ILSVRC2012_val_00043751_with_ILSVRC2012_val_00035414_rank518,162,166,0.35589,2
ILSVRC2012_val_00043751_with_ILSVRC2012_val_00044583_rank326,587,596,0.18769,1
ILSVRC2012_val_00043751_with_ILSVRC2012_val_00041671_rank772,764,519,0.68444,281
ILSVRC2012_val_00043751_with_ILSVRC2012_val_00017676_rank137,215,215,0.9692,0
ILSVRC2012_val_00043751_with_ILSVRC2012_val_00008887_rank014,130,130,0.98588,0
ILSVRC2012_val_00043751_with_ILSVRC2012_val_00024799_rank500,863,863,0.95005,0
ILSVRC2012_val_00043751_with_ILSVRC2012_val_00006630_rank215,218,218,0.81112,0
ILSVRC2012_val_00043751_with_ILSVRC2012_val_00028587_rank426,959,519,0.34156,881
ILSVRC2012_val_00043751_with_ILSVRC2012_val_00021649_rank559,652,652,0.45159,0
ILSVRC2012_val_00043751_with_ILSVRC2012_val_00021656_rank064,140,519,0.35271,787
ILSVRC2012_val_00043751_with_ILSVRC2012_val_00004846_rank941,284,360,0.06653,35
ILSVRC2012_val_00043751_with_ILSVRC2012_val_00029428_rank202,716,716,0.29879,0
ILSVRC2012_val_00043751_with_ILSVRC2012_val_00007330_rank517,208,208,0.27765,0
ILSVRC2012_val_00043751_with_ILSVRC2012_val_00024283_rank130,44,44,0.83612,0
ILSVRC2012_val_00043751_with_ILSVRC2012_val_00022764_rank961,70,616,0.25061,609
ILSVRC2012_val_00043751_with_ILSVRC2012_val_00046662_rank285,600,600,0.36253,0
ILSVRC2012_val_00043751_with_ILSVRC2012_val_00006760_rank816,320,319,0.845,1
ILSVRC2012_val_00043751_with_ILSVRC2012_val_00025970_rank174,202,202,0.95595,0
ILSVRC2012_val_00043751_with_ILSVRC2012_val_00004182_rank924,58,63,0.38317,11
ILSVRC2012_val_00043751_with_ILSVRC2012_val_00032148_rank212,228,228,0.54979,0
ILSVRC2012_val_00043751_with_ILSVRC2012_val_00046117_rank829,371,51,0.08243,380
ILSVRC2012_val_00043751_with_ILSVRC2012_val_00021029_rank882,512,512,0.96055,0
ILSVRC2012_val_00043751_with_ILSVRC2012_val_00008998_rank835,859,859,0.98339,0
ILSVRC2012_val_00043751_with_ILSVRC2012_val_00026853_rank512,927,927,0.9822,0
ILSVRC2012_val_00043751_with_ILSVRC2012_val_00039958_rank529,333,333,0.94755,0
ILSVRC2012_val_00043751_with_ILSVRC2012_val_00028683_rank387,173,173,0.65699,0
ILSVRC2012_val_00043751_with_ILSVRC2012_val_00022087_rank706,761,761,0.8724,0
ILSVRC2012_val_00043751_with_ILSVRC2012_val_00001697_rank120,157,151,0.66397,7
ILSVRC2012_val_00043751_with_ILSVRC2012_val_00029711_rank481,883,849,0.7462,9
ILSVRC2012_val_00043751_with_ILSVRC2012_val_00004554_rank009,23,23,0.90633,0
ILSVRC2012_val_00043751_with_ILSVRC2012_val_00008530_rank660,878,878,0.92789,0
ILSVRC2012_val_00043751_with_ILSVRC2012_val_00027847_rank965,823,617,0.48373,1
ILSVRC2012_val_00043751_with_ILSVRC2012_val_00019232_rank744,524,524,0.23968,0
ILSVRC2012_val_00043751_with_ILSVRC2012_val_00013855_rank510,880,519,0.44524,108
ILSVRC2012_val_00043751_with_ILSVRC2012_val_00013791_rank865,988,988,0.97509,0
ILSVRC2012_val_00043751_with_ILSVRC2012_val_00041873_rank491,468,519,0.73548,378
ILSVRC2012_val_00043751_with_ILSVRC2012_val_00039449_rank893,555,555,0.93155,0
ILSVRC2012_val_00043751_with_ILSVRC2012_val_00002231_rank263,62,61,0.29409,1
ILSVRC2012_val_00043751_with_ILSVRC2012_val_00005810_rank586,834,519,0.19775,468
ILSVRC2012_val_00043751_with_ILSVRC2012_val_00026675_rank787,194,194,0.88859,0
ILSVRC2012_val_00043751_with_ILSVRC2012_val_00026494_rank634,403,403,0.25937,0
ILSVRC2012_val_00043751_with_ILSVRC2012_val_00018478_rank222,971,618,0.51795,103
ILSVRC2012_val_00043751_with_ILSVRC2012_val_00039413_rank891,839,519,0.10526,283
ILSVRC2012_val_00043751_with_ILSVRC2012_val_00036994_rank127,489,381,0.53086,440
ILSVRC2012_val_00043751_with_ILSVRC2012_val_00005205_rank560,385,354,0.12665,5
ILSVRC2012_val_00043751_with_ILSVRC2012_val_00012636_rank407,934,934,0.47336,0
ILSVRC2012_val_00043751_with_ILSVRC2012_val_00040848_rank941,284,519,0.29455,670
ILSVRC2012_val_00043751_with_ILSVRC2012_val_00039136_rank716,688,688,0.92353,0
ILSVRC2012_val_00043751_with_ILSVRC2012_val_00037016_rank680,523,523,0.34724,0
ILSVRC2012_val_00043751_with_ILSVRC2012_val_00038401_rank079,853,519,0.2309,196
ILSVRC2012_val_00043751_with_ILSVRC2012_val_00014917_rank002,8,8,0.88944,0
ILSVRC2012_val_00043751_with_ILSVRC2012_val_00016259_rank134,4,4,0.782,0
ILSVRC2012_val_00043751_with_ILSVRC2012_val_00009780_rank413,569,569,0.38981,0
ILSVRC2012_val_00043751_with_ILSVRC2012_val_00019950_rank497,453,519,0.56922,18
ILSVRC2012_val_00043751_with_ILSVRC2012_val_00042942_rank071,515,402,0.68978,30
ILSVRC2012_val_00043751_with_ILSVRC2012_val_00013675_rank625,36,36,0.89981,0
ILSVRC2012_val_00043751_with_ILSVRC2012_val_00033792_rank741,675,519,0.38478,16
ILSVRC2012_val_00043751_with_ILSVRC2012_val_00021737_rank876,604,604,0.89418,0
ILSVRC2012_val_00043751_with_ILSVRC2012_val_00000940_rank981,103,103,0.49781,0
ILSVRC2012_val_00043751_with_ILSVRC2012_val_00000658_rank233,261,261,0.89089,0
ILSVRC2012_val_00043751_with_ILSVRC2012_val_00049387_rank861,771,771,0.82516,0
ILSVRC2012_val_00043751_with_ILSVRC2012_val_00004852_rank224,265,266,0.454,1
ILSVRC2012_val_00043751_with_ILSVRC2012_val_00015170_rank051,363,711,0.0369,999
ILSVRC2012_val_00043751_with_ILSVRC2012_val_00018022_rank897,303,303,0.86612,0
ILSVRC2012_val_00043751_with_ILSVRC2012_val_00000648_rank007,134,134,0.91778,0
ILSVRC2012_val_00043751_with_ILSVRC2012_val_00037989_rank792,175,175,0.54043,0
ILSVRC2012_val_00043751_with_ILSVRC2012_val_00019810_rank046,133,133,0.96129,0
ILSVRC2012_val_00043751_with_ILSVRC2012_val_00046441_rank202,716,716,0.89276,0
ILSVRC2012_val_00043751_with_ILSVRC2012_val_00010259_rank692,516,516,0.53842,0
ILSVRC2012_val_00043751_with_ILSVRC2012_val_00045054_rank091,135,135,0.99036,0
ILSVRC2012_val_00043751_with_ILSVRC2012_val_00027151_rank289,858,519,0.80587,132
ILSVRC2012_val_00043751_with_ILSVRC2012_val_00009258_rank835,859,859,0.9519,0
ILSVRC2012_val_00043751_with_ILSVRC2012_val_00044708_rank269,115,611,0.91443,361
ILSVRC2012_val_00043751_with_ILSVRC2012_val_00017037_rank340,513,513,0.47557,0
ILSVRC2012_val_00043751_with_ILSVRC2012_val_00026491_rank823,532,519,0.29015,164
ILSVRC2012_val_00043751_with_ILSVRC2012_val_00048005_rank839,583,583,0.52652,0
ILSVRC2012_val_00043751_with_ILSVRC2012_val_00003200_rank651,510,510,0.84676,0
ILSVRC2012_val_00043751_with_ILSVRC2012_val_00012555_rank545,645,519,0.26646,918
ILSVRC2012_val_00043751_with_ILSVRC2012_val_00025979_rank027,90,90,0.95997,0
ILSVRC2012_val_00043751_with_ILSVRC2012_val_00042363_rank536,449,519,0.18543,129
ILSVRC2012_val_00043751_with_ILSVRC2012_val_00017765_rank087,292,292,0.68908,0
ILSVRC2012_val_00043751_with_ILSVRC2012_val_00006281_rank729,431,516,0.22014,1
ILSVRC2012_val_00043751_with_ILSVRC2012_val_00028911_rank916,632,848,0.29274,3
ILSVRC2012_val_00043751_with_ILSVRC2012_val_00018357_rank304,234,234,0.89006,0
ILSVRC2012_val_00043751_with_ILSVRC2012_val_00018311_rank508,269,269,0.78911,0
ILSVRC2012_val_00043751_with_ILSVRC2012_val_00005973_rank657,540,519,0.75606,232
ILSVRC2012_val_00043751_with_ILSVRC2012_val_00002515_rank066,122,122,0.84741,0
ILSVRC2012_val_00043751_with_ILSVRC2012_val_00015507_rank973,408,519,0.2483,246
ILSVRC2012_val_00043751_with_ILSVRC2012_val_00023553_rank278,154,154,0.7973,0
ILSVRC2012_val_00043751_with_ILSVRC2012_val_00034551_rank063,275,275,0.71332,0
ILSVRC2012_val_00043751_with_ILSVRC2012_val_00037375_rank785,758,758,0.67856,0
ILSVRC2012_val_00043751_with_ILSVRC2012_val_00000396_rank306,76,76,0.86007,0
ILSVRC2012_val_00043751_with_ILSVRC2012_val_00049350_rank422,29,29,0.98288,0
ILSVRC2012_val_00043751_with_ILSVRC2012_val_00046309_rank202,716,716,0.92752,0
ILSVRC2012_val_00043751_with_ILSVRC2012_val_00033589_rank908,717,717,0.77763,0
ILSVRC2012_val_00043751_with_ILSVRC2012_val_00017928_rank681,570,570,0.75472,0
ILSVRC2012_val_00043751_with_ILSVRC2012_val_00041806_rank663,466,466,0.89959,0
ILSVRC2012_val_00043751_with_ILSVRC2012_val_00007041_rank982,678,880,0.35687,178
ILSVRC2012_val_00043751_with_ILSVRC2012_val_00019422_rank708,996,996,0.54377,0
ILSVRC2012_val_00043751_with_ILSVRC2012_val_00014813_rank646,283,283,0.24234,0
ILSVRC2012_val_00043751_with_ILSVRC2012_val_00023490_rank798,412,412,0.55132,0
ILSVRC2012_val_00043751_with_ILSVRC2012_val_00043181_rank018,127,127,0.9273,0
ILSVRC2012_val_00043751_with_ILSVRC2012_val_00001395_rank932,797,797,0.2279,0
ILSVRC2012_val_00043751_with_ILSVRC2012_val_00001476_rank426,959,959,0.92384,0
ILSVRC2012_val_00043751_with_ILSVRC2012_val_00025738_rank032,63,63,0.93523,0
ILSVRC2012_val_00043751_with_ILSVRC2012_val_00036295_rank790,307,307,0.38137,0
ILSVRC2012_val_00043751_with_ILSVRC2012_val_00009333_rank607,763,502,0.17483,346
ILSVRC2012_val_00043751_with_ILSVRC2012_val_00037708_rank814,910,910,0.78715,0
ILSVRC2012_val_00043751_with_ILSVRC2012_val_00030747_rank275,216,216,0.96948,0
ILSVRC2012_val_00043751_with_ILSVRC2012_val_00003070_rank958,47,47,0.94627,0
ILSVRC2012_val_00043751_with_ILSVRC2012_val_00040816_rank532,724,576,0.23133,23
ILSVRC2012_val_00043751_with_ILSVRC2012_val_00041491_rank096,353,353,0.7319,0
ILSVRC2012_val_00043751_with_ILSVRC2012_val_00008224_rank859,77,43,0.12681,265
ILSVRC2012_val_00043751_with_ILSVRC2012_val_00007099_rank962,732,732,0.98521,0
ILSVRC2012_val_00043751_with_ILSVRC2012_val_00022467_rank213,486,792,0.1929,582
ILSVRC2012_val_00043751_with_ILSVRC2012_val_00048252_rank005,97,97,0.97887,0
ILSVRC2012_val_00043751_with_ILSVRC2012_val_00043339_rank824,757,547,0.46056,22
ILSVRC2012_val_00043751_with_ILSVRC2012_val_00049646_rank760,35,35,0.59402,0
ILSVRC2012_val_00043751_with_ILSVRC2012_val_00022673_rank380,660,660,0.76558,0
ILSVRC2012_val_00043751_with_ILSVRC2012_val_00027942_rank878,494,519,0.11226,963
ILSVRC2012_val_00043751_with_ILSVRC2012_val_00024938_rank636,30,30,0.95162,0
ILSVRC2012_val_00043751_with_ILSVRC2012_val_00040788_rank106,290,290,0.94921,0
ILSVRC2012_val_00043751_with_ILSVRC2012_val_00042064_rank097,690,603,0.96755,2
ILSVRC2012_val_00043751_with_ILSVRC2012_val_00027623_rank743,443,412,0.14768,983
ILSVRC2012_val_00043751_with_ILSVRC2012_val_00023198_rank490,267,265,0.24865,2
ILSVRC2012_val_00043751_with_ILSVRC2012_val_00047857_rank049,462,462,0.19653,0
ILSVRC2012_val_00043751_with_ILSVRC2012_val_00033743_rank375,273,253,0.26221,7
ILSVRC2012_val_00043751_with_ILSVRC2012_val_00000113_rank444,227,227,0.4991,0
ILSVRC2012_val_00043751_with_ILSVRC2012_val_00041595_rank142,14,14,0.9785,0
ILSVRC2012_val_00043751_with_ILSVRC2012_val_00021974_rank227,56,60,0.10684,3
ILSVRC2012_val_00043751_with_ILSVRC2012_val_00010138_rank007,134,23,0.16422,12
ILSVRC2012_val_00043751_with_ILSVRC2012_val_00049352_rank179,99,99,0.97745,0
ILSVRC2012_val_00043751_with_ILSVRC2012_val_00012876_rank620,591,591,0.22465,0
ILSVRC2012_val_00043751_with_ILSVRC2012_val_00039762_rank594,796,748,0.20171,274
ILSVRC2012_val_00043751_with_ILSVRC2012_val_00017758_rank694,999,519,0.70724,190
ILSVRC2012_val_00043751_with_ILSVRC2012_val_00049409_rank511,452,850,0.26233,14
ILSVRC2012_val_00043751_with_ILSVRC2012_val_00017308_rank617,492,492,0.38228,0
ILSVRC2012_val_00043751_with_ILSVRC2012_val_00024169_rank792,175,155,0.38537,63
ILSVRC2012_val_00043751_with_ILSVRC2012_val_00005361_rank403,668,663,0.12465,3
ILSVRC2012_val_00043751_with_ILSVRC2012_val_00041035_rank777,746,519,0.92694,440
ILSVRC2012_val_00043751_with_ILSVRC2012_val_00007564_rank091,135,135,0.98515,0
ILSVRC2012_val_00043751_with_ILSVRC2012_val_00030836_rank191,946,946,0.59852,0
ILSVRC2012_val_00043751_with_ILSVRC2012_val_00032764_rank730,110,390,0.29935,7
ILSVRC2012_val_00043751_with_ILSVRC2012_val_00010338_rank727,921,619,0.11769,180
ILSVRC2012_val_00043751_with_ILSVRC2012_val_00005737_rank451,829,829,0.69823,0
ILSVRC2012_val_00043751_with_ILSVRC2012_val_00026195_rank344,741,519,0.54435,361
ILSVRC2012_val_00043751_with_ILSVRC2012_val_00027407_rank914,891,519,0.08231,815
ILSVRC2012_val_00043751_with_ILSVRC2012_val_00005250_rank852,627,519,0.11507,924
ILSVRC2012_val_00043751_with_ILSVRC2012_val_00024921_rank145,367,366,0.03388,1
ILSVRC2012_val_00043751_with_ILSVRC2012_val_00003274_rank497,453,453,0.60558,0
ILSVRC2012_val_00043751_with_ILSVRC2012_val_00016700_rank433,34,34,0.88966,0
ILSVRC2012_val_00043751_with_ILSVRC2012_val_00038984_rank381,351,519,0.32139,600
ILSVRC2012_val_00043751_with_ILSVRC2012_val_00005671_rank460,862,792,0.0452,156
ILSVRC2012_val_00043751_with_ILSVRC2012_val_00018139_rank504,401,401,0.99215,0
ILSVRC2012_val_00043751_with_ILSVRC2012_val_00017214_rank853,765,519,0.38721,186
ILSVRC2012_val_00043751_with_ILSVRC2012_val_00030232_rank928,964,964,0.86137,0
ILSVRC2012_val_00043751_with_ILSVRC2012_val_00004644_rank891,839,519,0.49237,283
ILSVRC2012_val_00043751_with_ILSVRC2012_val_00043847_rank331,760,760,0.16598,0
ILSVRC2012_val_00043751_with_ILSVRC2012_val_00029826_rank586,834,519,0.60146,468
ILSVRC2012_val_00043751_with_ILSVRC2012_val_00022125_rank535,174,174,0.97245,0
ILSVRC2012_val_00043751_with_ILSVRC2012_val_00021754_rank705,195,151,0.15549,7
ILSVRC2012_val_00043751_with_ILSVRC2012_val_00044948_rank529,333,106,0.46844,18
ILSVRC2012_val_00043751_with_ILSVRC2012_val_00002668_rank072,11,11,0.96968,0
ILSVRC2012_val_00043751_with_ILSVRC2012_val_00044292_rank165,669,669,0.1819,0
ILSVRC2012_val_00043751_with_ILSVRC2012_val_00027685_rank327,808,808,0.95088,0
ILSVRC2012_val_00043751_with_ILSVRC2012_val_00013779_rank679,899,412,0.68542,45
ILSVRC2012_val_00043751_with_ILSVRC2012_val_00006385_rank381,351,351,0.96347,0
ILSVRC2012_val_00043751_with_ILSVRC2012_val_00043961_rank266,399,399,0.94897,0
ILSVRC2012_val_00043751_with_ILSVRC2012_val_00047133_rank814,910,618,0.20037,2
ILSVRC2012_val_00043751_with_ILSVRC2012_val_00013753_rank081,17,17,0.96765,0
ILSVRC2012_val_00043751_with_ILSVRC2012_val_00040358_rank770,0,519,0.84346,734
ILSVRC2012_val_00043751_with_ILSVRC2012_val_00008167_rank294,291,343,0.39798,15
ILSVRC2012_val_00043751_with_ILSVRC2012_val_00034176_rank018,127,127,0.96566,0
ILSVRC2012_val_00043751_with_ILSVRC2012_val_00027594_rank814,910,792,0.70686,33
ILSVRC2012_val_00043751_with_ILSVRC2012_val_00042007_rank315,654,407,0.60646,5
ILSVRC2012_val_00043751_with_ILSVRC2012_val_00020358_rank259,791,791,0.56105,0
ILSVRC2012_val_00043751_with_ILSVRC2012_val_00011863_rank928,964,930,0.09758,2
ILSVRC2012_val_00043751_with_ILSVRC2012_val_00043039_rank169,929,519,0.80778,359
ILSVRC2012_val_00043751_with_ILSVRC2012_val_00017012_rank591,28,28,0.94536,0
ILSVRC2012_val_00043751_with_ILSVRC2012_val_00034012_rank218,836,519,0.39645,713
ILSVRC2012_val_00043751_with_ILSVRC2012_val_00014019_rank651,510,510,0.41953,0
ILSVRC2012_val_00043751_with_ILSVRC2012_val_00035467_rank662,539,664,0.05533,627
ILSVRC2012_val_00043751_with_ILSVRC2012_val_00048325_rank909,798,798,0.78786,0
ILSVRC2012_val_00043751_with_ILSVRC2012_val_00018633_rank650,815,879,0.80027,159
ILSVRC2012_val_00043751_with_ILSVRC2012_val_00027908_rank868,386,386,0.89926,0
ILSVRC2012_val_00043751_with_ILSVRC2012_val_00028626_rank653,41,600,0.3871,895
ILSVRC2012_val_00043751_with_ILSVRC2012_val_00029197_rank139,775,790,0.0943,278
ILSVRC2012_val_00043751_with_ILSVRC2012_val_00002137_rank758,394,17,0.18569,351
ILSVRC2012_val_00043751_with_ILSVRC2012_val_00031565_rank265,364,364,0.82052,0
ILSVRC2012_val_00043751_with_ILSVRC2012_val_00003392_rank473,109,109,0.92882,0
ILSVRC2012_val_00043751_with_ILSVRC2012_val_00001321_rank724,875,875,0.93529,0
ILSVRC2012_val_00043751_with_ILSVRC2012_val_00029195_rank594,796,8,0.08569,816
ILSVRC2012_val_00043751_with_ILSVRC2012_val_00047068_rank766,687,687,0.96431,0
ILSVRC2012_val_00043751_with_ILSVRC2012_val_00033067_rank188,236,236,0.8359,0
ILSVRC2012_val_00043751_with_ILSVRC2012_val_00041937_rank500,863,863,0.29345,0
ILSVRC2012_val_00043751_with_ILSVRC2012_val_00029447_rank310,950,792,0.04731,768
ILSVRC2012_val_00043751_with_ILSVRC2012_val_00012194_rank996,531,754,0.20234,56
ILSVRC2012_val_00043751_with_ILSVRC2012_val_00025346_rank266,399,399,0.15736,0
ILSVRC2012_val_00043751_with_ILSVRC2012_val_00017286_rank367,469,469,0.70847,0
ILSVRC2012_val_00043751_with_ILSVRC2012_val_00013847_rank134,4,4,0.72361,0
ILSVRC2012_val_00043751_with_ILSVRC2012_val_00011967_rank612,294,294,0.14375,0
ILSVRC2012_val_00043751_with_ILSVRC2012_val_00036476_rank479,493,493,0.57488,0
ILSVRC2012_val_00043751_with_ILSVRC2012_val_00020861_rank872,68,67,0.73714,3
ILSVRC2012_val_00043751_with_ILSVRC2012_val_00025903_rank363,251,251,0.97671,0
ILSVRC2012_val_00043751_with_ILSVRC2012_val_00006128_rank624,442,519,0.37418,386
ILSVRC2012_val_00043751_with_ILSVRC2012_val_00018553_rank576,483,519,0.33385,358
ILSVRC2012_val_00043751_with_ILSVRC2012_val_00029759_rank102,309,309,0.83769,0
ILSVRC2012_val_00043751_with_ILSVRC2012_val_00030433_rank535,174,105,0.23928,112
ILSVRC2012_val_00043751_with_ILSVRC2012_val_00034957_rank324,113,519,0.57069,985
ILSVRC2012_val_00043751_with_ILSVRC2012_val_00021139_rank011,80,80,0.87875,0
ILSVRC2012_val_00043751_with_ILSVRC2012_val_00000431_rank491,468,468,0.88666,0
ILSVRC2012_val_00043751_with_ILSVRC2012_val_00048616_rank753,418,677,0.8856,49
ILSVRC2012_val_00043751_with_ILSVRC2012_val_00023318_rank175,907,737,0.36032,3
ILSVRC2012_val_00043751_with_ILSVRC2012_val_00000675_rank166,336,336,0.87287,0
ILSVRC2012_val_00043751_with_ILSVRC2012_val_00021497_rank383,50,519,0.14642,813
ILSVRC2012_val_00043751_with_ILSVRC2012_val_00040145_rank383,50,50,0.89953,0
ILSVRC2012_val_00043751_with_ILSVRC2012_val_00039484_rank085,616,616,0.88005,0
ILSVRC2012_val_00043751_with_ILSVRC2012_val_00015862_rank451,829,829,0.40644,0
ILSVRC2012_val_00043751_with_ILSVRC2012_val_00021461_rank494,5,6,0.35506,1
ILSVRC2012_val_00043751_with_ILSVRC2012_val_00008011_rank062,43,43,0.95733,0
ILSVRC2012_val_00043751_with_ILSVRC2012_val_00026752_rank895,530,519,0.36942,266
ILSVRC2012_val_00043751_with_ILSVRC2012_val_00021448_rank456,393,393,0.91613,0
ILSVRC2012_val_00043751_with_ILSVRC2012_val_00025495_rank003,86,86,0.60815,0
ILSVRC2012_val_00043751_with_ILSVRC2012_val_00017230_rank298,337,337,0.72681,0
ILSVRC2012_val_00043751_with_ILSVRC2012_val_00005731_rank417,495,519,0.76556,112
ILSVRC2012_val_00043751_with_ILSVRC2012_val_00015951_rank820,786,786,0.79219,0
ILSVRC2012_val_00043751_with_ILSVRC2012_val_00046817_rank517,208,208,0.92494,0
ILSVRC2012_val_00043751_with_ILSVRC2012_val_00032592_rank537,252,160,0.38022,87
ILSVRC2012_val_00043751_with_ILSVRC2012_val_00041909_rank006,82,82,0.7012,0
ILSVRC2012_val_00043751_with_ILSVRC2012_val_00034237_rank499,207,207,0.80311,0
ILSVRC2012_val_00043751_with_ILSVRC2012_val_00014442_rank697,904,904,0.99274,0
ILSVRC2012_val_00043751_with_ILSVRC2012_val_00009170_rank844,586,586,0.98613,0
ILSVRC2012_val_00043751_with_ILSVRC2012_val_00010650_rank550,734,734,0.77389,0
ILSVRC2012_val_00043751_with_ILSVRC2012_val_00002330_rank351,246,225,0.63039,25
ILSVRC2012_val_00043751_with_ILSVRC2012_val_00010156_rank195,95,95,0.97302,0
ILSVRC2012_val_00043751_with_ILSVRC2012_val_00039602_rank395,674,674,0.4626,0
ILSVRC2012_val_00043751_with_ILSVRC2012_val_00009473_rank148,879,738,0.17241,563
ILSVRC2012_val_00043751_with_ILSVRC2012_val_00046725_rank800,633,453,0.43474,415
ILSVRC2012_val_00043751_with_ILSVRC2012_val_00017477_rank951,785,519,0.16432,819
ILSVRC2012_val_00043751_with_ILSVRC2012_val_00045857_rank011,80,80,0.93702,0
ILSVRC2012_val_00043751_with_ILSVRC2012_val_00043628_rank321,561,561,0.96108,0
ILSVRC2012_val_00043751_with_ILSVRC2012_val_00041193_rank549,553,553,0.96962,0
ILSVRC2012_val_00043751_with_ILSVRC2012_val_00030931_rank340,513,513,0.39643,0
ILSVRC2012_val_00043751_with_ILSVRC2012_val_00029799_rank552,264,263,0.42611,1
ILSVRC2012_val_00043751_with_ILSVRC2012_val_00039254_rank910,686,427,0.6856,5
ILSVRC2012_val_00043751_with_ILSVRC2012_val_00017132_rank906,209,209,0.94694,0
ILSVRC2012_val_00043751_with_ILSVRC2012_val_00015710_rank749,170,177,0.69416,1
ILSVRC2012_val_00043751_with_ILSVRC2012_val_00010408_rank139,775,775,0.11846,0
ILSVRC2012_val_00043751_with_ILSVRC2012_val_00044526_rank761,722,722,0.96202,0
ILSVRC2012_val_00043751_with_ILSVRC2012_val_00036557_rank414,390,390,0.11145,0
ILSVRC2012_val_00043751_with_ILSVRC2012_val_00043050_rank242,205,178,0.18018,33
ILSVRC2012_val_00043751_with_ILSVRC2012_val_00027199_rank692,516,519,0.25866,26
ILSVRC2012_val_00043751_with_ILSVRC2012_val_00031128_rank238,302,849,0.42574,229
ILSVRC2012_val_00043751_with_ILSVRC2012_val_00008308_rank289,858,89,0.67401,96
ILSVRC2012_val_00043751_with_ILSVRC2012_val_00023313_rank605,661,661,0.22121,0
ILSVRC2012_val_00043751_with_ILSVRC2012_val_00006061_rank853,765,765,0.96094,0
ILSVRC2012_val_00043751_with_ILSVRC2012_val_00043858_rank579,990,990,0.99409,0
ILSVRC2012_val_00043751_with_ILSVRC2012_val_00027314_rank798,412,412,0.30093,0
ILSVRC2012_val_00043751_with_ILSVRC2012_val_00034715_rank851,754,811,0.77669,41
ILSVRC2012_val_00043751_with_ILSVRC2012_val_00018334_rank924,58,519,0.41804,660
ILSVRC2012_val_00043751_with_ILSVRC2012_val_00004170_rank1000,551,426,0.27856,84
ILSVRC2012_val_00043751_with_ILSVRC2012_val_00035781_rank792,175,226,0.66005,3
ILSVRC2012_val_00043751_with_ILSVRC2012_val_00015968_rank290,595,519,0.35106,85
ILSVRC2012_val_00043751_with_ILSVRC2012_val_00021048_rank045,992,528,0.69584,357
ILSVRC2012_val_00043751_with_ILSVRC2012_val_00040610_rank507,991,519,0.34696,717
ILSVRC2012_val_00043751_with_ILSVRC2012_val_00042709_rank712,117,117,0.98683,0
ILSVRC2012_val_00043751_with_ILSVRC2012_val_00021562_rank596,611,611,0.99145,0
ILSVRC2012_val_00043751_with_ILSVRC2012_val_00049363_rank374,888,519,0.53573,420
ILSVRC2012_val_00043751_with_ILSVRC2012_val_00030408_rank258,120,120,0.96872,0
ILSVRC2012_val_00043751_with_ILSVRC2012_val_00034444_rank884,398,398,0.98621,0
ILSVRC2012_val_00043751_with_ILSVRC2012_val_00021408_rank540,601,601,0.22731,0
ILSVRC2012_val_00043751_with_ILSVRC2012_val_00024866_rank092,643,896,0.63979,177
ILSVRC2012_val_00043751_with_ILSVRC2012_val_00046905_rank290,595,595,0.25251,0
ILSVRC2012_val_00043751_with_ILSVRC2012_val_00026360_rank144,989,989,0.4436,0
ILSVRC2012_val_00043751_with_ILSVRC2012_val_00049445_rank251,843,843,0.36942,0
ILSVRC2012_val_00043751_with_ILSVRC2012_val_00044572_rank946,855,855,0.90084,0
ILSVRC2012_val_00043751_with_ILSVRC2012_val_00043590_rank802,745,745,0.97967,0
ILSVRC2012_val_00043751_with_ILSVRC2012_val_00045251_rank083,339,345,0.15749,4
ILSVRC2012_val_00043751_with_ILSVRC2012_val_00028306_rank837,861,426,0.525,300
ILSVRC2012_val_00043751_with_ILSVRC2012_val_00000162_rank713,894,519,0.05494,27
ILSVRC2012_val_00043751_with_ILSVRC2012_val_00004912_rank492,497,519,0.65129,688
ILSVRC2012_val_00043751_with_ILSVRC2012_val_00036405_rank897,303,311,0.41739,5
ILSVRC2012_val_00043751_with_ILSVRC2012_val_00008829_rank718,64,64,0.66494,0
ILSVRC2012_val_00043751_with_ILSVRC2012_val_00022355_rank012,88,88,0.97677,0
ILSVRC2012_val_00043751_with_ILSVRC2012_val_00016903_rank965,823,870,0.77663,73
ILSVRC2012_val_00043751_with_ILSVRC2012_val_00044249_rank406,248,248,0.5638,0
ILSVRC2012_val_00043751_with_ILSVRC2012_val_00039557_rank786,73,77,0.84497,4
ILSVRC2012_val_00043751_with_ILSVRC2012_val_00038861_rank884,398,398,0.96244,0
ILSVRC2012_val_00043751_with_ILSVRC2012_val_00034356_rank280,163,163,0.97995,0
ILSVRC2012_val_00043751_with_ILSVRC2012_val_00042607_rank960,811,195,0.4039,151
ILSVRC2012_val_00043751_with_ILSVRC2012_val_00002990_rank626,708,519,0.84303,55
ILSVRC2012_val_00043751_with_ILSVRC2012_val_00006926_rank777,746,844,0.09615,141
ILSVRC2012_val_00043751_with_ILSVRC2012_val_00004281_rank411,963,963,0.34116,0
ILSVRC2012_val_00043751_with_ILSVRC2012_val_00004136_rank157,79,519,0.21567,879
ILSVRC2012_val_00043751_with_ILSVRC2012_val_00026232_rank195,95,95,0.96343,0
ILSVRC2012_val_00043751_with_ILSVRC2012_val_00001680_rank297,890,723,0.23195,648
ILSVRC2012_val_00043751_with_ILSVRC2012_val_00011547_rank740,697,697,0.57789,0
ILSVRC2012_val_00043751_with_ILSVRC2012_val_00030805_rank854,710,710,0.96976,0
ILSVRC2012_val_00043751_with_ILSVRC2012_val_00033879_rank971,712,712,0.10064,0
ILSVRC2012_val_00043751_with_ILSVRC2012_val_00030141_rank120,157,157,0.97042,0
ILSVRC2012_val_00043751_with_ILSVRC2012_val_00012507_rank585,295,295,0.24129,0
ILSVRC2012_val_00043751_with_ILSVRC2012_val_00020403_rank453,167,166,0.29596,1
ILSVRC2012_val_00043751_with_ILSVRC2012_val_00026987_rank926,584,448,0.10097,642
ILSVRC2012_val_00043751_with_ILSVRC2012_val_00041389_rank907,781,922,0.25182,8
ILSVRC2012_val_00043751_with_ILSVRC2012_val_00016467_rank102,309,309,0.89477,0
ILSVRC2012_val_00043751_with_ILSVRC2012_val_00043589_rank933,447,447,0.91897,0
ILSVRC2012_val_00043751_with_ILSVRC2012_val_00018088_rank460,862,519,0.32582,826
ILSVRC2012_val_00043751_with_ILSVRC2012_val_00004817_rank504,401,401,0.94419,0
ILSVRC2012_val_00043751_with_ILSVRC2012_val_00016312_rank381,351,351,0.928,0
ILSVRC2012_val_00043751_with_ILSVRC2012_val_00035739_rank666,828,828,0.84457,0
ILSVRC2012_val_00043751_with_ILSVRC2012_val_00029533_rank820,786,519,0.73362,268
ILSVRC2012_val_00043751_with_ILSVRC2012_val_00004708_rank879,610,610,0.16976,0
ILSVRC2012_val_00043751_with_ILSVRC2012_val_00038619_rank884,398,398,0.97975,0
ILSVRC2012_val_00043751_with_ILSVRC2012_val_00009655_rank462,897,897,0.85169,0
ILSVRC2012_val_00043751_with_ILSVRC2012_val_00030762_rank962,732,850,0.92542,127
ILSVRC2012_val_00043751_with_ILSVRC2012_val_00002391_rank103,410,695,0.15115,334
ILSVRC2012_val_00043751_with_ILSVRC2012_val_00029570_rank835,859,859,0.91657,0
ILSVRC2012_val_00043751_with_ILSVRC2012_val_00042418_rank270,224,224,0.87589,0
ILSVRC2012_val_00043751_with_ILSVRC2012_val_00024547_rank614,542,519,0.13715,280
ILSVRC2012_val_00043751_with_ILSVRC2012_val_00009375_rank685,520,519,0.66329,47
ILSVRC2012_val_00043751_with_ILSVRC2012_val_00024109_rank306,76,76,0.94626,0
ILSVRC2012_val_00043751_with_ILSVRC2012_val_00022606_rank256,282,151,0.77084,160
ILSVRC2012_val_00043751_with_ILSVRC2012_val_00016905_rank272,67,67,0.93723,0
ILSVRC2012_val_00043751_with_ILSVRC2012_val_00032576_rank613,297,297,0.98316,0
ILSVRC2012_val_00043751_with_ILSVRC2012_val_00035438_rank579,990,990,0.79471,0
ILSVRC2012_val_00043751_with_ILSVRC2012_val_00028577_rank364,54,54,0.23878,0
ILSVRC2012_val_00043751_with_ILSVRC2012_val_00022158_rank605,661,661,0.96891,0
ILSVRC2012_val_00043751_with_ILSVRC2012_val_00004148_rank710,166,166,0.66691,0
ILSVRC2012_val_00043751_with_ILSVRC2012_val_00034426_rank996,531,531,0.86707,0
ILSVRC2012_val_00043751_with_ILSVRC2012_val_00049316_rank934,32,32,0.84375,0
ILSVRC2012_val_00043751_with_ILSVRC2012_val_00027744_rank177,951,519,0.68387,172
ILSVRC2012_val_00043751_with_ILSVRC2012_val_00036125_rank035,21,21,0.97379,0
ILSVRC2012_val_00043751_with_ILSVRC2012_val_00001574_rank480,658,658,0.92559,0
ILSVRC2012_val_00043751_with_ILSVRC2012_val_00010204_rank993,592,592,0.91346,0
ILSVRC2012_val_00043751_with_ILSVRC2012_val_00005871_rank251,843,792,0.11755,37
ILSVRC2012_val_00043751_with_ILSVRC2012_val_00005399_rank534,649,519,0.49464,642
ILSVRC2012_val_00043751_with_ILSVRC2012_val_00045684_rank382,235,227,0.20104,5
ILSVRC2012_val_00043751_with_ILSVRC2012_val_00029928_rank874,549,519,0.29589,82
ILSVRC2012_val_00043751_with_ILSVRC2012_val_00018135_rank473,109,109,0.88359,0
ILSVRC2012_val_00043751_with_ILSVRC2012_val_00025140_rank271,277,278,0.34953,1
ILSVRC2012_val_00043751_with_ILSVRC2012_val_00005045_rank636,30,30,0.97384,0
ILSVRC2012_val_00043751_with_ILSVRC2012_val_00019446_rank028,348,348,0.7952,0
ILSVRC2012_val_00043751_with_ILSVRC2012_val_00046241_rank765,864,864,0.83421,0
ILSVRC2012_val_00043751_with_ILSVRC2012_val_00034276_rank990,772,519,0.1701,951
ILSVRC2012_val_00043751_with_ILSVRC2012_val_00024529_rank664,278,330,0.23153,15
ILSVRC2012_val_00043751_with_ILSVRC2012_val_00035222_rank165,669,799,0.0664,28
ILSVRC2012_val_00043751_with_ILSVRC2012_val_00023113_rank224,265,296,0.2741,355
ILSVRC2012_val_00043751_with_ILSVRC2012_val_00010505_rank058,986,11,0.36829,5
ILSVRC2012_val_00043751_with_ILSVRC2012_val_00026477_rank633,820,820,0.96322,0
ILSVRC2012_val_00043751_with_ILSVRC2012_val_00039710_rank719,625,491,0.73599,243
ILSVRC2012_val_00043751_with_ILSVRC2012_val_00028165_rank178,270,270,0.73603,0
ILSVRC2012_val_00043751_with_ILSVRC2012_val_00027899_rank036,214,214,0.84256,0
ILSVRC2012_val_00043751_with_ILSVRC2012_val_00019147_rank413,569,569,0.98129,0
ILSVRC2012_val_00043751_with_ILSVRC2012_val_00048224_rank672,300,302,0.21036,1
ILSVRC2012_val_00043751_with_ILSVRC2012_val_00049537_rank779,869,399,0.62725,6
ILSVRC2012_val_00043751_with_ILSVRC2012_val_00001480_rank003,86,86,0.59477,0
ILSVRC2012_val_00043751_with_ILSVRC2012_val_00045304_rank039,365,365,0.961,0
ILSVRC2012_val_00043751_with_ILSVRC2012_val_00028317_rank306,76,77,0.54573,1
ILSVRC2012_val_00043751_with_ILSVRC2012_val_00015007_rank411,963,963,0.98208,0
ILSVRC2012_val_00043751_with_ILSVRC2012_val_00044625_rank068,387,387,0.98619,0
ILSVRC2012_val_00043751_with_ILSVRC2012_val_00036676_rank225,945,945,0.94132,0
ILSVRC2012_val_00043751_with_ILSVRC2012_val_00026198_rank875,543,844,0.17686,124
ILSVRC2012_val_00043751_with_ILSVRC2012_val_00032255_rank327,808,677,0.08649,473
ILSVRC2012_val_00043751_with_ILSVRC2012_val_00005652_rank886,906,399,0.13479,20
ILSVRC2012_val_00043751_with_ILSVRC2012_val_00008314_rank329,487,487,0.41145,0
ILSVRC2012_val_00043751_with_ILSVRC2012_val_00005798_rank659,817,581,0.15155,4
ILSVRC2012_val_00043751_with_ILSVRC2012_val_00002500_rank751,677,677,0.8803,0
ILSVRC2012_val_00043751_with_ILSVRC2012_val_00047427_rank257,578,519,0.67562,483
ILSVRC2012_val_00043751_with_ILSVRC2012_val_00018731_rank488,922,458,0.51876,4
ILSVRC2012_val_00043751_with_ILSVRC2012_val_00043922_rank361,792,596,0.13127,3
ILSVRC2012_val_00043751_with_ILSVRC2012_val_00000858_rank679,899,899,0.24779,0
ILSVRC2012_val_00043751_with_ILSVRC2012_val_00045432_rank097,690,690,0.16491,0
ILSVRC2012_val_00043751_with_ILSVRC2012_val_00032156_rank121,321,321,0.98548,0
ILSVRC2012_val_00043751_with_ILSVRC2012_val_00002826_rank175,907,907,0.31294,0
ILSVRC2012_val_00043751_with_ILSVRC2012_val_00005878_rank380,660,519,0.29901,110
ILSVRC2012_val_00043751_with_ILSVRC2012_val_00000218_rank859,77,77,0.88279,0
ILSVRC2012_val_00043751_with_ILSVRC2012_val_00019059_rank912,356,356,0.74324,0
ILSVRC2012_val_00043751_with_ILSVRC2012_val_00018270_rank498,630,518,0.32755,178
ILSVRC2012_val_00043751_with_ILSVRC2012_val_00023788_rank173,231,231,0.363,0
ILSVRC2012_val_00043751_with_ILSVRC2012_val_00022470_rank029,48,48,0.9842,0
ILSVRC2012_val_00043751_with_ILSVRC2012_val_00007602_rank469,395,395,0.351,0
ILSVRC2012_val_00043751_with_ILSVRC2012_val_00034350_rank043,955,955,0.98191,0
ILSVRC2012_val_00043751_with_ILSVRC2012_val_00001152_rank369,260,260,0.96932,0
ILSVRC2012_val_00043751_with_ILSVRC2012_val_00036304_rank587,609,609,0.95036,0
ILSVRC2012_val_00043751_with_ILSVRC2012_val_00027938_rank832,995,995,0.97761,0
ILSVRC2012_val_00043751_with_ILSVRC2012_val_00018826_rank406,248,250,0.34979,1
ILSVRC2012_val_00043751_with_ILSVRC2012_val_00046976_rank422,29,29,0.66463,0
ILSVRC2012_val_00043751_with_ILSVRC2012_val_00002008_rank657,540,540,0.14955,0
ILSVRC2012_val_00043751_with_ILSVRC2012_val_00002825_rank056,15,15,0.93819,0
ILSVRC2012_val_00043751_with_ILSVRC2012_val_00039455_rank554,59,64,0.03876,2
ILSVRC2012_val_00043751_with_ILSVRC2012_val_00038371_rank334,150,17,0.08229,298
ILSVRC2012_val_00043751_with_ILSVRC2012_val_00004262_rank312,491,491,0.28986,0
ILSVRC2012_val_00043751_with_ILSVRC2012_val_00031470_rank271,277,277,0.82139,0
ILSVRC2012_val_00043751_with_ILSVRC2012_val_00011808_rank859,77,77,0.7001,0
ILSVRC2012_val_00043751_with_ILSVRC2012_val_00043837_rank409,184,184,0.96378,0
ILSVRC2012_val_00043751_with_ILSVRC2012_val_00009467_rank793,720,519,0.12197,243
ILSVRC2012_val_00043751_with_ILSVRC2012_val_00029719_rank731,335,519,0.29571,605
ILSVRC2012_val_00043751_with_ILSVRC2012_val_00048669_rank731,335,335,0.07244,0
ILSVRC2012_val_00043751_with_ILSVRC2012_val_00033418_rank363,251,251,0.94415,0
ILSVRC2012_val_00043751_with_ILSVRC2012_val_00018057_rank330,413,413,0.26186,0
ILSVRC2012_val_00043751_with_ILSVRC2012_val_00011517_rank041,39,39,0.88317,0
ILSVRC2012_val_00043751_with_ILSVRC2012_val_00043347_rank665,937,937,0.96615,0
ILSVRC2012_val_00043751_with_ILSVRC2012_val_00017617_rank901,693,693,0.83009,0
ILSVRC2012_val_00043751_with_ILSVRC2012_val_00036548_rank435,380,519,0.54621,594
ILSVRC2012_val_00043751_with_ILSVRC2012_val_00027900_rank588,930,749,0.45219,88
ILSVRC2012_val_00043751_with_ILSVRC2012_val_00042398_rank911,821,519,0.32574,215
ILSVRC2012_val_00043751_with_ILSVRC2012_val_00010244_rank791,263,263,0.63688,0
ILSVRC2012_val_00043751_with_ILSVRC2012_val_00040141_rank695,924,924,0.72913,0
ILSVRC2012_val_00043751_with_ILSVRC2012_val_00027661_rank070,338,338,0.97708,0
ILSVRC2012_val_00043751_with_ILSVRC2012_val_00007813_rank343,247,247,0.93033,0
ILSVRC2012_val_00043751_with_ILSVRC2012_val_00005419_rank026,138,138,0.9883,0
ILSVRC2012_val_00043751_with_ILSVRC2012_val_00047646_rank341,621,621,0.86059,0
ILSVRC2012_val_00043751_with_ILSVRC2012_val_00020555_rank199,952,952,0.39424,0
ILSVRC2012_val_00043751_with_ILSVRC2012_val_00040030_rank467,917,917,0.43355,0
ILSVRC2012_val_00043751_with_ILSVRC2012_val_00042747_rank438,670,670,0.44726,0
ILSVRC2012_val_00043751_with_ILSVRC2012_val_00029074_rank716,688,688,0.96014,0
ILSVRC2012_val_00043751_with_ILSVRC2012_val_00015258_rank516,739,739,0.27599,0
ILSVRC2012_val_00043751_with_ILSVRC2012_val_00022608_rank267,121,121,0.92059,0
ILSVRC2012_val_00043751_with_ILSVRC2012_val_00018184_rank889,590,590,0.2565,0
ILSVRC2012_val_00043751_with_ILSVRC2012_val_00015593_rank514,915,915,0.59199,0
ILSVRC2012_val_00043751_with_ILSVRC2012_val_00036455_rank108,49,49,0.97829,0
ILSVRC2012_val_00043751_with_ILSVRC2012_val_00008242_rank418,711,711,0.39988,0
ILSVRC2012_val_00043751_with_ILSVRC2012_val_00037028_rank807,742,859,0.68188,13
ILSVRC2012_val_00043751_with_ILSVRC2012_val_00009913_rank588,930,519,0.52275,210
ILSVRC2012_val_00043751_with_ILSVRC2012_val_00005807_rank288,411,519,0.23504,925
ILSVRC2012_val_00043751_with_ILSVRC2012_val_00033488_rank683,705,519,0.28767,910
ILSVRC2012_val_00043751_with_ILSVRC2012_val_00021798_rank150,382,382,0.81992,0
ILSVRC2012_val_00043751_with_ILSVRC2012_val_00027985_rank008,93,93,0.98332,0
ILSVRC2012_val_00043751_with_ILSVRC2012_val_00008425_rank208,427,427,0.89057,0
ILSVRC2012_val_00043751_with_ILSVRC2012_val_00029379_rank465,541,519,0.11298,452
ILSVRC2012_val_00043751_with_ILSVRC2012_val_00049846_rank346,185,185,0.80918,0
ILSVRC2012_val_00043751_with_ILSVRC2012_val_00034254_rank941,284,284,0.99323,0
ILSVRC2012_val_00043751_with_ILSVRC2012_val_00015890_rank162,749,677,0.37342,40
ILSVRC2012_val_00043751_with_ILSVRC2012_val_00032808_rank821,969,969,0.52232,0
ILSVRC2012_val_00043751_with_ILSVRC2012_val_00049936_rank405,391,391,0.54815,0
ILSVRC2012_val_00043751_with_ILSVRC2012_val_00033989_rank161,330,105,0.14455,63
ILSVRC2012_val_00043751_with_ILSVRC2012_val_00015032_rank762,550,13,0.12944,199
ILSVRC2012_val_00043751_with_ILSVRC2012_val_00014308_rank483,40,40,0.6325,0
ILSVRC2012_val_00043751_with_ILSVRC2012_val_00013368_rank063,275,275,0.94844,0
ILSVRC2012_val_00043751_with_ILSVRC2012_val_00004659_rank985,126,314,0.63878,7
ILSVRC2012_val_00043751_with_ILSVRC2012_val_00027444_rank405,391,391,0.96731,0
ILSVRC2012_val_00043751_with_ILSVRC2012_val_00046048_rank339,242,242,0.86921,0
ILSVRC2012_val_00043751_with_ILSVRC2012_val_00021155_rank188,236,236,0.78837,0
ILSVRC2012_val_00043751_with_ILSVRC2012_val_00001738_rank627,848,630,0.1928,146
ILSVRC2012_val_00043751_with_ILSVRC2012_val_00012066_rank719,625,625,0.976,0
ILSVRC2012_val_00043751_with_ILSVRC2012_val_00002023_rank249,10,10,0.989,0
ILSVRC2012_val_00043751_with_ILSVRC2012_val_00002942_rank163,870,870,0.97558,0
ILSVRC2012_val_00043751_with_ILSVRC2012_val_00009280_rank560,385,519,0.2506,854
ILSVRC2012_val_00043751_with_ILSVRC2012_val_00021698_rank660,878,878,0.32541,0
ILSVRC2012_val_00043751_with_ILSVRC2012_val_00027665_rank821,969,898,0.32887,452
ILSVRC2012_val_00043751_with_ILSVRC2012_val_00037235_rank164,123,44,0.05424,97
ILSVRC2012_val_00043751_with_ILSVRC2012_val_00025639_rank466,402,402,0.88807,0
ILSVRC2012_val_00043751_with_ILSVRC2012_val_00016411_rank059,213,213,0.96978,0
ILSVRC2012_val_00043751_with_ILSVRC2012_val_00000357_rank852,627,519,0.39332,924
ILSVRC2012_val_00043751_with_ILSVRC2012_val_00037552_rank098,132,129,0.89903,2
ILSVRC2012_val_00043751_with_ILSVRC2012_val_00001479_rank030,953,953,0.95132,0
ILSVRC2012_val_00043751_with_ILSVRC2012_val_00012659_rank830,852,852,0.97035,0
ILSVRC2012_val_00043751_with_ILSVRC2012_val_00043996_rank977,659,112,0.29199,338
ILSVRC2012_val_00043751_with_ILSVRC2012_val_00047359_rank111,325,325,0.98585,0
ILSVRC2012_val_00043751_with_ILSVRC2012_val_00020675_rank216,118,119,0.42998,2
ILSVRC2012_val_00043751_with_ILSVRC2012_val_00015215_rank525,471,471,0.45132,0
ILSVRC2012_val_00043751_with_ILSVRC2012_val_00040334_rank006,82,82,0.79153,0
ILSVRC2012_val_00043751_with_ILSVRC2012_val_00030058_rank446,258,258,0.85679,0
ILSVRC2012_val_00043751_with_ILSVRC2012_val_00012622_rank520,935,935,0.64961,0
ILSVRC2012_val_00043751_with_ILSVRC2012_val_00016886_rank527,172,172,0.88592,0
ILSVRC2012_val_00043751_with_ILSVRC2012_val_00037440_rank316,183,183,0.94031,0
ILSVRC2012_val_00043751_with_ILSVRC2012_val_00010765_rank354,233,519,0.28924,238
ILSVRC2012_val_00043751_with_ILSVRC2012_val_00002437_rank524,738,463,0.37573,10
ILSVRC2012_val_00043751_with_ILSVRC2012_val_00040476_rank858,925,809,0.748,1
ILSVRC2012_val_00043751_with_ILSVRC2012_val_00001327_rank689,608,514,0.57689,9
ILSVRC2012_val_00043751_with_ILSVRC2012_val_00048126_rank376,588,790,0.50283,1
ILSVRC2012_val_00043751_with_ILSVRC2012_val_00004632_rank730,110,112,0.5252,41
ILSVRC2012_val_00043751_with_ILSVRC2012_val_00009877_rank543,238,238,0.77084,0
ILSVRC2012_val_00043751_with_ILSVRC2012_val_00035911_rank707,437,437,0.28533,0
ILSVRC2012_val_00043751_with_ILSVRC2012_val_00024412_rank654,725,725,0.64151,0
ILSVRC2012_val_00043751_with_ILSVRC2012_val_00043468_rank252,594,777,0.10051,173
ILSVRC2012_val_00043751_with_ILSVRC2012_val_00035341_rank246,159,151,0.43515,49
ILSVRC2012_val_00043751_with_ILSVRC2012_val_00004422_rank219,281,281,0.33027,0
ILSVRC2012_val_00043751_with_ILSVRC2012_val_00008603_rank698,503,463,0.15883,48
ILSVRC2012_val_00043751_with_ILSVRC2012_val_00002080_rank826,868,519,0.24678,64
ILSVRC2012_val_00043751_with_ILSVRC2012_val_00035291_rank631,599,599,0.76113,0
ILSVRC2012_val_00043751_with_ILSVRC2012_val_00009715_rank038,139,139,0.97346,0
ILSVRC2012_val_00043751_with_ILSVRC2012_val_00001686_rank552,264,264,0.942,0
ILSVRC2012_val_00043751_with_ILSVRC2012_val_00015602_rank323,774,770,0.26206,1
ILSVRC2012_val_00043751_with_ILSVRC2012_val_00040197_rank045,992,992,0.90735,0
ILSVRC2012_val_00043751_with_ILSVRC2012_val_00007017_rank701,898,898,0.90025,0
ILSVRC2012_val_00043751_with_ILSVRC2012_val_00037482_rank198,790,790,0.95913,0
ILSVRC2012_val_00043751_with_ILSVRC2012_val_00028140_rank765,864,864,0.46167,0
ILSVRC2012_val_00043751_with_ILSVRC2012_val_00018121_rank983,177,177,0.94183,0
ILSVRC2012_val_00043751_with_ILSVRC2012_val_00044518_rank747,666,596,0.45599,38
ILSVRC2012_val_00043751_with_ILSVRC2012_val_00011423_rank906,209,209,0.94549,0
ILSVRC2012_val_00043751_with_ILSVRC2012_val_00017442_rank356,210,210,0.78504,0
ILSVRC2012_val_00043751_with_ILSVRC2012_val_00045689_rank372,517,600,0.04462,9
ILSVRC2012_val_00043751_with_ILSVRC2012_val_00015553_rank365,545,545,0.26494,0
ILSVRC2012_val_00043751_with_ILSVRC2012_val_00010744_rank729,431,431,0.60173,0
ILSVRC2012_val_00043751_with_ILSVRC2012_val_00034178_rank134,4,4,0.91676,0
ILSVRC2012_val_00043751_with_ILSVRC2012_val_00049093_rank025,96,96,0.97809,0
ILSVRC2012_val_00043751_with_ILSVRC2012_val_00025550_rank841,158,158,0.42558,0
ILSVRC2012_val_00043751_with_ILSVRC2012_val_00048871_rank823,532,519,0.18017,164
ILSVRC2012_val_00043751_with_ILSVRC2012_val_00008364_rank129,131,131,0.97821,0
ILSVRC2012_val_00043751_with_ILSVRC2012_val_00042506_rank229,19,19,0.89886,0
ILSVRC2012_val_00043751_with_ILSVRC2012_val_00021552_rank092,643,519,0.26714,568
ILSVRC2012_val_00043751_with_ILSVRC2012_val_00049235_rank011,80,18,0.46643,7
ILSVRC2012_val_00043751_with_ILSVRC2012_val_00000608_rank092,643,600,0.17394,108
ILSVRC2012_val_00043751_with_ILSVRC2012_val_00006543_rank455,388,388,0.98135,0
ILSVRC2012_val_00043751_with_ILSVRC2012_val_00032748_rank314,747,747,0.17385,0
ILSVRC2012_val_00043751_with_ILSVRC2012_val_00010934_rank513,414,414,0.6934,0
ILSVRC2012_val_00043751_with_ILSVRC2012_val_00017650_rank968,679,679,0.81808,0
ILSVRC2012_val_00043751_with_ILSVRC2012_val_00028286_rank832,995,995,0.21311,0
ILSVRC2012_val_00043751_with_ILSVRC2012_val_00032258_rank124,1,1,0.97777,0
ILSVRC2012_val_00043751_with_ILSVRC2012_val_00009776_rank169,929,929,0.96911,0
ILSVRC2012_val_00043751_with_ILSVRC2012_val_00026841_rank955,830,519,0.58097,151
ILSVRC2012_val_00043751_with_ILSVRC2012_val_00019989_rank786,73,519,0.25043,165
ILSVRC2012_val_00043751_with_ILSVRC2012_val_00028983_rank052,603,603,0.98391,0
ILSVRC2012_val_00043751_with_ILSVRC2012_val_00011120_rank353,27,38,0.36368,9
ILSVRC2012_val_00043751_with_ILSVRC2012_val_00001607_rank678,65,65,0.88019,0
ILSVRC2012_val_00043751_with_ILSVRC2012_val_00043650_rank735,698,519,0.55163,495
ILSVRC2012_val_00043751_with_ILSVRC2012_val_00037476_rank411,963,963,0.93419,0
ILSVRC2012_val_00043751_with_ILSVRC2012_val_00038291_rank612,294,850,0.482,136
ILSVRC2012_val_00043751_with_ILSVRC2012_val_00031324_rank750,689,448,0.40794,288
ILSVRC2012_val_00043751_with_ILSVRC2012_val_00036156_rank854,710,710,0.92413,0
ILSVRC2012_val_00043751_with_ILSVRC2012_val_00021582_rank067,42,42,0.97806,0
ILSVRC2012_val_00043751_with_ILSVRC2012_val_00024410_rank324,113,113,0.79705,0
ILSVRC2012_val_00043751_with_ILSVRC2012_val_00044067_rank180,622,518,0.76499,364
ILSVRC2012_val_00043751_with_ILSVRC2012_val_00024458_rank194,306,306,0.98038,0
ILSVRC2012_val_00043751_with_ILSVRC2012_val_00033510_rank065,143,143,0.9854,0
ILSVRC2012_val_00043751_with_ILSVRC2012_val_00007178_rank280,163,163,0.91773,0
ILSVRC2012_val_00043751_with_ILSVRC2012_val_00002689_rank372,517,519,0.43321,109
ILSVRC2012_val_00043751_with_ILSVRC2012_val_00034663_rank662,539,519,0.70535,12
ILSVRC2012_val_00043751_with_ILSVRC2012_val_00007700_rank022,100,100,0.98515,0
ILSVRC2012_val_00043751_with_ILSVRC2012_val_00000217_rank245,16,16,0.97269,0
ILSVRC2012_val_00043751_with_ILSVRC2012_val_00001170_rank133,653,653,0.90172,0
ILSVRC2012_val_00043751_with_ILSVRC2012_val_00000544_rank633,820,820,0.06905,0
ILSVRC2012_val_00043751_with_ILSVRC2012_val_00044279_rank436,533,533,0.82792,0
ILSVRC2012_val_00043751_with_ILSVRC2012_val_00032979_rank758,394,394,0.95405,0
ILSVRC2012_val_00043751_with_ILSVRC2012_val_00037024_rank003,86,86,0.45856,0
ILSVRC2012_val_00043751_with_ILSVRC2012_val_00027719_rank186,941,941,0.8904,0
ILSVRC2012_val_00043751_with_ILSVRC2012_val_00034697_rank080,428,695,0.29239,165
ILSVRC2012_val_00043751_with_ILSVRC2012_val_00013405_rank058,986,519,0.71658,970
ILSVRC2012_val_00043751_with_ILSVRC2012_val_00016517_rank778,116,519,0.20815,804
ILSVRC2012_val_00043751_with_ILSVRC2012_val_00044827_rank136,377,377,0.90693,0
ILSVRC2012_val_00043751_with_ILSVRC2012_val_00028420_rank396,257,260,0.48874,22
ILSVRC2012_val_00043751_with_ILSVRC2012_val_00019959_rank252,594,594,0.17749,0
ILSVRC2012_val_00043751_with_ILSVRC2012_val_00012475_rank091,135,135,0.98615,0
ILSVRC2012_val_00043751_with_ILSVRC2012_val_00032543_rank454,448,448,0.90038,0
ILSVRC2012_val_00043751_with_ILSVRC2012_val_00045589_rank009,23,23,0.91237,0
ILSVRC2012_val_00043751_with_ILSVRC2012_val_00036941_rank127,489,519,0.65393,31
ILSVRC2012_val_00043751_with_ILSVRC2012_val_00042613_rank856,636,414,0.22627,2
ILSVRC2012_val_00043751_with_ILSVRC2012_val_00006112_rank677,286,286,0.52048,0
ILSVRC2012_val_00043751_with_ILSVRC2012_val_00031632_rank223,667,667,0.8696,0
ILSVRC2012_val_00043751_with_ILSVRC2012_val_00017968_rank621,245,245,0.93235,0
ILSVRC2012_val_00043751_with_ILSVRC2012_val_00003757_rank547,838,519,0.16103,688
ILSVRC2012_val_00043751_with_ILSVRC2012_val_00012435_rank090,137,137,0.9808,0
ILSVRC2012_val_00043751_with_ILSVRC2012_val_00049734_rank080,428,428,0.39968,0
ILSVRC2012_val_00043751_with_ILSVRC2012_val_00035138_rank469,395,4,0.15038,6
ILSVRC2012_val_00043751_with_ILSVRC2012_val_00010441_rank033,355,355,0.90227,0
ILSVRC2012_val_00043751_with_ILSVRC2012_val_00031280_rank525,471,471,0.13791,0
ILSVRC2012_val_00043751_with_ILSVRC2012_val_00046740_rank117,46,46,0.67187,0
ILSVRC2012_val_00043751_with_ILSVRC2012_val_00031805_rank282,423,423,0.93229,0
ILSVRC2012_val_00043751_with_ILSVRC2012_val_00000420_rank113,92,92,0.92252,0
ILSVRC2012_val_00043751_with_ILSVRC2012_val_00039098_rank615,618,618,0.9091,0
ILSVRC2012_val_00043751_with_ILSVRC2012_val_00005919_rank433,34,519,0.53523,525
ILSVRC2012_val_00043751_with_ILSVRC2012_val_00023165_rank971,712,470,0.16198,77
ILSVRC2012_val_00043751_with_ILSVRC2012_val_00000593_rank098,132,132,0.55449,0
ILSVRC2012_val_00043751_with_ILSVRC2012_val_00025292_rank470,568,885,0.38825,20
ILSVRC2012_val_00043751_with_ILSVRC2012_val_00037037_rank353,27,27,0.95777,0
ILSVRC2012_val_00043751_with_ILSVRC2012_val_00043407_rank855,326,326,0.85569,0
ILSVRC2012_val_00043751_with_ILSVRC2012_val_00030944_rank833,800,800,0.97187,0
ILSVRC2012_val_00043751_with_ILSVRC2012_val_00000212_rank214,889,889,0.91576,0
ILSVRC2012_val_00043751_with_ILSVRC2012_val_00032254_rank998,38,38,0.94812,0
ILSVRC2012_val_00043751_with_ILSVRC2012_val_00032436_rank729,431,431,0.89965,0
ILSVRC2012_val_00043751_with_ILSVRC2012_val_00008218_rank199,952,949,0.07381,6
ILSVRC2012_val_00043751_with_ILSVRC2012_val_00048758_rank809,804,519,0.42842,649
ILSVRC2012_val_00043751_with_ILSVRC2012_val_00006905_rank810,731,731,0.77609,0
ILSVRC2012_val_00043751_with_ILSVRC2012_val_00045280_rank774,188,188,0.54451,0
ILSVRC2012_val_00043751_with_ILSVRC2012_val_00035871_rank758,394,519,0.11028,487
ILSVRC2012_val_00043751_with_ILSVRC2012_val_00014224_rank133,653,653,0.7343,0
ILSVRC2012_val_00043751_with_ILSVRC2012_val_00013399_rank806,169,169,0.64624,0
ILSVRC2012_val_00043751_with_ILSVRC2012_val_00038340_rank694,999,519,0.1718,190
ILSVRC2012_val_00043751_with_ILSVRC2012_val_00020735_rank450,572,804,0.10502,37
ILSVRC2012_val_00043751_with_ILSVRC2012_val_00039897_rank359,519,519,0.48099,0
ILSVRC2012_val_00043751_with_ILSVRC2012_val_00008810_rank168,55,64,0.49948,1
ILSVRC2012_val_00043751_with_ILSVRC2012_val_00044851_rank223,667,667,0.84497,0
ILSVRC2012_val_00043751_with_ILSVRC2012_val_00013789_rank066,122,122,0.66677,0
ILSVRC2012_val_00043751_with_ILSVRC2012_val_00021513_rank805,317,317,0.60584,0
ILSVRC2012_val_00043751_with_ILSVRC2012_val_00012223_rank017,85,85,0.97475,0
ILSVRC2012_val_00043751_with_ILSVRC2012_val_00015699_rank210,357,519,0.85163,234
ILSVRC2012_val_00043751_with_ILSVRC2012_val_00044088_rank719,625,554,0.38059,4
ILSVRC2012_val_00043751_with_ILSVRC2012_val_00041097_rank778,116,116,0.92019,0
ILSVRC2012_val_00043751_with_ILSVRC2012_val_00035162_rank587,609,609,0.1535,0
ILSVRC2012_val_00043751_with_ILSVRC2012_val_00017842_rank177,951,951,0.47407,0
ILSVRC2012_val_00043751_with_ILSVRC2012_val_00030503_rank230,637,637,0.95322,0
ILSVRC2012_val_00043751_with_ILSVRC2012_val_00024430_rank451,829,829,0.94568,0
ILSVRC2012_val_00043751_with_ILSVRC2012_val_00032060_rank214,889,889,0.08665,0
ILSVRC2012_val_00043751_with_ILSVRC2012_val_00033575_rank461,25,25,0.91702,0
ILSVRC2012_val_00043751_with_ILSVRC2012_val_00018101_rank061,552,552,0.35882,0
ILSVRC2012_val_00043751_with_ILSVRC2012_val_00025394_rank349,226,200,0.26253,2
ILSVRC2012_val_00043751_with_ILSVRC2012_val_00000132_rank807,742,742,0.6426,0
ILSVRC2012_val_00043751_with_ILSVRC2012_val_00034296_rank518,162,162,0.67015,0
ILSVRC2012_val_00043751_with_ILSVRC2012_val_00024740_rank090,137,137,0.98484,0
ILSVRC2012_val_00043751_with_ILSVRC2012_val_00032485_rank520,935,935,0.51858,0
ILSVRC2012_val_00043751_with_ILSVRC2012_val_00049432_rank826,868,519,0.81293,64
ILSVRC2012_val_00043751_with_ILSVRC2012_val_00044773_rank705,195,519,0.14427,820
ILSVRC2012_val_00043751_with_ILSVRC2012_val_00027418_rank632,544,544,0.77089,0
ILSVRC2012_val_00043751_with_ILSVRC2012_val_00031577_rank353,27,46,0.15329,14
ILSVRC2012_val_00043751_with_ILSVRC2012_val_00013242_rank729,431,431,0.89598,0
ILSVRC2012_val_00043751_with_ILSVRC2012_val_00037369_rank890,574,574,0.96155,0
ILSVRC2012_val_00043751_with_ILSVRC2012_val_00008933_rank618,694,694,0.98483,0
ILSVRC2012_val_00043751_with_ILSVRC2012_val_00023093_rank862,789,519,0.41884,31
ILSVRC2012_val_00043751_with_ILSVRC2012_val_00030930_rank148,879,459,0.65955,61
ILSVRC2012_val_00043751_with_ILSVRC2012_val_00018706_rank212,228,519,0.2369,603
ILSVRC2012_val_00043751_with_ILSVRC2012_val_00022830_rank830,852,752,0.52367,1
ILSVRC2012_val_00043751_with_ILSVRC2012_val_00012788_rank268,112,112,0.64788,0
ILSVRC2012_val_00043751_with_ILSVRC2012_val_00027126_rank734,556,559,0.1885,75
ILSVRC2012_val_00043751_with_ILSVRC2012_val_00048164_rank344,741,887,0.30623,5
ILSVRC2012_val_00043751_with_ILSVRC2012_val_00008440_rank603,998,519,0.30713,155
ILSVRC2012_val_00043751_with_ILSVRC2012_val_00015539_rank769,965,965,0.81717,0
ILSVRC2012_val_00043751_with_ILSVRC2012_val_00020809_rank088,341,341,0.91267,0
ILSVRC2012_val_00043751_with_ILSVRC2012_val_00030109_rank450,572,572,0.29991,0
ILSVRC2012_val_00043751_with_ILSVRC2012_val_00047656_rank468,51,275,0.55258,134
ILSVRC2012_val_00043751_with_ILSVRC2012_val_00015557_rank064,140,140,0.14266,0
ILSVRC2012_val_00043751_with_ILSVRC2012_val_00023961_rank328,928,927,0.96536,2
ILSVRC2012_val_00043751_with_ILSVRC2012_val_00048854_rank436,533,533,0.92943,0
ILSVRC2012_val_00043751_with_ILSVRC2012_val_00043311_rank509,565,519,0.75729,25
ILSVRC2012_val_00043751_with_ILSVRC2012_val_00016534_rank880,857,519,0.44838,344
ILSVRC2012_val_00043751_with_ILSVRC2012_val_00045442_rank538,316,316,0.94303,0
ILSVRC2012_val_00043751_with_ILSVRC2012_val_00034361_rank968,679,519,0.51478,612
ILSVRC2012_val_00043751_with_ILSVRC2012_val_00029287_rank066,122,519,0.14472,497
ILSVRC2012_val_00043751_with_ILSVRC2012_val_00019120_rank304,234,198,0.27986,33
ILSVRC2012_val_00043751_with_ILSVRC2012_val_00006126_rank328,928,849,0.28006,45
ILSVRC2012_val_00043751_with_ILSVRC2012_val_00005560_rank247,496,496,0.16252,0
ILSVRC2012_val_00043751_with_ILSVRC2012_val_00048567_rank680,523,523,0.29517,0
ILSVRC2012_val_00043751_with_ILSVRC2012_val_00016375_rank789,729,729,0.97646,0
ILSVRC2012_val_00043751_with_ILSVRC2012_val_00036280_rank530,422,519,0.67234,243
ILSVRC2012_val_00043751_with_ILSVRC2012_val_00043245_rank924,58,65,0.72462,1
ILSVRC2012_val_00043751_with_ILSVRC2012_val_00024718_rank990,772,772,0.88931,0
ILSVRC2012_val_00043751_with_ILSVRC2012_val_00040955_rank368,288,288,0.78178,0
ILSVRC2012_val_00043751_with_ILSVRC2012_val_00005980_rank403,668,668,0.77742,0
ILSVRC2012_val_00043751_with_ILSVRC2012_val_00020489_rank140,211,211,0.89019,0
ILSVRC2012_val_00043751_with_ILSVRC2012_val_00019639_rank792,175,194,0.18738,1
ILSVRC2012_val_00043751_with_ILSVRC2012_val_00042290_rank420,463,463,0.91149,0
ILSVRC2012_val_00043751_with_ILSVRC2012_val_00001827_rank881,602,519,0.72858,930
ILSVRC2012_val_00043751_with_ILSVRC2012_val_00032640_rank130,44,44,0.33784,0
ILSVRC2012_val_00043751_with_ILSVRC2012_val_00037029_rank277,752,752,0.71882,0
ILSVRC2012_val_00043751_with_ILSVRC2012_val_00007272_rank417,495,495,0.7776,0
ILSVRC2012_val_00043751_with_ILSVRC2012_val_00046837_rank782,736,519,0.46502,156
ILSVRC2012_val_00043751_with_ILSVRC2012_val_00035715_rank940,432,519,0.80709,809
ILSVRC2012_val_00043751_with_ILSVRC2012_val_00001319_rank969,773,899,0.26742,24
ILSVRC2012_val_00043751_with_ILSVRC2012_val_00039504_rank242,205,267,0.15743,39
ILSVRC2012_val_00043751_with_ILSVRC2012_val_00036150_rank841,158,151,0.55327,2
ILSVRC2012_val_00043751_with_ILSVRC2012_val_00010699_rank942,683,875,0.13488,6
ILSVRC2012_val_00043751_with_ILSVRC2012_val_00042406_rank197,358,358,0.84016,0
ILSVRC2012_val_00043751_with_ILSVRC2012_val_00018119_rank157,79,79,0.94215,0
ILSVRC2012_val_00043751_with_ILSVRC2012_val_00026461_rank372,517,517,0.90801,0
ILSVRC2012_val_00043751_with_ILSVRC2012_val_00000416_rank687,856,412,0.08144,378
ILSVRC2012_val_00043751_with_ILSVRC2012_val_00033050_rank995,111,600,0.44553,43
ILSVRC2012_val_00043751_with_ILSVRC2012_val_00036299_rank716,688,688,0.97508,0
ILSVRC2012_val_00043751_with_ILSVRC2012_val_00020698_rank848,701,701,0.97646,0
ILSVRC2012_val_00043751_with_ILSVRC2012_val_00029381_rank154,193,186,0.9215,3
ILSVRC2012_val_00043751_with_ILSVRC2012_val_00027854_rank430,502,502,0.9513,0
ILSVRC2012_val_00043751_with_ILSVRC2012_val_00001593_rank272,67,67,0.63155,0
ILSVRC2012_val_00043751_with_ILSVRC2012_val_00045867_rank970,795,519,0.62583,669
ILSVRC2012_val_00043751_with_ILSVRC2012_val_00002484_rank791,263,234,0.13402,60
ILSVRC2012_val_00043751_with_ILSVRC2012_val_00039567_rank951,785,587,0.07664,283
ILSVRC2012_val_00043751_with_ILSVRC2012_val_00038059_rank324,113,113,0.94147,0
ILSVRC2012_val_00043751_with_ILSVRC2012_val_00003628_rank457,221,205,0.12659,21
ILSVRC2012_val_00043751_with_ILSVRC2012_val_00022048_rank542,783,783,0.82447,0
ILSVRC2012_val_00043751_with_ILSVRC2012_val_00032290_rank354,233,233,0.96703,0
ILSVRC2012_val_00043751_with_ILSVRC2012_val_00011826_rank533,909,849,0.64138,27
ILSVRC2012_val_00043751_with_ILSVRC2012_val_00016356_rank577,617,617,0.45876,0
ILSVRC2012_val_00043751_with_ILSVRC2012_val_00006741_rank618,694,694,0.98131,0
ILSVRC2012_val_00043751_with_ILSVRC2012_val_00041052_rank643,529,529,0.63579,0
ILSVRC2012_val_00043751_with_ILSVRC2012_val_00032461_rank389,642,519,0.19424,63
ILSVRC2012_val_00043751_with_ILSVRC2012_val_00026734_rank988,777,749,0.20576,71
ILSVRC2012_val_00043751_with_ILSVRC2012_val_00005537_rank314,747,519,0.15719,238
ILSVRC2012_val_00043751_with_ILSVRC2012_val_00008306_rank709,885,519,0.20495,253
ILSVRC2012_val_00043751_with_ILSVRC2012_val_00006325_rank367,469,469,0.84803,0
ILSVRC2012_val_00043751_with_ILSVRC2012_val_00040909_rank347,240,240,0.4029,0
ILSVRC2012_val_00043751_with_ILSVRC2012_val_00006797_rank981,103,103,0.82488,0
ILSVRC2012_val_00043751_with_ILSVRC2012_val_00029895_rank944,691,691,0.61662,0
ILSVRC2012_val_00043751_with_ILSVRC2012_val_00041133_rank346,185,202,0.72472,12
ILSVRC2012_val_00043751_with_ILSVRC2012_val_00007429_rank672,300,300,0.97897,0
ILSVRC2012_val_00043751_with_ILSVRC2012_val_00042766_rank867,893,893,0.67129,0
ILSVRC2012_val_00043751_with_ILSVRC2012_val_00042891_rank741,675,519,0.31162,16
ILSVRC2012_val_00043751_with_ILSVRC2012_val_00041166_rank213,486,792,0.19732,582
ILSVRC2012_val_00043751_with_ILSVRC2012_val_00033188_rank131,124,448,0.09085,809
ILSVRC2012_val_00043751_with_ILSVRC2012_val_00033730_rank808,733,519,0.81701,520
ILSVRC2012_val_00043751_with_ILSVRC2012_val_00025683_rank489,354,354,0.70806,0
ILSVRC2012_val_00043751_with_ILSVRC2012_val_00020524_rank938,511,511,0.69618,0
ILSVRC2012_val_00043751_with_ILSVRC2012_val_00038177_rank590,854,854,0.66137,0
ILSVRC2012_val_00043751_with_ILSVRC2012_val_00027211_rank651,510,510,0.96106,0
ILSVRC2012_val_00043751_with_ILSVRC2012_val_00047243_rank924,58,719,0.24916,913
ILSVRC2012_val_00043751_with_ILSVRC2012_val_00015101_rank846,435,896,0.14503,2
ILSVRC2012_val_00043751_with_ILSVRC2012_val_00023993_rank782,736,736,0.8368,0
ILSVRC2012_val_00043751_with_ILSVRC2012_val_00003107_rank715,656,656,0.79128,0
ILSVRC2012_val_00043751_with_ILSVRC2012_val_00009549_rank220,987,987,0.66236,0
ILSVRC2012_val_00043751_with_ILSVRC2012_val_00037654_rank542,783,519,0.35764,388
ILSVRC2012_val_00043751_with_ILSVRC2012_val_00025294_rank951,785,587,0.06281,283
ILSVRC2012_val_00043751_with_ILSVRC2012_val_00010627_rank428,180,180,0.73006,0
ILSVRC2012_val_00043751_with_ILSVRC2012_val_00020067_rank781,816,816,0.14566,0
ILSVRC2012_val_00043751_with_ILSVRC2012_val_00045892_rank869,662,662,0.45799,0
ILSVRC2012_val_00043751_with_ILSVRC2012_val_00016656_rank518,162,162,0.88572,0
ILSVRC2012_val_00043751_with_ILSVRC2012_val_00001189_rank913,392,392,0.98148,0
ILSVRC2012_val_00043751_with_ILSVRC2012_val_00008890_rank277,752,852,0.95429,1
ILSVRC2012_val_00043751_with_ILSVRC2012_val_00030340_rank913,392,392,0.98129,0
ILSVRC2012_val_00043751_with_ILSVRC2012_val_00035363_rank291,142,13,0.48371,113
ILSVRC2012_val_00043751_with_ILSVRC2012_val_00011880_rank505,703,879,0.15661,69
ILSVRC2012_val_00043751_with_ILSVRC2012_val_00031051_rank806,169,169,0.8662,0
ILSVRC2012_val_00043751_with_ILSVRC2012_val_00004190_rank302,378,519,0.28822,549
ILSVRC2012_val_00043751_with_ILSVRC2012_val_00030243_rank596,611,519,0.71838,262
ILSVRC2012_val_00043751_with_ILSVRC2012_val_00032364_rank481,883,514,0.14412,106
ILSVRC2012_val_00043751_with_ILSVRC2012_val_00034994_rank380,660,408,0.35411,49
ILSVRC2012_val_00043751_with_ILSVRC2012_val_00001979_rank519,344,344,0.8012,0
ILSVRC2012_val_00043751_with_ILSVRC2012_val_00043520_rank797,803,491,0.3313,56
ILSVRC2012_val_00043751_with_ILSVRC2012_val_00001197_rank739,750,750,0.18255,0
ILSVRC2012_val_00043751_with_ILSVRC2012_val_00022109_rank394,239,239,0.90319,0
ILSVRC2012_val_00043751_with_ILSVRC2012_val_00015141_rank795,72,519,0.67274,891
ILSVRC2012_val_00043751_with_ILSVRC2012_val_00024752_rank861,771,771,0.97259,0
ILSVRC2012_val_00043751_with_ILSVRC2012_val_00047073_rank179,99,99,0.85844,0
ILSVRC2012_val_00043751_with_ILSVRC2012_val_00020431_rank948,709,558,0.09139,234
ILSVRC2012_val_00043751_with_ILSVRC2012_val_00007032_rank057,217,217,0.9131,0
ILSVRC2012_val_00043751_with_ILSVRC2012_val_00025914_rank453,167,162,0.50572,2
ILSVRC2012_val_00043751_with_ILSVRC2012_val_00003309_rank030,953,953,0.35993,0
ILSVRC2012_val_00043751_with_ILSVRC2012_val_00020144_rank560,385,385,0.88665,0
ILSVRC2012_val_00043751_with_ILSVRC2012_val_00031421_rank207,352,352,0.66605,0
ILSVRC2012_val_00043751_with_ILSVRC2012_val_00011737_rank207,352,353,0.67911,1
ILSVRC2012_val_00043751_with_ILSVRC2012_val_00045111_rank432,806,596,0.5877,580
ILSVRC2012_val_00043751_with_ILSVRC2012_val_00025354_rank908,717,717,0.14834,0
ILSVRC2012_val_00043751_with_ILSVRC2012_val_00007407_rank776,474,474,0.94677,0
ILSVRC2012_val_00043751_with_ILSVRC2012_val_00011671_rank950,748,896,0.29526,151
ILSVRC2012_val_00043751_with_ILSVRC2012_val_00011853_rank786,73,448,0.11493,150
ILSVRC2012_val_00043751_with_ILSVRC2012_val_00045587_rank300,735,735,0.64126,0
ILSVRC2012_val_00043751_with_ILSVRC2012_val_00044027_rank256,282,289,0.20089,7
ILSVRC2012_val_00043751_with_ILSVRC2012_val_00004741_rank762,550,550,0.96595,0
ILSVRC2012_val_00043751_with_ILSVRC2012_val_00004598_rank131,124,124,0.9002,0
ILSVRC2012_val_00043751_with_ILSVRC2012_val_00004329_rank187,2,2,0.95903,0
ILSVRC2012_val_00043751_with_ILSVRC2012_val_00039966_rank859,77,519,0.36937,439
ILSVRC2012_val_00043751_with_ILSVRC2012_val_00003049_rank659,817,519,0.41275,895
ILSVRC2012_val_00043751_with_ILSVRC2012_val_00036823_rank221,369,373,0.43981,17
ILSVRC2012_val_00043751_with_ILSVRC2012_val_00003088_rank578,914,780,0.36076,1
ILSVRC2012_val_00043751_with_ILSVRC2012_val_00013484_rank704,3,3,0.47069,0
ILSVRC2012_val_00043751_with_ILSVRC2012_val_00024763_rank980,473,587,0.11705,20
ILSVRC2012_val_00043751_with_ILSVRC2012_val_00023456_rank881,602,519,0.3096,930
ILSVRC2012_val_00043751_with_ILSVRC2012_val_00002921_rank444,227,223,0.11261,6
ILSVRC2012_val_00043751_with_ILSVRC2012_val_00029158_rank542,783,783,0.94638,0
ILSVRC2012_val_00043751_with_ILSVRC2012_val_00027205_rank838,767,519,0.17769,751
ILSVRC2012_val_00043751_with_ILSVRC2012_val_00035284_rank053,350,350,0.88928,0
ILSVRC2012_val_00043751_with_ILSVRC2012_val_00049524_rank358,997,997,0.93215,0
ILSVRC2012_val_00043751_with_ILSVRC2012_val_00033111_rank225,945,725,0.3156,191
ILSVRC2012_val_00043751_with_ILSVRC2012_val_00034195_rank290,595,595,0.27581,0
ILSVRC2012_val_00043751_with_ILSVRC2012_val_00043797_rank803,147,34,0.11714,3
ILSVRC2012_val_00043751_with_ILSVRC2012_val_00039391_rank630,607,607,0.98665,0
ILSVRC2012_val_00043751_with_ILSVRC2012_val_00016508_rank774,188,202,0.19832,29
ILSVRC2012_val_00043751_with_ILSVRC2012_val_00021972_rank568,457,723,0.64966,86
ILSVRC2012_val_00043751_with_ILSVRC2012_val_00036660_rank870,814,519,0.0918,468
ILSVRC2012_val_00043751_with_ILSVRC2012_val_00006068_rank907,781,530,0.65988,2
ILSVRC2012_val_00043751_with_ILSVRC2012_val_00015374_rank678,65,65,0.9539,0
ILSVRC2012_val_00043751_with_ILSVRC2012_val_00041624_rank861,771,487,0.28231,278
ILSVRC2012_val_00043751_with_ILSVRC2012_val_00043168_rank234,776,776,0.32951,0
ILSVRC2012_val_00043751_with_ILSVRC2012_val_00035532_rank256,282,282,0.40928,0
ILSVRC2012_val_00043751_with_ILSVRC2012_val_00009029_rank222,971,971,0.98117,0
ILSVRC2012_val_00043751_with_ILSVRC2012_val_00001325_rank616,873,873,0.67624,0
ILSVRC2012_val_00043751_with_ILSVRC2012_val_00041339_rank160,230,230,0.9151,0
ILSVRC2012_val_00043751_with_ILSVRC2012_val_00022283_rank292,280,280,0.91379,0
ILSVRC2012_val_00043751_with_ILSVRC2012_val_00046260_rank010,9,9,0.94822,0
ILSVRC2012_val_00043751_with_ILSVRC2012_val_00005096_rank871,605,605,0.94571,0
ILSVRC2012_val_00043751_with_ILSVRC2012_val_00024667_rank858,925,809,0.25243,1
ILSVRC2012_val_00043751_with_ILSVRC2012_val_00016472_rank814,910,618,0.43948,2
ILSVRC2012_val_00043751_with_ILSVRC2012_val_00015628_rank851,754,859,0.36361,42
ILSVRC2012_val_00043751_with_ILSVRC2012_val_00036583_rank421,699,519,0.31358,601
ILSVRC2012_val_00043751_with_ILSVRC2012_val_00024728_rank423,912,519,0.70095,33
ILSVRC2012_val_00043751_with_ILSVRC2012_val_00014536_rank969,773,773,0.46464,0
ILSVRC2012_val_00043751_with_ILSVRC2012_val_00004823_rank527,172,172,0.87396,0
ILSVRC2012_val_00043751_with_ILSVRC2012_val_00014304_rank083,339,339,0.92566,0
ILSVRC2012_val_00043751_with_ILSVRC2012_val_00048728_rank579,990,990,0.9722,0
ILSVRC2012_val_00043751_with_ILSVRC2012_val_00041898_rank392,644,644,0.61684,0
ILSVRC2012_val_00043751_with_ILSVRC2012_val_00032884_rank926,584,677,0.1129,38
ILSVRC2012_val_00043751_with_ILSVRC2012_val_00032056_rank712,117,117,0.93733,0
ILSVRC2012_val_00043751_with_ILSVRC2012_val_00045465_rank664,278,280,0.68886,2
ILSVRC2012_val_00043751_with_ILSVRC2012_val_00005768_rank934,32,32,0.52463,0
ILSVRC2012_val_00043751_with_ILSVRC2012_val_00024396_rank031,81,81,0.97187,0
ILSVRC2012_val_00043751_with_ILSVRC2012_val_00036746_rank876,604,898,0.06712,115
ILSVRC2012_val_00043751_with_ILSVRC2012_val_00041270_rank330,413,519,0.23792,239
ILSVRC2012_val_00043751_with_ILSVRC2012_val_00040998_rank108,49,49,0.9762,0
ILSVRC2012_val_00043751_with_ILSVRC2012_val_00037593_rank385,237,237,0.57854,0
ILSVRC2012_val_00043751_with_ILSVRC2012_val_00041696_rank811,753,753,0.97,0
ILSVRC2012_val_00043751_with_ILSVRC2012_val_00047851_rank225,945,945,0.93905,0
ILSVRC2012_val_00043751_with_ILSVRC2012_val_00046343_rank823,532,519,0.23537,164
ILSVRC2012_val_00043751_with_ILSVRC2012_val_00008349_rank293,212,212,0.53231,0
ILSVRC2012_val_00043751_with_ILSVRC2012_val_00025051_rank592,6,879,0.76572,303
ILSVRC2012_val_00043751_with_ILSVRC2012_val_00022682_rank118,192,519,0.23127,656
ILSVRC2012_val_00043751_with_ILSVRC2012_val_00023829_rank666,828,647,0.93647,2
ILSVRC2012_val_00043751_with_ILSVRC2012_val_00023012_rank459,220,220,0.91548,0
ILSVRC2012_val_00043751_with_ILSVRC2012_val_00008948_rank799,714,646,0.51065,563
ILSVRC2012_val_00043751_with_ILSVRC2012_val_00033517_rank831,52,52,0.08617,0
ILSVRC2012_val_00043751_with_ILSVRC2012_val_00014069_rank448,53,677,0.37774,57
ILSVRC2012_val_00043751_with_ILSVRC2012_val_00043631_rank015,136,136,0.96573,0
ILSVRC2012_val_00043751_with_ILSVRC2012_val_00043469_rank889,590,590,0.89076,0
ILSVRC2012_val_00043751_with_ILSVRC2012_val_00006649_rank619,256,233,0.23652,7
ILSVRC2012_val_00043751_with_ILSVRC2012_val_00023362_rank137,215,215,0.05635,0
ILSVRC2012_val_00043751_with_ILSVRC2012_val_00017616_rank522,372,372,0.72204,0
ILSVRC2012_val_00043751_with_ILSVRC2012_val_00041463_rank967,606,606,0.88654,0
ILSVRC2012_val_00043751_with_ILSVRC2012_val_00041369_rank528,657,744,0.26639,1
ILSVRC2012_val_00043751_with_ILSVRC2012_val_00022231_rank955,830,830,0.61696,0
ILSVRC2012_val_00043751_with_ILSVRC2012_val_00035494_rank087,292,292,0.73662,0
ILSVRC2012_val_00043751_with_ILSVRC2012_val_00029288_rank986,384,384,0.37681,0
ILSVRC2012_val_00043751_with_ILSVRC2012_val_00034227_rank827,559,559,0.65289,0
ILSVRC2012_val_00043751_with_ILSVRC2012_val_00010397_rank013,91,91,0.98153,0
ILSVRC2012_val_00043751_with_ILSVRC2012_val_00026065_rank816,320,749,0.20397,106
ILSVRC2012_val_00043751_with_ILSVRC2012_val_00048161_rank999,812,519,0.89872,780
ILSVRC2012_val_00043751_with_ILSVRC2012_val_00018076_rank268,112,112,0.54903,0
ILSVRC2012_val_00043751_with_ILSVRC2012_val_00010515_rank620,591,519,0.0792,540
ILSVRC2012_val_00043751_with_ILSVRC2012_val_00046926_rank742,886,886,0.90223,0
ILSVRC2012_val_00043751_with_ILSVRC2012_val_00025796_rank598,66,68,0.3184,1
ILSVRC2012_val_00043751_with_ILSVRC2012_val_00049856_rank408,676,249,0.46932,131
ILSVRC2012_val_00043751_with_ILSVRC2012_val_00013604_rank385,237,237,0.84589,0
ILSVRC2012_val_00043751_with_ILSVRC2012_val_00033539_rank549,553,553,0.52609,0
ILSVRC2012_val_00043751_with_ILSVRC2012_val_00025958_rank881,602,519,0.08321,930
ILSVRC2012_val_00043751_with_ILSVRC2012_val_00041994_rank872,68,519,0.44361,577
ILSVRC2012_val_00043751_with_ILSVRC2012_val_00034777_rank082,373,373,0.62207,0
ILSVRC2012_val_00043751_with_ILSVRC2012_val_00029044_rank201,728,519,0.28999,23
ILSVRC2012_val_00043751_with_ILSVRC2012_val_00025450_rank485,650,650,0.40282,0
ILSVRC2012_val_00043751_with_ILSVRC2012_val_00012572_rank826,868,899,0.17286,24
ILSVRC2012_val_00043751_with_ILSVRC2012_val_00044358_rank888,615,968,0.17681,513
ILSVRC2012_val_00043751_with_ILSVRC2012_val_00039553_rank256,282,282,0.34218,0
ILSVRC2012_val_00043751_with_ILSVRC2012_val_00038199_rank076,361,361,0.96899,0
ILSVRC2012_val_00043751_with_ILSVRC2012_val_00028338_rank414,390,114,0.68823,23
ILSVRC2012_val_00043751_with_ILSVRC2012_val_00020547_rank186,941,941,0.98425,0
ILSVRC2012_val_00043751_with_ILSVRC2012_val_00038517_rank809,804,519,0.23569,649
ILSVRC2012_val_00043751_with_ILSVRC2012_val_00025784_rank593,919,519,0.84083,177
ILSVRC2012_val_00043751_with_ILSVRC2012_val_00007718_rank836,482,519,0.19557,108
ILSVRC2012_val_00043751_with_ILSVRC2012_val_00006938_rank498,630,630,0.44427,0
ILSVRC2012_val_00043751_with_ILSVRC2012_val_00020501_rank865,988,102,0.1812,258
ILSVRC2012_val_00043751_with_ILSVRC2012_val_00005525_rank386,379,379,0.45161,0
ILSVRC2012_val_00043751_with_ILSVRC2012_val_00002633_rank114,141,141,0.92789,0
ILSVRC2012_val_00043751_with_ILSVRC2012_val_00047602_rank223,667,519,0.09531,895
ILSVRC2012_val_00043751_with_ILSVRC2012_val_00022155_rank686,318,318,0.92809,0
ILSVRC2012_val_00043751_with_ILSVRC2012_val_00028524_rank081,17,17,0.9828,0
ILSVRC2012_val_00043751_with_ILSVRC2012_val_00017073_rank631,599,410,0.23686,1
ILSVRC2012_val_00043751_with_ILSVRC2012_val_00037204_rank849,895,895,0.26663,0
ILSVRC2012_val_00043751_with_ILSVRC2012_val_00039906_rank600,847,847,0.8394,0
ILSVRC2012_val_00043751_with_ILSVRC2012_val_00048715_rank332,805,805,0.95989,0
ILSVRC2012_val_00043751_with_ILSVRC2012_val_00041627_rank414,390,390,0.86916,0
ILSVRC2012_val_00043751_with_ILSVRC2012_val_00029330_rank061,552,519,0.3894,383
ILSVRC2012_val_00043751_with_ILSVRC2012_val_00023971_rank744,524,524,0.07226,0
ILSVRC2012_val_00043751_with_ILSVRC2012_val_00029082_rank083,339,339,0.9804,0
ILSVRC2012_val_00043751_with_ILSVRC2012_val_00009486_rank884,398,398,0.99101,0
ILSVRC2012_val_00043751_with_ILSVRC2012_val_00034482_rank056,15,15,0.23723,0
ILSVRC2012_val_00043751_with_ILSVRC2012_val_00043146_rank548,505,491,0.28467,279
ILSVRC2012_val_00043751_with_ILSVRC2012_val_00002622_rank168,55,55,0.88741,0
ILSVRC2012_val_00043751_with_ILSVRC2012_val_00026464_rank511,452,616,0.14399,69
ILSVRC2012_val_00043751_with_ILSVRC2012_val_00021086_rank805,317,317,0.92988,0
ILSVRC2012_val_00043751_with_ILSVRC2012_val_00038580_rank313,200,200,0.24023,0
ILSVRC2012_val_00043751_with_ILSVRC2012_val_00040307_rank201,728,728,0.62611,0
ILSVRC2012_val_00043751_with_ILSVRC2012_val_00046188_rank946,855,855,0.07397,0
ILSVRC2012_val_00043751_with_ILSVRC2012_val_00030316_rank210,357,150,0.23431,18
ILSVRC2012_val_00043751_with_ILSVRC2012_val_00022679_rank567,779,874,0.84164,2
ILSVRC2012_val_00043751_with_ILSVRC2012_val_00027220_rank621,245,245,0.23055,0
ILSVRC2012_val_00043751_with_ILSVRC2012_val_00034192_rank449,319,319,0.9097,0
ILSVRC2012_val_00043751_with_ILSVRC2012_val_00024856_rank149,832,832,0.90517,0
ILSVRC2012_val_00043751_with_ILSVRC2012_val_00048811_rank297,890,890,0.89428,0
ILSVRC2012_val_00043751_with_ILSVRC2012_val_00002791_rank107,87,87,0.52211,0
ILSVRC2012_val_00043751_with_ILSVRC2012_val_00016867_rank345,298,298,0.92689,0
ILSVRC2012_val_00043751_with_ILSVRC2012_val_00048747_rank180,622,622,0.95385,0
ILSVRC2012_val_00043751_with_ILSVRC2012_val_00010081_rank530,422,519,0.19176,243
ILSVRC2012_val_00043751_with_ILSVRC2012_val_00047000_rank872,68,68,0.38388,0
ILSVRC2012_val_00043751_with_ILSVRC2012_val_00005533_rank511,452,518,0.0804,27
ILSVRC2012_val_00043751_with_ILSVRC2012_val_00015077_rank282,423,423,0.73754,0
ILSVRC2012_val_00043751_with_ILSVRC2012_val_00046732_rank044,129,129,0.98284,0
ILSVRC2012_val_00043751_with_ILSVRC2012_val_00037367_rank364,54,54,0.95019,0
ILSVRC2012_val_00043751_with_ILSVRC2012_val_00045298_rank575,613,613,0.99194,0
ILSVRC2012_val_00043751_with_ILSVRC2012_val_00014464_rank301,628,628,0.20293,0
ILSVRC2012_val_00043751_with_ILSVRC2012_val_00038913_rank503,287,287,0.90281,0
ILSVRC2012_val_00043751_with_ILSVRC2012_val_00007757_rank496,125,125,0.0508,0
ILSVRC2012_val_00043751_with_ILSVRC2012_val_00010545_rank168,55,55,0.69371,0
ILSVRC2012_val_00043751_with_ILSVRC2012_val_00010370_rank830,852,338,0.87607,383
ILSVRC2012_val_00043751_with_ILSVRC2012_val_00049668_rank616,873,873,0.33593,0
ILSVRC2012_val_00043751_with_ILSVRC2012_val_00025437_rank093,155,152,0.22922,5
ILSVRC2012_val_00043751_with_ILSVRC2012_val_00032742_rank936,867,882,0.3682,326
ILSVRC2012_val_00043751_with_ILSVRC2012_val_00028938_rank920,296,150,0.37433,4
ILSVRC2012_val_00043751_with_ILSVRC2012_val_00036141_rank768,362,362,0.9769,0
ILSVRC2012_val_00043751_with_ILSVRC2012_val_00028980_rank310,950,792,0.32919,768
ILSVRC2012_val_00043751_with_ILSVRC2012_val_00007260_rank052,603,603,0.96399,0
ILSVRC2012_val_00043751_with_ILSVRC2012_val_00034362_rank874,549,40,0.15613,474
ILSVRC2012_val_00043751_with_ILSVRC2012_val_00049695_rank510,880,880,0.47573,0
ILSVRC2012_val_00043751_with_ILSVRC2012_val_00016142_rank827,559,559,0.89665,0
ILSVRC2012_val_00043751_with_ILSVRC2012_val_00042645_rank201,728,703,0.29999,139
ILSVRC2012_val_00043751_with_ILSVRC2012_val_00031989_rank136,377,377,0.89733,0
ILSVRC2012_val_00043751_with_ILSVRC2012_val_00027672_rank975,647,987,0.25376,227
ILSVRC2012_val_00043751_with_ILSVRC2012_val_00007490_rank707,437,519,0.73227,842
ILSVRC2012_val_00043751_with_ILSVRC2012_val_00012952_rank640,206,206,0.93965,0
ILSVRC2012_val_00043751_with_ILSVRC2012_val_00048474_rank606,721,721,0.94969,0
ILSVRC2012_val_00043751_with_ILSVRC2012_val_00021507_rank290,595,595,0.48869,0
ILSVRC2012_val_00043751_with_ILSVRC2012_val_00020135_rank318,983,459,0.03176,449
ILSVRC2012_val_00043751_with_ILSVRC2012_val_00049376_rank608,833,833,0.61306,0
ILSVRC2012_val_00043751_with_ILSVRC2012_val_00014913_rank749,170,170,0.252,0
ILSVRC2012_val_00043751_with_ILSVRC2012_val_00024506_rank777,746,455,0.49778,3
ILSVRC2012_val_00043751_with_ILSVRC2012_val_00027699_rank619,256,256,0.94291,0
ILSVRC2012_val_00043751_with_ILSVRC2012_val_00029576_rank785,758,395,0.141,7
ILSVRC2012_val_00043751_with_ILSVRC2012_val_00010387_rank167,845,845,0.8858,0
ILSVRC2012_val_00043751_with_ILSVRC2012_val_00047717_rank686,318,318,0.96337,0
ILSVRC2012_val_00043751_with_ILSVRC2012_val_00045660_rank963,470,470,0.07148,0
ILSVRC2012_val_00043751_with_ILSVRC2012_val_00002581_rank139,775,519,0.19486,623
ILSVRC2012_val_00043751_with_ILSVRC2012_val_00006658_rank331,760,398,0.94469,111
ILSVRC2012_val_00043751_with_ILSVRC2012_val_00046126_rank980,473,473,0.43421,0
ILSVRC2012_val_00043751_with_ILSVRC2012_val_00008164_rank813,973,519,0.40731,499
ILSVRC2012_val_00043751_with_ILSVRC2012_val_00013305_rank604,940,940,0.96705,0
ILSVRC2012_val_00043751_with_ILSVRC2012_val_00020096_rank788,727,727,0.98548,0
ILSVRC2012_val_00043751_with_ILSVRC2012_val_00013414_rank351,246,246,0.64635,0
ILSVRC2012_val_00043751_with_ILSVRC2012_val_00039559_rank883,554,519,0.37836,766
ILSVRC2012_val_00043751_with_ILSVRC2012_val_00040280_rank397,954,954,0.80315,0
ILSVRC2012_val_00043751_with_ILSVRC2012_val_00041351_rank749,170,229,0.49109,15
ILSVRC2012_val_00043751_with_ILSVRC2012_val_00047703_rank970,795,519,0.85485,669
ILSVRC2012_val_00043751_with_ILSVRC2012_val_00003623_rank304,234,234,0.79237,0
ILSVRC2012_val_00043751_with_ILSVRC2012_val_00027015_rank593,919,519,0.1878,177
ILSVRC2012_val_00043751_with_ILSVRC2012_val_00047764_rank618,694,694,0.93544,0
ILSVRC2012_val_00043751_with_ILSVRC2012_val_00008021_rank963,470,470,0.985,0
ILSVRC2012_val_00043751_with_ILSVRC2012_val_00032455_rank623,571,571,0.96429,0
ILSVRC2012_val_00043751_with_ILSVRC2012_val_00023339_rank216,118,119,0.49988,2
ILSVRC2012_val_00043751_with_ILSVRC2012_val_00040173_rank534,649,519,0.13003,642
ILSVRC2012_val_00043751_with_ILSVRC2012_val_00039429_rank569,769,519,0.18644,63
ILSVRC2012_val_00043751_with_ILSVRC2012_val_00025915_rank391,518,519,0.39632,314
ILSVRC2012_val_00043751_with_ILSVRC2012_val_00048833_rank665,937,937,0.84179,0
ILSVRC2012_val_00043751_with_ILSVRC2012_val_00028623_rank664,278,278,0.60441,0
ILSVRC2012_val_00043751_with_ILSVRC2012_val_00032116_rank736,942,716,0.10432,842
ILSVRC2012_val_00043751_with_ILSVRC2012_val_00046278_rank437,780,780,0.87439,0
ILSVRC2012_val_00043751_with_ILSVRC2012_val_00040367_rank523,931,931,0.94458,0
ILSVRC2012_val_00043751_with_ILSVRC2012_val_00041068_rank902,577,577,0.73028,0
ILSVRC2012_val_00043751_with_ILSVRC2012_val_00012189_rank284,429,429,0.9875,0
ILSVRC2012_val_00043751_with_ILSVRC2012_val_00018005_rank684,420,420,0.96616,0
ILSVRC2012_val_00043751_with_ILSVRC2012_val_00005234_rank105,104,104,0.93727,0
ILSVRC2012_val_00043751_with_ILSVRC2012_val_00047768_rank191,946,321,0.69427,10
ILSVRC2012_val_00043751_with_ILSVRC2012_val_00008901_rank991,149,149,0.95969,0
ILSVRC2012_val_00043751_with_ILSVRC2012_val_00040777_rank448,53,53,0.95484,0
ILSVRC2012_val_00043751_with_ILSVRC2012_val_00005425_rank115,665,665,0.95868,0
ILSVRC2012_val_00043751_with_ILSVRC2012_val_00013029_rank220,987,722,0.24766,54
ILSVRC2012_val_00043751_with_ILSVRC2012_val_00014810_rank346,185,185,0.83134,0
ILSVRC2012_val_00043751_with_ILSVRC2012_val_00034247_rank058,986,986,0.79483,0
ILSVRC2012_val_00043751_with_ILSVRC2012_val_00012822_rank239,866,866,0.86335,0
ILSVRC2012_val_00043751_with_ILSVRC2012_val_00020766_rank137,215,215,0.94893,0
ILSVRC2012_val_00043751_with_ILSVRC2012_val_00006742_rank532,724,840,0.09088,929
ILSVRC2012_val_00043751_with_ILSVRC2012_val_00017512_rank135,522,519,0.35632,164
ILSVRC2012_val_00043751_with_ILSVRC2012_val_00031813_rank858,925,925,0.15518,0
ILSVRC2012_val_00043751_with_ILSVRC2012_val_00014751_rank496,125,125,0.55124,0
ILSVRC2012_val_00043751_with_ILSVRC2012_val_00024619_rank574,768,768,0.3297,0
ILSVRC2012_val_00043751_with_ILSVRC2012_val_00040000_rank006,82,82,0.88454,0
ILSVRC2012_val_00043751_with_ILSVRC2012_val_00018557_rank514,915,915,0.9293,0
ILSVRC2012_val_00043751_with_ILSVRC2012_val_00040578_rank314,747,747,0.9723,0
ILSVRC2012_val_00043751_with_ILSVRC2012_val_00022517_rank289,858,519,0.6343,132
ILSVRC2012_val_00043751_with_ILSVRC2012_val_00014676_rank530,422,519,0.72128,243
ILSVRC2012_val_00043751_with_ILSVRC2012_val_00014198_rank380,660,586,0.5792,52
ILSVRC2012_val_00043751_with_ILSVRC2012_val_00012085_rank304,234,234,0.83921,0
ILSVRC2012_val_00043751_with_ILSVRC2012_val_00013052_rank613,297,297,0.9597,0
ILSVRC2012_val_00043751_with_ILSVRC2012_val_00043336_rank797,803,803,0.69969,0
ILSVRC2012_val_00043751_with_ILSVRC2012_val_00038470_rank321,561,561,0.9564,0
ILSVRC2012_val_00043751_with_ILSVRC2012_val_00025272_rank286,938,938,0.97955,0
ILSVRC2012_val_00043751_with_ILSVRC2012_val_00020257_rank401,191,191,0.92749,0
ILSVRC2012_val_00043751_with_ILSVRC2012_val_00043231_rank334,150,150,0.96397,0
ILSVRC2012_val_00043751_with_ILSVRC2012_val_00018017_rank193,376,376,0.98863,0
ILSVRC2012_val_00043751_with_ILSVRC2012_val_00026255_rank380,660,519,0.62459,110
ILSVRC2012_val_00043751_with_ILSVRC2012_val_00026179_rank249,10,86,0.09519,8
ILSVRC2012_val_00043751_with_ILSVRC2012_val_00016616_rank957,831,831,0.4802,0
ILSVRC2012_val_00043751_with_ILSVRC2012_val_00047346_rank058,986,986,0.17998,0
ILSVRC2012_val_00043751_with_ILSVRC2012_val_00039661_rank431,75,75,0.82576,0
ILSVRC2012_val_00043751_with_ILSVRC2012_val_00032501_rank865,988,988,0.89198,0
ILSVRC2012_val_00043751_with_ILSVRC2012_val_00023777_rank285,600,618,0.01677,29
ILSVRC2012_val_00043751_with_ILSVRC2012_val_00010432_rank885,623,778,0.10124,265
ILSVRC2012_val_00043751_with_ILSVRC2012_val_00032146_rank850,105,105,0.96745,0
ILSVRC2012_val_00043751_with_ILSVRC2012_val_00033504_rank959,948,948,0.87311,0
ILSVRC2012_val_00043751_with_ILSVRC2012_val_00033509_rank492,497,619,0.10361,155
ILSVRC2012_val_00043751_with_ILSVRC2012_val_00044605_rank280,163,163,0.95495,0
ILSVRC2012_val_00043751_with_ILSVRC2012_val_00031296_rank247,496,496,0.49659,0
ILSVRC2012_val_00043751_with_ILSVRC2012_val_00003707_rank023,89,250,0.17734,381
ILSVRC2012_val_00043751_with_ILSVRC2012_val_00003987_rank012,88,88,0.96786,0
ILSVRC2012_val_00043751_with_ILSVRC2012_val_00007756_rank723,846,846,0.32036,0
ILSVRC2012_val_00043751_with_ILSVRC2012_val_00015269_rank229,19,19,0.58143,0
ILSVRC2012_val_00043751_with_ILSVRC2012_val_00049582_rank484,759,519,0.57183,456
ILSVRC2012_val_00043751_with_ILSVRC2012_val_00005514_rank833,800,519,0.25723,331
ILSVRC2012_val_00043751_with_ILSVRC2012_val_00045510_rank062,43,43,0.96625,0
ILSVRC2012_val_00043751_with_ILSVRC2012_val_00015688_rank551,751,519,0.29304,219
ILSVRC2012_val_00043751_with_ILSVRC2012_val_00045996_rank458,501,519,0.10141,765
ILSVRC2012_val_00043751_with_ILSVRC2012_val_00041284_rank712,117,117,0.95553,0
ILSVRC2012_val_00043751_with_ILSVRC2012_val_00024165_rank192,323,323,0.97619,0
ILSVRC2012_val_00043751_with_ILSVRC2012_val_00037912_rank844,586,586,0.95742,0
ILSVRC2012_val_00043751_with_ILSVRC2012_val_00031519_rank834,920,519,0.4797,666
ILSVRC2012_val_00043751_with_ILSVRC2012_val_00032860_rank870,814,519,0.05107,468
ILSVRC2012_val_00043751_with_ILSVRC2012_val_00021439_rank942,683,683,0.4485,0
ILSVRC2012_val_00043751_with_ILSVRC2012_val_00000122_rank576,483,519,0.2344,358
ILSVRC2012_val_00043751_with_ILSVRC2012_val_00033118_rank966,818,519,0.78563,220
ILSVRC2012_val_00043751_with_ILSVRC2012_val_00015830_rank037,12,12,0.8972,0
ILSVRC2012_val_00043751_with_ILSVRC2012_val_00000805_rank175,907,907,0.84278,0
ILSVRC2012_val_00043751_with_ILSVRC2012_val_00041776_rank316,183,183,0.90778,0
ILSVRC2012_val_00043751_with_ILSVRC2012_val_00014403_rank369,260,260,0.71865,0
ILSVRC2012_val_00043751_with_ILSVRC2012_val_00007584_rank589,956,956,0.94914,0
ILSVRC2012_val_00043751_with_ILSVRC2012_val_00041142_rank235,276,276,0.75629,0
ILSVRC2012_val_00043751_with_ILSVRC2012_val_00029848_rank917,444,870,0.80876,4
ILSVRC2012_val_00043751_with_ILSVRC2012_val_00026622_rank253,161,161,0.77433,0
ILSVRC2012_val_00043751_with_ILSVRC2012_val_00007953_rank432,806,806,0.87444,0
ILSVRC2012_val_00043751_with_ILSVRC2012_val_00019134_rank173,231,230,0.57259,2
ILSVRC2012_val_00043751_with_ILSVRC2012_val_00002670_rank951,785,844,0.10419,228
ILSVRC2012_val_00043751_with_ILSVRC2012_val_00048980_rank343,247,247,0.97905,0
ILSVRC2012_val_00043751_with_ILSVRC2012_val_00004347_rank054,957,519,0.82558,137
ILSVRC2012_val_00043751_with_ILSVRC2012_val_00012445_rank561,576,576,0.88718,0
ILSVRC2012_val_00043751_with_ILSVRC2012_val_00007339_rank468,51,728,0.24077,284
ILSVRC2012_val_00043751_with_ILSVRC2012_val_00019324_rank063,275,275,0.9165,0
ILSVRC2012_val_00043751_with_ILSVRC2012_val_00019976_rank615,618,792,0.71188,25
ILSVRC2012_val_00043751_with_ILSVRC2012_val_00027700_rank468,51,51,0.09455,0
ILSVRC2012_val_00043751_with_ILSVRC2012_val_00047763_rank297,890,890,0.68142,0
ILSVRC2012_val_00043751_with_ILSVRC2012_val_00043637_rank322,835,835,0.34907,0
ILSVRC2012_val_00043751_with_ILSVRC2012_val_00034672_rank746,528,528,0.91438,0
ILSVRC2012_val_00043751_with_ILSVRC2012_val_00016703_rank718,64,519,0.76379,421
ILSVRC2012_val_00043751_with_ILSVRC2012_val_00043085_rank035,21,21,0.91546,0
ILSVRC2012_val_00043751_with_ILSVRC2012_val_00023418_rank899,521,521,0.92107,0
ILSVRC2012_val_00043751_with_ILSVRC2012_val_00039746_rank568,457,568,0.05296,27
ILSVRC2012_val_00043751_with_ILSVRC2012_val_00009243_rank996,531,531,0.26716,0
ILSVRC2012_val_00043751_with_ILSVRC2012_val_00039943_rank423,912,877,0.12753,11
ILSVRC2012_val_00043751_with_ILSVRC2012_val_00022581_rank857,715,251,0.89201,718
ILSVRC2012_val_00043751_with_ILSVRC2012_val_00001135_rank288,411,519,0.17895,925
ILSVRC2012_val_00043751_with_ILSVRC2012_val_00000765_rank962,732,732,0.96105,0
ILSVRC2012_val_00043751_with_ILSVRC2012_val_00007266_rank108,49,519,0.83741,528
ILSVRC2012_val_00043751_with_ILSVRC2012_val_00005974_rank085,616,519,0.14696,379
ILSVRC2012_val_00043751_with_ILSVRC2012_val_00042968_rank146,327,327,0.38872,0
ILSVRC2012_val_00043751_with_ILSVRC2012_val_00001935_rank592,6,6,0.92586,0
ILSVRC2012_val_00043751_with_ILSVRC2012_val_00034841_rank577,617,617,0.10089,0
ILSVRC2012_val_00043751_with_ILSVRC2012_val_00027782_rank622,484,484,0.19207,0
ILSVRC2012_val_00043751_with_ILSVRC2012_val_00046961_rank818,900,900,0.75444,0
ILSVRC2012_val_00043751_with_ILSVRC2012_val_00010434_rank971,712,417,0.21799,301
ILSVRC2012_val_00043751_with_ILSVRC2012_val_00030671_rank119,186,186,0.91468,0
ILSVRC2012_val_00043751_with_ILSVRC2012_val_00000489_rank506,713,713,0.91811,0
ILSVRC2012_val_00043751_with_ILSVRC2012_val_00018567_rank970,795,519,0.48228,669
ILSVRC2012_val_00043751_with_ILSVRC2012_val_00029989_rank685,520,790,0.19902,20
ILSVRC2012_val_00043751_with_ILSVRC2012_val_00046943_rank758,394,394,0.90841,0
ILSVRC2012_val_00043751_with_ILSVRC2012_val_00028275_rank292,280,280,0.86629,0
ILSVRC2012_val_00043751_with_ILSVRC2012_val_00023228_rank087,292,519,0.379,346
ILSVRC2012_val_00043751_with_ILSVRC2012_val_00022876_rank928,964,964,0.95329,0
ILSVRC2012_val_00043751_with_ILSVRC2012_val_00022418_rank044,129,129,0.98417,0
ILSVRC2012_val_00043751_with_ILSVRC2012_val_00024419_rank510,880,519,0.32068,108
ILSVRC2012_val_00043751_with_ILSVRC2012_val_00014401_rank555,778,778,0.74023,0
ILSVRC2012_val_00043751_with_ILSVRC2012_val_00013901_rank100,146,519,0.11027,679
ILSVRC2012_val_00043751_with_ILSVRC2012_val_00002173_rank594,796,643,0.62706,1
ILSVRC2012_val_00043751_with_ILSVRC2012_val_00012320_rank141,984,984,0.95881,0
ILSVRC2012_val_00043751_with_ILSVRC2012_val_00040057_rank905,477,494,0.22072,161
ILSVRC2012_val_00043751_with_ILSVRC2012_val_00032569_rank648,663,519,0.68959,639
ILSVRC2012_val_00043751_with_ILSVRC2012_val_00035893_rank246,159,159,0.95244,0
ILSVRC2012_val_00043751_with_ILSVRC2012_val_00013990_rank166,336,519,0.36881,452
ILSVRC2012_val_00043751_with_ILSVRC2012_val_00036480_rank180,622,622,0.96429,0
ILSVRC2012_val_00043751_with_ILSVRC2012_val_00043930_rank720,438,438,0.99434,0
ILSVRC2012_val_00043751_with_ILSVRC2012_val_00048333_rank278,154,154,0.95887,0
ILSVRC2012_val_00043751_with_ILSVRC2012_val_00015323_rank577,617,519,0.15221,511
ILSVRC2012_val_00043751_with_ILSVRC2012_val_00037015_rank939,822,822,0.98314,0
ILSVRC2012_val_00043751_with_ILSVRC2012_val_00037553_rank263,62,519,0.17972,805
ILSVRC2012_val_00043751_with_ILSVRC2012_val_00034158_rank713,894,637,0.26018,191
ILSVRC2012_val_00043751_with_ILSVRC2012_val_00017839_rank010,9,9,0.98008,0
ILSVRC2012_val_00043751_with_ILSVRC2012_val_00011954_rank962,732,732,0.98673,0
ILSVRC2012_val_00043751_with_ILSVRC2012_val_00046789_rank996,531,531,0.7666,0
ILSVRC2012_val_00043751_with_ILSVRC2012_val_00022450_rank939,822,896,0.07025,99
ILSVRC2012_val_00043751_with_ILSVRC2012_val_00041453_rank314,747,747,0.24474,0
ILSVRC2012_val_00043751_with_ILSVRC2012_val_00015701_rank188,236,237,0.21524,3
ILSVRC2012_val_00043751_with_ILSVRC2012_val_00041483_rank895,530,530,0.97238,0
ILSVRC2012_val_00043751_with_ILSVRC2012_val_00008107_rank559,652,715,0.6606,8
ILSVRC2012_val_00043751_with_ILSVRC2012_val_00039396_rank411,963,963,0.71985,0
ILSVRC2012_val_00043751_with_ILSVRC2012_val_00011894_rank048,94,94,0.9788,0
ILSVRC2012_val_00043751_with_ILSVRC2012_val_00003833_rank017,85,85,0.94946,0
ILSVRC2012_val_00043751_with_ILSVRC2012_val_00002632_rank348,865,519,0.84505,130
ILSVRC2012_val_00043751_with_ILSVRC2012_val_00026002_rank946,855,855,0.93887,0
ILSVRC2012_val_00043751_with_ILSVRC2012_val_00005174_rank073,201,201,0.88768,0
ILSVRC2012_val_00043751_with_ILSVRC2012_val_00027144_rank721,793,150,0.11088,619
ILSVRC2012_val_00043751_with_ILSVRC2012_val_00002894_rank860,707,600,0.82017,436
ILSVRC2012_val_00043751_with_ILSVRC2012_val_00046505_rank026,138,519,0.06863,513
ILSVRC2012_val_00043751_with_ILSVRC2012_val_00033956_rank438,670,519,0.31625,119
ILSVRC2012_val_00043751_with_ILSVRC2012_val_00011762_rank907,781,781,0.81926,0
ILSVRC2012_val_00043751_with_ILSVRC2012_val_00006368_rank407,934,934,0.96708,0
ILSVRC2012_val_00043751_with_ILSVRC2012_val_00007703_rank577,617,519,0.08802,511
ILSVRC2012_val_00043751_with_ILSVRC2012_val_00021344_rank393,850,209,0.95337,141
ILSVRC2012_val_00043751_with_ILSVRC2012_val_00007325_rank097,690,537,0.05993,11
ILSVRC2012_val_00043751_with_ILSVRC2012_val_00004374_rank260,182,182,0.94077,0
ILSVRC2012_val_00043751_with_ILSVRC2012_val_00027876_rank863,557,519,0.5357,410
ILSVRC2012_val_00043751_with_ILSVRC2012_val_00047226_rank262,108,448,0.2275,798
ILSVRC2012_val_00043751_with_ILSVRC2012_val_00037921_rank355,629,519,0.07018,845
ILSVRC2012_val_00043751_with_ILSVRC2012_val_00028179_rank992,464,519,0.16818,388
ILSVRC2012_val_00043751_with_ILSVRC2012_val_00018994_rank051,363,363,0.73262,0
ILSVRC2012_val_00043751_with_ILSVRC2012_val_00002271_rank489,354,272,0.08513,197
ILSVRC2012_val_00043751_with_ILSVRC2012_val_00043063_rank795,72,72,0.54044,0
ILSVRC2012_val_00043751_with_ILSVRC2012_val_00001424_rank495,851,448,0.06338,570
ILSVRC2012_val_00043751_with_ILSVRC2012_val_00036918_rank396,257,257,0.90205,0
ILSVRC2012_val_00043751_with_ILSVRC2012_val_00001609_rank465,541,519,0.16096,452
ILSVRC2012_val_00043751_with_ILSVRC2012_val_00040830_rank504,401,401,0.98095,0
ILSVRC2012_val_00043751_with_ILSVRC2012_val_00015244_rank253,161,161,0.71252,0
ILSVRC2012_val_00043751_with_ILSVRC2012_val_00027308_rank094,981,981,0.51496,0
ILSVRC2012_val_00043751_with_ILSVRC2012_val_00039967_rank236,329,519,0.12201,642
ILSVRC2012_val_00043751_with_ILSVRC2012_val_00008945_rank172,203,203,0.9308,0
ILSVRC2012_val_00043751_with_ILSVRC2012_val_00016373_rank739,750,448,0.25432,768
ILSVRC2012_val_00043751_with_ILSVRC2012_val_00039839_rank456,393,393,0.95156,0
ILSVRC2012_val_00043751_with_ILSVRC2012_val_00037020_rank095,343,519,0.17945,894
ILSVRC2012_val_00043751_with_ILSVRC2012_val_00015791_rank630,607,607,0.98856,0
ILSVRC2012_val_00043751_with_ILSVRC2012_val_00031655_rank356,210,172,0.77483,34
ILSVRC2012_val_00043751_with_ILSVRC2012_val_00040821_rank034,345,345,0.33247,0
ILSVRC2012_val_00043751_with_ILSVRC2012_val_00032924_rank754,872,740,0.08085,33
ILSVRC2012_val_00043751_with_ILSVRC2012_val_00018003_rank377,313,519,0.87767,975
ILSVRC2012_val_00043751_with_ILSVRC2012_val_00010394_rank082,373,373,0.86014,0
ILSVRC2012_val_00043751_with_ILSVRC2012_val_00027317_rank873,755,452,0.03552,465
ILSVRC2012_val_00043751_with_ILSVRC2012_val_00049771_rank586,834,834,0.35556,0
ILSVRC2012_val_00043751_with_ILSVRC2012_val_00017435_rank506,713,713,0.96885,0
ILSVRC2012_val_00043751_with_ILSVRC2012_val_00004160_rank1000,551,551,0.90529,0
ILSVRC2012_val_00043751_with_ILSVRC2012_val_00037247_rank310,950,950,0.63241,0
ILSVRC2012_val_00043751_with_ILSVRC2012_val_00041603_rank556,459,459,0.80768,0
ILSVRC2012_val_00043751_with_ILSVRC2012_val_00047983_rank334,150,346,0.12972,33
ILSVRC2012_val_00043751_with_ILSVRC2012_val_00023515_rank409,184,184,0.97535,0
ILSVRC2012_val_00043751_with_ILSVRC2012_val_00024323_rank055,425,519,0.74141,46
ILSVRC2012_val_00043751_with_ILSVRC2012_val_00049473_rank820,786,786,0.97469,0
ILSVRC2012_val_00043751_with_ILSVRC2012_val_00034159_rank505,703,703,0.94409,0
ILSVRC2012_val_00043751_with_ILSVRC2012_val_00041704_rank082,373,372,0.9275,1
ILSVRC2012_val_00043751_with_ILSVRC2012_val_00031219_rank362,254,254,0.95767,0
ILSVRC2012_val_00043751_with_ILSVRC2012_val_00043655_rank238,302,519,0.21435,684
ILSVRC2012_val_00043751_with_ILSVRC2012_val_00044651_rank170,723,723,0.98321,0
ILSVRC2012_val_00043751_with_ILSVRC2012_val_00040100_rank368,288,288,0.78801,0
ILSVRC2012_val_00043751_with_ILSVRC2012_val_00039689_rank573,842,519,0.52455,857
ILSVRC2012_val_00043751_with_ILSVRC2012_val_00003832_rank457,221,221,0.88658,0
ILSVRC2012_val_00043751_with_ILSVRC2012_val_00009790_rank979,700,519,0.11663,552
ILSVRC2012_val_00043751_with_ILSVRC2012_val_00014943_rank448,53,63,0.17627,14
ILSVRC2012_val_00043751_with_ILSVRC2012_val_00032130_rank704,3,3,0.5577,0
ILSVRC2012_val_00043751_with_ILSVRC2012_val_00006025_rank833,800,800,0.82869,0
ILSVRC2012_val_00043751_with_ILSVRC2012_val_00040784_rank106,290,288,0.52461,1
ILSVRC2012_val_00043751_with_ILSVRC2012_val_00032752_rank520,935,935,0.95095,0
ILSVRC2012_val_00043751_with_ILSVRC2012_val_00027786_rank127,489,489,0.40587,0
ILSVRC2012_val_00043751_with_ILSVRC2012_val_00047074_rank904,564,677,0.05686,623
ILSVRC2012_val_00043751_with_ILSVRC2012_val_00023868_rank366,439,90,0.06229,188
ILSVRC2012_val_00043751_with_ILSVRC2012_val_00017112_rank325,243,180,0.50182,2
ILSVRC2012_val_00043751_with_ILSVRC2012_val_00021958_rank926,584,428,0.1092,930
ILSVRC2012_val_00043751_with_ILSVRC2012_val_00030009_rank272,67,67,0.96818,0
ILSVRC2012_val_00043751_with_ILSVRC2012_val_00003493_rank020,144,144,0.95397,0
ILSVRC2012_val_00043751_with_ILSVRC2012_val_00043904_rank564,114,114,0.76638,0
ILSVRC2012_val_00043751_with_ILSVRC2012_val_00006116_rank077,128,128,0.95363,0
ILSVRC2012_val_00043751_with_ILSVRC2012_val_00009556_rank394,239,239,0.46333,0
ILSVRC2012_val_00043751_with_ILSVRC2012_val_00020896_rank092,643,519,0.46503,568
ILSVRC2012_val_00043751_with_ILSVRC2012_val_00013858_rank032,63,63,0.75984,0
ILSVRC2012_val_00043751_with_ILSVRC2012_val_00024391_rank891,839,519,0.14107,283
ILSVRC2012_val_00043751_with_ILSVRC2012_val_00013524_rank537,252,252,0.2641,0
ILSVRC2012_val_00043751_with_ILSVRC2012_val_00044859_rank846,435,519,0.28811,130
ILSVRC2012_val_00043751_with_ILSVRC2012_val_00033413_rank684,420,420,0.98052,0
ILSVRC2012_val_00043751_with_ILSVRC2012_val_00048927_rank198,790,790,0.96808,0
ILSVRC2012_val_00043751_with_ILSVRC2012_val_00016332_rank765,864,519,0.24018,191
ILSVRC2012_val_00043751_with_ILSVRC2012_val_00022351_rank237,304,316,0.21562,11
ILSVRC2012_val_00043751_with_ILSVRC2012_val_00022136_rank513,414,519,0.13819,480
ILSVRC2012_val_00043751_with_ILSVRC2012_val_00025720_rank439,225,225,0.94356,0
ILSVRC2012_val_00043751_with_ILSVRC2012_val_00024307_rank756,682,470,0.43895,78
ILSVRC2012_val_00043751_with_ILSVRC2012_val_00022902_rank881,602,784,0.11545,115
ILSVRC2012_val_00043751_with_ILSVRC2012_val_00011919_rank948,709,519,0.25368,402
ILSVRC2012_val_00043751_with_ILSVRC2012_val_00004769_rank393,850,850,0.80872,0
ILSVRC2012_val_00043751_with_ILSVRC2012_val_00022362_rank654,725,849,0.48332,3
ILSVRC2012_val_00043751_with_ILSVRC2012_val_00048439_rank275,216,216,0.98158,0
ILSVRC2012_val_00043751_with_ILSVRC2012_val_00000906_rank511,452,452,0.58054,0
ILSVRC2012_val_00043751_with_ILSVRC2012_val_00039693_rank344,741,412,0.09328,816
ILSVRC2012_val_00043751_with_ILSVRC2012_val_00041458_rank070,338,338,0.97308,0
ILSVRC2012_val_00043751_with_ILSVRC2012_val_00039235_rank304,234,234,0.83968,0
ILSVRC2012_val_00043751_with_ILSVRC2012_val_00026103_rank519,344,344,0.64256,0
ILSVRC2012_val_00043751_with_ILSVRC2012_val_00029406_rank137,215,215,0.9774,0
ILSVRC2012_val_00043751_with_ILSVRC2012_val_00044735_rank052,603,519,0.76372,118
ILSVRC2012_val_00043751_with_ILSVRC2012_val_00010115_rank775,827,827,0.49737,0
ILSVRC2012_val_00043751_with_ILSVRC2012_val_00047518_rank401,191,191,0.91032,0
ILSVRC2012_val_00043751_with_ILSVRC2012_val_00044302_rank232,913,913,0.23038,0
ILSVRC2012_val_00043751_with_ILSVRC2012_val_00045687_rank369,260,260,0.95893,0
ILSVRC2012_val_00043751_with_ILSVRC2012_val_00023559_rank770,0,519,0.84346,734
ILSVRC2012_val_00043751_with_ILSVRC2012_val_00021510_rank874,549,549,0.87038,0
ILSVRC2012_val_00043751_with_ILSVRC2012_val_00024544_rank230,637,637,0.96313,0
ILSVRC2012_val_00043751_with_ILSVRC2012_val_00037783_rank989,451,519,0.55331,956
ILSVRC2012_val_00043751_with_ILSVRC2012_val_00020795_rank066,122,122,0.94442,0
ILSVRC2012_val_00043751_with_ILSVRC2012_val_00040630_rank087,292,292,0.73601,0
ILSVRC2012_val_00043751_with_ILSVRC2012_val_00006353_rank446,258,279,0.63924,7
ILSVRC2012_val_00043751_with_ILSVRC2012_val_00021673_rank854,710,596,0.53152,289
ILSVRC2012_val_00043751_with_ILSVRC2012_val_00046937_rank333,947,947,0.77208,0
ILSVRC2012_val_00043751_with_ILSVRC2012_val_00028498_rank798,412,412,0.40388,0
ILSVRC2012_val_00043751_with_ILSVRC2012_val_00017803_rank084,375,375,0.96605,0
ILSVRC2012_val_00043751_with_ILSVRC2012_val_00023839_rank904,564,519,0.5521,203
ILSVRC2012_val_00043751_with_ILSVRC2012_val_00012512_rank549,553,553,0.39824,0
ILSVRC2012_val_00043751_with_ILSVRC2012_val_00000882_rank101,204,204,0.44383,0
ILSVRC2012_val_00043751_with_ILSVRC2012_val_00029758_rank529,333,333,0.63942,0
ILSVRC2012_val_00043751_with_ILSVRC2012_val_00036997_rank526,272,272,0.21972,0
ILSVRC2012_val_00043751_with_ILSVRC2012_val_00010872_rank597,923,532,0.41822,27
ILSVRC2012_val_00043751_with_ILSVRC2012_val_00006872_rank600,847,847,0.56502,0
ILSVRC2012_val_00043751_with_ILSVRC2012_val_00024924_rank985,126,126,0.83829,0
ILSVRC2012_val_00043751_with_ILSVRC2012_val_00020061_rank468,51,51,0.96711,0
ILSVRC2012_val_00043751_with_ILSVRC2012_val_00033241_rank613,297,297,0.94702,0
ILSVRC2012_val_00043751_with_ILSVRC2012_val_00049364_rank774,188,188,0.94984,0
ILSVRC2012_val_00043751_with_ILSVRC2012_val_00012964_rank404,558,558,0.53553,0
ILSVRC2012_val_00043751_with_ILSVRC2012_val_00042211_rank986,384,384,0.95622,0
ILSVRC2012_val_00043751_with_ILSVRC2012_val_00032464_rank749,170,170,0.92782,0
ILSVRC2012_val_00043751_with_ILSVRC2012_val_00030592_rank144,989,448,0.11929,65
ILSVRC2012_val_00043751_with_ILSVRC2012_val_00020136_rank219,281,281,0.29112,0
ILSVRC2012_val_00043751_with_ILSVRC2012_val_00014795_rank994,826,711,0.24617,54
ILSVRC2012_val_00043751_with_ILSVRC2012_val_00043535_rank427,589,519,0.0734,874
ILSVRC2012_val_00043751_with_ILSVRC2012_val_00029313_rank406,248,249,0.77911,2
ILSVRC2012_val_00043751_with_ILSVRC2012_val_00030241_rank713,894,894,0.2481,0
ILSVRC2012_val_00043751_with_ILSVRC2012_val_00041905_rank033,355,355,0.98131,0
ILSVRC2012_val_00043751_with_ILSVRC2012_val_00030674_rank495,851,598,0.5394,3
ILSVRC2012_val_00043751_with_ILSVRC2012_val_00032843_rank023,89,89,0.29188,0
ILSVRC2012_val_00043751_with_ILSVRC2012_val_00029434_rank066,122,122,0.83987,0
ILSVRC2012_val_00043751_with_ILSVRC2012_val_00041857_rank466,402,546,0.35249,1
ILSVRC2012_val_00043751_with_ILSVRC2012_val_00034300_rank732,673,696,0.17355,217
ILSVRC2012_val_00043751_with_ILSVRC2012_val_00008953_rank315,654,757,0.34137,3
ILSVRC2012_val_00043751_with_ILSVRC2012_val_00047736_rank046,133,133,0.97167,0
ILSVRC2012_val_00043751_with_ILSVRC2012_val_00023679_rank051,363,363,0.9891,0
ILSVRC2012_val_00043751_with_ILSVRC2012_val_00003329_rank588,930,930,0.5257,0
ILSVRC2012_val_00043751_with_ILSVRC2012_val_00029019_rank754,872,413,0.2646,3
ILSVRC2012_val_00043751_with_ILSVRC2012_val_00000309_rank407,934,934,0.42356,0
ILSVRC2012_val_00043751_with_ILSVRC2012_val_00025652_rank351,246,246,0.85257,0
ILSVRC2012_val_00043751_with_ILSVRC2012_val_00015006_rank553,787,519,0.42724,462
ILSVRC2012_val_00043751_with_ILSVRC2012_val_00000075_rank011,80,80,0.97746,0
ILSVRC2012_val_00043751_with_ILSVRC2012_val_00015237_rank344,741,741,0.83525,0
ILSVRC2012_val_00043751_with_ILSVRC2012_val_00026778_rank185,266,202,0.24377,15
ILSVRC2012_val_00043751_with_ILSVRC2012_val_00004467_rank932,797,797,0.78602,0
ILSVRC2012_val_00043751_with_ILSVRC2012_val_00003901_rank951,785,618,0.29205,440
ILSVRC2012_val_00043751_with_ILSVRC2012_val_00009929_rank761,722,519,0.72224,197
ILSVRC2012_val_00043751_with_ILSVRC2012_val_00016736_rank389,642,519,0.10279,63
ILSVRC2012_val_00043751_with_ILSVRC2012_val_00018075_rank124,1,1,0.96589,0
ILSVRC2012_val_00043751_with_ILSVRC2012_val_00005378_rank563,475,519,0.15642,985
ILSVRC2012_val_00043751_with_ILSVRC2012_val_00047405_rank383,50,519,0.39909,813
ILSVRC2012_val_00043751_with_ILSVRC2012_val_00012800_rank178,270,270,0.87982,0
ILSVRC2012_val_00043751_with_ILSVRC2012_val_00034783_rank163,870,870,0.93343,0
ILSVRC2012_val_00043751_with_ILSVRC2012_val_00031464_rank609,436,436,0.90371,0
ILSVRC2012_val_00043751_with_ILSVRC2012_val_00005651_rank684,420,420,0.96479,0
ILSVRC2012_val_00043751_with_ILSVRC2012_val_00028933_rank689,608,117,0.94783,831
ILSVRC2012_val_00043751_with_ILSVRC2012_val_00036244_rank503,287,287,0.96028,0
ILSVRC2012_val_00043751_with_ILSVRC2012_val_00006612_rank677,286,286,0.96642,0
ILSVRC2012_val_00043751_with_ILSVRC2012_val_00049008_rank326,587,448,0.09783,208
ILSVRC2012_val_00043751_with_ILSVRC2012_val_00005038_rank553,787,787,0.96021,0
ILSVRC2012_val_00043751_with_ILSVRC2012_val_00047697_rank344,741,741,0.96108,0
ILSVRC2012_val_00043751_with_ILSVRC2012_val_00029245_rank005,97,97,0.96097,0
ILSVRC2012_val_00043751_with_ILSVRC2012_val_00006226_rank879,610,610,0.90949,0
ILSVRC2012_val_00043751_with_ILSVRC2012_val_00048033_rank870,814,519,0.13151,468
ILSVRC2012_val_00043751_with_ILSVRC2012_val_00037714_rank098,132,132,0.81081,0
ILSVRC2012_val_00043751_with_ILSVRC2012_val_00013419_rank339,242,242,0.91549,0
ILSVRC2012_val_00043751_with_ILSVRC2012_val_00029689_rank608,833,462,0.84919,383
ILSVRC2012_val_00043751_with_ILSVRC2012_val_00003978_rank677,286,151,0.35345,176
ILSVRC2012_val_00043751_with_ILSVRC2012_val_00010563_rank200,197,197,0.88728,0
ILSVRC2012_val_00043751_with_ILSVRC2012_val_00015639_rank541,456,519,0.84002,866
ILSVRC2012_val_00043751_with_ILSVRC2012_val_00010468_rank875,543,543,0.79663,0
ILSVRC2012_val_00043751_with_ILSVRC2012_val_00035696_rank855,326,463,0.2868,888
ILSVRC2012_val_00043751_with_ILSVRC2012_val_00021176_rank363,251,251,0.84964,0
ILSVRC2012_val_00043751_with_ILSVRC2012_val_00021775_rank491,468,684,0.08899,674
ILSVRC2012_val_00043751_with_ILSVRC2012_val_00021986_rank047,994,994,0.94179,0
ILSVRC2012_val_00043751_with_ILSVRC2012_val_00026017_rank281,152,154,0.85322,3
ILSVRC2012_val_00043751_with_ILSVRC2012_val_00040586_rank269,115,519,0.52885,782
ILSVRC2012_val_00043751_with_ILSVRC2012_val_00036078_rank781,816,792,0.11758,601
ILSVRC2012_val_00043751_with_ILSVRC2012_val_00036594_rank321,561,561,0.97944,0
ILSVRC2012_val_00043751_with_ILSVRC2012_val_00022883_rank493,400,400,0.8874,0
ILSVRC2012_val_00043751_with_ILSVRC2012_val_00045487_rank154,193,193,0.31684,0
ILSVRC2012_val_00043751_with_ILSVRC2012_val_00005266_rank009,23,145,0.09651,122
ILSVRC2012_val_00043751_with_ILSVRC2012_val_00021694_rank169,929,448,0.1133,253
ILSVRC2012_val_00043751_with_ILSVRC2012_val_00021537_rank876,604,604,0.97159,0
ILSVRC2012_val_00043751_with_ILSVRC2012_val_00003988_rank740,697,67,0.04263,424
ILSVRC2012_val_00043751_with_ILSVRC2012_val_00023179_rank738,181,181,0.89008,0
ILSVRC2012_val_00043751_with_ILSVRC2012_val_00002052_rank245,16,16,0.98081,0
ILSVRC2012_val_00043751_with_ILSVRC2012_val_00042625_rank446,258,258,0.9488,0
ILSVRC2012_val_00043751_with_ILSVRC2012_val_00048991_rank760,35,35,0.98813,0
ILSVRC2012_val_00043751_with_ILSVRC2012_val_00027303_rank776,474,519,0.22669,426
ILSVRC2012_val_00043751_with_ILSVRC2012_val_00038505_rank005,97,97,0.94711,0
ILSVRC2012_val_00043751_with_ILSVRC2012_val_00028012_rank167,845,845,0.88948,0
ILSVRC2012_val_00043751_with_ILSVRC2012_val_00023871_rank531,285,281,0.29671,1
ILSVRC2012_val_00043751_with_ILSVRC2012_val_00000512_rank227,56,56,0.93194,0
ILSVRC2012_val_00043751_with_ILSVRC2012_val_00022898_rank514,915,915,0.80562,0
ILSVRC2012_val_00043751_with_ILSVRC2012_val_00024826_rank771,450,450,0.97544,0
ILSVRC2012_val_00043751_with_ILSVRC2012_val_00034309_rank826,868,868,0.52418,0
ILSVRC2012_val_00043751_with_ILSVRC2012_val_00048317_rank922,465,414,0.23751,5
ILSVRC2012_val_00043751_with_ILSVRC2012_val_00023027_rank645,178,178,0.12864,0
ILSVRC2012_val_00043751_with_ILSVRC2012_val_00014460_rank628,905,905,0.45986,0
ILSVRC2012_val_00043751_with_ILSVRC2012_val_00021546_rank147,153,153,0.83245,0
ILSVRC2012_val_00043751_with_ILSVRC2012_val_00019152_rank130,44,44,0.79511,0
ILSVRC2012_val_00043751_with_ILSVRC2012_val_00018550_rank050,187,187,0.54795,0
ILSVRC2012_val_00043751_with_ILSVRC2012_val_00011682_rank356,210,210,0.95991,0
ILSVRC2012_val_00043751_with_ILSVRC2012_val_00032902_rank441,78,78,0.9283,0
ILSVRC2012_val_00043751_with_ILSVRC2012_val_00026291_rank939,822,463,0.58148,49
ILSVRC2012_val_00043751_with_ILSVRC2012_val_00036982_rank598,66,66,0.42697,0
ILSVRC2012_val_00043751_with_ILSVRC2012_val_00035577_rank531,285,285,0.25184,0
ILSVRC2012_val_00043751_with_ILSVRC2012_val_00039107_rank144,989,989,0.28057,0
ILSVRC2012_val_00043751_with_ILSVRC2012_val_00040298_rank050,187,187,0.52795,0
ILSVRC2012_val_00043751_with_ILSVRC2012_val_00041171_rank015,136,136,0.9655,0
ILSVRC2012_val_00043751_with_ILSVRC2012_val_00047023_rank454,448,448,0.76943,0
ILSVRC2012_val_00043751_with_ILSVRC2012_val_00014555_rank971,712,868,0.44838,33
ILSVRC2012_val_00043751_with_ILSVRC2012_val_00039229_rank209,737,898,0.43705,3
ILSVRC2012_val_00043751_with_ILSVRC2012_val_00048837_rank066,122,94,0.12317,484
ILSVRC2012_val_00043751_with_ILSVRC2012_val_00045125_rank107,87,87,0.94739,0
ILSVRC2012_val_00043751_with_ILSVRC2012_val_00019913_rank880,857,448,0.17045,366
ILSVRC2012_val_00043751_with_ILSVRC2012_val_00019761_rank395,674,426,0.68327,472
ILSVRC2012_val_00043751_with_ILSVRC2012_val_00007125_rank659,817,802,0.4449,24
ILSVRC2012_val_00043751_with_ILSVRC2012_val_00002989_rank347,240,240,0.40808,0
ILSVRC2012_val_00043751_with_ILSVRC2012_val_00002555_rank574,768,768,0.509,0
ILSVRC2012_val_00043751_with_ILSVRC2012_val_00001896_rank404,558,558,0.5111,0
ILSVRC2012_val_00043751_with_ILSVRC2012_val_00016280_rank729,431,765,0.08661,13
ILSVRC2012_val_00043751_with_ILSVRC2012_val_00044793_rank312,491,491,0.97259,0
ILSVRC2012_val_00043751_with_ILSVRC2012_val_00005270_rank336,982,558,0.11554,75
ILSVRC2012_val_00043751_with_ILSVRC2012_val_00003188_rank889,590,590,0.32529,0
ILSVRC2012_val_00043751_with_ILSVRC2012_val_00018703_rank172,203,203,0.35342,0
ILSVRC2012_val_00043751_with_ILSVRC2012_val_00001220_rank419,481,481,0.89376,0
ILSVRC2012_val_00043751_with_ILSVRC2012_val_00022985_rank706,761,761,0.92819,0
ILSVRC2012_val_00043751_with_ILSVRC2012_val_00008797_rank614,542,463,0.2017,155
ILSVRC2012_val_00043751_with_ILSVRC2012_val_00005453_rank956,446,519,0.39193,150
ILSVRC2012_val_00043751_with_ILSVRC2012_val_00009837_rank632,544,849,0.21081,50
ILSVRC2012_val_00043751_with_ILSVRC2012_val_00037927_rank575,613,519,0.26063,211
ILSVRC2012_val_00043751_with_ILSVRC2012_val_00003829_rank900,631,631,0.17525,0
ILSVRC2012_val_00043751_with_ILSVRC2012_val_00006319_rank676,26,48,0.02353,94
ILSVRC2012_val_00043751_with_ILSVRC2012_val_00013561_rank314,747,805,0.42888,18
ILSVRC2012_val_00043751_with_ILSVRC2012_val_00046041_rank153,98,98,0.99985,0
ILSVRC2012_val_00043751_with_ILSVRC2012_val_00039932_rank329,487,606,0.30939,111
ILSVRC2012_val_00043751_with_ILSVRC2012_val_00029598_rank501,936,936,0.95921,0
ILSVRC2012_val_00043751_with_ILSVRC2012_val_00026254_rank198,790,463,0.25108,4
ILSVRC2012_val_00043751_with_ILSVRC2012_val_00032723_rank602,426,426,0.98348,0
ILSVRC2012_val_00043751_with_ILSVRC2012_val_00035158_rank401,191,191,0.89645,0
ILSVRC2012_val_00043751_with_ILSVRC2012_val_00011829_rank266,399,414,0.35591,27
ILSVRC2012_val_00043751_with_ILSVRC2012_val_00024017_rank465,541,541,0.78803,0
ILSVRC2012_val_00043751_with_ILSVRC2012_val_00024533_rank745,222,257,0.24266,1
ILSVRC2012_val_00043751_with_ILSVRC2012_val_00021013_rank752,546,546,0.83057,0
ILSVRC2012_val_00043751_with_ILSVRC2012_val_00020884_rank637,534,534,0.92012,0
ILSVRC2012_val_00043751_with_ILSVRC2012_val_00011642_rank020,144,144,0.98047,0
ILSVRC2012_val_00043751_with_ILSVRC2012_val_00046584_rank150,382,382,0.53851,0
ILSVRC2012_val_00043751_with_ILSVRC2012_val_00008135_rank046,133,133,0.98329,0
ILSVRC2012_val_00043751_with_ILSVRC2012_val_00005110_rank226,573,573,0.0931,0
ILSVRC2012_val_00043751_with_ILSVRC2012_val_00025921_rank177,951,951,0.78014,0
ILSVRC2012_val_00043751_with_ILSVRC2012_val_00036453_rank188,236,236,0.56073,0
ILSVRC2012_val_00043751_with_ILSVRC2012_val_00035944_rank172,203,203,0.49279,0
ILSVRC2012_val_00043751_with_ILSVRC2012_val_00011062_rank116,145,145,0.98183,0
ILSVRC2012_val_00043751_with_ILSVRC2012_val_00019402_rank119,186,151,0.60573,14
ILSVRC2012_val_00043751_with_ILSVRC2012_val_00014825_rank845,279,279,0.96678,0
ILSVRC2012_val_00043751_with_ILSVRC2012_val_00001405_rank523,931,528,0.78527,442
ILSVRC2012_val_00043751_with_ILSVRC2012_val_00037248_rank211,671,519,0.45906,115
ILSVRC2012_val_00043751_with_ILSVRC2012_val_00019879_rank932,797,885,0.10248,38
ILSVRC2012_val_00043751_with_ILSVRC2012_val_00039243_rank502,943,943,0.83937,0
ILSVRC2012_val_00043751_with_ILSVRC2012_val_00000516_rank796,567,909,0.43539,1
ILSVRC2012_val_00043751_with_ILSVRC2012_val_00011167_rank102,309,309,0.24147,0
ILSVRC2012_val_00043751_with_ILSVRC2012_val_00030112_rank211,671,519,0.06531,115
ILSVRC2012_val_00043751_with_ILSVRC2012_val_00002024_rank515,171,171,0.5332,0
ILSVRC2012_val_00043751_with_ILSVRC2012_val_00001559_rank546,740,740,0.39564,0
ILSVRC2012_val_00043751_with_ILSVRC2012_val_00029738_rank737,368,350,0.08931,159
ILSVRC2012_val_00043751_with_ILSVRC2012_val_00037117_rank621,245,179,0.72322,3
ILSVRC2012_val_00043751_with_ILSVRC2012_val_00023491_rank628,905,458,0.0304,346
ILSVRC2012_val_00043751_with_ILSVRC2012_val_00016029_rank356,210,210,0.93503,0
ILSVRC2012_val_00043751_with_ILSVRC2012_val_00004510_rank742,886,886,0.98444,0
ILSVRC2012_val_00043751_with_ILSVRC2012_val_00018620_rank296,825,884,0.22991,141
ILSVRC2012_val_00043751_with_ILSVRC2012_val_00024031_rank049,462,519,0.74178,111
ILSVRC2012_val_00043751_with_ILSVRC2012_val_00010822_rank740,697,519,0.68359,819
ILSVRC2012_val_00043751_with_ILSVRC2012_val_00023422_rank742,886,519,0.5911,141
ILSVRC2012_val_00043751_with_ILSVRC2012_val_00020438_rank228,151,151,0.17205,0
ILSVRC2012_val_00043751_with_ILSVRC2012_val_00040402_rank573,842,885,0.10194,237
ILSVRC2012_val_00043751_with_ILSVRC2012_val_00026565_rank746,528,528,0.87225,0
ILSVRC2012_val_00043751_with_ILSVRC2012_val_00040542_rank933,447,447,0.90717,0
ILSVRC2012_val_00043751_with_ILSVRC2012_val_00046231_rank816,320,313,0.12665,6
ILSVRC2012_val_00043751_with_ILSVRC2012_val_00030719_rank168,55,55,0.92278,0
ILSVRC2012_val_00043751_with_ILSVRC2012_val_00038884_rank128,198,196,0.61834,2
ILSVRC2012_val_00043751_with_ILSVRC2012_val_00044063_rank789,729,729,0.86846,0
ILSVRC2012_val_00043751_with_ILSVRC2012_val_00010580_rank840,939,939,0.9229,0
ILSVRC2012_val_00043751_with_ILSVRC2012_val_00025141_rank456,393,393,0.88866,0
ILSVRC2012_val_00043751_with_ILSVRC2012_val_00006863_rank144,989,417,0.1852,159
ILSVRC2012_val_00043751_with_ILSVRC2012_val_00007923_rank850,105,105,0.94483,0
ILSVRC2012_val_00043751_with_ILSVRC2012_val_00001972_rank465,541,541,0.92808,0
ILSVRC2012_val_00043751_with_ILSVRC2012_val_00011813_rank427,589,845,0.54262,123
ILSVRC2012_val_00043751_with_ILSVRC2012_val_00023770_rank970,795,537,0.12208,3
ILSVRC2012_val_00043751_with_ILSVRC2012_val_00048923_rank824,757,757,0.37202,0
ILSVRC2012_val_00043751_with_ILSVRC2012_val_00019840_rank915,526,526,0.09529,0
ILSVRC2012_val_00043751_with_ILSVRC2012_val_00010969_rank860,707,707,0.41224,0
ILSVRC2012_val_00043751_with_ILSVRC2012_val_00034624_rank252,594,594,0.93555,0
ILSVRC2012_val_00043751_with_ILSVRC2012_val_00047615_rank223,667,519,0.13704,895
ILSVRC2012_val_00043751_with_ILSVRC2012_val_00017422_rank115,665,665,0.35304,0
ILSVRC2012_val_00043751_with_ILSVRC2012_val_00032547_rank258,120,120,0.94599,0
ILSVRC2012_val_00043751_with_ILSVRC2012_val_00007574_rank947,31,31,0.48144,0
ILSVRC2012_val_00043751_with_ILSVRC2012_val_00009607_rank226,573,751,0.41848,1
ILSVRC2012_val_00043751_with_ILSVRC2012_val_00025742_rank708,996,519,0.10761,644
ILSVRC2012_val_00043751_with_ILSVRC2012_val_00043329_rank753,418,563,0.37096,1
ILSVRC2012_val_00043751_with_ILSVRC2012_val_00020378_rank169,929,929,0.70359,0
ILSVRC2012_val_00043751_with_ILSVRC2012_val_00037373_rank957,831,831,0.19388,0
ILSVRC2012_val_00043751_with_ILSVRC2012_val_00043667_rank393,850,516,0.1246,78
ILSVRC2012_val_00043751_with_ILSVRC2012_val_00001953_rank853,765,765,0.96697,0
ILSVRC2012_val_00043751_with_ILSVRC2012_val_00030314_rank491,468,468,0.85005,0
ILSVRC2012_val_00043751_with_ILSVRC2012_val_00038284_rank322,835,835,0.91414,0
ILSVRC2012_val_00043751_with_ILSVRC2012_val_00041659_rank483,40,40,0.41551,0
ILSVRC2012_val_00043751_with_ILSVRC2012_val_00015820_rank921,409,426,0.25373,3
ILSVRC2012_val_00043751_with_ILSVRC2012_val_00047061_rank872,68,66,0.48186,1
ILSVRC2012_val_00043751_with_ILSVRC2012_val_00035409_rank580,312,519,0.28635,523
ILSVRC2012_val_00043751_with_ILSVRC2012_val_00033122_rank674,148,145,0.27557,9
ILSVRC2012_val_00043751_with_ILSVRC2012_val_00041031_rank385,237,237,0.53906,0
ILSVRC2012_val_00043751_with_ILSVRC2012_val_00047713_rank676,26,519,0.62167,815
ILSVRC2012_val_00043751_with_ILSVRC2012_val_00017460_rank952,635,635,0.27842,0
ILSVRC2012_val_00043751_with_ILSVRC2012_val_00006810_rank268,112,112,0.92124,0
ILSVRC2012_val_00043751_with_ILSVRC2012_val_00040289_rank151,381,519,0.7308,609
ILSVRC2012_val_00043751_with_ILSVRC2012_val_00019614_rank707,437,519,0.59566,842
ILSVRC2012_val_00043751_with_ILSVRC2012_val_00049843_rank973,408,896,0.2912,462
ILSVRC2012_val_00043751_with_ILSVRC2012_val_00020978_rank737,368,368,0.9139,0
ILSVRC2012_val_00043751_with_ILSVRC2012_val_00043864_rank785,758,519,0.72686,342
ILSVRC2012_val_00043751_with_ILSVRC2012_val_00042027_rank108,49,519,0.26567,528
ILSVRC2012_val_00043751_with_ILSVRC2012_val_00008819_rank009,23,23,0.95226,0
ILSVRC2012_val_00043751_with_ILSVRC2012_val_00009790_rank694,999,519,0.16354,190
ILSVRC2012_val_00043751_with_ILSVRC2012_val_00037304_rank689,608,519,0.06098,425
ILSVRC2012_val_00043751_with_ILSVRC2012_val_00012206_rank097,690,690,0.61742,0
ILSVRC2012_val_00043751_with_ILSVRC2012_val_00042994_rank693,441,696,0.20694,98
ILSVRC2012_val_00043751_with_ILSVRC2012_val_00006515_rank557,547,547,0.8857,0
ILSVRC2012_val_00043751_with_ILSVRC2012_val_00003684_rank330,413,413,0.50558,0
ILSVRC2012_val_00043751_with_ILSVRC2012_val_00014941_rank466,402,596,0.25996,221
ILSVRC2012_val_00043751_with_ILSVRC2012_val_00005256_rank484,759,759,0.76574,0
ILSVRC2012_val_00043751_with_ILSVRC2012_val_00008931_rank790,307,307,0.91302,0
ILSVRC2012_val_00043751_with_ILSVRC2012_val_00045148_rank609,436,436,0.93558,0
ILSVRC2012_val_00043751_with_ILSVRC2012_val_00010189_rank528,657,845,0.4156,48
ILSVRC2012_val_00043751_with_ILSVRC2012_val_00039175_rank973,408,408,0.08193,0
ILSVRC2012_val_00043751_with_ILSVRC2012_val_00016350_rank023,89,89,0.98359,0
ILSVRC2012_val_00043751_with_ILSVRC2012_val_00008643_rank966,818,618,0.5356,416
ILSVRC2012_val_00043751_with_ILSVRC2012_val_00026093_rank450,572,572,0.96705,0
ILSVRC2012_val_00043751_with_ILSVRC2012_val_00043164_rank650,815,879,0.68354,159
ILSVRC2012_val_00043751_with_ILSVRC2012_val_00038000_rank563,475,475,0.88641,0
ILSVRC2012_val_00043751_with_ILSVRC2012_val_00013183_rank258,120,119,0.05737,1
ILSVRC2012_val_00043751_with_ILSVRC2012_val_00014610_rank289,858,858,0.71101,0
ILSVRC2012_val_00043751_with_ILSVRC2012_val_00044149_rank472,756,463,0.29958,6
ILSVRC2012_val_00043751_with_ILSVRC2012_val_00030157_rank922,465,615,0.19107,6
ILSVRC2012_val_00043751_with_ILSVRC2012_val_00034849_rank906,209,209,0.58317,0
ILSVRC2012_val_00043751_with_ILSVRC2012_val_00023033_rank345,298,298,0.94851,0
ILSVRC2012_val_00043751_with_ILSVRC2012_val_00044680_rank045,992,992,0.72622,0
ILSVRC2012_val_00043751_with_ILSVRC2012_val_00008510_rank371,20,20,0.98357,0
ILSVRC2012_val_00043751_with_ILSVRC2012_val_00032775_rank480,658,850,0.73963,9
ILSVRC2012_val_00043751_with_ILSVRC2012_val_00020178_rank142,14,14,0.98447,0
ILSVRC2012_val_00043751_with_ILSVRC2012_val_00028696_rank822,597,597,0.85808,0
ILSVRC2012_val_00043751_with_ILSVRC2012_val_00011727_rank479,493,492,0.26004,4
ILSVRC2012_val_00043751_with_ILSVRC2012_val_00024508_rank128,198,198,0.89065,0
ILSVRC2012_val_00043751_with_ILSVRC2012_val_00024061_rank205,961,519,0.19364,610
ILSVRC2012_val_00043751_with_ILSVRC2012_val_00006914_rank328,928,463,0.0876,193
ILSVRC2012_val_00043751_with_ILSVRC2012_val_00002325_rank387,173,171,0.42065,6
ILSVRC2012_val_00043751_with_ILSVRC2012_val_00046521_rank479,493,493,0.75096,0
ILSVRC2012_val_00043751_with_ILSVRC2012_val_00002032_rank902,577,577,0.43084,0
ILSVRC2012_val_00043751_with_ILSVRC2012_val_00020701_rank861,771,519,0.8262,44
ILSVRC2012_val_00043751_with_ILSVRC2012_val_00021449_rank740,697,519,0.37341,819
ILSVRC2012_val_00043751_with_ILSVRC2012_val_00026977_rank852,627,436,0.68668,1
ILSVRC2012_val_00043751_with_ILSVRC2012_val_00044172_rank303,958,519,0.41343,61
ILSVRC2012_val_00043751_with_ILSVRC2012_val_00039078_rank121,321,321,0.99072,0
ILSVRC2012_val_00043751_with_ILSVRC2012_val_00031326_rank915,526,527,0.11881,1
ILSVRC2012_val_00043751_with_ILSVRC2012_val_00028899_rank284,429,429,0.98333,0
ILSVRC2012_val_00043751_with_ILSVRC2012_val_00027924_rank450,572,572,0.93248,0
ILSVRC2012_val_00043751_with_ILSVRC2012_val_00047588_rank893,555,555,0.82132,0
ILSVRC2012_val_00043751_with_ILSVRC2012_val_00039332_rank194,306,305,0.37193,1
ILSVRC2012_val_00043751_with_ILSVRC2012_val_00036352_rank836,482,848,0.32784,1
ILSVRC2012_val_00043751_with_ILSVRC2012_val_00016819_rank332,805,805,0.94321,0
ILSVRC2012_val_00043751_with_ILSVRC2012_val_00009235_rank198,790,790,0.95767,0
ILSVRC2012_val_00043751_with_ILSVRC2012_val_00026301_rank741,675,519,0.40793,16
ILSVRC2012_val_00043751_with_ILSVRC2012_val_00040762_rank221,369,369,0.89796,0
ILSVRC2012_val_00043751_with_ILSVRC2012_val_00032655_rank241,366,519,0.50974,696
ILSVRC2012_val_00043751_with_ILSVRC2012_val_00011446_rank081,17,17,0.98872,0
ILSVRC2012_val_00043751_with_ILSVRC2012_val_00004772_rank565,328,328,0.95829,0
ILSVRC2012_val_00043751_with_ILSVRC2012_val_00017826_rank716,688,688,0.84014,0
ILSVRC2012_val_00043751_with_ILSVRC2012_val_00041094_rank784,681,519,0.19524,205
ILSVRC2012_val_00043751_with_ILSVRC2012_val_00026950_rank973,408,408,0.93346,0
ILSVRC2012_val_00043751_with_ILSVRC2012_val_00031151_rank964,684,684,0.98976,0
ILSVRC2012_val_00043751_with_ILSVRC2012_val_00003421_rank949,69,334,0.18539,132
ILSVRC2012_val_00043751_with_ILSVRC2012_val_00025449_rank048,94,519,0.56622,955
ILSVRC2012_val_00043751_with_ILSVRC2012_val_00013114_rank840,939,939,0.94565,0
ILSVRC2012_val_00043751_with_ILSVRC2012_val_00043842_rank402,176,172,0.06422,1
ILSVRC2012_val_00043751_with_ILSVRC2012_val_00024982_rank827,559,559,0.56236,0
ILSVRC2012_val_00043751_with_ILSVRC2012_val_00038875_rank272,67,67,0.92249,0
ILSVRC2012_val_00043751_with_ILSVRC2012_val_00031695_rank479,493,480,0.62628,863
ILSVRC2012_val_00043751_with_ILSVRC2012_val_00029851_rank800,633,618,0.44107,160
ILSVRC2012_val_00043751_with_ILSVRC2012_val_00010104_rank308,933,397,0.04557,42
ILSVRC2012_val_00043751_with_ILSVRC2012_val_00010927_rank226,573,519,0.18608,532
ILSVRC2012_val_00043751_with_ILSVRC2012_val_00040752_rank150,382,382,0.79048,0
ILSVRC2012_val_00043751_with_ILSVRC2012_val_00007652_rank147,153,153,0.778,0
ILSVRC2012_val_00043751_with_ILSVRC2012_val_00036943_rank721,793,519,0.36765,887
ILSVRC2012_val_00043751_with_ILSVRC2012_val_00002398_rank445,165,237,0.6818,9
ILSVRC2012_val_00043751_with_ILSVRC2012_val_00008227_rank562,433,519,0.05813,831
ILSVRC2012_val_00043751_with_ILSVRC2012_val_00012874_rank553,787,448,0.06949,316
ILSVRC2012_val_00043751_with_ILSVRC2012_val_00027818_rank213,486,889,0.45261,1
ILSVRC2012_val_00043751_with_ILSVRC2012_val_00018214_rank735,698,519,0.4816,495
ILSVRC2012_val_00043751_with_ILSVRC2012_val_00037642_rank991,149,804,0.09594,383
ILSVRC2012_val_00043751_with_ILSVRC2012_val_00022705_rank159,156,156,0.96594,0
ILSVRC2012_val_00043751_with_ILSVRC2012_val_00019223_rank544,672,672,0.61593,0
ILSVRC2012_val_00043751_with_ILSVRC2012_val_00015689_rank848,701,701,0.8977,0
ILSVRC2012_val_00043751_with_ILSVRC2012_val_00003756_rank627,848,848,0.23513,0
ILSVRC2012_val_00043751_with_ILSVRC2012_val_00017343_rank751,677,677,0.84719,0
ILSVRC2012_val_00043751_with_ILSVRC2012_val_00043290_rank743,443,443,0.93576,0
ILSVRC2012_val_00043751_with_ILSVRC2012_val_00006460_rank025,96,96,0.98171,0
ILSVRC2012_val_00043751_with_ILSVRC2012_val_00032264_rank640,206,223,0.70758,41
ILSVRC2012_val_00043751_with_ILSVRC2012_val_00009464_rank490,267,267,0.87771,0
ILSVRC2012_val_00043751_with_ILSVRC2012_val_00015446_rank178,270,279,0.53329,2
ILSVRC2012_val_00043751_with_ILSVRC2012_val_00030264_rank756,682,846,0.46502,101
ILSVRC2012_val_00043751_with_ILSVRC2012_val_00045363_rank059,213,211,0.56765,9
ILSVRC2012_val_00043751_with_ILSVRC2012_val_00042333_rank458,501,501,0.8922,0
ILSVRC2012_val_00043751_with_ILSVRC2012_val_00004075_rank176,324,324,0.96685,0
ILSVRC2012_val_00043751_with_ILSVRC2012_val_00015999_rank306,76,76,0.80881,0
ILSVRC2012_val_00043751_with_ILSVRC2012_val_00022821_rank378,478,478,0.54035,0
ILSVRC2012_val_00043751_with_ILSVRC2012_val_00036397_rank151,381,381,0.94362,0
ILSVRC2012_val_00043751_with_ILSVRC2012_val_00039285_rank322,835,519,0.71972,222
ILSVRC2012_val_00043751_with_ILSVRC2012_val_00032522_rank384,241,241,0.8274,0
ILSVRC2012_val_00043751_with_ILSVRC2012_val_00005880_rank236,329,677,0.07529,721
ILSVRC2012_val_00043751_with_ILSVRC2012_val_00030390_rank467,917,917,0.62809,0
ILSVRC2012_val_00043751_with_ILSVRC2012_val_00008862_rank991,149,149,0.92352,0
ILSVRC2012_val_00043751_with_ILSVRC2012_val_00013470_rank466,402,402,0.81381,0
ILSVRC2012_val_00043751_with_ILSVRC2012_val_00008352_rank463,74,73,0.6294,2
ILSVRC2012_val_00043751_with_ILSVRC2012_val_00030845_rank021,18,18,0.97471,0
ILSVRC2012_val_00043751_with_ILSVRC2012_val_00049677_rank589,956,956,0.9783,0
ILSVRC2012_val_00043751_with_ILSVRC2012_val_00038065_rank075,334,334,0.98484,0
ILSVRC2012_val_00043751_with_ILSVRC2012_val_00028283_rank730,110,110,0.98258,0
ILSVRC2012_val_00043751_with_ILSVRC2012_val_00029793_rank163,870,870,0.8349,0
ILSVRC2012_val_00043751_with_ILSVRC2012_val_00026462_rank038,139,139,0.9941,0
ILSVRC2012_val_00043751_with_ILSVRC2012_val_00044841_rank756,682,519,0.6845,284
ILSVRC2012_val_00043751_with_ILSVRC2012_val_00005279_rank792,175,175,0.93172,0
ILSVRC2012_val_00043751_with_ILSVRC2012_val_00023533_rank059,213,171,0.06045,78
ILSVRC2012_val_00043751_with_ILSVRC2012_val_00007194_rank299,585,585,0.34217,0
ILSVRC2012_val_00043751_with_ILSVRC2012_val_00008959_rank438,670,802,0.65239,2
ILSVRC2012_val_00043751_with_ILSVRC2012_val_00019326_rank376,588,790,0.75079,1
ILSVRC2012_val_00043751_with_ILSVRC2012_val_00036113_rank693,441,441,0.56008,0
ILSVRC2012_val_00043751_with_ILSVRC2012_val_00024653_rank311,360,336,0.30021,11
ILSVRC2012_val_00043751_with_ILSVRC2012_val_00044666_rank408,676,212,0.25967,197
ILSVRC2012_val_00043751_with_ILSVRC2012_val_00002470_rank133,653,653,0.70143,0
ILSVRC2012_val_00043751_with_ILSVRC2012_val_00027800_rank284,429,429,0.97731,0
ILSVRC2012_val_00043751_with_ILSVRC2012_val_00015316_rank965,823,823,0.3613,0
ILSVRC2012_val_00043751_with_ILSVRC2012_val_00035063_rank786,73,76,0.8081,7
ILSVRC2012_val_00043751_with_ILSVRC2012_val_00040242_rank016,22,21,0.55789,1
ILSVRC2012_val_00043751_with_ILSVRC2012_val_00035337_rank381,351,351,0.95497,0
ILSVRC2012_val_00043751_with_ILSVRC2012_val_00006738_rank551,751,751,0.5701,0
ILSVRC2012_val_00043751_with_ILSVRC2012_val_00017661_rank478,434,81,0.04484,519
ILSVRC2012_val_00043751_with_ILSVRC2012_val_00032642_rank630,607,607,0.96318,0
ILSVRC2012_val_00043751_with_ILSVRC2012_val_00006017_rank341,621,621,0.56186,0
ILSVRC2012_val_00043751_with_ILSVRC2012_val_00023263_rank902,577,577,0.72812,0
ILSVRC2012_val_00043751_with_ILSVRC2012_val_00041691_rank960,811,811,0.46588,0
ILSVRC2012_val_00043751_with_ILSVRC2012_val_00002482_rank743,443,519,0.10312,989
ILSVRC2012_val_00043751_with_ILSVRC2012_val_00001906_rank002,8,8,0.90221,0
ILSVRC2012_val_00043751_with_ILSVRC2012_val_00044670_rank170,723,723,0.97448,0
ILSVRC2012_val_00043751_with_ILSVRC2012_val_00045719_rank685,520,520,0.61163,0
ILSVRC2012_val_00043751_with_ILSVRC2012_val_00038493_rank463,74,519,0.42395,883
ILSVRC2012_val_00043751_with_ILSVRC2012_val_00027412_rank094,981,981,0.42703,0
ILSVRC2012_val_00043751_with_ILSVRC2012_val_00031622_rank768,362,362,0.96396,0
ILSVRC2012_val_00043751_with_ILSVRC2012_val_00031144_rank040,24,24,0.96779,0
ILSVRC2012_val_00043751_with_ILSVRC2012_val_00000764_rank893,555,779,0.25559,10
ILSVRC2012_val_00043751_with_ILSVRC2012_val_00004118_rank795,72,519,0.49486,891
ILSVRC2012_val_00043751_with_ILSVRC2012_val_00043120_rank303,958,463,0.28507,212
ILSVRC2012_val_00043751_with_ILSVRC2012_val_00025342_rank470,568,885,0.56022,20
ILSVRC2012_val_00043751_with_ILSVRC2012_val_00024787_rank090,137,519,0.14447,814
ILSVRC2012_val_00043751_with_ILSVRC2012_val_00006820_rank607,763,763,0.93745,0
ILSVRC2012_val_00043751_with_ILSVRC2012_val_00013279_rank233,261,261,0.9508,0
ILSVRC2012_val_00043751_with_ILSVRC2012_val_00028027_rank578,914,519,0.26967,858
ILSVRC2012_val_00043751_with_ILSVRC2012_val_00010812_rank830,852,852,0.94848,0
ILSVRC2012_val_00043751_with_ILSVRC2012_val_00048727_rank015,136,136,0.94077,0
ILSVRC2012_val_00043751_with_ILSVRC2012_val_00038265_rank383,50,50,0.74011,0
ILSVRC2012_val_00043751_with_ILSVRC2012_val_00008934_rank015,136,136,0.87942,0
ILSVRC2012_val_00043751_with_ILSVRC2012_val_00030431_rank048,94,94,0.965,0
ILSVRC2012_val_00043751_with_ILSVRC2012_val_00025891_rank803,147,519,0.18062,929
ILSVRC2012_val_00043751_with_ILSVRC2012_val_00049568_rank249,10,10,0.98994,0
ILSVRC2012_val_00043751_with_ILSVRC2012_val_00047532_rank267,121,121,0.94027,0
ILSVRC2012_val_00043751_with_ILSVRC2012_val_00027466_rank611,702,519,0.45431,939
ILSVRC2012_val_00043751_with_ILSVRC2012_val_00009635_rank189,310,310,0.24484,0
ILSVRC2012_val_00043751_with_ILSVRC2012_val_00005199_rank323,774,774,0.82356,0
ILSVRC2012_val_00043751_with_ILSVRC2012_val_00002613_rank331,760,760,0.98381,0
ILSVRC2012_val_00043751_with_ILSVRC2012_val_00013972_rank926,584,519,0.39069,998
ILSVRC2012_val_00043751_with_ILSVRC2012_val_00038183_rank431,75,519,0.37269,730
ILSVRC2012_val_00043751_with_ILSVRC2012_val_00003191_rank194,306,306,0.95758,0
ILSVRC2012_val_00043751_with_ILSVRC2012_val_00018835_rank453,167,167,0.50213,0
ILSVRC2012_val_00043751_with_ILSVRC2012_val_00014296_rank151,381,381,0.30158,0
ILSVRC2012_val_00043751_with_ILSVRC2012_val_00044313_rank388,397,397,0.90737,0
ILSVRC2012_val_00043751_with_ILSVRC2012_val_00014254_rank068,387,387,0.92681,0
ILSVRC2012_val_00043751_with_ILSVRC2012_val_00014049_rank608,833,637,0.23139,366
ILSVRC2012_val_00043751_with_ILSVRC2012_val_00028010_rank343,247,247,0.98551,0
ILSVRC2012_val_00043751_with_ILSVRC2012_val_00024737_rank074,305,305,0.74618,0
ILSVRC2012_val_00043751_with_ILSVRC2012_val_00023169_rank675,881,881,0.59399,0
ILSVRC2012_val_00043751_with_ILSVRC2012_val_00023574_rank901,693,519,0.48398,222
ILSVRC2012_val_00043751_with_ILSVRC2012_val_00006410_rank415,370,370,0.95894,0
ILSVRC2012_val_00043751_with_ILSVRC2012_val_00044017_rank703,726,726,0.97644,0
ILSVRC2012_val_00043751_with_ILSVRC2012_val_00015897_rank087,292,292,0.75784,0
ILSVRC2012_val_00043751_with_ILSVRC2012_val_00039933_rank591,28,28,0.33248,0
ILSVRC2012_val_00043751_with_ILSVRC2012_val_00004841_rank157,79,79,0.94671,0
ILSVRC2012_val_00043751_with_ILSVRC2012_val_00015937_rank775,827,827,0.80902,0
ILSVRC2012_val_00043751_with_ILSVRC2012_val_00024699_rank247,496,496,0.97022,0
ILSVRC2012_val_00043751_with_ILSVRC2012_val_00039162_rank933,447,519,0.24024,645
ILSVRC2012_val_00043751_with_ILSVRC2012_val_00027397_rank938,511,519,0.23866,776
ILSVRC2012_val_00043751_with_ILSVRC2012_val_00016899_rank599,579,579,0.95467,0
ILSVRC2012_val_00043751_with_ILSVRC2012_val_00048483_rank355,629,629,0.96034,0
ILSVRC2012_val_00043751_with_ILSVRC2012_val_00035450_rank353,27,519,0.5917,898
ILSVRC2012_val_00043751_with_ILSVRC2012_val_00009910_rank269,115,519,0.06608,782
ILSVRC2012_val_00043751_with_ILSVRC2012_val_00021485_rank248,196,196,0.78868,0
ILSVRC2012_val_00043751_with_ILSVRC2012_val_00015101_rank482,876,876,0.1161,0
ILSVRC2012_val_00043751_with_ILSVRC2012_val_00019618_rank650,815,815,0.3575,0
ILSVRC2012_val_00043751_with_ILSVRC2012_val_00027115_rank488,922,750,0.27588,260
ILSVRC2012_val_00043751_with_ILSVRC2012_val_00011625_rank763,874,874,0.85174,0
ILSVRC2012_val_00043751_with_ILSVRC2012_val_00009273_rank405,391,519,0.21125,191
ILSVRC2012_val_00043751_with_ILSVRC2012_val_00028912_rank105,104,47,0.07572,273
ILSVRC2012_val_00043751_with_ILSVRC2012_val_00048308_rank659,817,817,0.58975,0
ILSVRC2012_val_00043751_with_ILSVRC2012_val_00011709_rank666,828,828,0.76647,0
ILSVRC2012_val_00043751_with_ILSVRC2012_val_00030667_rank150,382,382,0.75602,0
ILSVRC2012_val_00043751_with_ILSVRC2012_val_00005992_rank911,821,519,0.15521,215
ILSVRC2012_val_00043751_with_ILSVRC2012_val_00036987_rank198,790,519,0.25458,18
ILSVRC2012_val_00043751_with_ILSVRC2012_val_00017224_rank604,940,448,0.0884,429
ILSVRC2012_val_00043751_with_ILSVRC2012_val_00035216_rank078,903,260,0.39486,334
ILSVRC2012_val_00043751_with_ILSVRC2012_val_00011874_rank153,98,98,0.92522,0
ILSVRC2012_val_00043751_with_ILSVRC2012_val_00036579_rank614,542,519,0.54171,280
ILSVRC2012_val_00043751_with_ILSVRC2012_val_00026003_rank427,589,971,0.30305,414
ILSVRC2012_val_00043751_with_ILSVRC2012_val_00015190_rank182,45,45,0.9693,0
ILSVRC2012_val_00043751_with_ILSVRC2012_val_00014248_rank042,102,102,0.97925,0
ILSVRC2012_val_00043751_with_ILSVRC2012_val_00031830_rank579,990,990,0.84566,0
ILSVRC2012_val_00043751_with_ILSVRC2012_val_00005241_rank794,488,519,0.57884,623
ILSVRC2012_val_00043751_with_ILSVRC2012_val_00016481_rank685,520,520,0.73758,0
ILSVRC2012_val_00043751_with_ILSVRC2012_val_00016246_rank776,474,519,0.71005,426
ILSVRC2012_val_00043751_with_ILSVRC2012_val_00017264_rank237,304,302,0.19344,3
ILSVRC2012_val_00043751_with_ILSVRC2012_val_00028367_rank257,578,519,0.25198,483
ILSVRC2012_val_00043751_with_ILSVRC2012_val_00034215_rank145,367,367,0.9764,0
ILSVRC2012_val_00043751_with_ILSVRC2012_val_00025705_rank061,552,519,0.15812,383
ILSVRC2012_val_00043751_with_ILSVRC2012_val_00036142_rank840,939,114,0.55012,29
ILSVRC2012_val_00043751_with_ILSVRC2012_val_00023008_rank665,937,738,0.1679,61
ILSVRC2012_val_00043751_with_ILSVRC2012_val_00012790_rank658,651,651,0.56306,0
ILSVRC2012_val_00043751_with_ILSVRC2012_val_00035845_rank358,997,947,0.44339,1
ILSVRC2012_val_00043751_with_ILSVRC2012_val_00003618_rank218,836,39,0.03535,631
ILSVRC2012_val_00043751_with_ILSVRC2012_val_00015884_rank378,478,478,0.06599,0
ILSVRC2012_val_00043751_with_ILSVRC2012_val_00034762_rank608,833,896,0.04788,152
ILSVRC2012_val_00043751_with_ILSVRC2012_val_00027301_rank494,5,5,0.80301,0
ILSVRC2012_val_00043751_with_ILSVRC2012_val_00010305_rank701,898,898,0.72823,0
ILSVRC2012_val_00043751_with_ILSVRC2012_val_00023155_rank896,168,168,0.17992,0
ILSVRC2012_val_00043751_with_ILSVRC2012_val_00039769_rank365,545,519,0.48474,153
ILSVRC2012_val_00043751_with_ILSVRC2012_val_00046897_rank515,171,171,0.84509,0
ILSVRC2012_val_00043751_with_ILSVRC2012_val_00003749_rank818,900,900,0.15644,0
ILSVRC2012_val_00043751_with_ILSVRC2012_val_00043101_rank284,429,429,0.97091,0
ILSVRC2012_val_00043751_with_ILSVRC2012_val_00036240_rank343,247,247,0.95059,0
ILSVRC2012_val_00043751_with_ILSVRC2012_val_00038184_rank959,948,948,0.95386,0
ILSVRC2012_val_00043751_with_ILSVRC2012_val_00010522_rank924,58,58,0.53021,0
ILSVRC2012_val_00043751_with_ILSVRC2012_val_00043664_rank070,338,338,0.95107,0
ILSVRC2012_val_00043751_with_ILSVRC2012_val_00005482_rank672,300,300,0.31914,0
ILSVRC2012_val_00043751_with_ILSVRC2012_val_00034666_rank958,47,47,0.96069,0
ILSVRC2012_val_00043751_with_ILSVRC2012_val_00008279_rank116,145,145,0.98672,0
ILSVRC2012_val_00043751_with_ILSVRC2012_val_00020392_rank424,253,253,0.97019,0
ILSVRC2012_val_00043751_with_ILSVRC2012_val_00012168_rank597,923,415,0.0693,24
ILSVRC2012_val_00043751_with_ILSVRC2012_val_00019981_rank599,579,579,0.87578,0
ILSVRC2012_val_00043751_with_ILSVRC2012_val_00017473_rank349,226,226,0.9764,0
ILSVRC2012_val_00043751_with_ILSVRC2012_val_00044378_rank056,15,20,0.20226,7
ILSVRC2012_val_00043751_with_ILSVRC2012_val_00028016_rank248,196,196,0.83486,0
ILSVRC2012_val_00043751_with_ILSVRC2012_val_00032211_rank321,561,561,0.98861,0
ILSVRC2012_val_00043751_with_ILSVRC2012_val_00002240_rank590,854,854,0.85677,0
ILSVRC2012_val_00043751_with_ILSVRC2012_val_00007748_rank225,945,939,0.50397,5
ILSVRC2012_val_00043751_with_ILSVRC2012_val_00004743_rank701,898,519,0.34606,333
ILSVRC2012_val_00043751_with_ILSVRC2012_val_00037821_rank995,111,596,0.25651,111
ILSVRC2012_val_00043751_with_ILSVRC2012_val_00023968_rank253,161,162,0.71171,1
ILSVRC2012_val_00043751_with_ILSVRC2012_val_00041757_rank838,767,519,0.48497,751
ILSVRC2012_val_00043751_with_ILSVRC2012_val_00029364_rank101,204,338,0.26831,55
ILSVRC2012_val_00043751_with_ILSVRC2012_val_00012735_rank345,298,336,0.90415,4
ILSVRC2012_val_00043751_with_ILSVRC2012_val_00028607_rank056,15,15,0.98492,0
ILSVRC2012_val_00043751_with_ILSVRC2012_val_00022401_rank438,670,518,0.06424,3
ILSVRC2012_val_00043751_with_ILSVRC2012_val_00048269_rank610,107,519,0.03326,940
ILSVRC2012_val_00043751_with_ILSVRC2012_val_00002392_rank776,474,474,0.9318,0
ILSVRC2012_val_00043751_with_ILSVRC2012_val_00004011_rank176,324,324,0.88099,0
ILSVRC2012_val_00043751_with_ILSVRC2012_val_00025126_rank044,129,129,0.97605,0
ILSVRC2012_val_00043751_with_ILSVRC2012_val_00009179_rank973,408,519,0.44048,246
ILSVRC2012_val_00043751_with_ILSVRC2012_val_00040332_rank600,847,847,0.07323,0
ILSVRC2012_val_00043751_with_ILSVRC2012_val_00030208_rank849,895,895,0.11043,0
ILSVRC2012_val_00043751_with_ILSVRC2012_val_00035277_rank602,426,426,0.98412,0
ILSVRC2012_val_00043751_with_ILSVRC2012_val_00041783_rank721,793,519,0.31895,887
ILSVRC2012_val_00043751_with_ILSVRC2012_val_00001946_rank889,590,605,0.23891,12
ILSVRC2012_val_00043751_with_ILSVRC2012_val_00026737_rank829,371,371,0.96923,0
ILSVRC2012_val_00043751_with_ILSVRC2012_val_00003262_rank882,512,512,0.55399,0
ILSVRC2012_val_00043751_with_ILSVRC2012_val_00011922_rank258,120,120,0.80742,0
ILSVRC2012_val_00043751_with_ILSVRC2012_val_00003859_rank496,125,112,0.30559,2
ILSVRC2012_val_00043751_with_ILSVRC2012_val_00011213_rank981,103,103,0.7216,0
ILSVRC2012_val_00043751_with_ILSVRC2012_val_00027823_rank695,924,924,0.91692,0
ILSVRC2012_val_00043751_with_ILSVRC2012_val_00047266_rank843,685,685,0.93641,0
ILSVRC2012_val_00043751_with_ILSVRC2012_val_00019440_rank202,716,716,0.25758,0
ILSVRC2012_val_00043751_with_ILSVRC2012_val_00045455_rank135,522,522,0.70145,0
ILSVRC2012_val_00043751_with_ILSVRC2012_val_00047505_rank932,797,797,0.76759,0
ILSVRC2012_val_00043751_with_ILSVRC2012_val_00045988_rank620,591,591,0.18496,0
ILSVRC2012_val_00043751_with_ILSVRC2012_val_00041590_rank811,753,753,0.53913,0
ILSVRC2012_val_00043751_with_ILSVRC2012_val_00047880_rank261,119,119,0.69587,0
ILSVRC2012_val_00043751_with_ILSVRC2012_val_00046776_rank069,244,244,0.94907,0
ILSVRC2012_val_00043751_with_ILSVRC2012_val_00022195_rank265,364,364,0.9711,0
ILSVRC2012_val_00043751_with_ILSVRC2012_val_00006724_rank769,965,965,0.90088,0
ILSVRC2012_val_00043751_with_ILSVRC2012_val_00003736_rank404,558,845,0.62502,31
ILSVRC2012_val_00043751_with_ILSVRC2012_val_00043320_rank919,807,519,0.4354,173
ILSVRC2012_val_00043751_with_ILSVRC2012_val_00020128_rank457,221,209,0.49878,19
ILSVRC2012_val_00043751_with_ILSVRC2012_val_00031575_rank018,127,127,0.96194,0
ILSVRC2012_val_00043751_with_ILSVRC2012_val_00012819_rank958,47,47,0.97503,0
ILSVRC2012_val_00043751_with_ILSVRC2012_val_00036944_rank244,37,37,0.82593,0
ILSVRC2012_val_00043751_with_ILSVRC2012_val_00045227_rank102,309,308,0.2516,1
ILSVRC2012_val_00043751_with_ILSVRC2012_val_00007191_rank586,834,519,0.09325,468
ILSVRC2012_val_00043751_with_ILSVRC2012_val_00010548_rank055,425,448,0.7025,18
ILSVRC2012_val_00043751_with_ILSVRC2012_val_00039071_rank191,946,946,0.24657,0
ILSVRC2012_val_00043751_with_ILSVRC2012_val_00040852_rank737,368,368,0.94587,0
ILSVRC2012_val_00043751_with_ILSVRC2012_val_00048686_rank633,820,820,0.16606,0
ILSVRC2012_val_00043751_with_ILSVRC2012_val_00029487_rank949,69,69,0.97222,0
ILSVRC2012_val_00043751_with_ILSVRC2012_val_00038499_rank785,758,463,0.39688,160
ILSVRC2012_val_00043751_with_ILSVRC2012_val_00048207_rank358,997,997,0.5782,0
ILSVRC2012_val_00043751_with_ILSVRC2012_val_00042879_rank560,385,385,0.59673,0
ILSVRC2012_val_00043751_with_ILSVRC2012_val_00021769_rank769,965,519,0.13102,885
ILSVRC2012_val_00043751_with_ILSVRC2012_val_00048800_rank317,71,71,0.13779,0
ILSVRC2012_val_00043751_with_ILSVRC2012_val_00011248_rank720,438,519,0.32968,982
ILSVRC2012_val_00043751_with_ILSVRC2012_val_00049287_rank074,305,25,0.1453,39
ILSVRC2012_val_00043751_with_ILSVRC2012_val_00008730_rank388,397,397,0.96701,0
ILSVRC2012_val_00043751_with_ILSVRC2012_val_00026159_rank303,958,958,0.52827,0
ILSVRC2012_val_00043751_with_ILSVRC2012_val_00006279_rank104,396,396,0.95857,0
ILSVRC2012_val_00043751_with_ILSVRC2012_val_00044439_rank551,751,751,0.32374,0
ILSVRC2012_val_00043751_with_ILSVRC2012_val_00007452_rank349,226,200,0.94037,2
ILSVRC2012_val_00043751_with_ILSVRC2012_val_00002298_rank215,218,218,0.97286,0
ILSVRC2012_val_00043751_with_ILSVRC2012_val_00031212_rank227,56,56,0.93932,0
ILSVRC2012_val_00043751_with_ILSVRC2012_val_00018693_rank821,969,572,0.8249,24
ILSVRC2012_val_00043751_with_ILSVRC2012_val_00024240_rank362,254,254,0.92577,0
ILSVRC2012_val_00043751_with_ILSVRC2012_val_00017311_rank508,269,269,0.838,0
ILSVRC2012_val_00043751_with_ILSVRC2012_val_00012098_rank999,812,812,0.97474,0
ILSVRC2012_val_00043751_with_ILSVRC2012_val_00019391_rank178,270,270,0.8288,0
ILSVRC2012_val_00043751_with_ILSVRC2012_val_00033395_rank540,601,448,0.06092,248
ILSVRC2012_val_00043751_with_ILSVRC2012_val_00032616_rank286,938,938,0.98198,0
ILSVRC2012_val_00043751_with_ILSVRC2012_val_00035553_rank316,183,105,0.12668,118
ILSVRC2012_val_00043751_with_ILSVRC2012_val_00020669_rank590,854,519,0.56904,182
ILSVRC2012_val_00043751_with_ILSVRC2012_val_00023297_rank964,684,684,0.64803,0
ILSVRC2012_val_00043751_with_ILSVRC2012_val_00021181_rank033,355,355,0.97828,0
ILSVRC2012_val_00043751_with_ILSVRC2012_val_00032625_rank898,802,802,0.97906,0
ILSVRC2012_val_00043751_with_ILSVRC2012_val_00016647_rank462,897,897,0.94944,0
ILSVRC2012_val_00043751_with_ILSVRC2012_val_00015603_rank897,303,519,0.44707,708
ILSVRC2012_val_00043751_with_ILSVRC2012_val_00033548_rank161,330,330,0.91953,0
ILSVRC2012_val_00043751_with_ILSVRC2012_val_00019386_rank322,835,835,0.74656,0
ILSVRC2012_val_00043751_with_ILSVRC2012_val_00004549_rank110,199,199,0.71452,0
ILSVRC2012_val_00043751_with_ILSVRC2012_val_00043845_rank572,262,262,0.92883,0
ILSVRC2012_val_00043751_with_ILSVRC2012_val_00004496_rank812,407,407,0.96249,0
ILSVRC2012_val_00043751_with_ILSVRC2012_val_00008563_rank980,473,589,0.84141,44
ILSVRC2012_val_00043751_with_ILSVRC2012_val_00044231_rank073,201,187,0.81371,1
ILSVRC2012_val_00043751_with_ILSVRC2012_val_00047549_rank719,625,519,0.64026,438
ILSVRC2012_val_00043751_with_ILSVRC2012_val_00003476_rank750,689,608,0.07228,39
ILSVRC2012_val_00043751_with_ILSVRC2012_val_00029243_rank496,125,125,0.9221,0
ILSVRC2012_val_00043751_with_ILSVRC2012_val_00017154_rank853,765,491,0.19346,594
ILSVRC2012_val_00043751_with_ILSVRC2012_val_00014967_rank294,291,291,0.97929,0
ILSVRC2012_val_00043751_with_ILSVRC2012_val_00007453_rank504,401,401,0.875,0
ILSVRC2012_val_00043751_with_ILSVRC2012_val_00034013_rank018,127,127,0.94328,0
ILSVRC2012_val_00043751_with_ILSVRC2012_val_00022208_rank853,765,765,0.34443,0
ILSVRC2012_val_00043751_with_ILSVRC2012_val_00048741_rank241,366,366,0.62235,0
ILSVRC2012_val_00043751_with_ILSVRC2012_val_00043594_rank438,670,519,0.09955,119
ILSVRC2012_val_00043751_with_ILSVRC2012_val_00023258_rank452,315,112,0.30247,260
ILSVRC2012_val_00043751_with_ILSVRC2012_val_00035627_rank389,642,588,0.15564,147
ILSVRC2012_val_00043751_with_ILSVRC2012_val_00029338_rank569,769,519,0.54654,63
ILSVRC2012_val_00043751_with_ILSVRC2012_val_00033242_rank678,65,65,0.9465,0
ILSVRC2012_val_00043751_with_ILSVRC2012_val_00045042_rank231,61,61,0.58696,0
ILSVRC2012_val_00043751_with_ILSVRC2012_val_00035232_rank751,677,677,0.77992,0
ILSVRC2012_val_00043751_with_ILSVRC2012_val_00000275_rank706,761,761,0.67453,0
ILSVRC2012_val_00043751_with_ILSVRC2012_val_00020674_rank312,491,491,0.96089,0
ILSVRC2012_val_00043751_with_ILSVRC2012_val_00006609_rank101,204,204,0.89519,0
ILSVRC2012_val_00043751_with_ILSVRC2012_val_00015910_rank001,7,7,0.96159,0
ILSVRC2012_val_00043751_with_ILSVRC2012_val_00027265_rank232,913,463,0.18042,231
ILSVRC2012_val_00043751_with_ILSVRC2012_val_00009692_rank263,62,67,0.59989,10
ILSVRC2012_val_00043751_with_ILSVRC2012_val_00022677_rank544,672,672,0.95856,0
ILSVRC2012_val_00043751_with_ILSVRC2012_val_00018579_rank867,893,519,0.29231,109
ILSVRC2012_val_00043751_with_ILSVRC2012_val_00029145_rank734,556,519,0.44385,114
ILSVRC2012_val_00043751_with_ILSVRC2012_val_00049839_rank994,826,426,0.67056,3
ILSVRC2012_val_00043751_with_ILSVRC2012_val_00044158_rank449,319,749,0.27188,64
ILSVRC2012_val_00043751_with_ILSVRC2012_val_00023061_rank103,410,519,0.29777,4
ILSVRC2012_val_00043751_with_ILSVRC2012_val_00027790_rank598,66,66,0.44996,0
ILSVRC2012_val_00043751_with_ILSVRC2012_val_00000453_rank838,767,716,0.10516,505
ILSVRC2012_val_00043751_with_ILSVRC2012_val_00019240_rank643,529,749,0.07366,317
ILSVRC2012_val_00043751_with_ILSVRC2012_val_00037898_rank991,149,150,0.32375,7
ILSVRC2012_val_00043751_with_ILSVRC2012_val_00021884_rank534,649,448,0.06853,212
ILSVRC2012_val_00043751_with_ILSVRC2012_val_00033236_rank989,451,519,0.30888,956
ILSVRC2012_val_00043751_with_ILSVRC2012_val_00018411_rank614,542,587,0.11555,14
ILSVRC2012_val_00043751_with_ILSVRC2012_val_00012515_rank774,188,188,0.89224,0
ILSVRC2012_val_00043751_with_ILSVRC2012_val_00026610_rank541,456,519,0.81681,866
ILSVRC2012_val_00043751_with_ILSVRC2012_val_00048309_rank807,742,742,0.90159,0
ILSVRC2012_val_00043751_with_ILSVRC2012_val_00010645_rank558,383,383,0.95425,0
ILSVRC2012_val_00043751_with_ILSVRC2012_val_00019266_rank148,879,519,0.31371,506
ILSVRC2012_val_00043751_with_ILSVRC2012_val_00035628_rank394,239,239,0.78654,0
ILSVRC2012_val_00043751_with_ILSVRC2012_val_00013424_rank110,199,199,0.70091,0
ILSVRC2012_val_00043751_with_ILSVRC2012_val_00026108_rank150,382,382,0.79479,0
ILSVRC2012_val_00043751_with_ILSVRC2012_val_00040039_rank095,343,343,0.91263,0
ILSVRC2012_val_00043751_with_ILSVRC2012_val_00021900_rank148,879,46,0.11139,430
ILSVRC2012_val_00043751_with_ILSVRC2012_val_00026376_rank658,651,448,0.63034,391
ILSVRC2012_val_00043751_with_ILSVRC2012_val_00034952_rank208,427,427,0.70608,0
ILSVRC2012_val_00043751_with_ILSVRC2012_val_00027291_rank437,780,780,0.41185,0
ILSVRC2012_val_00043751_with_ILSVRC2012_val_00001421_rank897,303,303,0.3736,0
ILSVRC2012_val_00043751_with_ILSVRC2012_val_00046903_rank005,97,97,0.75411,0
ILSVRC2012_val_00043751_with_ILSVRC2012_val_00034130_rank612,294,294,0.30678,0
ILSVRC2012_val_00043751_with_ILSVRC2012_val_00030641_rank301,628,628,0.86203,0
ILSVRC2012_val_00043751_with_ILSVRC2012_val_00020155_rank869,662,662,0.30767,0
ILSVRC2012_val_00043751_with_ILSVRC2012_val_00019972_rank786,73,73,0.23488,0
ILSVRC2012_val_00043751_with_ILSVRC2012_val_00022442_rank113,92,92,0.98645,0
ILSVRC2012_val_00043751_with_ILSVRC2012_val_00019133_rank540,601,519,0.08094,588
ILSVRC2012_val_00043751_with_ILSVRC2012_val_00041744_rank834,920,920,0.76101,0
ILSVRC2012_val_00043751_with_ILSVRC2012_val_00048680_rank910,686,686,0.92937,0
ILSVRC2012_val_00043751_with_ILSVRC2012_val_00027844_rank805,317,303,0.45133,14
ILSVRC2012_val_00043751_with_ILSVRC2012_val_00037875_rank322,835,519,0.67578,222
ILSVRC2012_val_00043751_with_ILSVRC2012_val_00008950_rank623,571,519,0.13706,145
ILSVRC2012_val_00043751_with_ILSVRC2012_val_00033424_rank782,736,736,0.98473,0
ILSVRC2012_val_00043751_with_ILSVRC2012_val_00028715_rank218,836,458,0.63489,880
ILSVRC2012_val_00043751_with_ILSVRC2012_val_00049208_rank724,875,870,0.14535,500
ILSVRC2012_val_00043751_with_ILSVRC2012_val_00016753_rank092,643,412,0.10613,164
ILSVRC2012_val_00043751_with_ILSVRC2012_val_00035327_rank721,793,728,0.12891,10
ILSVRC2012_val_00043751_with_ILSVRC2012_val_00038637_rank362,254,254,0.26324,0
ILSVRC2012_val_00043751_with_ILSVRC2012_val_00024558_rank487,301,301,0.63182,0
ILSVRC2012_val_00043751_with_ILSVRC2012_val_00043963_rank075,334,334,0.97584,0
ILSVRC2012_val_00043751_with_ILSVRC2012_val_00029159_rank714,655,399,0.3433,70
ILSVRC2012_val_00043751_with_ILSVRC2012_val_00005366_rank034,345,345,0.84042,0
ILSVRC2012_val_00043751_with_ILSVRC2012_val_00047127_rank262,108,519,0.07315,436
ILSVRC2012_val_00043751_with_ILSVRC2012_val_00035459_rank224,265,219,0.35595,11
ILSVRC2012_val_00043751_with_ILSVRC2012_val_00049389_rank641,289,289,0.93721,0
ILSVRC2012_val_00043751_with_ILSVRC2012_val_00012221_rank424,253,253,0.93623,0
ILSVRC2012_val_00043751_with_ILSVRC2012_val_00045426_rank512,927,927,0.97023,0
ILSVRC2012_val_00043751_with_ILSVRC2012_val_00008873_rank082,373,373,0.91285,0
ILSVRC2012_val_00043751_with_ILSVRC2012_val_00049214_rank914,891,891,0.95024,0
ILSVRC2012_val_00043751_with_ILSVRC2012_val_00047047_rank020,144,144,0.98109,0
ILSVRC2012_val_00043751_with_ILSVRC2012_val_00010453_rank327,808,808,0.9411,0
ILSVRC2012_val_00043751_with_ILSVRC2012_val_00001759_rank781,816,816,0.96687,0
ILSVRC2012_val_00043751_with_ILSVRC2012_val_00027463_rank663,466,466,0.43023,0
ILSVRC2012_val_00043751_with_ILSVRC2012_val_00009972_rank166,336,336,0.98237,0
ILSVRC2012_val_00043751_with_ILSVRC2012_val_00016897_rank227,56,56,0.76394,0
ILSVRC2012_val_00043751_with_ILSVRC2012_val_00004601_rank076,361,361,0.9771,0
ILSVRC2012_val_00043751_with_ILSVRC2012_val_00029470_rank990,772,709,0.14008,41
ILSVRC2012_val_00043751_with_ILSVRC2012_val_00013556_rank842,813,674,0.47965,128
ILSVRC2012_val_00043751_with_ILSVRC2012_val_00013160_rank233,261,261,0.94563,0
ILSVRC2012_val_00043751_with_ILSVRC2012_val_00006496_rank799,714,412,0.18642,279
ILSVRC2012_val_00043751_with_ILSVRC2012_val_00024282_rank602,426,426,0.91027,0
ILSVRC2012_val_00043751_with_ILSVRC2012_val_00045332_rank506,713,713,0.95577,0
ILSVRC2012_val_00043751_with_ILSVRC2012_val_00025270_rank808,733,519,0.7886,520
ILSVRC2012_val_00043751_with_ILSVRC2012_val_00005137_rank192,323,323,0.96417,0
ILSVRC2012_val_00043751_with_ILSVRC2012_val_00030573_rank664,278,278,0.35413,0
ILSVRC2012_val_00043751_with_ILSVRC2012_val_00044557_rank364,54,54,0.88722,0
ILSVRC2012_val_00043751_with_ILSVRC2012_val_00044029_rank895,530,530,0.95013,0
ILSVRC2012_val_00043751_with_ILSVRC2012_val_00012703_rank765,864,519,0.46835,191
ILSVRC2012_val_00043751_with_ILSVRC2012_val_00017720_rank454,448,448,0.97107,0
ILSVRC2012_val_00043751_with_ILSVRC2012_val_00010631_rank789,729,729,0.50023,0
ILSVRC2012_val_00043751_with_ILSVRC2012_val_00012335_rank088,341,355,0.07173,18
ILSVRC2012_val_00043751_with_ILSVRC2012_val_00014283_rank110,199,199,0.94911,0
ILSVRC2012_val_00043751_with_ILSVRC2012_val_00019671_rank354,233,233,0.96712,0
ILSVRC2012_val_00043751_with_ILSVRC2012_val_00007361_rank873,755,755,0.68352,0
ILSVRC2012_val_00043751_with_ILSVRC2012_val_00018052_rank216,118,599,0.54809,354
ILSVRC2012_val_00043751_with_ILSVRC2012_val_00018010_rank967,606,606,0.9569,0
ILSVRC2012_val_00043751_with_ILSVRC2012_val_00025507_rank072,11,11,0.97125,0
ILSVRC2012_val_00043751_with_ILSVRC2012_val_00038855_rank919,807,807,0.5543,0
ILSVRC2012_val_00043751_with_ILSVRC2012_val_00011272_rank759,641,641,0.88101,0
ILSVRC2012_val_00043751_with_ILSVRC2012_val_00009236_rank898,802,519,0.29659,882
ILSVRC2012_val_00043751_with_ILSVRC2012_val_00024805_rank721,793,728,0.40279,10
ILSVRC2012_val_00043751_with_ILSVRC2012_val_00005109_rank868,386,386,0.9219,0
ILSVRC2012_val_00043751_with_ILSVRC2012_val_00046001_rank700,718,398,0.25418,916
ILSVRC2012_val_00043751_with_ILSVRC2012_val_00035015_rank777,746,455,0.09496,3
ILSVRC2012_val_00043751_with_ILSVRC2012_val_00014725_rank425,695,695,0.9522,0
ILSVRC2012_val_00043751_with_ILSVRC2012_val_00014879_rank002,8,8,0.77419,0
ILSVRC2012_val_00043751_with_ILSVRC2012_val_00027086_rank745,222,222,0.70135,0
ILSVRC2012_val_00043751_with_ILSVRC2012_val_00045241_rank862,789,519,0.58673,31
ILSVRC2012_val_00043751_with_ILSVRC2012_val_00003717_rank458,501,578,0.15641,9
ILSVRC2012_val_00043751_with_ILSVRC2012_val_00025076_rank948,709,692,0.21814,19
ILSVRC2012_val_00043751_with_ILSVRC2012_val_00032514_rank900,631,631,0.82938,0
ILSVRC2012_val_00043751_with_ILSVRC2012_val_00043598_rank313,200,519,0.41623,753
ILSVRC2012_val_00043751_with_ILSVRC2012_val_00025597_rank575,613,613,0.27328,0
ILSVRC2012_val_00043751_with_ILSVRC2012_val_00018497_rank953,824,428,0.1422,949
ILSVRC2012_val_00043751_with_ILSVRC2012_val_00005115_rank544,672,879,0.5449,8
ILSVRC2012_val_00043751_with_ILSVRC2012_val_00046391_rank190,342,342,0.37161,0
ILSVRC2012_val_00043751_with_ILSVRC2012_val_00026452_rank995,111,519,0.28617,899
ILSVRC2012_val_00043751_with_ILSVRC2012_val_00025729_rank672,300,304,0.42953,3
ILSVRC2012_val_00043751_with_ILSVRC2012_val_00042991_rank252,594,594,0.97487,0
ILSVRC2012_val_00043751_with_ILSVRC2012_val_00044198_rank626,708,519,0.23784,55
ILSVRC2012_val_00043751_with_ILSVRC2012_val_00028852_rank564,114,114,0.56309,0
ILSVRC2012_val_00043751_with_ILSVRC2012_val_00041419_rank530,422,513,0.02728,115
ILSVRC2012_val_00043751_with_ILSVRC2012_val_00039763_rank888,615,589,0.3197,128
ILSVRC2012_val_00043751_with_ILSVRC2012_val_00014150_rank632,544,544,0.9855,0
ILSVRC2012_val_00043751_with_ILSVRC2012_val_00013520_rank944,691,719,0.15916,103
ILSVRC2012_val_00043751_with_ILSVRC2012_val_00016890_rank619,256,256,0.03745,0
ILSVRC2012_val_00043751_with_ILSVRC2012_val_00008719_rank029,48,48,0.98706,0
ILSVRC2012_val_00043751_with_ILSVRC2012_val_00035588_rank661,809,618,0.16303,5
ILSVRC2012_val_00043751_with_ILSVRC2012_val_00006668_rank271,277,277,0.51269,0
ILSVRC2012_val_00043751_with_ILSVRC2012_val_00013581_rank199,952,952,0.98786,0
ILSVRC2012_val_00043751_with_ILSVRC2012_val_00035360_rank517,208,208,0.93022,0
ILSVRC2012_val_00043751_with_ILSVRC2012_val_00037379_rank007,134,134,0.97429,0
ILSVRC2012_val_00043751_with_ILSVRC2012_val_00005204_rank999,812,812,0.16449,0
ILSVRC2012_val_00043751_with_ILSVRC2012_val_00033364_rank623,571,571,0.98532,0
ILSVRC2012_val_00043751_with_ILSVRC2012_val_00036215_rank771,450,519,0.56354,694
ILSVRC2012_val_00043751_with_ILSVRC2012_val_00015541_rank567,779,779,0.9857,0
ILSVRC2012_val_00043751_with_ILSVRC2012_val_00011985_rank281,152,152,0.97043,0
ILSVRC2012_val_00043751_with_ILSVRC2012_val_00039099_rank495,851,851,0.94149,0
ILSVRC2012_val_00043751_with_ILSVRC2012_val_00018783_rank274,849,849,0.83247,0
ILSVRC2012_val_00043751_with_ILSVRC2012_val_00021817_rank735,698,519,0.84362,495
ILSVRC2012_val_00043751_with_ILSVRC2012_val_00045358_rank228,151,151,0.76832,0
ILSVRC2012_val_00043751_with_ILSVRC2012_val_00040552_rank974,902,519,0.18844,928
ILSVRC2012_val_00043751_with_ILSVRC2012_val_00012673_rank847,472,519,0.7994,182
ILSVRC2012_val_00043751_with_ILSVRC2012_val_00013244_rank921,409,892,0.68878,1
ILSVRC2012_val_00043751_with_ILSVRC2012_val_00003897_rank297,890,890,0.46531,0
ILSVRC2012_val_00043751_with_ILSVRC2012_val_00011393_rank255,308,316,0.49239,7
ILSVRC2012_val_00043751_with_ILSVRC2012_val_00027082_rank260,182,182,0.17013,0
ILSVRC2012_val_00043751_with_ILSVRC2012_val_00037855_rank896,168,168,0.71459,0
ILSVRC2012_val_00043751_with_ILSVRC2012_val_00005708_rank998,38,56,0.10776,20
ILSVRC2012_val_00043751_with_ILSVRC2012_val_00002047_rank507,991,991,0.93104,0
ILSVRC2012_val_00043751_with_ILSVRC2012_val_00022718_rank599,579,881,0.47583,1
ILSVRC2012_val_00043751_with_ILSVRC2012_val_00019915_rank858,925,925,0.30952,0
ILSVRC2012_val_00043751_with_ILSVRC2012_val_00047850_rank373,271,271,0.95881,0
ILSVRC2012_val_00043751_with_ILSVRC2012_val_00042513_rank028,348,348,0.91679,0
ILSVRC2012_val_00043751_with_ILSVRC2012_val_00044044_rank768,362,362,0.90989,0
ILSVRC2012_val_00043751_with_ILSVRC2012_val_00030672_rank114,141,141,0.95853,0
ILSVRC2012_val_00043751_with_ILSVRC2012_val_00002768_rank975,647,519,0.18899,296
ILSVRC2012_val_00043751_with_ILSVRC2012_val_00043759_rank204,743,743,0.64449,0
ILSVRC2012_val_00043751_with_ILSVRC2012_val_00005716_rank298,337,334,0.74041,5
ILSVRC2012_val_00043751_with_ILSVRC2012_val_00045152_rank211,671,448,0.13105,792
ILSVRC2012_val_00043751_with_ILSVRC2012_val_00006272_rank167,845,784,0.88945,2
ILSVRC2012_val_00043751_with_ILSVRC2012_val_00015332_rank257,578,982,0.67431,2
ILSVRC2012_val_00043751_with_ILSVRC2012_val_00037955_rank437,780,780,0.24506,0
ILSVRC2012_val_00043751_with_ILSVRC2012_val_00043999_rank297,890,722,0.28494,9
ILSVRC2012_val_00043751_with_ILSVRC2012_val_00048924_rank653,41,519,0.11086,639
ILSVRC2012_val_00043751_with_ILSVRC2012_val_00040889_rank719,625,519,0.29271,438
ILSVRC2012_val_00043751_with_ILSVRC2012_val_00021946_rank349,226,202,0.21072,7
ILSVRC2012_val_00043751_with_ILSVRC2012_val_00045508_rank276,596,596,0.9053,0
ILSVRC2012_val_00043751_with_ILSVRC2012_val_00029030_rank795,72,72,0.42389,0
ILSVRC2012_val_00043751_with_ILSVRC2012_val_00013042_rank916,632,632,0.34505,0
ILSVRC2012_val_00043751_with_ILSVRC2012_val_00038540_rank661,809,618,0.07966,5
ILSVRC2012_val_00043751_with_ILSVRC2012_val_00025965_rank454,448,448,0.86807,0
ILSVRC2012_val_00043751_with_ILSVRC2012_val_00007109_rank316,183,183,0.70457,0
ILSVRC2012_val_00043751_with_ILSVRC2012_val_00038451_rank670,871,871,0.32805,0
ILSVRC2012_val_00043751_with_ILSVRC2012_val_00009432_rank425,695,489,0.20377,3
ILSVRC2012_val_00043751_with_ILSVRC2012_val_00021062_rank849,895,519,0.66143,772
ILSVRC2012_val_00043751_with_ILSVRC2012_val_00024720_rank916,632,632,0.67975,0
ILSVRC2012_val_00043751_with_ILSVRC2012_val_00003757_rank900,631,519,0.29298,732
ILSVRC2012_val_00043751_with_ILSVRC2012_val_00010293_rank846,435,876,0.11343,1
ILSVRC2012_val_00043751_with_ILSVRC2012_val_00030876_rank539,229,229,0.82394,0
ILSVRC2012_val_00043751_with_ILSVRC2012_val_00044275_rank118,192,519,0.10184,656
ILSVRC2012_val_00043751_with_ILSVRC2012_val_00019823_rank642,932,932,0.25868,0
ILSVRC2012_val_00043751_with_ILSVRC2012_val_00037044_rank269,115,121,0.41677,47
ILSVRC2012_val_00043751_with_ILSVRC2012_val_00017443_rank796,567,909,0.29272,1
ILSVRC2012_val_00043751_with_ILSVRC2012_val_00041523_rank421,699,448,0.03105,277
ILSVRC2012_val_00043751_with_ILSVRC2012_val_00022539_rank191,946,519,0.06697,843
ILSVRC2012_val_00043751_with_ILSVRC2012_val_00013849_rank840,939,939,0.91728,0
ILSVRC2012_val_00043751_with_ILSVRC2012_val_00016117_rank151,381,381,0.64193,0
ILSVRC2012_val_00043751_with_ILSVRC2012_val_00022297_rank834,920,600,0.0595,228
ILSVRC2012_val_00043751_with_ILSVRC2012_val_00039010_rank370,164,164,0.91397,0
ILSVRC2012_val_00043751_with_ILSVRC2012_val_00049769_rank505,703,703,0.70001,0
ILSVRC2012_val_00043751_with_ILSVRC2012_val_00002191_rank249,10,10,0.96212,0
ILSVRC2012_val_00043751_with_ILSVRC2012_val_00022628_rank397,954,954,0.84983,0
ILSVRC2012_val_00043751_with_ILSVRC2012_val_00045354_rank023,89,89,0.96479,0
ILSVRC2012_val_00043751_with_ILSVRC2012_val_00025358_rank793,720,720,0.8969,0
ILSVRC2012_val_00043751_with_ILSVRC2012_val_00012003_rank107,87,87,0.4978,0
ILSVRC2012_val_00043751_with_ILSVRC2012_val_00042911_rank895,530,519,0.81359,266
ILSVRC2012_val_00043751_with_ILSVRC2012_val_00014468_rank998,38,38,0.92079,0
ILSVRC2012_val_00043751_with_ILSVRC2012_val_00012005_rank388,397,397,0.98538,0
ILSVRC2012_val_00043751_with_ILSVRC2012_val_00008700_rank901,693,519,0.43974,222
ILSVRC2012_val_00043751_with_ILSVRC2012_val_00002068_rank990,772,519,0.50802,951
ILSVRC2012_val_00043751_with_ILSVRC2012_val_00023453_rank392,644,519,0.78325,81
ILSVRC2012_val_00043751_with_ILSVRC2012_val_00024953_rank523,931,931,0.91116,0
ILSVRC2012_val_00043751_with_ILSVRC2012_val_00046243_rank461,25,25,0.93307,0
ILSVRC2012_val_00043751_with_ILSVRC2012_val_00021675_rank784,681,620,0.11269,1
ILSVRC2012_val_00043751_with_ILSVRC2012_val_00030368_rank705,195,519,0.35803,820
ILSVRC2012_val_00043751_with_ILSVRC2012_val_00047778_rank848,701,701,0.97025,0
ILSVRC2012_val_00043751_with_ILSVRC2012_val_00027658_rank978,461,792,0.21294,74
ILSVRC2012_val_00043751_with_ILSVRC2012_val_00005808_rank896,168,168,0.93632,0
ILSVRC2012_val_00043751_with_ILSVRC2012_val_00037297_rank441,78,119,0.06432,41
ILSVRC2012_val_00043751_with_ILSVRC2012_val_00016863_rank514,915,915,0.98987,0
ILSVRC2012_val_00043751_with_ILSVRC2012_val_00016091_rank550,734,734,0.95894,0
ILSVRC2012_val_00043751_with_ILSVRC2012_val_00014238_rank616,873,663,0.14907,5
ILSVRC2012_val_00043751_with_ILSVRC2012_val_00014765_rank838,767,519,0.48359,751
ILSVRC2012_val_00043751_with_ILSVRC2012_val_00007389_rank850,105,105,0.97817,0
ILSVRC2012_val_00043751_with_ILSVRC2012_val_00004346_rank365,545,545,0.96081,0
ILSVRC2012_val_00043751_with_ILSVRC2012_val_00042718_rank333,947,448,0.23443,39
ILSVRC2012_val_00043751_with_ILSVRC2012_val_00030878_rank026,138,138,0.98465,0
ILSVRC2012_val_00043751_with_ILSVRC2012_val_00037135_rank187,2,2,0.68453,0
ILSVRC2012_val_00043751_with_ILSVRC2012_val_00030709_rank874,549,519,0.64005,82
ILSVRC2012_val_00043751_with_ILSVRC2012_val_00003571_rank555,778,530,0.28589,26
ILSVRC2012_val_00043751_with_ILSVRC2012_val_00043242_rank471,404,404,0.44215,0
ILSVRC2012_val_00043751_with_ILSVRC2012_val_00006007_rank124,1,64,0.16709,87
ILSVRC2012_val_00043751_with_ILSVRC2012_val_00030338_rank755,892,519,0.69894,495
ILSVRC2012_val_00043751_with_ILSVRC2012_val_00023349_rank563,475,475,0.99937,0
ILSVRC2012_val_00043751_with_ILSVRC2012_val_00047151_rank221,369,369,0.93147,0
ILSVRC2012_val_00043751_with_ILSVRC2012_val_00017994_rank016,22,22,0.92142,0
ILSVRC2012_val_00043751_with_ILSVRC2012_val_00047800_rank197,358,358,0.41633,0
ILSVRC2012_val_00043751_with_ILSVRC2012_val_00024470_rank140,211,178,0.96291,3
ILSVRC2012_val_00043751_with_ILSVRC2012_val_00011341_rank946,855,519,0.07032,851
ILSVRC2012_val_00043751_with_ILSVRC2012_val_00034180_rank779,869,869,0.96838,0
ILSVRC2012_val_00043751_with_ILSVRC2012_val_00018051_rank772,764,677,0.18417,500
ILSVRC2012_val_00043751_with_ILSVRC2012_val_00004871_rank921,409,519,0.265,311
ILSVRC2012_val_00043751_with_ILSVRC2012_val_00002139_rank865,988,988,0.96771,0
ILSVRC2012_val_00043751_with_ILSVRC2012_val_00004248_rank200,197,202,0.32871,40
ILSVRC2012_val_00043751_with_ILSVRC2012_val_00005186_rank044,129,129,0.97318,0
ILSVRC2012_val_00043751_with_ILSVRC2012_val_00009911_rank483,40,40,0.32883,0
ILSVRC2012_val_00043751_with_ILSVRC2012_val_00007358_rank341,621,621,0.33139,0
ILSVRC2012_val_00043751_with_ILSVRC2012_val_00046693_rank940,432,519,0.53957,809
ILSVRC2012_val_00043751_with_ILSVRC2012_val_00020907_rank433,34,39,0.18478,37
ILSVRC2012_val_00043751_with_ILSVRC2012_val_00033794_rank608,833,833,0.57727,0
ILSVRC2012_val_00043751_with_ILSVRC2012_val_00032755_rank485,650,519,0.5198,893
ILSVRC2012_val_00043751_with_ILSVRC2012_val_00035950_rank733,901,899,0.23273,3
ILSVRC2012_val_00043751_with_ILSVRC2012_val_00046863_rank835,859,859,0.88889,0
ILSVRC2012_val_00043751_with_ILSVRC2012_val_00047519_rank907,781,519,0.28883,95
ILSVRC2012_val_00043751_with_ILSVRC2012_val_00045029_rank068,387,387,0.9805,0
ILSVRC2012_val_00043751_with_ILSVRC2012_val_00027628_rank626,708,708,0.88943,0
ILSVRC2012_val_00043751_with_ILSVRC2012_val_00042834_rank373,271,271,0.53153,0
ILSVRC2012_val_00043751_with_ILSVRC2012_val_00034174_rank032,63,677,0.32477,225
ILSVRC2012_val_00043751_with_ILSVRC2012_val_00026321_rank556,459,459,0.93586,0
ILSVRC2012_val_00043751_with_ILSVRC2012_val_00011694_rank469,395,46,0.15596,309
ILSVRC2012_val_00043751_with_ILSVRC2012_val_00033437_rank676,26,600,0.13111,522
ILSVRC2012_val_00043751_with_ILSVRC2012_val_00003131_rank935,504,504,0.77102,0
ILSVRC2012_val_00043751_with_ILSVRC2012_val_00006432_rank606,721,721,0.97188,0
ILSVRC2012_val_00043751_with_ILSVRC2012_val_00016739_rank735,698,498,0.16908,14
ILSVRC2012_val_00043751_with_ILSVRC2012_val_00004732_rank992,464,600,0.45539,28
ILSVRC2012_val_00043751_with_ILSVRC2012_val_00041379_rank448,53,519,0.37448,945
ILSVRC2012_val_00043751_with_ILSVRC2012_val_00012333_rank904,564,564,0.39226,0
ILSVRC2012_val_00043751_with_ILSVRC2012_val_00021702_rank465,541,541,0.65488,0
ILSVRC2012_val_00043751_with_ILSVRC2012_val_00046884_rank753,418,503,0.25522,72
ILSVRC2012_val_00043751_with_ILSVRC2012_val_00009336_rank664,278,278,0.90028,0
ILSVRC2012_val_00043751_with_ILSVRC2012_val_00019434_rank969,773,653,0.17481,61
ILSVRC2012_val_00043751_with_ILSVRC2012_val_00039297_rank533,909,909,0.50507,0
ILSVRC2012_val_00043751_with_ILSVRC2012_val_00024906_rank847,472,616,0.17589,200
ILSVRC2012_val_00043751_with_ILSVRC2012_val_00003641_rank747,666,666,0.97007,0
ILSVRC2012_val_00043751_with_ILSVRC2012_val_00028323_rank461,25,25,0.95478,0
ILSVRC2012_val_00043751_with_ILSVRC2012_val_00015652_rank303,958,448,0.05032,73
ILSVRC2012_val_00043751_with_ILSVRC2012_val_00024607_rank753,418,519,0.20908,891
ILSVRC2012_val_00043751_with_ILSVRC2012_val_00023446_rank854,710,519,0.09093,641
ILSVRC2012_val_00043751_with_ILSVRC2012_val_00044440_rank027,90,90,0.95995,0
ILSVRC2012_val_00043751_with_ILSVRC2012_val_00015933_rank116,145,145,0.95117,0
ILSVRC2012_val_00043751_with_ILSVRC2012_val_00020328_rank511,452,452,0.35556,0
ILSVRC2012_val_00043751_with_ILSVRC2012_val_00000989_rank603,998,519,0.13589,155
ILSVRC2012_val_00043751_with_ILSVRC2012_val_00013554_rank526,272,269,0.58285,1
ILSVRC2012_val_00043751_with_ILSVRC2012_val_00021806_rank855,326,322,0.30038,1
ILSVRC2012_val_00043751_with_ILSVRC2012_val_00024274_rank992,464,464,0.52003,0
ILSVRC2012_val_00043751_with_ILSVRC2012_val_00035852_rank670,871,871,0.16511,0
ILSVRC2012_val_00043751_with_ILSVRC2012_val_00048753_rank052,603,603,0.98077,0
ILSVRC2012_val_00043751_with_ILSVRC2012_val_00006033_rank662,539,539,0.82538,0
ILSVRC2012_val_00043751_with_ILSVRC2012_val_00012057_rank969,773,773,0.92043,0
ILSVRC2012_val_00043751_with_ILSVRC2012_val_00031593_rank122,993,993,0.98873,0
ILSVRC2012_val_00043751_with_ILSVRC2012_val_00018610_rank614,542,677,0.26657,91
ILSVRC2012_val_00043751_with_ILSVRC2012_val_00013596_rank831,52,519,0.39443,821
ILSVRC2012_val_00043751_with_ILSVRC2012_val_00039148_rank557,547,913,0.0395,77
ILSVRC2012_val_00043751_with_ILSVRC2012_val_00009727_rank723,846,619,0.36946,1
ILSVRC2012_val_00043751_with_ILSVRC2012_val_00023205_rank661,809,809,0.93167,0
ILSVRC2012_val_00043751_with_ILSVRC2012_val_00034919_rank554,59,64,0.13271,2
ILSVRC2012_val_00043751_with_ILSVRC2012_val_00045699_rank871,605,605,0.95847,0
ILSVRC2012_val_00043751_with_ILSVRC2012_val_00032475_rank285,600,600,0.30671,0
ILSVRC2012_val_00043751_with_ILSVRC2012_val_00015883_rank687,856,866,0.5089,2
ILSVRC2012_val_00043751_with_ILSVRC2012_val_00025997_rank703,726,740,0.30703,5
ILSVRC2012_val_00043751_with_ILSVRC2012_val_00000164_rank935,504,504,0.92236,0
ILSVRC2012_val_00043751_with_ILSVRC2012_val_00039711_rank313,200,202,0.88584,15
ILSVRC2012_val_00043751_with_ILSVRC2012_val_00017647_rank864,664,519,0.25173,140
ILSVRC2012_val_00043751_with_ILSVRC2012_val_00015362_rank381,351,351,0.92128,0
ILSVRC2012_val_00043751_with_ILSVRC2012_val_00013740_rank063,275,275,0.95965,0
ILSVRC2012_val_00043751_with_ILSVRC2012_val_00039222_rank664,278,278,0.47667,0
ILSVRC2012_val_00043751_with_ILSVRC2012_val_00046456_rank145,367,519,0.15835,627
ILSVRC2012_val_00043751_with_ILSVRC2012_val_00027796_rank802,745,745,0.44605,0
ILSVRC2012_val_00043751_with_ILSVRC2012_val_00024291_rank342,944,944,0.58612,0
ILSVRC2012_val_00043751_with_ILSVRC2012_val_00018845_rank857,715,519,0.52723,655
ILSVRC2012_val_00043751_with_ILSVRC2012_val_00001256_rank061,552,552,0.96167,0
ILSVRC2012_val_00043751_with_ILSVRC2012_val_00014413_rank771,450,519,0.29131,694
ILSVRC2012_val_00043751_with_ILSVRC2012_val_00031367_rank276,596,596,0.86802,0
ILSVRC2012_val_00043751_with_ILSVRC2012_val_00023307_rank235,276,276,0.95751,0
ILSVRC2012_val_00043751_with_ILSVRC2012_val_00025743_rank797,803,803,0.74243,0
ILSVRC2012_val_00043751_with_ILSVRC2012_val_00034416_rank202,716,716,0.94493,0
ILSVRC2012_val_00043751_with_ILSVRC2012_val_00049737_rank798,412,412,0.95291,0
ILSVRC2012_val_00043751_with_ILSVRC2012_val_00001250_rank387,173,173,0.90849,0
ILSVRC2012_val_00043751_with_ILSVRC2012_val_00019589_rank292,280,280,0.49994,0
ILSVRC2012_val_00043751_with_ILSVRC2012_val_00043176_rank180,622,622,0.97394,0
ILSVRC2012_val_00043751_with_ILSVRC2012_val_00046860_rank963,470,448,0.04548,395
ILSVRC2012_val_00043751_with_ILSVRC2012_val_00017633_rank545,645,519,0.78864,918
ILSVRC2012_val_00043751_with_ILSVRC2012_val_00010697_rank352,259,259,0.94374,0
ILSVRC2012_val_00043751_with_ILSVRC2012_val_00025699_rank933,447,653,0.31041,71
ILSVRC2012_val_00043751_with_ILSVRC2012_val_00041928_rank295,219,219,0.96537,0
ILSVRC2012_val_00043751_with_ILSVRC2012_val_00022824_rank645,178,178,0.96623,0
ILSVRC2012_val_00043751_with_ILSVRC2012_val_00026922_rank908,717,519,0.23588,39
ILSVRC2012_val_00043751_with_ILSVRC2012_val_00034808_rank111,325,725,0.05477,316
ILSVRC2012_val_00043751_with_ILSVRC2012_val_00047398_rank331,760,760,0.55195,0
ILSVRC2012_val_00043751_with_ILSVRC2012_val_00006514_rank655,322,326,0.57464,1
ILSVRC2012_val_00043751_with_ILSVRC2012_val_00049622_rank488,922,922,0.36007,0
ILSVRC2012_val_00043751_with_ILSVRC2012_val_00032329_rank421,699,519,0.86305,601
ILSVRC2012_val_00043751_with_ILSVRC2012_val_00031857_rank382,235,227,0.20505,5
ILSVRC2012_val_00043751_with_ILSVRC2012_val_00001141_rank159,156,156,0.82883,0
ILSVRC2012_val_00043751_with_ILSVRC2012_val_00024820_rank451,829,859,0.1479,157
ILSVRC2012_val_00043751_with_ILSVRC2012_val_00012504_rank623,571,571,0.16641,0
ILSVRC2012_val_00043751_with_ILSVRC2012_val_00003656_rank255,308,308,0.93749,0
ILSVRC2012_val_00043751_with_ILSVRC2012_val_00045184_rank524,738,738,0.94531,0
ILSVRC2012_val_00043751_with_ILSVRC2012_val_00033955_rank685,520,519,0.31605,47
ILSVRC2012_val_00043751_with_ILSVRC2012_val_00048641_rank655,322,322,0.99425,0
ILSVRC2012_val_00043751_with_ILSVRC2012_val_00034676_rank219,281,285,0.43532,2
ILSVRC2012_val_00043751_with_ILSVRC2012_val_00021941_rank954,507,507,0.9111,0
ILSVRC2012_val_00043751_with_ILSVRC2012_val_00048888_rank064,140,140,0.96968,0
ILSVRC2012_val_00043751_with_ILSVRC2012_val_00035864_rank715,656,656,0.46576,0
ILSVRC2012_val_00043751_with_ILSVRC2012_val_00033514_rank311,360,360,0.93724,0
ILSVRC2012_val_00043751_with_ILSVRC2012_val_00026722_rank259,791,791,0.81877,0
ILSVRC2012_val_00043751_with_ILSVRC2012_val_00029591_rank515,171,171,0.79543,0
ILSVRC2012_val_00043751_with_ILSVRC2012_val_00042555_rank839,583,583,0.91955,0
ILSVRC2012_val_00043751_with_ILSVRC2012_val_00013165_rank739,750,519,0.23083,262
ILSVRC2012_val_00043751_with_ILSVRC2012_val_00033811_rank135,522,519,0.27307,164
ILSVRC2012_val_00043751_with_ILSVRC2012_val_00028953_rank724,875,875,0.89387,0
ILSVRC2012_val_00043751_with_ILSVRC2012_val_00025919_rank808,733,519,0.77173,520
ILSVRC2012_val_00043751_with_ILSVRC2012_val_00036466_rank210,357,298,0.4503,6
ILSVRC2012_val_00043751_with_ILSVRC2012_val_00044506_rank953,824,824,0.05219,0
ILSVRC2012_val_00043751_with_ILSVRC2012_val_00040236_rank480,658,658,0.28658,0
ILSVRC2012_val_00043751_with_ILSVRC2012_val_00013463_rank401,191,191,0.96727,0
ILSVRC2012_val_00043751_with_ILSVRC2012_val_00020996_rank432,806,806,0.64099,0
ILSVRC2012_val_00043751_with_ILSVRC2012_val_00047144_rank529,333,333,0.92193,0
ILSVRC2012_val_00043751_with_ILSVRC2012_val_00048653_rank251,843,843,0.88365,0
ILSVRC2012_val_00043751_with_ILSVRC2012_val_00032636_rank209,737,737,0.6334,0
ILSVRC2012_val_00043751_with_ILSVRC2012_val_00005958_rank976,968,899,0.15944,19
ILSVRC2012_val_00043751_with_ILSVRC2012_val_00028376_rank901,693,472,0.27959,1
ILSVRC2012_val_00043751_with_ILSVRC2012_val_00020215_rank136,377,377,0.87233,0
ILSVRC2012_val_00043751_with_ILSVRC2012_val_00031491_rank088,341,341,0.81914,0
ILSVRC2012_val_00043751_with_ILSVRC2012_val_00030439_rank808,733,519,0.90564,520
ILSVRC2012_val_00043751_with_ILSVRC2012_val_00015936_rank467,917,917,0.47446,0
ILSVRC2012_val_00043751_with_ILSVRC2012_val_00047743_rank561,576,600,0.33902,590
ILSVRC2012_val_00043751_with_ILSVRC2012_val_00000680_rank403,668,311,0.08476,627
ILSVRC2012_val_00043751_with_ILSVRC2012_val_00035372_rank028,348,298,0.2892,69
ILSVRC2012_val_00043751_with_ILSVRC2012_val_00035489_rank065,143,143,0.97996,0
ILSVRC2012_val_00043751_with_ILSVRC2012_val_00017766_rank806,169,169,0.96155,0
ILSVRC2012_val_00043751_with_ILSVRC2012_val_00004893_rank072,11,11,0.94793,0
ILSVRC2012_val_00043751_with_ILSVRC2012_val_00045648_rank463,74,815,0.5444,3
ILSVRC2012_val_00043751_with_ILSVRC2012_val_00042912_rank572,262,262,0.46423,0
ILSVRC2012_val_00043751_with_ILSVRC2012_val_00044672_rank552,264,264,0.7771,0
ILSVRC2012_val_00043751_with_ILSVRC2012_val_00036969_rank100,146,519,0.38871,679
ILSVRC2012_val_00043751_with_ILSVRC2012_val_00024630_rank031,81,81,0.76309,0
ILSVRC2012_val_00043751_with_ILSVRC2012_val_00022028_rank560,385,792,0.06632,859
ILSVRC2012_val_00043751_with_ILSVRC2012_val_00042041_rank631,599,599,0.97738,0
ILSVRC2012_val_00043751_with_ILSVRC2012_val_00005873_rank048,94,94,0.97945,0
ILSVRC2012_val_00043751_with_ILSVRC2012_val_00031888_rank956,446,519,0.25978,150
ILSVRC2012_val_00043751_with_ILSVRC2012_val_00009185_rank026,138,138,0.97002,0
ILSVRC2012_val_00043751_with_ILSVRC2012_val_00017535_rank346,185,185,0.93121,0
ILSVRC2012_val_00043751_with_ILSVRC2012_val_00035894_rank694,999,608,0.12481,172
ILSVRC2012_val_00043751_with_ILSVRC2012_val_00032889_rank009,23,23,0.87602,0
ILSVRC2012_val_00043751_with_ILSVRC2012_val_00033470_rank794,488,519,0.62597,623
ILSVRC2012_val_00043751_with_ILSVRC2012_val_00009893_rank557,547,829,0.76261,4
ILSVRC2012_val_00043751_with_ILSVRC2012_val_00029806_rank625,36,36,0.92333,0
ILSVRC2012_val_00043751_with_ILSVRC2012_val_00030915_rank428,180,180,0.35751,0
ILSVRC2012_val_00043751_with_ILSVRC2012_val_00001712_rank095,343,342,0.10765,1
ILSVRC2012_val_00043751_with_ILSVRC2012_val_00036829_rank944,691,711,0.09213,166
ILSVRC2012_val_00043751_with_ILSVRC2012_val_00047815_rank807,742,742,0.73575,0
ILSVRC2012_val_00043751_with_ILSVRC2012_val_00044891_rank003,86,86,0.62735,0
ILSVRC2012_val_00043751_with_ILSVRC2012_val_00003002_rank401,191,191,0.98106,0
ILSVRC2012_val_00043751_with_ILSVRC2012_val_00011525_rank267,121,121,0.70488,0
ILSVRC2012_val_00043751_with_ILSVRC2012_val_00020166_rank436,533,533,0.97255,0
ILSVRC2012_val_00043751_with_ILSVRC2012_val_00002072_rank531,285,519,0.32107,498
ILSVRC2012_val_00043751_with_ILSVRC2012_val_00012604_rank887,250,248,0.38297,1
ILSVRC2012_val_00043751_with_ILSVRC2012_val_00000851_rank652,887,400,0.4479,2
ILSVRC2012_val_00043751_with_ILSVRC2012_val_00048697_rank681,570,570,0.94203,0
ILSVRC2012_val_00043751_with_ILSVRC2012_val_00016630_rank711,563,563,0.95147,0
ILSVRC2012_val_00043751_with_ILSVRC2012_val_00021399_rank167,845,845,0.58939,0
ILSVRC2012_val_00043751_with_ILSVRC2012_val_00021550_rank220,987,519,0.80302,417
ILSVRC2012_val_00043751_with_ILSVRC2012_val_00004872_rank071,515,515,0.83738,0
ILSVRC2012_val_00043751_with_ILSVRC2012_val_00016470_rank364,54,150,0.48668,513
ILSVRC2012_val_00043751_with_ILSVRC2012_val_00026422_rank768,362,362,0.98694,0
ILSVRC2012_val_00043751_with_ILSVRC2012_val_00047465_rank575,613,613,0.95521,0
ILSVRC2012_val_00043751_with_ILSVRC2012_val_00024235_rank770,0,519,0.84346,734
ILSVRC2012_val_00043751_with_ILSVRC2012_val_00027583_rank112,232,232,0.67807,0
ILSVRC2012_val_00043751_with_ILSVRC2012_val_00032218_rank643,529,728,0.17156,35
ILSVRC2012_val_00043751_with_ILSVRC2012_val_00037635_rank399,440,440,0.63713,0
ILSVRC2012_val_00043751_with_ILSVRC2012_val_00017483_rank929,626,626,0.13513,0
ILSVRC2012_val_00043751_with_ILSVRC2012_val_00023608_rank208,427,519,0.20459,7
ILSVRC2012_val_00043751_with_ILSVRC2012_val_00032676_rank750,689,689,0.36273,0
ILSVRC2012_val_00043751_with_ILSVRC2012_val_00032440_rank306,76,76,0.78183,0
ILSVRC2012_val_00043751_with_ILSVRC2012_val_00029435_rank316,183,197,0.30348,2
ILSVRC2012_val_00043751_with_ILSVRC2012_val_00020911_rank724,875,519,0.53133,888
ILSVRC2012_val_00043751_with_ILSVRC2012_val_00024333_rank327,808,808,0.8385,0
ILSVRC2012_val_00043751_with_ILSVRC2012_val_00006887_rank224,265,519,0.16687,849
ILSVRC2012_val_00043751_with_ILSVRC2012_val_00003583_rank352,259,519,0.44267,561
ILSVRC2012_val_00043751_with_ILSVRC2012_val_00027829_rank273,60,519,0.07229,368
ILSVRC2012_val_00043751_with_ILSVRC2012_val_00035945_rank670,871,519,0.55369,722
ILSVRC2012_val_00043751_with_ILSVRC2012_val_00031960_rank202,716,519,0.27591,185
ILSVRC2012_val_00043751_with_ILSVRC2012_val_00048535_rank089,346,342,0.30028,7
ILSVRC2012_val_00043751_with_ILSVRC2012_val_00029751_rank499,207,207,0.66246,0
ILSVRC2012_val_00043751_with_ILSVRC2012_val_00012554_rank098,132,134,0.54362,3
ILSVRC2012_val_00043751_with_ILSVRC2012_val_00006589_rank516,739,816,0.06725,352
ILSVRC2012_val_00043751_with_ILSVRC2012_val_00016697_rank490,267,267,0.70823,0
ILSVRC2012_val_00043751_with_ILSVRC2012_val_00023399_rank851,754,754,0.75319,0
ILSVRC2012_val_00043751_with_ILSVRC2012_val_00048354_rank217,640,640,0.63904,0
ILSVRC2012_val_00043751_with_ILSVRC2012_val_00013795_rank111,325,325,0.98228,0
ILSVRC2012_val_00043751_with_ILSVRC2012_val_00005762_rank282,423,423,0.90395,0
ILSVRC2012_val_00043751_with_ILSVRC2012_val_00028702_rank906,209,184,0.50071,14
ILSVRC2012_val_00043751_with_ILSVRC2012_val_00008049_rank040,24,24,0.98609,0
ILSVRC2012_val_00043751_with_ILSVRC2012_val_00033493_rank794,488,519,0.79367,623
ILSVRC2012_val_00043751_with_ILSVRC2012_val_00044649_rank157,79,79,0.93703,0
ILSVRC2012_val_00043751_with_ILSVRC2012_val_00027636_rank475,648,844,0.19093,28
ILSVRC2012_val_00043751_with_ILSVRC2012_val_00049278_rank034,345,345,0.95917,0
ILSVRC2012_val_00043751_with_ILSVRC2012_val_00037054_rank132,347,347,0.92024,0
ILSVRC2012_val_00043751_with_ILSVRC2012_val_00022711_rank653,41,41,0.85348,0
ILSVRC2012_val_00043751_with_ILSVRC2012_val_00010613_rank915,526,493,0.26417,9
ILSVRC2012_val_00043751_with_ILSVRC2012_val_00036514_rank047,994,994,0.92481,0
ILSVRC2012_val_00043751_with_ILSVRC2012_val_00006301_rank029,48,48,0.97786,0
ILSVRC2012_val_00043751_with_ILSVRC2012_val_00001277_rank018,127,127,0.93037,0
ILSVRC2012_val_00043751_with_ILSVRC2012_val_00044510_rank989,451,451,0.77221,0
ILSVRC2012_val_00043751_with_ILSVRC2012_val_00003152_rank212,228,228,0.984,0
ILSVRC2012_val_00043751_with_ILSVRC2012_val_00013816_rank546,740,792,0.15435,83
ILSVRC2012_val_00043751_with_ILSVRC2012_val_00025733_rank234,776,776,0.67703,0
ILSVRC2012_val_00043751_with_ILSVRC2012_val_00039420_rank732,673,844,0.29749,48
ILSVRC2012_val_00043751_with_ILSVRC2012_val_00029493_rank994,826,826,0.96332,0
ILSVRC2012_val_00043751_with_ILSVRC2012_val_00019996_rank850,105,105,0.97511,0
ILSVRC2012_val_00043751_with_ILSVRC2012_val_00009045_rank552,264,264,0.96013,0
ILSVRC2012_val_00043751_with_ILSVRC2012_val_00019106_rank703,726,726,0.93143,0
ILSVRC2012_val_00043751_with_ILSVRC2012_val_00028127_rank846,435,501,0.26492,713
ILSVRC2012_val_00043751_with_ILSVRC2012_val_00046858_rank047,994,994,0.93835,0
ILSVRC2012_val_00043751_with_ILSVRC2012_val_00040708_rank280,163,163,0.96573,0
ILSVRC2012_val_00043751_with_ILSVRC2012_val_00026465_rank081,17,17,0.9821,0
ILSVRC2012_val_00043751_with_ILSVRC2012_val_00011280_rank801,784,740,0.61493,3
ILSVRC2012_val_00043751_with_ILSVRC2012_val_00014567_rank516,739,739,0.99336,0
ILSVRC2012_val_00043751_with_ILSVRC2012_val_00024546_rank088,341,341,0.87256,0
ILSVRC2012_val_00043751_with_ILSVRC2012_val_00045438_rank255,308,308,0.97963,0
ILSVRC2012_val_00043751_with_ILSVRC2012_val_00049104_rank960,811,811,0.91932,0
ILSVRC2012_val_00043751_with_ILSVRC2012_val_00001057_rank473,109,109,0.4624,0
ILSVRC2012_val_00043751_with_ILSVRC2012_val_00028362_rank863,557,519,0.76871,410
ILSVRC2012_val_00043751_with_ILSVRC2012_val_00029729_rank748,593,593,0.97878,0
ILSVRC2012_val_00043751_with_ILSVRC2012_val_00024540_rank575,613,882,0.16052,60
ILSVRC2012_val_00043751_with_ILSVRC2012_val_00041002_rank509,565,565,0.9835,0
ILSVRC2012_val_00043751_with_ILSVRC2012_val_00025629_rank677,286,286,0.80937,0
ILSVRC2012_val_00043751_with_ILSVRC2012_val_00014819_rank674,148,18,0.87582,50
ILSVRC2012_val_00043751_with_ILSVRC2012_val_00026490_rank134,4,4,0.39445,0
ILSVRC2012_val_00043751_with_ILSVRC2012_val_00016132_rank613,297,295,0.89186,1
ILSVRC2012_val_00043751_with_ILSVRC2012_val_00048985_rank900,631,898,0.29677,16
ILSVRC2012_val_00043751_with_ILSVRC2012_val_00009710_rank762,550,550,0.91476,0
ILSVRC2012_val_00043751_with_ILSVRC2012_val_00025381_rank496,125,125,0.91512,0
ILSVRC2012_val_00043751_with_ILSVRC2012_val_00001525_rank528,657,837,0.07158,294
ILSVRC2012_val_00043751_with_ILSVRC2012_val_00015619_rank472,756,756,0.48186,0
ILSVRC2012_val_00043751_with_ILSVRC2012_val_00006106_rank633,820,820,0.54098,0
ILSVRC2012_val_00043751_with_ILSVRC2012_val_00043079_rank235,276,276,0.93462,0
ILSVRC2012_val_00043751_with_ILSVRC2012_val_00000091_rank178,270,270,0.86635,0
ILSVRC2012_val_00043751_with_ILSVRC2012_val_00019962_rank118,192,192,0.94588,0
ILSVRC2012_val_00043751_with_ILSVRC2012_val_00013871_rank880,857,857,0.9609,0
ILSVRC2012_val_00043751_with_ILSVRC2012_val_00045858_rank273,60,61,0.75678,5
ILSVRC2012_val_00043751_with_ILSVRC2012_val_00031827_rank983,177,177,0.94322,0
ILSVRC2012_val_00043751_with_ILSVRC2012_val_00034689_rank303,958,519,0.64737,61
ILSVRC2012_val_00043751_with_ILSVRC2012_val_00010452_rank058,986,519,0.18002,970
ILSVRC2012_val_00043751_with_ILSVRC2012_val_00018917_rank878,494,494,0.83344,0
ILSVRC2012_val_00043751_with_ILSVRC2012_val_00024985_rank209,737,737,0.82332,0
ILSVRC2012_val_00043751_with_ILSVRC2012_val_00017984_rank358,997,997,0.749,0
ILSVRC2012_val_00043751_with_ILSVRC2012_val_00043221_rank625,36,36,0.76855,0
ILSVRC2012_val_00043751_with_ILSVRC2012_val_00030673_rank085,616,616,0.87911,0
ILSVRC2012_val_00043751_with_ILSVRC2012_val_00024662_rank559,652,981,0.23906,20
ILSVRC2012_val_00043751_with_ILSVRC2012_val_00035480_rank248,196,196,0.77637,0
ILSVRC2012_val_00043751_with_ILSVRC2012_val_00016775_rank262,108,393,0.22413,1
ILSVRC2012_val_00043751_with_ILSVRC2012_val_00007644_rank146,327,327,0.95394,0
ILSVRC2012_val_00043751_with_ILSVRC2012_val_00049618_rank912,356,356,0.82546,0
ILSVRC2012_val_00043751_with_ILSVRC2012_val_00007281_rank611,702,677,0.3282,138
ILSVRC2012_val_00043751_with_ILSVRC2012_val_00033740_rank358,997,997,0.94887,0
ILSVRC2012_val_00043751_with_ILSVRC2012_val_00042566_rank771,450,519,0.66734,694
ILSVRC2012_val_00043751_with_ILSVRC2012_val_00038333_rank417,495,519,0.11827,112
ILSVRC2012_val_00043751_with_ILSVRC2012_val_00002003_rank129,131,143,0.57964,22
ILSVRC2012_val_00043751_with_ILSVRC2012_val_00046077_rank042,102,102,0.96208,0
ILSVRC2012_val_00043751_with_ILSVRC2012_val_00028864_rank599,579,579,0.95863,0
ILSVRC2012_val_00043751_with_ILSVRC2012_val_00010914_rank616,873,873,0.58492,0
ILSVRC2012_val_00043751_with_ILSVRC2012_val_00047805_rank994,826,826,0.37127,0
ILSVRC2012_val_00043751_with_ILSVRC2012_val_00018831_rank338,840,840,0.93138,0
ILSVRC2012_val_00043751_with_ILSVRC2012_val_00035004_rank257,578,669,0.33669,20
ILSVRC2012_val_00043751_with_ILSVRC2012_val_00000013_rank415,370,370,0.95336,0
ILSVRC2012_val_00043751_with_ILSVRC2012_val_00022349_rank506,713,713,0.97787,0
ILSVRC2012_val_00043751_with_ILSVRC2012_val_00004527_rank681,570,898,0.09377,78
ILSVRC2012_val_00043751_with_ILSVRC2012_val_00003341_rank095,343,343,0.95193,0
ILSVRC2012_val_00043751_with_ILSVRC2012_val_00007070_rank367,469,469,0.87393,0
ILSVRC2012_val_00043751_with_ILSVRC2012_val_00042703_rank091,135,135,0.93666,0
ILSVRC2012_val_00043751_with_ILSVRC2012_val_00009567_rank607,763,763,0.89292,0
ILSVRC2012_val_00043751_with_ILSVRC2012_val_00017780_rank426,959,959,0.92695,0
ILSVRC2012_val_00043751_with_ILSVRC2012_val_00007225_rank276,596,596,0.94287,0
ILSVRC2012_val_00043751_with_ILSVRC2012_val_00030926_rank704,3,3,0.797,0
ILSVRC2012_val_00043751_with_ILSVRC2012_val_00048692_rank891,839,616,0.02796,125
ILSVRC2012_val_00043751_with_ILSVRC2012_val_00037396_rank354,233,233,0.87546,0
ILSVRC2012_val_00043751_with_ILSVRC2012_val_00021414_rank404,558,519,0.08515,818
ILSVRC2012_val_00043751_with_ILSVRC2012_val_00032271_rank689,608,363,0.1938,513
ILSVRC2012_val_00043751_with_ILSVRC2012_val_00022724_rank358,997,852,0.28326,443
ILSVRC2012_val_00043751_with_ILSVRC2012_val_00026023_rank195,95,84,0.53704,39
ILSVRC2012_val_00043751_with_ILSVRC2012_val_00023295_rank598,66,66,0.61808,0
ILSVRC2012_val_00043751_with_ILSVRC2012_val_00038614_rank291,142,142,0.91827,0
ILSVRC2012_val_00043751_with_ILSVRC2012_val_00007845_rank829,371,371,0.92917,0
ILSVRC2012_val_00043751_with_ILSVRC2012_val_00035639_rank665,937,937,0.98312,0
ILSVRC2012_val_00043751_with_ILSVRC2012_val_00001155_rank522,372,372,0.6128,0
ILSVRC2012_val_00043751_with_ILSVRC2012_val_00048370_rank894,189,189,0.93095,0
ILSVRC2012_val_00043751_with_ILSVRC2012_val_00018151_rank492,497,519,0.34164,688
ILSVRC2012_val_00043751_with_ILSVRC2012_val_00025568_rank679,899,725,0.45109,1
ILSVRC2012_val_00043751_with_ILSVRC2012_val_00031701_rank953,824,658,0.27672,5
ILSVRC2012_val_00043751_with_ILSVRC2012_val_00043613_rank299,585,631,0.09142,1
ILSVRC2012_val_00043751_with_ILSVRC2012_val_00040771_rank244,37,37,0.92081,0
ILSVRC2012_val_00043751_with_ILSVRC2012_val_00012053_rank446,258,258,0.92197,0
ILSVRC2012_val_00043751_with_ILSVRC2012_val_00040180_rank765,864,864,0.70596,0
ILSVRC2012_val_00043751_with_ILSVRC2012_val_00007595_rank059,213,213,0.75292,0
ILSVRC2012_val_00043751_with_ILSVRC2012_val_00002884_rank826,868,504,0.11592,77
ILSVRC2012_val_00043751_with_ILSVRC2012_val_00016045_rank739,750,802,0.3059,169
ILSVRC2012_val_00043751_with_ILSVRC2012_val_00001311_rank917,444,519,0.5625,143
ILSVRC2012_val_00043751_with_ILSVRC2012_val_00009483_rank568,457,519,0.15916,758
ILSVRC2012_val_00043751_with_ILSVRC2012_val_00017565_rank161,330,330,0.9124,0
ILSVRC2012_val_00043751_with_ILSVRC2012_val_00009747_rank141,984,984,0.89728,0
ILSVRC2012_val_00043751_with_ILSVRC2012_val_00004942_rank500,863,863,0.94737,0
ILSVRC2012_val_00043751_with_ILSVRC2012_val_00006870_rank509,565,565,0.96263,0
ILSVRC2012_val_00043751_with_ILSVRC2012_val_00004397_rank118,192,192,0.83354,0
ILSVRC2012_val_00043751_with_ILSVRC2012_val_00048051_rank270,224,224,0.89676,0
ILSVRC2012_val_00043751_with_ILSVRC2012_val_00041532_rank628,905,519,0.09099,133
ILSVRC2012_val_00043751_with_ILSVRC2012_val_00033790_rank499,207,207,0.92498,0
ILSVRC2012_val_00043751_with_ILSVRC2012_val_00006711_rank007,134,134,0.94009,0
ILSVRC2012_val_00043751_with_ILSVRC2012_val_00002429_rank748,593,499,0.12135,84
ILSVRC2012_val_00043751_with_ILSVRC2012_val_00018019_rank417,495,519,0.56639,112
ILSVRC2012_val_00043751_with_ILSVRC2012_val_00022725_rank369,260,260,0.9671,0
ILSVRC2012_val_00043751_with_ILSVRC2012_val_00015257_rank337,374,375,0.79256,1
ILSVRC2012_val_00043751_with_ILSVRC2012_val_00015758_rank812,407,468,0.82832,7
ILSVRC2012_val_00043751_with_ILSVRC2012_val_00030223_rank478,434,748,0.34706,87
ILSVRC2012_val_00043751_with_ILSVRC2012_val_00040803_rank017,85,85,0.93398,0
ILSVRC2012_val_00043751_with_ILSVRC2012_val_00040658_rank831,52,63,0.15726,16
ILSVRC2012_val_00043751_with_ILSVRC2012_val_00019520_rank747,666,666,0.26499,0
ILSVRC2012_val_00043751_with_ILSVRC2012_val_00046913_rank413,569,519,0.26117,81
ILSVRC2012_val_00043751_with_ILSVRC2012_val_00015522_rank695,924,924,0.94805,0
ILSVRC2012_val_00043751_with_ILSVRC2012_val_00034765_rank357,499,499,0.49783,0
ILSVRC2012_val_00043751_with_ILSVRC2012_val_00027204_rank051,363,363,0.98482,0
ILSVRC2012_val_00043751_with_ILSVRC2012_val_00004671_rank281,152,156,0.35904,2
ILSVRC2012_val_00043751_with_ILSVRC2012_val_00018027_rank391,518,518,0.96893,0
ILSVRC2012_val_00043751_with_ILSVRC2012_val_00022942_rank431,75,75,0.92193,0
ILSVRC2012_val_00043751_with_ILSVRC2012_val_00040902_rank556,459,459,0.7109,0
ILSVRC2012_val_00043751_with_ILSVRC2012_val_00011474_rank422,29,519,0.08724,982
ILSVRC2012_val_00043751_with_ILSVRC2012_val_00021488_rank455,388,388,0.98106,0
ILSVRC2012_val_00043751_with_ILSVRC2012_val_00034844_rank436,533,721,0.09128,13
ILSVRC2012_val_00043751_with_ILSVRC2012_val_00045406_rank462,897,897,0.96569,0
ILSVRC2012_val_00043751_with_ILSVRC2012_val_00046328_rank632,544,544,0.97522,0
ILSVRC2012_val_00043751_with_ILSVRC2012_val_00031329_rank763,874,874,0.46862,0
ILSVRC2012_val_00043751_with_ILSVRC2012_val_00024683_rank434,349,349,0.49757,0
ILSVRC2012_val_00043751_with_ILSVRC2012_val_00034454_rank841,158,158,0.34895,0
ILSVRC2012_val_00043751_with_ILSVRC2012_val_00026433_rank661,809,539,0.13278,589
ILSVRC2012_val_00043751_with_ILSVRC2012_val_00032402_rank440,770,770,0.97677,0
ILSVRC2012_val_00043751_with_ILSVRC2012_val_00029332_rank512,927,927,0.90232,0
ILSVRC2012_val_00043751_with_ILSVRC2012_val_00011054_rank319,612,612,0.97827,0
ILSVRC2012_val_00043751_with_ILSVRC2012_val_00028840_rank568,457,519,0.04775,758
ILSVRC2012_val_00043751_with_ILSVRC2012_val_00004485_rank864,664,651,0.64452,21
ILSVRC2012_val_00043751_with_ILSVRC2012_val_00039650_rank723,846,846,0.49995,0
ILSVRC2012_val_00043751_with_ILSVRC2012_val_00031886_rank203,514,447,0.1253,62
ILSVRC2012_val_00043751_with_ILSVRC2012_val_00046962_rank981,103,13,0.05061,172
ILSVRC2012_val_00043751_with_ILSVRC2012_val_00035659_rank392,644,677,0.87145,4
ILSVRC2012_val_00043751_with_ILSVRC2012_val_00014255_rank507,991,996,0.49231,1
ILSVRC2012_val_00043751_with_ILSVRC2012_val_00036831_rank331,760,519,0.79988,27
ILSVRC2012_val_00043751_with_ILSVRC2012_val_00010951_rank546,740,818,0.16727,55
ILSVRC2012_val_00043751_with_ILSVRC2012_val_00013578_rank867,893,519,0.14537,109
ILSVRC2012_val_00043751_with_ILSVRC2012_val_00035751_rank836,482,482,0.45509,0
ILSVRC2012_val_00043751_with_ILSVRC2012_val_00011399_rank003,86,86,0.5805,0
ILSVRC2012_val_00043751_with_ILSVRC2012_val_00029701_rank366,439,519,0.82163,953
ILSVRC2012_val_00043751_with_ILSVRC2012_val_00034207_rank053,350,350,0.9635,0
ILSVRC2012_val_00043751_with_ILSVRC2012_val_00010603_rank758,394,616,0.0797,307
ILSVRC2012_val_00043751_with_ILSVRC2012_val_00049209_rank657,540,519,0.14392,232
ILSVRC2012_val_00043751_with_ILSVRC2012_val_00001012_rank917,444,519,0.32232,143
ILSVRC2012_val_00043751_with_ILSVRC2012_val_00016940_rank904,564,519,0.08536,203
ILSVRC2012_val_00043751_with_ILSVRC2012_val_00038390_rank551,751,751,0.27296,0
ILSVRC2012_val_00043751_with_ILSVRC2012_val_00021239_rank056,15,94,0.37673,15
ILSVRC2012_val_00043751_with_ILSVRC2012_val_00027488_rank231,61,112,0.09977,113
ILSVRC2012_val_00043751_with_ILSVRC2012_val_00025570_rank565,328,328,0.98517,0
ILSVRC2012_val_00043751_with_ILSVRC2012_val_00033818_rank742,886,886,0.56588,0
ILSVRC2012_val_00043751_with_ILSVRC2012_val_00045747_rank791,263,227,0.05883,27
ILSVRC2012_val_00043751_with_ILSVRC2012_val_00032892_rank949,69,69,0.98094,0
ILSVRC2012_val_00043751_with_ILSVRC2012_val_00027034_rank299,585,849,0.08076,383
ILSVRC2012_val_00043751_with_ILSVRC2012_val_00018196_rank279,331,330,0.50325,1
ILSVRC2012_val_00043751_with_ILSVRC2012_val_00011520_rank221,369,369,0.8223,0
ILSVRC2012_val_00043751_with_ILSVRC2012_val_00034682_rank036,214,214,0.61798,0
ILSVRC2012_val_00043751_with_ILSVRC2012_val_00009194_rank107,87,87,0.98438,0
ILSVRC2012_val_00043751_with_ILSVRC2012_val_00018762_rank539,229,229,0.97296,0
ILSVRC2012_val_00043751_with_ILSVRC2012_val_00008168_rank374,888,519,0.56653,420
ILSVRC2012_val_00043751_with_ILSVRC2012_val_00011420_rank245,16,17,0.89657,7
ILSVRC2012_val_00043751_with_ILSVRC2012_val_00014028_rank095,343,349,0.27792,16
ILSVRC2012_val_00043751_with_ILSVRC2012_val_00042101_rank657,540,540,0.77344,0
ILSVRC2012_val_00043751_with_ILSVRC2012_val_00021379_rank390,255,255,0.96912,0
ILSVRC2012_val_00043751_with_ILSVRC2012_val_00026199_rank159,156,247,0.8851,8
ILSVRC2012_val_00043751_with_ILSVRC2012_val_00021337_rank441,78,78,0.9412,0
ILSVRC2012_val_00043751_with_ILSVRC2012_val_00023575_rank573,842,519,0.49332,857
ILSVRC2012_val_00043751_with_ILSVRC2012_val_00007251_rank075,334,186,0.23946,137
ILSVRC2012_val_00043751_with_ILSVRC2012_val_00025579_rank689,608,608,0.95984,0
ILSVRC2012_val_00043751_with_ILSVRC2012_val_00017677_rank580,312,311,0.50567,1
ILSVRC2012_val_00043751_with_ILSVRC2012_val_00011348_rank099,949,949,0.87919,0
ILSVRC2012_val_00043751_with_ILSVRC2012_val_00045490_rank741,675,675,0.17573,0
ILSVRC2012_val_00043751_with_ILSVRC2012_val_00017947_rank388,397,397,0.95803,0
ILSVRC2012_val_00043751_with_ILSVRC2012_val_00033423_rank157,79,79,0.69151,0
ILSVRC2012_val_00043751_with_ILSVRC2012_val_00040885_rank549,553,553,0.67267,0
ILSVRC2012_val_00043751_with_ILSVRC2012_val_00023585_rank750,689,452,0.03948,19
ILSVRC2012_val_00043751_with_ILSVRC2012_val_00033647_rank149,832,519,0.78555,896
ILSVRC2012_val_00043751_with_ILSVRC2012_val_00044683_rank251,843,499,0.15385,571
ILSVRC2012_val_00043751_with_ILSVRC2012_val_00024677_rank160,230,230,0.42244,0
ILSVRC2012_val_00043751_with_ILSVRC2012_val_00006934_rank935,504,504,0.221,0
ILSVRC2012_val_00043751_with_ILSVRC2012_val_00048260_rank421,699,699,0.94034,0
ILSVRC2012_val_00043751_with_ILSVRC2012_val_00017026_rank883,554,677,0.14646,998
ILSVRC2012_val_00043751_with_ILSVRC2012_val_00027431_rank789,729,729,0.69679,0
ILSVRC2012_val_00043751_with_ILSVRC2012_val_00010203_rank500,863,519,0.78348,301
ILSVRC2012_val_00043751_with_ILSVRC2012_val_00026805_rank272,67,67,0.91025,0
ILSVRC2012_val_00043751_with_ILSVRC2012_val_00001119_rank1000,551,551,0.75256,0
ILSVRC2012_val_00043751_with_ILSVRC2012_val_00048458_rank566,882,882,0.06938,0
ILSVRC2012_val_00043751_with_ILSVRC2012_val_00004018_rank509,565,565,0.83188,0
ILSVRC2012_val_00043751_with_ILSVRC2012_val_00004022_rank603,998,941,0.43442,31
ILSVRC2012_val_00043751_with_ILSVRC2012_val_00028337_rank456,393,375,0.178,565
ILSVRC2012_val_00043751_with_ILSVRC2012_val_00043045_rank571,575,575,0.96557,0
ILSVRC2012_val_00043751_with_ILSVRC2012_val_00044434_rank299,585,585,0.65648,0
ILSVRC2012_val_00043751_with_ILSVRC2012_val_00028756_rank561,576,519,0.41482,638
ILSVRC2012_val_00043751_with_ILSVRC2012_val_00015926_rank084,375,370,0.19047,1
ILSVRC2012_val_00043751_with_ILSVRC2012_val_00039359_rank887,250,248,0.27621,1
ILSVRC2012_val_00043751_with_ILSVRC2012_val_00048944_rank498,630,630,0.94101,0
ILSVRC2012_val_00043751_with_ILSVRC2012_val_00011950_rank988,777,777,0.34237,0
ILSVRC2012_val_00043751_with_ILSVRC2012_val_00039197_rank222,971,519,0.27791,706
ILSVRC2012_val_00043751_with_ILSVRC2012_val_00040556_rank250,268,268,0.91144,0
ILSVRC2012_val_00043751_with_ILSVRC2012_val_00026979_rank687,856,856,0.29974,0
ILSVRC2012_val_00043751_with_ILSVRC2012_val_00008662_rank043,955,955,0.96442,0
ILSVRC2012_val_00043751_with_ILSVRC2012_val_00045384_rank567,779,779,0.82755,0
ILSVRC2012_val_00043751_with_ILSVRC2012_val_00045230_rank082,373,373,0.23915,0
ILSVRC2012_val_00043751_with_ILSVRC2012_val_00005367_rank513,414,636,0.32788,1
ILSVRC2012_val_00043751_with_ILSVRC2012_val_00017584_rank809,804,630,0.32444,630
ILSVRC2012_val_00043751_with_ILSVRC2012_val_00021355_rank140,211,210,0.91272,5
ILSVRC2012_val_00043751_with_ILSVRC2012_val_00035319_rank295,219,205,0.85835,28
ILSVRC2012_val_00043751_with_ILSVRC2012_val_00036440_rank120,157,157,0.98342,0
ILSVRC2012_val_00043751_with_ILSVRC2012_val_00035089_rank631,599,599,0.33143,0
ILSVRC2012_val_00043751_with_ILSVRC2012_val_00017086_rank943,841,519,0.12419,501
ILSVRC2012_val_00043751_with_ILSVRC2012_val_00026725_rank136,377,377,0.86361,0
ILSVRC2012_val_00043751_with_ILSVRC2012_val_00030936_rank672,300,300,0.89237,0
ILSVRC2012_val_00043751_with_ILSVRC2012_val_00038521_rank969,773,448,0.07739,83
ILSVRC2012_val_00043751_with_ILSVRC2012_val_00017139_rank538,316,316,0.94116,0
ILSVRC2012_val_00043751_with_ILSVRC2012_val_00019886_rank213,486,486,0.50433,0
ILSVRC2012_val_00043751_with_ILSVRC2012_val_00001738_rank836,482,487,0.07666,27
ILSVRC2012_val_00043751_with_ILSVRC2012_val_00014523_rank761,722,519,0.6551,197
ILSVRC2012_val_00043751_with_ILSVRC2012_val_00009699_rank165,669,520,0.26604,2
ILSVRC2012_val_00043751_with_ILSVRC2012_val_00038020_rank104,396,396,0.97474,0
ILSVRC2012_val_00043751_with_ILSVRC2012_val_00038935_rank592,6,6,0.94147,0
ILSVRC2012_val_00043751_with_ILSVRC2012_val_00030120_rank650,815,519,0.50177,860
ILSVRC2012_val_00043751_with_ILSVRC2012_val_00020965_rank356,210,210,0.97718,0
ILSVRC2012_val_00043751_with_ILSVRC2012_val_00012853_rank676,26,40,0.10977,19
ILSVRC2012_val_00043751_with_ILSVRC2012_val_00005939_rank813,973,519,0.55194,499
ILSVRC2012_val_00043751_with_ILSVRC2012_val_00027569_rank871,605,605,0.96165,0
ILSVRC2012_val_00043751_with_ILSVRC2012_val_00009538_rank935,504,412,0.25936,48
ILSVRC2012_val_00043751_with_ILSVRC2012_val_00004535_rank808,733,519,0.74976,520
ILSVRC2012_val_00043751_with_ILSVRC2012_val_00023639_rank400,696,566,0.23453,126
ILSVRC2012_val_00043751_with_ILSVRC2012_val_00001369_rank940,432,432,0.21585,0
ILSVRC2012_val_00043751_with_ILSVRC2012_val_00038033_rank469,395,40,0.18032,447
ILSVRC2012_val_00043751_with_ILSVRC2012_val_00026445_rank906,209,209,0.55892,0
ILSVRC2012_val_00043751_with_ILSVRC2012_val_00024735_rank970,795,795,0.79498,0
ILSVRC2012_val_00043751_with_ILSVRC2012_val_00036935_rank594,796,885,0.08398,297
ILSVRC2012_val_00043751_with_ILSVRC2012_val_00033925_rank192,323,323,0.97503,0
ILSVRC2012_val_00043751_with_ILSVRC2012_val_00007237_rank037,12,12,0.95124,0
ILSVRC2012_val_00043751_with_ILSVRC2012_val_00007563_rank043,955,955,0.9862,0
ILSVRC2012_val_00043751_with_ILSVRC2012_val_00007134_rank982,678,633,0.12353,99
ILSVRC2012_val_00043751_with_ILSVRC2012_val_00026266_rank057,217,217,0.40694,0
ILSVRC2012_val_00043751_with_ILSVRC2012_val_00012215_rank186,941,941,0.95657,0
ILSVRC2012_val_00043751_with_ILSVRC2012_val_00033336_rank426,959,909,0.20756,15
ILSVRC2012_val_00043751_with_ILSVRC2012_val_00045891_rank585,295,295,0.78797,0
ILSVRC2012_val_00043751_with_ILSVRC2012_val_00011643_rank262,108,108,0.36483,0
ILSVRC2012_val_00043751_with_ILSVRC2012_val_00000538_rank667,896,896,0.83305,0
ILSVRC2012_val_00043751_with_ILSVRC2012_val_00024438_rank004,84,84,0.97757,0
ILSVRC2012_val_00043751_with_ILSVRC2012_val_00027448_rank646,283,519,0.51587,192
ILSVRC2012_val_00043751_with_ILSVRC2012_val_00038421_rank333,947,947,0.89322,0
ILSVRC2012_val_00043751_with_ILSVRC2012_val_00025218_rank487,301,301,0.8243,0
ILSVRC2012_val_00043751_with_ILSVRC2012_val_00000308_rank630,607,607,0.98368,0
ILSVRC2012_val_00043751_with_ILSVRC2012_val_00046356_rank027,90,90,0.97889,0
ILSVRC2012_val_00043751_with_ILSVRC2012_val_00004060_rank738,181,181,0.98539,0
ILSVRC2012_val_00043751_with_ILSVRC2012_val_00013512_rank320,13,13,0.89348,0
ILSVRC2012_val_00043751_with_ILSVRC2012_val_00021028_rank319,612,674,0.47839,794
ILSVRC2012_val_00043751_with_ILSVRC2012_val_00049489_rank720,438,438,0.90059,0
ILSVRC2012_val_00043751_with_ILSVRC2012_val_00033909_rank242,205,223,0.17235,9
ILSVRC2012_val_00043751_with_ILSVRC2012_val_00010351_rank301,628,628,0.65562,0
ILSVRC2012_val_00043751_with_ILSVRC2012_val_00017167_rank911,821,519,0.09356,215
ILSVRC2012_val_00043751_with_ILSVRC2012_val_00020338_rank308,933,933,0.984,0
ILSVRC2012_val_00043751_with_ILSVRC2012_val_00007606_rank158,293,293,0.97006,0
ILSVRC2012_val_00043751_with_ILSVRC2012_val_00014621_rank713,894,894,0.588,0
ILSVRC2012_val_00043751_with_ILSVRC2012_val_00041316_rank712,117,117,0.97617,0
ILSVRC2012_val_00043751_with_ILSVRC2012_val_00047342_rank887,250,250,0.46913,0
ILSVRC2012_val_00043751_with_ILSVRC2012_val_00006814_rank090,137,137,0.98273,0
ILSVRC2012_val_00043751_with_ILSVRC2012_val_00021700_rank318,983,570,0.21847,16
ILSVRC2012_val_00043751_with_ILSVRC2012_val_00038384_rank589,956,956,0.98605,0
ILSVRC2012_val_00043751_with_ILSVRC2012_val_00030860_rank503,287,287,0.84232,0
ILSVRC2012_val_00043751_with_ILSVRC2012_val_00007502_rank979,700,879,0.16433,535
ILSVRC2012_val_00043751_with_ILSVRC2012_val_00048732_rank142,14,14,0.96839,0
ILSVRC2012_val_00043751_with_ILSVRC2012_val_00049108_rank932,797,797,0.28306,0
ILSVRC2012_val_00043751_with_ILSVRC2012_val_00031784_rank345,298,298,0.90296,0
ILSVRC2012_val_00043751_with_ILSVRC2012_val_00035268_rank015,136,136,0.34159,0
ILSVRC2012_val_00043751_with_ILSVRC2012_val_00027921_rank598,66,616,0.36519,105
ILSVRC2012_val_00043751_with_ILSVRC2012_val_00010581_rank633,820,820,0.24158,0
ILSVRC2012_val_00043751_with_ILSVRC2012_val_00001993_rank205,961,502,0.13947,224
ILSVRC2012_val_00043751_with_ILSVRC2012_val_00015896_rank980,473,245,0.07383,434
ILSVRC2012_val_00043751_with_ILSVRC2012_val_00000459_rank513,414,414,0.73747,0
ILSVRC2012_val_00043751_with_ILSVRC2012_val_00036988_rank008,93,93,0.98357,0
ILSVRC2012_val_00043751_with_ILSVRC2012_val_00013313_rank427,589,589,0.95444,0
ILSVRC2012_val_00043751_with_ILSVRC2012_val_00000367_rank993,592,592,0.9184,0
ILSVRC2012_val_00043751_with_ILSVRC2012_val_00003515_rank078,903,519,0.13699,660
ILSVRC2012_val_00043751_with_ILSVRC2012_val_00007413_rank943,841,86,0.09958,816
ILSVRC2012_val_00043751_with_ILSVRC2012_val_00036763_rank920,296,296,0.95038,0
ILSVRC2012_val_00043751_with_ILSVRC2012_val_00026915_rank298,337,337,0.96496,0
ILSVRC2012_val_00043751_with_ILSVRC2012_val_00018104_rank379,430,519,0.39523,210
ILSVRC2012_val_00043751_with_ILSVRC2012_val_00007860_rank995,111,519,0.79003,899
ILSVRC2012_val_00043751_with_ILSVRC2012_val_00031384_rank387,173,173,0.89018,0
ILSVRC2012_val_00043751_with_ILSVRC2012_val_00031403_rank522,372,296,0.28309,84
ILSVRC2012_val_00043751_with_ILSVRC2012_val_00036002_rank370,164,164,0.98288,0
ILSVRC2012_val_00043751_with_ILSVRC2012_val_00027411_rank670,871,519,0.45148,722
ILSVRC2012_val_00043751_with_ILSVRC2012_val_00023782_rank983,177,177,0.8631,0
ILSVRC2012_val_00043751_with_ILSVRC2012_val_00004172_rank961,70,519,0.84188,597
ILSVRC2012_val_00043751_with_ILSVRC2012_val_00005213_rank388,397,397,0.79408,0
ILSVRC2012_val_00043751_with_ILSVRC2012_val_00024726_rank153,98,98,0.962,0
ILSVRC2012_val_00043751_with_ILSVRC2012_val_00008920_rank687,856,866,0.5994,2
ILSVRC2012_val_00043751_with_ILSVRC2012_val_00016511_rank824,757,757,0.96617,0
ILSVRC2012_val_00043751_with_ILSVRC2012_val_00016437_rank132,347,347,0.94983,0
ILSVRC2012_val_00043751_with_ILSVRC2012_val_00011475_rank055,425,425,0.50618,0
ILSVRC2012_val_00043751_with_ILSVRC2012_val_00017474_rank319,612,519,0.47315,557
ILSVRC2012_val_00043751_with_ILSVRC2012_val_00041050_rank095,343,343,0.92149,0
ILSVRC2012_val_00043751_with_ILSVRC2012_val_00033715_rank764,101,386,0.47211,2
ILSVRC2012_val_00043751_with_ILSVRC2012_val_00023373_rank032,63,63,0.5617,0
ILSVRC2012_val_00043751_with_ILSVRC2012_val_00017321_rank242,205,205,0.95507,0
ILSVRC2012_val_00043751_with_ILSVRC2012_val_00043215_rank534,649,519,0.1717,642
ILSVRC2012_val_00043751_with_ILSVRC2012_val_00015369_rank681,570,570,0.8367,0
ILSVRC2012_val_00043751_with_ILSVRC2012_val_00007996_rank779,869,519,0.11143,286
ILSVRC2012_val_00043751_with_ILSVRC2012_val_00015422_rank860,707,707,0.88238,0
ILSVRC2012_val_00043751_with_ILSVRC2012_val_00045226_rank094,981,570,0.20021,133
ILSVRC2012_val_00043751_with_ILSVRC2012_val_00010585_rank333,947,947,0.81504,0
ILSVRC2012_val_00043751_with_ILSVRC2012_val_00048693_rank526,272,272,0.92344,0
ILSVRC2012_val_00043751_with_ILSVRC2012_val_00041384_rank539,229,229,0.48164,0
ILSVRC2012_val_00043751_with_ILSVRC2012_val_00017147_rank515,171,171,0.18062,0
ILSVRC2012_val_00043751_with_ILSVRC2012_val_00015349_rank640,206,206,0.78963,0
ILSVRC2012_val_00043751_with_ILSVRC2012_val_00000618_rank111,325,325,0.98528,0
ILSVRC2012_val_00043751_with_ILSVRC2012_val_00002526_rank024,467,519,0.37602,90
ILSVRC2012_val_00043751_with_ILSVRC2012_val_00001482_rank263,62,519,0.35556,805
ILSVRC2012_val_00043751_with_ILSVRC2012_val_00025669_rank930,249,249,0.37946,0
ILSVRC2012_val_00043751_with_ILSVRC2012_val_00022662_rank484,759,759,0.39637,0
ILSVRC2012_val_00043751_with_ILSVRC2012_val_00002528_rank544,672,672,0.83519,0
ILSVRC2012_val_00043751_with_ILSVRC2012_val_00011192_rank857,715,715,0.86255,0
ILSVRC2012_val_00043751_with_ILSVRC2012_val_00029427_rank311,360,150,0.79054,3
ILSVRC2012_val_00043751_with_ILSVRC2012_val_00002604_rank607,763,763,0.98046,0
ILSVRC2012_val_00043751_with_ILSVRC2012_val_00003969_rank928,964,519,0.05738,643
ILSVRC2012_val_00043751_with_ILSVRC2012_val_00017509_rank696,190,190,0.96281,0
ILSVRC2012_val_00043751_with_ILSVRC2012_val_00023083_rank946,855,855,0.9865,0
ILSVRC2012_val_00043751_with_ILSVRC2012_val_00029284_rank435,380,380,0.9523,0
ILSVRC2012_val_00043751_with_ILSVRC2012_val_00003758_rank200,197,197,0.90391,0
ILSVRC2012_val_00043751_with_ILSVRC2012_val_00027027_rank956,446,446,0.77744,0
ILSVRC2012_val_00043751_with_ILSVRC2012_val_00024460_rank043,955,955,0.47031,0
ILSVRC2012_val_00043751_with_ILSVRC2012_val_00013093_rank077,128,128,0.93988,0
ILSVRC2012_val_00043751_with_ILSVRC2012_val_00031641_rank397,954,954,0.92737,0
ILSVRC2012_val_00043751_with_ILSVRC2012_val_00040591_rank330,413,413,0.5029,0
ILSVRC2012_val_00043751_with_ILSVRC2012_val_00004186_rank260,182,182,0.95835,0
ILSVRC2012_val_00043751_with_ILSVRC2012_val_00011608_rank966,818,618,0.06977,416
ILSVRC2012_val_00043751_with_ILSVRC2012_val_00008301_rank497,453,454,0.36002,4
ILSVRC2012_val_00043751_with_ILSVRC2012_val_00014818_rank663,466,882,0.27961,106
ILSVRC2012_val_00043751_with_ILSVRC2012_val_00012244_rank078,903,106,0.21681,595
ILSVRC2012_val_00043751_with_ILSVRC2012_val_00039450_rank644,458,458,0.85077,0
ILSVRC2012_val_00043751_with_ILSVRC2012_val_00047122_rank431,75,75,0.69708,0
ILSVRC2012_val_00043751_with_ILSVRC2012_val_00012609_rank901,693,519,0.10634,222
ILSVRC2012_val_00043751_with_ILSVRC2012_val_00045024_rank988,777,596,0.15656,4
ILSVRC2012_val_00043751_with_ILSVRC2012_val_00033291_rank885,623,519,0.68505,746
ILSVRC2012_val_00043751_with_ILSVRC2012_val_00001781_rank444,227,227,0.88182,0
ILSVRC2012_val_00043751_with_ILSVRC2012_val_00015348_rank818,900,900,0.84674,0
ILSVRC2012_val_00043751_with_ILSVRC2012_val_00014844_rank683,705,519,0.30995,910
ILSVRC2012_val_00043751_with_ILSVRC2012_val_00048245_rank436,533,533,0.81614,0
ILSVRC2012_val_00043751_with_ILSVRC2012_val_00013207_rank247,496,496,0.32422,0
ILSVRC2012_val_00043751_with_ILSVRC2012_val_00018246_rank491,468,468,0.54375,0
ILSVRC2012_val_00043751_with_ILSVRC2012_val_00025474_rank394,239,238,0.3729,1
ILSVRC2012_val_00043751_with_ILSVRC2012_val_00036898_rank094,981,429,0.16866,1
ILSVRC2012_val_00043751_with_ILSVRC2012_val_00008923_rank439,225,225,0.87446,0
ILSVRC2012_val_00043751_with_ILSVRC2012_val_00036549_rank408,676,566,0.45386,361
ILSVRC2012_val_00043751_with_ILSVRC2012_val_00025867_rank231,61,61,0.9708,0
ILSVRC2012_val_00043751_with_ILSVRC2012_val_00027812_rank357,499,784,0.19916,36
ILSVRC2012_val_00043751_with_ILSVRC2012_val_00002663_rank694,999,728,0.2911,13
ILSVRC2012_val_00043751_with_ILSVRC2012_val_00019834_rank934,32,32,0.77453,0
ILSVRC2012_val_00043751_with_ILSVRC2012_val_00007917_rank423,912,519,0.8623,33
ILSVRC2012_val_00043751_with_ILSVRC2012_val_00041358_rank172,203,203,0.90561,0
ILSVRC2012_val_00043751_with_ILSVRC2012_val_00025173_rank895,530,448,0.45043,190
ILSVRC2012_val_00043751_with_ILSVRC2012_val_00044661_rank093,155,155,0.94049,0
ILSVRC2012_val_00043751_with_ILSVRC2012_val_00021221_rank580,312,312,0.52622,0
ILSVRC2012_val_00043751_with_ILSVRC2012_val_00033478_rank400,696,784,0.66353,6
ILSVRC2012_val_00043751_with_ILSVRC2012_val_00030862_rank940,432,519,0.14652,809
ILSVRC2012_val_00043751_with_ILSVRC2012_val_00034147_rank407,934,934,0.18204,0
ILSVRC2012_val_00043751_with_ILSVRC2012_val_00029593_rank752,546,546,0.20281,0
ILSVRC2012_val_00043751_with_ILSVRC2012_val_00028646_rank698,503,503,0.72279,0
ILSVRC2012_val_00043751_with_ILSVRC2012_val_00027674_rank291,142,133,0.79084,7
ILSVRC2012_val_00043751_with_ILSVRC2012_val_00034418_rank190,342,342,0.46709,0
ILSVRC2012_val_00043751_with_ILSVRC2012_val_00028903_rank318,983,983,0.51898,0
ILSVRC2012_val_00043751_with_ILSVRC2012_val_00021148_rank546,740,519,0.16922,47
ILSVRC2012_val_00043751_with_ILSVRC2012_val_00041529_rank147,153,296,0.33804,237
ILSVRC2012_val_00043751_with_ILSVRC2012_val_00038203_rank522,372,374,0.48105,4
ILSVRC2012_val_00043751_with_ILSVRC2012_val_00036867_rank513,414,519,0.56337,480
ILSVRC2012_val_00043751_with_ILSVRC2012_val_00040262_rank467,917,519,0.55139,226
ILSVRC2012_val_00043751_with_ILSVRC2012_val_00004963_rank325,243,243,0.48893,0
ILSVRC2012_val_00043751_with_ILSVRC2012_val_00029982_rank070,338,338,0.96064,0
ILSVRC2012_val_00043751_with_ILSVRC2012_val_00005672_rank680,523,523,0.88674,0
ILSVRC2012_val_00043751_with_ILSVRC2012_val_00034895_rank255,308,677,0.05804,104
ILSVRC2012_val_00043751_with_ILSVRC2012_val_00001969_rank788,727,727,0.96751,0
ILSVRC2012_val_00043751_with_ILSVRC2012_val_00007717_rank080,428,469,0.42068,71
ILSVRC2012_val_00043751_with_ILSVRC2012_val_00030617_rank706,761,519,0.53727,990
ILSVRC2012_val_00043751_with_ILSVRC2012_val_00015125_rank858,925,809,0.25733,1
ILSVRC2012_val_00043751_with_ILSVRC2012_val_00017916_rank229,19,19,0.98883,0
ILSVRC2012_val_00043751_with_ILSVRC2012_val_00030963_rank439,225,225,0.88636,0
ILSVRC2012_val_00043751_with_ILSVRC2012_val_00037790_rank145,367,367,0.88937,0
ILSVRC2012_val_00043751_with_ILSVRC2012_val_00006966_rank487,301,301,0.72154,0
ILSVRC2012_val_00043751_with_ILSVRC2012_val_00006433_rank558,383,383,0.94176,0
ILSVRC2012_val_00043751_with_ILSVRC2012_val_00003497_rank862,789,519,0.52402,31
ILSVRC2012_val_00043751_with_ILSVRC2012_val_00025482_rank886,906,519,0.28554,979
ILSVRC2012_val_00043751_with_ILSVRC2012_val_00002341_rank910,686,686,0.78227,0
ILSVRC2012_val_00043751_with_ILSVRC2012_val_00045718_rank160,230,230,0.83289,0
ILSVRC2012_val_00043751_with_ILSVRC2012_val_00007965_rank713,894,799,0.09392,5
ILSVRC2012_val_00043751_with_ILSVRC2012_val_00036158_rank377,313,313,0.86,0
ILSVRC2012_val_00043751_with_ILSVRC2012_val_00045511_rank711,563,563,0.50032,0
ILSVRC2012_val_00043751_with_ILSVRC2012_val_00045365_rank626,708,519,0.81538,55
ILSVRC2012_val_00043751_with_ILSVRC2012_val_00022670_rank517,208,208,0.90265,0
ILSVRC2012_val_00043751_with_ILSVRC2012_val_00045704_rank502,943,943,0.70023,0
ILSVRC2012_val_00043751_with_ILSVRC2012_val_00033854_rank560,385,385,0.82987,0
ILSVRC2012_val_00043751_with_ILSVRC2012_val_00026827_rank480,658,519,0.27466,898
ILSVRC2012_val_00043751_with_ILSVRC2012_val_00012403_rank847,472,472,0.39239,0
ILSVRC2012_val_00043751_with_ILSVRC2012_val_00011529_rank810,731,731,0.75803,0
ILSVRC2012_val_00043751_with_ILSVRC2012_val_00000917_rank933,447,519,0.79583,645
ILSVRC2012_val_00043751_with_ILSVRC2012_val_00022133_rank406,248,248,0.33445,0
ILSVRC2012_val_00043751_with_ILSVRC2012_val_00045371_rank399,440,440,0.7642,0
ILSVRC2012_val_00043751_with_ILSVRC2012_val_00032900_rank652,887,614,0.70071,3
ILSVRC2012_val_00043751_with_ILSVRC2012_val_00006894_rank232,913,519,0.2555,100
ILSVRC2012_val_00043751_with_ILSVRC2012_val_00018055_rank250,268,268,0.25983,0
ILSVRC2012_val_00043751_with_ILSVRC2012_val_00040291_rank275,216,216,0.98149,0
ILSVRC2012_val_00043751_with_ILSVRC2012_val_00014055_rank145,367,367,0.90592,0
ILSVRC2012_val_00043751_with_ILSVRC2012_val_00044945_rank355,629,629,0.4838,0
ILSVRC2012_val_00043751_with_ILSVRC2012_val_00011173_rank571,575,870,0.1579,29
ILSVRC2012_val_00043751_with_ILSVRC2012_val_00034251_rank196,57,57,0.95543,0
ILSVRC2012_val_00043751_with_ILSVRC2012_val_00008839_rank213,486,486,0.5205,0
ILSVRC2012_val_00043751_with_ILSVRC2012_val_00038647_rank108,49,50,0.52907,1
ILSVRC2012_val_00043751_with_ILSVRC2012_val_00044304_rank839,583,583,0.28018,0
ILSVRC2012_val_00043751_with_ILSVRC2012_val_00039825_rank019,83,83,0.82078,0
ILSVRC2012_val_00043751_with_ILSVRC2012_val_00037122_rank350,359,358,0.45879,2
ILSVRC2012_val_00043751_with_ILSVRC2012_val_00043736_rank919,807,519,0.28957,173
ILSVRC2012_val_00043751_with_ILSVRC2012_val_00007614_rank959,948,948,0.97443,0
ILSVRC2012_val_00043751_with_ILSVRC2012_val_00022096_rank832,995,519,0.06083,611
ILSVRC2012_val_00043751_with_ILSVRC2012_val_00018444_rank857,715,715,0.99474,0
ILSVRC2012_val_00043751_with_ILSVRC2012_val_00044380_rank347,240,241,0.68442,1
ILSVRC2012_val_00043751_with_ILSVRC2012_val_00009474_rank526,272,272,0.89169,0
ILSVRC2012_val_00043751_with_ILSVRC2012_val_00000746_rank844,586,586,0.948,0
ILSVRC2012_val_00043751_with_ILSVRC2012_val_00030909_rank793,720,463,0.49474,81
ILSVRC2012_val_00043751_with_ILSVRC2012_val_00018753_rank574,768,768,0.54429,0
ILSVRC2012_val_00043751_with_ILSVRC2012_val_00025373_rank968,679,507,0.70561,366
ILSVRC2012_val_00043751_with_ILSVRC2012_val_00045234_rank017,85,85,0.95283,0
ILSVRC2012_val_00043751_with_ILSVRC2012_val_00025005_rank279,331,331,0.51828,0
ILSVRC2012_val_00043751_with_ILSVRC2012_val_00043131_rank069,244,244,0.96225,0
ILSVRC2012_val_00043751_with_ILSVRC2012_val_00022264_rank159,156,156,0.89284,0
ILSVRC2012_val_00043751_with_ILSVRC2012_val_00044202_rank118,192,192,0.96034,0
ILSVRC2012_val_00043751_with_ILSVRC2012_val_00027852_rank988,777,519,0.14285,670
ILSVRC2012_val_00043751_with_ILSVRC2012_val_00025806_rank021,18,19,0.19749,7
ILSVRC2012_val_00043751_with_ILSVRC2012_val_00014216_rank646,283,283,0.97875,0
ILSVRC2012_val_00043751_with_ILSVRC2012_val_00042164_rank883,554,554,0.97023,0
ILSVRC2012_val_00043751_with_ILSVRC2012_val_00040855_rank942,683,519,0.45824,541
ILSVRC2012_val_00043751_with_ILSVRC2012_val_00031741_rank405,391,391,0.96821,0
ILSVRC2012_val_00043751_with_ILSVRC2012_val_00024855_rank548,505,804,0.40972,13
ILSVRC2012_val_00043751_with_ILSVRC2012_val_00011756_rank096,353,353,0.96271,0
ILSVRC2012_val_00043751_with_ILSVRC2012_val_00005733_rank013,91,91,0.96186,0
ILSVRC2012_val_00043751_with_ILSVRC2012_val_00013071_rank135,522,519,0.196,164
ILSVRC2012_val_00043751_with_ILSVRC2012_val_00022691_rank107,87,87,0.98037,0
ILSVRC2012_val_00043751_with_ILSVRC2012_val_00037283_rank788,727,727,0.98615,0
ILSVRC2012_val_00043751_with_ILSVRC2012_val_00042664_rank760,35,36,0.3806,2
ILSVRC2012_val_00043751_with_ILSVRC2012_val_00017823_rank428,180,180,0.58029,0
ILSVRC2012_val_00043751_with_ILSVRC2012_val_00006948_rank821,969,519,0.45908,308
ILSVRC2012_val_00043751_with_ILSVRC2012_val_00046786_rank106,290,290,0.80051,0
ILSVRC2012_val_00043751_with_ILSVRC2012_val_00029495_rank056,15,15,0.96637,0
ILSVRC2012_val_00043751_with_ILSVRC2012_val_00004366_rank343,247,247,0.95465,0
ILSVRC2012_val_00043751_with_ILSVRC2012_val_00017718_rank269,115,11,0.22408,161
ILSVRC2012_val_00043751_with_ILSVRC2012_val_00003349_rank089,346,345,0.51664,1
ILSVRC2012_val_00043751_with_ILSVRC2012_val_00048884_rank541,456,519,0.81948,866
ILSVRC2012_val_00043751_with_ILSVRC2012_val_00005761_rank302,378,337,0.04221,72
ILSVRC2012_val_00043751_with_ILSVRC2012_val_00039750_rank071,515,515,0.4358,0
ILSVRC2012_val_00043751_with_ILSVRC2012_val_00024974_rank170,723,723,0.97363,0
ILSVRC2012_val_00043751_with_ILSVRC2012_val_00025982_rank053,350,350,0.83716,0
ILSVRC2012_val_00043751_with_ILSVRC2012_val_00003540_rank345,298,23,0.15426,71
ILSVRC2012_val_00043751_with_ILSVRC2012_val_00008113_rank271,277,277,0.85908,0
ILSVRC2012_val_00043751_with_ILSVRC2012_val_00012135_rank207,352,352,0.72511,0
ILSVRC2012_val_00043751_with_ILSVRC2012_val_00040641_rank894,189,201,0.46108,21
ILSVRC2012_val_00043751_with_ILSVRC2012_val_00031155_rank708,996,519,0.1443,644
ILSVRC2012_val_00043751_with_ILSVRC2012_val_00018215_rank470,568,568,0.8311,0
ILSVRC2012_val_00043751_with_ILSVRC2012_val_00007430_rank459,220,220,0.96711,0
ILSVRC2012_val_00043751_with_ILSVRC2012_val_00026995_rank084,375,373,0.31407,15
ILSVRC2012_val_00043751_with_ILSVRC2012_val_00000084_rank924,58,82,0.11841,103
ILSVRC2012_val_00043751_with_ILSVRC2012_val_00031738_rank957,831,519,0.68592,128
ILSVRC2012_val_00043751_with_ILSVRC2012_val_00026621_rank361,792,623,0.41712,93
ILSVRC2012_val_00043751_with_ILSVRC2012_val_00009545_rank793,720,720,0.97213,0
ILSVRC2012_val_00043751_with_ILSVRC2012_val_00021755_rank156,314,314,0.67981,0
ILSVRC2012_val_00043751_with_ILSVRC2012_val_00001605_rank748,593,519,0.77368,170
ILSVRC2012_val_00043751_with_ILSVRC2012_val_00024346_rank055,425,425,0.95562,0
ILSVRC2012_val_00043751_with_ILSVRC2012_val_00025774_rank657,540,540,0.32572,0
ILSVRC2012_val_00043751_with_ILSVRC2012_val_00011471_rank769,965,965,0.6421,0
ILSVRC2012_val_00043751_with_ILSVRC2012_val_00022416_rank593,919,519,0.84913,177
ILSVRC2012_val_00043751_with_ILSVRC2012_val_00037112_rank609,436,436,0.77112,0
ILSVRC2012_val_00043751_with_ILSVRC2012_val_00021490_rank302,378,378,0.81957,0
ILSVRC2012_val_00043751_with_ILSVRC2012_val_00032224_rank667,896,896,0.81652,0
ILSVRC2012_val_00043751_with_ILSVRC2012_val_00029517_rank988,777,519,0.67144,670
ILSVRC2012_val_00043751_with_ILSVRC2012_val_00010865_rank477,223,224,0.17606,1
ILSVRC2012_val_00043751_with_ILSVRC2012_val_00044460_rank427,589,589,0.90389,0
ILSVRC2012_val_00043751_with_ILSVRC2012_val_00040808_rank132,347,347,0.99865,0
ILSVRC2012_val_00043751_with_ILSVRC2012_val_00017914_rank376,588,588,0.72992,0
ILSVRC2012_val_00043751_with_ILSVRC2012_val_00043889_rank576,483,519,0.64219,358
ILSVRC2012_val_00043751_with_ILSVRC2012_val_00031415_rank640,206,267,0.37115,4
ILSVRC2012_val_00043751_with_ILSVRC2012_val_00047420_rank801,784,637,0.56044,528
ILSVRC2012_val_00043751_with_ILSVRC2012_val_00036362_rank964,684,684,0.96843,0
ILSVRC2012_val_00043751_with_ILSVRC2012_val_00038921_rank837,861,519,0.41324,453
ILSVRC2012_val_00043751_with_ILSVRC2012_val_00026371_rank376,588,588,0.13985,0
ILSVRC2012_val_00043751_with_ILSVRC2012_val_00048644_rank077,128,133,0.05872,25
ILSVRC2012_val_00043751_with_ILSVRC2012_val_00046778_rank831,52,63,0.77222,16
ILSVRC2012_val_00043751_with_ILSVRC2012_val_00007958_rank101,204,155,0.73858,1
ILSVRC2012_val_00043751_with_ILSVRC2012_val_00035631_rank419,481,481,0.89103,0
ILSVRC2012_val_00043751_with_ILSVRC2012_val_00022414_rank014,130,130,0.97321,0
ILSVRC2012_val_00043751_with_ILSVRC2012_val_00035344_rank097,690,428,0.17324,13
ILSVRC2012_val_00043751_with_ILSVRC2012_val_00030522_rank733,901,504,0.20462,6
ILSVRC2012_val_00043751_with_ILSVRC2012_val_00043117_rank368,288,288,0.69084,0
ILSVRC2012_val_00043751_with_ILSVRC2012_val_00045098_rank613,297,297,0.96264,0
ILSVRC2012_val_00043751_with_ILSVRC2012_val_00043779_rank016,22,22,0.93565,0
ILSVRC2012_val_00043751_with_ILSVRC2012_val_00014790_rank998,38,38,0.64691,0
ILSVRC2012_val_00043751_with_ILSVRC2012_val_00030406_rank521,33,519,0.13259,816
ILSVRC2012_val_00043751_with_ILSVRC2012_val_00006168_rank384,241,238,0.60772,2
ILSVRC2012_val_00043751_with_ILSVRC2012_val_00014999_rank593,919,919,0.37724,0
ILSVRC2012_val_00043751_with_ILSVRC2012_val_00002373_rank710,166,215,0.40407,7
ILSVRC2012_val_00043751_with_ILSVRC2012_val_00022877_rank964,684,684,0.78344,0
ILSVRC2012_val_00043751_with_ILSVRC2012_val_00042245_rank592,6,566,0.23065,190
ILSVRC2012_val_00043751_with_ILSVRC2012_val_00043312_rank636,30,50,0.75766,7
ILSVRC2012_val_00043751_with_ILSVRC2012_val_00034598_rank265,364,8,0.85167,161
ILSVRC2012_val_00043751_with_ILSVRC2012_val_00008541_rank329,487,590,0.25883,1
ILSVRC2012_val_00043751_with_ILSVRC2012_val_00026532_rank844,586,586,0.97163,0
ILSVRC2012_val_00043751_with_ILSVRC2012_val_00021425_rank576,483,519,0.14499,358
ILSVRC2012_val_00043751_with_ILSVRC2012_val_00034465_rank363,251,251,0.97667,0
ILSVRC2012_val_00043751_with_ILSVRC2012_val_00006251_rank494,5,5,0.60806,0
ILSVRC2012_val_00043751_with_ILSVRC2012_val_00037267_rank955,830,519,0.48163,151
ILSVRC2012_val_00043751_with_ILSVRC2012_val_00010410_rank075,334,334,0.97726,0
ILSVRC2012_val_00043751_with_ILSVRC2012_val_00003526_rank038,139,139,0.97731,0
ILSVRC2012_val_00043751_with_ILSVRC2012_val_00005576_rank371,20,20,0.96297,0
ILSVRC2012_val_00043751_with_ILSVRC2012_val_00001144_rank413,569,519,0.52492,81
ILSVRC2012_val_00043751_with_ILSVRC2012_val_00025339_rank678,65,65,0.72805,0
ILSVRC2012_val_00043751_with_ILSVRC2012_val_00043853_rank754,872,872,0.85713,0
ILSVRC2012_val_00043751_with_ILSVRC2012_val_00036383_rank588,930,448,0.16904,957
ILSVRC2012_val_00043751_with_ILSVRC2012_val_00026869_rank526,272,272,0.9313,0
ILSVRC2012_val_00043751_with_ILSVRC2012_val_00031004_rank913,392,392,0.18428,0
ILSVRC2012_val_00043751_with_ILSVRC2012_val_00017592_rank402,176,212,0.87328,5
ILSVRC2012_val_00043751_with_ILSVRC2012_val_00043013_rank499,207,219,0.84247,4
ILSVRC2012_val_00043751_with_ILSVRC2012_val_00022597_rank016,22,22,0.97089,0
ILSVRC2012_val_00043751_with_ILSVRC2012_val_00020757_rank414,390,4,0.08541,34
ILSVRC2012_val_00043751_with_ILSVRC2012_val_00041730_rank130,44,44,0.97091,0
ILSVRC2012_val_00043751_with_ILSVRC2012_val_00040048_rank554,59,519,0.7177,700
ILSVRC2012_val_00043751_with_ILSVRC2012_val_00013130_rank115,665,665,0.92593,0
ILSVRC2012_val_00043751_with_ILSVRC2012_val_00028525_rank597,923,519,0.29669,981
ILSVRC2012_val_00043751_with_ILSVRC2012_val_00040691_rank762,550,583,0.70088,158
ILSVRC2012_val_00043751_with_ILSVRC2012_val_00044320_rank764,101,343,0.81152,3
ILSVRC2012_val_00043751_with_ILSVRC2012_val_00033787_rank837,861,731,0.08522,7
ILSVRC2012_val_00043751_with_ILSVRC2012_val_00013277_rank320,13,13,0.98587,0
ILSVRC2012_val_00043751_with_ILSVRC2012_val_00018647_rank637,534,534,0.9753,0
ILSVRC2012_val_00043751_with_ILSVRC2012_val_00034068_rank129,131,134,0.78079,4
ILSVRC2012_val_00043751_with_ILSVRC2012_val_00000384_rank341,621,621,0.7145,0
ILSVRC2012_val_00043751_with_ILSVRC2012_val_00026823_rank236,329,344,0.4246,55
ILSVRC2012_val_00043751_with_ILSVRC2012_val_00048216_rank827,559,559,0.87815,0
ILSVRC2012_val_00043751_with_ILSVRC2012_val_00018608_rank476,962,778,0.10787,511
ILSVRC2012_val_00043751_with_ILSVRC2012_val_00045928_rank070,338,338,0.97729,0
ILSVRC2012_val_00043751_with_ILSVRC2012_val_00035292_rank585,295,295,0.96117,0
ILSVRC2012_val_00043751_with_ILSVRC2012_val_00031497_rank723,846,846,0.41239,0
ILSVRC2012_val_00043751_with_ILSVRC2012_val_00044777_rank565,328,519,0.14933,848
ILSVRC2012_val_00043751_with_ILSVRC2012_val_00022316_rank218,836,519,0.6381,713
ILSVRC2012_val_00043751_with_ILSVRC2012_val_00008306_rank717,837,519,0.39445,772
ILSVRC2012_val_00043751_with_ILSVRC2012_val_00042859_rank011,80,80,0.96546,0
ILSVRC2012_val_00043751_with_ILSVRC2012_val_00022034_rank654,725,725,0.4643,0
ILSVRC2012_val_00043751_with_ILSVRC2012_val_00036076_rank162,749,596,0.10266,130
ILSVRC2012_val_00043751_with_ILSVRC2012_val_00033635_rank811,753,753,0.97064,0
ILSVRC2012_val_00043751_with_ILSVRC2012_val_00049658_rank617,492,492,0.96105,0
ILSVRC2012_val_00043751_with_ILSVRC2012_val_00002683_rank694,999,153,0.49588,134
ILSVRC2012_val_00043751_with_ILSVRC2012_val_00005950_rank648,663,519,0.03049,639
ILSVRC2012_val_00043751_with_ILSVRC2012_val_00004289_rank328,928,928,0.35683,0
ILSVRC2012_val_00043751_with_ILSVRC2012_val_00032400_rank387,173,171,0.45009,6
ILSVRC2012_val_00043751_with_ILSVRC2012_val_00007160_rank323,774,519,0.13647,435
ILSVRC2012_val_00043751_with_ILSVRC2012_val_00026107_rank049,462,462,0.7957,0
ILSVRC2012_val_00043751_with_ILSVRC2012_val_00001048_rank366,439,519,0.33427,953
ILSVRC2012_val_00043751_with_ILSVRC2012_val_00004331_rank779,869,869,0.13366,0
ILSVRC2012_val_00043751_with_ILSVRC2012_val_00038041_rank162,749,463,0.19974,214
ILSVRC2012_val_00043751_with_ILSVRC2012_val_00017600_rank091,135,135,0.95088,0
ILSVRC2012_val_00043751_with_ILSVRC2012_val_00032621_rank473,109,109,0.89879,0
ILSVRC2012_val_00043751_with_ILSVRC2012_val_00015763_rank296,825,825,0.92682,0
ILSVRC2012_val_00043751_with_ILSVRC2012_val_00020496_rank867,893,519,0.28959,109
ILSVRC2012_val_00043751_with_ILSVRC2012_val_00037212_rank039,365,365,0.96337,0
ILSVRC2012_val_00043751_with_ILSVRC2012_val_00045416_rank507,991,942,0.60526,113
ILSVRC2012_val_00043751_with_ILSVRC2012_val_00021962_rank920,296,296,0.98594,0
ILSVRC2012_val_00043751_with_ILSVRC2012_val_00026795_rank917,444,444,0.95944,0
ILSVRC2012_val_00043751_with_ILSVRC2012_val_00020769_rank985,126,126,0.85486,0
ILSVRC2012_val_00043751_with_ILSVRC2012_val_00030662_rank015,136,136,0.96,0
ILSVRC2012_val_00043751_with_ILSVRC2012_val_00036070_rank529,333,333,0.92972,0
ILSVRC2012_val_00043751_with_ILSVRC2012_val_00014472_rank718,64,64,0.47801,0
ILSVRC2012_val_00043751_with_ILSVRC2012_val_00002214_rank147,153,153,0.7683,0
ILSVRC2012_val_00043751_with_ILSVRC2012_val_00016415_rank034,345,345,0.73298,0
ILSVRC2012_val_00043751_with_ILSVRC2012_val_00038119_rank985,126,126,0.05172,0
ILSVRC2012_val_00043751_with_ILSVRC2012_val_00021717_rank550,734,519,0.37777,115
ILSVRC2012_val_00043751_with_ILSVRC2012_val_00025607_rank881,602,519,0.73892,930
ILSVRC2012_val_00043751_with_ILSVRC2012_val_00037733_rank646,283,283,0.82364,0
ILSVRC2012_val_00043751_with_ILSVRC2012_val_00041098_rank791,263,263,0.79801,0
ILSVRC2012_val_00043751_with_ILSVRC2012_val_00008280_rank602,426,426,0.96611,0
ILSVRC2012_val_00043751_with_ILSVRC2012_val_00041973_rank994,826,826,0.88737,0
ILSVRC2012_val_00043751_with_ILSVRC2012_val_00044253_rank471,404,845,0.62434,666
ILSVRC2012_val_00043751_with_ILSVRC2012_val_00036297_rank802,745,745,0.94122,0
ILSVRC2012_val_00043751_with_ILSVRC2012_val_00047947_rank099,949,772,0.23101,595
ILSVRC2012_val_00043751_with_ILSVRC2012_val_00049382_rank391,518,519,0.54475,314
ILSVRC2012_val_00043751_with_ILSVRC2012_val_00002873_rank481,883,725,0.47525,1
ILSVRC2012_val_00043751_with_ILSVRC2012_val_00021540_rank477,223,223,0.224,0
ILSVRC2012_val_00043751_with_ILSVRC2012_val_00017551_rank112,232,232,0.54446,0
ILSVRC2012_val_00043751_with_ILSVRC2012_val_00001273_rank485,650,731,0.24898,191
ILSVRC2012_val_00043751_with_ILSVRC2012_val_00020507_rank317,71,299,0.06988,70
ILSVRC2012_val_00043751_with_ILSVRC2012_val_00021340_rank478,434,792,0.02468,859
ILSVRC2012_val_00043751_with_ILSVRC2012_val_00044300_rank855,326,326,0.97664,0
ILSVRC2012_val_00043751_with_ILSVRC2012_val_00010463_rank478,434,519,0.22561,387
ILSVRC2012_val_00043751_with_ILSVRC2012_val_00041185_rank033,355,355,0.98547,0
ILSVRC2012_val_00043751_with_ILSVRC2012_val_00011201_rank404,558,519,0.46675,818
ILSVRC2012_val_00043751_with_ILSVRC2012_val_00009997_rank239,866,519,0.2403,221
ILSVRC2012_val_00043751_with_ILSVRC2012_val_00007684_rank045,992,992,0.89073,0
ILSVRC2012_val_00043751_with_ILSVRC2012_val_00041047_rank852,627,710,0.14785,999
ILSVRC2012_val_00043751_with_ILSVRC2012_val_00021523_rank037,12,12,0.92946,0
ILSVRC2012_val_00043751_with_ILSVRC2012_val_00013299_rank625,36,35,0.3814,1
ILSVRC2012_val_00043751_with_ILSVRC2012_val_00019995_rank779,869,869,0.8289,0
ILSVRC2012_val_00043751_with_ILSVRC2012_val_00037066_rank123,985,985,0.87346,0
ILSVRC2012_val_00043751_with_ILSVRC2012_val_00039456_rank191,946,328,0.45179,9
ILSVRC2012_val_00043751_with_ILSVRC2012_val_00033874_rank739,750,831,0.52461,1
ILSVRC2012_val_00043751_with_ILSVRC2012_val_00002789_rank109,340,340,0.97955,0
ILSVRC2012_val_00043751_with_ILSVRC2012_val_00049854_rank811,753,753,0.96606,0
ILSVRC2012_val_00043751_with_ILSVRC2012_val_00038898_rank308,933,933,0.98051,0
ILSVRC2012_val_00043751_with_ILSVRC2012_val_00043831_rank342,944,944,0.82827,0
ILSVRC2012_val_00043751_with_ILSVRC2012_val_00011846_rank307,389,519,0.35077,505
ILSVRC2012_val_00043751_with_ILSVRC2012_val_00000973_rank481,883,883,0.59371,0
ILSVRC2012_val_00043751_with_ILSVRC2012_val_00019519_rank930,249,249,0.68722,0
ILSVRC2012_val_00043751_with_ILSVRC2012_val_00006734_rank768,362,362,0.98918,0
ILSVRC2012_val_00043751_with_ILSVRC2012_val_00042231_rank489,354,354,0.70158,0
ILSVRC2012_val_00043751_with_ILSVRC2012_val_00001513_rank034,345,345,0.8881,0
ILSVRC2012_val_00043751_with_ILSVRC2012_val_00031994_rank160,230,230,0.68065,0
ILSVRC2012_val_00043751_with_ILSVRC2012_val_00021786_rank130,44,44,0.97496,0
ILSVRC2012_val_00043751_with_ILSVRC2012_val_00039735_rank361,792,621,0.14325,11
ILSVRC2012_val_00043751_with_ILSVRC2012_val_00009702_rank836,482,519,0.69973,108
ILSVRC2012_val_00043751_with_ILSVRC2012_val_00005609_rank274,849,899,0.09579,5
ILSVRC2012_val_00043751_with_ILSVRC2012_val_00024915_rank203,514,514,0.94794,0
ILSVRC2012_val_00043751_with_ILSVRC2012_val_00005991_rank115,665,665,0.77748,0
ILSVRC2012_val_00043751_with_ILSVRC2012_val_00000511_rank710,166,162,0.4386,3
ILSVRC2012_val_00043751_with_ILSVRC2012_val_00032790_rank203,514,514,0.98468,0
ILSVRC2012_val_00043751_with_ILSVRC2012_val_00027644_rank333,947,923,0.04127,20
ILSVRC2012_val_00043751_with_ILSVRC2012_val_00046936_rank898,802,802,0.55825,0
ILSVRC2012_val_00043751_with_ILSVRC2012_val_00019535_rank543,238,238,0.5237,0
ILSVRC2012_val_00043751_with_ILSVRC2012_val_00046555_rank641,289,289,0.57007,0
ILSVRC2012_val_00043751_with_ILSVRC2012_val_00047065_rank790,307,306,0.61454,17
ILSVRC2012_val_00043751_with_ILSVRC2012_val_00039364_rank367,469,469,0.88477,0
ILSVRC2012_val_00043751_with_ILSVRC2012_val_00046410_rank019,83,8,0.13101,11
ILSVRC2012_val_00043751_with_ILSVRC2012_val_00023367_rank374,888,888,0.86832,0
ILSVRC2012_val_00043751_with_ILSVRC2012_val_00011781_rank510,880,519,0.43694,108
ILSVRC2012_val_00043751_with_ILSVRC2012_val_00029800_rank651,510,519,0.18052,56
ILSVRC2012_val_00043751_with_ILSVRC2012_val_00001473_rank519,344,344,0.98262,0
ILSVRC2012_val_00043751_with_ILSVRC2012_val_00006958_rank675,881,881,0.96797,0
ILSVRC2012_val_00043751_with_ILSVRC2012_val_00012767_rank492,497,519,0.24744,688
ILSVRC2012_val_00043751_with_ILSVRC2012_val_00018220_rank939,822,822,0.47634,0
ILSVRC2012_val_00043751_with_ILSVRC2012_val_00044598_rank767,566,566,0.98506,0
ILSVRC2012_val_00043751_with_ILSVRC2012_val_00038145_rank950,748,519,0.28412,870
ILSVRC2012_val_00043751_with_ILSVRC2012_val_00021746_rank954,507,507,0.96156,0
ILSVRC2012_val_00043751_with_ILSVRC2012_val_00028991_rank565,328,328,0.82106,0
ILSVRC2012_val_00043751_with_ILSVRC2012_val_00018645_rank461,25,25,0.90353,0
ILSVRC2012_val_00043751_with_ILSVRC2012_val_00047766_rank842,813,813,0.91592,0
ILSVRC2012_val_00043751_with_ILSVRC2012_val_00008259_rank524,738,448,0.57995,18
ILSVRC2012_val_00043751_with_ILSVRC2012_val_00047625_rank966,818,818,0.27615,0
ILSVRC2012_val_00043751_with_ILSVRC2012_val_00039887_rank602,426,426,0.96931,0
ILSVRC2012_val_00043751_with_ILSVRC2012_val_00040992_rank563,475,475,0.95406,0
ILSVRC2012_val_00043751_with_ILSVRC2012_val_00016622_rank130,44,44,0.2207,0
ILSVRC2012_val_00043751_with_ILSVRC2012_val_00044712_rank286,938,938,0.98637,0
ILSVRC2012_val_00043751_with_ILSVRC2012_val_00049216_rank456,393,393,0.87405,0
ILSVRC2012_val_00043751_with_ILSVRC2012_val_00046082_rank943,841,841,0.96223,0
ILSVRC2012_val_00043751_with_ILSVRC2012_val_00001630_rank454,448,448,0.925,0
ILSVRC2012_val_00043751_with_ILSVRC2012_val_00014448_rank127,489,519,0.73839,31
ILSVRC2012_val_00043751_with_ILSVRC2012_val_00009151_rank262,108,108,0.8373,0
ILSVRC2012_val_00043751_with_ILSVRC2012_val_00027237_rank882,512,512,0.48125,0
ILSVRC2012_val_00043751_with_ILSVRC2012_val_00010925_rank449,319,519,0.50631,597
ILSVRC2012_val_00043751_with_ILSVRC2012_val_00043483_rank004,84,84,0.98991,0
ILSVRC2012_val_00043751_with_ILSVRC2012_val_00007760_rank197,358,358,0.42207,0
ILSVRC2012_val_00043751_with_ILSVRC2012_val_00049507_rank133,653,653,0.94917,0
ILSVRC2012_val_00043751_with_ILSVRC2012_val_00033860_rank905,477,477,0.26668,0
ILSVRC2012_val_00043751_with_ILSVRC2012_val_00013615_rank759,641,731,0.54579,13
ILSVRC2012_val_00043751_with_ILSVRC2012_val_00014322_rank929,626,481,0.89902,74
ILSVRC2012_val_00043751_with_ILSVRC2012_val_00008153_rank335,719,719,0.95596,0
ILSVRC2012_val_00043751_with_ILSVRC2012_val_00020952_rank974,902,626,0.13383,6
ILSVRC2012_val_00043751_with_ILSVRC2012_val_00016829_rank386,379,90,0.40178,29
ILSVRC2012_val_00043751_with_ILSVRC2012_val_00022036_rank527,172,171,0.47773,1
ILSVRC2012_val_00043751_with_ILSVRC2012_val_00031260_rank435,380,380,0.63328,0
ILSVRC2012_val_00043751_with_ILSVRC2012_val_00008007_rank917,444,444,0.55889,0
ILSVRC2012_val_00043751_with_ILSVRC2012_val_00026333_rank411,963,963,0.81216,0
ILSVRC2012_val_00043751_with_ILSVRC2012_val_00035094_rank769,965,965,0.9621,0
ILSVRC2012_val_00043751_with_ILSVRC2012_val_00018012_rank514,915,448,0.23073,41
ILSVRC2012_val_00043751_with_ILSVRC2012_val_00012464_rank505,703,703,0.84937,0
ILSVRC2012_val_00043751_with_ILSVRC2012_val_00033301_rank566,882,519,0.24455,481
ILSVRC2012_val_00043751_with_ILSVRC2012_val_00039583_rank558,383,383,0.90249,0
ILSVRC2012_val_00043751_with_ILSVRC2012_val_00011728_rank228,151,151,0.84612,0
ILSVRC2012_val_00043751_with_ILSVRC2012_val_00044559_rank812,407,407,0.97422,0
ILSVRC2012_val_00043751_with_ILSVRC2012_val_00041318_rank462,897,897,0.97287,0
ILSVRC2012_val_00043751_with_ILSVRC2012_val_00038331_rank403,668,519,0.14025,563
ILSVRC2012_val_00043751_with_ILSVRC2012_val_00034526_rank832,995,850,0.10265,174
ILSVRC2012_val_00043751_with_ILSVRC2012_val_00048852_rank524,738,738,0.13348,0
ILSVRC2012_val_00043751_with_ILSVRC2012_val_00011975_rank626,708,519,0.42221,55
ILSVRC2012_val_00043751_with_ILSVRC2012_val_00042385_rank592,6,6,0.62942,0
ILSVRC2012_val_00043751_with_ILSVRC2012_val_00007850_rank453,167,172,0.32342,20
ILSVRC2012_val_00043751_with_ILSVRC2012_val_00006858_rank921,409,409,0.55356,0
ILSVRC2012_val_00043751_with_ILSVRC2012_val_00008256_rank241,366,367,0.88537,1
ILSVRC2012_val_00043751_with_ILSVRC2012_val_00043289_rank424,253,253,0.96205,0
ILSVRC2012_val_00043751_with_ILSVRC2012_val_00005414_rank218,836,514,0.05908,32
ILSVRC2012_val_00043751_with_ILSVRC2012_val_00009578_rank373,271,272,0.95533,2
ILSVRC2012_val_00043751_with_ILSVRC2012_val_00025486_rank541,456,519,0.6556,866
ILSVRC2012_val_00043751_with_ILSVRC2012_val_00021481_rank555,778,713,0.38528,13
ILSVRC2012_val_00043751_with_ILSVRC2012_val_00029665_rank858,925,925,0.84416,0
ILSVRC2012_val_00043751_with_ILSVRC2012_val_00003572_rank194,306,306,0.98548,0
ILSVRC2012_val_00043751_with_ILSVRC2012_val_00042868_rank368,288,288,0.80966,0
ILSVRC2012_val_00043751_with_ILSVRC2012_val_00017692_rank941,284,284,0.98228,0
ILSVRC2012_val_00043751_with_ILSVRC2012_val_00037858_rank384,241,241,0.75233,0
ILSVRC2012_val_00043751_with_ILSVRC2012_val_00016885_rank755,892,818,0.24552,58
ILSVRC2012_val_00043751_with_ILSVRC2012_val_00029174_rank650,815,519,0.19363,860
ILSVRC2012_val_00043751_with_ILSVRC2012_val_00021997_rank217,640,640,0.48229,0
ILSVRC2012_val_00043751_with_ILSVRC2012_val_00007311_rank849,895,895,0.15996,0
ILSVRC2012_val_00043751_with_ILSVRC2012_val_00036814_rank635,419,111,0.11313,234
ILSVRC2012_val_00043751_with_ILSVRC2012_val_00000609_rank803,147,587,0.19192,869
ILSVRC2012_val_00043751_with_ILSVRC2012_val_00023692_rank786,73,519,0.48855,165
ILSVRC2012_val_00043751_with_ILSVRC2012_val_00012752_rank375,273,273,0.91897,0
ILSVRC2012_val_00043751_with_ILSVRC2012_val_00034978_rank711,563,519,0.16935,966
ILSVRC2012_val_00043751_with_ILSVRC2012_val_00024216_rank387,173,181,0.19178,33
ILSVRC2012_val_00043751_with_ILSVRC2012_val_00015721_rank117,46,40,0.41073,1
ILSVRC2012_val_00043751_with_ILSVRC2012_val_00004003_rank039,365,365,0.75659,0
ILSVRC2012_val_00043751_with_ILSVRC2012_val_00015756_rank949,69,69,0.97163,0
ILSVRC2012_val_00043751_with_ILSVRC2012_val_00023568_rank321,561,519,0.41391,12
ILSVRC2012_val_00043751_with_ILSVRC2012_val_00001228_rank281,152,152,0.77605,0
ILSVRC2012_val_00043751_with_ILSVRC2012_val_00015683_rank086,332,8,0.7802,29
ILSVRC2012_val_00043751_with_ILSVRC2012_val_00035481_rank695,924,519,0.10877,896
ILSVRC2012_val_00043751_with_ILSVRC2012_val_00014441_rank110,199,233,0.3852,12
ILSVRC2012_val_00043751_with_ILSVRC2012_val_00046641_rank315,654,654,0.63049,0
ILSVRC2012_val_00043751_with_ILSVRC2012_val_00044778_rank679,899,463,0.5017,10
ILSVRC2012_val_00043751_with_ILSVRC2012_val_00047955_rank503,287,287,0.9496,0
ILSVRC2012_val_00043751_with_ILSVRC2012_val_00004847_rank322,835,835,0.56551,0
ILSVRC2012_val_00043751_with_ILSVRC2012_val_00020650_rank926,584,584,0.17331,0
ILSVRC2012_val_00043751_with_ILSVRC2012_val_00032443_rank156,314,314,0.24974,0
ILSVRC2012_val_00043751_with_ILSVRC2012_val_00009576_rank278,154,154,0.22932,0
ILSVRC2012_val_00043751_with_ILSVRC2012_val_00049931_rank543,238,161,0.86283,6
ILSVRC2012_val_00043751_with_ILSVRC2012_val_00025942_rank503,287,342,0.06437,51
ILSVRC2012_val_00043751_with_ILSVRC2012_val_00012759_rank041,39,43,0.72777,4
ILSVRC2012_val_00043751_with_ILSVRC2012_val_00036393_rank864,664,519,0.17961,140
ILSVRC2012_val_00043751_with_ILSVRC2012_val_00033175_rank761,722,722,0.39948,0
ILSVRC2012_val_00043751_with_ILSVRC2012_val_00020903_rank274,849,849,0.96568,0
ILSVRC2012_val_00043751_with_ILSVRC2012_val_00028408_rank362,254,254,0.92732,0
ILSVRC2012_val_00043751_with_ILSVRC2012_val_00019284_rank981,103,103,0.31889,0
ILSVRC2012_val_00043751_with_ILSVRC2012_val_00003955_rank610,107,14,0.59547,83
ILSVRC2012_val_00043751_with_ILSVRC2012_val_00046116_rank493,400,448,0.07165,826
ILSVRC2012_val_00043751_with_ILSVRC2012_val_00031993_rank989,451,451,0.68674,0
ILSVRC2012_val_00043751_with_ILSVRC2012_val_00045796_rank400,696,462,0.34658,5
ILSVRC2012_val_00043751_with_ILSVRC2012_val_00025259_rank968,679,679,0.11684,0
ILSVRC2012_val_00043751_with_ILSVRC2012_val_00012249_rank666,828,828,0.93406,0
ILSVRC2012_val_00043751_with_ILSVRC2012_val_00017552_rank897,303,303,0.34111,0
ILSVRC2012_val_00043751_with_ILSVRC2012_val_00003252_rank723,846,846,0.65845,0
ILSVRC2012_val_00043751_with_ILSVRC2012_val_00030887_rank022,100,100,0.98811,0
ILSVRC2012_val_00043751_with_ILSVRC2012_val_00030412_rank749,170,198,0.5278,3
ILSVRC2012_val_00043751_with_ILSVRC2012_val_00005262_rank554,59,64,0.25857,2
ILSVRC2012_val_00043751_with_ILSVRC2012_val_00040699_rank822,597,748,0.49702,11
ILSVRC2012_val_00043751_with_ILSVRC2012_val_00006582_rank353,27,42,0.12291,13
ILSVRC2012_val_00043751_with_ILSVRC2012_val_00037413_rank258,120,120,0.94159,0
ILSVRC2012_val_00043751_with_ILSVRC2012_val_00017506_rank756,682,519,0.76172,284
ILSVRC2012_val_00043751_with_ILSVRC2012_val_00022224_rank816,320,320,0.84939,0
ILSVRC2012_val_00043751_with_ILSVRC2012_val_00028572_rank339,242,242,0.92133,0
ILSVRC2012_val_00043751_with_ILSVRC2012_val_00045907_rank327,808,519,0.1249,877
ILSVRC2012_val_00043751_with_ILSVRC2012_val_00003813_rank466,402,402,0.20507,0
ILSVRC2012_val_00043751_with_ILSVRC2012_val_00012901_rank347,240,240,0.90492,0
ILSVRC2012_val_00043751_with_ILSVRC2012_val_00009840_rank974,902,471,0.37052,226
ILSVRC2012_val_00043751_with_ILSVRC2012_val_00030034_rank331,760,553,0.08949,8
ILSVRC2012_val_00043751_with_ILSVRC2012_val_00023354_rank430,502,519,0.14222,96
ILSVRC2012_val_00043751_with_ILSVRC2012_val_00035609_rank402,176,176,0.94294,0
ILSVRC2012_val_00043751_with_ILSVRC2012_val_00047356_rank745,222,222,0.90649,0
ILSVRC2012_val_00043751_with_ILSVRC2012_val_00040389_rank030,953,519,0.18412,129
ILSVRC2012_val_00043751_with_ILSVRC2012_val_00033821_rank431,75,75,0.24019,0
ILSVRC2012_val_00043751_with_ILSVRC2012_val_00018469_rank612,294,294,0.86371,0
ILSVRC2012_val_00043751_with_ILSVRC2012_val_00013866_rank684,420,519,0.10709,466
ILSVRC2012_val_00043751_with_ILSVRC2012_val_00006195_rank002,8,8,0.69856,0
ILSVRC2012_val_00043751_with_ILSVRC2012_val_00012959_rank139,775,775,0.76456,0
ILSVRC2012_val_00043751_with_ILSVRC2012_val_00043442_rank444,227,227,0.83612,0
ILSVRC2012_val_00043751_with_ILSVRC2012_val_00029391_rank782,736,519,0.25228,156
ILSVRC2012_val_00043751_with_ILSVRC2012_val_00034141_rank975,647,647,0.95124,0
ILSVRC2012_val_00043751_with_ILSVRC2012_val_00015704_rank039,365,695,0.07215,200
ILSVRC2012_val_00043751_with_ILSVRC2012_val_00009988_rank014,130,130,0.80508,0
ILSVRC2012_val_00043751_with_ILSVRC2012_val_00010500_rank930,249,249,0.78747,0
ILSVRC2012_val_00043751_with_ILSVRC2012_val_00031704_rank164,123,123,0.52964,0
ILSVRC2012_val_00043751_with_ILSVRC2012_val_00021014_rank595,560,519,0.14689,899
ILSVRC2012_val_00043751_with_ILSVRC2012_val_00013508_rank155,179,237,0.55399,14
ILSVRC2012_val_00043751_with_ILSVRC2012_val_00005364_rank246,159,159,0.54901,0
ILSVRC2012_val_00043751_with_ILSVRC2012_val_00023226_rank064,140,140,0.97793,0
ILSVRC2012_val_00043751_with_ILSVRC2012_val_00001915_rank320,13,13,0.98294,0
ILSVRC2012_val_00043751_with_ILSVRC2012_val_00001897_rank620,591,448,0.06041,271
ILSVRC2012_val_00043751_with_ILSVRC2012_val_00043733_rank823,532,849,0.08815,65
ILSVRC2012_val_00043751_with_ILSVRC2012_val_00047064_rank779,869,519,0.33357,286
ILSVRC2012_val_00043751_with_ILSVRC2012_val_00037970_rank343,247,247,0.83261,0
ILSVRC2012_val_00043751_with_ILSVRC2012_val_00000960_rank618,694,519,0.13315,101
ILSVRC2012_val_00043751_with_ILSVRC2012_val_00014332_rank424,253,253,0.93596,0
ILSVRC2012_val_00043751_with_ILSVRC2012_val_00014018_rank873,755,807,0.86631,1
ILSVRC2012_val_00043751_with_ILSVRC2012_val_00042475_rank143,274,274,0.95991,0
ILSVRC2012_val_00043751_with_ILSVRC2012_val_00006350_rank585,295,295,0.95535,0
ILSVRC2012_val_00043751_with_ILSVRC2012_val_00013031_rank329,487,487,0.16252,0
ILSVRC2012_val_00043751_with_ILSVRC2012_val_00014683_rank377,313,519,0.63987,975
ILSVRC2012_val_00043751_with_ILSVRC2012_val_00000582_rank357,499,499,0.96229,0
ILSVRC2012_val_00043751_with_ILSVRC2012_val_00020102_rank679,899,659,0.39197,59
ILSVRC2012_val_00043751_with_ILSVRC2012_val_00041175_rank587,609,609,0.7808,0
ILSVRC2012_val_00043751_with_ILSVRC2012_val_00015025_rank121,321,321,0.97965,0
ILSVRC2012_val_00043751_with_ILSVRC2012_val_00029679_rank141,984,984,0.79573,0
ILSVRC2012_val_00043751_with_ILSVRC2012_val_00020540_rank622,484,619,0.27791,721
ILSVRC2012_val_00043751_with_ILSVRC2012_val_00023618_rank864,664,851,0.4072,3
ILSVRC2012_val_00043751_with_ILSVRC2012_val_00001809_rank936,867,519,0.81752,88
ILSVRC2012_val_00043751_with_ILSVRC2012_val_00022815_rank956,446,519,0.41389,150
ILSVRC2012_val_00043751_with_ILSVRC2012_val_00019151_rank538,316,316,0.96646,0
ILSVRC2012_val_00043751_with_ILSVRC2012_val_00035237_rank571,575,575,0.82685,0
ILSVRC2012_val_00043751_with_ILSVRC2012_val_00016194_rank646,283,283,0.27665,0
ILSVRC2012_val_00043751_with_ILSVRC2012_val_00011946_rank784,681,519,0.24702,205
ILSVRC2012_val_00043751_with_ILSVRC2012_val_00036599_rank342,944,944,0.90484,0
ILSVRC2012_val_00043751_with_ILSVRC2012_val_00042094_rank204,743,743,0.65561,0
ILSVRC2012_val_00043751_with_ILSVRC2012_val_00000051_rank113,92,92,0.67129,0
ILSVRC2012_val_00043751_with_ILSVRC2012_val_00033503_rank006,82,82,0.84315,0
ILSVRC2012_val_00043751_with_ILSVRC2012_val_00007042_rank925,972,519,0.80083,709
ILSVRC2012_val_00043751_with_ILSVRC2012_val_00024844_rank084,375,375,0.94113,0
ILSVRC2012_val_00043751_with_ILSVRC2012_val_00013058_rank909,798,769,0.3677,1
ILSVRC2012_val_00043751_with_ILSVRC2012_val_00039892_rank204,743,743,0.9721,0
ILSVRC2012_val_00043751_with_ILSVRC2012_val_00010479_rank186,941,941,0.96317,0
ILSVRC2012_val_00043751_with_ILSVRC2012_val_00026278_rank112,232,232,0.69166,0
ILSVRC2012_val_00043751_with_ILSVRC2012_val_00038491_rank812,407,407,0.93991,0
ILSVRC2012_val_00043751_with_ILSVRC2012_val_00044780_rank775,827,827,0.76221,0
ILSVRC2012_val_00043751_with_ILSVRC2012_val_00012634_rank890,574,519,0.27409,450
ILSVRC2012_val_00043751_with_ILSVRC2012_val_00001089_rank570,508,618,0.06328,962
ILSVRC2012_val_00043751_with_ILSVRC2012_val_00035766_rank100,146,146,0.8842,0
ILSVRC2012_val_00043751_with_ILSVRC2012_val_00042221_rank342,944,944,0.61539,0
ILSVRC2012_val_00043751_with_ILSVRC2012_val_00044505_rank107,87,87,0.98289,0
ILSVRC2012_val_00043751_with_ILSVRC2012_val_00028351_rank483,40,40,0.36233,0
ILSVRC2012_val_00043751_with_ILSVRC2012_val_00014225_rank260,182,182,0.93117,0
ILSVRC2012_val_00043751_with_ILSVRC2012_val_00046910_rank252,594,594,0.9949,0
ILSVRC2012_val_00043751_with_ILSVRC2012_val_00044140_rank246,159,159,0.84069,0
ILSVRC2012_val_00043751_with_ILSVRC2012_val_00022073_rank644,458,458,0.79733,0
ILSVRC2012_val_00043751_with_ILSVRC2012_val_00016797_rank775,827,827,0.10433,0
ILSVRC2012_val_00043751_with_ILSVRC2012_val_00041071_rank285,600,488,0.43524,1
ILSVRC2012_val_00043751_with_ILSVRC2012_val_00020922_rank778,116,519,0.17112,804
ILSVRC2012_val_00043751_with_ILSVRC2012_val_00036211_rank391,518,518,0.32221,0
ILSVRC2012_val_00043751_with_ILSVRC2012_val_00048634_rank631,599,599,0.52372,0
ILSVRC2012_val_00043751_with_ILSVRC2012_val_00039849_rank247,496,519,0.0834,502
ILSVRC2012_val_00043751_with_ILSVRC2012_val_00029939_rank106,290,288,0.70871,1
ILSVRC2012_val_00043751_with_ILSVRC2012_val_00041910_rank634,403,403,0.65146,0
ILSVRC2012_val_00043751_with_ILSVRC2012_val_00022344_rank137,215,215,0.93888,0
ILSVRC2012_val_00043751_with_ILSVRC2012_val_00012288_rank215,218,218,0.52466,0
ILSVRC2012_val_00043751_with_ILSVRC2012_val_00045924_rank422,29,29,0.93826,0
ILSVRC2012_val_00043751_with_ILSVRC2012_val_00014782_rank435,380,377,0.54938,1
ILSVRC2012_val_00043751_with_ILSVRC2012_val_00028260_rank981,103,150,0.14226,18
ILSVRC2012_val_00043751_with_ILSVRC2012_val_00038844_rank338,840,596,0.14534,163
ILSVRC2012_val_00043751_with_ILSVRC2012_val_00030683_rank180,622,622,0.97166,0
ILSVRC2012_val_00043751_with_ILSVRC2012_val_00016021_rank656,417,417,0.78228,0
ILSVRC2012_val_00043751_with_ILSVRC2012_val_00032454_rank919,807,807,0.62587,0
ILSVRC2012_val_00043751_with_ILSVRC2012_val_00023903_rank430,502,899,0.25833,116
ILSVRC2012_val_00043751_with_ILSVRC2012_val_00010010_rank929,626,487,0.46639,8
ILSVRC2012_val_00043751_with_ILSVRC2012_val_00034291_rank930,249,249,0.91092,0
ILSVRC2012_val_00043751_with_ILSVRC2012_val_00033968_rank209,737,737,0.24391,0
ILSVRC2012_val_00043751_with_ILSVRC2012_val_00024118_rank265,364,364,0.22123,0
ILSVRC2012_val_00043751_with_ILSVRC2012_val_00040475_rank501,936,936,0.91518,0
ILSVRC2012_val_00043751_with_ILSVRC2012_val_00004445_rank497,453,519,0.15115,18
ILSVRC2012_val_00043751_with_ILSVRC2012_val_00012078_rank863,557,519,0.76843,410
ILSVRC2012_val_00043751_with_ILSVRC2012_val_00040960_rank837,861,861,0.09205,0
ILSVRC2012_val_00043751_with_ILSVRC2012_val_00039439_rank228,151,151,0.90765,0
ILSVRC2012_val_00043751_with_ILSVRC2012_val_00004111_rank475,648,648,0.71325,0
ILSVRC2012_val_00043751_with_ILSVRC2012_val_00042404_rank820,786,786,0.98336,0
ILSVRC2012_val_00043751_with_ILSVRC2012_val_00012607_rank588,930,693,0.37018,233
ILSVRC2012_val_00043751_with_ILSVRC2012_val_00007865_rank635,419,519,0.14886,152
ILSVRC2012_val_00043751_with_ILSVRC2012_val_00013278_rank362,254,254,0.95863,0
ILSVRC2012_val_00043751_with_ILSVRC2012_val_00045418_rank272,67,519,0.39205,671
ILSVRC2012_val_00043751_with_ILSVRC2012_val_00041766_rank452,315,315,0.54193,0
ILSVRC2012_val_00043751_with_ILSVRC2012_val_00043187_rank557,547,565,0.3199,3
ILSVRC2012_val_00043751_with_ILSVRC2012_val_00009435_rank572,262,262,0.79244,0
ILSVRC2012_val_00043751_with_ILSVRC2012_val_00015562_rank527,172,172,0.91284,0
ILSVRC2012_val_00043751_with_ILSVRC2012_val_00025494_rank338,840,462,0.16033,1
ILSVRC2012_val_00043751_with_ILSVRC2012_val_00035552_rank791,263,263,0.60442,0
ILSVRC2012_val_00043751_with_ILSVRC2012_val_00006352_rank265,364,519,0.12971,785
ILSVRC2012_val_00043751_with_ILSVRC2012_val_00046929_rank999,812,519,0.45999,780
ILSVRC2012_val_00043751_with_ILSVRC2012_val_00033923_rank550,734,519,0.58836,115
ILSVRC2012_val_00043751_with_ILSVRC2012_val_00028660_rank847,472,896,0.12309,793
ILSVRC2012_val_00043751_with_ILSVRC2012_val_00014132_rank216,118,519,0.19828,314
ILSVRC2012_val_00043751_with_ILSVRC2012_val_00013710_rank603,998,948,0.25366,34
ILSVRC2012_val_00043751_with_ILSVRC2012_val_00039338_rank399,440,440,0.898,0
ILSVRC2012_val_00043751_with_ILSVRC2012_val_00003734_rank112,232,232,0.59718,0
ILSVRC2012_val_00043751_with_ILSVRC2012_val_00030610_rank586,834,519,0.51218,468
ILSVRC2012_val_00043751_with_ILSVRC2012_val_00018325_rank204,743,743,0.0982,0
ILSVRC2012_val_00043751_with_ILSVRC2012_val_00035671_rank929,626,626,0.15469,0
ILSVRC2012_val_00043751_with_ILSVRC2012_val_00041216_rank032,63,63,0.98102,0
ILSVRC2012_val_00043751_with_ILSVRC2012_val_00044099_rank549,553,553,0.62772,0
ILSVRC2012_val_00043751_with_ILSVRC2012_val_00029126_rank106,290,290,0.92972,0
ILSVRC2012_val_00043751_with_ILSVRC2012_val_00030444_rank441,78,78,0.73577,0
ILSVRC2012_val_00043751_with_ILSVRC2012_val_00029660_rank189,310,519,0.52865,626
ILSVRC2012_val_00043751_with_ILSVRC2012_val_00003949_rank230,637,653,0.18133,19
ILSVRC2012_val_00043751_with_ILSVRC2012_val_00005611_rank165,669,879,0.80532,55
ILSVRC2012_val_00043751_with_ILSVRC2012_val_00008930_rank248,196,196,0.88184,0
ILSVRC2012_val_00043751_with_ILSVRC2012_val_00030228_rank705,195,195,0.75779,0
ILSVRC2012_val_00043751_with_ILSVRC2012_val_00049611_rank238,302,303,0.20887,3
ILSVRC2012_val_00043751_with_ILSVRC2012_val_00047804_rank271,277,277,0.60578,0
ILSVRC2012_val_00043751_with_ILSVRC2012_val_00011448_rank067,42,42,0.16226,0
ILSVRC2012_val_00043751_with_ILSVRC2012_val_00035023_rank263,62,519,0.13452,805
ILSVRC2012_val_00043751_with_ILSVRC2012_val_00018056_rank902,577,519,0.07703,895
ILSVRC2012_val_00043751_with_ILSVRC2012_val_00004952_rank735,698,663,0.27799,2
ILSVRC2012_val_00043751_with_ILSVRC2012_val_00044517_rank837,861,861,0.94031,0
ILSVRC2012_val_00043751_with_ILSVRC2012_val_00001903_rank851,754,519,0.43918,84
ILSVRC2012_val_00043751_with_ILSVRC2012_val_00031558_rank938,511,511,0.76591,0
ILSVRC2012_val_00043751_with_ILSVRC2012_val_00026125_rank334,150,17,0.13078,298
ILSVRC2012_val_00043751_with_ILSVRC2012_val_00047146_rank572,262,262,0.97141,0
ILSVRC2012_val_00043751_with_ILSVRC2012_val_00040883_rank506,713,713,0.75725,0
ILSVRC2012_val_00043751_with_ILSVRC2012_val_00033554_rank655,322,8,0.17685,272
ILSVRC2012_val_00043751_with_ILSVRC2012_val_00035146_rank864,664,664,0.23999,0
ILSVRC2012_val_00043751_with_ILSVRC2012_val_00013365_rank332,805,805,0.96791,0
ILSVRC2012_val_00043751_with_ILSVRC2012_val_00015243_rank813,973,519,0.6754,499
ILSVRC2012_val_00043751_with_ILSVRC2012_val_00024819_rank777,746,746,0.92033,0
ILSVRC2012_val_00043751_with_ILSVRC2012_val_00000748_rank174,202,202,0.83343,0
ILSVRC2012_val_00043751_with_ILSVRC2012_val_00014708_rank086,332,8,0.44121,29
ILSVRC2012_val_00043751_with_ILSVRC2012_val_00004537_rank577,617,617,0.90281,0
ILSVRC2012_val_00043751_with_ILSVRC2012_val_00027129_rank987,680,519,0.52274,841
ILSVRC2012_val_00043751_with_ILSVRC2012_val_00000031_rank176,324,324,0.40459,0
ILSVRC2012_val_00043751_with_ILSVRC2012_val_00014226_rank865,988,988,0.94724,0
ILSVRC2012_val_00043751_with_ILSVRC2012_val_00019375_rank404,558,519,0.61915,818
ILSVRC2012_val_00043751_with_ILSVRC2012_val_00049908_rank250,268,268,0.91959,0
ILSVRC2012_val_00043751_with_ILSVRC2012_val_00048957_rank168,55,55,0.93318,0
ILSVRC2012_val_00043751_with_ILSVRC2012_val_00005822_rank999,812,740,0.3748,922
ILSVRC2012_val_00043751_with_ILSVRC2012_val_00043474_rank154,193,201,0.25555,1
ILSVRC2012_val_00043751_with_ILSVRC2012_val_00025890_rank312,491,491,0.89374,0
ILSVRC2012_val_00043751_with_ILSVRC2012_val_00032476_rank929,626,626,0.70761,0
ILSVRC2012_val_00043751_with_ILSVRC2012_val_00033841_rank039,365,365,0.94763,0
ILSVRC2012_val_00043751_with_ILSVRC2012_val_00000669_rank985,126,126,0.2523,0
ILSVRC2012_val_00043751_with_ILSVRC2012_val_00005516_rank929,626,696,0.23896,71
ILSVRC2012_val_00043751_with_ILSVRC2012_val_00000871_rank612,294,294,0.94762,0
ILSVRC2012_val_00043751_with_ILSVRC2012_val_00000411_rank110,199,199,0.29612,0
ILSVRC2012_val_00043751_with_ILSVRC2012_val_00033255_rank296,825,519,0.41144,314
ILSVRC2012_val_00043751_with_ILSVRC2012_val_00006128_rank878,494,448,0.32834,4
ILSVRC2012_val_00043751_with_ILSVRC2012_val_00041144_rank325,243,243,0.88006,0
ILSVRC2012_val_00043751_with_ILSVRC2012_val_00026032_rank656,417,417,0.17904,0
ILSVRC2012_val_00043751_with_ILSVRC2012_val_00023672_rank497,453,519,0.71874,18
ILSVRC2012_val_00043751_with_ILSVRC2012_val_00047975_rank169,929,929,0.42738,0
ILSVRC2012_val_00043751_with_ILSVRC2012_val_00020805_rank346,185,185,0.8928,0
ILSVRC2012_val_00043751_with_ILSVRC2012_val_00025800_rank414,390,390,0.93222,0
ILSVRC2012_val_00043751_with_ILSVRC2012_val_00037437_rank224,265,265,0.70756,0
ILSVRC2012_val_00043751_with_ILSVRC2012_val_00005879_rank467,917,519,0.43001,226
ILSVRC2012_val_00043751_with_ILSVRC2012_val_00033634_rank351,246,251,0.94281,4
ILSVRC2012_val_00043751_with_ILSVRC2012_val_00040892_rank214,889,889,0.54508,0
ILSVRC2012_val_00043751_with_ILSVRC2012_val_00036373_rank993,592,519,0.15393,262
ILSVRC2012_val_00043751_with_ILSVRC2012_val_00008217_rank212,228,228,0.97203,0
ILSVRC2012_val_00043751_with_ILSVRC2012_val_00000493_rank643,529,728,0.18659,35
ILSVRC2012_val_00043751_with_ILSVRC2012_val_00015104_rank708,996,996,0.86234,0
ILSVRC2012_val_00043751_with_ILSVRC2012_val_00029779_rank709,885,501,0.27451,3
ILSVRC2012_val_00043751_with_ILSVRC2012_val_00003018_rank205,961,684,0.31542,833
ILSVRC2012_val_00043751_with_ILSVRC2012_val_00043808_rank004,84,84,0.98478,0
ILSVRC2012_val_00043751_with_ILSVRC2012_val_00012282_rank492,497,538,0.15845,3
ILSVRC2012_val_00043751_with_ILSVRC2012_val_00048249_rank284,429,981,0.59743,1
ILSVRC2012_val_00043751_with_ILSVRC2012_val_00015795_rank463,74,519,0.55213,883
ILSVRC2012_val_00043751_with_ILSVRC2012_val_00018289_rank597,923,923,0.48359,0
ILSVRC2012_val_00043751_with_ILSVRC2012_val_00025857_rank840,939,939,0.92321,0
ILSVRC2012_val_00043751_with_ILSVRC2012_val_00042887_rank369,260,260,0.96336,0
ILSVRC2012_val_00043751_with_ILSVRC2012_val_00047331_rank346,185,202,0.60879,12
ILSVRC2012_val_00043751_with_ILSVRC2012_val_00003664_rank043,955,519,0.24585,278
ILSVRC2012_val_00043751_with_ILSVRC2012_val_00036978_rank960,811,811,0.39477,0
ILSVRC2012_val_00043751_with_ILSVRC2012_val_00003439_rank698,503,513,0.10235,37
ILSVRC2012_val_00043751_with_ILSVRC2012_val_00005604_rank109,340,340,0.83369,0
ILSVRC2012_val_00043751_with_ILSVRC2012_val_00043693_rank687,856,856,0.37334,0
ILSVRC2012_val_00043751_with_ILSVRC2012_val_00014937_rank909,798,798,0.79486,0
ILSVRC2012_val_00043751_with_ILSVRC2012_val_00027805_rank260,182,176,0.29425,94
ILSVRC2012_val_00043751_with_ILSVRC2012_val_00015427_rank128,198,198,0.50755,0
ILSVRC2012_val_00043751_with_ILSVRC2012_val_00020112_rank567,779,779,0.95915,0
ILSVRC2012_val_00043751_with_ILSVRC2012_val_00025287_rank157,79,79,0.73976,0
ILSVRC2012_val_00043751_with_ILSVRC2012_val_00000105_rank073,201,519,0.58297,934
ILSVRC2012_val_00043751_with_ILSVRC2012_val_00030831_rank172,203,229,0.90374,7
ILSVRC2012_val_00043751_with_ILSVRC2012_val_00002914_rank827,559,559,0.89258,0
ILSVRC2012_val_00043751_with_ILSVRC2012_val_00031977_rank317,71,71,0.11772,0
ILSVRC2012_val_00043751_with_ILSVRC2012_val_00013623_rank124,1,519,0.13719,897
ILSVRC2012_val_00043751_with_ILSVRC2012_val_00034571_rank253,161,161,0.52846,0
ILSVRC2012_val_00043751_with_ILSVRC2012_val_00011746_rank745,222,222,0.57852,0
ILSVRC2012_val_00043751_with_ILSVRC2012_val_00025701_rank949,69,69,0.92302,0
ILSVRC2012_val_00043751_with_ILSVRC2012_val_00039371_rank520,935,935,0.89855,0
ILSVRC2012_val_00043751_with_ILSVRC2012_val_00037056_rank121,321,321,0.98813,0
ILSVRC2012_val_00043751_with_ILSVRC2012_val_00041997_rank544,672,672,0.7461,0
ILSVRC2012_val_00043751_with_ILSVRC2012_val_00015548_rank976,968,504,0.29729,1
ILSVRC2012_val_00043751_with_ILSVRC2012_val_00025640_rank704,3,2,0.31591,1
ILSVRC2012_val_00043751_with_ILSVRC2012_val_00023694_rank596,611,519,0.13572,262
ILSVRC2012_val_00043751_with_ILSVRC2012_val_00020994_rank521,33,719,0.06291,258
ILSVRC2012_val_00043751_with_ILSVRC2012_val_00003849_rank754,872,872,0.82722,0
ILSVRC2012_val_00043751_with_ILSVRC2012_val_00010886_rank285,600,519,0.08087,437
ILSVRC2012_val_00043751_with_ILSVRC2012_val_00032489_rank755,892,409,0.66083,1
ILSVRC2012_val_00043751_with_ILSVRC2012_val_00014188_rank476,962,923,0.23656,3
ILSVRC2012_val_00043751_with_ILSVRC2012_val_00032208_rank053,350,350,0.94618,0
ILSVRC2012_val_00043751_with_ILSVRC2012_val_00008767_rank893,555,555,0.96828,0
ILSVRC2012_val_00043751_with_ILSVRC2012_val_00027993_rank288,411,411,0.68668,0
ILSVRC2012_val_00043751_with_ILSVRC2012_val_00034874_rank080,428,428,0.96467,0
ILSVRC2012_val_00043751_with_ILSVRC2012_val_00032715_rank683,705,519,0.37123,910
ILSVRC2012_val_00043751_with_ILSVRC2012_val_00036508_rank321,561,561,0.97849,0
ILSVRC2012_val_00043751_with_ILSVRC2012_val_00039525_rank592,6,5,0.49222,1
ILSVRC2012_val_00043751_with_ILSVRC2012_val_00001999_rank867,893,637,0.09345,92
ILSVRC2012_val_00043751_with_ILSVRC2012_val_00024318_rank609,436,436,0.58043,0
ILSVRC2012_val_00043751_with_ILSVRC2012_val_00026215_rank076,361,361,0.86478,0
ILSVRC2012_val_00043751_with_ILSVRC2012_val_00036685_rank590,854,519,0.67004,182
ILSVRC2012_val_00043751_with_ILSVRC2012_val_00002292_rank869,662,681,0.38643,5
ILSVRC2012_val_00043751_with_ILSVRC2012_val_00027450_rank239,866,866,0.93509,0
ILSVRC2012_val_00043751_with_ILSVRC2012_val_00020103_rank395,674,674,0.48561,0
ILSVRC2012_val_00043751_with_ILSVRC2012_val_00015047_rank830,852,852,0.97083,0
ILSVRC2012_val_00043751_with_ILSVRC2012_val_00020445_rank942,683,683,0.52439,0
ILSVRC2012_val_00043751_with_ILSVRC2012_val_00032587_rank383,50,49,0.89273,1
ILSVRC2012_val_00043751_with_ILSVRC2012_val_00025551_rank275,216,216,0.96311,0
ILSVRC2012_val_00043751_with_ILSVRC2012_val_00026050_rank016,22,22,0.91351,0
ILSVRC2012_val_00043751_with_ILSVRC2012_val_00019017_rank635,419,519,0.1204,152
ILSVRC2012_val_00043751_with_ILSVRC2012_val_00008184_rank388,397,397,0.97441,0
ILSVRC2012_val_00043751_with_ILSVRC2012_val_00021060_rank909,798,798,0.89643,0
ILSVRC2012_val_00043751_with_ILSVRC2012_val_00049897_rank279,331,331,0.95762,0
ILSVRC2012_val_00043751_with_ILSVRC2012_val_00025546_rank337,374,374,0.97047,0
ILSVRC2012_val_00043751_with_ILSVRC2012_val_00001753_rank315,654,656,0.62909,1
ILSVRC2012_val_00043751_with_ILSVRC2012_val_00018893_rank870,814,814,0.91839,0
ILSVRC2012_val_00043751_with_ILSVRC2012_val_00032067_rank082,373,373,0.91295,0
ILSVRC2012_val_00043751_with_ILSVRC2012_val_00018957_rank812,407,407,0.97446,0
ILSVRC2012_val_00043751_with_ILSVRC2012_val_00003372_rank563,475,475,0.95985,0
ILSVRC2012_val_00043751_with_ILSVRC2012_val_00043105_rank315,654,656,0.42658,1
ILSVRC2012_val_00043751_with_ILSVRC2012_val_00038932_rank635,419,519,0.60371,152
ILSVRC2012_val_00043751_with_ILSVRC2012_val_00034756_rank227,56,56,0.70087,0
ILSVRC2012_val_00043751_with_ILSVRC2012_val_00041412_rank436,533,533,0.41074,0
ILSVRC2012_val_00043751_with_ILSVRC2012_val_00018723_rank902,577,577,0.6984,0
ILSVRC2012_val_00043751_with_ILSVRC2012_val_00013256_rank044,129,129,0.98059,0
ILSVRC2012_val_00043751_with_ILSVRC2012_val_00028674_rank112,232,232,0.66813,0
ILSVRC2012_val_00043751_with_ILSVRC2012_val_00018649_rank453,167,167,0.67936,0
ILSVRC2012_val_00043751_with_ILSVRC2012_val_00041396_rank966,818,844,0.1589,11
ILSVRC2012_val_00043751_with_ILSVRC2012_val_00014549_rank719,625,625,0.9797,0
ILSVRC2012_val_00043751_with_ILSVRC2012_val_00022693_rank105,104,104,0.93575,0
ILSVRC2012_val_00043751_with_ILSVRC2012_val_00039290_rank926,584,519,0.52756,998
ILSVRC2012_val_00043751_with_ILSVRC2012_val_00027650_rank888,615,519,0.81648,434
ILSVRC2012_val_00043751_with_ILSVRC2012_val_00043492_rank870,814,519,0.08799,468
ILSVRC2012_val_00043751_with_ILSVRC2012_val_00022410_rank799,714,402,0.25709,1
ILSVRC2012_val_00043751_with_ILSVRC2012_val_00031785_rank293,212,212,0.95064,0
ILSVRC2012_val_00043751_with_ILSVRC2012_val_00045879_rank151,381,519,0.46139,609
ILSVRC2012_val_00043751_with_ILSVRC2012_val_00028560_rank533,909,567,0.47903,1
ILSVRC2012_val_00043751_with_ILSVRC2012_val_00012238_rank913,392,392,0.98588,0
ILSVRC2012_val_00043751_with_ILSVRC2012_val_00004680_rank953,824,843,0.11141,383
ILSVRC2012_val_00043751_with_ILSVRC2012_val_00017009_rank472,756,756,0.69187,0
ILSVRC2012_val_00043751_with_ILSVRC2012_val_00016195_rank179,99,131,0.74019,38
ILSVRC2012_val_00043751_with_ILSVRC2012_val_00005242_rank188,236,236,0.9051,0
ILSVRC2012_val_00043751_with_ILSVRC2012_val_00003746_rank521,33,728,0.43655,312
ILSVRC2012_val_00043751_with_ILSVRC2012_val_00027712_rank611,702,519,0.11208,939
ILSVRC2012_val_00043751_with_ILSVRC2012_val_00001739_rank947,31,31,0.94742,0
ILSVRC2012_val_00043751_with_ILSVRC2012_val_00012423_rank294,291,291,0.98163,0
ILSVRC2012_val_00043751_with_ILSVRC2012_val_00048055_rank759,641,519,0.36492,658
ILSVRC2012_val_00043751_with_ILSVRC2012_val_00040049_rank166,336,336,0.89636,0
ILSVRC2012_val_00043751_with_ILSVRC2012_val_00049194_rank193,376,376,0.98055,0
ILSVRC2012_val_00043751_with_ILSVRC2012_val_00024170_rank715,656,656,0.62525,0
ILSVRC2012_val_00043751_with_ILSVRC2012_val_00000044_rank128,198,198,0.71206,0
ILSVRC2012_val_00043751_with_ILSVRC2012_val_00031376_rank871,605,605,0.96385,0
ILSVRC2012_val_00043751_with_ILSVRC2012_val_00027850_rank575,613,849,0.09806,101
ILSVRC2012_val_00043751_with_ILSVRC2012_val_00032242_rank323,774,770,0.1997,1
ILSVRC2012_val_00043751_with_ILSVRC2012_val_00047780_rank944,691,691,0.48569,0
ILSVRC2012_val_00043751_with_ILSVRC2012_val_00019937_rank845,279,279,0.83755,0
ILSVRC2012_val_00043751_with_ILSVRC2012_val_00027135_rank470,568,39,0.12712,954
ILSVRC2012_val_00043751_with_ILSVRC2012_val_00020625_rank509,565,519,0.2197,25
ILSVRC2012_val_00043751_with_ILSVRC2012_val_00023862_rank755,892,409,0.16518,1
ILSVRC2012_val_00043751_with_ILSVRC2012_val_00032137_rank899,521,521,0.81311,0
ILSVRC2012_val_00043751_with_ILSVRC2012_val_00048088_rank166,336,336,0.95435,0
ILSVRC2012_val_00043751_with_ILSVRC2012_val_00037180_rank605,661,661,0.98192,0
ILSVRC2012_val_00043751_with_ILSVRC2012_val_00037330_rank477,223,223,0.8144,0
ILSVRC2012_val_00043751_with_ILSVRC2012_val_00012171_rank424,253,253,0.62245,0
ILSVRC2012_val_00043751_with_ILSVRC2012_val_00033252_rank096,353,353,0.25037,0
ILSVRC2012_val_00043751_with_ILSVRC2012_val_00004175_rank610,107,519,0.08494,940
ILSVRC2012_val_00043751_with_ILSVRC2012_val_00000353_rank419,481,844,0.36165,12
ILSVRC2012_val_00043751_with_ILSVRC2012_val_00047484_rank311,360,150,0.90263,3
ILSVRC2012_val_00043751_with_ILSVRC2012_val_00046508_rank008,93,93,0.97704,0
ILSVRC2012_val_00043751_with_ILSVRC2012_val_00004669_rank991,149,149,0.39336,0
ILSVRC2012_val_00043751_with_ILSVRC2012_val_00036187_rank890,574,574,0.94319,0
ILSVRC2012_val_00043751_with_ILSVRC2012_val_00047692_rank595,560,519,0.11263,899
ILSVRC2012_val_00043751_with_ILSVRC2012_val_00013895_rank034,345,519,0.29077,340
ILSVRC2012_val_00043751_with_ILSVRC2012_val_00034839_rank538,316,316,0.9732,0
ILSVRC2012_val_00043751_with_ILSVRC2012_val_00010243_rank615,618,519,0.50713,783
ILSVRC2012_val_00043751_with_ILSVRC2012_val_00006868_rank528,657,749,0.06173,229
ILSVRC2012_val_00043751_with_ILSVRC2012_val_00000045_rank619,256,256,0.92969,0
ILSVRC2012_val_00043751_with_ILSVRC2012_val_00019465_rank860,707,707,0.57875,0
ILSVRC2012_val_00043751_with_ILSVRC2012_val_00001653_rank411,963,963,0.91298,0
ILSVRC2012_val_00043751_with_ILSVRC2012_val_00007790_rank660,878,878,0.30607,0
ILSVRC2012_val_00043751_with_ILSVRC2012_val_00023222_rank425,695,695,0.44093,0
ILSVRC2012_val_00043751_with_ILSVRC2012_val_00023385_rank795,72,72,0.64181,0
ILSVRC2012_val_00043751_with_ILSVRC2012_val_00038335_rank841,158,158,0.45653,0
ILSVRC2012_val_00043751_with_ILSVRC2012_val_00003934_rank568,457,849,0.11594,94
ILSVRC2012_val_00043751_with_ILSVRC2012_val_00042329_rank789,729,519,0.10759,49
ILSVRC2012_val_00043751_with_ILSVRC2012_val_00020627_rank778,116,116,0.9789,0
ILSVRC2012_val_00043751_with_ILSVRC2012_val_00008884_rank978,461,461,0.53237,0
ILSVRC2012_val_00043751_with_ILSVRC2012_val_00030207_rank288,411,411,0.68472,0
ILSVRC2012_val_00043751_with_ILSVRC2012_val_00023215_rank890,574,574,0.96212,0
ILSVRC2012_val_00043751_with_ILSVRC2012_val_00035385_rank907,781,781,0.8742,0
ILSVRC2012_val_00043751_with_ILSVRC2012_val_00018836_rank405,391,372,0.04094,391
ILSVRC2012_val_00043751_with_ILSVRC2012_val_00013630_rank681,570,570,0.90978,0
ILSVRC2012_val_00043751_with_ILSVRC2012_val_00019051_rank239,866,866,0.90496,0
ILSVRC2012_val_00043751_with_ILSVRC2012_val_00005158_rank449,319,519,0.04937,597
ILSVRC2012_val_00043751_with_ILSVRC2012_val_00008288_rank703,726,726,0.9637,0
ILSVRC2012_val_00043751_with_ILSVRC2012_val_00014360_rank382,235,235,0.96395,0
ILSVRC2012_val_00043751_with_ILSVRC2012_val_00005014_rank251,843,519,0.3299,828
ILSVRC2012_val_00043751_with_ILSVRC2012_val_00037253_rank920,296,296,0.95976,0
ILSVRC2012_val_00043751_with_ILSVRC2012_val_00009500_rank080,428,428,0.17668,0
ILSVRC2012_val_00043751_with_ILSVRC2012_val_00001121_rank114,141,141,0.98521,0
ILSVRC2012_val_00043751_with_ILSVRC2012_val_00001604_rank282,423,423,0.87958,0
ILSVRC2012_val_00043751_with_ILSVRC2012_val_00041716_rank220,987,998,0.41848,1
ILSVRC2012_val_00043751_with_ILSVRC2012_val_00015189_rank242,205,208,0.62667,5
ILSVRC2012_val_00043751_with_ILSVRC2012_val_00018280_rank229,19,19,0.97598,0
ILSVRC2012_val_00043751_with_ILSVRC2012_val_00019467_rank074,305,307,0.75869,5
ILSVRC2012_val_00043751_with_ILSVRC2012_val_00001009_rank362,254,254,0.88806,0
ILSVRC2012_val_00043751_with_ILSVRC2012_val_00028806_rank328,928,961,0.10898,6
ILSVRC2012_val_00043751_with_ILSVRC2012_val_00046499_rank770,0,519,0.84346,734
ILSVRC2012_val_00043751_with_ILSVRC2012_val_00030388_rank217,640,640,0.80064,0
ILSVRC2012_val_00043751_with_ILSVRC2012_val_00019344_rank434,349,349,0.48207,0
ILSVRC2012_val_00043751_with_ILSVRC2012_val_00038160_rank037,12,12,0.96056,0
ILSVRC2012_val_00043751_with_ILSVRC2012_val_00029422_rank993,592,592,0.96298,0
ILSVRC2012_val_00043751_with_ILSVRC2012_val_00044685_rank755,892,892,0.71339,0
ILSVRC2012_val_00043751_with_ILSVRC2012_val_00047355_rank595,560,519,0.29322,899
ILSVRC2012_val_00043751_with_ILSVRC2012_val_00021334_rank261,119,616,0.65012,131
ILSVRC2012_val_00043751_with_ILSVRC2012_val_00016595_rank389,642,642,0.86918,0
ILSVRC2012_val_00043751_with_ILSVRC2012_val_00017238_rank596,611,519,0.51996,262
ILSVRC2012_val_00043751_with_ILSVRC2012_val_00044577_rank718,64,64,0.92026,0
ILSVRC2012_val_00043751_with_ILSVRC2012_val_00002585_rank925,972,519,0.67614,709
ILSVRC2012_val_00043751_with_ILSVRC2012_val_00029251_rank355,629,629,0.94326,0
ILSVRC2012_val_00043751_with_ILSVRC2012_val_00045668_rank294,291,291,0.94736,0
ILSVRC2012_val_00043751_with_ILSVRC2012_val_00023778_rank010,9,138,0.89211,1
ILSVRC2012_val_00043751_with_ILSVRC2012_val_00039219_rank021,18,18,0.9845,0
ILSVRC2012_val_00043751_with_ILSVRC2012_val_00043384_rank756,682,519,0.2789,284
ILSVRC2012_val_00043751_with_ILSVRC2012_val_00018910_rank607,763,763,0.82174,0
ILSVRC2012_val_00043751_with_ILSVRC2012_val_00009987_rank282,423,423,0.74758,0
ILSVRC2012_val_00043751_with_ILSVRC2012_val_00031982_rank365,545,545,0.9089,0
ILSVRC2012_val_00043751_with_ILSVRC2012_val_00009249_rank977,659,659,0.59521,0
ILSVRC2012_val_00043751_with_ILSVRC2012_val_00014048_rank259,791,519,0.45227,44
ILSVRC2012_val_00043751_with_ILSVRC2012_val_00023290_rank497,453,453,0.20522,0
ILSVRC2012_val_00043751_with_ILSVRC2012_val_00005359_rank594,796,796,0.96021,0
ILSVRC2012_val_00043751_with_ILSVRC2012_val_00010876_rank266,399,399,0.92958,0
ILSVRC2012_val_00043751_with_ILSVRC2012_val_00034970_rank273,60,616,0.12954,60
ILSVRC2012_val_00043751_with_ILSVRC2012_val_00030466_rank156,314,314,0.96578,0
ILSVRC2012_val_00043751_with_ILSVRC2012_val_00017490_rank041,39,47,0.39684,5
ILSVRC2012_val_00043751_with_ILSVRC2012_val_00000576_rank003,86,86,0.50542,0
ILSVRC2012_val_00043751_with_ILSVRC2012_val_00048135_rank563,475,475,0.54473,0
ILSVRC2012_val_00043751_with_ILSVRC2012_val_00030332_rank840,939,938,0.27977,9
ILSVRC2012_val_00043751_with_ILSVRC2012_val_00016152_rank091,135,135,0.95526,0
ILSVRC2012_val_00043751_with_ILSVRC2012_val_00013654_rank787,194,203,0.37573,17
ILSVRC2012_val_00043751_with_ILSVRC2012_val_00023615_rank887,250,250,0.51995,0
ILSVRC2012_val_00043751_with_ILSVRC2012_val_00011619_rank099,949,809,0.75199,99
ILSVRC2012_val_00043751_with_ILSVRC2012_val_00035025_rank746,528,528,0.9845,0
ILSVRC2012_val_00043751_with_ILSVRC2012_val_00046096_rank114,141,141,0.97538,0
ILSVRC2012_val_00043751_with_ILSVRC2012_val_00034599_rank357,499,519,0.21294,273
ILSVRC2012_val_00043751_with_ILSVRC2012_val_00033003_rank253,161,161,0.42588,0
ILSVRC2012_val_00043751_with_ILSVRC2012_val_00036736_rank055,425,425,0.48804,0
ILSVRC2012_val_00043751_with_ILSVRC2012_val_00048674_rank925,972,970,0.26475,5
ILSVRC2012_val_00043751_with_ILSVRC2012_val_00018176_rank660,878,878,0.53283,0
ILSVRC2012_val_00043751_with_ILSVRC2012_val_00003812_rank302,378,378,0.93595,0
ILSVRC2012_val_00043751_with_ILSVRC2012_val_00013742_rank772,764,764,0.21424,0
ILSVRC2012_val_00043751_with_ILSVRC2012_val_00013778_rank208,427,427,0.93712,0
ILSVRC2012_val_00043751_with_ILSVRC2012_val_00030590_rank291,142,272,0.13573,46
ILSVRC2012_val_00043751_with_ILSVRC2012_val_00010755_rank223,667,499,0.5926,79
ILSVRC2012_val_00043751_with_ILSVRC2012_val_00043775_rank484,759,759,0.71884,0
ILSVRC2012_val_00043751_with_ILSVRC2012_val_00001977_rank885,623,792,0.1089,115
ILSVRC2012_val_00043751_with_ILSVRC2012_val_00004138_rank978,461,461,0.22052,0
ILSVRC2012_val_00043751_with_ILSVRC2012_val_00022317_rank577,617,617,0.61377,0
ILSVRC2012_val_00043751_with_ILSVRC2012_val_00037699_rank204,743,519,0.86048,37
ILSVRC2012_val_00043751_with_ILSVRC2012_val_00027579_rank160,230,230,0.43435,0
ILSVRC2012_val_00043751_with_ILSVRC2012_val_00041138_rank707,437,437,0.39384,0
ILSVRC2012_val_00043751_with_ILSVRC2012_val_00044407_rank538,316,316,0.97063,0
ILSVRC2012_val_00043751_with_ILSVRC2012_val_00009017_rank754,872,872,0.95973,0
ILSVRC2012_val_00043751_with_ILSVRC2012_val_00008260_rank660,878,878,0.51901,0
ILSVRC2012_val_00043751_with_ILSVRC2012_val_00002336_rank589,956,956,0.74816,0
ILSVRC2012_val_00043751_with_ILSVRC2012_val_00003380_rank787,194,194,0.97853,0
ILSVRC2012_val_00043751_with_ILSVRC2012_val_00002269_rank559,652,413,0.42618,7
ILSVRC2012_val_00043751_with_ILSVRC2012_val_00016421_rank017,85,85,0.92335,0
ILSVRC2012_val_00043751_with_ILSVRC2012_val_00008328_rank748,593,519,0.58594,170
ILSVRC2012_val_00043751_with_ILSVRC2012_val_00015271_rank686,318,318,0.98137,0
ILSVRC2012_val_00043751_with_ILSVRC2012_val_00013191_rank847,472,519,0.34589,182
ILSVRC2012_val_00043751_with_ILSVRC2012_val_00030519_rank228,151,151,0.88942,0
ILSVRC2012_val_00043751_with_ILSVRC2012_val_00043018_rank486,106,106,0.1016,0
ILSVRC2012_val_00043751_with_ILSVRC2012_val_00003343_rank665,937,87,0.05727,91
ILSVRC2012_val_00043751_with_ILSVRC2012_val_00046511_rank634,403,403,0.7307,0
ILSVRC2012_val_00043751_with_ILSVRC2012_val_00046153_rank337,374,374,0.23516,0
ILSVRC2012_val_00043751_with_ILSVRC2012_val_00000155_rank665,937,937,0.91473,0
ILSVRC2012_val_00043751_with_ILSVRC2012_val_00030008_rank814,910,519,0.6977,226
ILSVRC2012_val_00043751_with_ILSVRC2012_val_00040396_rank125,160,519,0.40661,499
ILSVRC2012_val_00043751_with_ILSVRC2012_val_00020059_rank934,32,32,0.25568,0
ILSVRC2012_val_00043751_with_ILSVRC2012_val_00022695_rank912,356,360,0.95093,4
ILSVRC2012_val_00043751_with_ILSVRC2012_val_00007990_rank772,764,652,0.70839,5
ILSVRC2012_val_00043751_with_ILSVRC2012_val_00000880_rank081,17,17,0.98559,0
ILSVRC2012_val_00043751_with_ILSVRC2012_val_00016945_rank852,627,627,0.99024,0
ILSVRC2012_val_00043751_with_ILSVRC2012_val_00040392_rank475,648,648,0.63551,0
ILSVRC2012_val_00043751_with_ILSVRC2012_val_00019444_rank797,803,803,0.9638,0
ILSVRC2012_val_00043751_with_ILSVRC2012_val_00028068_rank671,311,519,0.18973,996
ILSVRC2012_val_00043751_with_ILSVRC2012_val_00019838_rank074,305,519,0.61154,951
ILSVRC2012_val_00043751_with_ILSVRC2012_val_00009328_rank899,521,521,0.2767,0
ILSVRC2012_val_00043751_with_ILSVRC2012_val_00001485_rank645,178,178,0.96048,0
ILSVRC2012_val_00043751_with_ILSVRC2012_val_00047941_rank625,36,37,0.8288,2
ILSVRC2012_val_00043751_with_ILSVRC2012_val_00041724_rank379,430,430,0.91935,0
ILSVRC2012_val_00043751_with_ILSVRC2012_val_00010972_rank777,746,746,0.18013,0
ILSVRC2012_val_00043751_with_ILSVRC2012_val_00006135_rank800,633,519,0.11108,975
ILSVRC2012_val_00043751_with_ILSVRC2012_val_00048347_rank048,94,94,0.988,0
ILSVRC2012_val_00043751_with_ILSVRC2012_val_00048761_rank215,218,212,0.31306,10
ILSVRC2012_val_00043751_with_ILSVRC2012_val_00028558_rank198,790,790,0.94079,0
ILSVRC2012_val_00043751_with_ILSVRC2012_val_00023921_rank761,722,519,0.43392,197
ILSVRC2012_val_00043751_with_ILSVRC2012_val_00041969_rank733,901,901,0.96388,0
ILSVRC2012_val_00043751_with_ILSVRC2012_val_00008283_rank485,650,18,0.56435,374
ILSVRC2012_val_00043751_with_ILSVRC2012_val_00013055_rank772,764,519,0.37316,281
ILSVRC2012_val_00043751_with_ILSVRC2012_val_00007423_rank022,100,100,0.98379,0
ILSVRC2012_val_00043751_with_ILSVRC2012_val_00006314_rank705,195,195,0.90206,0
ILSVRC2012_val_00043751_with_ILSVRC2012_val_00046682_rank372,517,519,0.26219,109
ILSVRC2012_val_00043751_with_ILSVRC2012_val_00021362_rank073,201,201,0.82744,0
ILSVRC2012_val_00043751_with_ILSVRC2012_val_00046247_rank394,239,239,0.94586,0
ILSVRC2012_val_00043751_with_ILSVRC2012_val_00048415_rank355,629,629,0.8972,0
ILSVRC2012_val_00043751_with_ILSVRC2012_val_00029947_rank062,43,48,0.59626,6
ILSVRC2012_val_00043751_with_ILSVRC2012_val_00003875_rank730,110,519,0.14812,840
ILSVRC2012_val_00043751_with_ILSVRC2012_val_00013022_rank504,401,519,0.05961,131
ILSVRC2012_val_00043751_with_ILSVRC2012_val_00009770_rank165,669,669,0.85297,0
ILSVRC2012_val_00043751_with_ILSVRC2012_val_00024684_rank653,41,519,0.21736,639
ILSVRC2012_val_00043751_with_ILSVRC2012_val_00011296_rank369,260,260,0.92595,0
ILSVRC2012_val_00043751_with_ILSVRC2012_val_00004619_rank438,670,670,0.50694,0
ILSVRC2012_val_00043751_with_ILSVRC2012_val_00021809_rank495,851,782,0.25145,1
ILSVRC2012_val_00043751_with_ILSVRC2012_val_00005346_rank071,515,515,0.77958,0
ILSVRC2012_val_00043751_with_ILSVRC2012_val_00015772_rank822,597,514,0.11646,10
ILSVRC2012_val_00043751_with_ILSVRC2012_val_00001618_rank795,72,72,0.44755,0
ILSVRC2012_val_00043751_with_ILSVRC2012_val_00027056_rank088,341,341,0.71538,0
ILSVRC2012_val_00043751_with_ILSVRC2012_val_00014846_rank462,897,844,0.33269,68
ILSVRC2012_val_00043751_with_ILSVRC2012_val_00003765_rank526,272,280,0.55206,3
ILSVRC2012_val_00043751_with_ILSVRC2012_val_00019332_rank839,583,583,0.94625,0
ILSVRC2012_val_00043751_with_ILSVRC2012_val_00019234_rank451,829,829,0.91785,0
ILSVRC2012_val_00043751_with_ILSVRC2012_val_00026143_rank423,912,519,0.69025,33
ILSVRC2012_val_00043751_with_ILSVRC2012_val_00020092_rank644,458,458,0.81686,0
ILSVRC2012_val_00043751_with_ILSVRC2012_val_00030514_rank163,870,870,0.27309,0
ILSVRC2012_val_00043751_with_ILSVRC2012_val_00031371_rank277,752,618,0.41724,120
ILSVRC2012_val_00043751_with_ILSVRC2012_val_00047881_rank605,661,661,0.98358,0
ILSVRC2012_val_00043751_with_ILSVRC2012_val_00030623_rank872,68,66,0.48335,1
ILSVRC2012_val_00043751_with_ILSVRC2012_val_00021229_rank428,180,180,0.67247,0
ILSVRC2012_val_00043751_with_ILSVRC2012_val_00004316_rank081,17,17,0.98685,0
ILSVRC2012_val_00043751_with_ILSVRC2012_val_00015413_rank239,866,866,0.64359,0
ILSVRC2012_val_00043751_with_ILSVRC2012_val_00032838_rank122,993,993,0.90119,0
ILSVRC2012_val_00043751_with_ILSVRC2012_val_00010320_rank629,614,614,0.96907,0
ILSVRC2012_val_00043751_with_ILSVRC2012_val_00032834_rank564,114,114,0.90016,0
ILSVRC2012_val_00043751_with_ILSVRC2012_val_00045499_rank693,441,441,0.69782,0
ILSVRC2012_val_00043751_with_ILSVRC2012_val_00021263_rank980,473,473,0.83463,0
ILSVRC2012_val_00043751_with_ILSVRC2012_val_00030326_rank445,165,165,0.90583,0
ILSVRC2012_val_00043751_with_ILSVRC2012_val_00044866_rank301,628,628,0.93405,0
ILSVRC2012_val_00043751_with_ILSVRC2012_val_00020730_rank371,20,20,0.93235,0
ILSVRC2012_val_00043751_with_ILSVRC2012_val_00041305_rank159,156,156,0.8507,0
ILSVRC2012_val_00043751_with_ILSVRC2012_val_00022931_rank090,137,137,0.96873,0
ILSVRC2012_val_00043751_with_ILSVRC2012_val_00027511_rank845,279,279,0.97123,0
ILSVRC2012_val_00043751_with_ILSVRC2012_val_00033550_rank266,399,519,0.67874,631
ILSVRC2012_val_00043751_with_ILSVRC2012_val_00046580_rank862,789,519,0.1744,31
ILSVRC2012_val_00043751_with_ILSVRC2012_val_00014872_rank332,805,805,0.95333,0
ILSVRC2012_val_00043751_with_ILSVRC2012_val_00019696_rank033,355,8,0.41708,37
ILSVRC2012_val_00043751_with_ILSVRC2012_val_00016131_rank948,709,418,0.80898,4
ILSVRC2012_val_00043751_with_ILSVRC2012_val_00022654_rank715,656,436,0.06984,1
ILSVRC2012_val_00043751_with_ILSVRC2012_val_00033745_rank655,322,325,0.28715,2
ILSVRC2012_val_00043751_with_ILSVRC2012_val_00020573_rank177,951,951,0.75616,0
ILSVRC2012_val_00043751_with_ILSVRC2012_val_00002215_rank788,727,727,0.98118,0
ILSVRC2012_val_00043751_with_ILSVRC2012_val_00009311_rank925,972,519,0.17698,709
