dataset_id,actual_class_index,prediction_class_index,prediction_probability,prediction_distance
ILSVRC2012_val_00003747_with_ILSVRC2012_val_00033082_rank597,565,565,0.90758,0
ILSVRC2012_val_00003747_with_ILSVRC2012_val_00015482_rank116,355,355,0.77426,0
ILSVRC2012_val_00003747_with_ILSVRC2012_val_00022297_rank698,920,83,0.34566,430
ILSVRC2012_val_00003747_with_ILSVRC2012_val_00032130_rank337,3,3,0.81732,0
ILSVRC2012_val_00003747_with_ILSVRC2012_val_00020135_rank231,983,351,0.16773,496
ILSVRC2012_val_00003747_with_ILSVRC2012_val_00045384_rank316,779,705,0.08658,9
ILSVRC2012_val_00003747_with_ILSVRC2012_val_00012537_rank223,931,931,0.7356,0
ILSVRC2012_val_00003747_with_ILSVRC2012_val_00027502_rank863,772,600,0.824,7
ILSVRC2012_val_00003747_with_ILSVRC2012_val_00027236_rank225,912,912,0.9223,0
ILSVRC2012_val_00003747_with_ILSVRC2012_val_00026931_rank935,570,570,0.92942,0
ILSVRC2012_val_00003747_with_ILSVRC2012_val_00010812_rank1000,852,852,0.97225,0
ILSVRC2012_val_00003747_with_ILSVRC2012_val_00000217_rank263,16,16,0.96366,0
ILSVRC2012_val_00003747_with_ILSVRC2012_val_00040716_rank933,894,894,0.16839,0
ILSVRC2012_val_00003747_with_ILSVRC2012_val_00017464_rank341,458,458,0.89016,0
ILSVRC2012_val_00003747_with_ILSVRC2012_val_00025049_rank910,725,725,0.71087,0
ILSVRC2012_val_00003747_with_ILSVRC2012_val_00003027_rank980,868,868,0.18996,0
ILSVRC2012_val_00003747_with_ILSVRC2012_val_00001293_rank385,829,705,0.75907,3
ILSVRC2012_val_00003747_with_ILSVRC2012_val_00012395_rank508,184,184,0.83794,0
ILSVRC2012_val_00003747_with_ILSVRC2012_val_00012712_rank185,839,839,0.87967,0
ILSVRC2012_val_00003747_with_ILSVRC2012_val_00037782_rank445,942,942,0.90215,0
ILSVRC2012_val_00003747_with_ILSVRC2012_val_00048145_rank182,246,172,0.62705,3
ILSVRC2012_val_00003747_with_ILSVRC2012_val_00020321_rank968,32,32,0.77365,0
ILSVRC2012_val_00003747_with_ILSVRC2012_val_00039866_rank280,377,373,0.4455,10
ILSVRC2012_val_00003747_with_ILSVRC2012_val_00026430_rank083,873,873,0.97379,0
ILSVRC2012_val_00003747_with_ILSVRC2012_val_00036150_rank951,158,151,0.84139,2
ILSVRC2012_val_00003747_with_ILSVRC2012_val_00029860_rank962,587,596,0.51474,1
ILSVRC2012_val_00003747_with_ILSVRC2012_val_00011954_rank805,732,732,0.54056,0
ILSVRC2012_val_00003747_with_ILSVRC2012_val_00007495_rank719,785,807,0.73644,727
ILSVRC2012_val_00003747_with_ILSVRC2012_val_00026631_rank750,662,636,0.15699,218
ILSVRC2012_val_00003747_with_ILSVRC2012_val_00023515_rank508,184,184,0.8558,0
ILSVRC2012_val_00003747_with_ILSVRC2012_val_00045137_rank522,899,725,0.55368,1
ILSVRC2012_val_00003747_with_ILSVRC2012_val_00025051_rank247,6,879,0.69288,303
ILSVRC2012_val_00003747_with_ILSVRC2012_val_00010189_rank402,657,744,0.4587,1
ILSVRC2012_val_00003747_with_ILSVRC2012_val_00039058_rank106,102,102,0.92386,0
ILSVRC2012_val_00003747_with_ILSVRC2012_val_00042184_rank151,211,211,0.75358,0
ILSVRC2012_val_00003747_with_ILSVRC2012_val_00039443_rank457,54,54,0.82177,0
ILSVRC2012_val_00003747_with_ILSVRC2012_val_00041267_rank112,290,288,0.84567,1
ILSVRC2012_val_00003747_with_ILSVRC2012_val_00032485_rank357,935,923,0.35728,5
ILSVRC2012_val_00003747_with_ILSVRC2012_val_00032570_rank574,545,545,0.91512,0
ILSVRC2012_val_00003747_with_ILSVRC2012_val_00008352_rank186,74,73,0.87595,2
ILSVRC2012_val_00003747_with_ILSVRC2012_val_00028804_rank626,793,701,0.98586,205
ILSVRC2012_val_00003747_with_ILSVRC2012_val_00011612_rank632,153,153,0.58441,0
ILSVRC2012_val_00003747_with_ILSVRC2012_val_00041909_rank645,82,80,0.30271,5
ILSVRC2012_val_00003747_with_ILSVRC2012_val_00005436_rank954,828,738,0.89968,105
ILSVRC2012_val_00003747_with_ILSVRC2012_val_00016563_rank984,496,496,0.71876,0
ILSVRC2012_val_00003747_with_ILSVRC2012_val_00045125_rank108,87,87,0.77995,0
ILSVRC2012_val_00003747_with_ILSVRC2012_val_00024648_rank271,471,744,0.41991,3
ILSVRC2012_val_00003747_with_ILSVRC2012_val_00012659_rank1000,852,852,0.96062,0
ILSVRC2012_val_00003747_with_ILSVRC2012_val_00016775_rank635,108,958,0.17633,671
ILSVRC2012_val_00003747_with_ILSVRC2012_val_00028375_rank739,610,610,0.95943,0
ILSVRC2012_val_00003747_with_ILSVRC2012_val_00048354_rank710,640,640,0.78802,0
ILSVRC2012_val_00003747_with_ILSVRC2012_val_00045646_rank058,363,341,0.45592,25
ILSVRC2012_val_00003747_with_ILSVRC2012_val_00002673_rank442,850,202,0.31558,70
ILSVRC2012_val_00003747_with_ILSVRC2012_val_00013299_rank228,36,35,0.79988,1
ILSVRC2012_val_00003747_with_ILSVRC2012_val_00022648_rank874,923,925,0.29516,1
ILSVRC2012_val_00003747_with_ILSVRC2012_val_00029784_rank952,505,505,0.26875,0
ILSVRC2012_val_00003747_with_ILSVRC2012_val_00027199_rank751,516,728,0.22719,124
ILSVRC2012_val_00003747_with_ILSVRC2012_val_00011661_rank521,25,25,0.90113,0
ILSVRC2012_val_00003747_with_ILSVRC2012_val_00015988_rank449,410,410,0.42997,0
ILSVRC2012_val_00003747_with_ILSVRC2012_val_00047983_rank028,150,346,0.40941,33
ILSVRC2012_val_00003747_with_ILSVRC2012_val_00012093_rank550,116,116,0.89676,0
ILSVRC2012_val_00003747_with_ILSVRC2012_val_00001327_rank291,978,701,0.1204,27
ILSVRC2012_val_00003747_with_ILSVRC2012_val_00037070_rank835,7,7,0.7283,0
ILSVRC2012_val_00003747_with_ILSVRC2012_val_00006517_rank871,752,522,0.28527,19
ILSVRC2012_val_00003747_with_ILSVRC2012_val_00020813_rank093,863,863,0.76963,0
ILSVRC2012_val_00003747_with_ILSVRC2012_val_00046977_rank148,900,900,0.863,0
ILSVRC2012_val_00003747_with_ILSVRC2012_val_00043043_rank189,47,47,0.95517,0
ILSVRC2012_val_00003747_with_ILSVRC2012_val_00009463_rank724,957,957,0.43627,0
ILSVRC2012_val_00003747_with_ILSVRC2012_val_00032174_rank410,124,124,0.56326,0
ILSVRC2012_val_00003747_with_ILSVRC2012_val_00006461_rank340,982,797,0.24375,837
ILSVRC2012_val_00003747_with_ILSVRC2012_val_00022080_rank308,281,281,0.45452,0
ILSVRC2012_val_00003747_with_ILSVRC2012_val_00026181_rank711,315,352,0.232,283
ILSVRC2012_val_00003747_with_ILSVRC2012_val_00020911_rank695,875,448,0.30404,796
ILSVRC2012_val_00003747_with_ILSVRC2012_val_00006767_rank767,557,797,0.37484,150
ILSVRC2012_val_00003747_with_ILSVRC2012_val_00009311_rank130,972,972,0.16156,0
ILSVRC2012_val_00003747_with_ILSVRC2012_val_00049527_rank861,809,504,0.21444,6
ILSVRC2012_val_00003747_with_ILSVRC2012_val_00006195_rank706,8,8,0.69837,0
ILSVRC2012_val_00003747_with_ILSVRC2012_val_00001307_rank334,717,717,0.8168,0
ILSVRC2012_val_00003747_with_ILSVRC2012_val_00027602_rank573,96,93,0.12436,1
ILSVRC2012_val_00003747_with_ILSVRC2012_val_00025259_rank749,679,989,0.1447,69
ILSVRC2012_val_00003747_with_ILSVRC2012_val_00028589_rank642,816,731,0.41377,12
ILSVRC2012_val_00003747_with_ILSVRC2012_val_00006460_rank573,96,96,0.91524,0
ILSVRC2012_val_00003747_with_ILSVRC2012_val_00013742_rank563,764,764,0.6224,0
ILSVRC2012_val_00003747_with_ILSVRC2012_val_00047550_rank347,594,594,0.68113,0
ILSVRC2012_val_00003747_with_ILSVRC2012_val_00019944_rank957,898,701,0.08213,383
ILSVRC2012_val_00003747_with_ILSVRC2012_val_00042284_rank959,59,730,0.59712,615
ILSVRC2012_val_00003747_with_ILSVRC2012_val_00025111_rank806,632,632,0.35758,0
ILSVRC2012_val_00003747_with_ILSVRC2012_val_00030996_rank347,594,594,0.97941,0
ILSVRC2012_val_00003747_with_ILSVRC2012_val_00040803_rank590,85,85,0.92215,0
ILSVRC2012_val_00003747_with_ILSVRC2012_val_00009534_rank810,235,235,0.83089,0
ILSVRC2012_val_00003747_with_ILSVRC2012_val_00042640_rank369,685,685,0.48988,0
ILSVRC2012_val_00003747_with_ILSVRC2012_val_00007235_rank475,224,224,0.91534,0
ILSVRC2012_val_00003747_with_ILSVRC2012_val_00001886_rank862,719,719,0.95733,0
ILSVRC2012_val_00003747_with_ILSVRC2012_val_00005318_rank799,582,730,0.30932,684
ILSVRC2012_val_00003747_with_ILSVRC2012_val_00036952_rank714,886,886,0.93225,0
ILSVRC2012_val_00003747_with_ILSVRC2012_val_00048174_rank046,297,297,0.88736,0
ILSVRC2012_val_00003747_with_ILSVRC2012_val_00025416_rank161,569,569,0.54173,0
ILSVRC2012_val_00003747_with_ILSVRC2012_val_00021774_rank868,999,21,0.1005,673
ILSVRC2012_val_00003747_with_ILSVRC2012_val_00015222_rank335,393,701,0.27638,388
ILSVRC2012_val_00003747_with_ILSVRC2012_val_00043990_rank590,85,85,0.94251,0
ILSVRC2012_val_00003747_with_ILSVRC2012_val_00033655_rank288,405,405,0.92307,0
ILSVRC2012_val_00003747_with_ILSVRC2012_val_00022572_rank553,906,834,0.19455,1
ILSVRC2012_val_00003747_with_ILSVRC2012_val_00037283_rank109,727,727,0.6899,0
ILSVRC2012_val_00003747_with_ILSVRC2012_val_00014957_rank424,265,209,0.26115,114
ILSVRC2012_val_00003747_with_ILSVRC2012_val_00003562_rank764,791,791,0.78896,0
ILSVRC2012_val_00003747_with_ILSVRC2012_val_00012515_rank651,188,188,0.50129,0
ILSVRC2012_val_00003747_with_ILSVRC2012_val_00014413_rank847,450,346,0.22026,935
ILSVRC2012_val_00003747_with_ILSVRC2012_val_00015367_rank562,910,910,0.21816,0
ILSVRC2012_val_00003747_with_ILSVRC2012_val_00043822_rank100,379,367,0.57228,15
ILSVRC2012_val_00003747_with_ILSVRC2012_val_00003780_rank563,764,764,0.33984,0
ILSVRC2012_val_00003747_with_ILSVRC2012_val_00046413_rank020,353,353,0.55006,0
ILSVRC2012_val_00003747_with_ILSVRC2012_val_00042821_rank290,475,475,0.97495,0
ILSVRC2012_val_00003747_with_ILSVRC2012_val_00042082_rank633,53,456,0.58295,717
ILSVRC2012_val_00003747_with_ILSVRC2012_val_00035459_rank424,265,266,0.34409,1
ILSVRC2012_val_00003747_with_ILSVRC2012_val_00018532_rank003,101,101,0.37549,0
ILSVRC2012_val_00003747_with_ILSVRC2012_val_00035428_rank437,854,578,0.28962,37
ILSVRC2012_val_00003747_with_ILSVRC2012_val_00019496_rank299,511,511,0.90268,0
ILSVRC2012_val_00003747_with_ILSVRC2012_val_00007595_rank367,213,213,0.95434,0
ILSVRC2012_val_00003747_with_ILSVRC2012_val_00036010_rank159,540,730,0.47415,409
ILSVRC2012_val_00003747_with_ILSVRC2012_val_00002527_rank165,449,663,0.19401,77
ILSVRC2012_val_00003747_with_ILSVRC2012_val_00029026_rank501,971,787,0.09348,183
ILSVRC2012_val_00003747_with_ILSVRC2012_val_00013665_rank503,590,590,0.82458,0
ILSVRC2012_val_00003747_with_ILSVRC2012_val_00037122_rank537,359,359,0.62199,0
ILSVRC2012_val_00003747_with_ILSVRC2012_val_00039712_rank544,985,883,0.11313,19
ILSVRC2012_val_00003747_with_ILSVRC2012_val_00041289_rank717,759,759,0.73579,0
ILSVRC2012_val_00003747_with_ILSVRC2012_val_00039695_rank632,153,153,0.86954,0
ILSVRC2012_val_00003747_with_ILSVRC2012_val_00000608_rank978,643,343,0.05859,702
ILSVRC2012_val_00003747_with_ILSVRC2012_val_00006715_rank242,90,90,0.96727,0
ILSVRC2012_val_00003747_with_ILSVRC2012_val_00007990_rank563,764,465,0.11572,31
ILSVRC2012_val_00003747_with_ILSVRC2012_val_00026301_rank331,675,675,0.68616,0
ILSVRC2012_val_00003747_with_ILSVRC2012_val_00017079_rank284,395,23,0.54956,342
ILSVRC2012_val_00003747_with_ILSVRC2012_val_00028827_rank420,330,331,0.84755,1
ILSVRC2012_val_00003747_with_ILSVRC2012_val_00014627_rank089,869,869,0.94376,0
ILSVRC2012_val_00003747_with_ILSVRC2012_val_00018365_rank621,312,312,0.9564,0
ILSVRC2012_val_00003747_with_ILSVRC2012_val_00033920_rank155,404,404,0.83444,0
ILSVRC2012_val_00003747_with_ILSVRC2012_val_00005628_rank200,289,288,0.72411,1
ILSVRC2012_val_00003747_with_ILSVRC2012_val_00005604_rank005,340,340,0.95852,0
ILSVRC2012_val_00003747_with_ILSVRC2012_val_00041691_rank936,811,545,0.95246,3
ILSVRC2012_val_00003747_with_ILSVRC2012_val_00043487_rank660,599,599,0.97858,0
ILSVRC2012_val_00003747_with_ILSVRC2012_val_00040752_rank216,382,330,0.4426,35
ILSVRC2012_val_00003747_with_ILSVRC2012_val_00009929_rank665,722,138,0.05614,916
ILSVRC2012_val_00003747_with_ILSVRC2012_val_00031577_rank524,27,211,0.19397,160
ILSVRC2012_val_00003747_with_ILSVRC2012_val_00034001_rank220,867,569,0.50597,3
ILSVRC2012_val_00003747_with_ILSVRC2012_val_00030424_rank961,578,879,0.41913,129
ILSVRC2012_val_00003747_with_ILSVRC2012_val_00022877_rank880,684,684,0.91161,0
ILSVRC2012_val_00003747_with_ILSVRC2012_val_00015497_rank363,583,583,0.71553,0
ILSVRC2012_val_00003747_with_ILSVRC2012_val_00043244_rank271,471,471,0.87261,0
ILSVRC2012_val_00003747_with_ILSVRC2012_val_00049939_rank302,252,252,0.97618,0
ILSVRC2012_val_00003747_with_ILSVRC2012_val_00010940_rank569,645,912,0.13473,55
ILSVRC2012_val_00003747_with_ILSVRC2012_val_00028679_rank589,70,70,0.95764,0
ILSVRC2012_val_00003747_with_ILSVRC2012_val_00003200_rank273,510,510,0.87775,0
ILSVRC2012_val_00003747_with_ILSVRC2012_val_00049253_rank247,6,6,0.71731,0
ILSVRC2012_val_00003747_with_ILSVRC2012_val_00023060_rank445,942,942,0.7907,0
ILSVRC2012_val_00003747_with_ILSVRC2012_val_00027883_rank032,649,649,0.85015,0
ILSVRC2012_val_00003747_with_ILSVRC2012_val_00007225_rank578,596,596,0.89939,0
ILSVRC2012_val_00003747_with_ILSVRC2012_val_00035545_rank469,329,329,0.54085,0
ILSVRC2012_val_00003747_with_ILSVRC2012_val_00003526_rank564,139,139,0.93304,0
ILSVRC2012_val_00003747_with_ILSVRC2012_val_00009572_rank422,396,83,0.71273,43
ILSVRC2012_val_00003747_with_ILSVRC2012_val_00041673_rank285,207,339,0.41034,116
ILSVRC2012_val_00003747_with_ILSVRC2012_val_00049187_rank409,46,46,0.54842,0
ILSVRC2012_val_00003747_with_ILSVRC2012_val_00031415_rank072,206,219,0.65781,61
ILSVRC2012_val_00003747_with_ILSVRC2012_val_00045968_rank274,165,165,0.9697,0
ILSVRC2012_val_00003747_with_ILSVRC2012_val_00027065_rank996,861,730,0.13356,594
ILSVRC2012_val_00003747_with_ILSVRC2012_val_00007981_rank920,626,730,0.14759,957
ILSVRC2012_val_00003747_with_ILSVRC2012_val_00041793_rank560,831,624,0.21524,135
ILSVRC2012_val_00003747_with_ILSVRC2012_val_00043381_rank480,326,321,0.4078,4
ILSVRC2012_val_00003747_with_ILSVRC2012_val_00002921_rank164,227,227,0.66066,0
ILSVRC2012_val_00003747_with_ILSVRC2012_val_00008767_rank571,555,555,0.82966,0
ILSVRC2012_val_00003747_with_ILSVRC2012_val_00010282_rank820,909,428,0.38022,37
ILSVRC2012_val_00003747_with_ILSVRC2012_val_00047888_rank571,555,595,0.60406,16
ILSVRC2012_val_00003747_with_ILSVRC2012_val_00037654_rank561,783,783,0.11735,0
ILSVRC2012_val_00003747_with_ILSVRC2012_val_00032391_rank955,585,624,0.15708,233
ILSVRC2012_val_00003747_with_ILSVRC2012_val_00007430_rank261,220,220,0.94771,0
ILSVRC2012_val_00003747_with_ILSVRC2012_val_00022695_rank876,356,360,0.90003,4
ILSVRC2012_val_00003747_with_ILSVRC2012_val_00033790_rank285,207,207,0.93453,0
ILSVRC2012_val_00003747_with_ILSVRC2012_val_00046459_rank957,898,898,0.13503,0
ILSVRC2012_val_00003747_with_ILSVRC2012_val_00039300_rank779,904,807,0.52939,7
ILSVRC2012_val_00003747_with_ILSVRC2012_val_00007982_rank918,488,488,0.18132,0
ILSVRC2012_val_00003747_with_ILSVRC2012_val_00023520_rank635,108,9,0.12782,323
ILSVRC2012_val_00003747_with_ILSVRC2012_val_00004594_rank262,833,833,0.93095,0
ILSVRC2012_val_00003747_with_ILSVRC2012_val_00022883_rank488,400,400,0.86866,0
ILSVRC2012_val_00003747_with_ILSVRC2012_val_00032116_rank445,942,984,0.55088,115
ILSVRC2012_val_00003747_with_ILSVRC2012_val_00026076_rank407,946,946,0.87232,0
ILSVRC2012_val_00003747_with_ILSVRC2012_val_00038884_rank612,198,198,0.88879,0
ILSVRC2012_val_00003747_with_ILSVRC2012_val_00046789_rank822,531,531,0.69974,0
ILSVRC2012_val_00003747_with_ILSVRC2012_val_00014706_rank631,656,595,0.29967,240
ILSVRC2012_val_00003747_with_ILSVRC2012_val_00021414_rank441,558,912,0.46945,809
ILSVRC2012_val_00003747_with_ILSVRC2012_val_00026255_rank466,660,660,0.82194,0
ILSVRC2012_val_00003747_with_ILSVRC2012_val_00029074_rank915,688,688,0.95018,0
ILSVRC2012_val_00003747_with_ILSVRC2012_val_00037304_rank828,608,912,0.03551,802
ILSVRC2012_val_00003747_with_ILSVRC2012_val_00029476_rank357,935,935,0.48227,0
ILSVRC2012_val_00003747_with_ILSVRC2012_val_00034682_rank683,214,214,0.96483,0
ILSVRC2012_val_00003747_with_ILSVRC2012_val_00038562_rank890,647,647,0.93017,0
ILSVRC2012_val_00003747_with_ILSVRC2012_val_00040629_rank258,652,701,0.82664,77
ILSVRC2012_val_00003747_with_ILSVRC2012_val_00046927_rank084,698,663,0.34866,2
ILSVRC2012_val_00003747_with_ILSVRC2012_val_00004691_rank456,114,114,0.99773,0
ILSVRC2012_val_00003747_with_ILSVRC2012_val_00020433_rank226,364,8,0.23792,161
ILSVRC2012_val_00003747_with_ILSVRC2012_val_00001487_rank333,274,274,0.93141,0
ILSVRC2012_val_00003747_with_ILSVRC2012_val_00038774_rank747,308,308,0.96693,0
ILSVRC2012_val_00003747_with_ILSVRC2012_val_00037028_rank699,742,713,0.67225,1
ILSVRC2012_val_00003747_with_ILSVRC2012_val_00043040_rank451,887,735,0.41535,13
ILSVRC2012_val_00003747_with_ILSVRC2012_val_00029003_rank419,981,981,0.12017,0
ILSVRC2012_val_00003747_with_ILSVRC2012_val_00023533_rank367,213,213,0.46076,0
ILSVRC2012_val_00003747_with_ILSVRC2012_val_00039096_rank248,707,707,0.90797,0
ILSVRC2012_val_00003747_with_ILSVRC2012_val_00018721_rank676,579,657,0.13792,59
ILSVRC2012_val_00003747_with_ILSVRC2012_val_00000388_rank446,420,420,0.96579,0
ILSVRC2012_val_00003747_with_ILSVRC2012_val_00030818_rank725,448,448,0.4106,0
ILSVRC2012_val_00003747_with_ILSVRC2012_val_00040081_rank154,815,958,0.13922,114
ILSVRC2012_val_00003747_with_ILSVRC2012_val_00026908_rank247,6,6,0.78179,0
ILSVRC2012_val_00003747_with_ILSVRC2012_val_00044649_rank436,79,79,0.89836,0
ILSVRC2012_val_00003747_with_ILSVRC2012_val_00041603_rank985,459,459,0.83968,0
ILSVRC2012_val_00003747_with_ILSVRC2012_val_00043836_rank259,62,62,0.24476,0
ILSVRC2012_val_00003747_with_ILSVRC2012_val_00011957_rank994,892,409,0.27383,1
ILSVRC2012_val_00003747_with_ILSVRC2012_val_00039674_rank321,635,413,0.04697,386
ILSVRC2012_val_00003747_with_ILSVRC2012_val_00027049_rank332,436,864,0.22375,12
ILSVRC2012_val_00003747_with_ILSVRC2012_val_00009692_rank259,62,67,0.689,10
ILSVRC2012_val_00003747_with_ILSVRC2012_val_00041483_rank832,530,530,0.96027,0
ILSVRC2012_val_00003747_with_ILSVRC2012_val_00034420_rank297,245,195,0.72407,1
ILSVRC2012_val_00003747_with_ILSVRC2012_val_00001498_rank024,296,296,0.89835,0
ILSVRC2012_val_00003747_with_ILSVRC2012_val_00000571_rank498,625,625,0.89235,0
ILSVRC2012_val_00003747_with_ILSVRC2012_val_00046674_rank280,377,211,0.21981,479
ILSVRC2012_val_00003747_with_ILSVRC2012_val_00030189_rank347,594,594,0.98975,0
ILSVRC2012_val_00003747_with_ILSVRC2012_val_00022196_rank951,158,253,0.91893,5
ILSVRC2012_val_00003747_with_ILSVRC2012_val_00027308_rank419,981,429,0.61786,1
ILSVRC2012_val_00003747_with_ILSVRC2012_val_00007312_rank152,80,80,0.96057,0
ILSVRC2012_val_00003747_with_ILSVRC2012_val_00020815_rank970,185,187,0.79856,5
ILSVRC2012_val_00003747_with_ILSVRC2012_val_00037912_rank207,586,586,0.90676,0
ILSVRC2012_val_00003747_with_ILSVRC2012_val_00008864_rank448,929,272,0.11282,936
ILSVRC2012_val_00003747_with_ILSVRC2012_val_00031341_rank991,786,786,0.9739,0
ILSVRC2012_val_00003747_with_ILSVRC2012_val_00024246_rank352,217,217,0.86194,0
ILSVRC2012_val_00003747_with_ILSVRC2012_val_00048308_rank389,817,817,0.85565,0
ILSVRC2012_val_00003747_with_ILSVRC2012_val_00014225_rank245,182,225,0.4895,10
ILSVRC2012_val_00003747_with_ILSVRC2012_val_00039736_rank049,272,272,0.43332,0
ILSVRC2012_val_00003747_with_ILSVRC2012_val_00049214_rank830,891,891,0.99684,0
ILSVRC2012_val_00003747_with_ILSVRC2012_val_00041216_rank219,63,63,0.93138,0
ILSVRC2012_val_00003747_with_ILSVRC2012_val_00017512_rank461,522,417,0.066,71
ILSVRC2012_val_00003747_with_ILSVRC2012_val_00027836_rank005,340,340,0.96166,0
ILSVRC2012_val_00003747_with_ILSVRC2012_val_00006506_rank805,732,732,0.93444,0
ILSVRC2012_val_00003747_with_ILSVRC2012_val_00033164_rank350,239,239,0.84954,0
ILSVRC2012_val_00003747_with_ILSVRC2012_val_00030173_rank323,866,866,0.7577,0
ILSVRC2012_val_00003747_with_ILSVRC2012_val_00012901_rank825,240,240,0.8992,0
ILSVRC2012_val_00003747_with_ILSVRC2012_val_00035893_rank158,159,159,0.88696,0
ILSVRC2012_val_00003747_with_ILSVRC2012_val_00036891_rank014,349,349,0.57385,0
ILSVRC2012_val_00003747_with_ILSVRC2012_val_00049682_rank120,89,701,0.60064,139
ILSVRC2012_val_00003747_with_ILSVRC2012_val_00027717_rank425,307,303,0.22251,2
ILSVRC2012_val_00003747_with_ILSVRC2012_val_00001936_rank599,954,957,0.34252,7
ILSVRC2012_val_00003747_with_ILSVRC2012_val_00009230_rank258,652,958,0.08378,94
ILSVRC2012_val_00003747_with_ILSVRC2012_val_00042137_rank748,481,481,0.29531,0
ILSVRC2012_val_00003747_with_ILSVRC2012_val_00013276_rank396,808,808,0.80435,0
ILSVRC2012_val_00003747_with_ILSVRC2012_val_00010909_rank577,430,430,0.98974,0
ILSVRC2012_val_00003747_with_ILSVRC2012_val_00042086_rank033,367,367,0.94519,0
ILSVRC2012_val_00003747_with_ILSVRC2012_val_00046740_rank409,46,39,0.34936,3
ILSVRC2012_val_00003747_with_ILSVRC2012_val_00025528_rank127,144,144,0.93507,0
ILSVRC2012_val_00003747_with_ILSVRC2012_val_00004965_rank704,118,138,0.14448,787
ILSVRC2012_val_00003747_with_ILSVRC2012_val_00046206_rank638,212,212,0.9619,0
ILSVRC2012_val_00003747_with_ILSVRC2012_val_00020789_rank664,670,586,0.93655,41
ILSVRC2012_val_00003747_with_ILSVRC2012_val_00032707_rank749,679,353,0.14377,769
ILSVRC2012_val_00003747_with_ILSVRC2012_val_00007246_rank391,257,222,0.42396,1
ILSVRC2012_val_00003747_with_ILSVRC2012_val_00018089_rank954,828,469,0.17055,78
ILSVRC2012_val_00003747_with_ILSVRC2012_val_00048658_rank143,106,106,0.61306,0
ILSVRC2012_val_00003747_with_ILSVRC2012_val_00005422_rank220,867,609,0.64772,40
ILSVRC2012_val_00003747_with_ILSVRC2012_val_00012677_rank621,312,352,0.36441,183
ILSVRC2012_val_00003747_with_ILSVRC2012_val_00032113_rank156,83,83,0.86486,0
ILSVRC2012_val_00003747_with_ILSVRC2012_val_00002750_rank652,746,152,0.11181,454
ILSVRC2012_val_00003747_with_ILSVRC2012_val_00018134_rank590,85,85,0.90245,0
ILSVRC2012_val_00003747_with_ILSVRC2012_val_00013925_rank161,569,569,0.86261,0
ILSVRC2012_val_00003747_with_ILSVRC2012_val_00004042_rank162,269,269,0.61553,0
ILSVRC2012_val_00003747_with_ILSVRC2012_val_00024170_rank631,656,656,0.77769,0
ILSVRC2012_val_00003747_with_ILSVRC2012_val_00021124_rank121,135,135,0.94216,0
ILSVRC2012_val_00003747_with_ILSVRC2012_val_00010692_rank188,668,668,0.86509,0
ILSVRC2012_val_00003747_with_ILSVRC2012_val_00027220_rank297,245,179,0.37208,3
ILSVRC2012_val_00003747_with_ILSVRC2012_val_00017418_rank526,309,309,0.94143,0
ILSVRC2012_val_00003747_with_ILSVRC2012_val_00035553_rank221,183,183,0.71041,0
ILSVRC2012_val_00003747_with_ILSVRC2012_val_00001830_rank296,142,99,0.76162,24
ILSVRC2012_val_00003747_with_ILSVRC2012_val_00049519_rank430,576,595,0.15592,627
ILSVRC2012_val_00003747_with_ILSVRC2012_val_00018917_rank629,494,494,0.92664,0
ILSVRC2012_val_00003747_with_ILSVRC2012_val_00015639_rank819,456,456,0.988,0
ILSVRC2012_val_00003747_with_ILSVRC2012_val_00015186_rank425,307,303,0.6342,2
ILSVRC2012_val_00003747_with_ILSVRC2012_val_00006221_rank916,81,81,0.68394,0
ILSVRC2012_val_00003747_with_ILSVRC2012_val_00024017_rank885,541,541,0.86157,0
ILSVRC2012_val_00003747_with_ILSVRC2012_val_00049971_rank363,583,583,0.93371,0
ILSVRC2012_val_00003747_with_ILSVRC2012_val_00039254_rank506,686,427,0.4758,5
ILSVRC2012_val_00003747_with_ILSVRC2012_val_00033096_rank539,563,563,0.17415,0
ILSVRC2012_val_00003747_with_ILSVRC2012_val_00011165_rank301,264,264,0.87488,0
ILSVRC2012_val_00003747_with_ILSVRC2012_val_00045020_rank895,827,556,0.53957,4
ILSVRC2012_val_00003747_with_ILSVRC2012_val_00036599_rank640,944,944,0.94819,0
ILSVRC2012_val_00003747_with_ILSVRC2012_val_00009152_rank888,784,843,0.3187,784
ILSVRC2012_val_00003747_with_ILSVRC2012_val_00015936_rank514,917,958,0.15161,876
ILSVRC2012_val_00003747_with_ILSVRC2012_val_00032590_rank192,694,730,0.15824,44
ILSVRC2012_val_00003747_with_ILSVRC2012_val_00025749_rank992,792,730,0.39405,8
ILSVRC2012_val_00003747_with_ILSVRC2012_val_00006161_rank280,377,377,0.79948,0
ILSVRC2012_val_00003747_with_ILSVRC2012_val_00048026_rank343,301,304,0.56005,1
ILSVRC2012_val_00003747_with_ILSVRC2012_val_00030389_rank413,107,701,0.89982,24
ILSVRC2012_val_00003747_with_ILSVRC2012_val_00044651_rank913,723,723,0.96312,0
ILSVRC2012_val_00003747_with_ILSVRC2012_val_00016443_rank162,269,269,0.50529,0
ILSVRC2012_val_00003747_with_ILSVRC2012_val_00028816_rank125,914,975,0.10889,37
ILSVRC2012_val_00003747_with_ILSVRC2012_val_00044295_rank404,857,730,0.4235,445
ILSVRC2012_val_00003747_with_ILSVRC2012_val_00014150_rank850,544,544,0.73872,0
ILSVRC2012_val_00003747_with_ILSVRC2012_val_00020500_rank631,656,656,0.24115,0
ILSVRC2012_val_00003747_with_ILSVRC2012_val_00015424_rank667,830,559,0.72199,11
ILSVRC2012_val_00003747_with_ILSVRC2012_val_00004464_rank422,396,396,0.95647,0
ILSVRC2012_val_00003747_with_ILSVRC2012_val_00016337_rank299,511,511,0.7872,0
ILSVRC2012_val_00003747_with_ILSVRC2012_val_00020809_rank214,341,341,0.85319,0
ILSVRC2012_val_00003747_with_ILSVRC2012_val_00048085_rank464,524,649,0.85292,51
ILSVRC2012_val_00003747_with_ILSVRC2012_val_00031526_rank552,409,409,0.9334,0
ILSVRC2012_val_00003747_with_ILSVRC2012_val_00044543_rank576,191,191,0.84671,0
ILSVRC2012_val_00003747_with_ILSVRC2012_val_00002231_rank259,62,62,0.57135,0
ILSVRC2012_val_00003747_with_ILSVRC2012_val_00038451_rank455,871,895,0.50698,18
ILSVRC2012_val_00003747_with_ILSVRC2012_val_00011167_rank526,309,276,0.65196,196
ILSVRC2012_val_00003747_with_ILSVRC2012_val_00011826_rank820,909,469,0.89926,3
ILSVRC2012_val_00003747_with_ILSVRC2012_val_00018336_rank491,532,637,0.27224,800
ILSVRC2012_val_00003747_with_ILSVRC2012_val_00012575_rank913,723,723,0.88848,0
ILSVRC2012_val_00003747_with_ILSVRC2012_val_00015891_rank196,984,984,0.51702,0
ILSVRC2012_val_00003747_with_ILSVRC2012_val_00006126_rank433,928,463,0.09129,193
ILSVRC2012_val_00003747_with_ILSVRC2012_val_00048728_rank738,990,990,0.92514,0
ILSVRC2012_val_00003747_with_ILSVRC2012_val_00048231_rank681,573,573,0.15434,0
ILSVRC2012_val_00003747_with_ILSVRC2012_val_00013233_rank561,783,783,0.91769,0
ILSVRC2012_val_00003747_with_ILSVRC2012_val_00032160_rank182,246,246,0.81195,0
ILSVRC2012_val_00003747_with_ILSVRC2012_val_00029757_rank836,737,787,0.11203,658
ILSVRC2012_val_00003747_with_ILSVRC2012_val_00024368_rank848,423,423,0.43316,0
ILSVRC2012_val_00003747_with_ILSVRC2012_val_00021085_rank263,16,16,0.94728,0
ILSVRC2012_val_00003747_with_ILSVRC2012_val_00023993_rank856,736,736,0.88978,0
ILSVRC2012_val_00003747_with_ILSVRC2012_val_00028477_rank361,229,229,0.86499,0
ILSVRC2012_val_00003747_with_ILSVRC2012_val_00048347_rank661,94,94,0.91585,0
ILSVRC2012_val_00003747_with_ILSVRC2012_val_00004241_rank178,937,728,0.09906,587
ILSVRC2012_val_00003747_with_ILSVRC2012_val_00037112_rank332,436,436,0.37247,0
ILSVRC2012_val_00003747_with_ILSVRC2012_val_00027986_rank107,92,92,0.43864,0
ILSVRC2012_val_00003747_with_ILSVRC2012_val_00036119_rank307,671,671,0.9412,0
ILSVRC2012_val_00003747_with_ILSVRC2012_val_00008425_rank556,427,427,0.92143,0
ILSVRC2012_val_00003747_with_ILSVRC2012_val_00008404_rank558,512,512,0.71984,0
ILSVRC2012_val_00003747_with_ILSVRC2012_val_00021630_rank698,920,920,0.94736,0
ILSVRC2012_val_00003747_with_ILSVRC2012_val_00021858_rank069,99,99,0.91982,0
ILSVRC2012_val_00003747_with_ILSVRC2012_val_00027300_rank114,104,104,0.8855,0
ILSVRC2012_val_00003747_with_ILSVRC2012_val_00012751_rank225,912,912,0.96909,0
ILSVRC2012_val_00003747_with_ILSVRC2012_val_00039178_rank047,360,357,0.31187,2
ILSVRC2012_val_00003747_with_ILSVRC2012_val_00007906_rank701,186,186,0.89184,0
ILSVRC2012_val_00003747_with_ILSVRC2012_val_00024346_rank167,425,425,0.95835,0
ILSVRC2012_val_00003747_with_ILSVRC2012_val_00030935_rank318,716,912,0.62853,1
ILSVRC2012_val_00003747_with_ILSVRC2012_val_00040551_rank014,349,349,0.84024,0
ILSVRC2012_val_00003747_with_ILSVRC2012_val_00027486_rank108,87,87,0.96709,0
ILSVRC2012_val_00003747_with_ILSVRC2012_val_00004190_rank555,378,347,0.81385,325
ILSVRC2012_val_00003747_with_ILSVRC2012_val_00004912_rank244,497,497,0.69479,0
ILSVRC2012_val_00003747_with_ILSVRC2012_val_00038265_rank062,50,49,0.68506,1
ILSVRC2012_val_00003747_with_ILSVRC2012_val_00003047_rank874,923,539,0.19462,985
ILSVRC2012_val_00003747_with_ILSVRC2012_val_00016898_rank520,992,947,0.49226,1
ILSVRC2012_val_00003747_with_ILSVRC2012_val_00038783_rank926,589,589,0.79905,0
ILSVRC2012_val_00003747_with_ILSVRC2012_val_00041554_rank781,667,501,0.13891,5
ILSVRC2012_val_00003747_with_ILSVRC2012_val_00029183_rank969,696,522,0.33171,224
ILSVRC2012_val_00003747_with_ILSVRC2012_val_00019525_rank163,167,159,0.36419,12
ILSVRC2012_val_00003747_with_ILSVRC2012_val_00005454_rank006,346,346,0.92533,0
ILSVRC2012_val_00003747_with_ILSVRC2012_val_00032464_rank580,170,170,0.91274,0
ILSVRC2012_val_00003747_with_ILSVRC2012_val_00014773_rank528,284,284,0.87605,0
ILSVRC2012_val_00003747_with_ILSVRC2012_val_00049508_rank672,327,327,0.42618,0
ILSVRC2012_val_00003747_with_ILSVRC2012_val_00026306_rank538,683,744,0.511,82
ILSVRC2012_val_00003747_with_ILSVRC2012_val_00018176_rank723,878,878,0.50359,0
ILSVRC2012_val_00003747_with_ILSVRC2012_val_00033088_rank003,101,386,0.74742,2
ILSVRC2012_val_00003747_with_ILSVRC2012_val_00020480_rank938,709,767,0.16766,3
ILSVRC2012_val_00003747_with_ILSVRC2012_val_00040598_rank312,251,251,0.9228,0
ILSVRC2012_val_00003747_with_ILSVRC2012_val_00034637_rank046,297,297,0.93514,0
ILSVRC2012_val_00003747_with_ILSVRC2012_val_00001425_rank139,178,178,0.95531,0
ILSVRC2012_val_00003747_with_ILSVRC2012_val_00046888_rank699,742,713,0.68773,1
ILSVRC2012_val_00003747_with_ILSVRC2012_val_00044565_rank086,133,133,0.95348,0
ILSVRC2012_val_00003747_with_ILSVRC2012_val_00003033_rank335,393,393,0.22299,0
ILSVRC2012_val_00003747_with_ILSVRC2012_val_00029613_rank838,729,427,0.63421,63
ILSVRC2012_val_00003747_with_ILSVRC2012_val_00005187_rank364,399,399,0.684,0
ILSVRC2012_val_00003747_with_ILSVRC2012_val_00031135_rank810,235,159,0.68525,19
ILSVRC2012_val_00003747_with_ILSVRC2012_val_00026419_rank525,726,726,0.89182,0
ILSVRC2012_val_00003747_with_ILSVRC2012_val_00038076_rank978,643,643,0.87683,0
ILSVRC2012_val_00003747_with_ILSVRC2012_val_00025543_rank306,84,84,0.19415,0
ILSVRC2012_val_00003747_with_ILSVRC2012_val_00031738_rank560,831,514,0.0542,144
ILSVRC2012_val_00003747_with_ILSVRC2012_val_00004627_rank067,100,100,0.87674,0
ILSVRC2012_val_00003747_with_ILSVRC2012_val_00030761_rank993,435,590,0.20461,368
ILSVRC2012_val_00003747_with_ILSVRC2012_val_00031296_rank984,496,496,0.1697,0
ILSVRC2012_val_00003747_with_ILSVRC2012_val_00043800_rank303,913,730,0.57908,42
ILSVRC2012_val_00003747_with_ILSVRC2012_val_00044999_rank018,352,352,0.66262,0
ILSVRC2012_val_00003747_with_ILSVRC2012_val_00010695_rank778,823,636,0.0848,57
ILSVRC2012_val_00003747_with_ILSVRC2012_val_00047723_rank183,895,895,0.63348,0
ILSVRC2012_val_00003747_with_ILSVRC2012_val_00040203_rank152,80,80,0.72261,0
ILSVRC2012_val_00003747_with_ILSVRC2012_val_00029580_rank186,74,730,0.56589,812
ILSVRC2012_val_00003747_with_ILSVRC2012_val_00007612_rank932,768,768,0.85864,0
ILSVRC2012_val_00003747_with_ILSVRC2012_val_00049156_rank603,901,504,0.71154,6
ILSVRC2012_val_00003747_with_ILSVRC2012_val_00002990_rank314,708,519,0.30311,55
ILSVRC2012_val_00003747_with_ILSVRC2012_val_00034192_rank292,319,319,0.9194,0
ILSVRC2012_val_00003747_with_ILSVRC2012_val_00023655_rank031,348,349,0.5925,1
ILSVRC2012_val_00003747_with_ILSVRC2012_val_00034537_rank165,449,856,0.08634,95
ILSVRC2012_val_00003747_with_ILSVRC2012_val_00000505_rank471,607,607,0.76836,0
ILSVRC2012_val_00003747_with_ILSVRC2012_val_00048994_rank405,623,472,0.35033,784
ILSVRC2012_val_00003747_with_ILSVRC2012_val_00042506_rank772,19,99,0.44362,77
ILSVRC2012_val_00003747_with_ILSVRC2012_val_00024653_rank047,360,360,0.85654,0
ILSVRC2012_val_00003747_with_ILSVRC2012_val_00001287_rank881,543,80,0.31574,690
ILSVRC2012_val_00003747_with_ILSVRC2012_val_00020377_rank187,847,847,0.85254,0
ILSVRC2012_val_00003747_with_ILSVRC2012_val_00016836_rank092,109,109,0.22813,0
ILSVRC2012_val_00003747_with_ILSVRC2012_val_00008021_rank648,470,470,0.98101,0
ILSVRC2012_val_00003747_with_ILSVRC2012_val_00017677_rank621,312,311,0.45933,1
ILSVRC2012_val_00003747_with_ILSVRC2012_val_00046124_rank630,196,196,0.79619,0
ILSVRC2012_val_00003747_with_ILSVRC2012_val_00015805_rank382,936,936,0.95642,0
ILSVRC2012_val_00003747_with_ILSVRC2012_val_00039197_rank501,971,417,0.33856,4
ILSVRC2012_val_00003747_with_ILSVRC2012_val_00020737_rank367,213,213,0.91195,0
ILSVRC2012_val_00003747_with_ILSVRC2012_val_00047690_rank049,272,280,0.56487,3
ILSVRC2012_val_00003747_with_ILSVRC2012_val_00032265_rank744,311,311,0.62905,0
ILSVRC2012_val_00003747_with_ILSVRC2012_val_00018119_rank436,79,79,0.88464,0
ILSVRC2012_val_00003747_with_ILSVRC2012_val_00011821_rank169,444,444,0.93137,0
ILSVRC2012_val_00003747_with_ILSVRC2012_val_00037476_rank511,963,809,0.20381,26
ILSVRC2012_val_00003747_with_ILSVRC2012_val_00003421_rank045,69,83,0.1231,117
ILSVRC2012_val_00003747_with_ILSVRC2012_val_00005174_rank811,201,201,0.95055,0
ILSVRC2012_val_00003747_with_ILSVRC2012_val_00037992_rank549,776,347,0.63413,601
ILSVRC2012_val_00003747_with_ILSVRC2012_val_00030149_rank325,879,879,0.77864,0
ILSVRC2012_val_00003747_with_ILSVRC2012_val_00027243_rank989,761,23,0.36899,682
ILSVRC2012_val_00003747_with_ILSVRC2012_val_00020128_rank153,221,221,0.93147,0
ILSVRC2012_val_00003747_with_ILSVRC2012_val_00011423_rank057,209,209,0.57782,0
ILSVRC2012_val_00003747_with_ILSVRC2012_val_00018357_rank174,234,234,0.63768,0
ILSVRC2012_val_00003747_with_ILSVRC2012_val_00024787_rank096,137,80,0.63587,17
ILSVRC2012_val_00003747_with_ILSVRC2012_val_00001124_rank704,118,912,0.42652,948
ILSVRC2012_val_00003747_with_ILSVRC2012_val_00006249_rank988,711,901,0.22942,27
ILSVRC2012_val_00003747_with_ILSVRC2012_val_00029619_rank706,8,8,0.59259,0
ILSVRC2012_val_00003747_with_ILSVRC2012_val_00002417_rank634,172,180,0.87785,9
ILSVRC2012_val_00003747_with_ILSVRC2012_val_00041008_rank004,343,343,0.95473,0
ILSVRC2012_val_00003747_with_ILSVRC2012_val_00023083_rank931,855,855,0.95133,0
ILSVRC2012_val_00003747_with_ILSVRC2012_val_00041530_rank972,778,531,0.80717,78
ILSVRC2012_val_00003747_with_ILSVRC2012_val_00039613_rank981,600,286,0.06429,535
ILSVRC2012_val_00003747_with_ILSVRC2012_val_00001175_rank958,644,843,0.13988,352
ILSVRC2012_val_00003747_with_ILSVRC2012_val_00049279_rank034,292,292,0.66336,0
ILSVRC2012_val_00003747_with_ILSVRC2012_val_00028114_rank538,683,138,0.16392,913
ILSVRC2012_val_00003747_with_ILSVRC2012_val_00042406_rank689,358,358,0.81882,0
ILSVRC2012_val_00003747_with_ILSVRC2012_val_00037630_rank162,269,271,0.3104,3
ILSVRC2012_val_00003747_with_ILSVRC2012_val_00025942_rank176,287,291,0.85293,11
ILSVRC2012_val_00003747_with_ILSVRC2012_val_00045673_rank769,310,352,0.17291,331
ILSVRC2012_val_00003747_with_ILSVRC2012_val_00036943_rank626,793,276,0.66221,500
ILSVRC2012_val_00003747_with_ILSVRC2012_val_00046506_rank705,593,595,0.32163,740
ILSVRC2012_val_00003747_with_ILSVRC2012_val_00022934_rank221,183,183,0.85588,0
ILSVRC2012_val_00003747_with_ILSVRC2012_val_00031227_rank831,303,303,0.46251,0
ILSVRC2012_val_00003747_with_ILSVRC2012_val_00012140_rank279,241,238,0.17725,2
ILSVRC2012_val_00003747_with_ILSVRC2012_val_00017584_rank907,804,475,0.40302,157
ILSVRC2012_val_00003747_with_ILSVRC2012_val_00022416_rank478,919,919,0.91874,0
ILSVRC2012_val_00003747_with_ILSVRC2012_val_00015689_rank678,701,701,0.98958,0
ILSVRC2012_val_00003747_with_ILSVRC2012_val_00026296_rank376,45,45,0.94195,0
ILSVRC2012_val_00003747_with_ILSVRC2012_val_00015572_rank231,983,801,0.56207,1
ILSVRC2012_val_00003747_with_ILSVRC2012_val_00027207_rank835,7,7,0.84782,0
ILSVRC2012_val_00003747_with_ILSVRC2012_val_00007407_rank124,474,474,0.88795,0
ILSVRC2012_val_00003747_with_ILSVRC2012_val_00028275_rank142,280,280,0.91977,0
ILSVRC2012_val_00003747_with_ILSVRC2012_val_00002712_rank774,528,707,0.40114,1
ILSVRC2012_val_00003747_with_ILSVRC2012_val_00029420_rank079,682,682,0.82489,0
ILSVRC2012_val_00003747_with_ILSVRC2012_val_00025545_rank328,687,687,0.8838,0
ILSVRC2012_val_00003747_with_ILSVRC2012_val_00045335_rank143,106,106,0.94481,0
ILSVRC2012_val_00003747_with_ILSVRC2012_val_00023129_rank005,340,340,0.95509,0
ILSVRC2012_val_00003747_with_ILSVRC2012_val_00013716_rank344,0,351,0.21144,19
ILSVRC2012_val_00003747_with_ILSVRC2012_val_00000089_rank971,487,487,0.95514,0
ILSVRC2012_val_00003747_with_ILSVRC2012_val_00046817_rank450,208,208,0.27417,0
ILSVRC2012_val_00003747_with_ILSVRC2012_val_00017179_rank556,427,427,0.51384,0
ILSVRC2012_val_00003747_with_ILSVRC2012_val_00019959_rank347,594,594,0.69691,0
ILSVRC2012_val_00003747_with_ILSVRC2012_val_00049442_rank839,320,730,0.3007,859
ILSVRC2012_val_00003747_with_ILSVRC2012_val_00044778_rank522,899,463,0.8477,10
ILSVRC2012_val_00003747_with_ILSVRC2012_val_00002914_rank882,559,559,0.79356,0
ILSVRC2012_val_00003747_with_ILSVRC2012_val_00047800_rank689,358,358,0.40756,0
ILSVRC2012_val_00003747_with_ILSVRC2012_val_00031383_rank387,403,847,0.26987,14
ILSVRC2012_val_00003747_with_ILSVRC2012_val_00019971_rank751,516,748,0.09378,87
ILSVRC2012_val_00003747_with_ILSVRC2012_val_00041142_rank021,276,276,0.72085,0
ILSVRC2012_val_00003747_with_ILSVRC2012_val_00024175_rank005,340,340,0.96684,0
ILSVRC2012_val_00003747_with_ILSVRC2012_val_00016897_rank497,56,56,0.89324,0
ILSVRC2012_val_00003747_with_ILSVRC2012_val_00042333_rank637,501,501,0.94786,0
ILSVRC2012_val_00003747_with_ILSVRC2012_val_00002068_rank863,772,646,0.27318,192
ILSVRC2012_val_00003747_with_ILSVRC2012_val_00043483_rank306,84,84,0.96905,0
ILSVRC2012_val_00003747_with_ILSVRC2012_val_00001605_rank705,593,374,0.22205,595
ILSVRC2012_val_00003747_with_ILSVRC2012_val_00018478_rank501,971,618,0.13007,103
ILSVRC2012_val_00003747_with_ILSVRC2012_val_00032201_rank375,564,915,0.50987,28
ILSVRC2012_val_00003747_with_ILSVRC2012_val_00049278_rank022,345,345,0.98709,0
ILSVRC2012_val_00003747_with_ILSVRC2012_val_00044612_rank953,428,730,0.84831,5
ILSVRC2012_val_00003747_with_ILSVRC2012_val_00008713_rank261,220,220,0.72878,0
ILSVRC2012_val_00003747_with_ILSVRC2012_val_00022781_rank525,726,730,0.15221,70
ILSVRC2012_val_00003747_with_ILSVRC2012_val_00028476_rank569,645,730,0.34011,88
ILSVRC2012_val_00003747_with_ILSVRC2012_val_00003734_rank414,232,232,0.72088,0
ILSVRC2012_val_00003747_with_ILSVRC2012_val_00006852_rank783,794,448,0.07484,864
ILSVRC2012_val_00003747_with_ILSVRC2012_val_00034952_rank556,427,427,0.54826,0
ILSVRC2012_val_00003747_with_ILSVRC2012_val_00003476_rank512,689,735,0.18381,17
ILSVRC2012_val_00003747_with_ILSVRC2012_val_00008756_rank546,140,140,0.90381,0
ILSVRC2012_val_00003747_with_ILSVRC2012_val_00045509_rank561,783,783,0.89516,0
ILSVRC2012_val_00003747_with_ILSVRC2012_val_00003467_rank435,111,749,0.73574,182
ILSVRC2012_val_00003747_with_ILSVRC2012_val_00046257_rank614,52,63,0.90166,16
ILSVRC2012_val_00003747_with_ILSVRC2012_val_00006589_rank354,739,739,0.88522,0
ILSVRC2012_val_00003747_with_ILSVRC2012_val_00004248_rank144,197,197,0.805,0
ILSVRC2012_val_00003747_with_ILSVRC2012_val_00002546_rank490,261,261,0.92774,0
ILSVRC2012_val_00003747_with_ILSVRC2012_val_00004349_rank114,104,104,0.84675,0
ILSVRC2012_val_00003747_with_ILSVRC2012_val_00033692_rank394,520,915,0.1537,59
ILSVRC2012_val_00003747_with_ILSVRC2012_val_00011846_rank808,389,389,0.91638,0
ILSVRC2012_val_00003747_with_ILSVRC2012_val_00010838_rank150,825,912,0.78997,3
ILSVRC2012_val_00003747_with_ILSVRC2012_val_00044685_rank994,892,892,0.55502,0
ILSVRC2012_val_00003747_with_ILSVRC2012_val_00045126_rank418,953,953,0.92531,0
ILSVRC2012_val_00003747_with_ILSVRC2012_val_00011315_rank392,95,95,0.92929,0
ILSVRC2012_val_00003747_with_ILSVRC2012_val_00013196_rank083,873,873,0.97904,0
ILSVRC2012_val_00003747_with_ILSVRC2012_val_00019895_rank620,113,113,0.89446,0
ILSVRC2012_val_00003747_with_ILSVRC2012_val_00019761_rank886,674,730,0.59377,105
ILSVRC2012_val_00003747_with_ILSVRC2012_val_00021268_rank853,452,172,0.29651,271
ILSVRC2012_val_00003747_with_ILSVRC2012_val_00010539_rank135,127,127,0.87623,0
ILSVRC2012_val_00003747_with_ILSVRC2012_val_00043884_rank870,962,329,0.11338,24
ILSVRC2012_val_00003747_with_ILSVRC2012_val_00007260_rank050,603,730,0.31775,9
ILSVRC2012_val_00003747_with_ILSVRC2012_val_00032475_rank981,600,600,0.92768,0
ILSVRC2012_val_00003747_with_ILSVRC2012_val_00031273_rank482,15,85,0.51601,11
ILSVRC2012_val_00003747_with_ILSVRC2012_val_00000293_rank344,0,351,0.21144,19
ILSVRC2012_val_00003747_with_ILSVRC2012_val_00012249_rank954,828,828,0.88957,0
ILSVRC2012_val_00003747_with_ILSVRC2012_val_00026556_rank564,139,139,0.91101,0
ILSVRC2012_val_00003747_with_ILSVRC2012_val_00029942_rank823,774,774,0.68292,0
ILSVRC2012_val_00003747_with_ILSVRC2012_val_00028337_rank335,393,80,0.35262,455
ILSVRC2012_val_00003747_with_ILSVRC2012_val_00044296_rank769,310,9,0.11274,379
ILSVRC2012_val_00003747_with_ILSVRC2012_val_00010087_rank415,176,176,0.90721,0
ILSVRC2012_val_00003747_with_ILSVRC2012_val_00027017_rank858,203,203,0.46971,0
ILSVRC2012_val_00003747_with_ILSVRC2012_val_00028100_rank404,857,730,0.54448,445
ILSVRC2012_val_00003747_with_ILSVRC2012_val_00035719_rank057,209,209,0.72599,0
ILSVRC2012_val_00003747_with_ILSVRC2012_val_00044027_rank117,282,292,0.278,2
ILSVRC2012_val_00003747_with_ILSVRC2012_val_00042492_rank861,809,868,0.21532,51
ILSVRC2012_val_00003747_with_ILSVRC2012_val_00016976_rank701,186,186,0.90173,0
ILSVRC2012_val_00003747_with_ILSVRC2012_val_00045065_rank633,53,63,0.4707,14
ILSVRC2012_val_00003747_with_ILSVRC2012_val_00040218_rank420,330,331,0.68367,1
ILSVRC2012_val_00003747_with_ILSVRC2012_val_00035409_rank621,312,312,0.22833,0
ILSVRC2012_val_00003747_with_ILSVRC2012_val_00043411_rank897,965,965,0.16831,0
ILSVRC2012_val_00003747_with_ILSVRC2012_val_00028111_rank693,802,701,0.13228,53
ILSVRC2012_val_00003747_with_ILSVRC2012_val_00010548_rank167,425,425,0.83478,0
ILSVRC2012_val_00003747_with_ILSVRC2012_val_00033218_rank241,42,42,0.72837,0
ILSVRC2012_val_00003747_with_ILSVRC2012_val_00018187_rank912,526,782,0.55928,15
ILSVRC2012_val_00003747_with_ILSVRC2012_val_00004937_rank489,807,637,0.67655,305
ILSVRC2012_val_00003747_with_ILSVRC2012_val_00010522_rank530,58,354,0.1156,772
ILSVRC2012_val_00003747_with_ILSVRC2012_val_00014647_rank850,544,544,0.76104,0
ILSVRC2012_val_00003747_with_ILSVRC2012_val_00016741_rank653,361,205,0.48733,105
ILSVRC2012_val_00003747_with_ILSVRC2012_val_00020319_rank359,407,407,0.92678,0
ILSVRC2012_val_00003747_with_ILSVRC2012_val_00025891_rank082,147,43,0.15277,156
ILSVRC2012_val_00003747_with_ILSVRC2012_val_00007563_rank213,955,955,0.95646,0
ILSVRC2012_val_00003747_with_ILSVRC2012_val_00005874_rank399,597,463,0.68422,814
ILSVRC2012_val_00003747_with_ILSVRC2012_val_00014255_rank570,991,991,0.29521,0
ILSVRC2012_val_00003747_with_ILSVRC2012_val_00048258_rank843,681,681,0.55591,0
ILSVRC2012_val_00003747_with_ILSVRC2012_val_00047376_rank506,686,686,0.60653,0
ILSVRC2012_val_00003747_with_ILSVRC2012_val_00006656_rank885,541,541,0.0886,0
ILSVRC2012_val_00003747_with_ILSVRC2012_val_00037898_rank037,149,150,0.61548,7
ILSVRC2012_val_00003747_with_ILSVRC2012_val_00001056_rank103,145,145,0.97286,0
ILSVRC2012_val_00003747_with_ILSVRC2012_val_00023189_rank762,968,351,0.85673,634
ILSVRC2012_val_00003747_with_ILSVRC2012_val_00005009_rank851,818,138,0.18551,876
ILSVRC2012_val_00003747_with_ILSVRC2012_val_00030931_rank532,513,870,0.42494,72
ILSVRC2012_val_00003747_with_ILSVRC2012_val_00047263_rank897,965,649,0.3856,618
ILSVRC2012_val_00003747_with_ILSVRC2012_val_00024364_rank384,547,547,0.73033,0
ILSVRC2012_val_00003747_with_ILSVRC2012_val_00020588_rank270,514,514,0.9826,0
ILSVRC2012_val_00003747_with_ILSVRC2012_val_00018215_rank432,568,568,0.8232,0
ILSVRC2012_val_00003747_with_ILSVRC2012_val_00023315_rank498,625,625,0.90307,0
ILSVRC2012_val_00003747_with_ILSVRC2012_val_00003765_rank049,272,280,0.95625,3
ILSVRC2012_val_00003747_with_ILSVRC2012_val_00042240_rank551,171,171,0.78964,0
ILSVRC2012_val_00003747_with_ILSVRC2012_val_00048228_rank093,863,863,0.95441,0
ILSVRC2012_val_00003747_with_ILSVRC2012_val_00026088_rank880,684,684,0.82611,0
ILSVRC2012_val_00003747_with_ILSVRC2012_val_00017852_rank647,669,669,0.95878,0
ILSVRC2012_val_00003747_with_ILSVRC2012_val_00035532_rank117,282,282,0.50629,0
ILSVRC2012_val_00003747_with_ILSVRC2012_val_00041787_rank660,599,599,0.86614,0
ILSVRC2012_val_00003747_with_ILSVRC2012_val_00043729_rank899,616,351,0.25161,999
ILSVRC2012_val_00003747_with_ILSVRC2012_val_00047266_rank369,685,685,0.92025,0
ILSVRC2012_val_00003747_with_ILSVRC2012_val_00041131_rank637,501,501,0.5648,0
ILSVRC2012_val_00003747_with_ILSVRC2012_val_00021524_rank890,647,427,0.4681,105
ILSVRC2012_val_00003747_with_ILSVRC2012_val_00022167_rank305,989,947,0.43455,48
ILSVRC2012_val_00003747_with_ILSVRC2012_val_00003088_rank125,914,871,0.4983,2
ILSVRC2012_val_00003747_with_ILSVRC2012_val_00037130_rank005,340,340,0.95228,0
ILSVRC2012_val_00003747_with_ILSVRC2012_val_00039287_rank405,623,353,0.42319,270
ILSVRC2012_val_00003747_with_ILSVRC2012_val_00021229_rank565,180,180,0.85656,0
ILSVRC2012_val_00003747_with_ILSVRC2012_val_00022725_rank412,260,260,0.93823,0
ILSVRC2012_val_00003747_with_ILSVRC2012_val_00001569_rank185,839,839,0.68501,0
ILSVRC2012_val_00003747_with_ILSVRC2012_val_00036906_rank659,870,870,0.92037,0
ILSVRC2012_val_00003747_with_ILSVRC2012_val_00045907_rank396,808,429,0.17435,45
ILSVRC2012_val_00003747_with_ILSVRC2012_val_00038177_rank437,854,462,0.99049,79
ILSVRC2012_val_00003747_with_ILSVRC2012_val_00008143_rank956,872,872,0.24737,0
ILSVRC2012_val_00003747_with_ILSVRC2012_val_00032772_rank421,447,447,0.94591,0
ILSVRC2012_val_00003747_with_ILSVRC2012_val_00016933_rank230,756,756,0.82154,0
ILSVRC2012_val_00003747_with_ILSVRC2012_val_00038556_rank976,60,21,0.54561,133
ILSVRC2012_val_00003747_with_ILSVRC2012_val_00030878_rank065,138,138,0.95234,0
ILSVRC2012_val_00003747_with_ILSVRC2012_val_00029793_rank659,870,870,0.85662,0
ILSVRC2012_val_00003747_with_ILSVRC2012_val_00034630_rank841,551,787,0.08367,538
ILSVRC2012_val_00003747_with_ILSVRC2012_val_00022450_rank472,822,541,0.17332,1
ILSVRC2012_val_00003747_with_ILSVRC2012_val_00027165_rank320,231,231,0.81322,0
ILSVRC2012_val_00003747_with_ILSVRC2012_val_00006649_rank129,256,256,0.5169,0
ILSVRC2012_val_00003747_with_ILSVRC2012_val_00000989_rank636,998,998,0.27102,0
ILSVRC2012_val_00003747_with_ILSVRC2012_val_00005316_rank474,924,816,0.37227,280
ILSVRC2012_val_00003747_with_ILSVRC2012_val_00033478_rank969,696,784,0.25851,6
ILSVRC2012_val_00003747_with_ILSVRC2012_val_00043188_rank360,595,595,0.60362,0
ILSVRC2012_val_00003747_with_ILSVRC2012_val_00032676_rank512,689,689,0.63996,0
ILSVRC2012_val_00003747_with_ILSVRC2012_val_00030388_rank710,640,640,0.75638,0
ILSVRC2012_val_00003747_with_ILSVRC2012_val_00025440_rank679,987,998,0.60209,1
ILSVRC2012_val_00003747_with_ILSVRC2012_val_00003757_rank585,631,701,0.12516,538
ILSVRC2012_val_00003747_with_ILSVRC2012_val_00028714_rank138,880,880,0.81632,0
ILSVRC2012_val_00003747_with_ILSVRC2012_val_00010356_rank221,183,183,0.46593,0
ILSVRC2012_val_00003747_with_ILSVRC2012_val_00032597_rank985,459,459,0.89944,0
ILSVRC2012_val_00003747_with_ILSVRC2012_val_00011902_rank031,348,348,0.577,0
ILSVRC2012_val_00003747_with_ILSVRC2012_val_00013305_rank713,940,940,0.58138,0
ILSVRC2012_val_00003747_with_ILSVRC2012_val_00041659_rank543,40,133,0.29189,48
ILSVRC2012_val_00003747_with_ILSVRC2012_val_00008542_rank759,28,25,0.62102,1
ILSVRC2012_val_00003747_with_ILSVRC2012_val_00047200_rank084,698,663,0.54678,2
ILSVRC2012_val_00003747_with_ILSVRC2012_val_00037807_rank691,313,313,0.76113,0
ILSVRC2012_val_00003747_with_ILSVRC2012_val_00010978_rank321,635,635,0.9368,0
ILSVRC2012_val_00003747_with_ILSVRC2012_val_00014844_rank438,705,412,0.68001,279
ILSVRC2012_val_00003747_with_ILSVRC2012_val_00020403_rank163,167,166,0.85818,1
ILSVRC2012_val_00003747_with_ILSVRC2012_val_00011003_rank912,526,764,0.53673,184
ILSVRC2012_val_00003747_with_ILSVRC2012_val_00016252_rank727,11,11,0.96541,0
ILSVRC2012_val_00003747_with_ILSVRC2012_val_00047710_rank859,641,641,0.56506,0
ILSVRC2012_val_00003747_with_ILSVRC2012_val_00033539_rank735,553,553,0.91872,0
ILSVRC2012_val_00003747_with_ILSVRC2012_val_00005199_rank823,774,774,0.95672,0
ILSVRC2012_val_00003747_with_ILSVRC2012_val_00007325_rank026,690,690,0.53215,0
ILSVRC2012_val_00003747_with_ILSVRC2012_val_00045660_rank648,470,730,0.09551,724
ILSVRC2012_val_00003747_with_ILSVRC2012_val_00001731_rank500,417,417,0.63515,0
ILSVRC2012_val_00003747_with_ILSVRC2012_val_00034277_rank338,263,263,0.81045,0
ILSVRC2012_val_00003747_with_ILSVRC2012_val_00015641_rank436,79,79,0.92314,0
ILSVRC2012_val_00003747_with_ILSVRC2012_val_00047663_rank451,887,915,0.39527,138
ILSVRC2012_val_00003747_with_ILSVRC2012_val_00030071_rank727,11,11,0.19731,0
ILSVRC2012_val_00003747_with_ILSVRC2012_val_00022810_rank689,358,359,0.79825,2
ILSVRC2012_val_00003747_with_ILSVRC2012_val_00003473_rank250,661,661,0.95133,0
ILSVRC2012_val_00003747_with_ILSVRC2012_val_00047106_rank120,89,89,0.97133,0
ILSVRC2012_val_00003747_with_ILSVRC2012_val_00012271_rank064,105,105,0.3618,0
ILSVRC2012_val_00003747_with_ILSVRC2012_val_00027253_rank987,859,559,0.22047,124
ILSVRC2012_val_00003747_with_ILSVRC2012_val_00008923_rank313,225,225,0.92641,0
ILSVRC2012_val_00003747_with_ILSVRC2012_val_00009660_rank351,230,231,0.87309,1
ILSVRC2012_val_00003747_with_ILSVRC2012_val_00024566_rank245,182,182,0.9632,0
ILSVRC2012_val_00003747_with_ILSVRC2012_val_00001057_rank092,109,958,0.08647,122
ILSVRC2012_val_00003747_with_ILSVRC2012_val_00017185_rank524,27,27,0.50944,0
ILSVRC2012_val_00003747_with_ILSVRC2012_val_00035542_rank191,93,93,0.89645,0
ILSVRC2012_val_00003747_with_ILSVRC2012_val_00016131_rank938,709,418,0.76851,4
ILSVRC2012_val_00003747_with_ILSVRC2012_val_00003276_rank858,203,203,0.76504,0
ILSVRC2012_val_00003747_with_ILSVRC2012_val_00035891_rank475,224,256,0.29951,3
ILSVRC2012_val_00003747_with_ILSVRC2012_val_00034426_rank822,531,531,0.75439,0
ILSVRC2012_val_00003747_with_ILSVRC2012_val_00033514_rank047,360,360,0.42432,0
ILSVRC2012_val_00003747_with_ILSVRC2012_val_00011202_rank080,268,268,0.94447,0
ILSVRC2012_val_00003747_with_ILSVRC2012_val_00044598_rank372,566,566,0.92849,0
ILSVRC2012_val_00003747_with_ILSVRC2012_val_00001993_rank646,961,351,0.06132,708
ILSVRC2012_val_00003747_with_ILSVRC2012_val_00028931_rank035,342,342,0.54309,0
ILSVRC2012_val_00003747_with_ILSVRC2012_val_00026824_rank050,603,347,0.19291,89
ILSVRC2012_val_00003747_with_ILSVRC2012_val_00046672_rank580,170,233,0.77464,12
ILSVRC2012_val_00003747_with_ILSVRC2012_val_00040304_rank305,989,730,0.44279,689
ILSVRC2012_val_00003747_with_ILSVRC2012_val_00045103_rank002,385,385,0.32898,0
ILSVRC2012_val_00003747_with_ILSVRC2012_val_00048764_rank808,389,389,0.93278,0
ILSVRC2012_val_00003747_with_ILSVRC2012_val_00025538_rank854,721,522,0.56573,618
ILSVRC2012_val_00003747_with_ILSVRC2012_val_00001686_rank301,264,264,0.37644,0
ILSVRC2012_val_00003747_with_ILSVRC2012_val_00013399_rank730,169,169,0.92674,0
ILSVRC2012_val_00003747_with_ILSVRC2012_val_00018567_rank973,795,912,0.87586,156
ILSVRC2012_val_00003747_with_ILSVRC2012_val_00017793_rank667,830,595,0.29076,81
ILSVRC2012_val_00003747_with_ILSVRC2012_val_00037086_rank962,587,587,0.96286,0
ILSVRC2012_val_00003747_with_ILSVRC2012_val_00015847_rank595,763,763,0.88191,0
ILSVRC2012_val_00003747_with_ILSVRC2012_val_00032789_rank170,734,462,0.96554,938
ILSVRC2012_val_00003747_with_ILSVRC2012_val_00042912_rank930,262,234,0.44792,21
ILSVRC2012_val_00003747_with_ILSVRC2012_val_00003901_rank719,785,792,0.71022,665
ILSVRC2012_val_00003747_with_ILSVRC2012_val_00021098_rank599,954,950,0.25725,1
ILSVRC2012_val_00003747_with_ILSVRC2012_val_00013762_rank261,220,220,0.94283,0
ILSVRC2012_val_00003747_with_ILSVRC2012_val_00028421_rank083,873,873,0.88261,0
ILSVRC2012_val_00003747_with_ILSVRC2012_val_00028026_rank316,779,779,0.98928,0
ILSVRC2012_val_00003747_with_ILSVRC2012_val_00042049_rank197,37,35,0.34505,1
ILSVRC2012_val_00003747_with_ILSVRC2012_val_00017358_rank027,339,339,0.85071,0
ILSVRC2012_val_00003747_with_ILSVRC2012_val_00032798_rank172,703,703,0.95063,0
ILSVRC2012_val_00003747_with_ILSVRC2012_val_00015459_rank653,361,361,0.94267,0
ILSVRC2012_val_00003747_with_ILSVRC2012_val_00037160_rank332,436,436,0.93902,0
ILSVRC2012_val_00003747_with_ILSVRC2012_val_00042149_rank720,712,807,0.17497,69
ILSVRC2012_val_00003747_with_ILSVRC2012_val_00026778_rank390,266,228,0.2849,13
ILSVRC2012_val_00003747_with_ILSVRC2012_val_00042116_rank270,514,514,0.98298,0
ILSVRC2012_val_00003747_with_ILSVRC2012_val_00046158_rank703,166,162,0.27222,3
ILSVRC2012_val_00003747_with_ILSVRC2012_val_00010793_rank407,946,946,0.86387,0
ILSVRC2012_val_00003747_with_ILSVRC2012_val_00023446_rank668,710,767,0.32643,1
ILSVRC2012_val_00003747_with_ILSVRC2012_val_00035749_rank163,167,166,0.33192,1
ILSVRC2012_val_00003747_with_ILSVRC2012_val_00009877_rank240,238,241,0.53053,1
ILSVRC2012_val_00003747_with_ILSVRC2012_val_00020695_rank472,822,787,0.85261,38
ILSVRC2012_val_00003747_with_ILSVRC2012_val_00022744_rank876,356,356,0.7963,0
ILSVRC2012_val_00003747_with_ILSVRC2012_val_00012304_rank376,45,45,0.89511,0
ILSVRC2012_val_00003747_with_ILSVRC2012_val_00005191_rank803,907,519,0.25313,40
ILSVRC2012_val_00003747_with_ILSVRC2012_val_00026633_rank087,821,821,0.95983,0
ILSVRC2012_val_00003747_with_ILSVRC2012_val_00014963_rank638,212,212,0.9304,0
ILSVRC2012_val_00003747_with_ILSVRC2012_val_00001098_rank922,418,751,0.21641,768
ILSVRC2012_val_00003747_with_ILSVRC2012_val_00011098_rank211,780,780,0.91696,0
ILSVRC2012_val_00003747_with_ILSVRC2012_val_00015334_rank311,154,154,0.97053,0
ILSVRC2012_val_00003747_with_ILSVRC2012_val_00049287_rank085,305,32,0.8898,24
ILSVRC2012_val_00003747_with_ILSVRC2012_val_00038684_rank116,355,354,0.7166,1
ILSVRC2012_val_00003747_with_ILSVRC2012_val_00009842_rank173,24,24,0.98077,0
ILSVRC2012_val_00003747_with_ILSVRC2012_val_00000105_rank811,201,226,0.22456,15
ILSVRC2012_val_00003747_with_ILSVRC2012_val_00008315_rank506,686,686,0.95672,0
ILSVRC2012_val_00003747_with_ILSVRC2012_val_00048940_rank024,296,296,0.61038,0
ILSVRC2012_val_00003747_with_ILSVRC2012_val_00002703_rank159,540,730,0.95387,409
ILSVRC2012_val_00003747_with_ILSVRC2012_val_00000990_rank388,328,328,0.51518,0
ILSVRC2012_val_00003747_with_ILSVRC2012_val_00007454_rank417,117,117,0.97265,0
ILSVRC2012_val_00003747_with_ILSVRC2012_val_00009045_rank301,264,264,0.93786,0
ILSVRC2012_val_00003747_with_ILSVRC2012_val_00022208_rank266,765,765,0.58837,0
ILSVRC2012_val_00003747_with_ILSVRC2012_val_00011453_rank789,121,122,0.85547,3
ILSVRC2012_val_00003747_with_ILSVRC2012_val_00041193_rank735,553,553,0.94962,0
ILSVRC2012_val_00003747_with_ILSVRC2012_val_00048981_rank921,740,731,0.73434,16
ILSVRC2012_val_00003747_with_ILSVRC2012_val_00031985_rank726,796,607,0.3992,37
ILSVRC2012_val_00003747_with_ILSVRC2012_val_00034994_rank466,660,660,0.81108,0
ILSVRC2012_val_00003747_with_ILSVRC2012_val_00040105_rank134,160,160,0.93071,0
ILSVRC2012_val_00003747_with_ILSVRC2012_val_00007958_rank680,204,204,0.60069,0
ILSVRC2012_val_00003747_with_ILSVRC2012_val_00035372_rank031,348,274,0.49366,535
ILSVRC2012_val_00003747_with_ILSVRC2012_val_00002908_rank483,695,695,0.93549,0
ILSVRC2012_val_00003747_with_ILSVRC2012_val_00046116_rank488,400,764,0.21051,501
ILSVRC2012_val_00003747_with_ILSVRC2012_val_00031313_rank161,569,569,0.85361,0
ILSVRC2012_val_00003747_with_ILSVRC2012_val_00043013_rank285,207,207,0.61307,0
ILSVRC2012_val_00003747_with_ILSVRC2012_val_00016016_rank122,130,701,0.29196,287
ILSVRC2012_val_00003747_with_ILSVRC2012_val_00048183_rank277,190,190,0.82671,0
ILSVRC2012_val_00003747_with_ILSVRC2012_val_00024275_rank235,210,246,0.94523,9
ILSVRC2012_val_00003747_with_ILSVRC2012_val_00024921_rank033,367,233,0.60324,36
ILSVRC2012_val_00003747_with_ILSVRC2012_val_00004428_rank566,949,949,0.93831,0
ILSVRC2012_val_00003747_with_ILSVRC2012_val_00046278_rank211,780,780,0.91253,0
ILSVRC2012_val_00003747_with_ILSVRC2012_val_00042319_rank057,209,209,0.88461,0
ILSVRC2012_val_00003747_with_ILSVRC2012_val_00012457_rank043,286,286,0.9284,0
ILSVRC2012_val_00003747_with_ILSVRC2012_val_00010163_rank484,156,156,0.83126,0
ILSVRC2012_val_00003747_with_ILSVRC2012_val_00026662_rank008,354,351,0.88858,4
ILSVRC2012_val_00003747_with_ILSVRC2012_val_00018811_rank274,165,165,0.7887,0
ILSVRC2012_val_00003747_with_ILSVRC2012_val_00039557_rank591,73,77,0.76639,4
ILSVRC2012_val_00003747_with_ILSVRC2012_val_00000679_rank625,78,73,0.37084,1
ILSVRC2012_val_00003747_with_ILSVRC2012_val_00031925_rank278,300,300,0.92029,0
ILSVRC2012_val_00003747_with_ILSVRC2012_val_00043474_rank796,193,193,0.35959,0
ILSVRC2012_val_00003747_with_ILSVRC2012_val_00046064_rank266,765,410,0.31422,571
ILSVRC2012_val_00003747_with_ILSVRC2012_val_00008077_rank957,898,671,0.93629,79
ILSVRC2012_val_00003747_with_ILSVRC2012_val_00026117_rank855,621,621,0.84089,0
ILSVRC2012_val_00003747_with_ILSVRC2012_val_00041820_rank575,258,258,0.91142,0
ILSVRC2012_val_00003747_with_ILSVRC2012_val_00007653_rank373,890,890,0.76987,0
ILSVRC2012_val_00003747_with_ILSVRC2012_val_00027921_rank300,66,616,0.34928,105
ILSVRC2012_val_00003747_with_ILSVRC2012_val_00015141_rank386,72,72,0.44542,0
ILSVRC2012_val_00003747_with_ILSVRC2012_val_00025869_rank752,218,218,0.97355,0
ILSVRC2012_val_00003747_with_ILSVRC2012_val_00034480_rank140,718,843,0.7833,477
ILSVRC2012_val_00003747_with_ILSVRC2012_val_00006463_rank579,17,17,0.93749,0
ILSVRC2012_val_00003747_with_ILSVRC2012_val_00046633_rank705,593,413,0.4054,112
ILSVRC2012_val_00003747_with_ILSVRC2012_val_00009413_rank994,892,892,0.481,0
ILSVRC2012_val_00003747_with_ILSVRC2012_val_00001975_rank284,395,386,0.37594,272
ILSVRC2012_val_00003747_with_ILSVRC2012_val_00013617_rank386,72,74,0.40122,1
ILSVRC2012_val_00003747_with_ILSVRC2012_val_00042835_rank889,412,412,0.55907,0
ILSVRC2012_val_00003747_with_ILSVRC2012_val_00006948_rank966,969,473,0.66974,88
ILSVRC2012_val_00003747_with_ILSVRC2012_val_00003629_rank581,572,572,0.95729,0
ILSVRC2012_val_00003747_with_ILSVRC2012_val_00042652_rank027,339,351,0.74312,1
ILSVRC2012_val_00003747_with_ILSVRC2012_val_00043837_rank508,184,184,0.89076,0
ILSVRC2012_val_00003747_with_ILSVRC2012_val_00005350_rank919,902,902,0.53186,0
ILSVRC2012_val_00003747_with_ILSVRC2012_val_00045687_rank412,260,260,0.93717,0
ILSVRC2012_val_00003747_with_ILSVRC2012_val_00029895_rank722,691,691,0.95512,0
ILSVRC2012_val_00003747_with_ILSVRC2012_val_00029718_rank122,130,130,0.6903,0
ILSVRC2012_val_00003747_with_ILSVRC2012_val_00047243_rank530,58,58,0.75257,0
ILSVRC2012_val_00003747_with_ILSVRC2012_val_00013045_rank080,268,268,0.44354,0
ILSVRC2012_val_00003747_with_ILSVRC2012_val_00011692_rank836,737,730,0.25956,478
ILSVRC2012_val_00003747_with_ILSVRC2012_val_00026172_rank375,564,915,0.27094,28
ILSVRC2012_val_00003747_with_ILSVRC2012_val_00036404_rank988,711,410,0.11206,420
ILSVRC2012_val_00003747_with_ILSVRC2012_val_00048272_rank886,674,674,0.60966,0
ILSVRC2012_val_00003747_with_ILSVRC2012_val_00007294_rank086,133,133,0.8893,0
ILSVRC2012_val_00003747_with_ILSVRC2012_val_00015797_rank928,767,767,0.92236,0
ILSVRC2012_val_00003747_with_ILSVRC2012_val_00013816_rank921,740,701,0.17131,494
ILSVRC2012_val_00003747_with_ILSVRC2012_val_00016739_rank084,698,663,0.28786,2
ILSVRC2012_val_00003747_with_ILSVRC2012_val_00034588_rank556,427,427,0.85292,0
ILSVRC2012_val_00003747_with_ILSVRC2012_val_00001250_rank867,173,173,0.96262,0
ILSVRC2012_val_00003747_with_ILSVRC2012_val_00047828_rank599,954,954,0.12451,0
ILSVRC2012_val_00003747_with_ILSVRC2012_val_00041302_rank997,731,731,0.20611,0
ILSVRC2012_val_00003747_with_ILSVRC2012_val_00029683_rank190,278,278,0.6937,0
ILSVRC2012_val_00003747_with_ILSVRC2012_val_00018994_rank058,363,363,0.94915,0
ILSVRC2012_val_00003747_with_ILSVRC2012_val_00039378_rank496,38,236,0.46445,526
ILSVRC2012_val_00003747_with_ILSVRC2012_val_00047672_rank676,579,579,0.88861,0
ILSVRC2012_val_00003747_with_ILSVRC2012_val_00043492_rank368,814,814,0.21989,0
ILSVRC2012_val_00003747_with_ILSVRC2012_val_00015229_rank008,354,354,0.90647,0
ILSVRC2012_val_00003747_with_ILSVRC2012_val_00033766_rank517,189,189,0.80486,0
ILSVRC2012_val_00003747_with_ILSVRC2012_val_00002670_rank719,785,843,0.63863,58
ILSVRC2012_val_00003747_with_ILSVRC2012_val_00031695_rank377,493,553,0.56679,3
ILSVRC2012_val_00003747_with_ILSVRC2012_val_00000746_rank207,586,586,0.92394,0
ILSVRC2012_val_00003747_with_ILSVRC2012_val_00001108_rank959,59,456,0.09733,202
ILSVRC2012_val_00003747_with_ILSVRC2012_val_00031668_rank624,800,800,0.85726,0
ILSVRC2012_val_00003747_with_ILSVRC2012_val_00003989_rank101,755,807,0.26587,1
ILSVRC2012_val_00003747_with_ILSVRC2012_val_00037208_rank781,667,667,0.80833,0
ILSVRC2012_val_00003747_with_ILSVRC2012_val_00013525_rank319,120,120,0.9789,0
ILSVRC2012_val_00003747_with_ILSVRC2012_val_00046396_rank824,841,841,0.50429,0
ILSVRC2012_val_00003747_with_ILSVRC2012_val_00023634_rank072,206,206,0.82686,0
ILSVRC2012_val_00003747_with_ILSVRC2012_val_00000463_rank790,943,114,0.42714,43
ILSVRC2012_val_00003747_with_ILSVRC2012_val_00000127_rank018,352,352,0.53426,0
ILSVRC2012_val_00003747_with_ILSVRC2012_val_00008663_rank755,321,321,0.9398,0
ILSVRC2012_val_00003747_with_ILSVRC2012_val_00040888_rank944,523,523,0.59374,0
ILSVRC2012_val_00003747_with_ILSVRC2012_val_00022003_rank572,41,21,0.37024,302
ILSVRC2012_val_00003747_with_ILSVRC2012_val_00008074_rank068,374,374,0.9423,0
ILSVRC2012_val_00003747_with_ILSVRC2012_val_00002097_rank468,219,219,0.93283,0
ILSVRC2012_val_00003747_with_ILSVRC2012_val_00045793_rank483,695,730,0.44278,166
ILSVRC2012_val_00003747_with_ILSVRC2012_val_00015025_rank755,321,321,0.96103,0
ILSVRC2012_val_00003747_with_ILSVRC2012_val_00043797_rank082,147,80,0.54952,80
ILSVRC2012_val_00003747_with_ILSVRC2012_val_00007125_rank389,817,802,0.2257,24
ILSVRC2012_val_00003747_with_ILSVRC2012_val_00030646_rank885,541,521,0.60104,143
ILSVRC2012_val_00003747_with_ILSVRC2012_val_00020690_rank156,83,83,0.9102,0
ILSVRC2012_val_00003747_with_ILSVRC2012_val_00011213_rank452,103,103,0.33565,0
ILSVRC2012_val_00003747_with_ILSVRC2012_val_00007703_rank535,617,636,0.48564,241
ILSVRC2012_val_00003747_with_ILSVRC2012_val_00043736_rank489,807,807,0.77856,0
ILSVRC2012_val_00003747_with_ILSVRC2012_val_00043702_rank247,6,5,0.56597,1
ILSVRC2012_val_00003747_with_ILSVRC2012_val_00009037_rank372,566,566,0.50609,0
ILSVRC2012_val_00003747_with_ILSVRC2012_val_00043849_rank917,797,797,0.76375,0
ILSVRC2012_val_00003747_with_ILSVRC2012_val_00012594_rank803,907,907,0.21828,0
ILSVRC2012_val_00003747_with_ILSVRC2012_val_00007458_rank584,951,951,0.15527,0
ILSVRC2012_val_00003747_with_ILSVRC2012_val_00044253_rank155,404,404,0.81265,0
ILSVRC2012_val_00003747_with_ILSVRC2012_val_00025800_rank765,390,390,0.96424,0
ILSVRC2012_val_00003747_with_ILSVRC2012_val_00003620_rank372,566,566,0.88691,0
ILSVRC2012_val_00003747_with_ILSVRC2012_val_00021551_rank803,907,907,0.59747,0
ILSVRC2012_val_00003747_with_ILSVRC2012_val_00032696_rank958,644,491,0.45482,740
ILSVRC2012_val_00003747_with_ILSVRC2012_val_00030739_rank707,753,637,0.18066,305
ILSVRC2012_val_00003747_with_ILSVRC2012_val_00006845_rank946,539,586,0.16742,428
ILSVRC2012_val_00003747_with_ILSVRC2012_val_00015704_rank029,365,8,0.67964,96
ILSVRC2012_val_00003747_with_ILSVRC2012_val_00029140_rank134,160,160,0.84726,0
ILSVRC2012_val_00003747_with_ILSVRC2012_val_00020141_rank239,33,47,0.50357,70
ILSVRC2012_val_00003747_with_ILSVRC2012_val_00029739_rank256,515,515,0.99013,0
ILSVRC2012_val_00003747_with_ILSVRC2012_val_00035856_rank550,116,116,0.90547,0
ILSVRC2012_val_00003747_with_ILSVRC2012_val_00020596_rank025,48,48,0.91084,0
ILSVRC2012_val_00003747_with_ILSVRC2012_val_00034131_rank781,667,667,0.92542,0
ILSVRC2012_val_00003747_with_ILSVRC2012_val_00043248_rank223,931,997,0.52966,31
ILSVRC2012_val_00003747_with_ILSVRC2012_val_00045526_rank258,652,501,0.47264,45
ILSVRC2012_val_00003747_with_ILSVRC2012_val_00048674_rank130,972,649,0.56486,7
ILSVRC2012_val_00003747_with_ILSVRC2012_val_00026243_rank646,961,344,0.13464,577
ILSVRC2012_val_00003747_with_ILSVRC2012_val_00022754_rank372,566,566,0.48045,0
ILSVRC2012_val_00003747_with_ILSVRC2012_val_00013058_rank842,798,798,0.84058,0
ILSVRC2012_val_00003747_with_ILSVRC2012_val_00008752_rank575,258,258,0.91268,0
ILSVRC2012_val_00003747_with_ILSVRC2012_val_00005362_rank967,618,284,0.79809,261
ILSVRC2012_val_00003747_with_ILSVRC2012_val_00005081_rank910,725,899,0.78999,1
ILSVRC2012_val_00003747_with_ILSVRC2012_val_00003512_rank846,754,492,0.26856,48
ILSVRC2012_val_00003747_with_ILSVRC2012_val_00007482_rank199,44,44,0.87016,0
ILSVRC2012_val_00003747_with_ILSVRC2012_val_00010309_rank057,209,209,0.7564,0
ILSVRC2012_val_00003747_with_ILSVRC2012_val_00010811_rank596,77,73,0.67307,3
ILSVRC2012_val_00003747_with_ILSVRC2012_val_00011313_rank693,802,802,0.63528,0
ILSVRC2012_val_00003747_with_ILSVRC2012_val_00038871_rank231,983,983,0.85756,0
ILSVRC2012_val_00003747_with_ILSVRC2012_val_00045896_rank184,394,730,0.11644,292
ILSVRC2012_val_00003747_with_ILSVRC2012_val_00033740_rank179,997,997,0.80666,0
ILSVRC2012_val_00003747_with_ILSVRC2012_val_00035317_rank457,54,68,0.22201,2
ILSVRC2012_val_00003747_with_ILSVRC2012_val_00003352_rank829,549,895,0.17945,85
ILSVRC2012_val_00003747_with_ILSVRC2012_val_00030359_rank646,961,929,0.09491,61
ILSVRC2012_val_00003747_with_ILSVRC2012_val_00048309_rank699,742,742,0.70961,0
ILSVRC2012_val_00003747_with_ILSVRC2012_val_00018151_rank244,497,483,0.55862,1
ILSVRC2012_val_00003747_with_ILSVRC2012_val_00035123_rank015,9,9,0.93597,0
ILSVRC2012_val_00003747_with_ILSVRC2012_val_00006868_rank402,657,730,0.70657,144
ILSVRC2012_val_00003747_with_ILSVRC2012_val_00002977_rank243,628,913,0.44774,12
ILSVRC2012_val_00003747_with_ILSVRC2012_val_00039396_rank511,963,730,0.72132,577
ILSVRC2012_val_00003747_with_ILSVRC2012_val_00029422_rank898,592,732,0.14801,21
ILSVRC2012_val_00003747_with_ILSVRC2012_val_00048826_rank643,836,351,0.76022,721
ILSVRC2012_val_00003747_with_ILSVRC2012_val_00023474_rank332,436,436,0.58555,0
ILSVRC2012_val_00003747_with_ILSVRC2012_val_00016163_rank915,688,688,0.98319,0
ILSVRC2012_val_00003747_with_ILSVRC2012_val_00020380_rank164,227,227,0.98692,0
ILSVRC2012_val_00003747_with_ILSVRC2012_val_00004870_rank073,271,271,0.5469,0
ILSVRC2012_val_00003747_with_ILSVRC2012_val_00034951_rank630,196,196,0.74316,0
ILSVRC2012_val_00003747_with_ILSVRC2012_val_00048783_rank716,202,200,0.7801,8
ILSVRC2012_val_00003747_with_ILSVRC2012_val_00012854_rank818,464,348,0.17694,828
ILSVRC2012_val_00003747_with_ILSVRC2012_val_00015191_rank547,477,477,0.35785,0
ILSVRC2012_val_00003747_with_ILSVRC2012_val_00026425_rank945,588,588,0.56922,0
ILSVRC2012_val_00003747_with_ILSVRC2012_val_00022749_rank335,393,392,0.31036,3
ILSVRC2012_val_00003747_with_ILSVRC2012_val_00001734_rank919,902,410,0.03228,650
ILSVRC2012_val_00003747_with_ILSVRC2012_val_00003987_rank110,88,88,0.91389,0
ILSVRC2012_val_00003747_with_ILSVRC2012_val_00002942_rank659,870,870,0.93325,0
ILSVRC2012_val_00003747_with_ILSVRC2012_val_00024844_rank095,375,375,0.93011,0
ILSVRC2012_val_00003747_with_ILSVRC2012_val_00000459_rank793,414,797,0.61852,5
ILSVRC2012_val_00003747_with_ILSVRC2012_val_00044855_rank884,31,353,0.3199,381
ILSVRC2012_val_00003747_with_ILSVRC2012_val_00034616_rank158,159,159,0.93917,0
ILSVRC2012_val_00003747_with_ILSVRC2012_val_00035020_rank928,767,958,0.28905,492
ILSVRC2012_val_00003747_with_ILSVRC2012_val_00014389_rank330,337,337,0.86916,0
ILSVRC2012_val_00003747_with_ILSVRC2012_val_00013899_rank521,25,25,0.66679,0
ILSVRC2012_val_00003747_with_ILSVRC2012_val_00044129_rank046,297,297,0.91438,0
ILSVRC2012_val_00003747_with_ILSVRC2012_val_00042739_rank225,912,912,0.85607,0
ILSVRC2012_val_00003747_with_ILSVRC2012_val_00037483_rank085,305,305,0.86273,0
ILSVRC2012_val_00003747_with_ILSVRC2012_val_00017026_rank324,554,912,0.16474,364
ILSVRC2012_val_00003747_with_ILSVRC2012_val_00044457_rank943,469,463,0.20922,9
ILSVRC2012_val_00003747_with_ILSVRC2012_val_00043677_rank808,389,389,0.73107,0
ILSVRC2012_val_00003747_with_ILSVRC2012_val_00022418_rank105,129,129,0.96239,0
ILSVRC2012_val_00003747_with_ILSVRC2012_val_00013183_rank319,120,83,0.20877,100
ILSVRC2012_val_00003747_with_ILSVRC2012_val_00018981_rank114,104,104,0.92745,0
ILSVRC2012_val_00003747_with_ILSVRC2012_val_00027498_rank775,14,14,0.89717,0
ILSVRC2012_val_00003747_with_ILSVRC2012_val_00029471_rank704,118,353,0.77965,870
ILSVRC2012_val_00003747_with_ILSVRC2012_val_00030926_rank337,3,3,0.93388,0
ILSVRC2012_val_00003747_with_ILSVRC2012_val_00012566_rank450,208,208,0.82719,0
ILSVRC2012_val_00003747_with_ILSVRC2012_val_00035609_rank415,176,176,0.92378,0
ILSVRC2012_val_00003747_with_ILSVRC2012_val_00009961_rank270,514,176,0.61937,233
ILSVRC2012_val_00003747_with_ILSVRC2012_val_00001906_rank706,8,8,0.61278,0
ILSVRC2012_val_00003747_with_ILSVRC2012_val_00030395_rank620,113,113,0.92289,0
ILSVRC2012_val_00003747_with_ILSVRC2012_val_00024159_rank682,478,595,0.09197,226
ILSVRC2012_val_00003747_with_ILSVRC2012_val_00047356_rank709,222,222,0.72538,0
ILSVRC2012_val_00003747_with_ILSVRC2012_val_00005358_rank308,281,282,0.41584,1
ILSVRC2012_val_00003747_with_ILSVRC2012_val_00007641_rank583,741,741,0.88855,0
ILSVRC2012_val_00003747_with_ILSVRC2012_val_00027314_rank889,412,637,0.6829,2
ILSVRC2012_val_00003747_with_ILSVRC2012_val_00007614_rank860,948,948,0.92525,0
ILSVRC2012_val_00003747_with_ILSVRC2012_val_00007554_rank226,364,364,0.78836,0
ILSVRC2012_val_00003747_with_ILSVRC2012_val_00011348_rank566,949,949,0.93307,0
ILSVRC2012_val_00003747_with_ILSVRC2012_val_00035381_rank796,193,187,0.2896,2
ILSVRC2012_val_00003747_with_ILSVRC2012_val_00010562_rank731,316,35,0.36193,54
ILSVRC2012_val_00003747_with_ILSVRC2012_val_00002183_rank793,414,414,0.93532,0
ILSVRC2012_val_00003747_with_ILSVRC2012_val_00035894_rank868,999,412,0.05155,47
ILSVRC2012_val_00003747_with_ILSVRC2012_val_00003493_rank127,144,144,0.83434,0
ILSVRC2012_val_00003747_with_ILSVRC2012_val_00030075_rank010,351,351,0.91791,0
ILSVRC2012_val_00003747_with_ILSVRC2012_val_00022628_rank599,954,997,0.36014,42
ILSVRC2012_val_00003747_with_ILSVRC2012_val_00007281_rank227,702,702,0.79618,0
ILSVRC2012_val_00003747_with_ILSVRC2012_val_00012175_rank542,556,556,0.6491,0
ILSVRC2012_val_00003747_with_ILSVRC2012_val_00001738_rank610,482,412,0.07066,922
ILSVRC2012_val_00003747_with_ILSVRC2012_val_00022482_rank497,56,56,0.16568,0
ILSVRC2012_val_00003747_with_ILSVRC2012_val_00020984_rank363,583,583,0.53164,0
ILSVRC2012_val_00003747_with_ILSVRC2012_val_00036002_rank669,164,164,0.99612,0
ILSVRC2012_val_00003747_with_ILSVRC2012_val_00013163_rank204,413,413,0.60559,0
ILSVRC2012_val_00003747_with_ILSVRC2012_val_00026395_rank014,349,349,0.2022,0
ILSVRC2012_val_00003747_with_ILSVRC2012_val_00037926_rank609,988,988,0.8935,0
ILSVRC2012_val_00003747_with_ILSVRC2012_val_00015446_rank157,270,346,0.89719,313
ILSVRC2012_val_00003747_with_ILSVRC2012_val_00045772_rank677,777,764,0.03838,7
ILSVRC2012_val_00003747_with_ILSVRC2012_val_00009393_rank071,132,132,0.67031,0
ILSVRC2012_val_00003747_with_ILSVRC2012_val_00037692_rank406,391,43,0.28608,643
ILSVRC2012_val_00003747_with_ILSVRC2012_val_00002234_rank279,241,241,0.77932,0
ILSVRC2012_val_00003747_with_ILSVRC2012_val_00028071_rank480,326,326,0.94256,0
ILSVRC2012_val_00003747_with_ILSVRC2012_val_00005241_rank918,488,275,0.06748,383
ILSVRC2012_val_00003747_with_ILSVRC2012_val_00034940_rank841,551,838,0.43065,3
ILSVRC2012_val_00003747_with_ILSVRC2012_val_00044706_rank727,11,11,0.92741,0
ILSVRC2012_val_00003747_with_ILSVRC2012_val_00036829_rank722,691,971,0.59965,47
ILSVRC2012_val_00003747_with_ILSVRC2012_val_00000735_rank105,129,144,0.7694,5
ILSVRC2012_val_00003747_with_ILSVRC2012_val_00027233_rank358,279,385,0.1564,281
ILSVRC2012_val_00003747_with_ILSVRC2012_val_00019119_rank281,285,285,0.33719,0
ILSVRC2012_val_00003747_with_ILSVRC2012_val_00015116_rank510,215,216,0.86612,6
ILSVRC2012_val_00003747_with_ILSVRC2012_val_00049843_rank177,408,408,0.96633,0
ILSVRC2012_val_00003747_with_ILSVRC2012_val_00036135_rank503,590,782,0.37838,5
ILSVRC2012_val_00003747_with_ILSVRC2012_val_00031128_rank494,302,305,0.38083,2
ILSVRC2012_val_00003747_with_ILSVRC2012_val_00027219_rank137,233,221,0.33847,10
ILSVRC2012_val_00003747_with_ILSVRC2012_val_00031472_rank616,317,317,0.95445,0
ILSVRC2012_val_00003747_with_ILSVRC2012_val_00027800_rank901,429,429,0.96692,0
ILSVRC2012_val_00003747_with_ILSVRC2012_val_00004859_rank173,24,24,0.98849,0
ILSVRC2012_val_00003747_with_ILSVRC2012_val_00011337_rank316,779,701,0.38546,62
ILSVRC2012_val_00003747_with_ILSVRC2012_val_00017154_rank266,765,559,0.18319,1
ILSVRC2012_val_00003747_with_ILSVRC2012_val_00044661_rank379,155,155,0.95461,0
ILSVRC2012_val_00003747_with_ILSVRC2012_val_00024263_rank466,660,448,0.46546,67
ILSVRC2012_val_00003747_with_ILSVRC2012_val_00004732_rank818,464,600,0.19509,28
ILSVRC2012_val_00003747_with_ILSVRC2012_val_00030637_rank450,208,172,0.87606,31
ILSVRC2012_val_00003747_with_ILSVRC2012_val_00016102_rank160,663,663,0.1743,0
ILSVRC2012_val_00003747_with_ILSVRC2012_val_00023788_rank320,231,230,0.5236,2
ILSVRC2012_val_00003747_with_ILSVRC2012_val_00044238_rank141,98,98,0.90461,0
ILSVRC2012_val_00003747_with_ILSVRC2012_val_00042517_rank418,953,953,0.92568,0
ILSVRC2012_val_00003747_with_ILSVRC2012_val_00039260_rank266,765,559,0.48343,1
ILSVRC2012_val_00003747_with_ILSVRC2012_val_00015652_rank040,958,730,0.60802,8
ILSVRC2012_val_00003747_with_ILSVRC2012_val_00048669_rank329,335,335,0.3885,0
ILSVRC2012_val_00003747_with_ILSVRC2012_val_00004640_rank756,994,596,0.30553,239
ILSVRC2012_val_00003747_with_ILSVRC2012_val_00044421_rank892,813,813,0.99039,0
ILSVRC2012_val_00003747_with_ILSVRC2012_val_00002536_rank798,18,18,0.93165,0
ILSVRC2012_val_00003747_with_ILSVRC2012_val_00044746_rank203,995,995,0.84737,0
ILSVRC2012_val_00003747_with_ILSVRC2012_val_00002653_rank179,997,997,0.53149,0
ILSVRC2012_val_00003747_with_ILSVRC2012_val_00034308_rank790,943,943,0.59584,0
ILSVRC2012_val_00003747_with_ILSVRC2012_val_00037030_rank991,786,428,0.09601,626
ILSVRC2012_val_00003747_with_ILSVRC2012_val_00047228_rank195,952,952,0.37736,0
ILSVRC2012_val_00003747_with_ILSVRC2012_val_00016045_rank298,750,797,0.22978,5
ILSVRC2012_val_00003747_with_ILSVRC2012_val_00004659_rank252,126,126,0.75467,0
ILSVRC2012_val_00003747_with_ILSVRC2012_val_00032152_rank256,515,501,0.04968,79
ILSVRC2012_val_00003747_with_ILSVRC2012_val_00026459_rank907,804,412,0.72906,74
ILSVRC2012_val_00003747_with_ILSVRC2012_val_00044812_rank460,735,347,0.63448,159
ILSVRC2012_val_00003747_with_ILSVRC2012_val_00032473_rank110,88,88,0.98555,0
ILSVRC2012_val_00003747_with_ILSVRC2012_val_00023125_rank809,13,99,0.26064,120
ILSVRC2012_val_00003747_with_ILSVRC2012_val_00013554_rank049,272,273,0.33007,8
ILSVRC2012_val_00003747_with_ILSVRC2012_val_00019527_rank711,315,315,0.87374,0
ILSVRC2012_val_00003747_with_ILSVRC2012_val_00037780_rank337,3,3,0.92702,0
ILSVRC2012_val_00003747_with_ILSVRC2012_val_00001629_rank108,87,87,0.96793,0
ILSVRC2012_val_00003747_with_ILSVRC2012_val_00024726_rank141,98,98,0.9137,0
ILSVRC2012_val_00003747_with_ILSVRC2012_val_00010506_rank937,653,653,0.76558,0
ILSVRC2012_val_00003747_with_ILSVRC2012_val_00028647_rank963,659,659,0.69804,0
ILSVRC2012_val_00003747_with_ILSVRC2012_val_00015352_rank987,859,859,0.93579,0
ILSVRC2012_val_00003747_with_ILSVRC2012_val_00012331_rank614,52,63,0.45645,16
ILSVRC2012_val_00003747_with_ILSVRC2012_val_00007651_rank293,141,141,0.93639,0
ILSVRC2012_val_00003747_with_ILSVRC2012_val_00047807_rank899,616,138,0.28615,899
ILSVRC2012_val_00003747_with_ILSVRC2012_val_00020296_rank208,805,805,0.94239,0
ILSVRC2012_val_00003747_with_ILSVRC2012_val_00031701_rank942,824,824,0.87,0
ILSVRC2012_val_00003747_with_ILSVRC2012_val_00004701_rank529,986,986,0.76577,0
ILSVRC2012_val_00003747_with_ILSVRC2012_val_00048939_rank102,368,369,0.83381,1
ILSVRC2012_val_00003747_with_ILSVRC2012_val_00030671_rank701,186,184,0.7299,8
ILSVRC2012_val_00003747_with_ILSVRC2012_val_00037434_rank740,502,502,0.88268,0
ILSVRC2012_val_00003747_with_ILSVRC2012_val_00040909_rank825,240,240,0.51247,0
ILSVRC2012_val_00003747_with_ILSVRC2012_val_00023716_rank384,547,595,0.74828,22
ILSVRC2012_val_00003747_with_ILSVRC2012_val_00018986_rank568,648,595,0.21214,954
ILSVRC2012_val_00003747_with_ILSVRC2012_val_00009469_rank710,640,646,0.5086,2
ILSVRC2012_val_00003747_with_ILSVRC2012_val_00040621_rank589,70,70,0.8323,0
ILSVRC2012_val_00003747_with_ILSVRC2012_val_00018697_rank1000,852,852,0.95023,0
ILSVRC2012_val_00003747_with_ILSVRC2012_val_00008259_rank608,738,738,0.88827,0
ILSVRC2012_val_00003747_with_ILSVRC2012_val_00018092_rank146,23,23,0.45856,0
ILSVRC2012_val_00003747_with_ILSVRC2012_val_00030788_rank767,557,351,0.13248,590
ILSVRC2012_val_00003747_with_ILSVRC2012_val_00030431_rank661,94,94,0.90226,0
ILSVRC2012_val_00003747_with_ILSVRC2012_val_00008539_rank234,370,370,0.91086,0
ILSVRC2012_val_00003747_with_ILSVRC2012_val_00009776_rank448,929,929,0.89161,0
ILSVRC2012_val_00003747_with_ILSVRC2012_val_00035089_rank660,599,539,0.26236,105
ILSVRC2012_val_00003747_with_ILSVRC2012_val_00046323_rank564,139,139,0.88953,0
ILSVRC2012_val_00003747_with_ILSVRC2012_val_00018161_rank731,316,316,0.79164,0
ILSVRC2012_val_00003747_with_ILSVRC2012_val_00005243_rank094,334,334,0.93737,0
ILSVRC2012_val_00003747_with_ILSVRC2012_val_00046808_rank887,504,504,0.77277,0
ILSVRC2012_val_00003747_with_ILSVRC2012_val_00004992_rank802,195,159,0.65152,476
ILSVRC2012_val_00003747_with_ILSVRC2012_val_00047237_rank230,756,412,0.34598,3
ILSVRC2012_val_00003747_with_ILSVRC2012_val_00017002_rank088,43,43,0.95446,0
ILSVRC2012_val_00003747_with_ILSVRC2012_val_00030097_rank613,236,173,0.39373,24
ILSVRC2012_val_00003747_with_ILSVRC2012_val_00049918_rank849,542,541,0.25465,1
ILSVRC2012_val_00003747_with_ILSVRC2012_val_00027378_rank425,307,307,0.8805,0
ILSVRC2012_val_00003747_with_ILSVRC2012_val_00028068_rank744,311,351,0.50292,235
ILSVRC2012_val_00003747_with_ILSVRC2012_val_00028522_rank242,90,90,0.95859,0
ILSVRC2012_val_00003747_with_ILSVRC2012_val_00028658_rank187,847,586,0.68072,1
ILSVRC2012_val_00003747_with_ILSVRC2012_val_00043845_rank930,262,262,0.9166,0
ILSVRC2012_val_00003747_with_ILSVRC2012_val_00049647_rank736,781,919,0.36034,3
ILSVRC2012_val_00003747_with_ILSVRC2012_val_00014248_rank106,102,102,0.90984,0
ILSVRC2012_val_00003747_with_ILSVRC2012_val_00015530_rank179,997,997,0.7714,0
ILSVRC2012_val_00003747_with_ILSVRC2012_val_00044014_rank617,964,964,0.97627,0
ILSVRC2012_val_00003747_with_ILSVRC2012_val_00025001_rank164,227,227,0.9852,0
ILSVRC2012_val_00003747_with_ILSVRC2012_val_00013369_rank059,275,275,0.92693,0
ILSVRC2012_val_00003747_with_ILSVRC2012_val_00045371_rank869,440,440,0.86926,0
ILSVRC2012_val_00003747_with_ILSVRC2012_val_00040294_rank830,891,891,0.97625,0
ILSVRC2012_val_00003747_with_ILSVRC2012_val_00039696_rank475,224,224,0.93205,0
ILSVRC2012_val_00003747_with_ILSVRC2012_val_00044780_rank895,827,637,0.74,123
ILSVRC2012_val_00003747_with_ILSVRC2012_val_00027792_rank773,434,636,0.60688,177
ILSVRC2012_val_00003747_with_ILSVRC2012_val_00043538_rank222,228,228,0.97351,0
ILSVRC2012_val_00003747_with_ILSVRC2012_val_00028156_rank886,674,539,0.07167,104
ILSVRC2012_val_00003747_with_ILSVRC2012_val_00031269_rank003,101,385,0.47336,1
ILSVRC2012_val_00003747_with_ILSVRC2012_val_00006068_rank736,781,781,0.95436,0
ILSVRC2012_val_00003747_with_ILSVRC2012_val_00026795_rank169,444,444,0.92817,0
ILSVRC2012_val_00003747_with_ILSVRC2012_val_00004192_rank649,248,250,0.64105,1
ILSVRC2012_val_00003747_with_ILSVRC2012_val_00001411_rank331,675,675,0.47514,0
ILSVRC2012_val_00003747_with_ILSVRC2012_val_00016076_rank644,200,200,0.92432,0
ILSVRC2012_val_00003747_with_ILSVRC2012_val_00021973_rank672,327,327,0.98981,0
ILSVRC2012_val_00003747_with_ILSVRC2012_val_00048968_rank081,915,915,0.98757,0
ILSVRC2012_val_00003747_with_ILSVRC2012_val_00004741_rank463,550,864,0.28502,785
ILSVRC2012_val_00003747_with_ILSVRC2012_val_00041419_rank950,422,422,0.77477,0
ILSVRC2012_val_00003747_with_ILSVRC2012_val_00014402_rank181,373,373,0.76562,0
ILSVRC2012_val_00003747_with_ILSVRC2012_val_00005229_rank643,836,463,0.21512,150
ILSVRC2012_val_00003747_with_ILSVRC2012_val_00022334_rank708,86,86,0.75274,0
ILSVRC2012_val_00003747_with_ILSVRC2012_val_00049141_rank772,19,19,0.95108,0
ILSVRC2012_val_00003747_with_ILSVRC2012_val_00037843_rank865,840,840,0.14102,0
ILSVRC2012_val_00003747_with_ILSVRC2012_val_00028953_rank695,875,428,0.85559,456
ILSVRC2012_val_00003747_with_ILSVRC2012_val_00016894_rank402,657,471,0.44117,5
ILSVRC2012_val_00003747_with_ILSVRC2012_val_00007194_rank955,585,898,0.57198,11
ILSVRC2012_val_00003747_with_ILSVRC2012_val_00021029_rank558,512,138,0.3627,498
ILSVRC2012_val_00003747_with_ILSVRC2012_val_00047913_rank484,156,156,0.69083,0
ILSVRC2012_val_00003747_with_ILSVRC2012_val_00007032_rank352,217,217,0.87189,0
ILSVRC2012_val_00003747_with_ILSVRC2012_val_00000555_rank695,875,730,0.31616,784
ILSVRC2012_val_00003747_with_ILSVRC2012_val_00043865_rank603,901,901,0.94494,0
ILSVRC2012_val_00003747_with_ILSVRC2012_val_00047511_rank892,813,813,0.7524,0
ILSVRC2012_val_00003747_with_ILSVRC2012_val_00037985_rank927,419,173,0.50836,621
ILSVRC2012_val_00003747_with_ILSVRC2012_val_00014442_rank779,904,904,0.96797,0
ILSVRC2012_val_00003747_with_ILSVRC2012_val_00028399_rank372,566,787,0.23102,30
ILSVRC2012_val_00003747_with_ILSVRC2012_val_00037763_rank465,789,789,0.91925,0
ILSVRC2012_val_00003747_with_ILSVRC2012_val_00008563_rank940,473,764,0.2884,405
ILSVRC2012_val_00003747_with_ILSVRC2012_val_00015656_rank461,522,429,0.16441,5
ILSVRC2012_val_00003747_with_ILSVRC2012_val_00047753_rank706,8,8,0.87173,0
ILSVRC2012_val_00003747_with_ILSVRC2012_val_00005609_rank515,849,849,0.58889,0
ILSVRC2012_val_00003747_with_ILSVRC2012_val_00017258_rank697,492,412,0.31195,43
ILSVRC2012_val_00003747_with_ILSVRC2012_val_00017092_rank415,176,176,0.76036,0
ILSVRC2012_val_00003747_with_ILSVRC2012_val_00010972_rank652,746,768,0.90721,33
ILSVRC2012_val_00003747_with_ILSVRC2012_val_00009549_rank679,987,522,0.11247,797
ILSVRC2012_val_00003747_with_ILSVRC2012_val_00028756_rank430,576,449,0.22963,1
ILSVRC2012_val_00003747_with_ILSVRC2012_val_00025769_rank323,866,866,0.84058,0
ILSVRC2012_val_00003747_with_ILSVRC2012_val_00040381_rank873,151,173,0.68137,10
ILSVRC2012_val_00003747_with_ILSVRC2012_val_00038855_rank489,807,807,0.95261,0
ILSVRC2012_val_00003747_with_ILSVRC2012_val_00036683_rank230,756,412,0.18396,3
ILSVRC2012_val_00003747_with_ILSVRC2012_val_00024738_rank823,774,774,0.84746,0
ILSVRC2012_val_00003747_with_ILSVRC2012_val_00032067_rank181,373,373,0.86226,0
ILSVRC2012_val_00003747_with_ILSVRC2012_val_00038139_rank903,704,704,0.95666,0
ILSVRC2012_val_00003747_with_ILSVRC2012_val_00035237_rank091,575,575,0.89507,0
ILSVRC2012_val_00003747_with_ILSVRC2012_val_00038057_rank600,1,15,0.24912,122
ILSVRC2012_val_00003747_with_ILSVRC2012_val_00034413_rank337,3,730,0.21201,136
ILSVRC2012_val_00003747_with_ILSVRC2012_val_00017968_rank297,245,245,0.79594,0
ILSVRC2012_val_00003747_with_ILSVRC2012_val_00025089_rank711,315,315,0.71444,0
ILSVRC2012_val_00003747_with_ILSVRC2012_val_00005452_rank778,823,823,0.6573,0
ILSVRC2012_val_00003747_with_ILSVRC2012_val_00003806_rank406,391,389,0.65923,2
ILSVRC2012_val_00003747_with_ILSVRC2012_val_00025568_rank522,899,725,0.51257,1
ILSVRC2012_val_00003747_with_ILSVRC2012_val_00041077_rank883,439,494,0.41983,216
ILSVRC2012_val_00003747_with_ILSVRC2012_val_00042445_rank237,874,874,0.535,0
ILSVRC2012_val_00003747_with_ILSVRC2012_val_00046074_rank591,73,73,0.75039,0
ILSVRC2012_val_00003747_with_ILSVRC2012_val_00025077_rank472,822,807,0.08743,11
ILSVRC2012_val_00003747_with_ILSVRC2012_val_00007729_rank706,8,8,0.72609,0
ILSVRC2012_val_00003747_with_ILSVRC2012_val_00029427_rank047,360,150,0.35913,3
ILSVRC2012_val_00003747_with_ILSVRC2012_val_00027852_rank677,777,958,0.18282,642
ILSVRC2012_val_00003747_with_ILSVRC2012_val_00019840_rank912,526,681,0.49413,11
ILSVRC2012_val_00003747_with_ILSVRC2012_val_00032502_rank969,696,428,0.70469,176
ILSVRC2012_val_00003747_with_ILSVRC2012_val_00045148_rank332,436,436,0.57838,0
ILSVRC2012_val_00003747_with_ILSVRC2012_val_00026883_rank147,820,820,0.78657,0
ILSVRC2012_val_00003747_with_ILSVRC2012_val_00012555_rank569,645,645,0.76476,0
ILSVRC2012_val_00003747_with_ILSVRC2012_val_00023796_rank661,94,94,0.95756,0
ILSVRC2012_val_00003747_with_ILSVRC2012_val_00032738_rank222,228,228,0.96041,0
ILSVRC2012_val_00003747_with_ILSVRC2012_val_00000264_rank192,694,694,0.94084,0
ILSVRC2012_val_00003747_with_ILSVRC2012_val_00048065_rank130,972,649,0.81937,7
ILSVRC2012_val_00003747_with_ILSVRC2012_val_00035952_rank473,179,179,0.78674,0
ILSVRC2012_val_00003747_with_ILSVRC2012_val_00044545_rank787,770,770,0.56494,0
ILSVRC2012_val_00003747_with_ILSVRC2012_val_00022501_rank752,218,218,0.95497,0
ILSVRC2012_val_00003747_with_ILSVRC2012_val_00002749_rank490,261,261,0.87893,0
ILSVRC2012_val_00003747_with_ILSVRC2012_val_00005429_rank435,111,730,0.23822,347
ILSVRC2012_val_00003747_with_ILSVRC2012_val_00002515_rank949,122,122,0.87744,0
ILSVRC2012_val_00003747_with_ILSVRC2012_val_00045328_rank587,560,560,0.93286,0
ILSVRC2012_val_00003747_with_ILSVRC2012_val_00005610_rank927,419,539,0.19077,132
ILSVRC2012_val_00003747_with_ILSVRC2012_val_00046566_rank830,891,891,0.63231,0
ILSVRC2012_val_00003747_with_ILSVRC2012_val_00029832_rank969,696,696,0.6993,0
ILSVRC2012_val_00003747_with_ILSVRC2012_val_00022940_rank795,803,730,0.65655,3
ILSVRC2012_val_00003747_with_ILSVRC2012_val_00023928_rank613,236,236,0.66514,0
ILSVRC2012_val_00003747_with_ILSVRC2012_val_00037948_rank808,389,389,0.86271,0
ILSVRC2012_val_00003747_with_ILSVRC2012_val_00014615_rank325,879,879,0.3784,0
ILSVRC2012_val_00003747_with_ILSVRC2012_val_00008118_rank490,261,261,0.22634,0
ILSVRC2012_val_00003747_with_ILSVRC2012_val_00003944_rank610,482,482,0.55604,0
ILSVRC2012_val_00003747_with_ILSVRC2012_val_00006514_rank254,322,326,0.73022,1
ILSVRC2012_val_00003747_with_ILSVRC2012_val_00011727_rank377,493,493,0.37567,0
ILSVRC2012_val_00003747_with_ILSVRC2012_val_00011564_rank516,323,323,0.91442,0
ILSVRC2012_val_00003747_with_ILSVRC2012_val_00026933_rank950,422,422,0.9037,0
ILSVRC2012_val_00003747_with_ILSVRC2012_val_00031652_rank594,806,806,0.59432,0
ILSVRC2012_val_00003747_with_ILSVRC2012_val_00032941_rank655,956,956,0.91385,0
ILSVRC2012_val_00003747_with_ILSVRC2012_val_00006841_rank886,674,674,0.99783,0
ILSVRC2012_val_00003747_with_ILSVRC2012_val_00048133_rank967,618,641,0.7649,55
ILSVRC2012_val_00003747_with_ILSVRC2012_val_00030995_rank411,843,559,0.22011,11
ILSVRC2012_val_00003747_with_ILSVRC2012_val_00029325_rank494,302,302,0.71402,0
ILSVRC2012_val_00003747_with_ILSVRC2012_val_00009952_rank911,546,546,0.88489,0
ILSVRC2012_val_00003747_with_ILSVRC2012_val_00022701_rank430,576,576,0.78326,0
ILSVRC2012_val_00003747_with_ILSVRC2012_val_00039602_rank886,674,730,0.69345,105
ILSVRC2012_val_00003747_with_ILSVRC2012_val_00020575_rank166,973,649,0.81079,327
ILSVRC2012_val_00003747_with_ILSVRC2012_val_00030712_rank181,373,373,0.77826,0
ILSVRC2012_val_00003747_with_ILSVRC2012_val_00032279_rank866,521,469,0.2461,14
ILSVRC2012_val_00003747_with_ILSVRC2012_val_00044666_rank518,676,676,0.999,0
ILSVRC2012_val_00003747_with_ILSVRC2012_val_00026733_rank175,146,146,0.93086,0
ILSVRC2012_val_00003747_with_ILSVRC2012_val_00023373_rank219,63,48,0.28694,29
ILSVRC2012_val_00003747_with_ILSVRC2012_val_00030365_rank028,150,234,0.14731,87
ILSVRC2012_val_00003747_with_ILSVRC2012_val_00016305_rank535,617,591,0.80652,51
ILSVRC2012_val_00003747_with_ILSVRC2012_val_00035057_rank483,695,695,0.77709,0
ILSVRC2012_val_00003747_with_ILSVRC2012_val_00013990_rank283,336,276,0.22282,66
ILSVRC2012_val_00003747_with_ILSVRC2012_val_00020795_rank949,122,122,0.94964,0
ILSVRC2012_val_00003747_with_ILSVRC2012_val_00035597_rank218,267,267,0.95151,0
ILSVRC2012_val_00003747_with_ILSVRC2012_val_00039683_rank750,662,487,0.41271,15
ILSVRC2012_val_00003747_with_ILSVRC2012_val_00020217_rank078,376,376,0.97629,0
ILSVRC2012_val_00003747_with_ILSVRC2012_val_00033017_rank424,265,265,0.51919,0
ILSVRC2012_val_00003747_with_ILSVRC2012_val_00038343_rank467,938,938,0.90997,0
ILSVRC2012_val_00003747_with_ILSVRC2012_val_00016650_rank571,555,555,0.86065,0
ILSVRC2012_val_00003747_with_ILSVRC2012_val_00009538_rank887,504,463,0.31823,30
ILSVRC2012_val_00003747_with_ILSVRC2012_val_00020607_rank381,846,846,0.18544,0
ILSVRC2012_val_00003747_with_ILSVRC2012_val_00000286_rank559,728,351,0.07587,502
ILSVRC2012_val_00003747_with_ILSVRC2012_val_00023309_rank310,787,730,0.44454,110
ILSVRC2012_val_00003747_with_ILSVRC2012_val_00006331_rank857,26,298,0.11914,86
ILSVRC2012_val_00003747_with_ILSVRC2012_val_00001514_rank724,957,584,0.16488,224
ILSVRC2012_val_00003747_with_ILSVRC2012_val_00007902_rank673,630,637,0.91915,332
ILSVRC2012_val_00003747_with_ILSVRC2012_val_00024149_rank820,909,909,0.80149,0
ILSVRC2012_val_00003747_with_ILSVRC2012_val_00023810_rank034,292,292,0.92696,0
ILSVRC2012_val_00003747_with_ILSVRC2012_val_00028093_rank087,821,821,0.86634,0
ILSVRC2012_val_00003747_with_ILSVRC2012_val_00003461_rank202,654,609,0.76031,12
ILSVRC2012_val_00003747_with_ILSVRC2012_val_00037710_rank141,98,221,0.48162,50
ILSVRC2012_val_00003747_with_ILSVRC2012_val_00034291_rank598,249,249,0.96449,0
ILSVRC2012_val_00003747_with_ILSVRC2012_val_00017324_rank159,540,517,0.43656,2
ILSVRC2012_val_00003747_with_ILSVRC2012_val_00018935_rank480,326,326,0.74988,0
ILSVRC2012_val_00003747_with_ILSVRC2012_val_00012060_rank338,263,263,0.87085,0
ILSVRC2012_val_00003747_with_ILSVRC2012_val_00036142_rank605,939,945,0.13592,5
ILSVRC2012_val_00003747_with_ILSVRC2012_val_00028149_rank892,813,618,0.56288,4
ILSVRC2012_val_00003747_with_ILSVRC2012_val_00013910_rank667,830,595,0.41578,81
ILSVRC2012_val_00003747_with_ILSVRC2012_val_00039138_rank789,121,701,0.51864,298
ILSVRC2012_val_00003747_with_ILSVRC2012_val_00028577_rank457,54,54,0.8694,0
ILSVRC2012_val_00003747_with_ILSVRC2012_val_00001525_rank402,657,895,0.39015,2
ILSVRC2012_val_00003747_with_ILSVRC2012_val_00004769_rank442,850,850,0.91096,0
ILSVRC2012_val_00003747_with_ILSVRC2012_val_00010366_rank492,922,458,0.62805,4
ILSVRC2012_val_00003747_with_ILSVRC2012_val_00040313_rank490,261,261,0.93537,0
ILSVRC2012_val_00003747_with_ILSVRC2012_val_00004331_rank089,869,501,0.26347,3
ILSVRC2012_val_00003747_with_ILSVRC2012_val_00026565_rank774,528,528,0.80739,0
ILSVRC2012_val_00003747_with_ILSVRC2012_val_00014054_rank439,757,609,0.74402,12
ILSVRC2012_val_00003747_with_ILSVRC2012_val_00022978_rank803,907,412,0.18112,280
ILSVRC2012_val_00003747_with_ILSVRC2012_val_00031291_rank900,826,409,0.70509,4
ILSVRC2012_val_00003747_with_ILSVRC2012_val_00005871_rank411,843,843,0.77265,0
ILSVRC2012_val_00003747_with_ILSVRC2012_val_00021031_rank868,999,471,0.13842,201
ILSVRC2012_val_00003747_with_ILSVRC2012_val_00004355_rank555,378,99,0.225,437
ILSVRC2012_val_00003747_with_ILSVRC2012_val_00017679_rank549,776,912,0.39291,976
ILSVRC2012_val_00003747_with_ILSVRC2012_val_00031066_rank803,907,966,0.43543,1
ILSVRC2012_val_00003747_with_ILSVRC2012_val_00020275_rank066,383,383,0.81541,0
ILSVRC2012_val_00003747_with_ILSVRC2012_val_00043070_rank662,604,604,0.97792,0
ILSVRC2012_val_00003747_with_ILSVRC2012_val_00022876_rank617,964,964,0.89065,0
ILSVRC2012_val_00003747_with_ILSVRC2012_val_00007165_rank137,233,233,0.80809,0
ILSVRC2012_val_00003747_with_ILSVRC2012_val_00025502_rank357,935,935,0.55365,0
ILSVRC2012_val_00003747_with_ILSVRC2012_val_00000572_rank897,965,112,0.34967,41
ILSVRC2012_val_00003747_with_ILSVRC2012_val_00015800_rank190,278,276,0.68666,12
ILSVRC2012_val_00003747_with_ILSVRC2012_val_00031661_rank715,534,534,0.91166,0
ILSVRC2012_val_00003747_with_ILSVRC2012_val_00029152_rank930,262,262,0.56015,0
ILSVRC2012_val_00003747_with_ILSVRC2012_val_00002878_rank638,212,212,0.88672,0
ILSVRC2012_val_00003747_with_ILSVRC2012_val_00014009_rank524,27,27,0.94097,0
ILSVRC2012_val_00003747_with_ILSVRC2012_val_00014860_rank560,831,104,0.86623,822
ILSVRC2012_val_00003747_with_ILSVRC2012_val_00005977_rank500,417,417,0.91886,0
ILSVRC2012_val_00003747_with_ILSVRC2012_val_00033806_rank050,603,603,0.92874,0
ILSVRC2012_val_00003747_with_ILSVRC2012_val_00010176_rank546,140,140,0.96987,0
ILSVRC2012_val_00003747_with_ILSVRC2012_val_00007664_rank191,93,93,0.94296,0
ILSVRC2012_val_00003747_with_ILSVRC2012_val_00025970_rank716,202,202,0.96829,0
ILSVRC2012_val_00003747_with_ILSVRC2012_val_00027147_rank778,823,870,0.31427,73
ILSVRC2012_val_00003747_with_ILSVRC2012_val_00032454_rank489,807,807,0.50798,0
ILSVRC2012_val_00003747_with_ILSVRC2012_val_00030463_rank481,333,333,0.83299,0
ILSVRC2012_val_00003747_with_ILSVRC2012_val_00028661_rank468,219,219,0.74619,0
ILSVRC2012_val_00003747_with_ILSVRC2012_val_00036997_rank049,272,272,0.45546,0
ILSVRC2012_val_00003747_with_ILSVRC2012_val_00002830_rank539,563,657,0.23225,49
ILSVRC2012_val_00003747_with_ILSVRC2012_val_00009402_rank740,502,502,0.08731,0
ILSVRC2012_val_00003747_with_ILSVRC2012_val_00017213_rank736,781,781,0.93811,0
ILSVRC2012_val_00003747_with_ILSVRC2012_val_00037354_rank059,275,275,0.87427,0
ILSVRC2012_val_00003747_with_ILSVRC2012_val_00017658_rank460,735,601,0.71791,23
ILSVRC2012_val_00003747_with_ILSVRC2012_val_00032514_rank585,631,631,0.35303,0
ILSVRC2012_val_00003747_with_ILSVRC2012_val_00015007_rank511,963,963,0.87301,0
ILSVRC2012_val_00003747_with_ILSVRC2012_val_00031554_rank603,901,901,0.68862,0
ILSVRC2012_val_00003747_with_ILSVRC2012_val_00041198_rank941,613,613,0.91517,0
ILSVRC2012_val_00003747_with_ILSVRC2012_val_00045682_rank594,806,843,0.38271,542
ILSVRC2012_val_00003747_with_ILSVRC2012_val_00042546_rank785,437,595,0.18865,59
ILSVRC2012_val_00003747_with_ILSVRC2012_val_00020750_rank928,767,709,0.31532,4
ILSVRC2012_val_00003747_with_ILSVRC2012_val_00020239_rank156,83,83,0.94623,0
ILSVRC2012_val_00003747_with_ILSVRC2012_val_00039556_rank133,161,161,0.89343,0
ILSVRC2012_val_00003747_with_ILSVRC2012_val_00008264_rank874,923,859,0.72186,311
ILSVRC2012_val_00003747_with_ILSVRC2012_val_00021795_rank020,353,352,0.61942,1
ILSVRC2012_val_00003747_with_ILSVRC2012_val_00009727_rank381,846,619,0.91664,1
ILSVRC2012_val_00003747_with_ILSVRC2012_val_00003196_rank320,231,231,0.9437,0
ILSVRC2012_val_00003747_with_ILSVRC2012_val_00013779_rank522,899,412,0.35726,45
ILSVRC2012_val_00003747_with_ILSVRC2012_val_00003485_rank644,200,200,0.73195,0
ILSVRC2012_val_00003747_with_ILSVRC2012_val_00029245_rank505,97,97,0.906,0
ILSVRC2012_val_00003747_with_ILSVRC2012_val_00005270_rank961,578,843,0.03703,283
ILSVRC2012_val_00003747_with_ILSVRC2012_val_00001991_rank560,831,655,0.77795,115
ILSVRC2012_val_00003747_with_ILSVRC2012_val_00003934_rank816,457,730,0.16182,744
ILSVRC2012_val_00003747_with_ILSVRC2012_val_00042373_rank894,773,773,0.92005,0
ILSVRC2012_val_00003747_with_ILSVRC2012_val_00035590_rank737,905,553,0.58864,28
ILSVRC2012_val_00003747_with_ILSVRC2012_val_00046554_rank762,968,968,0.22722,0
ILSVRC2012_val_00003747_with_ILSVRC2012_val_00032853_rank717,759,759,0.76657,0
ILSVRC2012_val_00003747_with_ILSVRC2012_val_00034634_rank671,438,438,0.98279,0
ILSVRC2012_val_00003747_with_ILSVRC2012_val_00028840_rank816,457,345,0.14486,717
ILSVRC2012_val_00003747_with_ILSVRC2012_val_00028894_rank010,351,351,0.95292,0
ILSVRC2012_val_00003747_with_ILSVRC2012_val_00048991_rank272,35,35,0.65961,0
ILSVRC2012_val_00003747_with_ILSVRC2012_val_00013921_rank124,474,474,0.71604,0
ILSVRC2012_val_00003747_with_ILSVRC2012_val_00026600_rank186,74,74,0.76748,0
ILSVRC2012_val_00003747_with_ILSVRC2012_val_00046992_rank767,557,733,0.24742,1
ILSVRC2012_val_00003747_with_ILSVRC2012_val_00000844_rank893,699,634,0.34235,487
ILSVRC2012_val_00003747_with_ILSVRC2012_val_00003155_rank378,57,57,0.5235,0
ILSVRC2012_val_00003747_with_ILSVRC2012_val_00048597_rank740,502,502,0.98209,0
ILSVRC2012_val_00003747_with_ILSVRC2012_val_00004286_rank999,606,390,0.03149,738
ILSVRC2012_val_00003747_with_ILSVRC2012_val_00013378_rank306,84,84,0.65616,0
ILSVRC2012_val_00003747_with_ILSVRC2012_val_00030962_rank889,412,412,0.49335,0
ILSVRC2012_val_00003747_with_ILSVRC2012_val_00008826_rank747,308,83,0.87632,130
ILSVRC2012_val_00003747_with_ILSVRC2012_val_00013428_rank493,533,533,0.8073,0
ILSVRC2012_val_00003747_with_ILSVRC2012_val_00034807_rank287,384,384,0.93874,0
ILSVRC2012_val_00003747_with_ILSVRC2012_val_00004917_rank794,760,595,0.44264,338
ILSVRC2012_val_00003747_with_ILSVRC2012_val_00015264_rank454,20,20,0.88891,0
ILSVRC2012_val_00003747_with_ILSVRC2012_val_00000891_rank654,932,932,0.95465,0
ILSVRC2012_val_00003747_with_ILSVRC2012_val_00007973_rank141,98,98,0.64901,0
ILSVRC2012_val_00003747_with_ILSVRC2012_val_00033397_rank610,482,481,0.70295,2
ILSVRC2012_val_00003747_with_ILSVRC2012_val_00037973_rank789,121,121,0.89672,0
ILSVRC2012_val_00003747_with_ILSVRC2012_val_00017047_rank654,932,932,0.97327,0
ILSVRC2012_val_00003747_with_ILSVRC2012_val_00023777_rank981,600,866,0.55354,429
ILSVRC2012_val_00003747_with_ILSVRC2012_val_00002119_rank188,668,730,0.68396,549
ILSVRC2012_val_00003747_with_ILSVRC2012_val_00035162_rank052,609,609,0.96299,0
ILSVRC2012_val_00003747_with_ILSVRC2012_val_00022340_rank581,572,463,0.27496,90
ILSVRC2012_val_00003747_with_ILSVRC2012_val_00007574_rank884,31,32,0.84473,1
ILSVRC2012_val_00003747_with_ILSVRC2012_val_00042054_rank890,647,463,0.75831,18
ILSVRC2012_val_00003747_with_ILSVRC2012_val_00013618_rank704,118,118,0.84463,0
ILSVRC2012_val_00003747_with_ILSVRC2012_val_00031427_rank418,953,953,0.93221,0
ILSVRC2012_val_00003747_with_ILSVRC2012_val_00003756_rank610,482,482,0.55546,0
ILSVRC2012_val_00003747_with_ILSVRC2012_val_00029751_rank285,207,207,0.85969,0
ILSVRC2012_val_00003747_with_ILSVRC2012_val_00000713_rank809,13,13,0.87674,0
ILSVRC2012_val_00003747_with_ILSVRC2012_val_00033174_rank400,431,843,0.72336,84
ILSVRC2012_val_00003747_with_ILSVRC2012_val_00009602_rank312,251,246,0.53515,1
ILSVRC2012_val_00003747_with_ILSVRC2012_val_00021221_rank621,312,312,0.98491,0
ILSVRC2012_val_00003747_with_ILSVRC2012_val_00046837_rank856,736,595,0.31523,413
ILSVRC2012_val_00003747_with_ILSVRC2012_val_00006509_rank442,850,850,0.93557,0
ILSVRC2012_val_00003747_with_ILSVRC2012_val_00025841_rank883,439,9,0.67036,171
ILSVRC2012_val_00003747_with_ILSVRC2012_val_00044851_rank781,667,879,0.62367,18
ILSVRC2012_val_00003747_with_ILSVRC2012_val_00011682_rank235,210,210,0.97259,0
ILSVRC2012_val_00003747_with_ILSVRC2012_val_00009798_rank258,652,652,0.47398,0
ILSVRC2012_val_00003747_with_ILSVRC2012_val_00031541_rank197,37,35,0.63391,1
ILSVRC2012_val_00003747_with_ILSVRC2012_val_00045500_rank787,770,340,0.29567,312
ILSVRC2012_val_00003747_with_ILSVRC2012_val_00039513_rank059,275,275,0.93161,0
ILSVRC2012_val_00003747_with_ILSVRC2012_val_00011927_rank025,48,354,0.65659,156
ILSVRC2012_val_00003747_with_ILSVRC2012_val_00013122_rank771,463,412,0.15817,1
ILSVRC2012_val_00003747_with_ILSVRC2012_val_00034743_rank077,128,128,0.91553,0
ILSVRC2012_val_00003747_with_ILSVRC2012_val_00047278_rank166,973,9,0.36801,480
ILSVRC2012_val_00003747_with_ILSVRC2012_val_00038342_rank251,67,67,0.89898,0
ILSVRC2012_val_00003747_with_ILSVRC2012_val_00033969_rank038,295,295,0.92993,0
ILSVRC2012_val_00003747_with_ILSVRC2012_val_00006870_rank597,565,565,0.78239,0
ILSVRC2012_val_00003747_with_ILSVRC2012_val_00037864_rank463,550,550,0.93917,0
ILSVRC2012_val_00003747_with_ILSVRC2012_val_00037066_rank544,985,985,0.98358,0
ILSVRC2012_val_00003747_with_ILSVRC2012_val_00004449_rank615,242,242,0.93622,0
ILSVRC2012_val_00003747_with_ILSVRC2012_val_00048254_rank800,157,151,0.16773,7
ILSVRC2012_val_00003747_with_ILSVRC2012_val_00005825_rank348,61,61,0.94537,0
ILSVRC2012_val_00003747_with_ILSVRC2012_val_00008732_rank207,586,586,0.94834,0
ILSVRC2012_val_00003747_with_ILSVRC2012_val_00047281_rank068,374,371,0.29017,7
ILSVRC2012_val_00003747_with_ILSVRC2012_val_00040830_rank757,401,703,0.92836,30
ILSVRC2012_val_00003747_with_ILSVRC2012_val_00039332_rank696,306,306,0.74673,0
ILSVRC2012_val_00003747_with_ILSVRC2012_val_00018528_rank958,644,644,0.20464,0
ILSVRC2012_val_00003747_with_ILSVRC2012_val_00002880_rank321,635,730,0.25419,643
ILSVRC2012_val_00003747_with_ILSVRC2012_val_00044380_rank825,240,241,0.66557,1
ILSVRC2012_val_00003747_with_ILSVRC2012_val_00009972_rank283,336,336,0.71547,0
ILSVRC2012_val_00003747_with_ILSVRC2012_val_00011151_rank780,637,637,0.96712,0
ILSVRC2012_val_00003747_with_ILSVRC2012_val_00018693_rank966,969,572,0.11962,24
ILSVRC2012_val_00003747_with_ILSVRC2012_val_00007611_rank795,803,803,0.19569,0
ILSVRC2012_val_00003747_with_ILSVRC2012_val_00045358_rank873,151,253,0.17917,15
ILSVRC2012_val_00003747_with_ILSVRC2012_val_00047775_rank819,456,456,0.59559,0
ILSVRC2012_val_00003747_with_ILSVRC2012_val_00011887_rank824,841,797,0.09541,11
ILSVRC2012_val_00003747_with_ILSVRC2012_val_00012394_rank379,155,155,0.79563,0
ILSVRC2012_val_00003747_with_ILSVRC2012_val_00001630_rank725,448,448,0.90893,0
ILSVRC2012_val_00003747_with_ILSVRC2012_val_00008530_rank723,878,878,0.61356,0
ILSVRC2012_val_00003747_with_ILSVRC2012_val_00020625_rank597,565,565,0.92728,0
ILSVRC2012_val_00003747_with_ILSVRC2012_val_00010601_rank006,346,346,0.37113,0
ILSVRC2012_val_00003747_with_ILSVRC2012_val_00044774_rank066,383,383,0.95181,0
ILSVRC2012_val_00003747_with_ILSVRC2012_val_00041735_rank212,175,175,0.80684,0
ILSVRC2012_val_00003747_with_ILSVRC2012_val_00034774_rank641,125,112,0.76264,2
ILSVRC2012_val_00003747_with_ILSVRC2012_val_00008011_rank088,43,43,0.93305,0
ILSVRC2012_val_00003747_with_ILSVRC2012_val_00013114_rank605,939,939,0.91765,0
ILSVRC2012_val_00003747_with_ILSVRC2012_val_00045465_rank190,278,280,0.85977,2
ILSVRC2012_val_00003747_with_ILSVRC2012_val_00027633_rank264,5,5,0.93487,0
ILSVRC2012_val_00003747_with_ILSVRC2012_val_00044644_rank134,160,160,0.80214,0
ILSVRC2012_val_00003747_with_ILSVRC2012_val_00044045_rank488,400,399,0.57651,5
ILSVRC2012_val_00003747_with_ILSVRC2012_val_00020547_rank754,941,941,0.99593,0
ILSVRC2012_val_00003747_with_ILSVRC2012_val_00022856_rank612,198,198,0.76381,0
ILSVRC2012_val_00003747_with_ILSVRC2012_val_00020136_rank308,281,281,0.34781,0
ILSVRC2012_val_00003747_with_ILSVRC2012_val_00012107_rank201,950,950,0.70632,0
ILSVRC2012_val_00003747_with_ILSVRC2012_val_00025830_rank913,723,723,0.7792,0
ILSVRC2012_val_00003747_with_ILSVRC2012_val_00018287_rank826,411,792,0.12873,765
ILSVRC2012_val_00003747_with_ILSVRC2012_val_00012532_rank594,806,806,0.33761,0
ILSVRC2012_val_00003747_with_ILSVRC2012_val_00006457_rank191,93,80,0.31119,29
ILSVRC2012_val_00003747_with_ILSVRC2012_val_00008901_rank037,149,149,0.94347,0
ILSVRC2012_val_00003747_with_ILSVRC2012_val_00006872_rank187,847,847,0.89547,0
ILSVRC2012_val_00003747_with_ILSVRC2012_val_00047651_rank961,578,610,0.16686,37
ILSVRC2012_val_00003747_with_ILSVRC2012_val_00042513_rank031,348,348,0.83221,0
ILSVRC2012_val_00003747_with_ILSVRC2012_val_00022370_rank488,400,400,0.4975,0
ILSVRC2012_val_00003747_with_ILSVRC2012_val_00004268_rank637,501,293,0.50165,555
ILSVRC2012_val_00003747_with_ILSVRC2012_val_00032443_rank687,314,353,0.19846,175
ILSVRC2012_val_00003747_with_ILSVRC2012_val_00005836_rank319,120,120,0.96649,0
ILSVRC2012_val_00003747_with_ILSVRC2012_val_00004921_rank011,51,206,0.7547,543
ILSVRC2012_val_00003747_with_ILSVRC2012_val_00033899_rank750,662,662,0.49007,0
ILSVRC2012_val_00003747_with_ILSVRC2012_val_00023417_rank273,510,510,0.95275,0
ILSVRC2012_val_00003747_with_ILSVRC2012_val_00021746_rank844,507,507,0.97144,0
ILSVRC2012_val_00003747_with_ILSVRC2012_val_00039920_rank963,659,659,0.88906,0
ILSVRC2012_val_00003747_with_ILSVRC2012_val_00017668_rank342,495,729,0.19961,6
ILSVRC2012_val_00003747_with_ILSVRC2012_val_00039635_rank314,708,410,0.08965,123
ILSVRC2012_val_00003747_with_ILSVRC2012_val_00036133_rank853,452,452,0.26717,0
ILSVRC2012_val_00003747_with_ILSVRC2012_val_00016354_rank267,283,283,0.946,0
ILSVRC2012_val_00003747_with_ILSVRC2012_val_00049345_rank013,294,294,0.91925,0
ILSVRC2012_val_00003747_with_ILSVRC2012_val_00047914_rank986,10,10,0.93124,0
ILSVRC2012_val_00003747_with_ILSVRC2012_val_00017780_rank675,959,959,0.15369,0
ILSVRC2012_val_00003747_with_ILSVRC2012_val_00034548_rank122,130,130,0.90671,0
ILSVRC2012_val_00003747_with_ILSVRC2012_val_00037644_rank525,726,764,0.365,14
ILSVRC2012_val_00003747_with_ILSVRC2012_val_00015795_rank186,74,82,0.34037,134
ILSVRC2012_val_00003747_with_ILSVRC2012_val_00038735_rank035,342,343,0.50836,2
ILSVRC2012_val_00003747_with_ILSVRC2012_val_00034666_rank189,47,47,0.90895,0
ILSVRC2012_val_00003747_with_ILSVRC2012_val_00015937_rank895,827,586,0.19402,489
ILSVRC2012_val_00003747_with_ILSVRC2012_val_00020883_rank248,707,480,0.4064,2
ILSVRC2012_val_00003747_with_ILSVRC2012_val_00049383_rank865,840,840,0.32891,0
ILSVRC2012_val_00003747_with_ILSVRC2012_val_00037682_rank588,601,601,0.88659,0
ILSVRC2012_val_00003747_with_ILSVRC2012_val_00044001_rank537,359,359,0.27688,0
ILSVRC2012_val_00003747_with_ILSVRC2012_val_00022133_rank649,248,249,0.64258,2
ILSVRC2012_val_00003747_with_ILSVRC2012_val_00026965_rank392,95,95,0.93941,0
ILSVRC2012_val_00003747_with_ILSVRC2012_val_00045674_rank221,183,196,0.73188,14
ILSVRC2012_val_00003747_with_ILSVRC2012_val_00038457_rank701,186,186,0.94798,0
ILSVRC2012_val_00003747_with_ILSVRC2012_val_00016411_rank367,213,213,0.92317,0
ILSVRC2012_val_00003747_with_ILSVRC2012_val_00005369_rank024,296,296,0.83376,0
ILSVRC2012_val_00003747_with_ILSVRC2012_val_00008300_rank226,364,294,0.25197,30
ILSVRC2012_val_00003747_with_ILSVRC2012_val_00024617_rank650,835,835,0.53638,0
ILSVRC2012_val_00003747_with_ILSVRC2012_val_00020124_rank572,41,288,0.66558,45
ILSVRC2012_val_00003747_with_ILSVRC2012_val_00016030_rank495,71,71,0.96696,0
ILSVRC2012_val_00003747_with_ILSVRC2012_val_00017695_rank433,928,728,0.44275,981
ILSVRC2012_val_00003747_with_ILSVRC2012_val_00004084_rank877,29,29,0.92143,0
ILSVRC2012_val_00003747_with_ILSVRC2012_val_00029207_rank116,355,355,0.8677,0
ILSVRC2012_val_00003747_with_ILSVRC2012_val_00007949_rank881,543,543,0.90488,0
ILSVRC2012_val_00003747_with_ILSVRC2012_val_00032137_rank866,521,412,0.16793,48
ILSVRC2012_val_00003747_with_ILSVRC2012_val_00029648_rank274,165,236,0.8976,2
ILSVRC2012_val_00003747_with_ILSVRC2012_val_00027074_rank272,35,35,0.88026,0
ILSVRC2012_val_00003747_with_ILSVRC2012_val_00011062_rank103,145,145,0.92734,0
ILSVRC2012_val_00003747_with_ILSVRC2012_val_00025479_rank367,213,213,0.87274,0
ILSVRC2012_val_00003747_with_ILSVRC2012_val_00027993_rank826,411,411,0.42281,0
ILSVRC2012_val_00003747_with_ILSVRC2012_val_00005980_rank188,668,668,0.77022,0
ILSVRC2012_val_00003747_with_ILSVRC2012_val_00001302_rank240,238,240,0.50078,3
ILSVRC2012_val_00003747_with_ILSVRC2012_val_00041836_rank986,10,11,0.44948,3
ILSVRC2012_val_00003747_with_ILSVRC2012_val_00012194_rank822,531,531,0.75497,0
ILSVRC2012_val_00003747_with_ILSVRC2012_val_00027816_rank067,100,80,0.22963,20
ILSVRC2012_val_00003747_with_ILSVRC2012_val_00019293_rank808,389,389,0.93491,0
ILSVRC2012_val_00003747_with_ILSVRC2012_val_00032636_rank836,737,737,0.76167,0
ILSVRC2012_val_00003747_with_ILSVRC2012_val_00010410_rank094,334,334,0.93559,0
ILSVRC2012_val_00003747_with_ILSVRC2012_val_00030951_rank038,295,295,0.92506,0
ILSVRC2012_val_00003747_with_ILSVRC2012_val_00015911_rank022,345,345,0.96599,0
ILSVRC2012_val_00003747_with_ILSVRC2012_val_00015101_rank995,876,435,0.45577,1
ILSVRC2012_val_00003747_with_ILSVRC2012_val_00019375_rank441,558,595,0.32392,983
ILSVRC2012_val_00003747_with_ILSVRC2012_val_00035512_rank589,70,70,0.82697,0
ILSVRC2012_val_00003747_with_ILSVRC2012_val_00003813_rank812,402,5,0.56611,883
ILSVRC2012_val_00003747_with_ILSVRC2012_val_00043008_rank361,229,229,0.84561,0
ILSVRC2012_val_00003747_with_ILSVRC2012_val_00013205_rank220,867,867,0.8781,0
ILSVRC2012_val_00003747_with_ILSVRC2012_val_00031348_rank023,293,293,0.86287,0
ILSVRC2012_val_00003747_with_ILSVRC2012_val_00008907_rank452,103,103,0.9472,0
ILSVRC2012_val_00003747_with_ILSVRC2012_val_00003411_rank373,890,417,0.5066,38
ILSVRC2012_val_00003747_with_ILSVRC2012_val_00040894_rank877,29,211,0.20495,985
ILSVRC2012_val_00003747_with_ILSVRC2012_val_00043999_rank373,890,574,0.42345,117
ILSVRC2012_val_00003747_with_ILSVRC2012_val_00023767_rank893,699,595,0.11822,775
ILSVRC2012_val_00003747_with_ILSVRC2012_val_00046907_rank487,930,930,0.76923,0
ILSVRC2012_val_00003747_with_ILSVRC2012_val_00006642_rank898,592,592,0.88817,0
ILSVRC2012_val_00003747_with_ILSVRC2012_val_00021961_rank484,156,157,0.79148,4
ILSVRC2012_val_00003747_with_ILSVRC2012_val_00013173_rank311,154,154,0.50697,0
ILSVRC2012_val_00003747_with_ILSVRC2012_val_00040310_rank063,131,131,0.89795,0
ILSVRC2012_val_00003747_with_ILSVRC2012_val_00025757_rank900,826,635,0.4513,2
ILSVRC2012_val_00003747_with_ILSVRC2012_val_00045576_rank070,888,888,0.90946,0
ILSVRC2012_val_00003747_with_ILSVRC2012_val_00039319_rank936,811,637,0.48696,384
ILSVRC2012_val_00003747_with_ILSVRC2012_val_00044392_rank937,653,653,0.9825,0
ILSVRC2012_val_00003747_with_ILSVRC2012_val_00037921_rank864,629,701,0.55383,743
ILSVRC2012_val_00003747_with_ILSVRC2012_val_00041765_rank642,816,816,0.80438,0
ILSVRC2012_val_00003747_with_ILSVRC2012_val_00014652_rank166,973,937,0.27261,41
ILSVRC2012_val_00003747_with_ILSVRC2012_val_00023909_rank023,293,293,0.9266,0
ILSVRC2012_val_00003747_with_ILSVRC2012_val_00030636_rank842,798,807,0.14581,170
ILSVRC2012_val_00003747_with_ILSVRC2012_val_00044407_rank731,316,316,0.82914,0
ILSVRC2012_val_00003747_with_ILSVRC2012_val_00005808_rank229,168,168,0.64078,0
ILSVRC2012_val_00003747_with_ILSVRC2012_val_00022231_rank667,830,830,0.91768,0
ILSVRC2012_val_00003747_with_ILSVRC2012_val_00013422_rank831,303,303,0.969,0
ILSVRC2012_val_00003747_with_ILSVRC2012_val_00000880_rank579,17,17,0.8544,0
ILSVRC2012_val_00003747_with_ILSVRC2012_val_00006438_rank171,834,620,0.29006,340
ILSVRC2012_val_00003747_with_ILSVRC2012_val_00030321_rank264,5,5,0.3282,0
ILSVRC2012_val_00003747_with_ILSVRC2012_val_00028229_rank115,244,244,0.89465,0
ILSVRC2012_val_00003747_with_ILSVRC2012_val_00010045_rank953,428,428,0.99758,0
ILSVRC2012_val_00003747_with_ILSVRC2012_val_00009531_rank658,651,651,0.9616,0
ILSVRC2012_val_00003747_with_ILSVRC2012_val_00046631_rank382,936,936,0.91342,0
ILSVRC2012_val_00003747_with_ILSVRC2012_val_00030515_rank146,23,23,0.85768,0
ILSVRC2012_val_00003747_with_ILSVRC2012_val_00049074_rank567,745,745,0.85207,0
ILSVRC2012_val_00003747_with_ILSVRC2012_val_00008817_rank698,920,920,0.67542,0
ILSVRC2012_val_00003747_with_ILSVRC2012_val_00014113_rank298,750,797,0.92821,5
ILSVRC2012_val_00003747_with_ILSVRC2012_val_00010397_rank210,91,91,0.96019,0
ILSVRC2012_val_00003747_with_ILSVRC2012_val_00035628_rank350,239,239,0.86969,0
ILSVRC2012_val_00003747_with_ILSVRC2012_val_00027632_rank382,936,936,0.93642,0
ILSVRC2012_val_00003747_with_ILSVRC2012_val_00045938_rank989,761,761,0.80244,0
ILSVRC2012_val_00003747_with_ILSVRC2012_val_00044204_rank294,491,491,0.99999,0
ILSVRC2012_val_00003747_with_ILSVRC2012_val_00027957_rank309,665,653,0.39698,93
ILSVRC2012_val_00003747_with_ILSVRC2012_val_00045689_rank688,517,807,0.2718,28
ILSVRC2012_val_00003747_with_ILSVRC2012_val_00019995_rank089,869,636,0.42622,19
ILSVRC2012_val_00003747_with_ILSVRC2012_val_00002956_rank039,350,350,0.94659,0
ILSVRC2012_val_00003747_with_ILSVRC2012_val_00048964_rank222,228,228,0.93054,0
ILSVRC2012_val_00003747_with_ILSVRC2012_val_00028731_rank198,177,233,0.71251,3
ILSVRC2012_val_00003747_with_ILSVRC2012_val_00026504_rank103,145,145,0.96857,0
ILSVRC2012_val_00003747_with_ILSVRC2012_val_00012189_rank901,429,429,0.94868,0
ILSVRC2012_val_00003747_with_ILSVRC2012_val_00031302_rank551,171,242,0.52356,16
ILSVRC2012_val_00003747_with_ILSVRC2012_val_00035192_rank200,289,289,0.92396,0
ILSVRC2012_val_00003747_with_ILSVRC2012_val_00014818_rank531,466,705,0.60838,3
ILSVRC2012_val_00003747_with_ILSVRC2012_val_00012650_rank717,759,764,0.14057,72
ILSVRC2012_val_00003747_with_ILSVRC2012_val_00026086_rank349,250,250,0.65762,0
ILSVRC2012_val_00003747_with_ILSVRC2012_val_00004845_rank114,104,104,0.93386,0
ILSVRC2012_val_00003747_with_ILSVRC2012_val_00042887_rank412,260,260,0.91052,0
ILSVRC2012_val_00003747_with_ILSVRC2012_val_00024737_rank085,305,305,0.94654,0
ILSVRC2012_val_00003747_with_ILSVRC2012_val_00043240_rank469,329,992,0.17258,112
ILSVRC2012_val_00003747_with_ILSVRC2012_val_00000721_rank922,418,626,0.15207,8
ILSVRC2012_val_00003747_with_ILSVRC2012_val_00005250_rank527,627,627,0.87236,0
ILSVRC2012_val_00003747_with_ILSVRC2012_val_00044664_rank202,654,654,0.65722,0
ILSVRC2012_val_00003747_with_ILSVRC2012_val_00019614_rank785,437,613,0.06197,374
ILSVRC2012_val_00003747_with_ILSVRC2012_val_00006596_rank309,665,665,0.72905,0
ILSVRC2012_val_00003747_with_ILSVRC2012_val_00036712_rank782,223,227,0.71742,4
ILSVRC2012_val_00003747_with_ILSVRC2012_val_00011488_rank485,143,98,0.9582,4
ILSVRC2012_val_00003747_with_ILSVRC2012_val_00019106_rank525,726,764,0.34166,14
ILSVRC2012_val_00003747_with_ILSVRC2012_val_00048252_rank505,97,97,0.87774,0
ILSVRC2012_val_00003747_with_ILSVRC2012_val_00000669_rank252,126,126,0.76115,0
ILSVRC2012_val_00003747_with_ILSVRC2012_val_00030502_rank016,291,291,0.95389,0
ILSVRC2012_val_00003747_with_ILSVRC2012_val_00007185_rank929,397,397,0.92254,0
ILSVRC2012_val_00003747_with_ILSVRC2012_val_00010965_rank581,572,572,0.96193,0
ILSVRC2012_val_00003747_with_ILSVRC2012_val_00012277_rank735,553,553,0.7519,0
ILSVRC2012_val_00003747_with_ILSVRC2012_val_00017037_rank532,513,595,0.14324,659
ILSVRC2012_val_00003747_with_ILSVRC2012_val_00028437_rank818,464,843,0.31903,318
ILSVRC2012_val_00003747_with_ILSVRC2012_val_00037482_rank685,790,790,0.94368,0
ILSVRC2012_val_00003747_with_ILSVRC2012_val_00012355_rank390,266,221,0.8356,5
ILSVRC2012_val_00003747_with_ILSVRC2012_val_00028849_rank071,132,132,0.46607,0
ILSVRC2012_val_00003747_with_ILSVRC2012_val_00047289_rank763,259,185,0.24238,28
ILSVRC2012_val_00003747_with_ILSVRC2012_val_00042425_rank837,443,701,0.21707,178
ILSVRC2012_val_00003747_with_ILSVRC2012_val_00012516_rank508,184,184,0.92265,0
ILSVRC2012_val_00003747_with_ILSVRC2012_val_00036720_rank078,376,376,0.93345,0
ILSVRC2012_val_00003747_with_ILSVRC2012_val_00016010_rank729,636,636,0.84394,0
ILSVRC2012_val_00003747_with_ILSVRC2012_val_00040805_rank731,316,316,0.93335,0
ILSVRC2012_val_00003747_with_ILSVRC2012_val_00020097_rank037,149,149,0.84883,0
ILSVRC2012_val_00003747_with_ILSVRC2012_val_00001614_rank658,651,530,0.95975,17
ILSVRC2012_val_00003747_with_ILSVRC2012_val_00022317_rank535,617,617,0.17791,0
ILSVRC2012_val_00003747_with_ILSVRC2012_val_00002692_rank006,346,346,0.65691,0
ILSVRC2012_val_00003747_with_ILSVRC2012_val_00032148_rank222,228,229,0.27088,2
ILSVRC2012_val_00003747_with_ILSVRC2012_val_00003819_rank536,672,672,0.79906,0
ILSVRC2012_val_00003747_with_ILSVRC2012_val_00024666_rank197,37,37,0.73133,0
ILSVRC2012_val_00003747_with_ILSVRC2012_val_00021785_rank899,616,417,0.53346,280
ILSVRC2012_val_00003747_with_ILSVRC2012_val_00001602_rank288,405,405,0.9586,0
ILSVRC2012_val_00003747_with_ILSVRC2012_val_00022718_rank676,579,579,0.92888,0
ILSVRC2012_val_00003747_with_ILSVRC2012_val_00012800_rank157,270,270,0.87541,0
ILSVRC2012_val_00003747_with_ILSVRC2012_val_00037235_rank875,123,730,0.55621,281
ILSVRC2012_val_00003747_with_ILSVRC2012_val_00001781_rank164,227,227,0.92458,0
ILSVRC2012_val_00003747_with_ILSVRC2012_val_00044708_rank622,115,115,0.86541,0
ILSVRC2012_val_00003747_with_ILSVRC2012_val_00015414_rank284,395,389,0.72708,1
ILSVRC2012_val_00003747_with_ILSVRC2012_val_00019507_rank993,435,787,0.10918,871
ILSVRC2012_val_00003747_with_ILSVRC2012_val_00049905_rank550,116,116,0.25316,0
ILSVRC2012_val_00003747_with_ILSVRC2012_val_00008443_rank985,459,134,0.41446,678
ILSVRC2012_val_00003747_with_ILSVRC2012_val_00049142_rank914,862,92,0.31237,507
ILSVRC2012_val_00003747_with_ILSVRC2012_val_00040335_rank277,190,190,0.81711,0
ILSVRC2012_val_00003747_with_ILSVRC2012_val_00013126_rank261,220,220,0.91485,0
ILSVRC2012_val_00003747_with_ILSVRC2012_val_00003758_rank144,197,197,0.83552,0
ILSVRC2012_val_00003747_with_ILSVRC2012_val_00019744_rank727,11,11,0.91866,0
ILSVRC2012_val_00003747_with_ILSVRC2012_val_00022427_rank056,388,850,0.86082,26
ILSVRC2012_val_00003747_with_ILSVRC2012_val_00038412_rank792,927,927,0.96398,0
ILSVRC2012_val_00003747_with_ILSVRC2012_val_00048455_rank232,472,830,0.17905,66
ILSVRC2012_val_00003747_with_ILSVRC2012_val_00000154_rank622,115,115,0.8099,0
ILSVRC2012_val_00003747_with_ILSVRC2012_val_00023880_rank942,824,351,0.12952,909
ILSVRC2012_val_00003747_with_ILSVRC2012_val_00033879_rank720,712,427,0.33887,76
ILSVRC2012_val_00003747_with_ILSVRC2012_val_00032285_rank200,289,289,0.21962,0
ILSVRC2012_val_00003747_with_ILSVRC2012_val_00046588_rank540,642,642,0.90189,0
ILSVRC2012_val_00003747_with_ILSVRC2012_val_00019687_rank828,608,539,0.26459,36
ILSVRC2012_val_00003747_with_ILSVRC2012_val_00048824_rank107,92,91,0.40863,2
ILSVRC2012_val_00003747_with_ILSVRC2012_val_00007107_rank056,388,388,0.85244,0
ILSVRC2012_val_00003747_with_ILSVRC2012_val_00042442_rank158,159,159,0.5398,0
ILSVRC2012_val_00003747_with_ILSVRC2012_val_00036685_rank437,854,854,0.53501,0
ILSVRC2012_val_00003747_with_ILSVRC2012_val_00043825_rank134,160,176,0.54757,1
ILSVRC2012_val_00003747_with_ILSVRC2012_val_00047613_rank310,787,637,0.11731,155
ILSVRC2012_val_00003747_with_ILSVRC2012_val_00005390_rank361,229,229,0.94021,0
ILSVRC2012_val_00003747_with_ILSVRC2012_val_00029243_rank641,125,125,0.75772,0
ILSVRC2012_val_00003747_with_ILSVRC2012_val_00006674_rank540,642,351,0.05753,305
ILSVRC2012_val_00003747_with_ILSVRC2012_val_00031865_rank333,274,274,0.84975,0
ILSVRC2012_val_00003747_with_ILSVRC2012_val_00044249_rank649,248,248,0.48329,0
ILSVRC2012_val_00003747_with_ILSVRC2012_val_00045412_rank536,672,672,0.56525,0
ILSVRC2012_val_00003747_with_ILSVRC2012_val_00027505_rank776,664,526,0.63444,4
ILSVRC2012_val_00003747_with_ILSVRC2012_val_00016517_rank550,116,808,0.36265,624
ILSVRC2012_val_00003747_with_ILSVRC2012_val_00028270_rank744,311,311,0.84541,0
ILSVRC2012_val_00003747_with_ILSVRC2012_val_00043978_rank409,46,39,0.56962,3
ILSVRC2012_val_00003747_with_ILSVRC2012_val_00014636_rank051,205,205,0.90965,0
ILSVRC2012_val_00003747_with_ILSVRC2012_val_00039213_rank155,404,404,0.88431,0
ILSVRC2012_val_00003747_with_ILSVRC2012_val_00021570_rank861,809,809,0.62541,0
ILSVRC2012_val_00003747_with_ILSVRC2012_val_00031830_rank738,990,990,0.96,0
ILSVRC2012_val_00003747_with_ILSVRC2012_val_00020635_rank747,308,308,0.48828,0
ILSVRC2012_val_00003747_with_ILSVRC2012_val_00006802_rank961,578,354,0.15968,527
ILSVRC2012_val_00003747_with_ILSVRC2012_val_00028251_rank275,484,843,0.52613,77
ILSVRC2012_val_00003747_with_ILSVRC2012_val_00005277_rank200,289,289,0.91391,0
ILSVRC2012_val_00003747_with_ILSVRC2012_val_00022351_rank403,304,303,0.25848,4
ILSVRC2012_val_00003747_with_ILSVRC2012_val_00042719_rank054,369,369,0.81346,0
ILSVRC2012_val_00003747_with_ILSVRC2012_val_00038183_rank486,75,75,0.87878,0
ILSVRC2012_val_00003747_with_ILSVRC2012_val_00006860_rank456,114,996,0.23627,123
ILSVRC2012_val_00003747_with_ILSVRC2012_val_00045432_rank026,690,345,0.45864,1
ILSVRC2012_val_00003747_with_ILSVRC2012_val_00034670_rank319,120,120,0.61534,0
ILSVRC2012_val_00003747_with_ILSVRC2012_val_00030802_rank192,694,595,0.86156,17
ILSVRC2012_val_00003747_with_ILSVRC2012_val_00039338_rank869,440,440,0.92062,0
ILSVRC2012_val_00003747_with_ILSVRC2012_val_00008303_rank565,180,180,0.62795,0
ILSVRC2012_val_00003747_with_ILSVRC2012_val_00013191_rank232,472,730,0.07622,94
ILSVRC2012_val_00003747_with_ILSVRC2012_val_00007323_rank152,80,80,0.92515,0
ILSVRC2012_val_00003747_with_ILSVRC2012_val_00034707_rank658,651,651,0.38169,0
ILSVRC2012_val_00003747_with_ILSVRC2012_val_00014020_rank771,463,192,0.62551,851
ILSVRC2012_val_00003747_with_ILSVRC2012_val_00014782_rank700,380,24,0.382,41
ILSVRC2012_val_00003747_with_ILSVRC2012_val_00016702_rank806,632,632,0.5734,0
ILSVRC2012_val_00003747_with_ILSVRC2012_val_00001640_rank020,353,352,0.65638,1
ILSVRC2012_val_00003747_with_ILSVRC2012_val_00030967_rank584,951,951,0.82915,0
ILSVRC2012_val_00003747_with_ILSVRC2012_val_00044517_rank996,861,787,0.65578,36
ILSVRC2012_val_00003747_with_ILSVRC2012_val_00047372_rank068,374,374,0.36907,0
ILSVRC2012_val_00003747_with_ILSVRC2012_val_00037020_rank004,343,346,0.43443,3
ILSVRC2012_val_00003747_with_ILSVRC2012_val_00009996_rank039,350,350,0.91702,0
ILSVRC2012_val_00003747_with_ILSVRC2012_val_00030232_rank617,964,964,0.43661,0
ILSVRC2012_val_00003747_with_ILSVRC2012_val_00021179_rank552,409,892,0.33761,1
ILSVRC2012_val_00003747_with_ILSVRC2012_val_00005745_rank520,992,992,0.64181,0
ILSVRC2012_val_00003747_with_ILSVRC2012_val_00026679_rank210,91,91,0.95165,0
ILSVRC2012_val_00003747_with_ILSVRC2012_val_00024169_rank212,175,175,0.81042,0
ILSVRC2012_val_00003747_with_ILSVRC2012_val_00013563_rank153,221,221,0.89623,0
ILSVRC2012_val_00003747_with_ILSVRC2012_val_00004920_rank544,985,985,0.93384,0
ILSVRC2012_val_00003747_with_ILSVRC2012_val_00013604_rank694,237,237,0.92277,0
ILSVRC2012_val_00003747_with_ILSVRC2012_val_00002164_rank992,792,792,0.94447,0
ILSVRC2012_val_00003747_with_ILSVRC2012_val_00016483_rank308,281,281,0.68322,0
ILSVRC2012_val_00003747_with_ILSVRC2012_val_00023871_rank281,285,285,0.33857,0
ILSVRC2012_val_00003747_with_ILSVRC2012_val_00008153_rank862,719,719,0.93291,0
ILSVRC2012_val_00003747_with_ILSVRC2012_val_00009915_rank124,474,658,0.68138,4
ILSVRC2012_val_00003747_with_ILSVRC2012_val_00043628_rank233,561,561,0.55968,0
ILSVRC2012_val_00003747_with_ILSVRC2012_val_00009651_rank372,566,864,0.41553,983
ILSVRC2012_val_00003747_with_ILSVRC2012_val_00049018_rank016,291,291,0.91956,0
ILSVRC2012_val_00003747_with_ILSVRC2012_val_00005947_rank494,302,302,0.80939,0
ILSVRC2012_val_00003747_with_ILSVRC2012_val_00026002_rank931,855,855,0.10932,0
ILSVRC2012_val_00003747_with_ILSVRC2012_val_00001223_rank666,216,216,0.97821,0
ILSVRC2012_val_00003747_with_ILSVRC2012_val_00027056_rank214,341,341,0.83741,0
ILSVRC2012_val_00003747_with_ILSVRC2012_val_00008654_rank614,52,52,0.95106,0
ILSVRC2012_val_00003747_with_ILSVRC2012_val_00033743_rank206,273,159,0.5941,28
ILSVRC2012_val_00003747_with_ILSVRC2012_val_00034800_rank459,714,714,0.94675,0
ILSVRC2012_val_00003747_with_ILSVRC2012_val_00000044_rank612,198,198,0.61118,0
ILSVRC2012_val_00003747_with_ILSVRC2012_val_00019421_rank618,461,461,0.70195,0
ILSVRC2012_val_00003747_with_ILSVRC2012_val_00014579_rank699,742,742,0.52433,0
ILSVRC2012_val_00003747_with_ILSVRC2012_val_00007718_rank610,482,482,0.82685,0
ILSVRC2012_val_00003747_with_ILSVRC2012_val_00037369_rank813,574,574,0.36938,0
ILSVRC2012_val_00003747_with_ILSVRC2012_val_00016713_rank206,273,273,0.7249,0
ILSVRC2012_val_00003747_with_ILSVRC2012_val_00009707_rank361,229,229,0.95281,0
ILSVRC2012_val_00003747_with_ILSVRC2012_val_00028455_rank214,341,719,0.76743,25
ILSVRC2012_val_00003747_with_ILSVRC2012_val_00041724_rank577,430,430,0.95491,0
ILSVRC2012_val_00003747_with_ILSVRC2012_val_00031982_rank574,545,545,0.97119,0
ILSVRC2012_val_00003747_with_ILSVRC2012_val_00028558_rank685,790,790,0.92535,0
ILSVRC2012_val_00003747_with_ILSVRC2012_val_00017711_rank235,210,210,0.916,0
ILSVRC2012_val_00003747_with_ILSVRC2012_val_00034726_rank725,448,595,0.38345,268
ILSVRC2012_val_00003747_with_ILSVRC2012_val_00027158_rank154,815,703,0.22665,137
ILSVRC2012_val_00003747_with_ILSVRC2012_val_00038232_rank878,119,119,0.59817,0
ILSVRC2012_val_00003747_with_ILSVRC2012_val_00021249_rank351,230,157,0.10099,2
ILSVRC2012_val_00003747_with_ILSVRC2012_val_00012509_rank374,486,486,0.8241,0
ILSVRC2012_val_00003747_with_ILSVRC2012_val_00028565_rank521,25,25,0.90149,0
ILSVRC2012_val_00003747_with_ILSVRC2012_val_00000648_rank123,134,134,0.85604,0
ILSVRC2012_val_00003747_with_ILSVRC2012_val_00004598_rank410,124,124,0.60894,0
ILSVRC2012_val_00003747_with_ILSVRC2012_val_00000014_rank439,757,757,0.89752,0
ILSVRC2012_val_00003747_with_ILSVRC2012_val_00009375_rank394,520,520,0.45335,0
ILSVRC2012_val_00003747_with_ILSVRC2012_val_00008920_rank246,856,856,0.65775,0
ILSVRC2012_val_00003747_with_ILSVRC2012_val_00028388_rank950,422,422,0.98074,0
ILSVRC2012_val_00003747_with_ILSVRC2012_val_00035306_rank629,494,412,0.28648,724
ILSVRC2012_val_00003747_with_ILSVRC2012_val_00024283_rank199,44,44,0.5162,0
ILSVRC2012_val_00003747_with_ILSVRC2012_val_00033314_rank444,451,787,0.29113,57
ILSVRC2012_val_00003747_with_ILSVRC2012_val_00033830_rank658,651,851,0.58447,10
ILSVRC2012_val_00003747_with_ILSVRC2012_val_00040140_rank352,217,217,0.74391,0
ILSVRC2012_val_00003747_with_ILSVRC2012_val_00026055_rank648,470,637,0.73626,544
ILSVRC2012_val_00003747_with_ILSVRC2012_val_00029768_rank974,584,730,0.3987,218
ILSVRC2012_val_00003747_with_ILSVRC2012_val_00023691_rank586,426,426,0.75127,0
ILSVRC2012_val_00003747_with_ILSVRC2012_val_00023778_rank015,9,9,0.92065,0
ILSVRC2012_val_00003747_with_ILSVRC2012_val_00028029_rank487,930,930,0.36199,0
ILSVRC2012_val_00003747_with_ILSVRC2012_val_00013095_rank097,21,23,0.72145,2
ILSVRC2012_val_00003747_with_ILSVRC2012_val_00010413_rank357,935,958,0.78081,262
ILSVRC2012_val_00003747_with_ILSVRC2012_val_00025532_rank443,357,8,0.10356,129
ILSVRC2012_val_00003747_with_ILSVRC2012_val_00025887_rank528,284,284,0.92742,0
ILSVRC2012_val_00003747_with_ILSVRC2012_val_00041259_rank623,591,636,0.20242,89
ILSVRC2012_val_00003747_with_ILSVRC2012_val_00023929_rank971,487,487,0.95099,0
ILSVRC2012_val_00003747_with_ILSVRC2012_val_00027249_rank328,687,687,0.71727,0
ILSVRC2012_val_00003747_with_ILSVRC2012_val_00017246_rank286,743,912,0.04459,10
ILSVRC2012_val_00003747_with_ILSVRC2012_val_00000892_rank027,339,339,0.76179,0
ILSVRC2012_val_00003747_with_ILSVRC2012_val_00021749_rank753,605,605,0.89336,0
ILSVRC2012_val_00003747_with_ILSVRC2012_val_00013482_rank013,294,294,0.80331,0
ILSVRC2012_val_00003747_with_ILSVRC2012_val_00034808_rank268,325,325,0.72941,0
ILSVRC2012_val_00003747_with_ILSVRC2012_val_00032018_rank473,179,179,0.92426,0
ILSVRC2012_val_00003747_with_ILSVRC2012_val_00017009_rank230,756,756,0.76367,0
ILSVRC2012_val_00003747_with_ILSVRC2012_val_00004182_rank530,58,63,0.39548,11
ILSVRC2012_val_00003747_with_ILSVRC2012_val_00006102_rank965,499,499,0.97484,0
ILSVRC2012_val_00003747_with_ILSVRC2012_val_00006433_rank066,383,383,0.83058,0
ILSVRC2012_val_00003747_with_ILSVRC2012_val_00038910_rank095,375,375,0.87973,0
ILSVRC2012_val_00003747_with_ILSVRC2012_val_00034162_rank474,924,958,0.35621,631
ILSVRC2012_val_00003747_with_ILSVRC2012_val_00009336_rank190,278,277,0.57552,1
ILSVRC2012_val_00003747_with_ILSVRC2012_val_00004281_rank511,963,649,0.05247,644
ILSVRC2012_val_00003747_with_ILSVRC2012_val_00028408_rank502,254,243,0.32775,2
ILSVRC2012_val_00003747_with_ILSVRC2012_val_00018856_rank577,430,430,0.96078,0
ILSVRC2012_val_00003747_with_ILSVRC2012_val_00038235_rank996,861,787,0.56573,36
ILSVRC2012_val_00003747_with_ILSVRC2012_val_00029930_rank344,0,351,0.21144,19
ILSVRC2012_val_00003747_with_ILSVRC2012_val_00004054_rank532,513,211,0.83146,908
ILSVRC2012_val_00003747_with_ILSVRC2012_val_00044584_rank106,102,102,0.92913,0
ILSVRC2012_val_00003747_with_ILSVRC2012_val_00029220_rank790,943,929,0.16865,44
ILSVRC2012_val_00003747_with_ILSVRC2012_val_00007502_rank840,700,728,0.26586,6
ILSVRC2012_val_00003747_with_ILSVRC2012_val_00026424_rank471,607,607,0.95086,0
ILSVRC2012_val_00003747_with_ILSVRC2012_val_00020785_rank600,1,1,0.89417,0
ILSVRC2012_val_00003747_with_ILSVRC2012_val_00036171_rank813,574,574,0.98631,0
ILSVRC2012_val_00003747_with_ILSVRC2012_val_00019425_rank431,110,110,0.86872,0
ILSVRC2012_val_00003747_with_ILSVRC2012_val_00023155_rank229,168,168,0.82593,0
ILSVRC2012_val_00003747_with_ILSVRC2012_val_00037273_rank543,40,47,0.4681,3
ILSVRC2012_val_00003747_with_ILSVRC2012_val_00026977_rank527,627,627,0.90648,0
ILSVRC2012_val_00003747_with_ILSVRC2012_val_00027248_rank427,112,112,0.50179,0
ILSVRC2012_val_00003747_with_ILSVRC2012_val_00004910_rank915,688,688,0.95749,0
ILSVRC2012_val_00003747_with_ILSVRC2012_val_00048110_rank871,752,866,0.34002,547
ILSVRC2012_val_00003747_with_ILSVRC2012_val_00008520_rank047,360,293,0.6681,92
ILSVRC2012_val_00003747_with_ILSVRC2012_val_00041929_rank414,232,232,0.66324,0
ILSVRC2012_val_00003747_with_ILSVRC2012_val_00017321_rank051,205,205,0.55102,0
ILSVRC2012_val_00003747_with_ILSVRC2012_val_00046293_rank819,456,456,0.66276,0
ILSVRC2012_val_00003747_with_ILSVRC2012_val_00040920_rank846,754,482,0.27264,1
ILSVRC2012_val_00003747_with_ILSVRC2012_val_00022118_rank354,739,739,0.82752,0
ILSVRC2012_val_00003747_with_ILSVRC2012_val_00045385_rank451,887,649,0.13146,209
ILSVRC2012_val_00003747_with_ILSVRC2012_val_00029673_rank412,260,260,0.85388,0
ILSVRC2012_val_00003747_with_ILSVRC2012_val_00046509_rank914,862,112,0.8056,48
ILSVRC2012_val_00003747_with_ILSVRC2012_val_00035209_rank789,121,595,0.306,443
ILSVRC2012_val_00003747_with_ILSVRC2012_val_00044989_rank623,591,591,0.95376,0
ILSVRC2012_val_00003747_with_ILSVRC2012_val_00040630_rank034,292,292,0.81742,0
ILSVRC2012_val_00003747_with_ILSVRC2012_val_00021550_rank679,987,987,0.15172,0
ILSVRC2012_val_00003747_with_ILSVRC2012_val_00029679_rank196,984,703,0.10056,72
ILSVRC2012_val_00003747_with_ILSVRC2012_val_00014872_rank208,805,805,0.97574,0
ILSVRC2012_val_00003747_with_ILSVRC2012_val_00027542_rank787,770,514,0.78627,8
ILSVRC2012_val_00003747_with_ILSVRC2012_val_00044194_rank848,423,423,0.77152,0
ILSVRC2012_val_00003747_with_ILSVRC2012_val_00033804_rank220,867,867,0.95761,0
ILSVRC2012_val_00003747_with_ILSVRC2012_val_00005144_rank692,462,462,0.43704,0
ILSVRC2012_val_00003747_with_ILSVRC2012_val_00026946_rank294,491,491,0.94293,0
ILSVRC2012_val_00003747_with_ILSVRC2012_val_00011871_rank070,888,888,0.94231,0
ILSVRC2012_val_00003747_with_ILSVRC2012_val_00010781_rank629,494,494,0.88114,0
ILSVRC2012_val_00003747_with_ILSVRC2012_val_00029590_rank076,299,299,0.82862,0
ILSVRC2012_val_00003747_with_ILSVRC2012_val_00007739_rank880,684,684,0.68364,0
ILSVRC2012_val_00003747_with_ILSVRC2012_val_00034062_rank594,806,502,0.53724,5
ILSVRC2012_val_00003747_with_ILSVRC2012_val_00048800_rank495,71,71,0.14952,0
ILSVRC2012_val_00003747_with_ILSVRC2012_val_00006397_rank587,560,805,0.42677,4
ILSVRC2012_val_00003747_with_ILSVRC2012_val_00024748_rank609,988,988,0.99553,0
ILSVRC2012_val_00003747_with_ILSVRC2012_val_00000664_rank243,628,694,0.4267,9
ILSVRC2012_val_00003747_with_ILSVRC2012_val_00003268_rank530,58,386,0.25331,538
ILSVRC2012_val_00003747_with_ILSVRC2012_val_00004111_rank568,648,648,0.88784,0
ILSVRC2012_val_00003747_with_ILSVRC2012_val_00011700_rank935,570,570,0.97001,0
ILSVRC2012_val_00003747_with_ILSVRC2012_val_00030994_rank618,461,524,0.41099,1
ILSVRC2012_val_00003747_with_ILSVRC2012_val_00034954_rank403,304,302,0.36919,3
ILSVRC2012_val_00003747_with_ILSVRC2012_val_00018010_rank999,606,757,0.12315,492
ILSVRC2012_val_00003747_with_ILSVRC2012_val_00034688_rank593,318,318,0.95263,0
ILSVRC2012_val_00003747_with_ILSVRC2012_val_00039059_rank504,680,898,0.31933,2
ILSVRC2012_val_00003747_with_ILSVRC2012_val_00037330_rank782,223,223,0.8594,0
ILSVRC2012_val_00003747_with_ILSVRC2012_val_00016179_rank939,934,934,0.79559,0
ILSVRC2012_val_00003747_with_ILSVRC2012_val_00015999_rank768,76,76,0.79643,0
ILSVRC2012_val_00003747_with_ILSVRC2012_val_00007017_rank957,898,898,0.93995,0
ILSVRC2012_val_00003747_with_ILSVRC2012_val_00043789_rank576,191,189,0.60088,1
ILSVRC2012_val_00003747_with_ILSVRC2012_val_00004473_rank562,910,730,0.09637,304
ILSVRC2012_val_00003747_with_ILSVRC2012_val_00017647_rank776,664,921,0.05099,121
ILSVRC2012_val_00003747_with_ILSVRC2012_val_00024125_rank570,991,991,0.61051,0
ILSVRC2012_val_00003747_with_ILSVRC2012_val_00003148_rank978,643,220,0.13487,931
ILSVRC2012_val_00003747_with_ILSVRC2012_val_00041028_rank210,91,91,0.97524,0
ILSVRC2012_val_00003747_with_ILSVRC2012_val_00018578_rank082,147,210,0.86322,86
ILSVRC2012_val_00003747_with_ILSVRC2012_val_00041822_rank963,659,469,0.58262,40
ILSVRC2012_val_00003747_with_ILSVRC2012_val_00044837_rank518,676,676,0.98573,0
ILSVRC2012_val_00003747_with_ILSVRC2012_val_00016310_rank868,999,667,0.67931,313
ILSVRC2012_val_00003747_with_ILSVRC2012_val_00015969_rank220,867,595,0.45833,9
ILSVRC2012_val_00003747_with_ILSVRC2012_val_00006757_rank333,274,274,0.94092,0
ILSVRC2012_val_00003747_with_ILSVRC2012_val_00012608_rank867,173,211,0.31068,4
ILSVRC2012_val_00003747_with_ILSVRC2012_val_00012144_rank697,492,519,0.66259,2
ILSVRC2012_val_00003747_with_ILSVRC2012_val_00017040_rank323,866,866,0.84425,0
ILSVRC2012_val_00003747_with_ILSVRC2012_val_00001288_rank120,89,131,0.10031,54
ILSVRC2012_val_00003747_with_ILSVRC2012_val_00020436_rank600,1,389,0.35341,45
ILSVRC2012_val_00003747_with_ILSVRC2012_val_00004470_rank130,972,649,0.795,7
ILSVRC2012_val_00003747_with_ILSVRC2012_val_00019696_rank116,355,276,0.73698,14
ILSVRC2012_val_00003747_with_ILSVRC2012_val_00027155_rank652,746,261,0.14398,513
ILSVRC2012_val_00003747_with_ILSVRC2012_val_00012813_rank171,834,128,0.09623,294
ILSVRC2012_val_00003747_with_ILSVRC2012_val_00023490_rank889,412,412,0.48602,0
ILSVRC2012_val_00003747_with_ILSVRC2012_val_00008986_rank267,283,283,0.95863,0
ILSVRC2012_val_00003747_with_ILSVRC2012_val_00006135_rank801,633,633,0.90611,0
ILSVRC2012_val_00003747_with_ILSVRC2012_val_00025926_rank028,150,150,0.85105,0
ILSVRC2012_val_00003747_with_ILSVRC2012_val_00046188_rank931,855,686,0.41788,14
ILSVRC2012_val_00003747_with_ILSVRC2012_val_00046505_rank065,138,9,0.75855,1
ILSVRC2012_val_00003747_with_ILSVRC2012_val_00018258_rank903,704,704,0.92869,0
ILSVRC2012_val_00003747_with_ILSVRC2012_val_00032477_rank478,919,919,0.63179,0
ILSVRC2012_val_00003747_with_ILSVRC2012_val_00040197_rank520,992,992,0.84866,0
ILSVRC2012_val_00003747_with_ILSVRC2012_val_00041178_rank137,233,233,0.84511,0
ILSVRC2012_val_00003747_with_ILSVRC2012_val_00023445_rank041,298,354,0.94279,151
ILSVRC2012_val_00003747_with_ILSVRC2012_val_00009014_rank598,249,249,0.9085,0
ILSVRC2012_val_00003747_with_ILSVRC2012_val_00038247_rank602,152,157,0.59136,1
ILSVRC2012_val_00003747_with_ILSVRC2012_val_00018019_rank342,495,707,0.43134,207
ILSVRC2012_val_00003747_with_ILSVRC2012_val_00035318_rank079,682,682,0.04228,0
ILSVRC2012_val_00003747_with_ILSVRC2012_val_00018086_rank433,928,354,0.27865,616
ILSVRC2012_val_00003747_with_ILSVRC2012_val_00044071_rank715,534,791,0.49877,17
ILSVRC2012_val_00003747_with_ILSVRC2012_val_00000826_rank515,849,849,0.85375,0
ILSVRC2012_val_00003747_with_ILSVRC2012_val_00019793_rank195,952,952,0.92398,0
ILSVRC2012_val_00003747_with_ILSVRC2012_val_00025780_rank125,914,914,0.62745,0
ILSVRC2012_val_00003747_with_ILSVRC2012_val_00027488_rank348,61,61,0.59196,0
ILSVRC2012_val_00003747_with_ILSVRC2012_val_00018190_rank183,895,895,0.30812,0
ILSVRC2012_val_00003747_with_ILSVRC2012_val_00011070_rank789,121,121,0.95662,0
ILSVRC2012_val_00003747_with_ILSVRC2012_val_00035589_rank595,763,138,0.45444,456
ILSVRC2012_val_00003747_with_ILSVRC2012_val_00049358_rank474,924,993,0.49485,103
ILSVRC2012_val_00003747_with_ILSVRC2012_val_00048008_rank077,128,128,0.79826,0
ILSVRC2012_val_00003747_with_ILSVRC2012_val_00021063_rank127,144,21,0.55467,19
ILSVRC2012_val_00003747_with_ILSVRC2012_val_00046273_rank669,164,179,0.3745,84
ILSVRC2012_val_00003747_with_ILSVRC2012_val_00001485_rank139,178,211,0.80795,1
ILSVRC2012_val_00003747_with_ILSVRC2012_val_00021159_rank250,661,661,0.94269,0
ILSVRC2012_val_00003747_with_ILSVRC2012_val_00031638_rank687,314,211,0.26142,631
ILSVRC2012_val_00003747_with_ILSVRC2012_val_00009974_rank573,96,21,0.45819,42
ILSVRC2012_val_00003747_with_ILSVRC2012_val_00017565_rank420,330,330,0.7934,0
ILSVRC2012_val_00003747_with_ILSVRC2012_val_00013770_rank900,826,826,0.86125,0
ILSVRC2012_val_00003747_with_ILSVRC2012_val_00029350_rank061,853,355,0.35771,67
ILSVRC2012_val_00003747_with_ILSVRC2012_val_00044865_rank753,605,605,0.93429,0
ILSVRC2012_val_00003747_with_ILSVRC2012_val_00030222_rank095,375,375,0.24133,0
ILSVRC2012_val_00003747_with_ILSVRC2012_val_00002422_rank924,897,651,0.6411,2
ILSVRC2012_val_00003747_with_ILSVRC2012_val_00016074_rank490,261,261,0.52689,0
ILSVRC2012_val_00003747_with_ILSVRC2012_val_00017223_rank078,376,376,0.60868,0
ILSVRC2012_val_00003747_with_ILSVRC2012_val_00028423_rank735,553,553,0.93702,0
ILSVRC2012_val_00003747_with_ILSVRC2012_val_00011974_rank950,422,422,0.55825,0
ILSVRC2012_val_00003747_with_ILSVRC2012_val_00024644_rank467,938,936,0.64318,2
ILSVRC2012_val_00003747_with_ILSVRC2012_val_00008843_rank106,102,102,0.91967,0
ILSVRC2012_val_00003747_with_ILSVRC2012_val_00037224_rank648,470,731,0.17376,148
ILSVRC2012_val_00003747_with_ILSVRC2012_val_00012318_rank709,222,222,0.84494,0
ILSVRC2012_val_00003747_with_ILSVRC2012_val_00016472_rank562,910,463,0.26418,158
ILSVRC2012_val_00003747_with_ILSVRC2012_val_00047802_rank788,446,807,0.04243,311
ILSVRC2012_val_00003747_with_ILSVRC2012_val_00032992_rank495,71,71,0.89475,0
ILSVRC2012_val_00003747_with_ILSVRC2012_val_00020896_rank978,643,643,0.17537,0
ILSVRC2012_val_00003747_with_ILSVRC2012_val_00025834_rank052,609,609,0.9385,0
ILSVRC2012_val_00003747_with_ILSVRC2012_val_00034840_rank272,35,36,0.4824,2
ILSVRC2012_val_00003747_with_ILSVRC2012_val_00028419_rank462,519,730,0.46844,876
ILSVRC2012_val_00003747_with_ILSVRC2012_val_00020697_rank438,705,705,0.81774,0
ILSVRC2012_val_00003747_with_ILSVRC2012_val_00006561_rank678,701,701,0.99072,0
ILSVRC2012_val_00003747_with_ILSVRC2012_val_00006586_rank613,236,211,0.49071,10
ILSVRC2012_val_00003747_with_ILSVRC2012_val_00001408_rank182,246,251,0.61322,4
ILSVRC2012_val_00003747_with_ILSVRC2012_val_00036962_rank922,418,418,0.32886,0
ILSVRC2012_val_00003747_with_ILSVRC2012_val_00020701_rank902,771,637,0.69112,7
ILSVRC2012_val_00003747_with_ILSVRC2012_val_00008336_rank940,473,730,0.90283,283
ILSVRC2012_val_00003747_with_ILSVRC2012_val_00048333_rank311,154,154,0.93798,0
ILSVRC2012_val_00003747_with_ILSVRC2012_val_00015772_rank399,597,597,0.411,0
ILSVRC2012_val_00003747_with_ILSVRC2012_val_00014825_rank358,279,279,0.93994,0
ILSVRC2012_val_00003747_with_ILSVRC2012_val_00004825_rank429,465,586,0.55651,22
ILSVRC2012_val_00003747_with_ILSVRC2012_val_00004890_rank925,903,911,0.52266,18
ILSVRC2012_val_00003747_with_ILSVRC2012_val_00033730_rank766,733,410,0.82573,648
ILSVRC2012_val_00003747_with_ILSVRC2012_val_00033712_rank704,118,119,0.58584,2
ILSVRC2012_val_00003747_with_ILSVRC2012_val_00005913_rank006,346,346,0.93265,0
ILSVRC2012_val_00003747_with_ILSVRC2012_val_00015419_rank502,254,254,0.22022,0
ILSVRC2012_val_00003747_with_ILSVRC2012_val_00041757_rank928,767,958,0.18202,492
ILSVRC2012_val_00003747_with_ILSVRC2012_val_00004775_rank946,539,539,0.76795,0
ILSVRC2012_val_00003747_with_ILSVRC2012_val_00025629_rank043,286,291,0.62318,1
ILSVRC2012_val_00003747_with_ILSVRC2012_val_00044475_rank541,55,55,0.77168,0
ILSVRC2012_val_00003747_with_ILSVRC2012_val_00011999_rank233,561,561,0.894,0
ILSVRC2012_val_00003747_with_ILSVRC2012_val_00046476_rank938,709,868,0.12473,22
ILSVRC2012_val_00003747_with_ILSVRC2012_val_00037384_rank513,893,893,0.37414,0
ILSVRC2012_val_00003747_with_ILSVRC2012_val_00015975_rank343,301,301,0.7756,0
ILSVRC2012_val_00003747_with_ILSVRC2012_val_00013908_rank783,794,912,0.16838,581
ILSVRC2012_val_00003747_with_ILSVRC2012_val_00021109_rank019,49,49,0.92094,0
ILSVRC2012_val_00003747_with_ILSVRC2012_val_00036480_rank684,622,622,0.95779,0
ILSVRC2012_val_00003747_with_ILSVRC2012_val_00001513_rank022,345,345,0.83583,0
ILSVRC2012_val_00003747_with_ILSVRC2012_val_00007245_rank232,472,693,0.58904,1
ILSVRC2012_val_00003747_with_ILSVRC2012_val_00037578_rank463,550,550,0.85407,0
ILSVRC2012_val_00003747_with_ILSVRC2012_val_00048784_rank905,896,896,0.31563,0
ILSVRC2012_val_00003747_with_ILSVRC2012_val_00018825_rank584,951,522,0.38125,67
ILSVRC2012_val_00003747_with_ILSVRC2012_val_00048263_rank132,812,812,0.42798,0
ILSVRC2012_val_00003747_with_ILSVRC2012_val_00032642_rank471,607,417,0.22226,7
ILSVRC2012_val_00003747_with_ILSVRC2012_val_00013517_rank052,609,609,0.83776,0
ILSVRC2012_val_00003747_with_ILSVRC2012_val_00014941_rank812,402,486,0.30615,3
ILSVRC2012_val_00003747_with_ILSVRC2012_val_00010500_rank598,249,249,0.76098,0
ILSVRC2012_val_00003747_with_ILSVRC2012_val_00040398_rank663,758,758,0.25288,0
ILSVRC2012_val_00003747_with_ILSVRC2012_val_00001738_rank760,848,637,0.4492,168
ILSVRC2012_val_00003747_with_ILSVRC2012_val_00023639_rank969,696,744,0.17938,240
ILSVRC2012_val_00003747_with_ILSVRC2012_val_00041393_rank151,211,211,0.9392,0
ILSVRC2012_val_00003747_with_ILSVRC2012_val_00018022_rank831,303,73,0.37412,19
ILSVRC2012_val_00003747_with_ILSVRC2012_val_00022350_rank228,36,21,0.13836,188
ILSVRC2012_val_00003747_with_ILSVRC2012_val_00021046_rank303,913,913,0.35469,0
ILSVRC2012_val_00003747_with_ILSVRC2012_val_00008833_rank032,649,649,0.66678,0
ILSVRC2012_val_00003747_with_ILSVRC2012_val_00035805_rank960,187,187,0.67993,0
ILSVRC2012_val_00003747_with_ILSVRC2012_val_00001421_rank831,303,302,0.3411,2
ILSVRC2012_val_00003747_with_ILSVRC2012_val_00044271_rank801,633,633,0.16247,0
ILSVRC2012_val_00003747_with_ILSVRC2012_val_00033846_rank662,604,604,0.98527,0
ILSVRC2012_val_00003747_with_ILSVRC2012_val_00006534_rank767,557,912,0.12606,62
ILSVRC2012_val_00003747_with_ILSVRC2012_val_00047461_rank571,555,555,0.63823,0
ILSVRC2012_val_00003747_with_ILSVRC2012_val_00046757_rank003,101,386,0.87557,2
ILSVRC2012_val_00003747_with_ILSVRC2012_val_00048677_rank738,990,990,0.91932,0
ILSVRC2012_val_00003747_with_ILSVRC2012_val_00046000_rank572,41,41,0.85661,0
ILSVRC2012_val_00003747_with_ILSVRC2012_val_00028280_rank780,637,637,0.94464,0
ILSVRC2012_val_00003747_with_ILSVRC2012_val_00009552_rank466,660,660,0.6561,0
ILSVRC2012_val_00003747_with_ILSVRC2012_val_00042101_rank159,540,730,0.21316,409
ILSVRC2012_val_00003747_with_ILSVRC2012_val_00006245_rank008,354,354,0.97952,0
ILSVRC2012_val_00003747_with_ILSVRC2012_val_00006871_rank519,614,614,0.96938,0
ILSVRC2012_val_00003747_with_ILSVRC2012_val_00028208_rank306,84,84,0.88957,0
ILSVRC2012_val_00003747_with_ILSVRC2012_val_00010602_rank011,51,172,0.27041,711
ILSVRC2012_val_00003747_with_ILSVRC2012_val_00007367_rank612,198,233,0.95365,3
ILSVRC2012_val_00003747_with_ILSVRC2012_val_00043116_rank848,423,423,0.84234,0
ILSVRC2012_val_00003747_with_ILSVRC2012_val_00007103_rank987,859,637,0.16033,53
ILSVRC2012_val_00003747_with_ILSVRC2012_val_00027587_rank734,889,889,0.24624,0
ILSVRC2012_val_00003747_with_ILSVRC2012_val_00033387_rank220,867,867,0.4278,0
ILSVRC2012_val_00003747_with_ILSVRC2012_val_00030598_rank381,846,846,0.60601,0
ILSVRC2012_val_00003747_with_ILSVRC2012_val_00045855_rank850,544,544,0.59978,0
ILSVRC2012_val_00003747_with_ILSVRC2012_val_00000576_rank708,86,86,0.68895,0
ILSVRC2012_val_00003747_with_ILSVRC2012_val_00005208_rank768,76,351,0.28558,501
ILSVRC2012_val_00003747_with_ILSVRC2012_val_00029119_rank682,478,448,0.7411,30
ILSVRC2012_val_00003747_with_ILSVRC2012_val_00005998_rank176,287,287,0.83061,0
ILSVRC2012_val_00003747_with_ILSVRC2012_val_00041402_rank446,420,541,0.11209,6
ILSVRC2012_val_00003747_with_ILSVRC2012_val_00003897_rank373,890,768,0.35358,5
ILSVRC2012_val_00003747_with_ILSVRC2012_val_00018283_rank675,959,959,0.36253,0
ILSVRC2012_val_00003747_with_ILSVRC2012_val_00027530_rank544,985,985,0.98306,0
ILSVRC2012_val_00003747_with_ILSVRC2012_val_00011278_rank521,25,25,0.90541,0
ILSVRC2012_val_00003747_with_ILSVRC2012_val_00012812_rank165,449,425,0.50236,3
ILSVRC2012_val_00003747_with_ILSVRC2012_val_00032736_rank844,507,507,0.9859,0
ILSVRC2012_val_00003747_with_ILSVRC2012_val_00049316_rank968,32,32,0.74348,0
ILSVRC2012_val_00003747_with_ILSVRC2012_val_00019787_rank708,86,86,0.6775,0
ILSVRC2012_val_00003747_with_ILSVRC2012_val_00028381_rank292,319,319,0.92741,0
ILSVRC2012_val_00003747_with_ILSVRC2012_val_00011735_rank262,833,833,0.8859,0
ILSVRC2012_val_00003747_with_ILSVRC2012_val_00031741_rank406,391,391,0.95027,0
ILSVRC2012_val_00003747_with_ILSVRC2012_val_00044377_rank564,139,146,0.49359,14
ILSVRC2012_val_00003747_with_ILSVRC2012_val_00000755_rank203,995,995,0.49324,0
ILSVRC2012_val_00003747_with_ILSVRC2012_val_00048973_rank993,435,412,0.15139,184
ILSVRC2012_val_00003747_with_ILSVRC2012_val_00001188_rank428,611,276,0.04928,971
ILSVRC2012_val_00003747_with_ILSVRC2012_val_00032046_rank971,487,487,0.5189,0
ILSVRC2012_val_00003747_with_ILSVRC2012_val_00003070_rank189,47,47,0.99313,0
ILSVRC2012_val_00003747_with_ILSVRC2012_val_00021060_rank842,798,798,0.4485,0
ILSVRC2012_val_00003747_with_ILSVRC2012_val_00049842_rank363,583,583,0.97159,0
ILSVRC2012_val_00003747_with_ILSVRC2012_val_00030751_rank693,802,176,0.63244,530
ILSVRC2012_val_00003747_with_ILSVRC2012_val_00038549_rank276,34,138,0.11872,131
ILSVRC2012_val_00003747_with_ILSVRC2012_val_00033869_rank1000,852,354,0.64453,584
ILSVRC2012_val_00003747_with_ILSVRC2012_val_00039505_rank651,188,188,0.84891,0
ILSVRC2012_val_00003747_with_ILSVRC2012_val_00008412_rank840,700,463,0.19705,137
ILSVRC2012_val_00003747_with_ILSVRC2012_val_00022064_rank771,463,463,0.97844,0
ILSVRC2012_val_00003747_with_ILSVRC2012_val_00037247_rank201,950,730,0.71423,840
ILSVRC2012_val_00003747_with_ILSVRC2012_val_00025986_rank794,760,760,0.35459,0
ILSVRC2012_val_00003747_with_ILSVRC2012_val_00025933_rank985,459,459,0.36016,0
ILSVRC2012_val_00003747_with_ILSVRC2012_val_00025449_rank661,94,352,0.40814,281
ILSVRC2012_val_00003747_with_ILSVRC2012_val_00045280_rank651,188,188,0.60336,0
ILSVRC2012_val_00003747_with_ILSVRC2012_val_00015961_rank955,585,412,0.62981,384
ILSVRC2012_val_00003747_with_ILSVRC2012_val_00005423_rank828,608,843,0.21659,61
ILSVRC2012_val_00003747_with_ILSVRC2012_val_00044251_rank369,685,685,0.93789,0
ILSVRC2012_val_00003747_with_ILSVRC2012_val_00011728_rank873,151,151,0.44685,0
ILSVRC2012_val_00003747_with_ILSVRC2012_val_00038103_rank953,428,428,0.99929,0
ILSVRC2012_val_00003747_with_ILSVRC2012_val_00030368_rank802,195,264,0.94603,15
ILSVRC2012_val_00003747_with_ILSVRC2012_val_00004142_rank177,408,847,0.45211,1
ILSVRC2012_val_00003747_with_ILSVRC2012_val_00040000_rank645,82,82,0.82269,0
ILSVRC2012_val_00003747_with_ILSVRC2012_val_00041128_rank506,686,855,0.30968,10
ILSVRC2012_val_00003747_with_ILSVRC2012_val_00001179_rank096,137,137,0.85019,0
ILSVRC2012_val_00003747_with_ILSVRC2012_val_00010565_rank557,751,730,0.17714,88
ILSVRC2012_val_00003747_with_ILSVRC2012_val_00048696_rank755,321,321,0.94572,0
ILSVRC2012_val_00003747_with_ILSVRC2012_val_00049168_rank696,306,306,0.73198,0
ILSVRC2012_val_00003747_with_ILSVRC2012_val_00032871_rank403,304,303,0.89058,4
ILSVRC2012_val_00003747_with_ILSVRC2012_val_00020532_rank380,655,912,0.52742,940
ILSVRC2012_val_00003747_with_ILSVRC2012_val_00029729_rank705,593,593,0.9538,0
ILSVRC2012_val_00003747_with_ILSVRC2012_val_00032691_rank998,650,600,0.15684,69
ILSVRC2012_val_00003747_with_ILSVRC2012_val_00007598_rank493,533,539,0.74105,12
ILSVRC2012_val_00003747_with_ILSVRC2012_val_00040173_rank032,649,730,0.87165,133
ILSVRC2012_val_00003747_with_ILSVRC2012_val_00008496_rank326,255,255,0.93827,0
ILSVRC2012_val_00003747_with_ILSVRC2012_val_00013130_rank309,665,665,0.86285,0
ILSVRC2012_val_00003747_with_ILSVRC2012_val_00016424_rank363,583,583,0.92978,0
ILSVRC2012_val_00003747_with_ILSVRC2012_val_00015361_rank870,962,962,0.95887,0
ILSVRC2012_val_00003747_with_ILSVRC2012_val_00010421_rank156,83,83,0.88541,0
ILSVRC2012_val_00003747_with_ILSVRC2012_val_00003913_rank471,607,607,0.92091,0
ILSVRC2012_val_00003747_with_ILSVRC2012_val_00019798_rank749,679,488,0.07506,1
ILSVRC2012_val_00003747_with_ILSVRC2012_val_00046048_rank615,242,242,0.98105,0
ILSVRC2012_val_00003747_with_ILSVRC2012_val_00038335_rank951,158,166,0.23442,7
ILSVRC2012_val_00003747_with_ILSVRC2012_val_00045058_rank078,376,376,0.9293,0
ILSVRC2012_val_00003747_with_ILSVRC2012_val_00017298_rank539,563,764,0.17957,52
ILSVRC2012_val_00003747_with_ILSVRC2012_val_00040870_rank804,338,338,0.81567,0
ILSVRC2012_val_00003747_with_ILSVRC2012_val_00004643_rank168,277,277,0.71952,0
ILSVRC2012_val_00003747_with_ILSVRC2012_val_00040282_rank724,957,957,0.92067,0
ILSVRC2012_val_00003747_with_ILSVRC2012_val_00006969_rank135,127,127,0.90682,0
ILSVRC2012_val_00003747_with_ILSVRC2012_val_00001218_rank097,21,21,0.57769,0
ILSVRC2012_val_00003747_with_ILSVRC2012_val_00010031_rank508,184,184,0.95894,0
ILSVRC2012_val_00003747_with_ILSVRC2012_val_00019241_rank133,161,161,0.84869,0
ILSVRC2012_val_00003747_with_ILSVRC2012_val_00038472_rank637,501,501,0.79918,0
ILSVRC2012_val_00003747_with_ILSVRC2012_val_00000562_rank531,466,895,0.67288,22
ILSVRC2012_val_00003747_with_ILSVRC2012_val_00031970_rank655,956,7,0.25985,491
ILSVRC2012_val_00003747_with_ILSVRC2012_val_00000528_rank152,80,80,0.92093,0
ILSVRC2012_val_00003747_with_ILSVRC2012_val_00038935_rank247,6,6,0.62642,0
ILSVRC2012_val_00003747_with_ILSVRC2012_val_00010113_rank326,255,255,0.86531,0
ILSVRC2012_val_00003747_with_ILSVRC2012_val_00040883_rank611,713,713,0.92162,0
ILSVRC2012_val_00003747_with_ILSVRC2012_val_00007453_rank757,401,595,0.59665,513
ILSVRC2012_val_00003747_with_ILSVRC2012_val_00027805_rank245,182,207,0.42049,61
ILSVRC2012_val_00003747_with_ILSVRC2012_val_00045427_rank893,699,699,0.92151,0
ILSVRC2012_val_00003747_with_ILSVRC2012_val_00041309_rank154,815,77,0.68744,4
ILSVRC2012_val_00003747_with_ILSVRC2012_val_00027938_rank203,995,995,0.83788,0
ILSVRC2012_val_00003747_with_ILSVRC2012_val_00000630_rank675,959,959,0.94215,0
ILSVRC2012_val_00003747_with_ILSVRC2012_val_00009665_rank427,112,112,0.75004,0
ILSVRC2012_val_00003747_with_ILSVRC2012_val_00022560_rank581,572,541,0.3759,64
ILSVRC2012_val_00003747_with_ILSVRC2012_val_00013042_rank806,632,632,0.88936,0
ILSVRC2012_val_00003747_with_ILSVRC2012_val_00017127_rank325,879,879,0.97248,0
ILSVRC2012_val_00003747_with_ILSVRC2012_val_00022627_rank611,713,713,0.85522,0
ILSVRC2012_val_00003747_with_ILSVRC2012_val_00049077_rank105,129,129,0.92041,0
ILSVRC2012_val_00003747_with_ILSVRC2012_val_00029030_rank386,72,73,0.35509,2
ILSVRC2012_val_00003747_with_ILSVRC2012_val_00042947_rank879,883,899,0.42491,5
ILSVRC2012_val_00003747_with_ILSVRC2012_val_00010351_rank243,628,847,0.15844,84
ILSVRC2012_val_00003747_with_ILSVRC2012_val_00012335_rank214,341,348,0.8702,6
ILSVRC2012_val_00003747_with_ILSVRC2012_val_00008353_rank394,520,520,0.31407,0
ILSVRC2012_val_00003747_with_ILSVRC2012_val_00003105_rank783,794,520,0.06641,14
ILSVRC2012_val_00003747_with_ILSVRC2012_val_00004667_rank751,516,516,0.17214,0
ILSVRC2012_val_00003747_with_ILSVRC2012_val_00019937_rank358,279,279,0.83714,0
ILSVRC2012_val_00003747_with_ILSVRC2012_val_00014381_rank678,701,701,0.96604,0
ILSVRC2012_val_00003747_with_ILSVRC2012_val_00032202_rank689,358,358,0.37831,0
ILSVRC2012_val_00003747_with_ILSVRC2012_val_00041337_rank326,255,255,0.92969,0
ILSVRC2012_val_00003747_with_ILSVRC2012_val_00046442_rank988,711,711,0.74933,0
ILSVRC2012_val_00003747_with_ILSVRC2012_val_00020708_rank157,270,269,0.28708,1
ILSVRC2012_val_00003747_with_ILSVRC2012_val_00018282_rank089,869,869,0.94703,0
ILSVRC2012_val_00003747_with_ILSVRC2012_val_00038384_rank655,956,956,0.82286,0
ILSVRC2012_val_00003747_with_ILSVRC2012_val_00044384_rank639,65,65,0.75486,0
ILSVRC2012_val_00003747_with_ILSVRC2012_val_00011550_rank561,783,783,0.88418,0
ILSVRC2012_val_00003747_with_ILSVRC2012_val_00049976_rank653,361,361,0.95719,0
ILSVRC2012_val_00003747_with_ILSVRC2012_val_00018425_rank432,568,568,0.5151,0
ILSVRC2012_val_00003747_with_ILSVRC2012_val_00027445_rank351,230,256,0.8497,75
ILSVRC2012_val_00003747_with_ILSVRC2012_val_00045297_rank154,815,815,0.86778,0
ILSVRC2012_val_00003747_with_ILSVRC2012_val_00009578_rank073,271,272,0.7175,2
ILSVRC2012_val_00003747_with_ILSVRC2012_val_00022949_rank913,723,723,0.95111,0
ILSVRC2012_val_00003747_with_ILSVRC2012_val_00021449_rank908,697,701,0.08797,891
ILSVRC2012_val_00003747_with_ILSVRC2012_val_00027126_rank542,556,646,0.24993,149
ILSVRC2012_val_00003747_with_ILSVRC2012_val_00030498_rank087,821,703,0.48272,79
ILSVRC2012_val_00003747_with_ILSVRC2012_val_00037731_rank076,299,299,0.85696,0
ILSVRC2012_val_00003747_with_ILSVRC2012_val_00017267_rank762,968,816,0.89684,271
ILSVRC2012_val_00003747_with_ILSVRC2012_val_00037372_rank984,496,496,0.89041,0
ILSVRC2012_val_00003747_with_ILSVRC2012_val_00022823_rank224,832,832,0.98421,0
ILSVRC2012_val_00003747_with_ILSVRC2012_val_00006982_rank665,722,522,0.13085,12
ILSVRC2012_val_00003747_with_ILSVRC2012_val_00011033_rank972,778,428,0.19593,117
ILSVRC2012_val_00003747_with_ILSVRC2012_val_00037695_rank648,470,470,0.98318,0
ILSVRC2012_val_00003747_with_ILSVRC2012_val_00008959_rank664,670,670,0.19441,0
ILSVRC2012_val_00003747_with_ILSVRC2012_val_00022812_rank019,49,62,0.11275,10
ILSVRC2012_val_00003747_with_ILSVRC2012_val_00002115_rank844,507,730,0.11058,770
ILSVRC2012_val_00003747_with_ILSVRC2012_val_00002873_rank879,883,725,0.31593,1
ILSVRC2012_val_00003747_with_ILSVRC2012_val_00020055_rank558,512,383,0.3173,382
ILSVRC2012_val_00003747_with_ILSVRC2012_val_00040289_rank055,381,381,0.25336,0
ILSVRC2012_val_00003747_with_ILSVRC2012_val_00017930_rank122,130,353,0.24023,20
ILSVRC2012_val_00003747_with_ILSVRC2012_val_00013836_rank1000,852,752,0.82967,1
ILSVRC2012_val_00003747_with_ILSVRC2012_val_00023770_rank973,795,730,0.08383,129
ILSVRC2012_val_00003747_with_ILSVRC2012_val_00004087_rank130,972,649,0.30232,7
ILSVRC2012_val_00003747_with_ILSVRC2012_val_00032654_rank179,997,997,0.81801,0
ILSVRC2012_val_00003747_with_ILSVRC2012_val_00033379_rank641,125,125,0.74761,0
ILSVRC2012_val_00003747_with_ILSVRC2012_val_00001254_rank068,374,369,0.88485,16
ILSVRC2012_val_00003747_with_ILSVRC2012_val_00016195_rank069,99,138,0.29725,12
ILSVRC2012_val_00003747_with_ILSVRC2012_val_00022073_rank341,458,458,0.07839,0
ILSVRC2012_val_00003747_with_ILSVRC2012_val_00036941_rank523,489,85,0.30683,159
ILSVRC2012_val_00003747_with_ILSVRC2012_val_00046795_rank782,223,223,0.87687,0
ILSVRC2012_val_00003747_with_ILSVRC2012_val_00008317_rank027,339,339,0.9115,0
ILSVRC2012_val_00003747_with_ILSVRC2012_val_00016151_rank211,780,780,0.93781,0
ILSVRC2012_val_00003747_with_ILSVRC2012_val_00040208_rank112,290,290,0.88106,0
ILSVRC2012_val_00003747_with_ILSVRC2012_val_00035483_rank739,610,610,0.53799,0
ILSVRC2012_val_00003747_with_ILSVRC2012_val_00007012_rank793,414,414,0.94016,0
ILSVRC2012_val_00003747_with_ILSVRC2012_val_00026097_rank612,198,196,0.40621,2
ILSVRC2012_val_00003747_with_ILSVRC2012_val_00016605_rank979,851,851,0.97234,0
ILSVRC2012_val_00003747_with_ILSVRC2012_val_00000058_rank756,994,211,0.53001,372
ILSVRC2012_val_00003747_with_ILSVRC2012_val_00004316_rank579,17,18,0.22457,1
ILSVRC2012_val_00003747_with_ILSVRC2012_val_00041932_rank841,551,427,0.31478,247
ILSVRC2012_val_00003747_with_ILSVRC2012_val_00024120_rank714,886,886,0.8665,0
ILSVRC2012_val_00003747_with_ILSVRC2012_val_00003298_rank348,61,351,0.50903,466
ILSVRC2012_val_00003747_with_ILSVRC2012_val_00016870_rank519,614,672,0.79607,570
ILSVRC2012_val_00003747_with_ILSVRC2012_val_00013061_rank692,462,462,0.99204,0
ILSVRC2012_val_00003747_with_ILSVRC2012_val_00030959_rank009,347,347,0.9427,0
ILSVRC2012_val_00003747_with_ILSVRC2012_val_00022335_rank127,144,144,0.94485,0
ILSVRC2012_val_00003747_with_ILSVRC2012_val_00031141_rank331,675,675,0.65853,0
ILSVRC2012_val_00003747_with_ILSVRC2012_val_00036440_rank800,157,157,0.93865,0
ILSVRC2012_val_00003747_with_ILSVRC2012_val_00031174_rank643,836,463,0.76294,150
ILSVRC2012_val_00003747_with_ILSVRC2012_val_00042022_rank370,192,187,0.67834,11
ILSVRC2012_val_00003747_with_ILSVRC2012_val_00023585_rank512,689,701,0.21274,444
ILSVRC2012_val_00003747_with_ILSVRC2012_val_00007479_rank620,113,113,0.93297,0
ILSVRC2012_val_00003747_with_ILSVRC2012_val_00011888_rank616,317,317,0.95876,0
ILSVRC2012_val_00003747_with_ILSVRC2012_val_00031186_rank255,571,571,0.87975,0
ILSVRC2012_val_00003747_with_ILSVRC2012_val_00006168_rank279,241,238,0.81132,2
ILSVRC2012_val_00003747_with_ILSVRC2012_val_00013885_rank728,247,247,0.94365,0
ILSVRC2012_val_00003747_with_ILSVRC2012_val_00039649_rank919,902,412,0.2438,999
ILSVRC2012_val_00003747_with_ILSVRC2012_val_00044755_rank276,34,221,0.28043,642
ILSVRC2012_val_00003747_with_ILSVRC2012_val_00030623_rank194,68,66,0.75571,1
ILSVRC2012_val_00003747_with_ILSVRC2012_val_00038603_rank956,872,920,0.78432,69
ILSVRC2012_val_00003747_with_ILSVRC2012_val_00032884_rank974,584,856,0.04855,578
ILSVRC2012_val_00003747_with_ILSVRC2012_val_00034178_rank657,4,4,0.53346,0
ILSVRC2012_val_00003747_with_ILSVRC2012_val_00038521_rank894,773,755,0.34915,797
ILSVRC2012_val_00003747_with_ILSVRC2012_val_00046677_rank564,139,139,0.9347,0
ILSVRC2012_val_00003747_with_ILSVRC2012_val_00036369_rank359,407,478,0.06091,85
ILSVRC2012_val_00003747_with_ILSVRC2012_val_00007305_rank816,457,457,0.89089,0
ILSVRC2012_val_00003747_with_ILSVRC2012_val_00047018_rank846,754,754,0.42965,0
ILSVRC2012_val_00003747_with_ILSVRC2012_val_00029421_rank343,301,301,0.96043,0
ILSVRC2012_val_00003747_with_ILSVRC2012_val_00014453_rank236,858,858,0.86748,0
ILSVRC2012_val_00003747_with_ILSVRC2012_val_00005687_rank277,190,190,0.44888,0
ILSVRC2012_val_00003747_with_ILSVRC2012_val_00007473_rank881,543,543,0.54812,0
ILSVRC2012_val_00003747_with_ILSVRC2012_val_00047697_rank583,741,735,0.19212,25
ILSVRC2012_val_00003747_with_ILSVRC2012_val_00006578_rank294,491,491,0.47321,0
ILSVRC2012_val_00003747_with_ILSVRC2012_val_00007693_rank404,857,857,0.83018,0
ILSVRC2012_val_00003747_with_ILSVRC2012_val_00028587_rank675,959,959,0.8864,0
ILSVRC2012_val_00003747_with_ILSVRC2012_val_00022373_rank071,132,134,0.78079,3
ILSVRC2012_val_00003747_with_ILSVRC2012_val_00023297_rank880,684,684,0.89354,0
ILSVRC2012_val_00003747_with_ILSVRC2012_val_00037601_rank626,793,351,0.73251,866
ILSVRC2012_val_00003747_with_ILSVRC2012_val_00040743_rank221,183,183,0.91297,0
ILSVRC2012_val_00003747_with_ILSVRC2012_val_00041756_rank102,368,368,0.92301,0
ILSVRC2012_val_00003747_with_ILSVRC2012_val_00004347_rank724,957,522,0.15581,229
ILSVRC2012_val_00003747_with_ILSVRC2012_val_00000908_rank572,41,41,0.91278,0
ILSVRC2012_val_00003747_with_ILSVRC2012_val_00029901_rank167,425,425,0.94626,0
ILSVRC2012_val_00003747_with_ILSVRC2012_val_00041491_rank020,353,352,0.6191,1
ILSVRC2012_val_00003747_with_ILSVRC2012_val_00001226_rank481,333,333,0.80232,0
ILSVRC2012_val_00003747_with_ILSVRC2012_val_00016697_rank218,267,266,0.53585,1
ILSVRC2012_val_00003747_with_ILSVRC2012_val_00041352_rank303,913,913,0.57646,0
ILSVRC2012_val_00003747_with_ILSVRC2012_val_00040992_rank290,475,475,0.83716,0
ILSVRC2012_val_00003747_with_ILSVRC2012_val_00003622_rank869,440,440,0.5898,0
ILSVRC2012_val_00003747_with_ILSVRC2012_val_00022629_rank218,267,267,0.57651,0
ILSVRC2012_val_00003747_with_ILSVRC2012_val_00042833_rank370,192,192,0.53321,0
ILSVRC2012_val_00003747_with_ILSVRC2012_val_00032797_rank550,116,116,0.75306,0
ILSVRC2012_val_00003747_with_ILSVRC2012_val_00037882_rank417,117,947,0.17441,69
ILSVRC2012_val_00003747_with_ILSVRC2012_val_00025772_rank446,420,420,0.94459,0
ILSVRC2012_val_00003747_with_ILSVRC2012_val_00047072_rank931,855,427,0.42676,151
ILSVRC2012_val_00003747_with_ILSVRC2012_val_00023117_rank745,945,945,0.70939,0
ILSVRC2012_val_00003747_with_ILSVRC2012_val_00002651_rank362,398,398,0.84136,0
ILSVRC2012_val_00003747_with_ILSVRC2012_val_00002055_rank933,894,648,0.36208,6
ILSVRC2012_val_00003747_with_ILSVRC2012_val_00028281_rank536,672,672,0.85947,0
ILSVRC2012_val_00003747_with_ILSVRC2012_val_00002224_rank471,607,607,0.91079,0
ILSVRC2012_val_00003747_with_ILSVRC2012_val_00023692_rank591,73,73,0.64477,0
ILSVRC2012_val_00003747_with_ILSVRC2012_val_00000024_rank109,727,727,0.92164,0
ILSVRC2012_val_00003747_with_ILSVRC2012_val_00043589_rank421,447,866,0.18372,382
ILSVRC2012_val_00003747_with_ILSVRC2012_val_00040100_rank042,288,290,0.53092,2
ILSVRC2012_val_00003747_with_ILSVRC2012_val_00017599_rank145,243,243,0.92905,0
ILSVRC2012_val_00003747_with_ILSVRC2012_val_00008292_rank155,404,895,0.89532,2
ILSVRC2012_val_00003747_with_ILSVRC2012_val_00025689_rank101,755,755,0.9364,0
ILSVRC2012_val_00003747_with_ILSVRC2012_val_00027252_rank894,773,773,0.56821,0
ILSVRC2012_val_00003747_with_ILSVRC2012_val_00034767_rank635,108,9,0.33312,323
ILSVRC2012_val_00003747_with_ILSVRC2012_val_00025507_rank727,11,11,0.88035,0
ILSVRC2012_val_00003747_with_ILSVRC2012_val_00029318_rank452,103,103,0.51134,0
ILSVRC2012_val_00003747_with_ILSVRC2012_val_00041973_rank900,826,826,0.8187,0
ILSVRC2012_val_00003747_with_ILSVRC2012_val_00008665_rank219,63,63,0.70276,0
ILSVRC2012_val_00003747_with_ILSVRC2012_val_00031758_rank499,577,787,0.57149,6
ILSVRC2012_val_00003747_with_ILSVRC2012_val_00047766_rank892,813,813,0.8211,0
ILSVRC2012_val_00003747_with_ILSVRC2012_val_00010935_rank854,721,885,0.19333,27
ILSVRC2012_val_00003747_with_ILSVRC2012_val_00049684_rank627,332,351,0.11715,766
ILSVRC2012_val_00003747_with_ILSVRC2012_val_00032487_rank844,507,507,0.97694,0
ILSVRC2012_val_00003747_with_ILSVRC2012_val_00048726_rank377,493,637,0.40542,121
ILSVRC2012_val_00003747_with_ILSVRC2012_val_00015849_rank883,439,206,0.48246,136
ILSVRC2012_val_00003747_with_ILSVRC2012_val_00018262_rank470,194,194,0.80775,0
ILSVRC2012_val_00003747_with_ILSVRC2012_val_00045289_rank804,338,110,0.38448,543
ILSVRC2012_val_00003747_with_ILSVRC2012_val_00027784_rank964,769,769,0.99204,0
ILSVRC2012_val_00003747_with_ILSVRC2012_val_00029106_rank170,734,734,0.64705,0
ILSVRC2012_val_00003747_with_ILSVRC2012_val_00036751_rank379,155,182,0.73504,38
ILSVRC2012_val_00003747_with_ILSVRC2012_val_00013405_rank529,986,83,0.30285,124
ILSVRC2012_val_00003747_with_ILSVRC2012_val_00018663_rank079,682,682,0.94334,0
ILSVRC2012_val_00003747_with_ILSVRC2012_val_00005190_rank406,391,389,0.40474,2
ILSVRC2012_val_00003747_with_ILSVRC2012_val_00012668_rank091,575,575,0.92507,0
ILSVRC2012_val_00003747_with_ILSVRC2012_val_00024356_rank073,271,271,0.96661,0
ILSVRC2012_val_00003747_with_ILSVRC2012_val_00010148_rank627,332,332,0.85499,0
ILSVRC2012_val_00003747_with_ILSVRC2012_val_00038689_rank664,670,665,0.52227,1
ILSVRC2012_val_00003747_with_ILSVRC2012_val_00007755_rank813,574,574,0.94471,0
ILSVRC2012_val_00003747_with_ILSVRC2012_val_00031303_rank955,585,585,0.604,0
ILSVRC2012_val_00003747_with_ILSVRC2012_val_00034362_rank829,549,730,0.04954,408
ILSVRC2012_val_00003747_with_ILSVRC2012_val_00017490_rank113,39,47,0.94501,5
ILSVRC2012_val_00003747_with_ILSVRC2012_val_00028780_rank797,666,666,0.84662,0
ILSVRC2012_val_00003747_with_ILSVRC2012_val_00028179_rank818,464,353,0.19738,880
ILSVRC2012_val_00003747_with_ILSVRC2012_val_00015637_rank826,411,411,0.94138,0
ILSVRC2012_val_00003747_with_ILSVRC2012_val_00017699_rank344,0,351,0.21144,19
ILSVRC2012_val_00003747_with_ILSVRC2012_val_00027144_rank626,793,21,0.38526,660
ILSVRC2012_val_00003747_with_ILSVRC2012_val_00047850_rank073,271,271,0.93042,0
ILSVRC2012_val_00003747_with_ILSVRC2012_val_00035367_rank657,4,4,0.08781,0
ILSVRC2012_val_00003747_with_ILSVRC2012_val_00012079_rank200,289,289,0.78983,0
ILSVRC2012_val_00003747_with_ILSVRC2012_val_00038786_rank680,204,154,0.88479,4
ILSVRC2012_val_00003747_with_ILSVRC2012_val_00035291_rank660,599,599,0.72118,0
ILSVRC2012_val_00003747_with_ILSVRC2012_val_00039650_rank381,846,846,0.04051,0
ILSVRC2012_val_00003747_with_ILSVRC2012_val_00039136_rank915,688,688,0.91422,0
ILSVRC2012_val_00003747_with_ILSVRC2012_val_00045183_rank435,111,68,0.46354,32
ILSVRC2012_val_00003747_with_ILSVRC2012_val_00009923_rank485,143,143,0.91298,0
ILSVRC2012_val_00003747_with_ILSVRC2012_val_00011633_rank327,392,392,0.95873,0
ILSVRC2012_val_00003747_with_ILSVRC2012_val_00032436_rank400,431,431,0.89713,0
ILSVRC2012_val_00003747_with_ILSVRC2012_val_00006461_rank171,834,797,0.39973,142
ILSVRC2012_val_00003747_with_ILSVRC2012_val_00004532_rank787,770,770,0.30807,0
ILSVRC2012_val_00003747_with_ILSVRC2012_val_00042598_rank872,529,339,0.16611,712
ILSVRC2012_val_00003747_with_ILSVRC2012_val_00038517_rank907,804,804,0.0594,0
ILSVRC2012_val_00003747_with_ILSVRC2012_val_00046905_rank360,595,595,0.93974,0
ILSVRC2012_val_00003747_with_ILSVRC2012_val_00006075_rank708,86,86,0.57373,0
ILSVRC2012_val_00003747_with_ILSVRC2012_val_00043871_rank688,517,517,0.29637,0
ILSVRC2012_val_00003747_with_ILSVRC2012_val_00025353_rank153,221,221,0.85345,0
ILSVRC2012_val_00003747_with_ILSVRC2012_val_00015903_rank727,11,11,0.93717,0
ILSVRC2012_val_00003747_with_ILSVRC2012_val_00024396_rank916,81,81,0.92424,0
ILSVRC2012_val_00003747_with_ILSVRC2012_val_00031103_rank496,38,38,0.8806,0
ILSVRC2012_val_00003747_with_ILSVRC2012_val_00035966_rank449,410,410,0.95321,0
ILSVRC2012_val_00003747_with_ILSVRC2012_val_00028621_rank131,947,947,0.37962,0
ILSVRC2012_val_00003747_with_ILSVRC2012_val_00038540_rank861,809,618,0.33263,5
ILSVRC2012_val_00003747_with_ILSVRC2012_val_00014472_rank426,64,63,0.95654,6
ILSVRC2012_val_00003747_with_ILSVRC2012_val_00018026_rank064,105,105,0.87782,0
ILSVRC2012_val_00003747_with_ILSVRC2012_val_00015557_rank546,140,99,0.29986,22
ILSVRC2012_val_00003747_with_ILSVRC2012_val_00038584_rank026,690,690,0.5123,0
ILSVRC2012_val_00003747_with_ILSVRC2012_val_00034030_rank369,685,685,0.91968,0
ILSVRC2012_val_00003747_with_ILSVRC2012_val_00018325_rank286,743,789,0.26729,8
ILSVRC2012_val_00003747_with_ILSVRC2012_val_00048234_rank120,89,89,0.93525,0
ILSVRC2012_val_00003747_with_ILSVRC2012_val_00012976_rank003,101,101,0.87551,0
ILSVRC2012_val_00003747_with_ILSVRC2012_val_00048437_rank269,12,12,0.80141,0
ILSVRC2012_val_00003747_with_ILSVRC2012_val_00027448_rank267,283,285,0.24579,9
ILSVRC2012_val_00003747_with_ILSVRC2012_val_00001827_rank217,602,595,0.44649,384
ILSVRC2012_val_00003747_with_ILSVRC2012_val_00048016_rank735,553,553,0.93362,0
ILSVRC2012_val_00003747_with_ILSVRC2012_val_00042211_rank287,384,384,0.7146,0
ILSVRC2012_val_00003747_with_ILSVRC2012_val_00017486_rank117,282,271,0.36313,61
ILSVRC2012_val_00003747_with_ILSVRC2012_val_00029375_rank218,267,267,0.76486,0
ILSVRC2012_val_00003747_with_ILSVRC2012_val_00018845_rank440,715,649,0.19686,599
ILSVRC2012_val_00003747_with_ILSVRC2012_val_00020334_rank360,595,595,0.66776,0
ILSVRC2012_val_00003747_with_ILSVRC2012_val_00043187_rank384,547,565,0.78693,3
ILSVRC2012_val_00003747_with_ILSVRC2012_val_00024683_rank014,349,349,0.73611,0
ILSVRC2012_val_00003747_with_ILSVRC2012_val_00030329_rank430,576,843,0.11398,202
ILSVRC2012_val_00003747_with_ILSVRC2012_val_00006228_rank797,666,666,0.99021,0
ILSVRC2012_val_00003747_with_ILSVRC2012_val_00010595_rank671,438,438,0.87517,0
ILSVRC2012_val_00003747_with_ILSVRC2012_val_00012642_rank871,752,522,0.54192,19
ILSVRC2012_val_00003747_with_ILSVRC2012_val_00021792_rank519,614,614,0.95138,0
ILSVRC2012_val_00003747_with_ILSVRC2012_val_00030243_rank428,611,23,0.05645,979
ILSVRC2012_val_00003747_with_ILSVRC2012_val_00008071_rank804,338,338,0.81572,0
ILSVRC2012_val_00003747_with_ILSVRC2012_val_00034703_rank724,957,957,0.18117,0
ILSVRC2012_val_00003747_with_ILSVRC2012_val_00041071_rank981,600,488,0.82961,1
ILSVRC2012_val_00003747_with_ILSVRC2012_val_00023672_rank628,453,519,0.32395,18
ILSVRC2012_val_00003747_with_ILSVRC2012_val_00016829_rank100,379,343,0.33412,88
ILSVRC2012_val_00003747_with_ILSVRC2012_val_00040222_rank825,240,240,0.57191,0
ILSVRC2012_val_00003747_with_ILSVRC2012_val_00033282_rank362,398,398,0.9542,0
ILSVRC2012_val_00003747_with_ILSVRC2012_val_00026853_rank792,927,927,0.95715,0
ILSVRC2012_val_00003747_with_ILSVRC2012_val_00013333_rank037,149,149,0.71898,0
ILSVRC2012_val_00003747_with_ILSVRC2012_val_00037032_rank042,288,288,0.92,0
ILSVRC2012_val_00003747_with_ILSVRC2012_val_00027796_rank567,745,745,0.28804,0
ILSVRC2012_val_00003747_with_ILSVRC2012_val_00007414_rank883,439,439,0.83701,0
ILSVRC2012_val_00003747_with_ILSVRC2012_val_00028825_rank007,344,344,0.88036,0
ILSVRC2012_val_00003747_with_ILSVRC2012_val_00043784_rank018,352,352,0.40478,0
ILSVRC2012_val_00003747_with_ILSVRC2012_val_00046334_rank932,768,768,0.9397,0
ILSVRC2012_val_00003747_with_ILSVRC2012_val_00036596_rank131,947,947,0.54907,0
ILSVRC2012_val_00003747_with_ILSVRC2012_val_00012071_rank601,747,747,0.33763,0
ILSVRC2012_val_00003747_with_ILSVRC2012_val_00020378_rank448,929,559,0.2112,161
ILSVRC2012_val_00003747_with_ILSVRC2012_val_00024140_rank280,377,373,0.3228,10
ILSVRC2012_val_00003747_with_ILSVRC2012_val_00043239_rank479,677,677,0.91989,0
ILSVRC2012_val_00003747_with_ILSVRC2012_val_00039484_rank899,616,616,0.67138,0
ILSVRC2012_val_00003747_with_ILSVRC2012_val_00044322_rank788,446,730,0.2744,856
ILSVRC2012_val_00003747_with_ILSVRC2012_val_00047121_rank454,20,20,0.89796,0
ILSVRC2012_val_00003747_with_ILSVRC2012_val_00037093_rank905,896,405,0.65041,275
ILSVRC2012_val_00003747_with_ILSVRC2012_val_00036412_rank628,453,453,0.86075,0
ILSVRC2012_val_00003747_with_ILSVRC2012_val_00009771_rank855,621,621,0.87883,0
ILSVRC2012_val_00003747_with_ILSVRC2012_val_00046150_rank443,357,357,0.79068,0
ILSVRC2012_val_00003747_with_ILSVRC2012_val_00038184_rank860,948,948,0.93885,0
ILSVRC2012_val_00003747_with_ILSVRC2012_val_00021901_rank478,919,913,0.19056,895
ILSVRC2012_val_00003747_with_ILSVRC2012_val_00005537_rank601,747,738,0.42335,684
ILSVRC2012_val_00003747_with_ILSVRC2012_val_00022662_rank717,759,759,0.74079,0
ILSVRC2012_val_00003747_with_ILSVRC2012_val_00002723_rank627,332,258,0.11692,17
ILSVRC2012_val_00003747_with_ILSVRC2012_val_00034272_rank868,999,412,0.36509,47
ILSVRC2012_val_00003747_with_ILSVRC2012_val_00016375_rank838,729,729,0.93484,0
ILSVRC2012_val_00003747_with_ILSVRC2012_val_00008962_rank544,985,985,0.83275,0
ILSVRC2012_val_00003747_with_ILSVRC2012_val_00009384_rank437,854,854,0.79165,0
ILSVRC2012_val_00003747_with_ILSVRC2012_val_00020345_rank869,440,440,0.50231,0
ILSVRC2012_val_00003747_with_ILSVRC2012_val_00044605_rank126,163,163,0.91414,0
ILSVRC2012_val_00003747_with_ILSVRC2012_val_00000285_rank553,906,501,0.52505,41
ILSVRC2012_val_00003747_with_ILSVRC2012_val_00023658_rank311,154,154,0.9242,0
ILSVRC2012_val_00003747_with_ILSVRC2012_val_00003969_rank617,964,958,0.66418,708
ILSVRC2012_val_00003747_with_ILSVRC2012_val_00004321_rank289,933,933,0.89632,0
ILSVRC2012_val_00003747_with_ILSVRC2012_val_00003049_rank389,817,751,0.73553,1
ILSVRC2012_val_00003747_with_ILSVRC2012_val_00041634_rank456,114,138,0.09465,632
ILSVRC2012_val_00003747_with_ILSVRC2012_val_00022937_rank409,46,46,0.3735,0
ILSVRC2012_val_00003747_with_ILSVRC2012_val_00029287_rank949,122,274,0.3398,405
ILSVRC2012_val_00003747_with_ILSVRC2012_val_00002598_rank777,782,851,0.5875,2
ILSVRC2012_val_00003747_with_ILSVRC2012_val_00013993_rank052,609,609,0.85852,0
ILSVRC2012_val_00003747_with_ILSVRC2012_val_00040709_rank504,680,680,0.43603,0
ILSVRC2012_val_00003747_with_ILSVRC2012_val_00022077_rank723,878,878,0.50738,0
ILSVRC2012_val_00003747_with_ILSVRC2012_val_00000366_rank429,465,465,0.49619,0
ILSVRC2012_val_00003747_with_ILSVRC2012_val_00034174_rank219,63,63,0.80935,0
ILSVRC2012_val_00003747_with_ILSVRC2012_val_00003540_rank041,298,298,0.39916,0
ILSVRC2012_val_00003747_with_ILSVRC2012_val_00041195_rank936,811,811,0.83439,0
ILSVRC2012_val_00003747_with_ILSVRC2012_val_00041488_rank407,946,946,0.80692,0
ILSVRC2012_val_00003747_with_ILSVRC2012_val_00008904_rank185,839,912,0.32434,79
ILSVRC2012_val_00003747_with_ILSVRC2012_val_00004118_rank386,72,72,0.60586,0
ILSVRC2012_val_00003747_with_ILSVRC2012_val_00000493_rank872,529,728,0.29677,35
ILSVRC2012_val_00003747_with_ILSVRC2012_val_00026283_rank297,245,245,0.34264,0
ILSVRC2012_val_00003747_with_ILSVRC2012_val_00033384_rank178,937,937,0.99935,0
ILSVRC2012_val_00003747_with_ILSVRC2012_val_00040111_rank568,648,771,0.93487,16
ILSVRC2012_val_00003747_with_ILSVRC2012_val_00045263_rank242,90,90,0.9698,0
ILSVRC2012_val_00003747_with_ILSVRC2012_val_00003779_rank557,751,856,0.12851,94
ILSVRC2012_val_00003747_with_ILSVRC2012_val_00036796_rank279,241,238,0.60901,2
ILSVRC2012_val_00003747_with_ILSVRC2012_val_00031850_rank881,543,412,0.12825,731
ILSVRC2012_val_00003747_with_ILSVRC2012_val_00049856_rank518,676,249,0.90906,131
ILSVRC2012_val_00003747_with_ILSVRC2012_val_00021176_rank312,251,251,0.76859,0
ILSVRC2012_val_00003747_with_ILSVRC2012_val_00013014_rank455,871,871,0.93986,0
ILSVRC2012_val_00003747_with_ILSVRC2012_val_00013524_rank302,252,262,0.50639,1
ILSVRC2012_val_00003747_with_ILSVRC2012_val_00009081_rank330,337,9,0.37582,250
ILSVRC2012_val_00003747_with_ILSVRC2012_val_00036097_rank320,231,231,0.83206,0
ILSVRC2012_val_00003747_with_ILSVRC2012_val_00025701_rank045,69,69,0.60177,0
ILSVRC2012_val_00003747_with_ILSVRC2012_val_00019284_rank452,103,351,0.25135,139
ILSVRC2012_val_00003747_with_ILSVRC2012_val_00006756_rank201,950,950,0.87451,0
ILSVRC2012_val_00003747_with_ILSVRC2012_val_00009067_rank653,361,361,0.63361,0
ILSVRC2012_val_00003747_with_ILSVRC2012_val_00031394_rank732,673,478,0.70822,89
ILSVRC2012_val_00003747_with_ILSVRC2012_val_00027588_rank146,23,23,0.95854,0
ILSVRC2012_val_00003747_with_ILSVRC2012_val_00023971_rank464,524,524,0.25714,0
ILSVRC2012_val_00003747_with_ILSVRC2012_val_00022766_rank901,429,429,0.96486,0
ILSVRC2012_val_00003747_with_ILSVRC2012_val_00031396_rank447,136,136,0.91588,0
ILSVRC2012_val_00003747_with_ILSVRC2012_val_00027963_rank468,219,219,0.84208,0
ILSVRC2012_val_00003747_with_ILSVRC2012_val_00012835_rank004,343,343,0.89027,0
ILSVRC2012_val_00003747_with_ILSVRC2012_val_00002297_rank638,212,212,0.7539,0
ILSVRC2012_val_00003747_with_ILSVRC2012_val_00008511_rank315,925,496,0.13228,502
ILSVRC2012_val_00003747_with_ILSVRC2012_val_00042310_rank191,93,93,0.96785,0
ILSVRC2012_val_00003747_with_ILSVRC2012_val_00045870_rank859,641,641,0.71399,0
ILSVRC2012_val_00003747_with_ILSVRC2012_val_00032623_rank168,277,277,0.88949,0
ILSVRC2012_val_00003747_with_ILSVRC2012_val_00049729_rank050,603,676,0.42116,79
ILSVRC2012_val_00003747_with_ILSVRC2012_val_00020772_rank877,29,8,0.19567,402
ILSVRC2012_val_00003747_with_ILSVRC2012_val_00049288_rank329,335,335,0.87618,0
ILSVRC2012_val_00003747_with_ILSVRC2012_val_00002007_rank687,314,83,0.14794,549
ILSVRC2012_val_00003747_with_ILSVRC2012_val_00040552_rank919,902,701,0.04809,126
ILSVRC2012_val_00003747_with_ILSVRC2012_val_00030204_rank673,630,630,0.75305,0
ILSVRC2012_val_00003747_with_ILSVRC2012_val_00023231_rank145,243,243,0.76214,0
ILSVRC2012_val_00003747_with_ILSVRC2012_val_00046851_rank941,613,613,0.70586,0
ILSVRC2012_val_00003747_with_ILSVRC2012_val_00034164_rank783,794,876,0.64895,5
ILSVRC2012_val_00003747_with_ILSVRC2012_val_00042566_rank847,450,595,0.30887,647
ILSVRC2012_val_00003747_with_ILSVRC2012_val_00016451_rank613,236,173,0.64896,24
ILSVRC2012_val_00003747_with_ILSVRC2012_val_00020004_rank921,740,410,0.9731,84
ILSVRC2012_val_00003747_with_ILSVRC2012_val_00047725_rank624,800,827,0.64129,43
ILSVRC2012_val_00003747_with_ILSVRC2012_val_00040868_rank732,673,673,0.87728,0
ILSVRC2012_val_00003747_with_ILSVRC2012_val_00003107_rank631,656,436,0.59989,1
ILSVRC2012_val_00003747_with_ILSVRC2012_val_00035685_rank353,432,764,0.62181,15
ILSVRC2012_val_00003747_with_ILSVRC2012_val_00011322_rank350,239,239,0.79527,0
ILSVRC2012_val_00003747_with_ILSVRC2012_val_00003505_rank569,645,744,0.2019,268
ILSVRC2012_val_00003747_with_ILSVRC2012_val_00037714_rank071,132,132,0.86103,0
ILSVRC2012_val_00003747_with_ILSVRC2012_val_00000595_rank262,833,856,0.43644,80
ILSVRC2012_val_00003747_with_ILSVRC2012_val_00004990_rank001,386,386,0.9051,0
ILSVRC2012_val_00003747_with_ILSVRC2012_val_00025958_rank217,602,602,0.5327,0
ILSVRC2012_val_00003747_with_ILSVRC2012_val_00045644_rank957,898,737,0.13004,1
ILSVRC2012_val_00003747_with_ILSVRC2012_val_00027636_rank568,648,637,0.40498,72
ILSVRC2012_val_00003747_with_ILSVRC2012_val_00041898_rank958,644,877,0.41839,855
ILSVRC2012_val_00003747_with_ILSVRC2012_val_00039321_rank525,726,726,0.77132,0
ILSVRC2012_val_00003747_with_ILSVRC2012_val_00012959_rank346,775,701,0.35465,113
ILSVRC2012_val_00003747_with_ILSVRC2012_val_00041994_rank194,68,68,0.51457,0
ILSVRC2012_val_00003747_with_ILSVRC2012_val_00027492_rank796,193,193,0.91108,0
ILSVRC2012_val_00003747_with_ILSVRC2012_val_00011390_rank732,673,620,0.38914,8
ILSVRC2012_val_00003747_with_ILSVRC2012_val_00009539_rank157,270,270,0.43632,0
ILSVRC2012_val_00003747_with_ILSVRC2012_val_00030716_rank807,552,8,0.21566,304
ILSVRC2012_val_00003747_with_ILSVRC2012_val_00025679_rank970,185,185,0.84958,0
ILSVRC2012_val_00003747_with_ILSVRC2012_val_00017954_rank626,793,351,0.43783,866
ILSVRC2012_val_00003747_with_ILSVRC2012_val_00024718_rank863,772,772,0.99886,0
ILSVRC2012_val_00003747_with_ILSVRC2012_val_00018660_rank173,24,221,0.79194,136
ILSVRC2012_val_00003747_with_ILSVRC2012_val_00006197_rank654,932,932,0.40057,0
ILSVRC2012_val_00003747_with_ILSVRC2012_val_00041458_rank804,338,338,0.68262,0
ILSVRC2012_val_00003747_with_ILSVRC2012_val_00006931_rank700,380,380,0.92289,0
ILSVRC2012_val_00003747_with_ILSVRC2012_val_00008003_rank145,243,243,0.96124,0
ILSVRC2012_val_00003747_with_ILSVRC2012_val_00019986_rank050,603,603,0.79477,0
ILSVRC2012_val_00003747_with_ILSVRC2012_val_00048567_rank944,523,843,0.13642,26
ILSVRC2012_val_00003747_with_ILSVRC2012_val_00040708_rank126,163,163,0.9066,0
ILSVRC2012_val_00003747_with_ILSVRC2012_val_00041056_rank627,332,229,0.19899,10
ILSVRC2012_val_00003747_with_ILSVRC2012_val_00020075_rank273,510,510,0.93848,0
ILSVRC2012_val_00003747_with_ILSVRC2012_val_00023620_rank312,251,251,0.91518,0
ILSVRC2012_val_00003747_with_ILSVRC2012_val_00009843_rank119,387,387,0.951,0
ILSVRC2012_val_00003747_with_ILSVRC2012_val_00027780_rank313,225,225,0.95788,0
ILSVRC2012_val_00003747_with_ILSVRC2012_val_00038913_rank176,287,287,0.96353,0
ILSVRC2012_val_00003747_with_ILSVRC2012_val_00029069_rank625,78,305,0.44358,25
ILSVRC2012_val_00003747_with_ILSVRC2012_val_00022150_rank207,586,586,0.93157,0
ILSVRC2012_val_00003747_with_ILSVRC2012_val_00021572_rank555,378,298,0.41433,71
ILSVRC2012_val_00003747_with_ILSVRC2012_val_00031885_rank497,56,61,0.34339,1
ILSVRC2012_val_00003747_with_ILSVRC2012_val_00024115_rank007,344,344,0.97531,0
ILSVRC2012_val_00003747_with_ILSVRC2012_val_00034970_rank976,60,58,0.40997,9
ILSVRC2012_val_00003747_with_ILSVRC2012_val_00028910_rank399,597,600,0.67714,203
ILSVRC2012_val_00003747_with_ILSVRC2012_val_00038966_rank965,499,428,0.71817,419
ILSVRC2012_val_00003747_with_ILSVRC2012_val_00045382_rank551,171,172,0.42348,1
ILSVRC2012_val_00003747_with_ILSVRC2012_val_00015694_rank352,217,232,0.48796,2
ILSVRC2012_val_00003747_with_ILSVRC2012_val_00026374_rank214,341,218,0.15703,295
ILSVRC2012_val_00003747_with_ILSVRC2012_val_00010081_rank950,422,80,0.05204,901
ILSVRC2012_val_00003747_with_ILSVRC2012_val_00021355_rank151,211,210,0.49562,5
ILSVRC2012_val_00003747_with_ILSVRC2012_val_00045604_rank388,328,80,0.22339,638
ILSVRC2012_val_00003747_with_ILSVRC2012_val_00029799_rank301,264,264,0.81165,0
ILSVRC2012_val_00003747_with_ILSVRC2012_val_00010644_rank166,973,730,0.1028,448
ILSVRC2012_val_00003747_with_ILSVRC2012_val_00023113_rank424,265,185,0.2348,38
ILSVRC2012_val_00003747_with_ILSVRC2012_val_00004022_rank636,998,998,0.28643,0
ILSVRC2012_val_00003747_with_ILSVRC2012_val_00042575_rank585,631,412,0.50681,548
ILSVRC2012_val_00003747_with_ILSVRC2012_val_00024856_rank224,832,832,0.98879,0
ILSVRC2012_val_00003747_with_ILSVRC2012_val_00030224_rank986,10,10,0.28534,0
ILSVRC2012_val_00003747_with_ILSVRC2012_val_00033860_rank547,477,636,0.14844,33
ILSVRC2012_val_00003747_with_ILSVRC2012_val_00026979_rank246,856,586,0.26744,7
ILSVRC2012_val_00003747_with_ILSVRC2012_val_00039864_rank681,573,573,0.87653,0
ILSVRC2012_val_00003747_with_ILSVRC2012_val_00030332_rank605,939,998,0.45081,12
ILSVRC2012_val_00003747_with_ILSVRC2012_val_00029853_rank862,719,719,0.76384,0
ILSVRC2012_val_00003747_with_ILSVRC2012_val_00046943_rank184,394,394,0.94688,0
ILSVRC2012_val_00003747_with_ILSVRC2012_val_00016356_rank535,617,617,0.56153,0
ILSVRC2012_val_00003747_with_ILSVRC2012_val_00030747_rank666,216,216,0.95324,0
ILSVRC2012_val_00003747_with_ILSVRC2012_val_00026141_rank110,88,88,0.95674,0
ILSVRC2012_val_00003747_with_ILSVRC2012_val_00000821_rank410,124,730,0.28476,656
ILSVRC2012_val_00003747_with_ILSVRC2012_val_00016416_rank615,242,242,0.68412,0
ILSVRC2012_val_00003747_with_ILSVRC2012_val_00033316_rank232,472,693,0.72271,1
ILSVRC2012_val_00003747_with_ILSVRC2012_val_00039290_rank974,584,522,0.6794,545
ILSVRC2012_val_00003747_with_ILSVRC2012_val_00018402_rank441,558,764,0.59225,14
ILSVRC2012_val_00003747_with_ILSVRC2012_val_00036823_rank054,369,369,0.85815,0
ILSVRC2012_val_00003747_with_ILSVRC2012_val_00027237_rank558,512,783,0.26409,11
ILSVRC2012_val_00003747_with_ILSVRC2012_val_00036932_rank802,195,245,0.81731,1
ILSVRC2012_val_00003747_with_ILSVRC2012_val_00002288_rank484,156,215,0.45604,3
ILSVRC2012_val_00003747_with_ILSVRC2012_val_00010173_rank042,288,288,0.83849,0
ILSVRC2012_val_00003747_with_ILSVRC2012_val_00010689_rank986,10,10,0.93603,0
ILSVRC2012_val_00003747_with_ILSVRC2012_val_00041892_rank875,123,122,0.44946,2
ILSVRC2012_val_00003747_with_ILSVRC2012_val_00006111_rank172,703,912,0.78834,5
ILSVRC2012_val_00003747_with_ILSVRC2012_val_00033866_rank524,27,27,0.59405,0
ILSVRC2012_val_00003747_with_ILSVRC2012_val_00017587_rank999,606,606,0.96175,0
ILSVRC2012_val_00003747_with_ILSVRC2012_val_00024763_rank940,473,473,0.28182,0
ILSVRC2012_val_00003747_with_ILSVRC2012_val_00014991_rank485,143,143,0.93787,0
ILSVRC2012_val_00003747_with_ILSVRC2012_val_00010453_rank396,808,111,0.06793,517
ILSVRC2012_val_00003747_with_ILSVRC2012_val_00021242_rank027,339,339,0.91295,0
ILSVRC2012_val_00003747_with_ILSVRC2012_val_00013501_rank575,258,258,0.92266,0
ILSVRC2012_val_00003747_with_ILSVRC2012_val_00010154_rank382,936,936,0.66992,0
ILSVRC2012_val_00003747_with_ILSVRC2012_val_00041411_rank449,410,410,0.98217,0
ILSVRC2012_val_00003747_with_ILSVRC2012_val_00032587_rank062,50,49,0.81269,1
ILSVRC2012_val_00003747_with_ILSVRC2012_val_00016568_rank641,125,125,0.70776,0
ILSVRC2012_val_00003747_with_ILSVRC2012_val_00036604_rank048,724,724,0.79591,0
ILSVRC2012_val_00003747_with_ILSVRC2012_val_00021540_rank782,223,260,0.26505,29
ILSVRC2012_val_00003747_with_ILSVRC2012_val_00002242_rank086,133,138,0.97879,6
ILSVRC2012_val_00003747_with_ILSVRC2012_val_00047741_rank737,905,703,0.42601,225
ILSVRC2012_val_00003747_with_ILSVRC2012_val_00029552_rank378,57,57,0.91783,0
ILSVRC2012_val_00003747_with_ILSVRC2012_val_00004250_rank464,524,524,0.39466,0
ILSVRC2012_val_00003747_with_ILSVRC2012_val_00000147_rank424,265,267,0.35912,2
ILSVRC2012_val_00003747_with_ILSVRC2012_val_00027716_rank975,845,828,0.36455,61
ILSVRC2012_val_00003747_with_ILSVRC2012_val_00049850_rank964,769,912,0.12222,663
ILSVRC2012_val_00003747_with_ILSVRC2012_val_00022600_rank385,829,595,0.91127,57
ILSVRC2012_val_00003747_with_ILSVRC2012_val_00028525_rank874,923,827,0.03276,742
ILSVRC2012_val_00003747_with_ILSVRC2012_val_00038160_rank269,12,86,0.2489,14
ILSVRC2012_val_00003747_with_ILSVRC2012_val_00043490_rank851,818,138,0.06705,876
ILSVRC2012_val_00003747_with_ILSVRC2012_val_00015058_rank996,861,428,0.71839,800
ILSVRC2012_val_00003747_with_ILSVRC2012_val_00012409_rank018,352,352,0.63607,0
ILSVRC2012_val_00003747_with_ILSVRC2012_val_00033403_rank934,331,331,0.88748,0
ILSVRC2012_val_00003747_with_ILSVRC2012_val_00049409_rank853,452,911,0.12712,30
ILSVRC2012_val_00003747_with_ILSVRC2012_val_00023838_rank923,720,773,0.71177,21
ILSVRC2012_val_00003747_with_ILSVRC2012_val_00003670_rank288,405,405,0.94554,0
ILSVRC2012_val_00003747_with_ILSVRC2012_val_00049817_rank821,658,658,0.28096,0
ILSVRC2012_val_00003747_with_ILSVRC2012_val_00002174_rank729,636,414,0.8245,2
ILSVRC2012_val_00003747_with_ILSVRC2012_val_00034370_rank769,310,310,0.78055,0
ILSVRC2012_val_00003747_with_ILSVRC2012_val_00032331_rank854,721,721,0.92713,0
ILSVRC2012_val_00003747_with_ILSVRC2012_val_00018352_rank360,595,595,0.64327,0
ILSVRC2012_val_00003747_with_ILSVRC2012_val_00003922_rank133,161,161,0.87952,0
ILSVRC2012_val_00003747_with_ILSVRC2012_val_00048842_rank338,263,247,0.67792,25
ILSVRC2012_val_00003747_with_ILSVRC2012_val_00013156_rank828,608,869,0.24728,14
ILSVRC2012_val_00003747_with_ILSVRC2012_val_00005102_rank430,576,595,0.44253,627
ILSVRC2012_val_00003747_with_ILSVRC2012_val_00045400_rank169,444,444,0.95088,0
ILSVRC2012_val_00003747_with_ILSVRC2012_val_00006303_rank682,478,492,0.53424,4
ILSVRC2012_val_00003747_with_ILSVRC2012_val_00038295_rank325,879,522,0.27344,272
ILSVRC2012_val_00003747_with_ILSVRC2012_val_00049965_rank638,212,212,0.89206,0
ILSVRC2012_val_00003747_with_ILSVRC2012_val_00008113_rank168,277,277,0.95602,0
ILSVRC2012_val_00003747_with_ILSVRC2012_val_00036476_rank377,493,553,0.2884,3
ILSVRC2012_val_00003747_with_ILSVRC2012_val_00024623_rank670,678,843,0.30178,142
ILSVRC2012_val_00003747_with_ILSVRC2012_val_00004580_rank045,69,69,0.48968,0
ILSVRC2012_val_00003747_with_ILSVRC2012_val_00035220_rank445,942,987,0.14377,26
ILSVRC2012_val_00003747_with_ILSVRC2012_val_00019881_rank432,568,649,0.30442,87
ILSVRC2012_val_00003747_with_ILSVRC2012_val_00049335_rank652,746,351,0.2007,988
ILSVRC2012_val_00003747_with_ILSVRC2012_val_00007634_rank338,263,263,0.75921,0
ILSVRC2012_val_00003747_with_ILSVRC2012_val_00011175_rank339,324,324,0.94804,0
ILSVRC2012_val_00003747_with_ILSVRC2012_val_00025982_rank039,350,350,0.81733,0
ILSVRC2012_val_00003747_with_ILSVRC2012_val_00000406_rank357,935,935,0.24076,0
ILSVRC2012_val_00003747_with_ILSVRC2012_val_00044364_rank021,276,276,0.89498,0
ILSVRC2012_val_00003747_with_ILSVRC2012_val_00022122_rank669,164,164,0.9852,0
ILSVRC2012_val_00003747_with_ILSVRC2012_val_00046930_rank035,342,342,0.66241,0
ILSVRC2012_val_00003747_with_ILSVRC2012_val_00007089_rank670,678,913,0.08113,827
ILSVRC2012_val_00003747_with_ILSVRC2012_val_00048552_rank454,20,20,0.87092,0
ILSVRC2012_val_00003747_with_ILSVRC2012_val_00048495_rank160,663,351,0.21703,94
ILSVRC2012_val_00003747_with_ILSVRC2012_val_00010518_rank539,563,413,0.62618,389
ILSVRC2012_val_00003747_with_ILSVRC2012_val_00018027_rank904,518,518,0.94782,0
ILSVRC2012_val_00003747_with_ILSVRC2012_val_00009567_rank595,763,763,0.93819,0
ILSVRC2012_val_00003747_with_ILSVRC2012_val_00014896_rank911,546,546,0.76927,0
ILSVRC2012_val_00003747_with_ILSVRC2012_val_00001081_rank941,613,613,0.54418,0
ILSVRC2012_val_00003747_with_ILSVRC2012_val_00019073_rank191,93,93,0.95759,0
ILSVRC2012_val_00003747_with_ILSVRC2012_val_00016945_rank527,627,627,0.82608,0
ILSVRC2012_val_00003747_with_ILSVRC2012_val_00034555_rank539,563,807,0.24728,372
ILSVRC2012_val_00003747_with_ILSVRC2012_val_00019203_rank307,671,665,0.70511,3
ILSVRC2012_val_00003747_with_ILSVRC2012_val_00009263_rank196,984,958,0.85595,1
ILSVRC2012_val_00003747_with_ILSVRC2012_val_00046121_rank238,864,864,0.94086,0
ILSVRC2012_val_00003747_with_ILSVRC2012_val_00039943_rank225,912,912,0.35959,0
ILSVRC2012_val_00003747_with_ILSVRC2012_val_00009349_rank700,380,380,0.27103,0
ILSVRC2012_val_00003747_with_ILSVRC2012_val_00046978_rank505,97,97,0.8855,0
ILSVRC2012_val_00003747_with_ILSVRC2012_val_00016932_rank310,787,643,0.53797,14
ILSVRC2012_val_00003747_with_ILSVRC2012_val_00027000_rank648,470,805,0.10703,622
ILSVRC2012_val_00003747_with_ILSVRC2012_val_00007178_rank126,163,163,0.91371,0
ILSVRC2012_val_00003747_with_ILSVRC2012_val_00044933_rank067,100,100,0.92191,0
ILSVRC2012_val_00003747_with_ILSVRC2012_val_00034366_rank640,944,944,0.90166,0
ILSVRC2012_val_00003747_with_ILSVRC2012_val_00004644_rank185,839,456,0.18508,277
ILSVRC2012_val_00003747_with_ILSVRC2012_val_00018411_rank849,542,816,0.46323,21
ILSVRC2012_val_00003747_with_ILSVRC2012_val_00009013_rank865,840,840,0.9873,0
ILSVRC2012_val_00003747_with_ILSVRC2012_val_00015275_rank325,879,879,0.82957,0
ILSVRC2012_val_00003747_with_ILSVRC2012_val_00034049_rank858,203,186,0.52964,11
ILSVRC2012_val_00003747_with_ILSVRC2012_val_00032254_rank496,38,210,0.3806,242
ILSVRC2012_val_00003747_with_ILSVRC2012_val_00008760_rank565,180,242,0.60358,3
ILSVRC2012_val_00003747_with_ILSVRC2012_val_00039364_rank943,469,463,0.13505,9
ILSVRC2012_val_00003747_with_ILSVRC2012_val_00039570_rank061,853,958,0.37935,5
ILSVRC2012_val_00003747_with_ILSVRC2012_val_00042213_rank763,259,259,0.88175,0
ILSVRC2012_val_00003747_with_ILSVRC2012_val_00026797_rank051,205,205,0.7956,0
ILSVRC2012_val_00003747_with_ILSVRC2012_val_00042087_rank492,922,458,0.66067,4
ILSVRC2012_val_00003747_with_ILSVRC2012_val_00008603_rank815,503,427,0.32445,194
ILSVRC2012_val_00003747_with_ILSVRC2012_val_00001395_rank917,797,797,0.92705,0
ILSVRC2012_val_00003747_with_ILSVRC2012_val_00003101_rank019,49,49,0.93984,0
ILSVRC2012_val_00003747_with_ILSVRC2012_val_00030752_rank433,928,701,0.71154,519
ILSVRC2012_val_00003747_with_ILSVRC2012_val_00002044_rank081,915,915,0.87467,0
ILSVRC2012_val_00003747_with_ILSVRC2012_val_00026491_rank491,532,730,0.76498,154
ILSVRC2012_val_00003747_with_ILSVRC2012_val_00022786_rank210,91,91,0.98043,0
ILSVRC2012_val_00003747_with_ILSVRC2012_val_00017710_rank058,363,363,0.67434,0
ILSVRC2012_val_00003747_with_ILSVRC2012_val_00027286_rank248,707,688,0.09454,13
ILSVRC2012_val_00003747_with_ILSVRC2012_val_00015069_rank541,55,9,0.67,199
ILSVRC2012_val_00003747_with_ILSVRC2012_val_00034165_rank439,757,757,0.83269,0
ILSVRC2012_val_00003747_with_ILSVRC2012_val_00030034_rank794,760,760,0.92361,0
ILSVRC2012_val_00003747_with_ILSVRC2012_val_00005814_rank148,900,900,0.8312,0
ILSVRC2012_val_00003747_with_ILSVRC2012_val_00039577_rank070,888,888,0.88356,0
ILSVRC2012_val_00003747_with_ILSVRC2012_val_00020794_rank328,687,827,0.30444,101
ILSVRC2012_val_00003747_with_ILSVRC2012_val_00000886_rank713,940,951,0.55133,5
ILSVRC2012_val_00003747_with_ILSVRC2012_val_00008493_rank087,821,821,0.77034,0
ILSVRC2012_val_00003747_with_ILSVRC2012_val_00024291_rank640,944,944,0.95088,0
ILSVRC2012_val_00003747_with_ILSVRC2012_val_00025540_rank988,711,631,0.34523,1
ILSVRC2012_val_00003747_with_ILSVRC2012_val_00034247_rank529,986,986,0.23674,0
ILSVRC2012_val_00003747_with_ILSVRC2012_val_00042330_rank005,340,340,0.96442,0
ILSVRC2012_val_00003747_with_ILSVRC2012_val_00032643_rank135,127,127,0.92349,0
ILSVRC2012_val_00003747_with_ILSVRC2012_val_00022189_rank916,81,81,0.20523,0
ILSVRC2012_val_00003747_with_ILSVRC2012_val_00041948_rank737,905,912,0.08302,416
ILSVRC2012_val_00003747_with_ILSVRC2012_val_00032007_rank109,727,727,0.93028,0
ILSVRC2012_val_00003747_with_ILSVRC2012_val_00006606_rank749,679,293,0.42091,700
ILSVRC2012_val_00003747_with_ILSVRC2012_val_00011400_rank580,170,170,0.49343,0
ILSVRC2012_val_00003747_with_ILSVRC2012_val_00040861_rank540,642,595,0.38161,602
ILSVRC2012_val_00003747_with_ILSVRC2012_val_00043168_rank549,776,138,0.19492,741
ILSVRC2012_val_00003747_with_ILSVRC2012_val_00044198_rank314,708,649,0.75252,10
ILSVRC2012_val_00003747_with_ILSVRC2012_val_00018890_rank796,193,185,0.34426,4
ILSVRC2012_val_00003747_with_ILSVRC2012_val_00037911_rank797,666,666,0.92473,0
ILSVRC2012_val_00003747_with_ILSVRC2012_val_00009770_rank647,669,672,0.68141,6
ILSVRC2012_val_00003747_with_ILSVRC2012_val_00043973_rank271,471,471,0.90201,0
ILSVRC2012_val_00003747_with_ILSVRC2012_val_00024165_rank516,323,323,0.87696,0
ILSVRC2012_val_00003747_with_ILSVRC2012_val_00005421_rank722,691,518,0.47059,18
ILSVRC2012_val_00003747_with_ILSVRC2012_val_00020556_rank970,185,185,0.78325,0
ILSVRC2012_val_00003747_with_ILSVRC2012_val_00033236_rank444,451,456,0.25039,197
ILSVRC2012_val_00003747_with_ILSVRC2012_val_00001984_rank331,675,675,0.66855,0
ILSVRC2012_val_00003747_with_ILSVRC2012_val_00049638_rank621,312,311,0.80195,1
ILSVRC2012_val_00003747_with_ILSVRC2012_val_00040556_rank080,268,197,0.37332,84
ILSVRC2012_val_00003747_with_ILSVRC2012_val_00034983_rank056,388,388,0.89454,0
ILSVRC2012_val_00003747_with_ILSVRC2012_val_00045945_rank620,113,113,0.92532,0
ILSVRC2012_val_00003747_with_ILSVRC2012_val_00038134_rank119,387,387,0.94349,0
ILSVRC2012_val_00003747_with_ILSVRC2012_val_00013797_rank186,74,77,0.44112,4
ILSVRC2012_val_00003747_with_ILSVRC2012_val_00010819_rank806,632,632,0.78937,0
ILSVRC2012_val_00003747_with_ILSVRC2012_val_00048841_rank289,933,933,0.72153,0
ILSVRC2012_val_00003747_with_ILSVRC2012_val_00019837_rank359,407,407,0.87299,0
ILSVRC2012_val_00003747_with_ILSVRC2012_val_00020358_rank764,791,790,0.47029,1
ILSVRC2012_val_00003747_with_ILSVRC2012_val_00025005_rank934,331,331,0.95848,0
ILSVRC2012_val_00003747_with_ILSVRC2012_val_00019592_rank687,314,314,0.55562,0
ILSVRC2012_val_00003747_with_ILSVRC2012_val_00044434_rank955,585,686,0.21719,14
ILSVRC2012_val_00003747_with_ILSVRC2012_val_00018066_rank527,627,627,0.88524,0
ILSVRC2012_val_00003747_with_ILSVRC2012_val_00004325_rank694,237,227,0.60315,6
ILSVRC2012_val_00003747_with_ILSVRC2012_val_00046786_rank112,290,290,0.71569,0
ILSVRC2012_val_00003747_with_ILSVRC2012_val_00032277_rank630,196,155,0.34343,7
ILSVRC2012_val_00003747_with_ILSVRC2012_val_00031583_rank574,545,545,0.73993,0
ILSVRC2012_val_00003747_with_ILSVRC2012_val_00023124_rank748,481,811,0.46699,127
ILSVRC2012_val_00003747_with_ILSVRC2012_val_00028742_rank391,257,249,0.3876,3
ILSVRC2012_val_00003747_with_ILSVRC2012_val_00037459_rank118,181,181,0.91778,0
ILSVRC2012_val_00003747_with_ILSVRC2012_val_00016867_rank041,298,298,0.91181,0
ILSVRC2012_val_00003747_with_ILSVRC2012_val_00022422_rank306,84,84,0.94822,0
ILSVRC2012_val_00003747_with_ILSVRC2012_val_00015374_rank639,65,65,0.93119,0
ILSVRC2012_val_00003747_with_ILSVRC2012_val_00013866_rank446,420,730,0.67805,369
ILSVRC2012_val_00003747_with_ILSVRC2012_val_00024227_rank088,43,43,0.29092,0
ILSVRC2012_val_00003747_with_ILSVRC2012_val_00028725_rank814,253,253,0.916,0
ILSVRC2012_val_00003747_with_ILSVRC2012_val_00044844_rank411,843,843,0.96963,0
ILSVRC2012_val_00003747_with_ILSVRC2012_val_00021155_rank613,236,236,0.94759,0
ILSVRC2012_val_00003747_with_ILSVRC2012_val_00029167_rank788,446,626,0.06897,75
ILSVRC2012_val_00003747_with_ILSVRC2012_val_00004528_rank091,575,621,0.72446,5
ILSVRC2012_val_00003747_with_ILSVRC2012_val_00049689_rank377,493,565,0.08807,269
ILSVRC2012_val_00003747_with_ILSVRC2012_val_00005954_rank252,126,126,0.90635,0
ILSVRC2012_val_00003747_with_ILSVRC2012_val_00031439_rank134,160,160,0.72348,0
ILSVRC2012_val_00003747_with_ILSVRC2012_val_00008586_rank088,43,43,0.91588,0
ILSVRC2012_val_00003747_with_ILSVRC2012_val_00029301_rank675,959,959,0.89781,0
ILSVRC2012_val_00003747_with_ILSVRC2012_val_00026922_rank334,717,717,0.65377,0
ILSVRC2012_val_00003747_with_ILSVRC2012_val_00037970_rank728,247,247,0.97579,0
ILSVRC2012_val_00003747_with_ILSVRC2012_val_00046208_rank476,615,463,0.57516,357
ILSVRC2012_val_00003747_with_ILSVRC2012_val_00011769_rank324,554,625,0.70098,5
ILSVRC2012_val_00003747_with_ILSVRC2012_val_00007061_rank569,645,645,0.90532,0
ILSVRC2012_val_00003747_with_ILSVRC2012_val_00014179_rank826,411,877,0.7864,325
ILSVRC2012_val_00003747_with_ILSVRC2012_val_00006565_rank897,965,965,0.2702,0
ILSVRC2012_val_00003747_with_ILSVRC2012_val_00036714_rank442,850,791,0.35291,261
ILSVRC2012_val_00003747_with_ILSVRC2012_val_00047827_rank798,18,18,0.96218,0
ILSVRC2012_val_00003747_with_ILSVRC2012_val_00045344_rank805,732,732,0.94506,0
ILSVRC2012_val_00003747_with_ILSVRC2012_val_00019072_rank193,693,693,0.07667,0
ILSVRC2012_val_00003747_with_ILSVRC2012_val_00012333_rank375,564,843,0.65187,65
ILSVRC2012_val_00003747_with_ILSVRC2012_val_00020952_rank919,902,494,0.94766,41
ILSVRC2012_val_00003747_with_ILSVRC2012_val_00011074_rank254,322,322,0.9382,0
ILSVRC2012_val_00003747_with_ILSVRC2012_val_00019928_rank476,615,615,0.31045,0
ILSVRC2012_val_00003747_with_ILSVRC2012_val_00020155_rank750,662,662,0.23312,0
ILSVRC2012_val_00003747_with_ILSVRC2012_val_00035928_rank640,944,946,0.8049,1
ILSVRC2012_val_00003747_with_ILSVRC2012_val_00008521_rank077,128,128,0.93717,0
ILSVRC2012_val_00003747_with_ILSVRC2012_val_00009367_rank965,499,600,0.53747,150
ILSVRC2012_val_00003747_with_ILSVRC2012_val_00022166_rank954,828,646,0.65035,589
ILSVRC2012_val_00003747_with_ILSVRC2012_val_00039294_rank238,864,864,0.77902,0
ILSVRC2012_val_00003747_with_ILSVRC2012_val_00038331_rank188,668,730,0.65784,549
ILSVRC2012_val_00003747_with_ILSVRC2012_val_00045572_rank048,724,724,0.59214,0
ILSVRC2012_val_00003747_with_ILSVRC2012_val_00006325_rank943,469,469,0.89998,0
ILSVRC2012_val_00003747_with_ILSVRC2012_val_00027086_rank709,222,222,0.6775,0
ILSVRC2012_val_00003747_with_ILSVRC2012_val_00037603_rank705,593,595,0.724,740
ILSVRC2012_val_00003747_with_ILSVRC2012_val_00005244_rank857,26,293,0.09073,201
ILSVRC2012_val_00003747_with_ILSVRC2012_val_00035797_rank494,302,302,0.656,0
ILSVRC2012_val_00003747_with_ILSVRC2012_val_00043305_rank158,159,159,0.40953,0
ILSVRC2012_val_00003747_with_ILSVRC2012_val_00047081_rank400,431,701,0.68126,181
ILSVRC2012_val_00003747_with_ILSVRC2012_val_00024516_rank726,796,600,0.24347,175
ILSVRC2012_val_00003747_with_ILSVRC2012_val_00043279_rank466,660,412,0.19783,130
ILSVRC2012_val_00003747_with_ILSVRC2012_val_00013625_rank757,401,83,0.21558,912
ILSVRC2012_val_00003747_with_ILSVRC2012_val_00022673_rank466,660,660,0.93033,0
ILSVRC2012_val_00003747_with_ILSVRC2012_val_00010404_rank341,458,458,0.87423,0
ILSVRC2012_val_00003747_with_ILSVRC2012_val_00035911_rank785,437,437,0.41472,0
ILSVRC2012_val_00003747_with_ILSVRC2012_val_00041304_rank522,899,899,0.62193,0
ILSVRC2012_val_00003747_with_ILSVRC2012_val_00015534_rank908,697,735,0.31488,22
ILSVRC2012_val_00003747_with_ILSVRC2012_val_00021571_rank314,708,708,0.19806,0
ILSVRC2012_val_00003747_with_ILSVRC2012_val_00020964_rank739,610,610,0.9776,0
ILSVRC2012_val_00003747_with_ILSVRC2012_val_00017509_rank277,190,190,0.89751,0
ILSVRC2012_val_00003747_with_ILSVRC2012_val_00023197_rank061,853,853,0.27163,0
ILSVRC2012_val_00003747_with_ILSVRC2012_val_00022885_rank597,565,565,0.92628,0
ILSVRC2012_val_00003747_with_ILSVRC2012_val_00035146_rank776,664,851,0.08068,3
ILSVRC2012_val_00003747_with_ILSVRC2012_val_00013749_rank998,650,650,0.44738,0
ILSVRC2012_val_00003747_with_ILSVRC2012_val_00026730_rank412,260,260,0.97127,0
ILSVRC2012_val_00003747_with_ILSVRC2012_val_00012121_rank807,552,343,0.11081,856
ILSVRC2012_val_00003747_with_ILSVRC2012_val_00026869_rank049,272,272,0.89351,0
ILSVRC2012_val_00003747_with_ILSVRC2012_val_00027355_rank063,131,131,0.8575,0
ILSVRC2012_val_00003747_with_ILSVRC2012_val_00004213_rank655,956,956,0.88979,0
ILSVRC2012_val_00003747_with_ILSVRC2012_val_00005448_rank257,612,612,0.95275,0
ILSVRC2012_val_00003747_with_ILSVRC2012_val_00049365_rank932,768,417,0.22813,42
ILSVRC2012_val_00003747_with_ILSVRC2012_val_00023418_rank866,521,521,0.94412,0
ILSVRC2012_val_00003747_with_ILSVRC2012_val_00047780_rank722,691,670,0.11778,428
ILSVRC2012_val_00003747_with_ILSVRC2012_val_00026199_rank484,156,247,0.35456,8
ILSVRC2012_val_00003747_with_ILSVRC2012_val_00027322_rank072,206,205,0.30153,2
ILSVRC2012_val_00003747_with_ILSVRC2012_val_00048173_rank460,735,501,0.45427,3
ILSVRC2012_val_00003747_with_ILSVRC2012_val_00008224_rank596,77,138,0.08225,129
ILSVRC2012_val_00003747_with_ILSVRC2012_val_00030853_rank611,713,713,0.91594,0
ILSVRC2012_val_00003747_with_ILSVRC2012_val_00014909_rank339,324,324,0.93073,0
ILSVRC2012_val_00003747_with_ILSVRC2012_val_00049305_rank998,650,958,0.3283,260
ILSVRC2012_val_00003747_with_ILSVRC2012_val_00015396_rank826,411,414,0.66268,3
ILSVRC2012_val_00003747_with_ILSVRC2012_val_00014448_rank523,489,276,0.0935,532
ILSVRC2012_val_00003747_with_ILSVRC2012_val_00044559_rank359,407,407,0.91579,0
ILSVRC2012_val_00003747_with_ILSVRC2012_val_00009598_rank998,650,764,0.1733,74
ILSVRC2012_val_00003747_with_ILSVRC2012_val_00002444_rank075,22,22,0.90972,0
ILSVRC2012_val_00003747_with_ILSVRC2012_val_00032476_rank920,626,730,0.67214,957
ILSVRC2012_val_00003747_with_ILSVRC2012_val_00006067_rank762,968,410,0.27077,994
ILSVRC2012_val_00003747_with_ILSVRC2012_val_00033343_rank505,97,97,0.62979,0
ILSVRC2012_val_00003747_with_ILSVRC2012_val_00030672_rank293,141,141,0.92108,0
ILSVRC2012_val_00003747_with_ILSVRC2012_val_00020698_rank678,701,701,0.95341,0
ILSVRC2012_val_00003747_with_ILSVRC2012_val_00015770_rank934,331,331,0.98135,0
ILSVRC2012_val_00003747_with_ILSVRC2012_val_00029977_rank759,28,28,0.90836,0
ILSVRC2012_val_00003747_with_ILSVRC2012_val_00012005_rank929,397,397,0.93511,0
ILSVRC2012_val_00003747_with_ILSVRC2012_val_00047169_rank593,318,318,0.66965,0
ILSVRC2012_val_00003747_with_ILSVRC2012_val_00046846_rank029,365,365,0.89597,0
ILSVRC2012_val_00003747_with_ILSVRC2012_val_00008797_rank849,542,541,0.76386,1
ILSVRC2012_val_00003747_with_ILSVRC2012_val_00007801_rank302,252,252,0.68273,0
ILSVRC2012_val_00003747_with_ILSVRC2012_val_00011248_rank671,438,412,0.25293,385
ILSVRC2012_val_00003747_with_ILSVRC2012_val_00044667_rank956,872,872,0.89747,0
ILSVRC2012_val_00003747_with_ILSVRC2012_val_00022316_rank643,836,701,0.50653,173
ILSVRC2012_val_00003747_with_ILSVRC2012_val_00011517_rank113,39,39,0.92147,0
ILSVRC2012_val_00003747_with_ILSVRC2012_val_00027363_rank127,144,144,0.94583,0
ILSVRC2012_val_00003747_with_ILSVRC2012_val_00029639_rank461,522,522,0.80334,0
ILSVRC2012_val_00003747_with_ILSVRC2012_val_00020255_rank952,505,505,0.44553,0
ILSVRC2012_val_00003747_with_ILSVRC2012_val_00028182_rank549,776,524,0.04179,64
ILSVRC2012_val_00003747_with_ILSVRC2012_val_00033465_rank447,136,136,0.92479,0
ILSVRC2012_val_00003747_with_ILSVRC2012_val_00026178_rank296,142,142,0.92788,0
ILSVRC2012_val_00003747_with_ILSVRC2012_val_00041615_rank519,614,410,0.04213,508
ILSVRC2012_val_00003747_with_ILSVRC2012_val_00043687_rank060,371,371,0.93411,0
ILSVRC2012_val_00003747_with_ILSVRC2012_val_00018861_rank438,705,705,0.64592,0
ILSVRC2012_val_00003747_with_ILSVRC2012_val_00019207_rank248,707,707,0.96722,0
ILSVRC2012_val_00003747_with_ILSVRC2012_val_00041734_rank355,842,23,0.36354,638
ILSVRC2012_val_00003747_with_ILSVRC2012_val_00042298_rank307,671,351,0.62001,140
ILSVRC2012_val_00003747_with_ILSVRC2012_val_00026739_rank426,64,352,0.55538,258
ILSVRC2012_val_00003747_with_ILSVRC2012_val_00028541_rank368,814,814,0.83959,0
ILSVRC2012_val_00003747_with_ILSVRC2012_val_00020634_rank850,544,544,0.44963,0
ILSVRC2012_val_00003747_with_ILSVRC2012_val_00018550_rank960,187,187,0.76896,0
ILSVRC2012_val_00003747_with_ILSVRC2012_val_00029938_rank148,900,768,0.59388,58
ILSVRC2012_val_00003747_with_ILSVRC2012_val_00036113_rank592,441,441,0.90856,0
ILSVRC2012_val_00003747_with_ILSVRC2012_val_00026483_rank441,558,472,0.63838,134
ILSVRC2012_val_00003747_with_ILSVRC2012_val_00012964_rank441,558,744,0.12069,167
ILSVRC2012_val_00003747_with_ILSVRC2012_val_00037248_rank307,671,93,0.21085,418
ILSVRC2012_val_00003747_with_ILSVRC2012_val_00029766_rank924,897,897,0.92286,0
ILSVRC2012_val_00003747_with_ILSVRC2012_val_00042999_rank790,943,943,0.69653,0
ILSVRC2012_val_00003747_with_ILSVRC2012_val_00018626_rank645,82,82,0.66252,0
ILSVRC2012_val_00003747_with_ILSVRC2012_val_00036365_rank100,379,233,0.42169,192
ILSVRC2012_val_00003747_with_ILSVRC2012_val_00021533_rank830,891,891,0.48026,0
ILSVRC2012_val_00003747_with_ILSVRC2012_val_00019658_rank355,842,735,0.14068,149
ILSVRC2012_val_00003747_with_ILSVRC2012_val_00028932_rank158,159,159,0.82606,0
ILSVRC2012_val_00003747_with_ILSVRC2012_val_00034923_rank526,309,7,0.44009,120
ILSVRC2012_val_00003747_with_ILSVRC2012_val_00014943_rank633,53,53,0.47573,0
ILSVRC2012_val_00003747_with_ILSVRC2012_val_00028674_rank414,232,232,0.58511,0
ILSVRC2012_val_00003747_with_ILSVRC2012_val_00000198_rank263,16,172,0.6264,886
ILSVRC2012_val_00003747_with_ILSVRC2012_val_00006116_rank077,128,128,0.86355,0
ILSVRC2012_val_00003747_with_ILSVRC2012_val_00011192_rank440,715,386,0.11176,464
ILSVRC2012_val_00003747_with_ILSVRC2012_val_00032724_rank486,75,75,0.80212,0
ILSVRC2012_val_00003747_with_ILSVRC2012_val_00000056_rank545,468,656,0.3294,4
ILSVRC2012_val_00003747_with_ILSVRC2012_val_00007191_rank171,834,400,0.17071,6
ILSVRC2012_val_00003747_with_ILSVRC2012_val_00042751_rank036,148,128,0.21521,38
ILSVRC2012_val_00003747_with_ILSVRC2012_val_00024218_rank598,249,244,0.5482,10
ILSVRC2012_val_00003747_with_ILSVRC2012_val_00041396_rank851,818,704,0.22446,348
ILSVRC2012_val_00003747_with_ILSVRC2012_val_00006132_rank987,859,859,0.99571,0
ILSVRC2012_val_00003747_with_ILSVRC2012_val_00034853_rank536,672,672,0.84169,0
ILSVRC2012_val_00003747_with_ILSVRC2012_val_00000240_rank227,702,559,0.30371,78
ILSVRC2012_val_00003747_with_ILSVRC2012_val_00047951_rank448,929,338,0.81922,180
ILSVRC2012_val_00003747_with_ILSVRC2012_val_00037933_rank625,78,78,0.96629,0
ILSVRC2012_val_00003747_with_ILSVRC2012_val_00039285_rank650,835,519,0.55109,222
ILSVRC2012_val_00003747_with_ILSVRC2012_val_00026990_rank232,472,472,0.68208,0
ILSVRC2012_val_00003747_with_ILSVRC2012_val_00009076_rank529,986,607,0.78165,56
ILSVRC2012_val_00003747_with_ILSVRC2012_val_00000392_rank271,471,471,0.94017,0
ILSVRC2012_val_00003747_with_ILSVRC2012_val_00048797_rank997,731,731,0.99855,0
ILSVRC2012_val_00003747_with_ILSVRC2012_val_00014874_rank939,934,934,0.93256,0
ILSVRC2012_val_00003747_with_ILSVRC2012_val_00023158_rank376,45,45,0.93144,0
ILSVRC2012_val_00003747_with_ILSVRC2012_val_00023618_rank776,664,851,0.81494,3
ILSVRC2012_val_00003747_with_ILSVRC2012_val_00016215_rank001,386,386,0.70342,0
ILSVRC2012_val_00003747_with_ILSVRC2012_val_00015006_rank310,787,787,0.84582,0
ILSVRC2012_val_00003747_with_ILSVRC2012_val_00026621_rank992,792,912,0.19184,275
ILSVRC2012_val_00003747_with_ILSVRC2012_val_00016481_rank394,520,520,0.82031,0
ILSVRC2012_val_00003747_with_ILSVRC2012_val_00016409_rank137,233,233,0.9122,0
ILSVRC2012_val_00003747_with_ILSVRC2012_val_00012438_rank479,677,343,0.12269,826
ILSVRC2012_val_00003747_with_ILSVRC2012_val_00003920_rank601,747,412,0.41771,87
ILSVRC2012_val_00003747_with_ILSVRC2012_val_00010227_rank664,670,670,0.62939,0
ILSVRC2012_val_00003747_with_ILSVRC2012_val_00038204_rank178,937,9,0.14388,275
ILSVRC2012_val_00003747_with_ILSVRC2012_val_00018537_rank577,430,430,0.50739,0
ILSVRC2012_val_00003747_with_ILSVRC2012_val_00007070_rank943,469,469,0.75081,0
ILSVRC2012_val_00003747_with_ILSVRC2012_val_00009557_rank973,795,733,0.1501,47
ILSVRC2012_val_00003747_with_ILSVRC2012_val_00018901_rank643,836,672,0.54528,72
ILSVRC2012_val_00003747_with_ILSVRC2012_val_00045773_rank932,768,768,0.86298,0
ILSVRC2012_val_00003747_with_ILSVRC2012_val_00020058_rank198,177,177,0.91401,0
ILSVRC2012_val_00003747_with_ILSVRC2012_val_00017188_rank502,254,254,0.93756,0
ILSVRC2012_val_00003747_with_ILSVRC2012_val_00005822_rank132,812,21,0.54292,66
ILSVRC2012_val_00003747_with_ILSVRC2012_val_00042628_rank716,202,202,0.51997,0
ILSVRC2012_val_00003747_with_ILSVRC2012_val_00034564_rank925,903,552,0.11926,1
ILSVRC2012_val_00003747_with_ILSVRC2012_val_00011201_rank441,558,637,0.20478,861
ILSVRC2012_val_00003747_with_ILSVRC2012_val_00019783_rank305,989,989,0.89585,0
ILSVRC2012_val_00003747_with_ILSVRC2012_val_00019475_rank662,604,843,0.93059,354
ILSVRC2012_val_00003747_with_ILSVRC2012_val_00032655_rank017,366,366,0.74867,0
ILSVRC2012_val_00003747_with_ILSVRC2012_val_00047450_rank538,683,764,0.14297,39
ILSVRC2012_val_00003747_with_ILSVRC2012_val_00016400_rank428,611,730,0.08747,307
ILSVRC2012_val_00003747_with_ILSVRC2012_val_00033273_rank899,616,354,0.45001,288
ILSVRC2012_val_00003747_with_ILSVRC2012_val_00025167_rank686,174,174,0.96648,0
ILSVRC2012_val_00003747_with_ILSVRC2012_val_00049758_rank977,748,496,0.8983,7
ILSVRC2012_val_00003747_with_ILSVRC2012_val_00014552_rank952,505,505,0.73654,0
ILSVRC2012_val_00003747_with_ILSVRC2012_val_00030974_rank553,906,906,0.85693,0
ILSVRC2012_val_00003747_with_ILSVRC2012_val_00007853_rank809,13,13,0.93857,0
ILSVRC2012_val_00003747_with_ILSVRC2012_val_00037016_rank944,523,731,0.24992,12
ILSVRC2012_val_00003747_with_ILSVRC2012_val_00009073_rank061,853,347,0.10431,297
ILSVRC2012_val_00003747_with_ILSVRC2012_val_00029284_rank700,380,380,0.78833,0
ILSVRC2012_val_00003747_with_ILSVRC2012_val_00020715_rank549,776,843,0.04349,288
ILSVRC2012_val_00003747_with_ILSVRC2012_val_00041644_rank881,543,543,0.79805,0
ILSVRC2012_val_00003747_with_ILSVRC2012_val_00018831_rank865,840,840,0.9976,0
ILSVRC2012_val_00003747_with_ILSVRC2012_val_00026871_rank975,845,731,0.62154,59
ILSVRC2012_val_00003747_with_ILSVRC2012_val_00010465_rank300,66,66,0.59201,0
ILSVRC2012_val_00003747_with_ILSVRC2012_val_00045154_rank778,823,543,0.19315,41
ILSVRC2012_val_00003747_with_ILSVRC2012_val_00033532_rank881,543,267,0.22058,172
ILSVRC2012_val_00003747_with_ILSVRC2012_val_00027658_rank618,461,35,0.13397,551
ILSVRC2012_val_00003747_with_ILSVRC2012_val_00048483_rank864,629,629,0.99647,0
ILSVRC2012_val_00003747_with_ILSVRC2012_val_00037927_rank941,613,613,0.47744,0
ILSVRC2012_val_00003747_with_ILSVRC2012_val_00021050_rank455,871,871,0.21827,0
ILSVRC2012_val_00003747_with_ILSVRC2012_val_00043974_rank827,199,199,0.58448,0
ILSVRC2012_val_00003747_with_ILSVRC2012_val_00047705_rank678,701,343,0.08945,446
ILSVRC2012_val_00003747_with_ILSVRC2012_val_00049192_rank837,443,411,0.4699,1
ILSVRC2012_val_00003747_with_ILSVRC2012_val_00004871_rank552,409,522,0.19705,525
ILSVRC2012_val_00003747_with_ILSVRC2012_val_00040233_rank064,105,291,0.57072,61
ILSVRC2012_val_00003747_with_ILSVRC2012_val_00011421_rank822,531,531,0.94059,0
ILSVRC2012_val_00003747_with_ILSVRC2012_val_00049611_rank494,302,302,0.53225,0
ILSVRC2012_val_00003747_with_ILSVRC2012_val_00026137_rank586,426,426,0.90929,0
ILSVRC2012_val_00003747_with_ILSVRC2012_val_00009235_rank685,790,790,0.94529,0
ILSVRC2012_val_00003747_with_ILSVRC2012_val_00047202_rank800,157,215,0.66982,11
ILSVRC2012_val_00003747_with_ILSVRC2012_val_00006184_rank048,724,856,0.23253,48
ILSVRC2012_val_00003747_with_ILSVRC2012_val_00027434_rank505,97,97,0.88685,0
ILSVRC2012_val_00003747_with_ILSVRC2012_val_00036431_rank775,14,21,0.06969,98
ILSVRC2012_val_00003747_with_ILSVRC2012_val_00034742_rank729,636,636,0.44709,0
ILSVRC2012_val_00003747_with_ILSVRC2012_val_00041069_rank543,40,291,0.57335,346
ILSVRC2012_val_00003747_with_ILSVRC2012_val_00019045_rank447,136,136,0.95034,0
ILSVRC2012_val_00003747_with_ILSVRC2012_val_00031457_rank165,449,425,0.49473,3
ILSVRC2012_val_00003747_with_ILSVRC2012_val_00019664_rank339,324,324,0.91802,0
ILSVRC2012_val_00003747_with_ILSVRC2012_val_00003248_rank330,337,337,0.92026,0
ILSVRC2012_val_00003747_with_ILSVRC2012_val_00027750_rank113,39,39,0.89561,0
ILSVRC2012_val_00003747_with_ILSVRC2012_val_00020860_rank697,492,492,0.78058,0
ILSVRC2012_val_00003747_with_ILSVRC2012_val_00011643_rank635,108,108,0.48208,0
ILSVRC2012_val_00003747_with_ILSVRC2012_val_00044740_rank895,827,469,0.53275,14
ILSVRC2012_val_00003747_with_ILSVRC2012_val_00040392_rank568,648,648,0.93893,0
ILSVRC2012_val_00003747_with_ILSVRC2012_val_00017413_rank324,554,807,0.38747,544
ILSVRC2012_val_00003747_with_ILSVRC2012_val_00038333_rank342,495,495,0.10023,0
ILSVRC2012_val_00003747_with_ILSVRC2012_val_00000851_rank451,887,787,0.54781,38
ILSVRC2012_val_00003747_with_ILSVRC2012_val_00010123_rank007,344,138,0.77132,92
ILSVRC2012_val_00003747_with_ILSVRC2012_val_00024307_rank079,682,895,0.43277,68
ILSVRC2012_val_00003747_with_ILSVRC2012_val_00014027_rank931,855,855,0.95433,0
ILSVRC2012_val_00003747_with_ILSVRC2012_val_00030496_rank248,707,707,0.97386,0
ILSVRC2012_val_00003747_with_ILSVRC2012_val_00011555_rank873,151,151,0.3325,0
ILSVRC2012_val_00003747_with_ILSVRC2012_val_00005733_rank210,91,91,0.9643,0
ILSVRC2012_val_00003747_with_ILSVRC2012_val_00049931_rank240,238,161,0.55372,6
ILSVRC2012_val_00003747_with_ILSVRC2012_val_00032982_rank067,100,100,0.82364,0
ILSVRC2012_val_00003747_with_ILSVRC2012_val_00035882_rank715,534,534,0.80646,0
ILSVRC2012_val_00003747_with_ILSVRC2012_val_00037587_rank405,623,587,0.07878,22
ILSVRC2012_val_00003747_with_ILSVRC2012_val_00029991_rank110,88,88,0.92882,0
ILSVRC2012_val_00003747_with_ILSVRC2012_val_00040095_rank271,471,471,0.38093,0
ILSVRC2012_val_00003747_with_ILSVRC2012_val_00049658_rank697,492,492,0.79393,0
ILSVRC2012_val_00003747_with_ILSVRC2012_val_00007310_rank368,814,814,0.75524,0
ILSVRC2012_val_00003747_with_ILSVRC2012_val_00036405_rank831,303,138,0.51052,115
ILSVRC2012_val_00003747_with_ILSVRC2012_val_00016787_rank339,324,324,0.94206,0
ILSVRC2012_val_00003747_with_ILSVRC2012_val_00003393_rank836,737,412,0.27537,116
ILSVRC2012_val_00003747_with_ILSVRC2012_val_00026052_rank402,657,912,0.29264,215
ILSVRC2012_val_00003747_with_ILSVRC2012_val_00004092_rank780,637,448,0.15411,1
ILSVRC2012_val_00003747_with_ILSVRC2012_val_00016988_rank477,2,389,0.15284,20
ILSVRC2012_val_00003747_with_ILSVRC2012_val_00015736_rank805,732,732,0.9738,0
ILSVRC2012_val_00003747_with_ILSVRC2012_val_00008406_rank812,402,402,0.07961,0
ILSVRC2012_val_00003747_with_ILSVRC2012_val_00045901_rank274,165,236,0.80618,2
ILSVRC2012_val_00003747_with_ILSVRC2012_val_00013365_rank208,805,805,0.9756,0
ILSVRC2012_val_00003747_with_ILSVRC2012_val_00002496_rank789,121,121,0.8755,0
ILSVRC2012_val_00003747_with_ILSVRC2012_val_00029806_rank228,36,36,0.64393,0
ILSVRC2012_val_00003747_with_ILSVRC2012_val_00004070_rank688,517,730,0.332,59
ILSVRC2012_val_00003747_with_ILSVRC2012_val_00033794_rank262,833,833,0.68832,0
ILSVRC2012_val_00003747_with_ILSVRC2012_val_00030727_rank012,372,372,0.88947,0
ILSVRC2012_val_00003747_with_ILSVRC2012_val_00044593_rank858,203,203,0.84588,0
ILSVRC2012_val_00003747_with_ILSVRC2012_val_00041075_rank401,996,83,0.16623,51
ILSVRC2012_val_00003747_with_ILSVRC2012_val_00043967_rank479,677,101,0.10116,621
ILSVRC2012_val_00003747_with_ILSVRC2012_val_00006455_rank064,105,105,0.90841,0
ILSVRC2012_val_00003747_with_ILSVRC2012_val_00045487_rank796,193,193,0.7528,0
ILSVRC2012_val_00003747_with_ILSVRC2012_val_00021839_rank849,542,657,0.64772,119
ILSVRC2012_val_00003747_with_ILSVRC2012_val_00020241_rank824,841,701,0.57493,209
ILSVRC2012_val_00003747_with_ILSVRC2012_val_00035166_rank555,378,378,0.83325,0
ILSVRC2012_val_00003747_with_ILSVRC2012_val_00010547_rank160,663,663,0.89959,0
ILSVRC2012_val_00003747_with_ILSVRC2012_val_00004262_rank294,491,847,0.31941,170
ILSVRC2012_val_00003747_with_ILSVRC2012_val_00020209_rank898,592,412,0.59353,215
ILSVRC2012_val_00003747_with_ILSVRC2012_val_00005020_rank330,337,337,0.86539,0
ILSVRC2012_val_00003747_with_ILSVRC2012_val_00017115_rank711,315,315,0.86901,0
ILSVRC2012_val_00003747_with_ILSVRC2012_val_00021510_rank829,549,549,0.67187,0
ILSVRC2012_val_00003747_with_ILSVRC2012_val_00011249_rank772,19,10,0.91608,6
ILSVRC2012_val_00003747_with_ILSVRC2012_val_00029332_rank792,927,927,0.71543,0
ILSVRC2012_val_00003747_with_ILSVRC2012_val_00036156_rank668,710,710,0.29619,0
ILSVRC2012_val_00003747_with_ILSVRC2012_val_00032694_rank801,633,145,0.24101,945
ILSVRC2012_val_00003747_with_ILSVRC2012_val_00034804_rank153,221,221,0.8485,0
ILSVRC2012_val_00003747_with_ILSVRC2012_val_00033488_rank438,705,912,0.28294,138
ILSVRC2012_val_00003747_with_ILSVRC2012_val_00026668_rank567,745,745,0.12344,0
ILSVRC2012_val_00003747_with_ILSVRC2012_val_00036303_rank472,822,730,0.29724,545
ILSVRC2012_val_00003747_with_ILSVRC2012_val_00046307_rank107,92,92,0.56111,0
ILSVRC2012_val_00003747_with_ILSVRC2012_val_00022517_rank236,858,595,0.60106,88
ILSVRC2012_val_00003747_with_ILSVRC2012_val_00030124_rank557,751,751,0.72673,0
ILSVRC2012_val_00003747_with_ILSVRC2012_val_00000221_rank729,636,636,0.43437,0
ILSVRC2012_val_00003747_with_ILSVRC2012_val_00007845_rank060,371,372,0.54351,6
ILSVRC2012_val_00003747_with_ILSVRC2012_val_00028760_rank239,33,33,0.22689,0
ILSVRC2012_val_00003747_with_ILSVRC2012_val_00033504_rank860,948,948,0.92968,0
ILSVRC2012_val_00003747_with_ILSVRC2012_val_00022938_rank175,146,146,0.86161,0
ILSVRC2012_val_00003747_with_ILSVRC2012_val_00023165_rank720,712,825,0.05676,831
ILSVRC2012_val_00003747_with_ILSVRC2012_val_00033357_rank326,255,255,0.8551,0
ILSVRC2012_val_00003747_with_ILSVRC2012_val_00032462_rank275,484,871,0.51756,1
ILSVRC2012_val_00003747_with_ILSVRC2012_val_00001289_rank848,423,423,0.91714,0
ILSVRC2012_val_00003747_with_ILSVRC2012_val_00027024_rank028,150,150,0.82519,0
ILSVRC2012_val_00003747_with_ILSVRC2012_val_00035860_rank905,896,896,0.85692,0
ILSVRC2012_val_00003747_with_ILSVRC2012_val_00044580_rank259,62,61,0.48927,1
ILSVRC2012_val_00003747_with_ILSVRC2012_val_00009170_rank207,586,586,0.90567,0
ILSVRC2012_val_00003747_with_ILSVRC2012_val_00022125_rank686,174,174,0.88451,0
ILSVRC2012_val_00003747_with_ILSVRC2012_val_00008640_rank264,5,5,0.94352,0
ILSVRC2012_val_00003747_with_ILSVRC2012_val_00041538_rank934,331,331,0.92672,0
ILSVRC2012_val_00003747_with_ILSVRC2012_val_00015553_rank574,545,755,0.19916,17
ILSVRC2012_val_00003747_with_ILSVRC2012_val_00020963_rank951,158,158,0.4754,0
ILSVRC2012_val_00003747_with_ILSVRC2012_val_00046881_rank274,165,165,0.90648,0
ILSVRC2012_val_00003747_with_ILSVRC2012_val_00028881_rank580,170,170,0.53991,0
ILSVRC2012_val_00003747_with_ILSVRC2012_val_00015804_rank686,174,174,0.46816,0
ILSVRC2012_val_00003747_with_ILSVRC2012_val_00046412_rank516,323,323,0.90507,0
ILSVRC2012_val_00003747_with_ILSVRC2012_val_00011869_rank379,155,155,0.68619,0
ILSVRC2012_val_00003747_with_ILSVRC2012_val_00022282_rank543,40,40,0.53072,0
ILSVRC2012_val_00003747_with_ILSVRC2012_val_00011529_rank997,731,731,0.78497,0
ILSVRC2012_val_00003747_with_ILSVRC2012_val_00041920_rank545,468,751,0.21793,7
ILSVRC2012_val_00003747_with_ILSVRC2012_val_00011723_rank150,825,539,0.29118,110
ILSVRC2012_val_00003747_with_ILSVRC2012_val_00027424_rank957,898,898,0.7484,0
ILSVRC2012_val_00003747_with_ILSVRC2012_val_00012380_rank129,256,256,0.88225,0
ILSVRC2012_val_00003747_with_ILSVRC2012_val_00001571_rank777,782,681,0.50272,9
ILSVRC2012_val_00003747_with_ILSVRC2012_val_00044818_rank118,181,181,0.91435,0
ILSVRC2012_val_00003747_with_ILSVRC2012_val_00004911_rank945,588,588,0.94632,0
ILSVRC2012_val_00003747_with_ILSVRC2012_val_00002609_rank728,247,247,0.91307,0
ILSVRC2012_val_00003747_with_ILSVRC2012_val_00035924_rank407,946,102,0.64983,42
ILSVRC2012_val_00003747_with_ILSVRC2012_val_00010167_rank346,775,842,0.61983,1
ILSVRC2012_val_00003747_with_ILSVRC2012_val_00025919_rank766,733,912,0.26112,33
ILSVRC2012_val_00003747_with_ILSVRC2012_val_00007564_rank121,135,135,0.92594,0
ILSVRC2012_val_00003747_with_ILSVRC2012_val_00010894_rank838,729,729,0.08128,0
ILSVRC2012_val_00003747_with_ILSVRC2012_val_00000858_rank522,899,899,0.30252,0
ILSVRC2012_val_00003747_with_ILSVRC2012_val_00049538_rank405,623,549,0.59107,7
ILSVRC2012_val_00003747_with_ILSVRC2012_val_00048663_rank782,223,223,0.33918,0
ILSVRC2012_val_00003747_with_ILSVRC2012_val_00049249_rank741,993,993,0.94334,0
ILSVRC2012_val_00003747_with_ILSVRC2012_val_00033246_rank432,568,568,0.11406,0
ILSVRC2012_val_00003747_with_ILSVRC2012_val_00003236_rank677,777,835,0.08247,199
ILSVRC2012_val_00003747_with_ILSVRC2012_val_00048216_rank882,559,559,0.94966,0
ILSVRC2012_val_00003747_with_ILSVRC2012_val_00023170_rank040,958,958,0.91722,0
ILSVRC2012_val_00003747_with_ILSVRC2012_val_00015855_rank025,48,48,0.82283,0
ILSVRC2012_val_00003747_with_ILSVRC2012_val_00040291_rank666,216,216,0.92109,0
ILSVRC2012_val_00003747_with_ILSVRC2012_val_00001945_rank940,473,730,0.87108,283
ILSVRC2012_val_00003747_with_ILSVRC2012_val_00000113_rank164,227,227,0.9856,0
ILSVRC2012_val_00003747_with_ILSVRC2012_val_00036026_rank184,394,0,0.24793,4
ILSVRC2012_val_00003747_with_ILSVRC2012_val_00029406_rank510,215,215,0.91763,0
ILSVRC2012_val_00003747_with_ILSVRC2012_val_00040586_rank622,115,115,0.36633,0
ILSVRC2012_val_00003747_with_ILSVRC2012_val_00048439_rank666,216,216,0.91252,0
ILSVRC2012_val_00003747_with_ILSVRC2012_val_00003472_rank123,134,134,0.95791,0
ILSVRC2012_val_00003747_with_ILSVRC2012_val_00042128_rank067,100,100,0.92843,0
ILSVRC2012_val_00003747_with_ILSVRC2012_val_00022606_rank117,282,208,0.80747,59
ILSVRC2012_val_00003747_with_ILSVRC2012_val_00001178_rank202,654,654,0.66229,0
ILSVRC2012_val_00003747_with_ILSVRC2012_val_00047530_rank918,488,488,0.93094,0
ILSVRC2012_val_00003747_with_ILSVRC2012_val_00010497_rank922,418,563,0.27647,1
ILSVRC2012_val_00003747_with_ILSVRC2012_val_00009913_rank487,930,701,0.47849,861
ILSVRC2012_val_00003747_with_ILSVRC2012_val_00048207_rank179,997,958,0.04839,262
ILSVRC2012_val_00003747_with_ILSVRC2012_val_00021697_rank701,186,193,0.63008,2
ILSVRC2012_val_00003747_with_ILSVRC2012_val_00027019_rank846,754,848,0.45974,2
ILSVRC2012_val_00003747_with_ILSVRC2012_val_00005120_rank841,551,412,0.21762,348
ILSVRC2012_val_00003747_with_ILSVRC2012_val_00048260_rank893,699,699,0.98168,0
ILSVRC2012_val_00003747_with_ILSVRC2012_val_00027070_rank141,98,146,0.51477,19
ILSVRC2012_val_00003747_with_ILSVRC2012_val_00023615_rank349,250,250,0.62417,0
ILSVRC2012_val_00003747_with_ILSVRC2012_val_00019058_rank546,140,99,0.4982,22
ILSVRC2012_val_00003747_with_ILSVRC2012_val_00029506_rank960,187,187,0.94772,0
ILSVRC2012_val_00003747_with_ILSVRC2012_val_00026660_rank738,990,990,0.93657,0
ILSVRC2012_val_00003747_with_ILSVRC2012_val_00043961_rank364,399,610,0.70159,17
ILSVRC2012_val_00003747_with_ILSVRC2012_val_00017410_rank076,299,299,0.89657,0
ILSVRC2012_val_00003747_with_ILSVRC2012_val_00023937_rank861,809,463,0.45557,69
ILSVRC2012_val_00003747_with_ILSVRC2012_val_00026218_rank119,387,387,0.85389,0
ILSVRC2012_val_00003747_with_ILSVRC2012_val_00006782_rank374,486,731,0.35543,553
ILSVRC2012_val_00003747_with_ILSVRC2012_val_00045293_rank165,449,449,0.90216,0
ILSVRC2012_val_00003747_with_ILSVRC2012_val_00011799_rank824,841,841,0.49358,0
ILSVRC2012_val_00003747_with_ILSVRC2012_val_00034110_rank367,213,213,0.9369,0
ILSVRC2012_val_00003747_with_ILSVRC2012_val_00044011_rank661,94,83,0.40186,193
ILSVRC2012_val_00003747_with_ILSVRC2012_val_00041564_rank063,131,131,0.92129,0
ILSVRC2012_val_00003747_with_ILSVRC2012_val_00036987_rank685,790,588,0.34473,1
ILSVRC2012_val_00003747_with_ILSVRC2012_val_00031616_rank805,732,732,0.9878,0
ILSVRC2012_val_00003747_with_ILSVRC2012_val_00010744_rank400,431,431,0.52109,0
ILSVRC2012_val_00003747_with_ILSVRC2012_val_00007077_rank065,138,138,0.88685,0
ILSVRC2012_val_00003747_with_ILSVRC2012_val_00007669_rank935,570,570,0.84117,0
ILSVRC2012_val_00003747_with_ILSVRC2012_val_00005716_rank330,337,337,0.45108,0
ILSVRC2012_val_00003747_with_ILSVRC2012_val_00023169_rank948,881,881,0.74271,0
ILSVRC2012_val_00003747_with_ILSVRC2012_val_00017880_rank902,771,754,0.54446,41
ILSVRC2012_val_00003747_with_ILSVRC2012_val_00008977_rank734,889,83,0.15874,884
ILSVRC2012_val_00003747_with_ILSVRC2012_val_00039289_rank407,946,944,0.5716,1
ILSVRC2012_val_00003747_with_ILSVRC2012_val_00031155_rank401,996,649,0.7584,98
ILSVRC2012_val_00003747_with_ILSVRC2012_val_00013630_rank935,570,570,0.28414,0
ILSVRC2012_val_00003747_with_ILSVRC2012_val_00006628_rank467,938,938,0.88065,0
ILSVRC2012_val_00003747_with_ILSVRC2012_val_00011946_rank843,681,620,0.47288,1
ILSVRC2012_val_00003747_with_ILSVRC2012_val_00035182_rank802,195,195,0.96677,0
ILSVRC2012_val_00003747_with_ILSVRC2012_val_00030778_rank691,313,313,0.847,0
ILSVRC2012_val_00003747_with_ILSVRC2012_val_00041700_rank174,234,234,0.95052,0
ILSVRC2012_val_00003747_with_ILSVRC2012_val_00018628_rank665,722,463,0.49841,116
ILSVRC2012_val_00003747_with_ILSVRC2012_val_00040641_rank517,189,201,0.27917,21
ILSVRC2012_val_00003747_with_ILSVRC2012_val_00028528_rank318,716,716,0.58036,0
ILSVRC2012_val_00003747_with_ILSVRC2012_val_00047073_rank069,99,99,0.92376,0
ILSVRC2012_val_00003747_with_ILSVRC2012_val_00043842_rank415,176,178,0.4361,14
ILSVRC2012_val_00003747_with_ILSVRC2012_val_00033548_rank420,330,330,0.91446,0
ILSVRC2012_val_00003747_with_ILSVRC2012_val_00047156_rank063,131,131,0.59678,0
ILSVRC2012_val_00003747_with_ILSVRC2012_val_00028322_rank517,189,189,0.95088,0
ILSVRC2012_val_00003747_with_ILSVRC2012_val_00008778_rank298,750,914,0.63474,615
ILSVRC2012_val_00003747_with_ILSVRC2012_val_00046524_rank835,7,7,0.71493,0
ILSVRC2012_val_00003747_with_ILSVRC2012_val_00023269_rank048,724,595,0.85044,157
ILSVRC2012_val_00003747_with_ILSVRC2012_val_00017242_rank108,87,87,0.93827,0
ILSVRC2012_val_00003747_with_ILSVRC2012_val_00034524_rank821,658,658,0.88053,0
ILSVRC2012_val_00003747_with_ILSVRC2012_val_00026422_rank906,362,362,0.76512,0
ILSVRC2012_val_00003747_with_ILSVRC2012_val_00039636_rank287,384,384,0.97211,0
ILSVRC2012_val_00003747_with_ILSVRC2012_val_00000031_rank339,324,701,0.42384,151
ILSVRC2012_val_00003747_with_ILSVRC2012_val_00006293_rank897,965,112,0.4647,41
ILSVRC2012_val_00003747_with_ILSVRC2012_val_00029446_rank472,822,541,0.85575,1
ILSVRC2012_val_00003747_with_ILSVRC2012_val_00030563_rank589,70,70,0.87335,0
ILSVRC2012_val_00003747_with_ILSVRC2012_val_00029851_rank801,633,469,0.1595,234
ILSVRC2012_val_00003747_with_ILSVRC2012_val_00045241_rank465,789,789,0.45738,0
ILSVRC2012_val_00003747_with_ILSVRC2012_val_00011399_rank708,86,352,0.29238,69
ILSVRC2012_val_00003747_with_ILSVRC2012_val_00046937_rank131,947,947,0.89673,0
ILSVRC2012_val_00003747_with_ILSVRC2012_val_00046702_rank041,298,298,0.96273,0
ILSVRC2012_val_00003747_with_ILSVRC2012_val_00018056_rank499,577,787,0.54831,6
ILSVRC2012_val_00003747_with_ILSVRC2012_val_00006243_rank841,551,472,0.42468,986
ILSVRC2012_val_00003747_with_ILSVRC2012_val_00028938_rank024,296,296,0.81429,0
ILSVRC2012_val_00003747_with_ILSVRC2012_val_00007901_rank742,485,761,0.91375,8
ILSVRC2012_val_00003747_with_ILSVRC2012_val_00004397_rank370,192,192,0.82239,0
ILSVRC2012_val_00003747_with_ILSVRC2012_val_00039662_rank763,259,151,0.22221,6
ILSVRC2012_val_00003747_with_ILSVRC2012_val_00047165_rank985,459,306,0.4305,444
ILSVRC2012_val_00003747_with_ILSVRC2012_val_00005245_rank556,427,427,0.93957,0
ILSVRC2012_val_00003747_with_ILSVRC2012_val_00018769_rank584,951,522,0.3186,67
ILSVRC2012_val_00003747_with_ILSVRC2012_val_00004041_rank289,933,933,0.91119,0
ILSVRC2012_val_00003747_with_ILSVRC2012_val_00013905_rank764,791,425,0.38639,71
ILSVRC2012_val_00003747_with_ILSVRC2012_val_00019792_rank870,962,923,0.65736,3
ILSVRC2012_val_00003747_with_ILSVRC2012_val_00033071_rank671,438,758,0.09538,916
ILSVRC2012_val_00003747_with_ILSVRC2012_val_00033241_rank046,297,295,0.64703,1
ILSVRC2012_val_00003747_with_ILSVRC2012_val_00003988_rank908,697,697,0.34582,0
ILSVRC2012_val_00003747_with_ILSVRC2012_val_00014554_rank396,808,0,0.65404,370
ILSVRC2012_val_00003747_with_ILSVRC2012_val_00034444_rank362,398,398,0.95128,0
ILSVRC2012_val_00003747_with_ILSVRC2012_val_00009587_rank911,546,412,0.38917,703
ILSVRC2012_val_00003747_with_ILSVRC2012_val_00005898_rank379,155,204,0.5273,1
ILSVRC2012_val_00003747_with_ILSVRC2012_val_00012120_rank199,44,38,0.65291,2
ILSVRC2012_val_00003747_with_ILSVRC2012_val_00012741_rank293,141,141,0.86427,0
ILSVRC2012_val_00003747_with_ILSVRC2012_val_00000582_rank965,499,499,0.98744,0
ILSVRC2012_val_00003747_with_ILSVRC2012_val_00037418_rank516,323,323,0.93471,0
ILSVRC2012_val_00003747_with_ILSVRC2012_val_00017403_rank167,425,425,0.28637,0
ILSVRC2012_val_00003747_with_ILSVRC2012_val_00011967_rank013,294,294,0.82298,0
ILSVRC2012_val_00003747_with_ILSVRC2012_val_00048325_rank842,798,798,0.93275,0
ILSVRC2012_val_00003747_with_ILSVRC2012_val_00016549_rank316,779,779,0.97044,0
ILSVRC2012_val_00003747_with_ILSVRC2012_val_00029738_rank102,368,381,0.22348,2
ILSVRC2012_val_00003747_with_ILSVRC2012_val_00021771_rank538,683,488,0.19211,61
ILSVRC2012_val_00003747_with_ILSVRC2012_val_00038614_rank296,142,142,0.90968,0
ILSVRC2012_val_00003747_with_ILSVRC2012_val_00011736_rank034,292,292,0.85422,0
ILSVRC2012_val_00003747_with_ILSVRC2012_val_00037855_rank229,168,163,0.59476,4
ILSVRC2012_val_00003747_with_ILSVRC2012_val_00040141_rank474,924,993,0.16962,103
ILSVRC2012_val_00003747_with_ILSVRC2012_val_00014549_rank498,625,625,0.91104,0
ILSVRC2012_val_00003747_with_ILSVRC2012_val_00019432_rank555,378,9,0.62122,54
ILSVRC2012_val_00003747_with_ILSVRC2012_val_00036484_rank184,394,394,0.89008,0
ILSVRC2012_val_00003747_with_ILSVRC2012_val_00026967_rank141,98,98,0.92495,0
ILSVRC2012_val_00003747_with_ILSVRC2012_val_00004783_rank944,523,523,0.54722,0
ILSVRC2012_val_00003747_with_ILSVRC2012_val_00019168_rank714,886,886,0.66021,0
ILSVRC2012_val_00003747_with_ILSVRC2012_val_00036166_rank614,52,63,0.53364,16
ILSVRC2012_val_00003747_with_ILSVRC2012_val_00008435_rank215,162,162,0.8383,0
ILSVRC2012_val_00003747_with_ILSVRC2012_val_00022541_rank688,517,517,0.95296,0
ILSVRC2012_val_00003747_with_ILSVRC2012_val_00010543_rank971,487,487,0.43009,0
ILSVRC2012_val_00003747_with_ILSVRC2012_val_00047098_rank188,668,703,0.30242,287
ILSVRC2012_val_00003747_with_ILSVRC2012_val_00026856_rank193,693,621,0.26678,49
ILSVRC2012_val_00003747_with_ILSVRC2012_val_00000489_rank611,713,713,0.15454,0
ILSVRC2012_val_00003747_with_ILSVRC2012_val_00040831_rank430,576,975,0.25271,44
ILSVRC2012_val_00003747_with_ILSVRC2012_val_00044275_rank370,192,192,0.22179,0
ILSVRC2012_val_00003747_with_ILSVRC2012_val_00009447_rank870,962,962,0.34483,0
ILSVRC2012_val_00003747_with_ILSVRC2012_val_00018219_rank859,641,618,0.43694,70
ILSVRC2012_val_00003747_with_ILSVRC2012_val_00003222_rank230,756,427,0.30497,1
ILSVRC2012_val_00003747_with_ILSVRC2012_val_00027762_rank835,7,7,0.63161,0
ILSVRC2012_val_00003747_with_ILSVRC2012_val_00048855_rank181,373,373,0.80898,0
ILSVRC2012_val_00003747_with_ILSVRC2012_val_00012788_rank427,112,766,0.14531,167
ILSVRC2012_val_00003747_with_ILSVRC2012_val_00009212_rank514,917,692,0.27906,13
ILSVRC2012_val_00003747_with_ILSVRC2012_val_00037741_rank849,542,912,0.9077,737
ILSVRC2012_val_00003747_with_ILSVRC2012_val_00017942_rank744,311,311,0.5003,0
ILSVRC2012_val_00003747_with_ILSVRC2012_val_00011797_rank913,723,723,0.97785,0
ILSVRC2012_val_00003747_with_ILSVRC2012_val_00002173_rank726,796,796,0.81397,0
ILSVRC2012_val_00003747_with_ILSVRC2012_val_00006033_rank946,539,539,0.78763,0
ILSVRC2012_val_00003747_with_ILSVRC2012_val_00047815_rank699,742,713,0.55707,1
ILSVRC2012_val_00003747_with_ILSVRC2012_val_00018938_rank233,561,561,0.91332,0
ILSVRC2012_val_00003747_with_ILSVRC2012_val_00043933_rank302,252,252,0.90567,0
ILSVRC2012_val_00003747_with_ILSVRC2012_val_00033843_rank686,174,174,0.90568,0
ILSVRC2012_val_00003747_with_ILSVRC2012_val_00048229_rank392,95,95,0.90595,0
ILSVRC2012_val_00003747_with_ILSVRC2012_val_00036569_rank945,588,223,0.5721,960
ILSVRC2012_val_00003747_with_ILSVRC2012_val_00032385_rank018,352,352,0.88966,0
ILSVRC2012_val_00003747_with_ILSVRC2012_val_00014555_rank720,712,469,0.72092,514
ILSVRC2012_val_00003747_with_ILSVRC2012_val_00027661_rank804,338,338,0.86138,0
ILSVRC2012_val_00003747_with_ILSVRC2012_val_00031051_rank730,169,169,0.82835,0
ILSVRC2012_val_00003747_with_ILSVRC2012_val_00004535_rank766,733,733,0.14463,0
ILSVRC2012_val_00003747_with_ILSVRC2012_val_00038165_rank362,398,398,0.98986,0
ILSVRC2012_val_00003747_with_ILSVRC2012_val_00001207_rank202,654,654,0.6179,0
ILSVRC2012_val_00003747_with_ILSVRC2012_val_00015500_rank410,124,138,0.16977,268
ILSVRC2012_val_00003747_with_ILSVRC2012_val_00031361_rank117,282,282,0.40382,0
ILSVRC2012_val_00003747_with_ILSVRC2012_val_00000041_rank751,516,352,0.18661,883
ILSVRC2012_val_00003747_with_ILSVRC2012_val_00007748_rank745,945,943,0.92285,1
ILSVRC2012_val_00003747_with_ILSVRC2012_val_00020740_rank126,163,163,0.92377,0
ILSVRC2012_val_00003747_with_ILSVRC2012_val_00023522_rank837,443,443,0.68074,0
ILSVRC2012_val_00003747_with_ILSVRC2012_val_00001011_rank552,409,426,0.9239,3
ILSVRC2012_val_00003747_with_ILSVRC2012_val_00008930_rank630,196,187,0.30331,5
ILSVRC2012_val_00003747_with_ILSVRC2012_val_00022872_rank002,385,101,0.42385,1
ILSVRC2012_val_00003747_with_ILSVRC2012_val_00012609_rank193,693,595,0.08675,266
ILSVRC2012_val_00003747_with_ILSVRC2012_val_00047047_rank127,144,144,0.88783,0
ILSVRC2012_val_00003747_with_ILSVRC2012_val_00001187_rank755,321,321,0.90771,0
ILSVRC2012_val_00003747_with_ILSVRC2012_val_00026003_rank926,589,213,0.63695,388
ILSVRC2012_val_00003747_with_ILSVRC2012_val_00036085_rank570,991,991,0.88851,0
ILSVRC2012_val_00003747_with_ILSVRC2012_val_00010618_rank293,141,141,0.93589,0
ILSVRC2012_val_00003747_with_ILSVRC2012_val_00046247_rank350,239,239,0.7298,0
ILSVRC2012_val_00003747_with_ILSVRC2012_val_00033208_rank256,515,911,0.1129,301
ILSVRC2012_val_00003747_with_ILSVRC2012_val_00020655_rank860,948,948,0.99295,0
ILSVRC2012_val_00003747_with_ILSVRC2012_val_00044029_rank832,530,530,0.84908,0
ILSVRC2012_val_00003747_with_ILSVRC2012_val_00014050_rank379,155,155,0.35981,0
ILSVRC2012_val_00003747_with_ILSVRC2012_val_00010886_rank981,600,730,0.7811,42
ILSVRC2012_val_00003747_with_ILSVRC2012_val_00009223_rank685,790,674,0.38667,59
ILSVRC2012_val_00003747_with_ILSVRC2012_val_00040280_rank599,954,954,0.17356,0
ILSVRC2012_val_00003747_with_ILSVRC2012_val_00018003_rank691,313,456,0.2144,46
ILSVRC2012_val_00003747_with_ILSVRC2012_val_00001202_rank547,477,772,0.84782,42
ILSVRC2012_val_00003747_with_ILSVRC2012_val_00029338_rank964,769,912,0.16536,663
ILSVRC2012_val_00003747_with_ILSVRC2012_val_00025471_rank666,216,216,0.95341,0
ILSVRC2012_val_00003747_with_ILSVRC2012_val_00024967_rank930,262,262,0.88438,0
ILSVRC2012_val_00003747_with_ILSVRC2012_val_00004273_rank646,961,995,0.21848,86
ILSVRC2012_val_00003747_with_ILSVRC2012_val_00013255_rank254,322,324,0.50549,3
ILSVRC2012_val_00003747_with_ILSVRC2012_val_00012607_rank487,930,930,0.42748,0
ILSVRC2012_val_00003747_with_ILSVRC2012_val_00021935_rank343,301,301,0.98965,0
ILSVRC2012_val_00003747_with_ILSVRC2012_val_00023228_rank034,292,340,0.79357,7
ILSVRC2012_val_00003747_with_ILSVRC2012_val_00033510_rank485,143,143,0.89866,0
ILSVRC2012_val_00003747_with_ILSVRC2012_val_00016664_rank292,319,319,0.863,0
ILSVRC2012_val_00003747_with_ILSVRC2012_val_00024766_rank470,194,194,0.95443,0
ILSVRC2012_val_00003747_with_ILSVRC2012_val_00014340_rank007,344,344,0.9392,0
ILSVRC2012_val_00003747_with_ILSVRC2012_val_00009947_rank216,382,382,0.65546,0
ILSVRC2012_val_00003747_with_ILSVRC2012_val_00046077_rank106,102,102,0.93508,0
ILSVRC2012_val_00003747_with_ILSVRC2012_val_00017012_rank759,28,28,0.90533,0
ILSVRC2012_val_00003747_with_ILSVRC2012_val_00042315_rank875,123,275,0.24069,629
ILSVRC2012_val_00003747_with_ILSVRC2012_val_00011593_rank810,235,225,0.82912,1
ILSVRC2012_val_00003747_with_ILSVRC2012_val_00039969_rank115,244,244,0.91608,0
ILSVRC2012_val_00003747_with_ILSVRC2012_val_00041431_rank731,316,316,0.9659,0
ILSVRC2012_val_00003747_with_ILSVRC2012_val_00036033_rank667,830,728,0.30654,79
ILSVRC2012_val_00003747_with_ILSVRC2012_val_00034999_rank829,549,879,0.09243,80
ILSVRC2012_val_00003747_with_ILSVRC2012_val_00039763_rank476,615,843,0.13956,525
ILSVRC2012_val_00003747_with_ILSVRC2012_val_00014177_rank445,942,0,0.55821,181
ILSVRC2012_val_00003747_with_ILSVRC2012_val_00029603_rank109,727,425,0.1183,30
ILSVRC2012_val_00003747_with_ILSVRC2012_val_00001807_rank933,894,894,0.35629,0
ILSVRC2012_val_00003747_with_ILSVRC2012_val_00030426_rank033,367,367,0.90643,0
ILSVRC2012_val_00003747_with_ILSVRC2012_val_00010259_rank751,516,516,0.95068,0
ILSVRC2012_val_00003747_with_ILSVRC2012_val_00032402_rank787,770,770,0.78314,0
ILSVRC2012_val_00003747_with_ILSVRC2012_val_00039324_rank720,712,787,0.15183,348
ILSVRC2012_val_00003747_with_ILSVRC2012_val_00029374_rank547,477,730,0.11288,423
ILSVRC2012_val_00003747_with_ILSVRC2012_val_00049759_rank832,530,530,0.78144,0
ILSVRC2012_val_00003747_with_ILSVRC2012_val_00047286_rank699,742,713,0.34414,1
ILSVRC2012_val_00003747_with_ILSVRC2012_val_00001881_rank714,886,886,0.73127,0
ILSVRC2012_val_00003747_with_ILSVRC2012_val_00049734_rank953,428,428,0.85998,0
ILSVRC2012_val_00003747_with_ILSVRC2012_val_00024101_rank323,866,866,0.7417,0
ILSVRC2012_val_00003747_with_ILSVRC2012_val_00031222_rank284,395,395,0.98243,0
ILSVRC2012_val_00003747_with_ILSVRC2012_val_00006681_rank340,982,879,0.11875,50
ILSVRC2012_val_00003747_with_ILSVRC2012_val_00020247_rank093,863,863,0.55692,0
ILSVRC2012_val_00003747_with_ILSVRC2012_val_00044701_rank450,208,208,0.29051,0
ILSVRC2012_val_00003747_with_ILSVRC2012_val_00028306_rank996,861,463,0.10214,19
ILSVRC2012_val_00003747_with_ILSVRC2012_val_00033148_rank493,533,533,0.82979,0
ILSVRC2012_val_00003747_with_ILSVRC2012_val_00037796_rank271,471,471,0.92209,0
ILSVRC2012_val_00003747_with_ILSVRC2012_val_00041762_rank517,189,189,0.53645,0
ILSVRC2012_val_00003747_with_ILSVRC2012_val_00026147_rank193,693,693,0.52322,0
ILSVRC2012_val_00003747_with_ILSVRC2012_val_00015777_rank790,943,943,0.80938,0
ILSVRC2012_val_00003747_with_ILSVRC2012_val_00043851_rank311,154,154,0.51827,0
ILSVRC2012_val_00003747_with_ILSVRC2012_val_00048142_rank107,92,92,0.95849,0
ILSVRC2012_val_00003747_with_ILSVRC2012_val_00036117_rank016,291,291,0.97232,0
ILSVRC2012_val_00003747_with_ILSVRC2012_val_00019386_rank650,835,519,0.32948,222
ILSVRC2012_val_00003747_with_ILSVRC2012_val_00007338_rank992,792,428,0.42989,1
ILSVRC2012_val_00003747_with_ILSVRC2012_val_00015951_rank991,786,786,0.48343,0
ILSVRC2012_val_00003747_with_ILSVRC2012_val_00031700_rank937,653,653,0.91971,0
ILSVRC2012_val_00003747_with_ILSVRC2012_val_00004670_rank866,521,469,0.65039,14
ILSVRC2012_val_00003747_with_ILSVRC2012_val_00002392_rank124,474,474,0.58419,0
ILSVRC2012_val_00003747_with_ILSVRC2012_val_00018941_rank418,953,8,0.09839,48
ILSVRC2012_val_00003747_with_ILSVRC2012_val_00036601_rank435,111,730,0.93779,347
ILSVRC2012_val_00003747_with_ILSVRC2012_val_00037242_rank975,845,657,0.44899,45
ILSVRC2012_val_00003747_with_ILSVRC2012_val_00027594_rank562,910,792,0.73687,33
ILSVRC2012_val_00003747_with_ILSVRC2012_val_00048924_rank572,41,41,0.88774,0
ILSVRC2012_val_00003747_with_ILSVRC2012_val_00005798_rank304,581,817,0.59007,5
ILSVRC2012_val_00003747_with_ILSVRC2012_val_00040221_rank497,56,56,0.85138,0
ILSVRC2012_val_00003747_with_ILSVRC2012_val_00011780_rank339,324,324,0.90673,0
ILSVRC2012_val_00003747_with_ILSVRC2012_val_00021962_rank024,296,296,0.92121,0
ILSVRC2012_val_00003747_with_ILSVRC2012_val_00046858_rank756,994,997,0.14104,1
ILSVRC2012_val_00003747_with_ILSVRC2012_val_00017171_rank359,407,734,0.6086,1
ILSVRC2012_val_00003747_with_ILSVRC2012_val_00023541_rank473,179,179,0.47504,0
ILSVRC2012_val_00003747_with_ILSVRC2012_val_00012385_rank774,528,528,0.92955,0
ILSVRC2012_val_00003747_with_ILSVRC2012_val_00040171_rank355,842,701,0.9836,47
ILSVRC2012_val_00003747_with_ILSVRC2012_val_00018203_rank954,828,574,0.20602,175
ILSVRC2012_val_00003747_with_ILSVRC2012_val_00024938_rank770,30,30,0.89969,0
ILSVRC2012_val_00003747_with_ILSVRC2012_val_00027201_rank192,694,701,0.95129,172
ILSVRC2012_val_00003747_with_ILSVRC2012_val_00012116_rank903,704,704,0.94184,0
ILSVRC2012_val_00003747_with_ILSVRC2012_val_00018250_rank798,18,18,0.93236,0
ILSVRC2012_val_00003747_with_ILSVRC2012_val_00000274_rank698,920,764,0.05132,223
ILSVRC2012_val_00003747_with_ILSVRC2012_val_00043703_rank797,666,478,0.18264,467
ILSVRC2012_val_00003747_with_ILSVRC2012_val_00011767_rank917,797,463,0.31297,255
ILSVRC2012_val_00003747_with_ILSVRC2012_val_00043693_rank246,856,595,0.61577,1
ILSVRC2012_val_00003747_with_ILSVRC2012_val_00007615_rank682,478,414,0.54941,36
ILSVRC2012_val_00003747_with_ILSVRC2012_val_00021253_rank161,569,569,0.86368,0
ILSVRC2012_val_00003747_with_ILSVRC2012_val_00043079_rank021,276,276,0.94049,0
ILSVRC2012_val_00003747_with_ILSVRC2012_val_00024235_rank344,0,351,0.21144,19
ILSVRC2012_val_00003747_with_ILSVRC2012_val_00048747_rank684,622,622,0.93731,0
ILSVRC2012_val_00003747_with_ILSVRC2012_val_00019580_rank592,441,441,0.82902,0
ILSVRC2012_val_00003747_with_ILSVRC2012_val_00027829_rank976,60,600,0.37299,94
ILSVRC2012_val_00003747_with_ILSVRC2012_val_00048460_rank138,880,880,0.18356,0
ILSVRC2012_val_00003747_with_ILSVRC2012_val_00008227_rank619,433,792,0.72776,167
ILSVRC2012_val_00003747_with_ILSVRC2012_val_00035577_rank281,285,288,0.37243,9
ILSVRC2012_val_00003747_with_ILSVRC2012_val_00030937_rank225,912,912,0.90226,0
ILSVRC2012_val_00003747_with_ILSVRC2012_val_00024282_rank586,426,426,0.87727,0
ILSVRC2012_val_00003747_with_ILSVRC2012_val_00033863_rank770,30,35,0.09125,4
ILSVRC2012_val_00003747_with_ILSVRC2012_val_00012819_rank189,47,47,0.98662,0
ILSVRC2012_val_00003747_with_ILSVRC2012_val_00008636_rank689,358,358,0.73994,0
ILSVRC2012_val_00003747_with_ILSVRC2012_val_00011751_rank800,157,157,0.93113,0
ILSVRC2012_val_00003747_with_ILSVRC2012_val_00018294_rank851,818,417,0.29074,170
ILSVRC2012_val_00003747_with_ILSVRC2012_val_00038280_rank615,242,242,0.45772,0
ILSVRC2012_val_00003747_with_ILSVRC2012_val_00010934_rank793,414,414,0.75669,0
ILSVRC2012_val_00003747_with_ILSVRC2012_val_00014845_rank080,268,268,0.83056,0
ILSVRC2012_val_00003747_with_ILSVRC2012_val_00021507_rank360,595,595,0.55579,0
ILSVRC2012_val_00003747_with_ILSVRC2012_val_00032319_rank257,612,612,0.91214,0
ILSVRC2012_val_00003747_with_ILSVRC2012_val_00026737_rank060,371,371,0.90575,0
ILSVRC2012_val_00003747_with_ILSVRC2012_val_00046344_rank641,125,125,0.96151,0
ILSVRC2012_val_00003747_with_ILSVRC2012_val_00025915_rank904,518,351,0.31205,967
ILSVRC2012_val_00003747_with_ILSVRC2012_val_00036373_rank898,592,792,0.36981,526
ILSVRC2012_val_00003747_with_ILSVRC2012_val_00042683_rank603,901,901,0.72579,0
ILSVRC2012_val_00003747_with_ILSVRC2012_val_00010853_rank017,366,366,0.93248,0
ILSVRC2012_val_00003747_with_ILSVRC2012_val_00026606_rank114,104,104,0.90284,0
ILSVRC2012_val_00003747_with_ILSVRC2012_val_00024521_rank703,166,166,0.9037,0
ILSVRC2012_val_00003747_with_ILSVRC2012_val_00032775_rank821,658,911,0.37749,4
ILSVRC2012_val_00003747_with_ILSVRC2012_val_00022613_rank978,643,787,0.06151,21
ILSVRC2012_val_00003747_with_ILSVRC2012_val_00027849_rank216,382,382,0.77397,0
ILSVRC2012_val_00003747_with_ILSVRC2012_val_00006160_rank717,759,595,0.05444,321
ILSVRC2012_val_00003747_with_ILSVRC2012_val_00012192_rank837,443,911,0.15616,66
ILSVRC2012_val_00003747_with_ILSVRC2012_val_00025879_rank949,122,122,0.94262,0
ILSVRC2012_val_00003747_with_ILSVRC2012_val_00041857_rank812,402,402,0.87216,0
ILSVRC2012_val_00003747_with_ILSVRC2012_val_00030444_rank625,78,78,0.66476,0
ILSVRC2012_val_00003747_with_ILSVRC2012_val_00046414_rank354,739,730,0.44146,295
ILSVRC2012_val_00003747_with_ILSVRC2012_val_00022544_rank588,601,601,0.90369,0
ILSVRC2012_val_00003747_with_ILSVRC2012_val_00037569_rank835,7,7,0.72309,0
ILSVRC2012_val_00003747_with_ILSVRC2012_val_00020328_rank853,452,701,0.18138,563
ILSVRC2012_val_00003747_with_ILSVRC2012_val_00045541_rank084,698,913,0.73669,123
ILSVRC2012_val_00003747_with_ILSVRC2012_val_00028271_rank586,426,426,0.90838,0
ILSVRC2012_val_00003747_with_ILSVRC2012_val_00013101_rank045,69,69,0.90598,0
ILSVRC2012_val_00003747_with_ILSVRC2012_val_00002136_rank650,835,835,0.35434,0
ILSVRC2012_val_00003747_with_ILSVRC2012_val_00008306_rank718,885,21,0.55707,841
ILSVRC2012_val_00003747_with_ILSVRC2012_val_00013732_rank872,529,353,0.08845,517
ILSVRC2012_val_00003747_with_ILSVRC2012_val_00012083_rank488,400,400,0.68521,0
ILSVRC2012_val_00003747_with_ILSVRC2012_val_00017305_rank855,621,621,0.83239,0
ILSVRC2012_val_00003747_with_ILSVRC2012_val_00047062_rank129,256,233,0.51067,7
ILSVRC2012_val_00003747_with_ILSVRC2012_val_00016811_rank254,322,322,0.95784,0
ILSVRC2012_val_00003747_with_ILSVRC2012_val_00028737_rank448,929,491,0.11745,972
ILSVRC2012_val_00003747_with_ILSVRC2012_val_00011919_rank938,709,709,0.16871,0
ILSVRC2012_val_00003747_with_ILSVRC2012_val_00036784_rank278,300,275,0.65365,107
ILSVRC2012_val_00003747_with_ILSVRC2012_val_00043654_rank668,710,519,0.13048,641
ILSVRC2012_val_00003747_with_ILSVRC2012_val_00044060_rank196,984,649,0.83882,5
ILSVRC2012_val_00003747_with_ILSVRC2012_val_00044891_rank708,86,86,0.75921,0
ILSVRC2012_val_00003747_with_ILSVRC2012_val_00021698_rank723,878,810,0.60315,1
ILSVRC2012_val_00003747_with_ILSVRC2012_val_00024072_rank118,181,181,0.93255,0
ILSVRC2012_val_00003747_with_ILSVRC2012_val_00041280_rank499,577,577,0.77498,0
ILSVRC2012_val_00003747_with_ILSVRC2012_val_00045173_rank585,631,921,0.39465,30
ILSVRC2012_val_00003747_with_ILSVRC2012_val_00022259_rank361,229,229,0.94947,0
ILSVRC2012_val_00003747_with_ILSVRC2012_val_00037385_rank753,605,605,0.94119,0
ILSVRC2012_val_00003747_with_ILSVRC2012_val_00013071_rank461,522,7,0.15342,113
ILSVRC2012_val_00003747_with_ILSVRC2012_val_00045718_rank351,230,230,0.47565,0
ILSVRC2012_val_00003747_with_ILSVRC2012_val_00006073_rank901,429,429,0.94715,0
ILSVRC2012_val_00003747_with_ILSVRC2012_val_00040773_rank137,233,183,0.38777,2
ILSVRC2012_val_00003747_with_ILSVRC2012_val_00035225_rank476,615,615,0.95204,0
ILSVRC2012_val_00003747_with_ILSVRC2012_val_00014599_rank447,136,136,0.70023,0
ILSVRC2012_val_00003747_with_ILSVRC2012_val_00026624_rank843,681,681,0.53427,0
ILSVRC2012_val_00003747_with_ILSVRC2012_val_00038695_rank915,688,688,0.47242,0
ILSVRC2012_val_00003747_with_ILSVRC2012_val_00016345_rank673,630,788,0.74016,7
ILSVRC2012_val_00003747_with_ILSVRC2012_val_00034160_rank158,159,159,0.74375,0
ILSVRC2012_val_00003747_with_ILSVRC2012_val_00017526_rank713,940,549,0.39101,157
ILSVRC2012_val_00003747_with_ILSVRC2012_val_00016950_rank091,575,609,0.40223,7
ILSVRC2012_val_00003747_with_ILSVRC2012_val_00042414_rank634,172,172,0.62951,0
ILSVRC2012_val_00003747_with_ILSVRC2012_val_00021702_rank885,541,541,0.96096,0
ILSVRC2012_val_00003747_with_ILSVRC2012_val_00018136_rank681,573,573,0.85567,0
ILSVRC2012_val_00003747_with_ILSVRC2012_val_00047565_rank719,785,148,0.19592,549
ILSVRC2012_val_00003747_with_ILSVRC2012_val_00000695_rank234,370,370,0.88567,0
ILSVRC2012_val_00003747_with_ILSVRC2012_val_00020769_rank252,126,126,0.55164,0
ILSVRC2012_val_00003747_with_ILSVRC2012_val_00030999_rank205,483,483,0.59094,0
ILSVRC2012_val_00003747_with_ILSVRC2012_val_00044505_rank108,87,87,0.95449,0
ILSVRC2012_val_00003747_with_ILSVRC2012_val_00029426_rank498,625,625,0.91187,0
ILSVRC2012_val_00003747_with_ILSVRC2012_val_00008653_rank302,252,252,0.93568,0
ILSVRC2012_val_00003747_with_ILSVRC2012_val_00013686_rank359,407,407,0.91309,0
ILSVRC2012_val_00003747_with_ILSVRC2012_val_00035864_rank631,656,656,0.36645,0
ILSVRC2012_val_00003747_with_ILSVRC2012_val_00001609_rank885,541,541,0.81709,0
ILSVRC2012_val_00003747_with_ILSVRC2012_val_00016511_rank439,757,757,0.78453,0
ILSVRC2012_val_00003747_with_ILSVRC2012_val_00003211_rank989,761,761,0.76079,0
ILSVRC2012_val_00003747_with_ILSVRC2012_val_00028635_rank672,327,327,0.91622,0
ILSVRC2012_val_00003747_with_ILSVRC2012_val_00036918_rank391,257,257,0.93373,0
ILSVRC2012_val_00003747_with_ILSVRC2012_val_00023921_rank665,722,768,0.19308,17
ILSVRC2012_val_00003747_with_ILSVRC2012_val_00006528_rank586,426,426,0.9194,0
ILSVRC2012_val_00003747_with_ILSVRC2012_val_00031510_rank559,728,728,0.83038,0
ILSVRC2012_val_00003747_with_ILSVRC2012_val_00014754_rank463,550,471,0.2437,460
ILSVRC2012_val_00003747_with_ILSVRC2012_val_00048575_rank065,138,138,0.95121,0
ILSVRC2012_val_00003747_with_ILSVRC2012_val_00047490_rank500,417,417,0.86906,0
ILSVRC2012_val_00003747_with_ILSVRC2012_val_00014449_rank258,652,100,0.18961,395
ILSVRC2012_val_00003747_with_ILSVRC2012_val_00014708_rank627,332,8,0.22923,29
ILSVRC2012_val_00003747_with_ILSVRC2012_val_00006609_rank680,204,204,0.90774,0
ILSVRC2012_val_00003747_with_ILSVRC2012_val_00049281_rank144,197,197,0.82434,0
ILSVRC2012_val_00003747_with_ILSVRC2012_val_00049432_rank980,868,571,0.22836,685
ILSVRC2012_val_00003747_with_ILSVRC2012_val_00016614_rank511,963,591,0.18894,433
ILSVRC2012_val_00003747_with_ILSVRC2012_val_00044460_rank926,589,589,0.91791,0
ILSVRC2012_val_00003747_with_ILSVRC2012_val_00000233_rank200,289,289,0.87279,0
ILSVRC2012_val_00003747_with_ILSVRC2012_val_00008759_rank093,863,863,0.94192,0
ILSVRC2012_val_00003747_with_ILSVRC2012_val_00035778_rank009,347,347,0.92765,0
ILSVRC2012_val_00003747_with_ILSVRC2012_val_00046725_rank801,633,453,0.50386,415
ILSVRC2012_val_00003747_with_ILSVRC2012_val_00038538_rank700,380,380,0.8424,0
ILSVRC2012_val_00003747_with_ILSVRC2012_val_00036354_rank573,96,96,0.92408,0
ILSVRC2012_val_00003747_with_ILSVRC2012_val_00045423_rank224,832,832,0.95605,0
ILSVRC2012_val_00003747_with_ILSVRC2012_val_00016309_rank948,881,881,0.95399,0
ILSVRC2012_val_00003747_with_ILSVRC2012_val_00015749_rank949,122,122,0.98608,0
ILSVRC2012_val_00003747_with_ILSVRC2012_val_00034418_rank035,342,276,0.18955,8
ILSVRC2012_val_00003747_with_ILSVRC2012_val_00007865_rank927,419,419,0.99654,0
ILSVRC2012_val_00003747_with_ILSVRC2012_val_00036053_rank217,602,595,0.23309,384
ILSVRC2012_val_00003747_with_ILSVRC2012_val_00011408_rank640,944,944,0.82042,0
ILSVRC2012_val_00003747_with_ILSVRC2012_val_00023035_rank563,764,764,0.32097,0
ILSVRC2012_val_00003747_with_ILSVRC2012_val_00019446_rank031,348,348,0.88258,0
ILSVRC2012_val_00003747_with_ILSVRC2012_val_00015244_rank133,161,161,0.81054,0
ILSVRC2012_val_00003747_with_ILSVRC2012_val_00039720_rank375,564,730,0.44112,596
ILSVRC2012_val_00003747_with_ILSVRC2012_val_00039871_rank980,868,692,0.12443,37
ILSVRC2012_val_00003747_with_ILSVRC2012_val_00023604_rank878,119,9,0.71203,407
ILSVRC2012_val_00003747_with_ILSVRC2012_val_00027455_rank866,521,521,0.54996,0
ILSVRC2012_val_00003747_with_ILSVRC2012_val_00024412_rank910,725,725,0.75926,0
ILSVRC2012_val_00003747_with_ILSVRC2012_val_00031185_rank267,283,232,0.46864,95
ILSVRC2012_val_00003747_with_ILSVRC2012_val_00032455_rank255,571,571,0.96154,0
ILSVRC2012_val_00003747_with_ILSVRC2012_val_00024982_rank882,559,559,0.96324,0
ILSVRC2012_val_00003747_with_ILSVRC2012_val_00002391_rank449,410,410,0.23542,0
ILSVRC2012_val_00003747_with_ILSVRC2012_val_00033153_rank275,484,595,0.78346,123
ILSVRC2012_val_00003747_with_ILSVRC2012_val_00019000_rank871,752,9,0.22157,210
ILSVRC2012_val_00003747_with_ILSVRC2012_val_00039297_rank820,909,567,0.56672,1
ILSVRC2012_val_00003747_with_ILSVRC2012_val_00044548_rank414,232,232,0.50389,0
ILSVRC2012_val_00003747_with_ILSVRC2012_val_00031756_rank990,882,882,0.74236,0
ILSVRC2012_val_00003747_with_ILSVRC2012_val_00044875_rank669,164,164,0.99495,0
ILSVRC2012_val_00003747_with_ILSVRC2012_val_00003535_rank642,816,816,0.2458,0
ILSVRC2012_val_00003747_with_ILSVRC2012_val_00023940_rank691,313,313,0.9283,0
ILSVRC2012_val_00003747_with_ILSVRC2012_val_00023518_rank679,987,987,0.39816,0
ILSVRC2012_val_00003747_with_ILSVRC2012_val_00028628_rank281,285,285,0.59441,0
ILSVRC2012_val_00003747_with_ILSVRC2012_val_00025270_rank766,733,912,0.0809,33
ILSVRC2012_val_00003747_with_ILSVRC2012_val_00022463_rank123,134,134,0.96222,0
ILSVRC2012_val_00003747_with_ILSVRC2012_val_00040360_rank148,900,900,0.85782,0
ILSVRC2012_val_00003747_with_ILSVRC2012_val_00040816_rank048,724,843,0.3454,137
ILSVRC2012_val_00003747_with_ILSVRC2012_val_00006369_rank492,922,912,0.04013,970
ILSVRC2012_val_00003747_with_ILSVRC2012_val_00024419_rank138,880,880,0.54216,0
ILSVRC2012_val_00003747_with_ILSVRC2012_val_00021228_rank823,774,774,0.90416,0
ILSVRC2012_val_00003747_with_ILSVRC2012_val_00026549_rank150,825,483,0.60869,4
ILSVRC2012_val_00003747_with_ILSVRC2012_val_00043994_rank352,217,217,0.94697,0
ILSVRC2012_val_00003747_with_ILSVRC2012_val_00011432_rank834,467,676,0.3229,770
ILSVRC2012_val_00003747_with_ILSVRC2012_val_00015221_rank300,66,9,0.92407,273
ILSVRC2012_val_00003747_with_ILSVRC2012_val_00003628_rank153,221,221,0.74058,0
ILSVRC2012_val_00003747_with_ILSVRC2012_val_00009467_rank923,720,676,0.08851,622
ILSVRC2012_val_00003747_with_ILSVRC2012_val_00044320_rank003,101,385,0.47801,1
ILSVRC2012_val_00003747_with_ILSVRC2012_val_00004138_rank618,461,346,0.34631,746
ILSVRC2012_val_00003747_with_ILSVRC2012_val_00040941_rank223,931,997,0.46978,31
ILSVRC2012_val_00003747_with_ILSVRC2012_val_00031215_rank816,457,457,0.93008,0
ILSVRC2012_val_00003747_with_ILSVRC2012_val_00018073_rank469,329,272,0.05508,300
ILSVRC2012_val_00003747_with_ILSVRC2012_val_00013795_rank268,325,325,0.94642,0
ILSVRC2012_val_00003747_with_ILSVRC2012_val_00016619_rank380,655,842,0.26937,24
ILSVRC2012_val_00003747_with_ILSVRC2012_val_00019123_rank120,89,89,0.44766,0
ILSVRC2012_val_00003747_with_ILSVRC2012_val_00020978_rank102,368,368,0.92851,0
ILSVRC2012_val_00003747_with_ILSVRC2012_val_00043590_rank567,745,745,0.94809,0
ILSVRC2012_val_00003747_with_ILSVRC2012_val_00000618_rank268,325,325,0.99029,0
ILSVRC2012_val_00003747_with_ILSVRC2012_val_00021541_rank165,449,425,0.76476,3
ILSVRC2012_val_00003747_with_ILSVRC2012_val_00016117_rank055,381,367,0.74991,10
ILSVRC2012_val_00003747_with_ILSVRC2012_val_00002845_rank278,300,300,0.84392,0
ILSVRC2012_val_00003747_with_ILSVRC2012_val_00040774_rank143,106,106,0.39423,0
ILSVRC2012_val_00003747_with_ILSVRC2012_val_00024421_rank492,922,478,0.16306,14
ILSVRC2012_val_00003747_with_ILSVRC2012_val_00043676_rank479,677,80,0.11846,413
ILSVRC2012_val_00003747_with_ILSVRC2012_val_00016613_rank299,511,511,0.67993,0
ILSVRC2012_val_00003747_with_ILSVRC2012_val_00035819_rank839,320,319,0.82055,1
ILSVRC2012_val_00003747_with_ILSVRC2012_val_00004184_rank224,832,847,0.53761,53
ILSVRC2012_val_00003747_with_ILSVRC2012_val_00031593_rank741,993,993,0.94131,0
ILSVRC2012_val_00003747_with_ILSVRC2012_val_00048897_rank100,379,379,0.353,0
ILSVRC2012_val_00003747_with_ILSVRC2012_val_00011036_rank028,150,205,0.21543,139
ILSVRC2012_val_00003747_with_ILSVRC2012_val_00001397_rank502,254,254,0.91424,0
ILSVRC2012_val_00003747_with_ILSVRC2012_val_00036898_rank419,981,429,0.96744,1
ILSVRC2012_val_00003747_with_ILSVRC2012_val_00043234_rank240,238,238,0.92832,0
ILSVRC2012_val_00003747_with_ILSVRC2012_val_00029513_rank663,758,758,0.88566,0
ILSVRC2012_val_00003747_with_ILSVRC2012_val_00035509_rank964,769,790,0.34667,420
ILSVRC2012_val_00003747_with_ILSVRC2012_val_00018104_rank577,430,730,0.52858,605
ILSVRC2012_val_00003747_with_ILSVRC2012_val_00019949_rank654,932,932,0.75041,0
ILSVRC2012_val_00003747_with_ILSVRC2012_val_00013099_rank659,870,870,0.52697,0
ILSVRC2012_val_00003747_with_ILSVRC2012_val_00046260_rank015,9,9,0.83618,0
ILSVRC2012_val_00003747_with_ILSVRC2012_val_00016042_rank515,849,849,0.70752,0
ILSVRC2012_val_00003747_with_ILSVRC2012_val_00023804_rank418,953,953,0.87429,0
ILSVRC2012_val_00003747_with_ILSVRC2012_val_00048644_rank077,128,128,0.70906,0
ILSVRC2012_val_00003747_with_ILSVRC2012_val_00013084_rank870,962,962,0.94971,0
ILSVRC2012_val_00003747_with_ILSVRC2012_val_00038991_rank313,225,225,0.86875,0
ILSVRC2012_val_00003747_with_ILSVRC2012_val_00009303_rank102,368,368,0.90329,0
ILSVRC2012_val_00003747_with_ILSVRC2012_val_00027712_rank227,702,702,0.27513,0
ILSVRC2012_val_00003747_with_ILSVRC2012_val_00039411_rank778,823,636,0.82989,57
ILSVRC2012_val_00003747_with_ILSVRC2012_val_00011541_rank241,42,42,0.92615,0
ILSVRC2012_val_00003747_with_ILSVRC2012_val_00048479_rank147,820,820,0.70558,0
ILSVRC2012_val_00003747_with_ILSVRC2012_val_00019244_rank124,474,824,0.35686,2
ILSVRC2012_val_00003747_with_ILSVRC2012_val_00022076_rank775,14,14,0.93243,0
ILSVRC2012_val_00003747_with_ILSVRC2012_val_00001697_rank800,157,157,0.92511,0
ILSVRC2012_val_00003747_with_ILSVRC2012_val_00031162_rank892,813,399,0.82704,604
ILSVRC2012_val_00003747_with_ILSVRC2012_val_00008438_rank883,439,600,0.44291,799
ILSVRC2012_val_00003747_with_ILSVRC2012_val_00000325_rank677,777,491,0.99925,80
ILSVRC2012_val_00003747_with_ILSVRC2012_val_00018562_rank288,405,405,0.35456,0
ILSVRC2012_val_00003747_with_ILSVRC2012_val_00041816_rank491,532,532,0.74859,0
ILSVRC2012_val_00003747_with_ILSVRC2012_val_00009258_rank987,859,859,0.9857,0
ILSVRC2012_val_00003747_with_ILSVRC2012_val_00041453_rank601,747,747,0.52863,0
ILSVRC2012_val_00003747_with_ILSVRC2012_val_00032461_rank540,642,642,0.83513,0
ILSVRC2012_val_00003747_with_ILSVRC2012_val_00001972_rank885,541,541,0.93424,0
ILSVRC2012_val_00003747_with_ILSVRC2012_val_00012970_rank040,958,595,0.43356,3
ILSVRC2012_val_00003747_with_ILSVRC2012_val_00034104_rank571,555,609,0.35368,14
ILSVRC2012_val_00003747_with_ILSVRC2012_val_00039134_rank750,662,640,0.62739,219
ILSVRC2012_val_00003747_with_ILSVRC2012_val_00012109_rank219,63,63,0.81333,0
ILSVRC2012_val_00003747_with_ILSVRC2012_val_00008440_rank636,998,998,0.4899,0
ILSVRC2012_val_00003747_with_ILSVRC2012_val_00001430_rank428,611,611,0.99873,0
ILSVRC2012_val_00003747_with_ILSVRC2012_val_00001739_rank884,31,31,0.86028,0
ILSVRC2012_val_00003747_with_ILSVRC2012_val_00025669_rank598,249,249,0.69222,0
ILSVRC2012_val_00003747_with_ILSVRC2012_val_00020919_rank531,466,895,0.89291,22
ILSVRC2012_val_00003747_with_ILSVRC2012_val_00006067_rank398,967,515,0.30922,322
ILSVRC2012_val_00003747_with_ILSVRC2012_val_00013578_rank513,893,413,0.20972,733
ILSVRC2012_val_00003747_with_ILSVRC2012_val_00040195_rank939,934,830,0.10301,397
ILSVRC2012_val_00003747_with_ILSVRC2012_val_00000779_rank076,299,299,0.84189,0
ILSVRC2012_val_00003747_with_ILSVRC2012_val_00027684_rank940,473,473,0.99837,0
ILSVRC2012_val_00003747_with_ILSVRC2012_val_00008099_rank419,981,981,0.60743,0
ILSVRC2012_val_00003747_with_ILSVRC2012_val_00034377_rank421,447,447,0.98074,0
ILSVRC2012_val_00003747_with_ILSVRC2012_val_00031491_rank214,341,341,0.94351,0
ILSVRC2012_val_00003747_with_ILSVRC2012_val_00037327_rank518,676,843,0.57007,299
ILSVRC2012_val_00003747_with_ILSVRC2012_val_00000357_rank527,627,627,0.83484,0
ILSVRC2012_val_00003747_with_ILSVRC2012_val_00032043_rank709,222,207,0.57634,3
ILSVRC2012_val_00003747_with_ILSVRC2012_val_00046355_rank547,477,797,0.27515,44
ILSVRC2012_val_00003747_with_ILSVRC2012_val_00017147_rank551,171,171,0.65345,0
ILSVRC2012_val_00003747_with_ILSVRC2012_val_00046481_rank850,544,469,0.75317,2
ILSVRC2012_val_00003747_with_ILSVRC2012_val_00033321_rank138,880,870,0.30089,3
ILSVRC2012_val_00003747_with_ILSVRC2012_val_00035718_rank906,362,362,0.96221,0
ILSVRC2012_val_00003747_with_ILSVRC2012_val_00025408_rank647,669,669,0.91778,0
ILSVRC2012_val_00003747_with_ILSVRC2012_val_00046682_rank688,517,595,0.1499,4
ILSVRC2012_val_00003747_with_ILSVRC2012_val_00011608_rank851,818,518,0.37462,139
ILSVRC2012_val_00003747_with_ILSVRC2012_val_00047919_rank301,264,264,0.92695,0
ILSVRC2012_val_00003747_with_ILSVRC2012_val_00041681_rank109,727,518,0.30271,155
ILSVRC2012_val_00003747_with_ILSVRC2012_val_00040462_rank917,797,797,0.76805,0
ILSVRC2012_val_00003747_with_ILSVRC2012_val_00018111_rank431,110,110,0.61822,0
ILSVRC2012_val_00003747_with_ILSVRC2012_val_00044362_rank629,494,494,0.87458,0
ILSVRC2012_val_00003747_with_ILSVRC2012_val_00031179_rank276,34,138,0.27192,131
ILSVRC2012_val_00003747_with_ILSVRC2012_val_00024128_rank043,286,286,0.93346,0
ILSVRC2012_val_00003747_with_ILSVRC2012_val_00037420_rank772,19,19,0.96368,0
ILSVRC2012_val_00003747_with_ILSVRC2012_val_00010375_rank380,655,655,0.1669,0
ILSVRC2012_val_00003747_with_ILSVRC2012_val_00048680_rank506,686,686,0.87493,0
ILSVRC2012_val_00003747_with_ILSVRC2012_val_00010807_rank070,888,888,0.8622,0
ILSVRC2012_val_00003747_with_ILSVRC2012_val_00037447_rank443,357,357,0.81445,0
ILSVRC2012_val_00003747_with_ILSVRC2012_val_00048415_rank864,629,629,0.98965,0
ILSVRC2012_val_00003747_with_ILSVRC2012_val_00045413_rank234,370,370,0.48477,0
ILSVRC2012_val_00003747_with_ILSVRC2012_val_00032748_rank601,747,747,0.9283,0
ILSVRC2012_val_00003747_with_ILSVRC2012_val_00008078_rank079,682,682,0.88343,0
ILSVRC2012_val_00003747_with_ILSVRC2012_val_00021425_rank205,483,483,0.89436,0
ILSVRC2012_val_00003747_with_ILSVRC2012_val_00023332_rank578,596,730,0.64609,55
ILSVRC2012_val_00003747_with_ILSVRC2012_val_00047612_rank553,906,501,0.14781,41
ILSVRC2012_val_00003747_with_ILSVRC2012_val_00006371_rank455,871,484,0.52561,1
ILSVRC2012_val_00003747_with_ILSVRC2012_val_00015040_rank097,21,21,0.97035,0
ILSVRC2012_val_00003747_with_ILSVRC2012_val_00037579_rank417,117,947,0.48618,69
ILSVRC2012_val_00003747_with_ILSVRC2012_val_00011585_rank878,119,291,0.19543,445
ILSVRC2012_val_00003747_with_ILSVRC2012_val_00014308_rank543,40,40,0.79191,0
ILSVRC2012_val_00003747_with_ILSVRC2012_val_00045942_rank287,384,183,0.11608,124
ILSVRC2012_val_00003747_with_ILSVRC2012_val_00021399_rank975,845,845,0.24577,0
ILSVRC2012_val_00003747_with_ILSVRC2012_val_00019415_rank763,259,259,0.94124,0
ILSVRC2012_val_00003747_with_ILSVRC2012_val_00032737_rank076,299,299,0.51946,0
ILSVRC2012_val_00003747_with_ILSVRC2012_val_00040507_rank783,794,794,0.1864,0
ILSVRC2012_val_00003747_with_ILSVRC2012_val_00047824_rank947,567,544,0.31734,3
ILSVRC2012_val_00003747_with_ILSVRC2012_val_00004170_rank841,551,818,0.05363,136
ILSVRC2012_val_00003747_with_ILSVRC2012_val_00004097_rank153,221,221,0.90793,0
ILSVRC2012_val_00003747_with_ILSVRC2012_val_00017945_rank211,780,780,0.90215,0
ILSVRC2012_val_00003747_with_ILSVRC2012_val_00028124_rank061,853,853,0.62335,0
ILSVRC2012_val_00003747_with_ILSVRC2012_val_00024882_rank608,738,738,0.99453,0
ILSVRC2012_val_00003747_with_ILSVRC2012_val_00045228_rank401,996,993,0.94254,1
ILSVRC2012_val_00003747_with_ILSVRC2012_val_00018952_rank413,107,8,0.16583,568
ILSVRC2012_val_00003747_with_ILSVRC2012_val_00027801_rank922,418,595,0.42916,793
ILSVRC2012_val_00003747_with_ILSVRC2012_val_00021448_rank335,393,393,0.84362,0
ILSVRC2012_val_00003747_with_ILSVRC2012_val_00017676_rank510,215,215,0.9313,0
ILSVRC2012_val_00003747_with_ILSVRC2012_val_00040808_rank009,347,347,0.94135,0
ILSVRC2012_val_00003747_with_ILSVRC2012_val_00016597_rank874,923,923,0.29035,0
ILSVRC2012_val_00003747_with_ILSVRC2012_val_00008228_rank055,381,381,0.91698,0
ILSVRC2012_val_00003747_with_ILSVRC2012_val_00043290_rank837,443,443,0.69824,0
ILSVRC2012_val_00003747_with_ILSVRC2012_val_00046805_rank369,685,685,0.90684,0
ILSVRC2012_val_00003747_with_ILSVRC2012_val_00009758_rank491,532,428,0.97249,169
ILSVRC2012_val_00003747_with_ILSVRC2012_val_00005345_rank170,734,734,0.74675,0
ILSVRC2012_val_00003747_with_ILSVRC2012_val_00049789_rank334,717,609,0.75787,7
ILSVRC2012_val_00003747_with_ILSVRC2012_val_00036125_rank097,21,21,0.96674,0
ILSVRC2012_val_00003747_with_ILSVRC2012_val_00019686_rank942,824,775,0.52054,9
ILSVRC2012_val_00003747_with_ILSVRC2012_val_00027899_rank683,214,214,0.92577,0
ILSVRC2012_val_00003747_with_ILSVRC2012_val_00049657_rank410,124,17,0.39472,103
ILSVRC2012_val_00003747_with_ILSVRC2012_val_00038770_rank591,73,74,0.92777,1
ILSVRC2012_val_00003747_with_ILSVRC2012_val_00002565_rank157,270,269,0.24738,1
ILSVRC2012_val_00003747_with_ILSVRC2012_val_00026675_rank470,194,194,0.60457,0
ILSVRC2012_val_00003747_with_ILSVRC2012_val_00030466_rank687,314,314,0.63308,0
ILSVRC2012_val_00003747_with_ILSVRC2012_val_00001220_rank748,481,481,0.96323,0
ILSVRC2012_val_00003747_with_ILSVRC2012_val_00049583_rank257,612,603,0.8964,1
ILSVRC2012_val_00003747_with_ILSVRC2012_val_00015585_rank204,413,413,0.66212,0
ILSVRC2012_val_00003747_with_ILSVRC2012_val_00018510_rank942,824,474,0.74383,2
ILSVRC2012_val_00003747_with_ILSVRC2012_val_00002184_rank040,958,958,0.93923,0
ILSVRC2012_val_00003747_with_ILSVRC2012_val_00027407_rank830,891,746,0.60345,140
ILSVRC2012_val_00003747_with_ILSVRC2012_val_00034309_rank980,868,479,0.28823,419
ILSVRC2012_val_00003747_with_ILSVRC2012_val_00012403_rank232,472,595,0.27191,78
ILSVRC2012_val_00003747_with_ILSVRC2012_val_00026800_rank489,807,807,0.93619,0
ILSVRC2012_val_00003747_with_ILSVRC2012_val_00022577_rank246,856,856,0.49189,0
ILSVRC2012_val_00003747_with_ILSVRC2012_val_00025287_rank436,79,79,0.28933,0
ILSVRC2012_val_00003747_with_ILSVRC2012_val_00046668_rank038,295,295,0.86313,0
ILSVRC2012_val_00003747_with_ILSVRC2012_val_00004013_rank001,386,386,0.81793,0
ILSVRC2012_val_00003747_with_ILSVRC2012_val_00029801_rank589,70,313,0.51458,5
ILSVRC2012_val_00003747_with_ILSVRC2012_val_00000553_rank033,367,367,0.91915,0
ILSVRC2012_val_00003747_with_ILSVRC2012_val_00039026_rank251,67,67,0.71665,0
ILSVRC2012_val_00003747_with_ILSVRC2012_val_00032795_rank764,791,791,0.44357,0
ILSVRC2012_val_00003747_with_ILSVRC2012_val_00006765_rank467,938,938,0.92239,0
ILSVRC2012_val_00003747_with_ILSVRC2012_val_00038263_rank013,294,294,0.93379,0
ILSVRC2012_val_00003747_with_ILSVRC2012_val_00027418_rank850,544,469,0.5128,2
ILSVRC2012_val_00003747_with_ILSVRC2012_val_00023069_rank123,134,134,0.97254,0
ILSVRC2012_val_00003747_with_ILSVRC2012_val_00003160_rank197,37,21,0.6884,333
ILSVRC2012_val_00003747_with_ILSVRC2012_val_00004696_rank236,858,858,0.56786,0
ILSVRC2012_val_00003747_with_ILSVRC2012_val_00038984_rank010,351,351,0.74352,0
ILSVRC2012_val_00003747_with_ILSVRC2012_val_00021461_rank264,5,5,0.60269,0
ILSVRC2012_val_00003747_with_ILSVRC2012_val_00017186_rank528,284,284,0.90129,0
ILSVRC2012_val_00003747_with_ILSVRC2012_val_00010937_rank237,874,609,0.77033,32
ILSVRC2012_val_00003747_with_ILSVRC2012_val_00043241_rank645,82,82,0.72273,0
ILSVRC2012_val_00003747_with_ILSVRC2012_val_00021203_rank541,55,59,0.55109,2
ILSVRC2012_val_00003747_with_ILSVRC2012_val_00035796_rank785,437,595,0.11095,59
ILSVRC2012_val_00003747_with_ILSVRC2012_val_00041964_rank862,719,719,0.95488,0
ILSVRC2012_val_00003747_with_ILSVRC2012_val_00007087_rank654,932,932,0.94395,0
ILSVRC2012_val_00003747_with_ILSVRC2012_val_00019331_rank244,497,595,0.12646,237
ILSVRC2012_val_00003747_with_ILSVRC2012_val_00003111_rank820,909,567,0.90731,1
ILSVRC2012_val_00003747_with_ILSVRC2012_val_00044471_rank681,573,751,0.8107,1
ILSVRC2012_val_00003747_with_ILSVRC2012_val_00039439_rank873,151,151,0.87945,0
ILSVRC2012_val_00003747_with_ILSVRC2012_val_00036660_rank368,814,625,0.15478,1
ILSVRC2012_val_00003747_with_ILSVRC2012_val_00003623_rank174,234,234,0.79022,0
ILSVRC2012_val_00003747_with_ILSVRC2012_val_00023935_rank231,983,843,0.36742,117
ILSVRC2012_val_00003747_with_ILSVRC2012_val_00013623_rank600,1,130,0.32737,6
ILSVRC2012_val_00003747_with_ILSVRC2012_val_00000748_rank716,202,202,0.41357,0
ILSVRC2012_val_00003747_with_ILSVRC2012_val_00007737_rank023,293,293,0.9138,0
ILSVRC2012_val_00003747_with_ILSVRC2012_val_00032900_rank451,887,735,0.10674,13
ILSVRC2012_val_00003747_with_ILSVRC2012_val_00010156_rank392,95,95,0.88765,0
ILSVRC2012_val_00003747_with_ILSVRC2012_val_00011268_rank997,731,430,0.18967,101
ILSVRC2012_val_00003747_with_ILSVRC2012_val_00010645_rank066,383,383,0.7869,0
ILSVRC2012_val_00003747_with_ILSVRC2012_val_00039940_rank981,600,9,0.77813,341
ILSVRC2012_val_00003747_with_ILSVRC2012_val_00028560_rank820,909,909,0.72745,0
ILSVRC2012_val_00003747_with_ILSVRC2012_val_00036372_rank754,941,941,0.87788,0
ILSVRC2012_val_00003747_with_ILSVRC2012_val_00038268_rank161,569,595,0.6474,16
ILSVRC2012_val_00003747_with_ILSVRC2012_val_00003679_rank387,403,895,0.906,1
ILSVRC2012_val_00003747_with_ILSVRC2012_val_00038460_rank990,882,621,0.44736,2
ILSVRC2012_val_00003747_with_ILSVRC2012_val_00012181_rank827,199,197,0.61356,1
ILSVRC2012_val_00003747_with_ILSVRC2012_val_00023027_rank139,178,178,0.69267,0
ILSVRC2012_val_00003747_with_ILSVRC2012_val_00029712_rank378,57,60,0.35662,7
ILSVRC2012_val_00003747_with_ILSVRC2012_val_00047523_rank036,148,146,0.19113,13
ILSVRC2012_val_00003747_with_ILSVRC2012_val_00002274_rank665,722,522,0.56346,12
ILSVRC2012_val_00003747_with_ILSVRC2012_val_00020918_rank805,732,571,0.2834,133
ILSVRC2012_val_00003747_with_ILSVRC2012_val_00038466_rank839,320,135,0.64308,73
ILSVRC2012_val_00003747_with_ILSVRC2012_val_00047068_rank328,687,642,0.11521,8
ILSVRC2012_val_00003747_with_ILSVRC2012_val_00023131_rank169,444,671,0.43143,1
ILSVRC2012_val_00003747_with_ILSVRC2012_val_00039790_rank737,905,912,0.33618,416
ILSVRC2012_val_00003747_with_ILSVRC2012_val_00041669_rank633,53,52,0.51327,1
ILSVRC2012_val_00003747_with_ILSVRC2012_val_00005051_rank316,779,779,0.99766,0
ILSVRC2012_val_00003747_with_ILSVRC2012_val_00017843_rank531,466,466,0.72099,0
ILSVRC2012_val_00003747_with_ILSVRC2012_val_00038260_rank903,704,704,0.89584,0
ILSVRC2012_val_00003747_with_ILSVRC2012_val_00010484_rank839,320,320,0.85538,0
ILSVRC2012_val_00003747_with_ILSVRC2012_val_00042140_rank443,357,294,0.63129,53
ILSVRC2012_val_00003747_with_ILSVRC2012_val_00021689_rank374,486,486,0.8888,0
ILSVRC2012_val_00003747_with_ILSVRC2012_val_00030514_rank659,870,730,0.29802,27
ILSVRC2012_val_00003747_with_ILSVRC2012_val_00007151_rank095,375,375,0.92596,0
ILSVRC2012_val_00003747_with_ILSVRC2012_val_00009151_rank635,108,108,0.848,0
ILSVRC2012_val_00003747_with_ILSVRC2012_val_00029195_rank726,796,5,0.61652,429
ILSVRC2012_val_00003747_with_ILSVRC2012_val_00002729_rank355,842,730,0.56383,923
ILSVRC2012_val_00003747_with_ILSVRC2012_val_00023911_rank894,773,469,0.36886,574
ILSVRC2012_val_00003747_with_ILSVRC2012_val_00027797_rank462,519,410,0.27947,4
ILSVRC2012_val_00003747_with_ILSVRC2012_val_00036518_rank963,659,659,0.9572,0
ILSVRC2012_val_00003747_with_ILSVRC2012_val_00001541_rank087,821,83,0.09635,376
ILSVRC2012_val_00003747_with_ILSVRC2012_val_00008311_rank133,161,161,0.87492,0
ILSVRC2012_val_00003747_with_ILSVRC2012_val_00018738_rank529,986,986,0.79486,0
ILSVRC2012_val_00003747_with_ILSVRC2012_val_00017409_rank541,55,55,0.89944,0
ILSVRC2012_val_00003747_with_ILSVRC2012_val_00038241_rank175,146,146,0.95567,0
ILSVRC2012_val_00003747_with_ILSVRC2012_val_00021854_rank566,949,949,0.84096,0
ILSVRC2012_val_00003747_with_ILSVRC2012_val_00029800_rank273,510,510,0.95143,0
ILSVRC2012_val_00003747_with_ILSVRC2012_val_00018016_rank555,378,378,0.54563,0
ILSVRC2012_val_00003747_with_ILSVRC2012_val_00030012_rank620,113,114,0.74489,1
ILSVRC2012_val_00003747_with_ILSVRC2012_val_00011903_rank993,435,730,0.32464,427
ILSVRC2012_val_00003747_with_ILSVRC2012_val_00024061_rank646,961,351,0.11979,708
ILSVRC2012_val_00003747_with_ILSVRC2012_val_00033434_rank107,92,92,0.89596,0
ILSVRC2012_val_00003747_with_ILSVRC2012_val_00008529_rank907,804,804,0.68336,0
ILSVRC2012_val_00003747_with_ILSVRC2012_val_00022097_rank166,973,539,0.74092,289
ILSVRC2012_val_00003747_with_ILSVRC2012_val_00004590_rank254,322,322,0.44625,0
ILSVRC2012_val_00003747_with_ILSVRC2012_val_00019622_rank515,849,849,0.79301,0
ILSVRC2012_val_00003747_with_ILSVRC2012_val_00021255_rank616,317,317,0.94845,0
ILSVRC2012_val_00003747_with_ILSVRC2012_val_00016308_rank241,42,38,0.42492,4
ILSVRC2012_val_00003747_with_ILSVRC2012_val_00031053_rank596,77,351,0.19025,331
ILSVRC2012_val_00003747_with_ILSVRC2012_val_00043598_rank644,200,229,0.22692,6
ILSVRC2012_val_00003747_with_ILSVRC2012_val_00043128_rank032,649,197,0.16892,247
ILSVRC2012_val_00003747_with_ILSVRC2012_val_00021523_rank269,12,12,0.84004,0
ILSVRC2012_val_00003747_with_ILSVRC2012_val_00021977_rank734,889,889,0.93481,0
ILSVRC2012_val_00003747_with_ILSVRC2012_val_00022306_rank574,545,545,0.96839,0
ILSVRC2012_val_00003747_with_ILSVRC2012_val_00000051_rank107,92,92,0.97528,0
ILSVRC2012_val_00003747_with_ILSVRC2012_val_00008126_rank847,450,847,0.41866,436
ILSVRC2012_val_00003747_with_ILSVRC2012_val_00023484_rank557,751,751,0.87611,0
ILSVRC2012_val_00003747_with_ILSVRC2012_val_00017768_rank919,902,419,0.1521,37
ILSVRC2012_val_00003747_with_ILSVRC2012_val_00030960_rank323,866,866,0.72931,0
ILSVRC2012_val_00003747_with_ILSVRC2012_val_00029887_rank511,963,947,0.16919,41
ILSVRC2012_val_00003747_with_ILSVRC2012_val_00002358_rank748,481,481,0.81197,0
ILSVRC2012_val_00003747_with_ILSVRC2012_val_00030760_rank237,874,874,0.45576,0
ILSVRC2012_val_00003747_with_ILSVRC2012_val_00030258_rank456,114,114,0.98262,0
ILSVRC2012_val_00003747_with_ILSVRC2012_val_00031624_rank997,731,731,0.97625,0
ILSVRC2012_val_00003747_with_ILSVRC2012_val_00032547_rank319,120,120,0.95746,0
ILSVRC2012_val_00003747_with_ILSVRC2012_val_00047676_rank334,717,717,0.46134,0
ILSVRC2012_val_00003747_with_ILSVRC2012_val_00004407_rank634,172,172,0.93681,0
ILSVRC2012_val_00003747_with_ILSVRC2012_val_00005683_rank967,618,618,0.61341,0
ILSVRC2012_val_00003747_with_ILSVRC2012_val_00048370_rank517,189,189,0.8517,0
ILSVRC2012_val_00003747_with_ILSVRC2012_val_00004333_rank039,350,350,0.84477,0
ILSVRC2012_val_00003747_with_ILSVRC2012_val_00042891_rank331,675,609,0.23328,28
ILSVRC2012_val_00003747_with_ILSVRC2012_val_00032579_rank765,390,390,0.19415,0
ILSVRC2012_val_00003747_with_ILSVRC2012_val_00039188_rank873,151,151,0.55173,0
ILSVRC2012_val_00003747_with_ILSVRC2012_val_00040825_rank058,363,363,0.92072,0
ILSVRC2012_val_00003747_with_ILSVRC2012_val_00012464_rank172,703,703,0.95712,0
ILSVRC2012_val_00003747_with_ILSVRC2012_val_00006572_rank647,669,669,0.48323,0
ILSVRC2012_val_00003747_with_ILSVRC2012_val_00011634_rank045,69,69,0.76505,0
ILSVRC2012_val_00003747_with_ILSVRC2012_val_00021267_rank056,388,388,0.82779,0
ILSVRC2012_val_00003747_with_ILSVRC2012_val_00026895_rank732,673,595,0.65248,716
ILSVRC2012_val_00003747_with_ILSVRC2012_val_00047595_rank334,717,717,0.92338,0
ILSVRC2012_val_00003747_with_ILSVRC2012_val_00041760_rank996,861,353,0.33417,382
ILSVRC2012_val_00003747_with_ILSVRC2012_val_00011530_rank197,37,37,0.76348,0
ILSVRC2012_val_00003747_with_ILSVRC2012_val_00005882_rank202,654,654,0.47814,0
ILSVRC2012_val_00003747_with_ILSVRC2012_val_00008150_rank972,778,778,0.81596,0
ILSVRC2012_val_00003747_with_ILSVRC2012_val_00033335_rank216,382,382,0.83752,0
ILSVRC2012_val_00003747_with_ILSVRC2012_val_00032056_rank417,117,117,0.76333,0
ILSVRC2012_val_00003747_with_ILSVRC2012_val_00049668_rank083,873,873,0.96558,0
ILSVRC2012_val_00003747_with_ILSVRC2012_val_00015305_rank707,753,703,0.36024,526
ILSVRC2012_val_00003747_with_ILSVRC2012_val_00026224_rank438,705,705,0.95782,0
ILSVRC2012_val_00003747_with_ILSVRC2012_val_00020059_rank968,32,32,0.96372,0
ILSVRC2012_val_00003747_with_ILSVRC2012_val_00029429_rank871,752,807,0.1181,325
ILSVRC2012_val_00003747_with_ILSVRC2012_val_00001386_rank876,356,294,0.74634,45
ILSVRC2012_val_00003747_with_ILSVRC2012_val_00030474_rank744,311,311,0.97092,0
ILSVRC2012_val_00003747_with_ILSVRC2012_val_00023085_rank614,52,52,0.93102,0
ILSVRC2012_val_00003747_with_ILSVRC2012_val_00002043_rank849,542,541,0.61419,1
ILSVRC2012_val_00003747_with_ILSVRC2012_val_00022117_rank396,808,790,0.41939,107
ILSVRC2012_val_00003747_with_ILSVRC2012_val_00002466_rank848,423,423,0.94671,0
ILSVRC2012_val_00003747_with_ILSVRC2012_val_00016779_rank276,34,43,0.1572,137
ILSVRC2012_val_00003747_with_ILSVRC2012_val_00004275_rank227,702,494,0.2114,34
ILSVRC2012_val_00003747_with_ILSVRC2012_val_00042269_rank506,686,686,0.98851,0
ILSVRC2012_val_00003747_with_ILSVRC2012_val_00012853_rank857,26,38,0.36862,7
ILSVRC2012_val_00003747_with_ILSVRC2012_val_00011761_rank553,906,351,0.13535,247
ILSVRC2012_val_00003747_with_ILSVRC2012_val_00021900_rank325,879,879,0.23445,0
ILSVRC2012_val_00003747_with_ILSVRC2012_val_00035350_rank380,655,636,0.14819,31
ILSVRC2012_val_00003747_with_ILSVRC2012_val_00017285_rank251,67,67,0.81058,0
ILSVRC2012_val_00003747_with_ILSVRC2012_val_00014657_rank016,291,291,0.92483,0
ILSVRC2012_val_00003747_with_ILSVRC2012_val_00036075_rank391,257,222,0.576,1
ILSVRC2012_val_00003747_with_ILSVRC2012_val_00000706_rank927,419,499,0.14854,77
ILSVRC2012_val_00003747_with_ILSVRC2012_val_00010489_rank394,520,519,0.26439,47
ILSVRC2012_val_00003747_with_ILSVRC2012_val_00030486_rank083,873,873,0.80418,0
ILSVRC2012_val_00003747_with_ILSVRC2012_val_00043067_rank095,375,375,0.908,0
ILSVRC2012_val_00003747_with_ILSVRC2012_val_00017937_rank683,214,214,0.9368,0
ILSVRC2012_val_00003747_with_ILSVRC2012_val_00023398_rank002,385,385,0.38902,0
ILSVRC2012_val_00003747_with_ILSVRC2012_val_00001317_rank757,401,138,0.15753,698
ILSVRC2012_val_00003747_with_ILSVRC2012_val_00019538_rank847,450,830,0.95404,9
ILSVRC2012_val_00003747_with_ILSVRC2012_val_00040762_rank054,369,369,0.96187,0
ILSVRC2012_val_00003747_with_ILSVRC2012_val_00019204_rank639,65,390,0.49108,2
ILSVRC2012_val_00003747_with_ILSVRC2012_val_00001913_rank440,715,127,0.85519,405
ILSVRC2012_val_00003747_with_ILSVRC2012_val_00024430_rank385,829,609,0.30162,36
ILSVRC2012_val_00003747_with_ILSVRC2012_val_00041341_rank206,273,273,0.91915,0
ILSVRC2012_val_00003747_with_ILSVRC2012_val_00023034_rank481,333,342,0.14547,402
ILSVRC2012_val_00003747_with_ILSVRC2012_val_00040329_rank208,805,805,0.97439,0
ILSVRC2012_val_00003747_with_ILSVRC2012_val_00026808_rank118,181,181,0.92136,0
ILSVRC2012_val_00003747_with_ILSVRC2012_val_00028758_rank651,188,188,0.6844,0
ILSVRC2012_val_00003747_with_ILSVRC2012_val_00047549_rank498,625,595,0.83208,40
ILSVRC2012_val_00003747_with_ILSVRC2012_val_00021561_rank710,640,640,0.77272,0
ILSVRC2012_val_00003747_with_ILSVRC2012_val_00044866_rank243,628,595,0.86061,321
ILSVRC2012_val_00003747_with_ILSVRC2012_val_00000944_rank884,31,31,0.87829,0
ILSVRC2012_val_00003747_with_ILSVRC2012_val_00010612_rank218,267,266,0.85883,1
ILSVRC2012_val_00003747_with_ILSVRC2012_val_00040699_rank399,597,597,0.32675,0
ILSVRC2012_val_00003747_with_ILSVRC2012_val_00035320_rank215,162,351,0.33869,544
ILSVRC2012_val_00003747_with_ILSVRC2012_val_00001185_rank426,64,64,0.91809,0
ILSVRC2012_val_00003747_with_ILSVRC2012_val_00045117_rank723,878,878,0.67509,0
ILSVRC2012_val_00003747_with_ILSVRC2012_val_00022355_rank110,88,88,0.9432,0
ILSVRC2012_val_00003747_with_ILSVRC2012_val_00010161_rank422,396,83,0.26397,43
ILSVRC2012_val_00003747_with_ILSVRC2012_val_00031257_rank081,915,915,0.99721,0
ILSVRC2012_val_00003747_with_ILSVRC2012_val_00045782_rank948,881,881,0.91201,0
ILSVRC2012_val_00003747_with_ILSVRC2012_val_00037044_rank622,115,7,0.36393,215
ILSVRC2012_val_00003747_with_ILSVRC2012_val_00013879_rank464,524,461,0.48904,1
ILSVRC2012_val_00003747_with_ILSVRC2012_val_00028646_rank815,503,412,0.40812,58
ILSVRC2012_val_00003747_with_ILSVRC2012_val_00021304_rank578,596,730,0.57732,55
ILSVRC2012_val_00003747_with_ILSVRC2012_val_00001121_rank293,141,141,0.91873,0
ILSVRC2012_val_00003747_with_ILSVRC2012_val_00046461_rank381,846,410,0.30617,802
ILSVRC2012_val_00003747_with_ILSVRC2012_val_00029808_rank944,523,843,0.82622,26
ILSVRC2012_val_00003747_with_ILSVRC2012_val_00005209_rank490,261,261,0.55768,0
ILSVRC2012_val_00003747_with_ILSVRC2012_val_00024795_rank194,68,67,0.58408,3
ILSVRC2012_val_00003747_with_ILSVRC2012_val_00001702_rank312,251,251,0.95063,0
ILSVRC2012_val_00003747_with_ILSVRC2012_val_00028966_rank475,224,224,0.9207,0
ILSVRC2012_val_00003747_with_ILSVRC2012_val_00028162_rank197,37,35,0.29264,1
ILSVRC2012_val_00003747_with_ILSVRC2012_val_00016476_rank986,10,10,0.92781,0
ILSVRC2012_val_00003747_with_ILSVRC2012_val_00045003_rank767,557,351,0.10002,590
ILSVRC2012_val_00003747_with_ILSVRC2012_val_00008229_rank686,174,174,0.9244,0
ILSVRC2012_val_00003747_with_ILSVRC2012_val_00046234_rank155,404,895,0.78969,2
ILSVRC2012_val_00003747_with_ILSVRC2012_val_00017620_rank421,447,447,0.10364,0
ILSVRC2012_val_00003747_with_ILSVRC2012_val_00026932_rank808,389,389,0.94519,0
ILSVRC2012_val_00003747_with_ILSVRC2012_val_00018542_rank558,512,512,0.91769,0
ILSVRC2012_val_00003747_with_ILSVRC2012_val_00026752_rank832,530,530,0.92324,0
ILSVRC2012_val_00003747_with_ILSVRC2012_val_00003309_rank418,953,738,0.34881,43
ILSVRC2012_val_00003747_with_ILSVRC2012_val_00036969_rank175,146,138,0.44471,21
ILSVRC2012_val_00003747_with_ILSVRC2012_val_00029048_rank596,77,177,0.24675,512
ILSVRC2012_val_00003747_with_ILSVRC2012_val_00014296_rank055,381,369,0.58203,5
ILSVRC2012_val_00003747_with_ILSVRC2012_val_00001429_rank567,745,745,0.07333,0
ILSVRC2012_val_00003747_with_ILSVRC2012_val_00031916_rank054,369,369,0.90047,0
ILSVRC2012_val_00003747_with_ILSVRC2012_val_00013451_rank977,748,559,0.56597,153
ILSVRC2012_val_00003747_with_ILSVRC2012_val_00011280_rank888,784,958,0.51134,790
ILSVRC2012_val_00003747_with_ILSVRC2012_val_00028709_rank154,815,815,0.90672,0
ILSVRC2012_val_00003747_with_ILSVRC2012_val_00046153_rank068,374,374,0.88183,0
ILSVRC2012_val_00003747_with_ILSVRC2012_val_00045640_rank119,387,387,0.34644,0
ILSVRC2012_val_00003747_with_ILSVRC2012_val_00006422_rank487,930,868,0.06296,69
ILSVRC2012_val_00003747_with_ILSVRC2012_val_00003829_rank585,631,838,0.56573,1
ILSVRC2012_val_00003747_with_ILSVRC2012_val_00001946_rank503,590,458,0.273,472
ILSVRC2012_val_00003747_with_ILSVRC2012_val_00043835_rank613,236,236,0.94618,0
ILSVRC2012_val_00003747_with_ILSVRC2012_val_00049537_rank089,869,869,0.74206,0
ILSVRC2012_val_00003747_with_ILSVRC2012_val_00007163_rank327,392,392,0.85735,0
ILSVRC2012_val_00003747_with_ILSVRC2012_val_00034647_rank241,42,39,0.5485,8
ILSVRC2012_val_00003747_with_ILSVRC2012_val_00011092_rank537,359,359,0.4705,0
ILSVRC2012_val_00003747_with_ILSVRC2012_val_00025034_rank962,587,596,0.5601,1
ILSVRC2012_val_00003747_with_ILSVRC2012_val_00025188_rank425,307,307,0.87799,0
ILSVRC2012_val_00003747_with_ILSVRC2012_val_00024270_rank096,137,137,0.92199,0
ILSVRC2012_val_00003747_with_ILSVRC2012_val_00025446_rank756,994,994,0.91346,0
ILSVRC2012_val_00003747_with_ILSVRC2012_val_00004533_rank462,519,519,0.46436,0
ILSVRC2012_val_00003747_with_ILSVRC2012_val_00025793_rank071,132,89,0.38762,7
ILSVRC2012_val_00003747_with_ILSVRC2012_val_00007348_rank299,511,511,0.82286,0
ILSVRC2012_val_00003747_with_ILSVRC2012_val_00042404_rank991,786,786,0.98399,0
ILSVRC2012_val_00003747_with_ILSVRC2012_val_00014403_rank412,260,260,0.89228,0
ILSVRC2012_val_00003747_with_ILSVRC2012_val_00011498_rank361,229,175,0.29839,6
ILSVRC2012_val_00003747_with_ILSVRC2012_val_00048320_rank298,750,797,0.8132,5
ILSVRC2012_val_00003747_with_ILSVRC2012_val_00049093_rank573,96,96,0.92107,0
ILSVRC2012_val_00003747_with_ILSVRC2012_val_00006699_rank378,57,62,0.73609,9
ILSVRC2012_val_00003747_with_ILSVRC2012_val_00022113_rank877,29,29,0.9137,0
ILSVRC2012_val_00003747_with_ILSVRC2012_val_00021548_rank923,720,720,0.12396,0
ILSVRC2012_val_00003747_with_ILSVRC2012_val_00004345_rank173,24,24,0.99088,0
ILSVRC2012_val_00003747_with_ILSVRC2012_val_00013895_rank022,345,274,0.19365,118
ILSVRC2012_val_00003747_with_ILSVRC2012_val_00003947_rank876,356,209,0.28999,105
ILSVRC2012_val_00003747_with_ILSVRC2012_val_00027444_rank406,391,391,0.88594,0
ILSVRC2012_val_00003747_with_ILSVRC2012_val_00018233_rank023,293,293,0.91771,0
ILSVRC2012_val_00003747_with_ILSVRC2012_val_00028360_rank724,957,957,0.90795,0
ILSVRC2012_val_00003747_with_ILSVRC2012_val_00029268_rank695,875,351,0.07382,526
ILSVRC2012_val_00003747_with_ILSVRC2012_val_00023495_rank795,803,609,0.40227,17
ILSVRC2012_val_00003747_with_ILSVRC2012_val_00004246_rank856,736,736,0.94308,0
ILSVRC2012_val_00003747_with_ILSVRC2012_val_00037252_rank484,156,156,0.89525,0
ILSVRC2012_val_00003747_with_ILSVRC2012_val_00002839_rank646,961,709,0.12039,598
ILSVRC2012_val_00003747_with_ILSVRC2012_val_00043254_rank142,280,280,0.8017,0
ILSVRC2012_val_00003747_with_ILSVRC2012_val_00034689_rank040,958,958,0.81774,0
ILSVRC2012_val_00003747_with_ILSVRC2012_val_00038284_rank650,835,835,0.84636,0
ILSVRC2012_val_00003747_with_ILSVRC2012_val_00042766_rank513,893,893,0.81141,0
ILSVRC2012_val_00003747_with_ILSVRC2012_val_00034653_rank984,496,496,0.93622,0
ILSVRC2012_val_00003747_with_ILSVRC2012_val_00038733_rank382,936,539,0.39554,959
ILSVRC2012_val_00003747_with_ILSVRC2012_val_00043336_rank795,803,803,0.48152,0
ILSVRC2012_val_00003747_with_ILSVRC2012_val_00021546_rank632,153,153,0.78383,0
ILSVRC2012_val_00003747_with_ILSVRC2012_val_00016756_rank938,709,414,0.20343,15
ILSVRC2012_val_00003747_with_ILSVRC2012_val_00005888_rank201,950,950,0.91004,0
ILSVRC2012_val_00003747_with_ILSVRC2012_val_00020257_rank576,191,191,0.92874,0
ILSVRC2012_val_00003747_with_ILSVRC2012_val_00000722_rank559,728,728,0.93062,0
ILSVRC2012_val_00003747_with_ILSVRC2012_val_00013710_rank636,998,43,0.17237,125
ILSVRC2012_val_00003747_with_ILSVRC2012_val_00014226_rank609,988,988,0.99693,0
ILSVRC2012_val_00003747_with_ILSVRC2012_val_00029719_rank329,335,359,0.40043,44
ILSVRC2012_val_00003747_with_ILSVRC2012_val_00003571_rank972,778,778,0.69243,0
ILSVRC2012_val_00003747_with_ILSVRC2012_val_00036519_rank990,882,701,0.12957,861
ILSVRC2012_val_00003747_with_ILSVRC2012_val_00021846_rank350,239,240,0.39928,2
ILSVRC2012_val_00003747_with_ILSVRC2012_val_00005561_rank912,526,595,0.70009,262
ILSVRC2012_val_00003747_with_ILSVRC2012_val_00048449_rank476,615,529,0.41461,16
ILSVRC2012_val_00003747_with_ILSVRC2012_val_00035834_rank364,399,501,0.39665,1
ILSVRC2012_val_00003747_with_ILSVRC2012_val_00037916_rank615,242,242,0.9691,0
ILSVRC2012_val_00003747_with_ILSVRC2012_val_00035561_rank012,372,367,0.18179,8
ILSVRC2012_val_00003747_with_ILSVRC2012_val_00023390_rank573,96,96,0.92537,0
ILSVRC2012_val_00003747_with_ILSVRC2012_val_00000405_rank198,177,177,0.9405,0
ILSVRC2012_val_00003747_with_ILSVRC2012_val_00035179_rank167,425,425,0.76563,0
ILSVRC2012_val_00003747_with_ILSVRC2012_val_00010835_rank523,489,9,0.16134,44
ILSVRC2012_val_00003747_with_ILSVRC2012_val_00047696_rank110,88,88,0.90551,0
ILSVRC2012_val_00003747_with_ILSVRC2012_val_00027328_rank446,420,703,0.69735,116
ILSVRC2012_val_00003747_with_ILSVRC2012_val_00044473_rank930,262,262,0.95428,0
ILSVRC2012_val_00003747_with_ILSVRC2012_val_00018308_rank542,556,920,0.87175,282
ILSVRC2012_val_00003747_with_ILSVRC2012_val_00000384_rank855,621,621,0.75676,0
ILSVRC2012_val_00003747_with_ILSVRC2012_val_00039794_rank072,206,206,0.88753,0
ILSVRC2012_val_00003747_with_ILSVRC2012_val_00034067_rank354,739,51,0.0682,185
ILSVRC2012_val_00003747_with_ILSVRC2012_val_00010949_rank977,748,748,0.58375,0
ILSVRC2012_val_00003747_with_ILSVRC2012_val_00008662_rank213,955,934,0.23494,62
ILSVRC2012_val_00003747_with_ILSVRC2012_val_00029145_rank542,556,681,0.10681,970
ILSVRC2012_val_00003747_with_ILSVRC2012_val_00000699_rank422,396,83,0.64196,43
ILSVRC2012_val_00003747_with_ILSVRC2012_val_00017208_rank023,293,293,0.93417,0
ILSVRC2012_val_00003747_with_ILSVRC2012_val_00034598_rank226,364,226,0.40829,102
ILSVRC2012_val_00003747_with_ILSVRC2012_val_00026951_rank223,931,488,0.65767,173
ILSVRC2012_val_00003747_with_ILSVRC2012_val_00003469_rank971,487,487,0.10549,0
ILSVRC2012_val_00003747_with_ILSVRC2012_val_00024567_rank139,178,211,0.75944,1
ILSVRC2012_val_00003747_with_ILSVRC2012_val_00017708_rank766,733,413,0.62904,694
ILSVRC2012_val_00003747_with_ILSVRC2012_val_00000837_rank772,19,19,0.9519,0
ILSVRC2012_val_00003747_with_ILSVRC2012_val_00001414_rank261,220,216,0.79387,1
ILSVRC2012_val_00003747_with_ILSVRC2012_val_00008110_rank193,693,693,0.78669,0
ILSVRC2012_val_00003747_with_ILSVRC2012_val_00042879_rank002,385,385,0.87181,0
ILSVRC2012_val_00003747_with_ILSVRC2012_val_00022601_rank985,459,459,0.61855,0
ILSVRC2012_val_00003747_with_ILSVRC2012_val_00018866_rank182,246,246,0.83414,0
ILSVRC2012_val_00003747_with_ILSVRC2012_val_00049701_rank907,804,636,0.0792,778
ILSVRC2012_val_00003747_with_ILSVRC2012_val_00043134_rank403,304,302,0.68737,3
ILSVRC2012_val_00003747_with_ILSVRC2012_val_00030454_rank187,847,847,0.84998,0
ILSVRC2012_val_00003747_with_ILSVRC2012_val_00019976_rank967,618,792,0.97304,25
ILSVRC2012_val_00003747_with_ILSVRC2012_val_00038898_rank289,933,933,0.66962,0
ILSVRC2012_val_00003747_with_ILSVRC2012_val_00014725_rank483,695,463,0.72602,79
ILSVRC2012_val_00003747_with_ILSVRC2012_val_00033298_rank017,366,366,0.84474,0
ILSVRC2012_val_00003747_with_ILSVRC2012_val_00003977_rank250,661,661,0.90005,0
ILSVRC2012_val_00003747_with_ILSVRC2012_val_00027685_rank396,808,808,0.99672,0
ILSVRC2012_val_00003747_with_ILSVRC2012_val_00031466_rank477,2,3,0.87449,1
ILSVRC2012_val_00003747_with_ILSVRC2012_val_00022841_rank272,35,354,0.18251,483
ILSVRC2012_val_00003747_with_ILSVRC2012_val_00045557_rank795,803,803,0.64865,0
ILSVRC2012_val_00003747_with_ILSVRC2012_val_00002922_rank337,3,3,0.94042,0
ILSVRC2012_val_00003747_with_ILSVRC2012_val_00036007_rank623,591,591,0.84869,0
ILSVRC2012_val_00003747_with_ILSVRC2012_val_00014197_rank483,695,695,0.95057,0
ILSVRC2012_val_00003747_with_ILSVRC2012_val_00006247_rank624,800,800,0.85059,0
ILSVRC2012_val_00003747_with_ILSVRC2012_val_00045589_rank146,23,23,0.89743,0
ILSVRC2012_val_00003747_with_ILSVRC2012_val_00031234_rank943,469,469,0.79697,0
ILSVRC2012_val_00003747_with_ILSVRC2012_val_00029226_rank069,99,127,0.44834,13
ILSVRC2012_val_00003747_with_ILSVRC2012_val_00022205_rank486,75,75,0.76305,0
ILSVRC2012_val_00003747_with_ILSVRC2012_val_00007606_rank023,293,293,0.9335,0
ILSVRC2012_val_00003747_with_ILSVRC2012_val_00007577_rank608,738,738,0.07392,0
ILSVRC2012_val_00003747_with_ILSVRC2012_val_00034317_rank419,981,981,0.13266,0
ILSVRC2012_val_00003747_with_ILSVRC2012_val_00013052_rank046,297,297,0.94199,0
ILSVRC2012_val_00003747_with_ILSVRC2012_val_00048215_rank815,503,653,0.41642,12
ILSVRC2012_val_00003747_with_ILSVRC2012_val_00001365_rank459,714,714,0.77081,0
ILSVRC2012_val_00003747_with_ILSVRC2012_val_00016450_rank353,432,432,0.98903,0
ILSVRC2012_val_00003747_with_ILSVRC2012_val_00007339_rank011,51,51,0.96,0
ILSVRC2012_val_00003747_with_ILSVRC2012_val_00001838_rank989,761,613,0.87491,4
ILSVRC2012_val_00003747_with_ILSVRC2012_val_00040055_rank072,206,206,0.91032,0
ILSVRC2012_val_00003747_with_ILSVRC2012_val_00039317_rank459,714,787,0.84452,79
ILSVRC2012_val_00003747_with_ILSVRC2012_val_00046093_rank268,325,325,0.94936,0
ILSVRC2012_val_00003747_with_ILSVRC2012_val_00003835_rank868,999,412,0.08609,47
ILSVRC2012_val_00003747_with_ILSVRC2012_val_00040578_rank601,747,747,0.99355,0
ILSVRC2012_val_00003747_with_ILSVRC2012_val_00020691_rank544,985,985,0.83056,0
ILSVRC2012_val_00003747_with_ILSVRC2012_val_00035881_rank051,205,197,0.81169,6
ILSVRC2012_val_00003747_with_ILSVRC2012_val_00043576_rank216,382,382,0.74742,0
ILSVRC2012_val_00003747_with_ILSVRC2012_val_00027419_rank477,2,3,0.62826,1
ILSVRC2012_val_00003747_with_ILSVRC2012_val_00018057_rank204,413,637,0.23192,600
ILSVRC2012_val_00003747_with_ILSVRC2012_val_00025806_rank798,18,730,0.08409,189
ILSVRC2012_val_00003747_with_ILSVRC2012_val_00006975_rank004,343,343,0.91468,0
ILSVRC2012_val_00003747_with_ILSVRC2012_val_00007004_rank183,895,895,0.92556,0
ILSVRC2012_val_00003747_with_ILSVRC2012_val_00046676_rank298,750,138,0.05755,730
ILSVRC2012_val_00003747_with_ILSVRC2012_val_00020210_rank608,738,353,0.28853,527
ILSVRC2012_val_00003747_with_ILSVRC2012_val_00036687_rank143,106,106,0.67259,0
ILSVRC2012_val_00003747_with_ILSVRC2012_val_00049642_rank752,218,218,0.94216,0
ILSVRC2012_val_00003747_with_ILSVRC2012_val_00042664_rank272,35,36,0.7218,2
ILSVRC2012_val_00003747_with_ILSVRC2012_val_00041379_rank633,53,9,0.43503,324
ILSVRC2012_val_00003747_with_ILSVRC2012_val_00047939_rank593,318,318,0.94929,0
ILSVRC2012_val_00003747_with_ILSVRC2012_val_00026590_rank744,311,311,0.59224,0
ILSVRC2012_val_00003747_with_ILSVRC2012_val_00034081_rank781,667,701,0.98227,109
ILSVRC2012_val_00003747_with_ILSVRC2012_val_00029122_rank198,177,177,0.88998,0
ILSVRC2012_val_00003747_with_ILSVRC2012_val_00042447_rank515,849,849,0.57389,0
ILSVRC2012_val_00003747_with_ILSVRC2012_val_00044156_rank737,905,703,0.44492,225
ILSVRC2012_val_00003747_with_ILSVRC2012_val_00026490_rank657,4,4,0.87513,0
ILSVRC2012_val_00003747_with_ILSVRC2012_val_00013938_rank581,572,728,0.73879,520
ILSVRC2012_val_00003747_with_ILSVRC2012_val_00049138_rank437,854,912,0.31096,661
ILSVRC2012_val_00003747_with_ILSVRC2012_val_00015721_rank409,46,353,0.50502,178
ILSVRC2012_val_00003747_with_ILSVRC2012_val_00042942_rank256,515,402,0.87052,30
ILSVRC2012_val_00003747_with_ILSVRC2012_val_00019667_rank255,571,412,0.09992,76
ILSVRC2012_val_00003747_with_ILSVRC2012_val_00042035_rank294,491,491,0.99249,0
ILSVRC2012_val_00003747_with_ILSVRC2012_val_00029593_rank911,546,546,0.85326,0
ILSVRC2012_val_00003747_with_ILSVRC2012_val_00006869_rank904,518,518,0.94327,0
ILSVRC2012_val_00003747_with_ILSVRC2012_val_00046138_rank889,412,412,0.60758,0
ILSVRC2012_val_00003747_with_ILSVRC2012_val_00011815_rank662,604,604,0.99825,0
ILSVRC2012_val_00003747_with_ILSVRC2012_val_00031468_rank714,886,886,0.97326,0
ILSVRC2012_val_00003747_with_ILSVRC2012_val_00017975_rank579,17,17,0.88035,0
ILSVRC2012_val_00003747_with_ILSVRC2012_val_00016601_rank967,618,731,0.81093,24
ILSVRC2012_val_00003747_with_ILSVRC2012_val_00031747_rank080,268,268,0.94943,0
ILSVRC2012_val_00003747_with_ILSVRC2012_val_00015427_rank612,198,196,0.73064,2
ILSVRC2012_val_00003747_with_ILSVRC2012_val_00016331_rank264,5,5,0.96943,0
ILSVRC2012_val_00003747_with_ILSVRC2012_val_00013522_rank977,748,636,0.44821,2
ILSVRC2012_val_00003747_with_ILSVRC2012_val_00018977_rank879,883,725,0.30632,1
ILSVRC2012_val_00003747_with_ILSVRC2012_val_00018605_rank427,112,112,0.8217,0
ILSVRC2012_val_00003747_with_ILSVRC2012_val_00016470_rank457,54,67,0.54275,3
ILSVRC2012_val_00003747_with_ILSVRC2012_val_00021762_rank532,513,353,0.20112,724
ILSVRC2012_val_00003747_with_ILSVRC2012_val_00038013_rank504,680,649,0.04845,558
ILSVRC2012_val_00003747_with_ILSVRC2012_val_00034125_rank025,48,48,0.86383,0
ILSVRC2012_val_00003747_with_ILSVRC2012_val_00038861_rank362,398,398,0.94864,0
ILSVRC2012_val_00003747_with_ILSVRC2012_val_00008065_rank052,609,609,0.90294,0
ILSVRC2012_val_00003747_with_ILSVRC2012_val_00018608_rank870,962,428,0.62475,397
ILSVRC2012_val_00003747_with_ILSVRC2012_val_00021834_rank663,758,832,0.9463,327
ILSVRC2012_val_00003747_with_ILSVRC2012_val_00015604_rank846,754,688,0.22186,6
ILSVRC2012_val_00003747_with_ILSVRC2012_val_00041961_rank176,287,287,0.90047,0
ILSVRC2012_val_00003747_with_ILSVRC2012_val_00019298_rank380,655,601,0.16443,3
ILSVRC2012_val_00003747_with_ILSVRC2012_val_00005167_rank659,870,870,0.9251,0
ILSVRC2012_val_00003747_with_ILSVRC2012_val_00015896_rank940,473,195,0.08535,502
ILSVRC2012_val_00003747_with_ILSVRC2012_val_00004018_rank597,565,565,0.92144,0
ILSVRC2012_val_00003747_with_ILSVRC2012_val_00028140_rank238,864,864,0.85688,0
ILSVRC2012_val_00003747_with_ILSVRC2012_val_00030997_rank664,670,670,0.77108,0
ILSVRC2012_val_00003747_with_ILSVRC2012_val_00043853_rank956,872,872,0.76284,0
ILSVRC2012_val_00003747_with_ILSVRC2012_val_00004787_rank947,567,909,0.40951,1
ILSVRC2012_val_00003747_with_ILSVRC2012_val_00018444_rank440,715,832,0.14715,25
ILSVRC2012_val_00003747_with_ILSVRC2012_val_00037111_rank118,181,181,0.94091,0
ILSVRC2012_val_00003747_with_ILSVRC2012_val_00014569_rank347,594,594,0.99256,0
ILSVRC2012_val_00003747_with_ILSVRC2012_val_00016217_rank091,575,575,0.97178,0
ILSVRC2012_val_00003747_with_ILSVRC2012_val_00009281_rank694,237,237,0.55316,0
ILSVRC2012_val_00003747_with_ILSVRC2012_val_00019531_rank337,3,3,0.44593,0
ILSVRC2012_val_00003747_with_ILSVRC2012_val_00035466_rank846,754,759,0.30647,29
ILSVRC2012_val_00003747_with_ILSVRC2012_val_00001769_rank757,401,501,0.13086,42
ILSVRC2012_val_00003747_with_ILSVRC2012_val_00032640_rank199,44,44,0.75446,0
ILSVRC2012_val_00003747_with_ILSVRC2012_val_00002581_rank346,775,514,0.25232,33
ILSVRC2012_val_00003747_with_ILSVRC2012_val_00027129_rank504,680,173,0.09926,273
ILSVRC2012_val_00003747_with_ILSVRC2012_val_00017441_rank067,100,100,0.92656,0
ILSVRC2012_val_00003747_with_ILSVRC2012_val_00001615_rank790,943,943,0.19828,0
ILSVRC2012_val_00003747_with_ILSVRC2012_val_00011217_rank387,403,913,0.90322,27
ILSVRC2012_val_00003747_with_ILSVRC2012_val_00025194_rank347,594,594,0.97796,0
ILSVRC2012_val_00003747_with_ILSVRC2012_val_00012025_rank353,432,432,0.38896,0
ILSVRC2012_val_00003747_with_ILSVRC2012_val_00040057_rank547,477,600,0.24206,74
ILSVRC2012_val_00003747_with_ILSVRC2012_val_00029407_rank634,172,172,0.91984,0
ILSVRC2012_val_00003747_with_ILSVRC2012_val_00025306_rank928,767,412,0.16847,509
ILSVRC2012_val_00003747_with_ILSVRC2012_val_00011446_rank579,17,17,0.94737,0
ILSVRC2012_val_00003747_with_ILSVRC2012_val_00008291_rank937,653,653,0.76192,0
ILSVRC2012_val_00003747_with_ILSVRC2012_val_00012868_rank773,434,911,0.32088,17
ILSVRC2012_val_00003747_with_ILSVRC2012_val_00018398_rank633,53,353,0.21543,615
ILSVRC2012_val_00003747_with_ILSVRC2012_val_00043761_rank355,842,343,0.09264,969
ILSVRC2012_val_00003747_with_ILSVRC2012_val_00015888_rank333,274,274,0.85577,0
ILSVRC2012_val_00003747_with_ILSVRC2012_val_00028980_rank201,950,599,0.18276,29
ILSVRC2012_val_00003747_with_ILSVRC2012_val_00007490_rank785,437,448,0.11114,49
ILSVRC2012_val_00003747_with_ILSVRC2012_val_00000036_rank451,887,958,0.73674,757
ILSVRC2012_val_00003747_with_ILSVRC2012_val_00023244_rank596,77,77,0.82685,0
ILSVRC2012_val_00003747_with_ILSVRC2012_val_00012655_rank086,133,133,0.95189,0
ILSVRC2012_val_00003747_with_ILSVRC2012_val_00041369_rank402,657,657,0.44223,0
ILSVRC2012_val_00003747_with_ILSVRC2012_val_00015464_rank867,173,173,0.94221,0
ILSVRC2012_val_00003747_with_ILSVRC2012_val_00036799_rank682,478,478,0.61022,0
ILSVRC2012_val_00003747_with_ILSVRC2012_val_00031272_rank328,687,787,0.25445,211
ILSVRC2012_val_00003747_with_ILSVRC2012_val_00002882_rank129,256,256,0.89438,0
ILSVRC2012_val_00003747_with_ILSVRC2012_val_00003409_rank008,354,354,0.94398,0
ILSVRC2012_val_00003747_with_ILSVRC2012_val_00017844_rank476,615,615,0.65446,0
ILSVRC2012_val_00003747_with_ILSVRC2012_val_00033867_rank610,482,595,0.36521,330
ILSVRC2012_val_00003747_with_ILSVRC2012_val_00026692_rank274,165,163,0.78376,4
ILSVRC2012_val_00003747_with_ILSVRC2012_val_00049445_rank411,843,843,0.99123,0
ILSVRC2012_val_00003747_with_ILSVRC2012_val_00016700_rank276,34,34,0.8262,0
ILSVRC2012_val_00003747_with_ILSVRC2012_val_00023456_rank217,602,602,0.3607,0
ILSVRC2012_val_00003747_with_ILSVRC2012_val_00017473_rank408,226,226,0.95643,0
ILSVRC2012_val_00003747_with_ILSVRC2012_val_00034202_rank592,441,441,0.44179,0
ILSVRC2012_val_00003747_with_ILSVRC2012_val_00017895_rank289,933,130,0.13445,370
ILSVRC2012_val_00003747_with_ILSVRC2012_val_00033310_rank632,153,266,0.34731,7
ILSVRC2012_val_00003747_with_ILSVRC2012_val_00017116_rank974,584,805,0.56696,751
ILSVRC2012_val_00003747_with_ILSVRC2012_val_00022581_rank440,715,676,0.14468,85
ILSVRC2012_val_00003747_with_ILSVRC2012_val_00014334_rank442,850,183,0.155,283
ILSVRC2012_val_00003747_with_ILSVRC2012_val_00026017_rank602,152,152,0.81626,0
ILSVRC2012_val_00003747_with_ILSVRC2012_val_00024342_rank310,787,787,0.94967,0
ILSVRC2012_val_00003747_with_ILSVRC2012_val_00043670_rank085,305,306,0.505,2
ILSVRC2012_val_00003747_with_ILSVRC2012_val_00042850_rank443,357,351,0.10835,454
ILSVRC2012_val_00003747_with_ILSVRC2012_val_00002419_rank864,629,629,0.99371,0
ILSVRC2012_val_00003747_with_ILSVRC2012_val_00020766_rank510,215,215,0.90432,0
ILSVRC2012_val_00003747_with_ILSVRC2012_val_00049524_rank179,997,997,0.84405,0
ILSVRC2012_val_00003747_with_ILSVRC2012_val_00014018_rank101,755,807,0.72392,1
ILSVRC2012_val_00003747_with_ILSVRC2012_val_00000675_rank283,336,336,0.73725,0
ILSVRC2012_val_00003747_with_ILSVRC2012_val_00027348_rank703,166,164,0.97705,2
ILSVRC2012_val_00003747_with_ILSVRC2012_val_00016647_rank924,897,897,0.97498,0
ILSVRC2012_val_00003747_with_ILSVRC2012_val_00012946_rank900,826,826,0.76912,0
ILSVRC2012_val_00003747_with_ILSVRC2012_val_00028113_rank968,32,32,0.67512,0
ILSVRC2012_val_00003747_with_ILSVRC2012_val_00002834_rank209,490,488,0.51797,4
ILSVRC2012_val_00003747_with_ILSVRC2012_val_00022807_rank170,734,407,0.53338,1
ILSVRC2012_val_00003747_with_ILSVRC2012_val_00047034_rank862,719,768,0.29373,271
ILSVRC2012_val_00003747_with_ILSVRC2012_val_00014195_rank929,397,397,0.94571,0
ILSVRC2012_val_00003747_with_ILSVRC2012_val_00024749_rank036,148,99,0.55683,73
ILSVRC2012_val_00003747_with_ILSVRC2012_val_00020507_rank495,71,211,0.24212,454
ILSVRC2012_val_00003747_with_ILSVRC2012_val_00042783_rank543,40,159,0.15753,364
ILSVRC2012_val_00003747_with_ILSVRC2012_val_00019964_rank065,138,138,0.92036,0
ILSVRC2012_val_00003747_with_ILSVRC2012_val_00047155_rank785,437,437,0.39378,0
ILSVRC2012_val_00003747_with_ILSVRC2012_val_00031665_rank618,461,461,0.77872,0
ILSVRC2012_val_00003747_with_ILSVRC2012_val_00048033_rank368,814,472,0.57947,12
ILSVRC2012_val_00003747_with_ILSVRC2012_val_00022276_rank238,864,864,0.98424,0
ILSVRC2012_val_00003747_with_ILSVRC2012_val_00018928_rank027,339,339,0.79648,0
ILSVRC2012_val_00003747_with_ILSVRC2012_val_00027564_rank647,669,595,0.23777,435
ILSVRC2012_val_00003747_with_ILSVRC2012_val_00047316_rank812,402,402,0.91337,0
ILSVRC2012_val_00003747_with_ILSVRC2012_val_00033989_rank420,330,335,0.55054,4
ILSVRC2012_val_00003747_with_ILSVRC2012_val_00038713_rank401,996,996,0.67642,0
ILSVRC2012_val_00003747_with_ILSVRC2012_val_00032308_rank823,774,502,0.25488,2
ILSVRC2012_val_00003747_with_ILSVRC2012_val_00017076_rank195,952,952,0.89689,0
ILSVRC2012_val_00003747_with_ILSVRC2012_val_00036942_rank968,32,32,0.91523,0
ILSVRC2012_val_00003747_with_ILSVRC2012_val_00039309_rank698,920,702,0.54608,153
ILSVRC2012_val_00003747_with_ILSVRC2012_val_00013971_rank151,211,159,0.55565,1
ILSVRC2012_val_00003747_with_ILSVRC2012_val_00023680_rank537,359,359,0.66891,0
ILSVRC2012_val_00003747_with_ILSVRC2012_val_00003432_rank757,401,401,0.92723,0
ILSVRC2012_val_00003747_with_ILSVRC2012_val_00031206_rank301,264,264,0.79363,0
ILSVRC2012_val_00003747_with_ILSVRC2012_val_00012441_rank524,27,27,0.72601,0
ILSVRC2012_val_00003747_with_ILSVRC2012_val_00047823_rank018,352,352,0.87148,0
ILSVRC2012_val_00003747_with_ILSVRC2012_val_00045417_rank501,971,83,0.19211,986
ILSVRC2012_val_00003747_with_ILSVRC2012_val_00005613_rank142,280,279,0.5415,8
ILSVRC2012_val_00003747_with_ILSVRC2012_val_00007860_rank435,111,600,0.09727,43
ILSVRC2012_val_00003747_with_ILSVRC2012_val_00000079_rank212,175,175,0.73892,0
ILSVRC2012_val_00003747_with_ILSVRC2012_val_00042500_rank348,61,61,0.86631,0
ILSVRC2012_val_00003747_with_ILSVRC2012_val_00046976_rank877,29,29,0.55368,0
ILSVRC2012_val_00003747_with_ILSVRC2012_val_00031513_rank569,645,912,0.33218,55
ILSVRC2012_val_00003747_with_ILSVRC2012_val_00014279_rank469,329,329,0.74809,0
ILSVRC2012_val_00003747_with_ILSVRC2012_val_00032889_rank146,23,23,0.9041,0
ILSVRC2012_val_00003747_with_ILSVRC2012_val_00000544_rank147,820,820,0.89299,0
ILSVRC2012_val_00003747_with_ILSVRC2012_val_00044595_rank920,626,730,0.14194,957
ILSVRC2012_val_00003747_with_ILSVRC2012_val_00043559_rank300,66,66,0.91493,0
ILSVRC2012_val_00003747_with_ILSVRC2012_val_00005088_rank570,991,991,0.90201,0
ILSVRC2012_val_00003747_with_ILSVRC2012_val_00003213_rank906,362,362,0.97403,0
ILSVRC2012_val_00003747_with_ILSVRC2012_val_00015895_rank628,453,519,0.71036,18
ILSVRC2012_val_00003747_with_ILSVRC2012_val_00004544_rank933,894,526,0.10728,13
ILSVRC2012_val_00003747_with_ILSVRC2012_val_00003957_rank505,97,97,0.87715,0
ILSVRC2012_val_00003747_with_ILSVRC2012_val_00015913_rank173,24,83,0.47813,6
ILSVRC2012_val_00003747_with_ILSVRC2012_val_00033821_rank486,75,77,0.68567,3
ILSVRC2012_val_00003747_with_ILSVRC2012_val_00034710_rank816,457,457,0.99269,0
ILSVRC2012_val_00003747_with_ILSVRC2012_val_00043284_rank597,565,565,0.53014,0
ILSVRC2012_val_00003747_with_ILSVRC2012_val_00043694_rank976,60,63,0.73881,13
ILSVRC2012_val_00003747_with_ILSVRC2012_val_00037832_rank292,319,319,0.97909,0
ILSVRC2012_val_00003747_with_ILSVRC2012_val_00003201_rank803,907,907,0.4857,0
ILSVRC2012_val_00003747_with_ILSVRC2012_val_00016170_rank622,115,115,0.29717,0
ILSVRC2012_val_00003747_with_ILSVRC2012_val_00038413_rank283,336,336,0.85611,0
ILSVRC2012_val_00003747_with_ILSVRC2012_val_00033191_rank895,827,827,0.9549,0
ILSVRC2012_val_00003747_with_ILSVRC2012_val_00021103_rank093,863,682,0.3836,2
ILSVRC2012_val_00003747_with_ILSVRC2012_val_00020130_rank132,812,912,0.93551,677
ILSVRC2012_val_00003747_with_ILSVRC2012_val_00010608_rank131,947,947,0.46612,0
ILSVRC2012_val_00003747_with_ILSVRC2012_val_00022249_rank924,897,713,0.63981,4
ILSVRC2012_val_00003747_with_ILSVRC2012_val_00032271_rank828,608,514,0.97309,9
ILSVRC2012_val_00003747_with_ILSVRC2012_val_00037954_rank662,604,604,0.98332,0
ILSVRC2012_val_00003747_with_ILSVRC2012_val_00035773_rank540,642,642,0.94509,0
ILSVRC2012_val_00003747_with_ILSVRC2012_val_00042555_rank363,583,583,0.38774,0
ILSVRC2012_val_00003747_with_ILSVRC2012_val_00038522_rank065,138,138,0.93153,0
ILSVRC2012_val_00003747_with_ILSVRC2012_val_00021863_rank538,683,744,0.07123,82
ILSVRC2012_val_00003747_with_ILSVRC2012_val_00002072_rank281,285,282,0.38585,2
ILSVRC2012_val_00003747_with_ILSVRC2012_val_00040114_rank858,203,226,0.91444,286
ILSVRC2012_val_00003747_with_ILSVRC2012_val_00043129_rank945,588,791,0.8137,20
ILSVRC2012_val_00003747_with_ILSVRC2012_val_00004227_rank012,372,372,0.94234,0
ILSVRC2012_val_00003747_with_ILSVRC2012_val_00029153_rank348,61,61,0.63632,0
ILSVRC2012_val_00003747_with_ILSVRC2012_val_00028912_rank114,104,104,0.90604,0
ILSVRC2012_val_00003747_with_ILSVRC2012_val_00042136_rank894,773,843,0.08286,644
ILSVRC2012_val_00003747_with_ILSVRC2012_val_00008993_rank130,972,80,0.84087,260
ILSVRC2012_val_00003747_with_ILSVRC2012_val_00041389_rank736,781,781,0.92583,0
ILSVRC2012_val_00003747_with_ILSVRC2012_val_00028732_rank781,667,21,0.20597,431
ILSVRC2012_val_00003747_with_ILSVRC2012_val_00015752_rank765,390,351,0.30649,287
ILSVRC2012_val_00003747_with_ILSVRC2012_val_00003981_rank436,79,352,0.40252,272
ILSVRC2012_val_00003747_with_ILSVRC2012_val_00009973_rank745,945,945,0.9628,0
ILSVRC2012_val_00003747_with_ILSVRC2012_val_00038794_rank809,13,13,0.92932,0
ILSVRC2012_val_00003747_with_ILSVRC2012_val_00011884_rank106,102,102,0.93275,0
ILSVRC2012_val_00003747_with_ILSVRC2012_val_00034698_rank195,952,952,0.89916,0
ILSVRC2012_val_00003747_with_ILSVRC2012_val_00024677_rank351,230,231,0.95253,1
ILSVRC2012_val_00003747_with_ILSVRC2012_val_00036175_rank882,559,559,0.98037,0
ILSVRC2012_val_00003747_with_ILSVRC2012_val_00015615_rank854,721,721,0.74346,0
ILSVRC2012_val_00003747_with_ILSVRC2012_val_00021132_rank512,689,601,0.76986,1
ILSVRC2012_val_00003747_with_ILSVRC2012_val_00020861_rank194,68,68,0.74896,0
ILSVRC2012_val_00003747_with_ILSVRC2012_val_00018620_rank150,825,649,0.27106,1
ILSVRC2012_val_00003747_with_ILSVRC2012_val_00038161_rank354,739,649,0.16477,464
ILSVRC2012_val_00003747_with_ILSVRC2012_val_00032569_rank160,663,410,0.4452,309
ILSVRC2012_val_00003747_with_ILSVRC2012_val_00031736_rank948,881,881,0.94139,0
ILSVRC2012_val_00003747_with_ILSVRC2012_val_00005671_rank914,862,462,0.48326,45
ILSVRC2012_val_00003747_with_ILSVRC2012_val_00016084_rank537,359,359,0.20637,0
ILSVRC2012_val_00003747_with_ILSVRC2012_val_00012543_rank192,694,595,0.32032,17
ILSVRC2012_val_00003747_with_ILSVRC2012_val_00013479_rank649,248,269,0.51128,6
ILSVRC2012_val_00003747_with_ILSVRC2012_val_00019490_rank946,539,282,0.93987,145
ILSVRC2012_val_00003747_with_ILSVRC2012_val_00030600_rank542,556,556,0.39551,0
ILSVRC2012_val_00003747_with_ILSVRC2012_val_00021626_rank700,380,380,0.89166,0
ILSVRC2012_val_00003747_with_ILSVRC2012_val_00023339_rank704,118,119,0.78558,2
ILSVRC2012_val_00003747_with_ILSVRC2012_val_00004780_rank103,145,145,0.96542,0
ILSVRC2012_val_00003747_with_ILSVRC2012_val_00031904_rank989,761,761,0.83485,0
ILSVRC2012_val_00003747_with_ILSVRC2012_val_00028361_rank513,893,748,0.93553,1
ILSVRC2012_val_00003747_with_ILSVRC2012_val_00047941_rank228,36,36,0.45301,0
ILSVRC2012_val_00003747_with_ILSVRC2012_val_00006390_rank925,903,340,0.10767,643
ILSVRC2012_val_00003747_with_ILSVRC2012_val_00021889_rank024,296,296,0.76447,0
ILSVRC2012_val_00003747_with_ILSVRC2012_val_00020045_rank681,573,870,0.88763,4
ILSVRC2012_val_00003747_with_ILSVRC2012_val_00017766_rank730,169,169,0.76776,0
ILSVRC2012_val_00003747_with_ILSVRC2012_val_00043262_rank540,642,642,0.91703,0
ILSVRC2012_val_00003747_with_ILSVRC2012_val_00000511_rank703,166,166,0.7916,0
ILSVRC2012_val_00003747_with_ILSVRC2012_val_00012098_rank132,812,812,0.99979,0
ILSVRC2012_val_00003747_with_ILSVRC2012_val_00015214_rank561,783,412,0.20455,534
ILSVRC2012_val_00003747_with_ILSVRC2012_val_00034445_rank374,486,600,0.21604,313
ILSVRC2012_val_00003747_with_ILSVRC2012_val_00006630_rank752,218,218,0.69392,0
ILSVRC2012_val_00003747_with_ILSVRC2012_val_00005125_rank641,125,125,0.91444,0
ILSVRC2012_val_00003747_with_ILSVRC2012_val_00006385_rank010,351,351,0.94771,0
ILSVRC2012_val_00003747_with_ILSVRC2012_val_00005986_rank911,546,546,0.35032,0
ILSVRC2012_val_00003747_with_ILSVRC2012_val_00048723_rank694,237,214,0.54817,26
ILSVRC2012_val_00003747_with_ILSVRC2012_val_00018062_rank173,24,24,0.96655,0
ILSVRC2012_val_00003747_with_ILSVRC2012_val_00018874_rank935,570,570,0.67383,0
ILSVRC2012_val_00003747_with_ILSVRC2012_val_00039271_rank026,690,690,0.44021,0
ILSVRC2012_val_00003747_with_ILSVRC2012_val_00005950_rank160,663,663,0.95715,0
ILSVRC2012_val_00003747_with_ILSVRC2012_val_00048230_rank385,829,829,0.34011,0
ILSVRC2012_val_00003747_with_ILSVRC2012_val_00005213_rank929,397,83,0.49972,121
ILSVRC2012_val_00003747_with_ILSVRC2012_val_00006747_rank603,901,901,0.51197,0
ILSVRC2012_val_00003747_with_ILSVRC2012_val_00004549_rank827,199,199,0.57014,0
ILSVRC2012_val_00003747_with_ILSVRC2012_val_00023644_rank914,862,417,0.22981,38
ILSVRC2012_val_00003747_with_ILSVRC2012_val_00009395_rank998,650,744,0.38954,131
ILSVRC2012_val_00003747_with_ILSVRC2012_val_00020529_rank979,851,779,0.16328,124
ILSVRC2012_val_00003747_with_ILSVRC2012_val_00022155_rank593,318,318,0.96471,0
ILSVRC2012_val_00003747_with_ILSVRC2012_val_00020495_rank269,12,12,0.93795,0
ILSVRC2012_val_00003747_with_ILSVRC2012_val_00040949_rank883,439,23,0.32746,594
ILSVRC2012_val_00003747_with_ILSVRC2012_val_00001554_rank070,888,888,0.88178,0
ILSVRC2012_val_00003747_with_ILSVRC2012_val_00017980_rank800,157,157,0.85724,0
ILSVRC2012_val_00003747_with_ILSVRC2012_val_00004448_rank251,67,293,0.37421,47
ILSVRC2012_val_00003747_with_ILSVRC2012_val_00029178_rank112,290,290,0.9009,0
ILSVRC2012_val_00003747_with_ILSVRC2012_val_00001285_rank364,399,735,0.19187,21
ILSVRC2012_val_00003747_with_ILSVRC2012_val_00041671_rank563,764,274,0.27229,626
ILSVRC2012_val_00003747_with_ILSVRC2012_val_00035345_rank898,592,592,0.34502,0
ILSVRC2012_val_00003747_with_ILSVRC2012_val_00034895_rank747,308,209,0.163,931
ILSVRC2012_val_00003747_with_ILSVRC2012_val_00047969_rank210,91,91,0.97996,0
ILSVRC2012_val_00003747_with_ILSVRC2012_val_00049629_rank021,276,276,0.96734,0
ILSVRC2012_val_00003747_with_ILSVRC2012_val_00048753_rank050,603,603,0.93274,0
ILSVRC2012_val_00003747_with_ILSVRC2012_val_00016381_rank963,659,659,0.93926,0
ILSVRC2012_val_00003747_with_ILSVRC2012_val_00025550_rank951,158,158,0.78803,0
ILSVRC2012_val_00003747_with_ILSVRC2012_val_00007652_rank632,153,204,0.68897,1
ILSVRC2012_val_00003747_with_ILSVRC2012_val_00033056_rank078,376,376,0.9124,0
ILSVRC2012_val_00003747_with_ILSVRC2012_val_00017343_rank479,677,677,0.93999,0
ILSVRC2012_val_00003747_with_ILSVRC2012_val_00009050_rank113,39,39,0.91803,0
ILSVRC2012_val_00003747_with_ILSVRC2012_val_00006368_rank939,934,947,0.61195,105
ILSVRC2012_val_00003747_with_ILSVRC2012_val_00047144_rank481,333,333,0.8468,0
ILSVRC2012_val_00003747_with_ILSVRC2012_val_00031306_rank390,266,266,0.66452,0
ILSVRC2012_val_00003747_with_ILSVRC2012_val_00039742_rank592,441,441,0.8529,0
ILSVRC2012_val_00003747_with_ILSVRC2012_val_00017650_rank749,679,679,0.5674,0
ILSVRC2012_val_00003747_with_ILSVRC2012_val_00005172_rank877,29,390,0.24511,6
ILSVRC2012_val_00003747_with_ILSVRC2012_val_00043934_rank741,993,993,0.91021,0
ILSVRC2012_val_00003747_with_ILSVRC2012_val_00000438_rank854,721,721,0.28136,0
ILSVRC2012_val_00003747_with_ILSVRC2012_val_00011383_rank413,107,728,0.7176,138
ILSVRC2012_val_00003747_with_ILSVRC2012_val_00013849_rank605,939,939,0.89492,0
ILSVRC2012_val_00003747_with_ILSVRC2012_val_00008360_rank177,408,408,0.78195,0
ILSVRC2012_val_00003747_with_ILSVRC2012_val_00003930_rank939,934,934,0.9175,0
ILSVRC2012_val_00003747_with_ILSVRC2012_val_00016297_rank400,431,431,0.18684,0
ILSVRC2012_val_00003747_with_ILSVRC2012_val_00025774_rank159,540,730,0.80384,409
ILSVRC2012_val_00003747_with_ILSVRC2012_val_00008328_rank705,593,730,0.33301,985
ILSVRC2012_val_00003747_with_ILSVRC2012_val_00013948_rank783,794,854,0.06285,4
ILSVRC2012_val_00003747_with_ILSVRC2012_val_00000431_rank545,468,468,0.84617,0
ILSVRC2012_val_00003747_with_ILSVRC2012_val_00022362_rank910,725,901,0.3899,6
ILSVRC2012_val_00003747_with_ILSVRC2012_val_00021370_rank326,255,255,0.89907,0
ILSVRC2012_val_00003747_with_ILSVRC2012_val_00001246_rank776,664,163,0.39955,981
ILSVRC2012_val_00003747_with_ILSVRC2012_val_00047296_rank187,847,847,0.90124,0
ILSVRC2012_val_00003747_with_ILSVRC2012_val_00028327_rank973,795,353,0.39202,719
ILSVRC2012_val_00003747_with_ILSVRC2012_val_00036371_rank320,231,231,0.4371,0
ILSVRC2012_val_00003747_with_ILSVRC2012_val_00004465_rank664,670,670,0.5718,0
ILSVRC2012_val_00003747_with_ILSVRC2012_val_00004335_rank591,73,77,0.4013,4
ILSVRC2012_val_00003747_with_ILSVRC2012_val_00011229_rank129,256,256,0.90331,0
ILSVRC2012_val_00003747_with_ILSVRC2012_val_00043319_rank814,253,253,0.72972,0
ILSVRC2012_val_00003747_with_ILSVRC2012_val_00036597_rank013,294,294,0.90576,0
ILSVRC2012_val_00003747_with_ILSVRC2012_val_00034356_rank126,163,163,0.90358,0
ILSVRC2012_val_00003747_with_ILSVRC2012_val_00044135_rank408,226,200,0.72892,2
ILSVRC2012_val_00003747_with_ILSVRC2012_val_00018948_rank657,4,4,0.87969,0
ILSVRC2012_val_00003747_with_ILSVRC2012_val_00035124_rank341,458,458,0.221,0
ILSVRC2012_val_00003747_with_ILSVRC2012_val_00043904_rank456,114,114,0.84874,0
ILSVRC2012_val_00003747_with_ILSVRC2012_val_00033635_rank707,753,753,0.69459,0
ILSVRC2012_val_00003747_with_ILSVRC2012_val_00036076_rank891,749,472,0.1547,255
ILSVRC2012_val_00003747_with_ILSVRC2012_val_00001200_rank847,450,172,0.37248,379
ILSVRC2012_val_00003747_with_ILSVRC2012_val_00038250_rank097,21,21,0.94775,0
ILSVRC2012_val_00003747_with_ILSVRC2012_val_00048135_rank290,475,475,0.87248,0
ILSVRC2012_val_00003747_with_ILSVRC2012_val_00022688_rank175,146,177,0.24926,450
ILSVRC2012_val_00003747_with_ILSVRC2012_val_00005045_rank770,30,30,0.89143,0
ILSVRC2012_val_00003747_with_ILSVRC2012_val_00031673_rank404,857,857,0.99583,0
ILSVRC2012_val_00003747_with_ILSVRC2012_val_00046246_rank847,450,412,0.1003,326
ILSVRC2012_val_00003747_with_ILSVRC2012_val_00035476_rank523,489,86,0.69131,269
ILSVRC2012_val_00003747_with_ILSVRC2012_val_00010171_rank113,39,39,0.92271,0
ILSVRC2012_val_00003747_with_ILSVRC2012_val_00016287_rank251,67,67,0.74604,0
ILSVRC2012_val_00003747_with_ILSVRC2012_val_00047307_rank925,903,903,0.13337,0
ILSVRC2012_val_00003747_with_ILSVRC2012_val_00017224_rank713,940,116,0.4083,92
ILSVRC2012_val_00003747_with_ILSVRC2012_val_00048634_rank660,599,599,0.96901,0
ILSVRC2012_val_00003747_with_ILSVRC2012_val_00012238_rank327,392,392,0.94934,0
ILSVRC2012_val_00003747_with_ILSVRC2012_val_00044777_rank388,328,328,0.74431,0
ILSVRC2012_val_00003747_with_ILSVRC2012_val_00007427_rank676,579,595,0.22889,271
ILSVRC2012_val_00003747_with_ILSVRC2012_val_00017195_rank370,192,192,0.88991,0
ILSVRC2012_val_00003747_with_ILSVRC2012_val_00034821_rank414,232,227,0.61426,13
ILSVRC2012_val_00003747_with_ILSVRC2012_val_00043759_rank286,743,519,0.07478,37
ILSVRC2012_val_00003747_with_ILSVRC2012_val_00041704_rank181,373,373,0.68546,0
ILSVRC2012_val_00003747_with_ILSVRC2012_val_00004702_rank570,991,991,0.81893,0
ILSVRC2012_val_00003747_with_ILSVRC2012_val_00010222_rank198,177,177,0.88282,0
ILSVRC2012_val_00003747_with_ILSVRC2012_val_00015383_rank942,824,533,0.31366,7
ILSVRC2012_val_00003747_with_ILSVRC2012_val_00016421_rank590,85,85,0.92602,0
ILSVRC2012_val_00003747_with_ILSVRC2012_val_00018260_rank035,342,342,0.78087,0
ILSVRC2012_val_00003747_with_ILSVRC2012_val_00041246_rank695,875,9,0.96971,606
ILSVRC2012_val_00003747_with_ILSVRC2012_val_00007496_rank792,927,927,0.92751,0
ILSVRC2012_val_00003747_with_ILSVRC2012_val_00035321_rank752,218,218,0.77243,0
ILSVRC2012_val_00003747_with_ILSVRC2012_val_00032605_rank749,679,679,0.11414,0
ILSVRC2012_val_00003747_with_ILSVRC2012_val_00019067_rank979,851,637,0.10584,327
ILSVRC2012_val_00003747_with_ILSVRC2012_val_00034918_rank432,568,735,0.19566,8
ILSVRC2012_val_00003747_with_ILSVRC2012_val_00027228_rank530,58,63,0.70867,11
ILSVRC2012_val_00003747_with_ILSVRC2012_val_00007883_rank978,643,755,0.82107,864
ILSVRC2012_val_00003747_with_ILSVRC2012_val_00008740_rank994,892,866,0.36613,783
ILSVRC2012_val_00003747_with_ILSVRC2012_val_00037699_rank286,743,519,0.53937,37
ILSVRC2012_val_00003747_with_ILSVRC2012_val_00004003_rank029,365,365,0.93888,0
ILSVRC2012_val_00003747_with_ILSVRC2012_val_00042553_rank878,119,121,0.41824,2
ILSVRC2012_val_00003747_with_ILSVRC2012_val_00003656_rank747,308,308,0.12511,0
ILSVRC2012_val_00003747_with_ILSVRC2012_val_00035445_rank566,949,949,0.93002,0
ILSVRC2012_val_00003747_with_ILSVRC2012_val_00028967_rank946,539,539,0.7941,0
ILSVRC2012_val_00003747_with_ILSVRC2012_val_00024104_rank499,577,577,0.66676,0
ILSVRC2012_val_00003747_with_ILSVRC2012_val_00027204_rank058,363,363,0.95014,0
ILSVRC2012_val_00003747_with_ILSVRC2012_val_00000164_rank887,504,504,0.71791,0
ILSVRC2012_val_00003747_with_ILSVRC2012_val_00037388_rank115,244,244,0.92823,0
ILSVRC2012_val_00003747_with_ILSVRC2012_val_00041922_rank011,51,51,0.90522,0
ILSVRC2012_val_00003747_with_ILSVRC2012_val_00011566_rank314,708,807,0.09786,92
ILSVRC2012_val_00003747_with_ILSVRC2012_val_00032159_rank661,94,140,0.64859,28
ILSVRC2012_val_00003747_with_ILSVRC2012_val_00015277_rank324,554,595,0.37585,39
ILSVRC2012_val_00003747_with_ILSVRC2012_val_00040306_rank556,427,427,0.75265,0
ILSVRC2012_val_00003747_with_ILSVRC2012_val_00037498_rank587,560,560,0.9232,0
ILSVRC2012_val_00003747_with_ILSVRC2012_val_00043804_rank081,915,915,0.87778,0
ILSVRC2012_val_00003747_with_ILSVRC2012_val_00008699_rank863,772,351,0.14338,491
ILSVRC2012_val_00003747_with_ILSVRC2012_val_00045133_rank657,4,4,0.78805,0
ILSVRC2012_val_00003747_with_ILSVRC2012_val_00005453_rank788,446,703,0.26152,314
ILSVRC2012_val_00003747_with_ILSVRC2012_val_00004066_rank559,728,728,0.90723,0
ILSVRC2012_val_00003747_with_ILSVRC2012_val_00020103_rank886,674,674,0.48899,0
ILSVRC2012_val_00003747_with_ILSVRC2012_val_00039116_rank258,652,652,0.4773,0
ILSVRC2012_val_00003747_with_ILSVRC2012_val_00012567_rank574,545,545,0.27306,0
ILSVRC2012_val_00003747_with_ILSVRC2012_val_00036619_rank624,800,800,0.91452,0
ILSVRC2012_val_00003747_with_ILSVRC2012_val_00030860_rank176,287,293,0.92842,7
ILSVRC2012_val_00003747_with_ILSVRC2012_val_00019172_rank086,133,133,0.95122,0
ILSVRC2012_val_00003747_with_ILSVRC2012_val_00048946_rank915,688,565,0.54037,107
ILSVRC2012_val_00003747_with_ILSVRC2012_val_00024496_rank843,681,730,0.17209,917
ILSVRC2012_val_00003747_with_ILSVRC2012_val_00018485_rank427,112,112,0.99105,0
ILSVRC2012_val_00003747_with_ILSVRC2012_val_00016903_rank778,823,870,0.94894,73
ILSVRC2012_val_00003747_with_ILSVRC2012_val_00021867_rank413,107,723,0.83216,967
ILSVRC2012_val_00003747_with_ILSVRC2012_val_00001675_rank859,641,641,0.50381,0
ILSVRC2012_val_00003747_with_ILSVRC2012_val_00040903_rank454,20,20,0.82384,0
ILSVRC2012_val_00003747_with_ILSVRC2012_val_00035837_rank135,127,127,0.92449,0
ILSVRC2012_val_00003747_with_ILSVRC2012_val_00013278_rank502,254,254,0.94088,0
ILSVRC2012_val_00003747_with_ILSVRC2012_val_00032483_rank663,758,389,0.82007,3
ILSVRC2012_val_00003747_with_ILSVRC2012_val_00025536_rank615,242,243,0.49172,1
ILSVRC2012_val_00003747_with_ILSVRC2012_val_00006287_rank838,729,843,0.16327,142
ILSVRC2012_val_00003747_with_ILSVRC2012_val_00017847_rank052,609,609,0.95246,0
ILSVRC2012_val_00003747_with_ILSVRC2012_val_00031613_rank227,702,702,0.87414,0
ILSVRC2012_val_00003747_with_ILSVRC2012_val_00033589_rank334,717,717,0.72926,0
ILSVRC2012_val_00003747_with_ILSVRC2012_val_00002334_rank234,370,370,0.90209,0
ILSVRC2012_val_00003747_with_ILSVRC2012_val_00039885_rank162,269,269,0.70337,0
ILSVRC2012_val_00003747_with_ILSVRC2012_val_00006722_rank037,149,149,0.41074,0
ILSVRC2012_val_00003747_with_ILSVRC2012_val_00007366_rank716,202,202,0.7251,0
ILSVRC2012_val_00003747_with_ILSVRC2012_val_00001940_rank952,505,505,0.78078,0
ILSVRC2012_val_00003747_with_ILSVRC2012_val_00045379_rank689,358,358,0.37627,0
ILSVRC2012_val_00003747_with_ILSVRC2012_val_00048210_rank353,432,432,0.94962,0
ILSVRC2012_val_00003747_with_ILSVRC2012_val_00043090_rank528,284,284,0.90208,0
ILSVRC2012_val_00003747_with_ILSVRC2012_val_00013165_rank298,750,595,0.1591,632
ILSVRC2012_val_00003747_with_ILSVRC2012_val_00031746_rank887,504,968,0.54124,1
ILSVRC2012_val_00003747_with_ILSVRC2012_val_00019639_rank212,175,226,0.88697,3
ILSVRC2012_val_00003747_with_ILSVRC2012_val_00027175_rank462,519,519,0.74038,0
ILSVRC2012_val_00003747_with_ILSVRC2012_val_00049280_rank420,330,331,0.93268,1
ILSVRC2012_val_00003747_with_ILSVRC2012_val_00043327_rank697,492,637,0.51983,10
ILSVRC2012_val_00003747_with_ILSVRC2012_val_00049333_rank062,50,50,0.83806,0
ILSVRC2012_val_00003747_with_ILSVRC2012_val_00005884_rank765,390,397,0.64288,2
ILSVRC2012_val_00003747_with_ILSVRC2012_val_00025261_rank644,200,200,0.96749,0
ILSVRC2012_val_00003747_with_ILSVRC2012_val_00031959_rank278,300,300,0.85274,0
ILSVRC2012_val_00003747_with_ILSVRC2012_val_00036248_rank349,250,248,0.41671,1
ILSVRC2012_val_00003747_with_ILSVRC2012_val_00017499_rank261,220,220,0.87799,0
ILSVRC2012_val_00003747_with_ILSVRC2012_val_00036106_rank975,845,835,0.08409,856
ILSVRC2012_val_00003747_with_ILSVRC2012_val_00005383_rank794,760,553,0.38747,8
ILSVRC2012_val_00003747_with_ILSVRC2012_val_00005258_rank683,214,214,0.95547,0
ILSVRC2012_val_00003747_with_ILSVRC2012_val_00019630_rank521,25,25,0.84862,0
ILSVRC2012_val_00003747_with_ILSVRC2012_val_00029428_rank318,716,912,0.80941,1
ILSVRC2012_val_00003747_with_ILSVRC2012_val_00023290_rank628,453,453,0.70262,0
ILSVRC2012_val_00003747_with_ILSVRC2012_val_00033483_rank798,18,18,0.93314,0
ILSVRC2012_val_00003747_with_ILSVRC2012_val_00011433_rank313,225,225,0.59132,0
ILSVRC2012_val_00003747_with_ILSVRC2012_val_00043883_rank570,991,991,0.86177,0
ILSVRC2012_val_00003747_with_ILSVRC2012_val_00035018_rank545,468,468,0.86685,0
ILSVRC2012_val_00003747_with_ILSVRC2012_val_00011813_rank926,589,758,0.05591,131
ILSVRC2012_val_00003747_with_ILSVRC2012_val_00033782_rank046,297,295,0.82401,1
ILSVRC2012_val_00003747_with_ILSVRC2012_val_00008330_rank033,367,367,0.90687,0
ILSVRC2012_val_00003747_with_ILSVRC2012_val_00026044_rank546,140,140,0.91908,0
ILSVRC2012_val_00003747_with_ILSVRC2012_val_00047713_rank857,26,298,0.32097,86
ILSVRC2012_val_00003747_with_ILSVRC2012_val_00021986_rank756,994,994,0.26909,0
ILSVRC2012_val_00003747_with_ILSVRC2012_val_00003668_rank824,841,501,0.08571,3
ILSVRC2012_val_00003747_with_ILSVRC2012_val_00040691_rank463,550,595,0.45867,247
ILSVRC2012_val_00003747_with_ILSVRC2012_val_00047566_rank115,244,244,0.91226,0
ILSVRC2012_val_00003747_with_ILSVRC2012_val_00019660_rank305,989,989,0.88718,0
ILSVRC2012_val_00003747_with_ILSVRC2012_val_00026914_rank748,481,481,0.89703,0
ILSVRC2012_val_00003747_with_ILSVRC2012_val_00009008_rank428,611,611,0.99901,0
ILSVRC2012_val_00003747_with_ILSVRC2012_val_00035591_rank038,295,295,0.91196,0
ILSVRC2012_val_00003747_with_ILSVRC2012_val_00000538_rank905,896,896,0.67359,0
ILSVRC2012_val_00003747_with_ILSVRC2012_val_00012019_rank538,683,764,0.76571,39
ILSVRC2012_val_00003747_with_ILSVRC2012_val_00026102_rank481,333,263,0.55912,10
ILSVRC2012_val_00003747_with_ILSVRC2012_val_00037628_rank479,677,947,0.11503,54
ILSVRC2012_val_00003747_with_ILSVRC2012_val_00045812_rank159,540,730,0.20371,409
ILSVRC2012_val_00003747_with_ILSVRC2012_val_00007891_rank494,302,306,0.54292,7
ILSVRC2012_val_00003747_with_ILSVRC2012_val_00033365_rank342,495,495,0.92639,0
ILSVRC2012_val_00003747_with_ILSVRC2012_val_00000424_rank134,160,160,0.94975,0
ILSVRC2012_val_00003747_with_ILSVRC2012_val_00004445_rank628,453,453,0.96957,0
ILSVRC2012_val_00003747_with_ILSVRC2012_val_00024914_rank191,93,93,0.92412,0
ILSVRC2012_val_00003747_with_ILSVRC2012_val_00042878_rank103,145,99,0.22599,12
ILSVRC2012_val_00003747_with_ILSVRC2012_val_00034730_rank977,748,893,0.32446,1
ILSVRC2012_val_00003747_with_ILSVRC2012_val_00034184_rank551,171,172,0.49474,1
ILSVRC2012_val_00003747_with_ILSVRC2012_val_00040040_rank285,207,207,0.7623,0
ILSVRC2012_val_00003747_with_ILSVRC2012_val_00015207_rank911,546,595,0.37285,415
ILSVRC2012_val_00003747_with_ILSVRC2012_val_00046441_rank318,716,716,0.58402,0
ILSVRC2012_val_00003747_with_ILSVRC2012_val_00024354_rank431,110,701,0.89936,201
ILSVRC2012_val_00003747_with_ILSVRC2012_val_00034255_rank045,69,69,0.65286,0
ILSVRC2012_val_00003747_with_ILSVRC2012_val_00030902_rank747,308,314,0.10756,24
ILSVRC2012_val_00003747_with_ILSVRC2012_val_00001267_rank229,168,159,0.41254,1
ILSVRC2012_val_00003747_with_ILSVRC2012_val_00002658_rank564,139,83,0.36403,28
ILSVRC2012_val_00003747_with_ILSVRC2012_val_00031886_rank270,514,658,0.16371,59
ILSVRC2012_val_00003747_with_ILSVRC2012_val_00009533_rank422,396,396,0.52502,0
ILSVRC2012_val_00003747_with_ILSVRC2012_val_00016819_rank208,805,805,0.98128,0
ILSVRC2012_val_00003747_with_ILSVRC2012_val_00029158_rank561,783,783,0.89023,0
ILSVRC2012_val_00003747_with_ILSVRC2012_val_00003883_rank925,903,903,0.18959,0
ILSVRC2012_val_00003747_with_ILSVRC2012_val_00027744_rank584,951,951,0.50285,0
ILSVRC2012_val_00003747_with_ILSVRC2012_val_00012414_rank094,334,334,0.95346,0
ILSVRC2012_val_00003747_with_ILSVRC2012_val_00041350_rank904,518,518,0.92885,0
ILSVRC2012_val_00003747_with_ILSVRC2012_val_00000728_rank474,924,958,0.87233,631
ILSVRC2012_val_00003747_with_ILSVRC2012_val_00049400_rank1000,852,852,0.9701,0
ILSVRC2012_val_00003747_with_ILSVRC2012_val_00010387_rank975,845,413,0.77585,126
ILSVRC2012_val_00003747_with_ILSVRC2012_val_00046890_rank658,651,651,0.95705,0
ILSVRC2012_val_00003747_with_ILSVRC2012_val_00021868_rank918,488,62,0.15216,90
ILSVRC2012_val_00003747_with_ILSVRC2012_val_00002768_rank890,647,600,0.39125,532
ILSVRC2012_val_00003747_with_ILSVRC2012_val_00026409_rank309,665,676,0.30091,466
ILSVRC2012_val_00003747_with_ILSVRC2012_val_00038881_rank532,513,730,0.19045,146
ILSVRC2012_val_00003747_with_ILSVRC2012_val_00037831_rank122,130,130,0.8961,0
ILSVRC2012_val_00003747_with_ILSVRC2012_val_00019225_rank449,410,410,0.97302,0
ILSVRC2012_val_00003747_with_ILSVRC2012_val_00017614_rank891,749,23,0.78336,475
ILSVRC2012_val_00003747_with_ILSVRC2012_val_00014158_rank296,142,142,0.91159,0
ILSVRC2012_val_00003747_with_ILSVRC2012_val_00009455_rank999,606,606,0.98912,0
ILSVRC2012_val_00003747_with_ILSVRC2012_val_00017879_rank351,230,230,0.48396,0
ILSVRC2012_val_00003747_with_ILSVRC2012_val_00017535_rank970,185,185,0.93797,0
ILSVRC2012_val_00003747_with_ILSVRC2012_val_00032555_rank933,894,894,0.6052,0
ILSVRC2012_val_00003747_with_ILSVRC2012_val_00027099_rank776,664,782,0.48234,1
ILSVRC2012_val_00003747_with_ILSVRC2012_val_00025030_rank999,606,606,0.95441,0
ILSVRC2012_val_00003747_with_ILSVRC2012_val_00005457_rank802,195,195,0.93092,0
ILSVRC2012_val_00003747_with_ILSVRC2012_val_00031324_rank512,689,43,0.92451,51
ILSVRC2012_val_00003747_with_ILSVRC2012_val_00026160_rank912,526,660,0.36466,130
ILSVRC2012_val_00003747_with_ILSVRC2012_val_00001548_rank867,173,173,0.95038,0
ILSVRC2012_val_00003747_with_ILSVRC2012_val_00030233_rank100,379,381,0.29104,1
ILSVRC2012_val_00003747_with_ILSVRC2012_val_00035493_rank060,371,381,0.86839,9
ILSVRC2012_val_00003747_with_ILSVRC2012_val_00044125_rank087,821,821,0.64482,0
ILSVRC2012_val_00003747_with_ILSVRC2012_val_00039666_rank827,199,197,0.53779,1
ILSVRC2012_val_00003747_with_ILSVRC2012_val_00039567_rank719,785,464,0.29516,7
ILSVRC2012_val_00003747_with_ILSVRC2012_val_00041643_rank162,269,272,0.81577,2
ILSVRC2012_val_00003747_with_ILSVRC2012_val_00018707_rank988,711,711,0.53468,0
ILSVRC2012_val_00003747_with_ILSVRC2012_val_00018649_rank163,167,167,0.91294,0
ILSVRC2012_val_00003747_with_ILSVRC2012_val_00016269_rank138,880,880,0.29728,0
ILSVRC2012_val_00003747_with_ILSVRC2012_val_00027696_rank779,904,556,0.52516,2
ILSVRC2012_val_00003747_with_ILSVRC2012_val_00015338_rank277,190,222,0.57226,17
ILSVRC2012_val_00003747_with_ILSVRC2012_val_00024862_rank445,942,986,0.82333,44
ILSVRC2012_val_00003747_with_ILSVRC2012_val_00012767_rank244,497,425,0.3902,4
ILSVRC2012_val_00003747_with_ILSVRC2012_val_00031785_rank638,212,212,0.93367,0
ILSVRC2012_val_00003747_with_ILSVRC2012_val_00008201_rank716,202,202,0.90379,0
ILSVRC2012_val_00003747_with_ILSVRC2012_val_00033134_rank062,50,50,0.37998,0
ILSVRC2012_val_00003747_with_ILSVRC2012_val_00018515_rank797,666,666,0.90132,0
ILSVRC2012_val_00003747_with_ILSVRC2012_val_00016273_rank672,327,616,0.20665,22
ILSVRC2012_val_00003747_with_ILSVRC2012_val_00031556_rank707,753,753,0.81538,0
ILSVRC2012_val_00003747_with_ILSVRC2012_val_00032440_rank768,76,76,0.92141,0
ILSVRC2012_val_00003747_with_ILSVRC2012_val_00043858_rank738,990,990,0.91165,0
ILSVRC2012_val_00003747_with_ILSVRC2012_val_00020540_rank275,484,621,0.15884,244
ILSVRC2012_val_00003747_with_ILSVRC2012_val_00045448_rank807,552,9,0.57261,426
ILSVRC2012_val_00003747_with_ILSVRC2012_val_00016319_rank157,270,270,0.92846,0
ILSVRC2012_val_00003747_with_ILSVRC2012_val_00011985_rank602,152,152,0.93064,0
ILSVRC2012_val_00003747_with_ILSVRC2012_val_00024487_rank307,671,671,0.76772,0
ILSVRC2012_val_00003747_with_ILSVRC2012_val_00038434_rank051,205,205,0.55482,0
ILSVRC2012_val_00003747_with_ILSVRC2012_val_00035389_rank809,13,13,0.94161,0
ILSVRC2012_val_00003747_with_ILSVRC2012_val_00045240_rank740,502,354,0.22451,743
ILSVRC2012_val_00003747_with_ILSVRC2012_val_00008718_rank486,75,75,0.5259,0
ILSVRC2012_val_00003747_with_ILSVRC2012_val_00020527_rank815,503,503,0.97342,0
ILSVRC2012_val_00003747_with_ILSVRC2012_val_00024999_rank399,597,597,0.64453,0
ILSVRC2012_val_00003747_with_ILSVRC2012_val_00045892_rank750,662,847,0.36047,695
ILSVRC2012_val_00003747_with_ILSVRC2012_val_00016612_rank804,338,338,0.95733,0
ILSVRC2012_val_00003747_with_ILSVRC2012_val_00038041_rank891,749,456,0.14084,5
ILSVRC2012_val_00003747_with_ILSVRC2012_val_00045508_rank578,596,596,0.99205,0
ILSVRC2012_val_00003747_with_ILSVRC2012_val_00025693_rank178,937,938,0.32813,1
ILSVRC2012_val_00003747_with_ILSVRC2012_val_00018368_rank993,435,730,0.94218,427
ILSVRC2012_val_00003747_with_ILSVRC2012_val_00008810_rank541,55,64,0.47273,1
ILSVRC2012_val_00003747_with_ILSVRC2012_val_00008726_rank168,277,277,0.40277,0
ILSVRC2012_val_00003747_with_ILSVRC2012_val_00003657_rank879,883,469,0.4156,40
ILSVRC2012_val_00003747_with_ILSVRC2012_val_00015642_rank499,577,618,0.33759,54
ILSVRC2012_val_00003747_with_ILSVRC2012_val_00018950_rank188,668,538,0.24786,1
ILSVRC2012_val_00003747_with_ILSVRC2012_val_00043089_rank450,208,208,0.93374,0
ILSVRC2012_val_00003747_with_ILSVRC2012_val_00037267_rank667,830,912,0.25149,524
ILSVRC2012_val_00003747_with_ILSVRC2012_val_00029377_rank161,569,569,0.79034,0
ILSVRC2012_val_00003747_with_ILSVRC2012_val_00015763_rank150,825,825,0.8442,0
ILSVRC2012_val_00003747_with_ILSVRC2012_val_00009143_rank859,641,21,0.06378,600
ILSVRC2012_val_00003747_with_ILSVRC2012_val_00018386_rank442,850,348,0.18595,54
ILSVRC2012_val_00003747_with_ILSVRC2012_val_00028741_rank629,494,816,0.20782,34
ILSVRC2012_val_00003747_with_ILSVRC2012_val_00020178_rank775,14,14,0.90512,0
ILSVRC2012_val_00003747_with_ILSVRC2012_val_00033946_rank178,937,567,0.8165,34
ILSVRC2012_val_00003747_with_ILSVRC2012_val_00022224_rank839,320,320,0.82669,0
ILSVRC2012_val_00003747_with_ILSVRC2012_val_00044980_rank088,43,43,0.99381,0
ILSVRC2012_val_00003747_with_ILSVRC2012_val_00018975_rank169,444,444,0.97755,0
ILSVRC2012_val_00003747_with_ILSVRC2012_val_00036466_rank443,357,298,0.76502,6
ILSVRC2012_val_00003747_with_ILSVRC2012_val_00008340_rank854,721,293,0.33327,862
ILSVRC2012_val_00003747_with_ILSVRC2012_val_00030944_rank624,800,856,0.33034,130
ILSVRC2012_val_00003747_with_ILSVRC2012_val_00024118_rank226,364,9,0.72895,136
ILSVRC2012_val_00003747_with_ILSVRC2012_val_00002632_rank282,865,351,0.44968,713
ILSVRC2012_val_00003747_with_ILSVRC2012_val_00032211_rank233,561,561,0.90448,0
ILSVRC2012_val_00003747_with_ILSVRC2012_val_00038758_rank058,363,363,0.95206,0
ILSVRC2012_val_00003747_with_ILSVRC2012_val_00008256_rank017,366,367,0.84492,1
ILSVRC2012_val_00003747_with_ILSVRC2012_val_00010463_rank773,434,211,0.98407,228
ILSVRC2012_val_00003747_with_ILSVRC2012_val_00002622_rank541,55,55,0.90638,0
ILSVRC2012_val_00003747_with_ILSVRC2012_val_00009135_rank380,655,701,0.79931,903
ILSVRC2012_val_00003747_with_ILSVRC2012_val_00017140_rank119,387,387,0.9417,0
ILSVRC2012_val_00003747_with_ILSVRC2012_val_00040852_rank102,368,368,0.91562,0
ILSVRC2012_val_00003747_with_ILSVRC2012_val_00014536_rank894,773,855,0.95244,3
ILSVRC2012_val_00003747_with_ILSVRC2012_val_00042279_rank101,755,755,0.85639,0
ILSVRC2012_val_00003747_with_ILSVRC2012_val_00033370_rank583,741,741,0.41549,0
ILSVRC2012_val_00003747_with_ILSVRC2012_val_00016668_rank508,184,184,0.69958,0
ILSVRC2012_val_00003747_with_ILSVRC2012_val_00041426_rank967,618,618,0.67365,0
ILSVRC2012_val_00003747_with_ILSVRC2012_val_00016902_rank802,195,195,0.85063,0
ILSVRC2012_val_00003747_with_ILSVRC2012_val_00020048_rank801,633,567,0.0716,74
ILSVRC2012_val_00003747_with_ILSVRC2012_val_00013055_rank563,764,764,0.83188,0
ILSVRC2012_val_00003747_with_ILSVRC2012_val_00008884_rank618,461,524,0.50452,1
ILSVRC2012_val_00003747_with_ILSVRC2012_val_00049238_rank771,463,653,0.82344,2
ILSVRC2012_val_00003747_with_ILSVRC2012_val_00024918_rank131,947,947,0.37401,0
ILSVRC2012_val_00003747_with_ILSVRC2012_val_00018618_rank199,44,363,0.17501,33
ILSVRC2012_val_00003747_with_ILSVRC2012_val_00030936_rank278,300,300,0.91704,0
ILSVRC2012_val_00003747_with_ILSVRC2012_val_00022481_rank888,784,730,0.39542,778
ILSVRC2012_val_00003747_with_ILSVRC2012_val_00035539_rank250,661,661,0.3803,0
ILSVRC2012_val_00003747_with_ILSVRC2012_val_00024558_rank343,301,301,0.93302,0
ILSVRC2012_val_00003747_with_ILSVRC2012_val_00005600_rank670,678,701,0.13293,330
ILSVRC2012_val_00003747_with_ILSVRC2012_val_00038426_rank242,90,136,0.34902,18
ILSVRC2012_val_00003747_with_ILSVRC2012_val_00014058_rank470,194,194,0.94551,0
ILSVRC2012_val_00003747_with_ILSVRC2012_val_00030810_rank051,205,205,0.79768,0
ILSVRC2012_val_00003747_with_ILSVRC2012_val_00008746_rank482,15,95,0.57695,10
ILSVRC2012_val_00003747_with_ILSVRC2012_val_00013626_rank754,941,936,0.54017,15
ILSVRC2012_val_00003747_with_ILSVRC2012_val_00030991_rank014,349,349,0.85236,0
ILSVRC2012_val_00003747_with_ILSVRC2012_val_00000593_rank071,132,129,0.7805,2
ILSVRC2012_val_00003747_with_ILSVRC2012_val_00037082_rank148,900,900,0.92042,0
ILSVRC2012_val_00003747_with_ILSVRC2012_val_00036264_rank709,222,257,0.65939,1
ILSVRC2012_val_00003747_with_ILSVRC2012_val_00042963_rank792,927,927,0.33006,0
ILSVRC2012_val_00003747_with_ILSVRC2012_val_00023549_rank384,547,547,0.90945,0
ILSVRC2012_val_00003747_with_ILSVRC2012_val_00006636_rank779,904,904,0.90657,0
ILSVRC2012_val_00003747_with_ILSVRC2012_val_00039413_rank185,839,835,0.06733,27
ILSVRC2012_val_00003747_with_ILSVRC2012_val_00029440_rank903,704,704,0.95274,0
ILSVRC2012_val_00003747_with_ILSVRC2012_val_00022776_rank145,243,243,0.77204,0
ILSVRC2012_val_00003747_with_ILSVRC2012_val_00049771_rank171,834,834,0.77051,0
ILSVRC2012_val_00003747_with_ILSVRC2012_val_00027011_rank686,174,174,0.89488,0
ILSVRC2012_val_00003747_with_ILSVRC2012_val_00023704_rank950,422,471,0.51282,24
ILSVRC2012_val_00003747_with_ILSVRC2012_val_00047777_rank655,956,956,0.91404,0
ILSVRC2012_val_00003747_with_ILSVRC2012_val_00000688_rank259,62,62,0.47774,0
ILSVRC2012_val_00003747_with_ILSVRC2012_val_00032082_rank069,99,8,0.48918,22
ILSVRC2012_val_00003747_with_ILSVRC2012_val_00044202_rank370,192,192,0.90772,0
ILSVRC2012_val_00003747_with_ILSVRC2012_val_00022470_rank025,48,48,0.87718,0
ILSVRC2012_val_00003747_with_ILSVRC2012_val_00049653_rank811,201,201,0.80195,0
ILSVRC2012_val_00003747_with_ILSVRC2012_val_00024539_rank771,463,463,0.98727,0
ILSVRC2012_val_00003747_with_ILSVRC2012_val_00015496_rank525,726,730,0.41878,70
ILSVRC2012_val_00003747_with_ILSVRC2012_val_00027789_rank934,331,331,0.94297,0
ILSVRC2012_val_00003747_with_ILSVRC2012_val_00003500_rank287,384,384,0.90299,0
ILSVRC2012_val_00003747_with_ILSVRC2012_val_00008442_rank840,700,700,0.98182,0
ILSVRC2012_val_00003747_with_ILSVRC2012_val_00023694_rank428,611,701,0.09783,804
ILSVRC2012_val_00003747_with_ILSVRC2012_val_00001870_rank908,697,211,0.21571,174
ILSVRC2012_val_00003747_with_ILSVRC2012_val_00029939_rank112,290,288,0.88386,1
ILSVRC2012_val_00003747_with_ILSVRC2012_val_00036736_rank167,425,425,0.91571,0
ILSVRC2012_val_00003747_with_ILSVRC2012_val_00011356_rank551,171,171,0.6063,0
ILSVRC2012_val_00003747_with_ILSVRC2012_val_00020215_rank280,377,377,0.5745,0
ILSVRC2012_val_00003747_with_ILSVRC2012_val_00002583_rank039,350,202,0.3164,259
ILSVRC2012_val_00003747_with_ILSVRC2012_val_00035961_rank273,510,510,0.95912,0
ILSVRC2012_val_00003747_with_ILSVRC2012_val_00024223_rank040,958,958,0.96645,0
ILSVRC2012_val_00003747_with_ILSVRC2012_val_00030915_rank565,180,246,0.22947,4
ILSVRC2012_val_00003747_with_ILSVRC2012_val_00028623_rank190,278,278,0.50268,0
ILSVRC2012_val_00003747_with_ILSVRC2012_val_00035991_rank862,719,719,0.95428,0
ILSVRC2012_val_00003747_with_ILSVRC2012_val_00018614_rank910,725,725,0.60719,0
ILSVRC2012_val_00003747_with_ILSVRC2012_val_00016183_rank857,26,26,0.70328,0
ILSVRC2012_val_00003747_with_ILSVRC2012_val_00017032_rank077,128,128,0.5269,0
ILSVRC2012_val_00003747_with_ILSVRC2012_val_00038219_rank927,419,807,0.96988,725
ILSVRC2012_val_00003747_with_ILSVRC2012_val_00036867_rank793,414,879,0.10437,89
ILSVRC2012_val_00003747_with_ILSVRC2012_val_00036650_rank239,33,36,0.54866,2
ILSVRC2012_val_00003747_with_ILSVRC2012_val_00039933_rank759,28,28,0.90104,0
ILSVRC2012_val_00003747_with_ILSVRC2012_val_00017353_rank060,371,382,0.61897,5
ILSVRC2012_val_00003747_with_ILSVRC2012_val_00028806_rank433,928,993,0.87923,163
ILSVRC2012_val_00003747_with_ILSVRC2012_val_00022147_rank713,940,940,0.05991,0
ILSVRC2012_val_00003747_with_ILSVRC2012_val_00042761_rank250,661,856,0.86075,14
ILSVRC2012_val_00003747_with_ILSVRC2012_val_00043946_rank368,814,814,0.76866,0
ILSVRC2012_val_00003747_with_ILSVRC2012_val_00016577_rank694,237,237,0.66893,0
ILSVRC2012_val_00003747_with_ILSVRC2012_val_00027412_rank419,981,429,0.65495,1
ILSVRC2012_val_00003747_with_ILSVRC2012_val_00046648_rank523,489,912,0.81057,1
ILSVRC2012_val_00003747_with_ILSVRC2012_val_00045435_rank028,150,150,0.72627,0
ILSVRC2012_val_00003747_with_ILSVRC2012_val_00035036_rank349,250,250,0.48638,0
ILSVRC2012_val_00003747_with_ILSVRC2012_val_00027079_rank075,22,22,0.92665,0
ILSVRC2012_val_00003747_with_ILSVRC2012_val_00002860_rank947,567,567,0.83036,0
ILSVRC2012_val_00003747_with_ILSVRC2012_val_00044712_rank467,938,938,0.89569,0
ILSVRC2012_val_00003747_with_ILSVRC2012_val_00048160_rank528,284,284,0.92546,0
ILSVRC2012_val_00003747_with_ILSVRC2012_val_00007065_rank625,78,350,0.40016,197
ILSVRC2012_val_00003747_with_ILSVRC2012_val_00025339_rank639,65,65,0.88995,0
ILSVRC2012_val_00003747_with_ILSVRC2012_val_00040262_rank514,917,921,0.47858,1
ILSVRC2012_val_00003747_with_ILSVRC2012_val_00042934_rank588,601,601,0.6825,0
ILSVRC2012_val_00003747_with_ILSVRC2012_val_00017639_rank296,142,142,0.93391,0
ILSVRC2012_val_00003747_with_ILSVRC2012_val_00033919_rank566,949,949,0.83712,0
ILSVRC2012_val_00003747_with_ILSVRC2012_val_00025367_rank639,65,65,0.55223,0
ILSVRC2012_val_00003747_with_ILSVRC2012_val_00033424_rank856,736,736,0.52309,0
ILSVRC2012_val_00003747_with_ILSVRC2012_val_00015258_rank354,739,112,0.44897,604
ILSVRC2012_val_00003747_with_ILSVRC2012_val_00011853_rank591,73,73,0.48407,0
ILSVRC2012_val_00003747_with_ILSVRC2012_val_00008470_rank718,885,728,0.13295,578
ILSVRC2012_val_00003747_with_ILSVRC2012_val_00034769_rank085,305,305,0.44384,0
ILSVRC2012_val_00003747_with_ILSVRC2012_val_00032501_rank609,988,988,0.36318,0
ILSVRC2012_val_00003747_with_ILSVRC2012_val_00029192_rank516,323,323,0.93354,0
ILSVRC2012_val_00003747_with_ILSVRC2012_val_00005163_rank824,841,843,0.31124,220
ILSVRC2012_val_00003747_with_ILSVRC2012_val_00024654_rank503,590,590,0.93966,0
ILSVRC2012_val_00003747_with_ILSVRC2012_val_00039205_rank977,748,748,0.62949,0
ILSVRC2012_val_00003747_with_ILSVRC2012_val_00026154_rank145,243,243,0.64409,0
ILSVRC2012_val_00003747_with_ILSVRC2012_val_00044743_rank960,187,186,0.27794,3
ILSVRC2012_val_00003747_with_ILSVRC2012_val_00006170_rank587,560,560,0.8392,0
ILSVRC2012_val_00003747_with_ILSVRC2012_val_00005359_rank726,796,796,0.86475,0
ILSVRC2012_val_00003747_with_ILSVRC2012_val_00025914_rank163,167,162,0.57069,2
ILSVRC2012_val_00003747_with_ILSVRC2012_val_00002325_rank867,173,172,0.51873,2
ILSVRC2012_val_00003747_with_ILSVRC2012_val_00032790_rank270,514,514,0.98266,0
ILSVRC2012_val_00003747_with_ILSVRC2012_val_00027458_rank374,486,595,0.10972,429
ILSVRC2012_val_00003747_with_ILSVRC2012_val_00025494_rank865,840,462,0.20392,1
ILSVRC2012_val_00003747_with_ILSVRC2012_val_00023208_rank036,148,148,0.94619,0
ILSVRC2012_val_00003747_with_ILSVRC2012_val_00021139_rank152,80,80,0.89445,0
ILSVRC2012_val_00003747_with_ILSVRC2012_val_00030655_rank346,775,539,0.10445,417
ILSVRC2012_val_00003747_with_ILSVRC2012_val_00005186_rank105,129,129,0.90036,0
ILSVRC2012_val_00003747_with_ILSVRC2012_val_00008306_rank909,837,345,0.66314,643
ILSVRC2012_val_00003747_with_ILSVRC2012_val_00010082_rank694,237,234,0.37311,3
ILSVRC2012_val_00003747_with_ILSVRC2012_val_00020168_rank963,659,787,0.76822,206
ILSVRC2012_val_00003747_with_ILSVRC2012_val_00009967_rank290,475,475,0.64352,0
ILSVRC2012_val_00003747_with_ILSVRC2012_val_00005534_rank670,678,637,0.09029,922
ILSVRC2012_val_00003747_with_ILSVRC2012_val_00030152_rank917,797,797,0.77133,0
ILSVRC2012_val_00003747_with_ILSVRC2012_val_00023577_rank235,210,210,0.80217,0
ILSVRC2012_val_00003747_with_ILSVRC2012_val_00001935_rank247,6,6,0.46293,0
ILSVRC2012_val_00003747_with_ILSVRC2012_val_00025738_rank219,63,63,0.87173,0
ILSVRC2012_val_00003747_with_ILSVRC2012_val_00021481_rank972,778,778,0.9262,0
ILSVRC2012_val_00003747_with_ILSVRC2012_val_00006893_rank449,410,410,0.5192,0
ILSVRC2012_val_00003747_with_ILSVRC2012_val_00012822_rank323,866,866,0.48908,0
ILSVRC2012_val_00003747_with_ILSVRC2012_val_00037635_rank869,440,440,0.49155,0
ILSVRC2012_val_00003747_with_ILSVRC2012_val_00037783_rank444,451,456,0.06754,197
ILSVRC2012_val_00003747_with_ILSVRC2012_val_00038370_rank989,761,761,0.77243,0
ILSVRC2012_val_00003747_with_ILSVRC2012_val_00048126_rank945,588,790,0.27369,1
ILSVRC2012_val_00003747_with_ILSVRC2012_val_00015901_rank958,644,502,0.18963,637
ILSVRC2012_val_00003747_with_ILSVRC2012_val_00034176_rank135,127,127,0.94724,0
ILSVRC2012_val_00003747_with_ILSVRC2012_val_00040998_rank019,49,49,0.92598,0
ILSVRC2012_val_00003747_with_ILSVRC2012_val_00031020_rank495,71,71,0.96846,0
ILSVRC2012_val_00003747_with_ILSVRC2012_val_00011745_rank734,889,889,0.45324,0
ILSVRC2012_val_00003747_with_ILSVRC2012_val_00004985_rank481,333,338,0.37845,1
ILSVRC2012_val_00003747_with_ILSVRC2012_val_00042329_rank838,729,595,0.62539,577
ILSVRC2012_val_00003747_with_ILSVRC2012_val_00030157_rank429,465,465,0.16305,0
ILSVRC2012_val_00003747_with_ILSVRC2012_val_00047057_rank832,530,530,0.96441,0
ILSVRC2012_val_00003747_with_ILSVRC2012_val_00035272_rank745,945,945,0.89709,0
ILSVRC2012_val_00003747_with_ILSVRC2012_val_00019036_rank916,81,81,0.88451,0
ILSVRC2012_val_00003747_with_ILSVRC2012_val_00013745_rank887,504,504,0.34317,0
ILSVRC2012_val_00003747_with_ILSVRC2012_val_00034752_rank860,948,948,0.72499,0
ILSVRC2012_val_00003747_with_ILSVRC2012_val_00034196_rank710,640,646,0.72167,2
ILSVRC2012_val_00003747_with_ILSVRC2012_val_00002743_rank875,123,83,0.28077,178
ILSVRC2012_val_00003747_with_ILSVRC2012_val_00033003_rank133,161,161,0.92902,0
ILSVRC2012_val_00003747_with_ILSVRC2012_val_00033720_rank701,186,182,0.41112,5
ILSVRC2012_val_00003747_with_ILSVRC2012_val_00004654_rank493,533,911,0.39859,10
ILSVRC2012_val_00003747_with_ILSVRC2012_val_00017419_rank856,736,672,0.68284,107
ILSVRC2012_val_00003747_with_ILSVRC2012_val_00038807_rank829,549,748,0.54148,12
ILSVRC2012_val_00003747_with_ILSVRC2012_val_00007086_rank350,239,232,0.65906,3
ILSVRC2012_val_00003747_with_ILSVRC2012_val_00004555_rank189,47,39,0.2555,7
ILSVRC2012_val_00003747_with_ILSVRC2012_val_00034635_rank061,853,853,0.35754,0
ILSVRC2012_val_00003747_with_ILSVRC2012_val_00006894_rank303,913,913,0.56846,0
ILSVRC2012_val_00003747_with_ILSVRC2012_val_00010782_rank623,591,591,0.17076,0
ILSVRC2012_val_00003747_with_ILSVRC2012_val_00047905_rank342,495,495,0.88198,0
ILSVRC2012_val_00003747_with_ILSVRC2012_val_00015884_rank682,478,730,0.53973,619
ILSVRC2012_val_00003747_with_ILSVRC2012_val_00003392_rank092,109,109,0.87859,0
ILSVRC2012_val_00003747_with_ILSVRC2012_val_00041873_rank545,468,468,0.25787,0
ILSVRC2012_val_00003747_with_ILSVRC2012_val_00044877_rank520,992,992,0.87284,0
ILSVRC2012_val_00003747_with_ILSVRC2012_val_00048116_rank082,147,147,0.2216,0
ILSVRC2012_val_00003747_with_ILSVRC2012_val_00042503_rank170,734,609,0.93631,7
ILSVRC2012_val_00003747_with_ILSVRC2012_val_00024735_rank973,795,795,0.23147,0
ILSVRC2012_val_00003747_with_ILSVRC2012_val_00027069_rank043,286,291,0.57041,1
ILSVRC2012_val_00003747_with_ILSVRC2012_val_00040802_rank326,255,255,0.87444,0
ILSVRC2012_val_00003747_with_ILSVRC2012_val_00018955_rank203,995,995,0.80711,0
ILSVRC2012_val_00003747_with_ILSVRC2012_val_00036695_rank389,817,817,0.8496,0
ILSVRC2012_val_00003747_with_ILSVRC2012_val_00012343_rank016,291,291,0.91127,0
ILSVRC2012_val_00003747_with_ILSVRC2012_val_00029258_rank084,698,586,0.2243,167
ILSVRC2012_val_00003747_with_ILSVRC2012_val_00004772_rank388,328,328,0.8275,0
ILSVRC2012_val_00003747_with_ILSVRC2012_val_00011071_rank878,119,119,0.56263,0
ILSVRC2012_val_00003747_with_ILSVRC2012_val_00010659_rank315,925,535,0.23525,168
ILSVRC2012_val_00003747_with_ILSVRC2012_val_00013104_rank315,925,925,0.46937,0
ILSVRC2012_val_00003747_with_ILSVRC2012_val_00033121_rank842,798,798,0.52859,0
ILSVRC2012_val_00003747_with_ILSVRC2012_val_00038582_rank461,522,522,0.74456,0
ILSVRC2012_val_00003747_with_ILSVRC2012_val_00045722_rank233,561,561,0.80626,0
ILSVRC2012_val_00003747_with_ILSVRC2012_val_00041211_rank765,390,21,0.31548,580
ILSVRC2012_val_00003747_with_ILSVRC2012_val_00017311_rank162,269,269,0.85021,0
ILSVRC2012_val_00003747_with_ILSVRC2012_val_00026827_rank821,658,658,0.10828,0
ILSVRC2012_val_00003747_with_ILSVRC2012_val_00010308_rank121,135,135,0.91695,0
ILSVRC2012_val_00003747_with_ILSVRC2012_val_00007358_rank855,621,621,0.87074,0
ILSVRC2012_val_00003747_with_ILSVRC2012_val_00029386_rank493,533,412,0.11898,963
ILSVRC2012_val_00003747_with_ILSVRC2012_val_00048907_rank590,85,85,0.90292,0
ILSVRC2012_val_00003747_with_ILSVRC2012_val_00005416_rank496,38,38,0.93676,0
ILSVRC2012_val_00003747_with_ILSVRC2012_val_00010945_rank222,228,228,0.77366,0
ILSVRC2012_val_00003747_with_ILSVRC2012_val_00006734_rank906,362,362,0.96465,0
ILSVRC2012_val_00003747_with_ILSVRC2012_val_00024460_rank213,955,351,0.08467,535
ILSVRC2012_val_00003747_with_ILSVRC2012_val_00046544_rank672,327,327,0.97791,0
ILSVRC2012_val_00003747_with_ILSVRC2012_val_00042391_rank115,244,244,0.92542,0
ILSVRC2012_val_00003747_with_ILSVRC2012_val_00012255_rank218,267,267,0.63979,0
ILSVRC2012_val_00003747_with_ILSVRC2012_val_00017100_rank480,326,352,0.0561,151
ILSVRC2012_val_00003747_with_ILSVRC2012_val_00045762_rank460,735,539,0.2004,41
ILSVRC2012_val_00003747_with_ILSVRC2012_val_00045929_rank826,411,411,0.55382,0
ILSVRC2012_val_00003747_with_ILSVRC2012_val_00045365_rank314,708,727,0.37305,28
ILSVRC2012_val_00003747_with_ILSVRC2012_val_00024924_rank252,126,340,0.17682,601
ILSVRC2012_val_00003747_with_ILSVRC2012_val_00030620_rank470,194,194,0.42625,0
ILSVRC2012_val_00003747_with_ILSVRC2012_val_00042206_rank182,246,246,0.87918,0
ILSVRC2012_val_00003747_with_ILSVRC2012_val_00037820_rank730,169,169,0.88748,0
ILSVRC2012_val_00003747_with_ILSVRC2012_val_00018753_rank932,768,768,0.93686,0
ILSVRC2012_val_00003747_with_ILSVRC2012_val_00005768_rank968,32,32,0.89273,0
ILSVRC2012_val_00003747_with_ILSVRC2012_val_00038514_rank815,503,503,0.66502,0
ILSVRC2012_val_00003747_with_ILSVRC2012_val_00006128_rank629,494,728,0.05605,695
ILSVRC2012_val_00003747_with_ILSVRC2012_val_00030317_rank224,832,637,0.22661,170
ILSVRC2012_val_00003747_with_ILSVRC2012_val_00045587_rank460,735,735,0.86134,0
ILSVRC2012_val_00003747_with_ILSVRC2012_val_00013115_rank874,923,868,0.19042,13
ILSVRC2012_val_00003747_with_ILSVRC2012_val_00004148_rank703,166,211,0.86002,32
ILSVRC2012_val_00003747_with_ILSVRC2012_val_00033545_rank902,771,771,0.94907,0
ILSVRC2012_val_00003747_with_ILSVRC2012_val_00023593_rank183,895,895,0.65546,0
ILSVRC2012_val_00003747_with_ILSVRC2012_val_00034921_rank769,310,310,0.92913,0
ILSVRC2012_val_00003747_with_ILSVRC2012_val_00029576_rank663,758,138,0.84567,902
ILSVRC2012_val_00003747_with_ILSVRC2012_val_00035285_rank652,746,351,0.08429,988
ILSVRC2012_val_00003747_with_ILSVRC2012_val_00021351_rank069,99,99,0.54218,0
ILSVRC2012_val_00003747_with_ILSVRC2012_val_00047497_rank242,90,90,0.97896,0
ILSVRC2012_val_00003747_with_ILSVRC2012_val_00024424_rank962,587,587,0.38441,0
ILSVRC2012_val_00003747_with_ILSVRC2012_val_00025085_rank752,218,179,0.10623,80
ILSVRC2012_val_00003747_with_ILSVRC2012_val_00047061_rank194,68,66,0.61114,1
ILSVRC2012_val_00003747_with_ILSVRC2012_val_00021086_rank616,317,317,0.95599,0
ILSVRC2012_val_00003747_with_ILSVRC2012_val_00046187_rank794,760,637,0.26412,89
ILSVRC2012_val_00003747_with_ILSVRC2012_val_00022523_rank623,591,591,0.1089,0
ILSVRC2012_val_00003747_with_ILSVRC2012_val_00009880_rank974,584,584,0.14455,0
ILSVRC2012_val_00003747_with_ILSVRC2012_val_00040634_rank859,641,641,0.7394,0
ILSVRC2012_val_00003747_with_ILSVRC2012_val_00015548_rank762,968,968,0.60291,0
ILSVRC2012_val_00003747_with_ILSVRC2012_val_00033242_rank639,65,65,0.84962,0
ILSVRC2012_val_00003747_with_ILSVRC2012_val_00004560_rank144,197,197,0.91613,0
ILSVRC2012_val_00003747_with_ILSVRC2012_val_00017835_rank512,689,514,0.15657,49
ILSVRC2012_val_00003747_with_ILSVRC2012_val_00044599_rank259,62,60,0.25886,3
ILSVRC2012_val_00003747_with_ILSVRC2012_val_00044139_rank309,665,665,0.95079,0
ILSVRC2012_val_00003747_with_ILSVRC2012_val_00000567_rank236,858,858,0.27806,0
ILSVRC2012_val_00003747_with_ILSVRC2012_val_00018999_rank205,483,730,0.37942,198
ILSVRC2012_val_00003747_with_ILSVRC2012_val_00041783_rank626,793,701,0.39436,205
ILSVRC2012_val_00003747_with_ILSVRC2012_val_00025032_rank583,741,741,0.26571,0
ILSVRC2012_val_00003747_with_ILSVRC2012_val_00011616_rank537,359,351,0.63124,103
ILSVRC2012_val_00003747_with_ILSVRC2012_val_00001770_rank937,653,603,0.79242,74
ILSVRC2012_val_00003747_with_ILSVRC2012_val_00042650_rank920,626,701,0.38439,371
ILSVRC2012_val_00003747_with_ILSVRC2012_val_00047193_rank016,291,291,0.98892,0
ILSVRC2012_val_00003747_with_ILSVRC2012_val_00002679_rank378,57,62,0.27631,9
ILSVRC2012_val_00003747_with_ILSVRC2012_val_00040103_rank590,85,276,0.15771,174
ILSVRC2012_val_00003747_with_ILSVRC2012_val_00026167_rank059,275,275,0.77981,0
ILSVRC2012_val_00003747_with_ILSVRC2012_val_00007717_rank953,428,603,0.51008,7
ILSVRC2012_val_00003747_with_ILSVRC2012_val_00010146_rank568,648,894,0.34515,3
ILSVRC2012_val_00003747_with_ILSVRC2012_val_00027511_rank358,279,279,0.92407,0
ILSVRC2012_val_00003747_with_ILSVRC2012_val_00028570_rank242,90,351,0.08556,793
ILSVRC2012_val_00003747_with_ILSVRC2012_val_00032134_rank236,858,69,0.08275,72
ILSVRC2012_val_00003747_with_ILSVRC2012_val_00010722_rank651,188,189,0.6445,2
ILSVRC2012_val_00003747_with_ILSVRC2012_val_00042624_rank526,309,309,0.64841,0
ILSVRC2012_val_00003747_with_ILSVRC2012_val_00026445_rank057,209,209,0.49683,0
ILSVRC2012_val_00003747_with_ILSVRC2012_val_00003772_rank577,430,430,0.95338,0
ILSVRC2012_val_00003747_with_ILSVRC2012_val_00011394_rank576,191,191,0.91168,0
ILSVRC2012_val_00003747_with_ILSVRC2012_val_00018645_rank521,25,25,0.80549,0
ILSVRC2012_val_00003747_with_ILSVRC2012_val_00036362_rank880,684,684,0.94451,0
ILSVRC2012_val_00003747_with_ILSVRC2012_val_00040242_rank075,22,22,0.86646,0
ILSVRC2012_val_00003747_with_ILSVRC2012_val_00029711_rank879,883,899,0.42489,5
ILSVRC2012_val_00003747_with_ILSVRC2012_val_00044896_rank477,2,3,0.65378,1
ILSVRC2012_val_00003747_with_ILSVRC2012_val_00037003_rank504,680,684,0.43063,31
ILSVRC2012_val_00003747_with_ILSVRC2012_val_00027672_rank890,647,987,0.72326,227
ILSVRC2012_val_00003747_with_ILSVRC2012_val_00021665_rank972,778,835,0.46454,54
ILSVRC2012_val_00003747_with_ILSVRC2012_val_00012759_rank113,39,80,0.20755,834
ILSVRC2012_val_00003747_with_ILSVRC2012_val_00047625_rank851,818,818,0.8282,0
ILSVRC2012_val_00003747_with_ILSVRC2012_val_00009590_rank392,95,95,0.6431,0
ILSVRC2012_val_00003747_with_ILSVRC2012_val_00004548_rank352,217,210,0.92502,7
ILSVRC2012_val_00003747_with_ILSVRC2012_val_00025728_rank257,612,701,0.34457,348
ILSVRC2012_val_00003747_with_ILSVRC2012_val_00001754_rank988,711,711,0.4975,0
ILSVRC2012_val_00003747_with_ILSVRC2012_val_00035335_rank581,572,572,0.74454,0
ILSVRC2012_val_00003747_with_ILSVRC2012_val_00005652_rank553,906,501,0.75924,41
ILSVRC2012_val_00003747_with_ILSVRC2012_val_00002744_rank223,931,596,0.64957,894
ILSVRC2012_val_00003747_with_ILSVRC2012_val_00036557_rank765,390,389,0.33969,14
ILSVRC2012_val_00003747_with_ILSVRC2012_val_00026398_rank299,511,511,0.58821,0
ILSVRC2012_val_00003747_with_ILSVRC2012_val_00040994_rank147,820,820,0.81641,0
ILSVRC2012_val_00003747_with_ILSVRC2012_val_00023607_rank015,9,9,0.93375,0
ILSVRC2012_val_00003747_with_ILSVRC2012_val_00036397_rank055,381,381,0.9463,0
ILSVRC2012_val_00003747_with_ILSVRC2012_val_00028656_rank306,84,84,0.98443,0
ILSVRC2012_val_00003747_with_ILSVRC2012_val_00046521_rank377,493,493,0.93559,0
ILSVRC2012_val_00003747_with_ILSVRC2012_val_00049801_rank036,148,148,0.78582,0
ILSVRC2012_val_00003747_with_ILSVRC2012_val_00032695_rank401,996,9,0.79996,714
ILSVRC2012_val_00003747_with_ILSVRC2012_val_00032250_rank255,571,637,0.80063,4
ILSVRC2012_val_00003747_with_ILSVRC2012_val_00049201_rank292,319,319,0.96386,0
ILSVRC2012_val_00003747_with_ILSVRC2012_val_00030188_rank041,298,291,0.33382,52
ILSVRC2012_val_00003747_with_ILSVRC2012_val_00044150_rank624,800,800,0.86487,0
ILSVRC2012_val_00003747_with_ILSVRC2012_val_00040952_rank825,240,240,0.9101,0
ILSVRC2012_val_00003747_with_ILSVRC2012_val_00009576_rank311,154,254,0.43973,10
ILSVRC2012_val_00003747_with_ILSVRC2012_val_00025179_rank527,627,627,0.5972,0
ILSVRC2012_val_00003747_with_ILSVRC2012_val_00030214_rank668,710,412,0.66945,43
ILSVRC2012_val_00003747_with_ILSVRC2012_val_00025551_rank666,216,216,0.94794,0
ILSVRC2012_val_00003747_with_ILSVRC2012_val_00043000_rank385,829,829,0.8365,0
ILSVRC2012_val_00003747_with_ILSVRC2012_val_00008751_rank832,530,530,0.89887,0
ILSVRC2012_val_00003747_with_ILSVRC2012_val_00046001_rank140,718,642,0.90707,142
ILSVRC2012_val_00003747_with_ILSVRC2012_val_00028213_rank528,284,284,0.88534,0
ILSVRC2012_val_00003747_with_ILSVRC2012_val_00004861_rank094,334,334,0.75879,0
ILSVRC2012_val_00003747_with_ILSVRC2012_val_00004329_rank477,2,2,0.69805,0
ILSVRC2012_val_00003747_with_ILSVRC2012_val_00010631_rank838,729,729,0.85405,0
ILSVRC2012_val_00003747_with_ILSVRC2012_val_00022729_rank779,904,674,0.2237,138
ILSVRC2012_val_00003747_with_ILSVRC2012_val_00027291_rank211,780,780,0.80417,0
ILSVRC2012_val_00003747_with_ILSVRC2012_val_00030683_rank684,622,622,0.92279,0
ILSVRC2012_val_00003747_with_ILSVRC2012_val_00026191_rank062,50,233,0.10793,433
ILSVRC2012_val_00003747_with_ILSVRC2012_val_00018194_rank654,932,912,0.33875,737
ILSVRC2012_val_00003747_with_ILSVRC2012_val_00039584_rank213,955,955,0.97371,0
ILSVRC2012_val_00003747_with_ILSVRC2012_val_00042027_rank019,49,206,0.51183,206
ILSVRC2012_val_00003747_with_ILSVRC2012_val_00042437_rank608,738,268,0.84277,299
ILSVRC2012_val_00003747_with_ILSVRC2012_val_00028899_rank901,429,429,0.93182,0
ILSVRC2012_val_00003747_with_ILSVRC2012_val_00039148_rank384,547,547,0.37149,0
ILSVRC2012_val_00003747_with_ILSVRC2012_val_00012221_rank814,253,253,0.93611,0
ILSVRC2012_val_00003747_with_ILSVRC2012_val_00046511_rank387,403,912,0.04772,271
ILSVRC2012_val_00003747_with_ILSVRC2012_val_00015113_rank934,331,331,0.93551,0
ILSVRC2012_val_00003747_with_ILSVRC2012_val_00018909_rank924,897,606,0.39855,19
ILSVRC2012_val_00003747_with_ILSVRC2012_val_00005189_rank118,181,181,0.90543,0
ILSVRC2012_val_00003747_with_ILSVRC2012_val_00000940_rank452,103,344,0.33942,11
ILSVRC2012_val_00003747_with_ILSVRC2012_val_00008388_rank096,137,137,0.91678,0
ILSVRC2012_val_00003747_with_ILSVRC2012_val_00007832_rank455,871,484,0.50713,1
ILSVRC2012_val_00003747_with_ILSVRC2012_val_00044219_rank542,556,556,0.74181,0
ILSVRC2012_val_00003747_with_ILSVRC2012_val_00012490_rank631,656,656,0.6398,0
ILSVRC2012_val_00003747_with_ILSVRC2012_val_00021878_rank225,912,912,0.95602,0
ILSVRC2012_val_00003747_with_ILSVRC2012_val_00023349_rank290,475,475,0.51511,0
ILSVRC2012_val_00003747_with_ILSVRC2012_val_00031565_rank226,364,364,0.57255,0
ILSVRC2012_val_00003747_with_ILSVRC2012_val_00003095_rank426,64,59,0.87074,2
ILSVRC2012_val_00003747_with_ILSVRC2012_val_00038493_rank186,74,73,0.98199,2
ILSVRC2012_val_00003747_with_ILSVRC2012_val_00039002_rank673,630,808,0.32605,51
ILSVRC2012_val_00003747_with_ILSVRC2012_val_00020392_rank814,253,240,0.50564,9
ILSVRC2012_val_00003747_with_ILSVRC2012_val_00040465_rank837,443,514,0.04454,990
ILSVRC2012_val_00003747_with_ILSVRC2012_val_00006938_rank673,630,630,0.79225,0
ILSVRC2012_val_00003747_with_ILSVRC2012_val_00040923_rank002,385,101,0.67121,1
ILSVRC2012_val_00003747_with_ILSVRC2012_val_00030208_rank183,895,895,0.88927,0
ILSVRC2012_val_00003747_with_ILSVRC2012_val_00008720_rank131,947,947,0.95473,0
ILSVRC2012_val_00003747_with_ILSVRC2012_val_00045930_rank151,211,211,0.9274,0
ILSVRC2012_val_00003747_with_ILSVRC2012_val_00006638_rank893,699,699,0.97607,0
ILSVRC2012_val_00003747_with_ILSVRC2012_val_00016914_rank578,596,730,0.65565,55
ILSVRC2012_val_00003747_with_ILSVRC2012_val_00014966_rank769,310,989,0.15474,31
ILSVRC2012_val_00003747_with_ILSVRC2012_val_00006668_rank168,277,277,0.79473,0
ILSVRC2012_val_00003747_with_ILSVRC2012_val_00011828_rank998,650,595,0.6142,428
ILSVRC2012_val_00003747_with_ILSVRC2012_val_00009699_rank647,669,915,0.94812,10
ILSVRC2012_val_00003747_with_ILSVRC2012_val_00024837_rank532,513,351,0.15965,791
ILSVRC2012_val_00003747_with_ILSVRC2012_val_00004358_rank644,200,200,0.97106,0
ILSVRC2012_val_00003747_with_ILSVRC2012_val_00039817_rank829,549,458,0.16827,149
ILSVRC2012_val_00003747_with_ILSVRC2012_val_00020730_rank454,20,20,0.8958,0
ILSVRC2012_val_00003747_with_ILSVRC2012_val_00030087_rank683,214,214,0.47474,0
ILSVRC2012_val_00003747_with_ILSVRC2012_val_00038723_rank855,621,621,0.85426,0
ILSVRC2012_val_00003747_with_ILSVRC2012_val_00026259_rank775,14,14,0.75998,0
ILSVRC2012_val_00003747_with_ILSVRC2012_val_00034069_rank414,232,232,0.68669,0
ILSVRC2012_val_00003747_with_ILSVRC2012_val_00048834_rank235,210,210,0.48547,0
ILSVRC2012_val_00003747_with_ILSVRC2012_val_00014049_rank262,833,472,0.10319,42
ILSVRC2012_val_00003747_with_ILSVRC2012_val_00011382_rank616,317,317,0.91585,0
ILSVRC2012_val_00003747_with_ILSVRC2012_val_00015171_rank444,451,451,0.53715,0
ILSVRC2012_val_00003747_with_ILSVRC2012_val_00000130_rank267,283,283,0.76371,0
ILSVRC2012_val_00003747_with_ILSVRC2012_val_00010563_rank144,197,197,0.6732,0
ILSVRC2012_val_00003747_with_ILSVRC2012_val_00049841_rank649,248,250,0.4457,1
ILSVRC2012_val_00003747_with_ILSVRC2012_val_00046207_rank013,294,294,0.90101,0
ILSVRC2012_val_00003747_with_ILSVRC2012_val_00032139_rank622,115,353,0.28507,107
ILSVRC2012_val_00003747_with_ILSVRC2012_val_00040809_rank139,178,178,0.78231,0
ILSVRC2012_val_00003747_with_ILSVRC2012_val_00008628_rank539,563,413,0.19501,389
ILSVRC2012_val_00003747_with_ILSVRC2012_val_00037535_rank234,370,370,0.88433,0
ILSVRC2012_val_00003747_with_ILSVRC2012_val_00037922_rank373,890,768,0.54415,5
ILSVRC2012_val_00003747_with_ILSVRC2012_val_00037633_rank043,286,286,0.94288,0
ILSVRC2012_val_00003747_with_ILSVRC2012_val_00037584_rank288,405,405,0.82061,0
ILSVRC2012_val_00003747_with_ILSVRC2012_val_00035791_rank204,413,792,0.44043,33
ILSVRC2012_val_00003747_with_ILSVRC2012_val_00016559_rank029,365,365,0.85756,0
ILSVRC2012_val_00003747_with_ILSVRC2012_val_00039711_rank644,200,200,0.86395,0
ILSVRC2012_val_00003747_with_ILSVRC2012_val_00045499_rank592,441,441,0.28011,0
ILSVRC2012_val_00003747_with_ILSVRC2012_val_00027411_rank455,871,871,0.67281,0
ILSVRC2012_val_00003747_with_ILSVRC2012_val_00022096_rank203,995,995,0.90155,0
ILSVRC2012_val_00003747_with_ILSVRC2012_val_00001170_rank937,653,653,0.63441,0
ILSVRC2012_val_00003747_with_ILSVRC2012_val_00045685_rank109,727,727,0.63162,0
ILSVRC2012_val_00003747_with_ILSVRC2012_val_00030533_rank230,756,912,0.37888,58
ILSVRC2012_val_00003747_with_ILSVRC2012_val_00019879_rank917,797,797,0.88049,0
ILSVRC2012_val_00003747_with_ILSVRC2012_val_00044921_rank075,22,22,0.89145,0
ILSVRC2012_val_00003747_with_ILSVRC2012_val_00004333_rank743,970,350,0.90254,9
ILSVRC2012_val_00003747_with_ILSVRC2012_val_00018075_rank600,1,1,0.91355,0
ILSVRC2012_val_00003747_with_ILSVRC2012_val_00045267_rank710,640,640,0.77305,0
ILSVRC2012_val_00003747_with_ILSVRC2012_val_00019868_rank146,23,23,0.98025,0
ILSVRC2012_val_00003747_with_ILSVRC2012_val_00033978_rank341,458,458,0.35226,0
ILSVRC2012_val_00003747_with_ILSVRC2012_val_00034663_rank946,539,919,0.83023,26
ILSVRC2012_val_00003747_with_ILSVRC2012_val_00034296_rank215,162,676,0.79471,269
ILSVRC2012_val_00003747_with_ILSVRC2012_val_00003999_rank059,275,275,0.87869,0
ILSVRC2012_val_00003747_with_ILSVRC2012_val_00000943_rank625,78,78,0.79583,0
ILSVRC2012_val_00003747_with_ILSVRC2012_val_00019281_rank745,945,945,0.90725,0
ILSVRC2012_val_00003747_with_ILSVRC2012_val_00005755_rank284,395,395,0.62091,0
ILSVRC2012_val_00003747_with_ILSVRC2012_val_00006955_rank282,865,850,0.47751,7
ILSVRC2012_val_00003747_with_ILSVRC2012_val_00018647_rank715,534,534,0.33195,0
ILSVRC2012_val_00003747_with_ILSVRC2012_val_00031508_rank212,175,175,0.91419,0
ILSVRC2012_val_00003747_with_ILSVRC2012_val_00016021_rank500,417,417,0.96585,0
ILSVRC2012_val_00003747_with_ILSVRC2012_val_00049845_rank403,304,304,0.75307,0
ILSVRC2012_val_00003747_with_ILSVRC2012_val_00010142_rank979,851,851,0.5288,0
ILSVRC2012_val_00003747_with_ILSVRC2012_val_00041586_rank961,578,501,0.55292,8
ILSVRC2012_val_00003747_with_ILSVRC2012_val_00021478_rank696,306,306,0.8821,0
ILSVRC2012_val_00003747_with_ILSVRC2012_val_00047574_rank768,76,76,0.92557,0
ILSVRC2012_val_00003747_with_ILSVRC2012_val_00020144_rank002,385,385,0.8795,0
ILSVRC2012_val_00003747_with_ILSVRC2012_val_00027034_rank955,585,613,0.11268,82
ILSVRC2012_val_00003747_with_ILSVRC2012_val_00018795_rank993,435,899,0.57993,87
ILSVRC2012_val_00003747_with_ILSVRC2012_val_00047703_rank973,795,276,0.22871,865
ILSVRC2012_val_00003747_with_ILSVRC2012_val_00042807_rank483,695,649,0.34415,192
ILSVRC2012_val_00003747_with_ILSVRC2012_val_00010581_rank147,820,847,0.63403,5
ILSVRC2012_val_00003747_with_ILSVRC2012_val_00023285_rank634,172,172,0.87041,0
ILSVRC2012_val_00003747_with_ILSVRC2012_val_00015269_rank772,19,19,0.3944,0
ILSVRC2012_val_00003747_with_ILSVRC2012_val_00041313_rank489,807,807,0.98334,0
ILSVRC2012_val_00003747_with_ILSVRC2012_val_00034658_rank991,786,786,0.95708,0
ILSVRC2012_val_00003747_with_ILSVRC2012_val_00028009_rank810,235,235,0.8507,0
ILSVRC2012_val_00003747_with_ILSVRC2012_val_00019038_rank482,15,15,0.95743,0
ILSVRC2012_val_00003747_with_ILSVRC2012_val_00042498_rank794,760,844,0.52291,57
ILSVRC2012_val_00003747_with_ILSVRC2012_val_00036066_rank884,31,31,0.65533,0
ILSVRC2012_val_00003747_with_ILSVRC2012_val_00006229_rank381,846,846,0.89914,0
ILSVRC2012_val_00003747_with_ILSVRC2012_val_00041799_rank001,386,386,0.8371,0
ILSVRC2012_val_00003747_with_ILSVRC2012_val_00040570_rank651,188,188,0.85573,0
ILSVRC2012_val_00003747_with_ILSVRC2012_val_00019869_rank516,323,323,0.88535,0
ILSVRC2012_val_00003747_with_ILSVRC2012_val_00012564_rank431,110,110,0.67823,0
ILSVRC2012_val_00003747_with_ILSVRC2012_val_00032963_rank698,920,920,0.56465,0
ILSVRC2012_val_00003747_with_ILSVRC2012_val_00011105_rank980,868,868,0.19941,0
ILSVRC2012_val_00003747_with_ILSVRC2012_val_00015883_rank246,856,856,0.29647,0
ILSVRC2012_val_00003747_with_ILSVRC2012_val_00020951_rank255,571,571,0.63394,0
ILSVRC2012_val_00003747_with_ILSVRC2012_val_00048985_rank585,631,631,0.41582,0
ILSVRC2012_val_00003747_with_ILSVRC2012_val_00044284_rank470,194,194,0.29045,0
ILSVRC2012_val_00003747_with_ILSVRC2012_val_00025300_rank465,789,912,0.46761,151
ILSVRC2012_val_00003747_with_ILSVRC2012_val_00002925_rank382,936,936,0.87603,0
ILSVRC2012_val_00003747_with_ILSVRC2012_val_00009559_rank678,701,701,0.89746,0
ILSVRC2012_val_00003747_with_ILSVRC2012_val_00035383_rank842,798,798,0.89965,0
ILSVRC2012_val_00003747_with_ILSVRC2012_val_00038585_rank583,741,741,0.82458,0
ILSVRC2012_val_00003747_with_ILSVRC2012_val_00003445_rank068,374,374,0.88475,0
ILSVRC2012_val_00003747_with_ILSVRC2012_val_00008487_rank680,204,262,0.54937,94
ILSVRC2012_val_00003747_with_ILSVRC2012_val_00023367_rank070,888,888,0.86374,0
ILSVRC2012_val_00003747_with_ILSVRC2012_val_00044861_rank912,526,681,0.28189,11
ILSVRC2012_val_00003747_with_ILSVRC2012_val_00047331_rank970,185,185,0.52723,0
ILSVRC2012_val_00003747_with_ILSVRC2012_val_00024579_rank900,826,426,0.50091,3
ILSVRC2012_val_00003747_with_ILSVRC2012_val_00001232_rank010,351,351,0.94877,0
ILSVRC2012_val_00003747_with_ILSVRC2012_val_00036244_rank176,287,287,0.83405,0
ILSVRC2012_val_00003747_with_ILSVRC2012_val_00013520_rank722,691,346,0.10599,988
ILSVRC2012_val_00003747_with_ILSVRC2012_val_00003912_rank236,858,858,0.32459,0
ILSVRC2012_val_00003747_with_ILSVRC2012_val_00009727_rank606,619,619,0.83317,0
ILSVRC2012_val_00003747_with_ILSVRC2012_val_00047347_rank492,922,458,0.42887,4
ILSVRC2012_val_00003747_with_ILSVRC2012_val_00044096_rank737,905,851,0.25282,23
ILSVRC2012_val_00003747_with_ILSVRC2012_val_00026240_rank872,529,728,0.40375,35
ILSVRC2012_val_00003747_with_ILSVRC2012_val_00049003_rank675,959,959,0.32782,0
ILSVRC2012_val_00003747_with_ILSVRC2012_val_00044494_rank203,995,995,0.94935,0
ILSVRC2012_val_00003747_with_ILSVRC2012_val_00037083_rank313,225,225,0.8735,0
ILSVRC2012_val_00003747_with_ILSVRC2012_val_00019921_rank918,488,600,0.52854,5
ILSVRC2012_val_00003747_with_ILSVRC2012_val_00009747_rank196,984,984,0.84199,0
ILSVRC2012_val_00003747_with_ILSVRC2012_val_00027428_rank473,179,179,0.81708,0
ILSVRC2012_val_00003747_with_ILSVRC2012_val_00039671_rank875,123,123,0.20082,0
ILSVRC2012_val_00003747_with_ILSVRC2012_val_00031919_rank759,28,47,0.21197,198
ILSVRC2012_val_00003747_with_ILSVRC2012_val_00002350_rank474,924,924,0.97346,0
ILSVRC2012_val_00003747_with_ILSVRC2012_val_00020078_rank754,941,941,0.74119,0
ILSVRC2012_val_00003747_with_ILSVRC2012_val_00033779_rank213,955,69,0.26271,391
ILSVRC2012_val_00003747_with_ILSVRC2012_val_00002132_rank076,299,298,0.59599,1
ILSVRC2012_val_00003747_with_ILSVRC2012_val_00038172_rank185,839,730,0.5698,397
ILSVRC2012_val_00003747_with_ILSVRC2012_val_00034841_rank535,617,636,0.3352,241
ILSVRC2012_val_00003747_with_ILSVRC2012_val_00024544_rank780,637,637,0.87933,0
ILSVRC2012_val_00003747_with_ILSVRC2012_val_00006355_rank205,483,483,0.45706,0
ILSVRC2012_val_00003747_with_ILSVRC2012_val_00023586_rank992,792,596,0.7068,3
ILSVRC2012_val_00003747_with_ILSVRC2012_val_00004588_rank807,552,552,0.96682,0
ILSVRC2012_val_00003747_with_ILSVRC2012_val_00030973_rank939,934,993,0.69187,123
ILSVRC2012_val_00003747_with_ILSVRC2012_val_00044313_rank929,397,397,0.8816,0
ILSVRC2012_val_00003747_with_ILSVRC2012_val_00049441_rank889,412,428,0.2743,17
ILSVRC2012_val_00003747_with_ILSVRC2012_val_00043631_rank447,136,136,0.92474,0
ILSVRC2012_val_00003747_with_ILSVRC2012_val_00008144_rank875,123,73,0.254,115
ILSVRC2012_val_00003747_with_ILSVRC2012_val_00003645_rank394,520,516,0.69707,1
ILSVRC2012_val_00003747_with_ILSVRC2012_val_00000829_rank207,586,586,0.90988,0
ILSVRC2012_val_00003747_with_ILSVRC2012_val_00009279_rank255,571,571,0.9618,0
ILSVRC2012_val_00003747_with_ILSVRC2012_val_00002144_rank096,137,137,0.92551,0
ILSVRC2012_val_00003747_with_ILSVRC2012_val_00039371_rank357,935,935,0.89165,0
ILSVRC2012_val_00003747_with_ILSVRC2012_val_00003746_rank239,33,895,0.23369,319
ILSVRC2012_val_00003747_with_ILSVRC2012_val_00011995_rank387,403,403,0.70728,0
ILSVRC2012_val_00003747_with_ILSVRC2012_val_00020492_rank184,394,394,0.95742,0
ILSVRC2012_val_00003747_with_ILSVRC2012_val_00028812_rank011,51,351,0.51483,97
ILSVRC2012_val_00003747_with_ILSVRC2012_val_00019589_rank142,280,280,0.76856,0
ILSVRC2012_val_00003747_with_ILSVRC2012_val_00007429_rank278,300,300,0.89699,0
ILSVRC2012_val_00003747_with_ILSVRC2012_val_00026169_rank637,501,885,0.16606,10
ILSVRC2012_val_00003747_with_ILSVRC2012_val_00035937_rank256,515,958,0.12357,25
ILSVRC2012_val_00003747_with_ILSVRC2012_val_00032364_rank879,883,725,0.27714,1
ILSVRC2012_val_00003747_with_ILSVRC2012_val_00010580_rank605,939,939,0.73595,0
ILSVRC2012_val_00003747_with_ILSVRC2012_val_00034829_rank587,560,560,0.56002,0
ILSVRC2012_val_00003747_with_ILSVRC2012_val_00003653_rank375,564,634,0.33356,60
ILSVRC2012_val_00003747_with_ILSVRC2012_val_00026032_rank500,417,417,0.85955,0
ILSVRC2012_val_00003747_with_ILSVRC2012_val_00033470_rank918,488,293,0.11763,600
ILSVRC2012_val_00003747_with_ILSVRC2012_val_00042382_rank404,857,857,0.97863,0
ILSVRC2012_val_00003747_with_ILSVRC2012_val_00044945_rank864,629,629,0.49791,0
ILSVRC2012_val_00003747_with_ILSVRC2012_val_00044112_rank348,61,62,0.65346,1
ILSVRC2012_val_00003747_with_ILSVRC2012_val_00026360_rank305,989,957,0.98465,1
ILSVRC2012_val_00003747_with_ILSVRC2012_val_00002338_rank477,2,3,0.57201,1
ILSVRC2012_val_00003747_with_ILSVRC2012_val_00026476_rank485,143,143,0.92712,0
ILSVRC2012_val_00003747_with_ILSVRC2012_val_00015404_rank947,567,723,0.179,961
ILSVRC2012_val_00003747_with_ILSVRC2012_val_00001454_rank486,75,75,0.72779,0
ILSVRC2012_val_00003747_with_ILSVRC2012_val_00041759_rank575,258,258,0.81223,0
ILSVRC2012_val_00003747_with_ILSVRC2012_val_00028376_rank193,693,472,0.89549,1
ILSVRC2012_val_00003747_with_ILSVRC2012_val_00010529_rank459,714,767,0.08813,7
ILSVRC2012_val_00003747_with_ILSVRC2012_val_00021305_rank156,83,83,0.93959,0
ILSVRC2012_val_00003747_with_ILSVRC2012_val_00022143_rank665,722,722,0.63643,0
ILSVRC2012_val_00003747_with_ILSVRC2012_val_00007190_rank145,243,243,0.79973,0
ILSVRC2012_val_00003747_with_ILSVRC2012_val_00015719_rank293,141,141,0.87727,0
ILSVRC2012_val_00003747_with_ILSVRC2012_val_00026586_rank467,938,938,0.96274,0
ILSVRC2012_val_00003747_with_ILSVRC2012_val_00013855_rank138,880,880,0.12734,0
ILSVRC2012_val_00003747_with_ILSVRC2012_val_00040104_rank189,47,47,0.77912,0
ILSVRC2012_val_00003747_with_ILSVRC2012_val_00017552_rank831,303,303,0.86449,0
ILSVRC2012_val_00003747_with_ILSVRC2012_val_00024306_rank083,873,873,0.95309,0
ILSVRC2012_val_00003747_with_ILSVRC2012_val_00040645_rank297,245,245,0.93736,0
ILSVRC2012_val_00003747_with_ILSVRC2012_val_00001854_rank717,759,759,0.71707,0
ILSVRC2012_val_00003747_with_ILSVRC2012_val_00007956_rank617,964,947,0.44457,35
ILSVRC2012_val_00003747_with_ILSVRC2012_val_00006843_rank739,610,402,0.59203,56
ILSVRC2012_val_00003747_with_ILSVRC2012_val_00020565_rank679,987,998,0.57132,1
ILSVRC2012_val_00003747_with_ILSVRC2012_val_00043047_rank557,751,595,0.32902,52
ILSVRC2012_val_00003747_with_ILSVRC2012_val_00040180_rank238,864,864,0.94317,0
ILSVRC2012_val_00003747_with_ILSVRC2012_val_00041991_rank475,224,227,0.30562,23
ILSVRC2012_val_00003747_with_ILSVRC2012_val_00012828_rank589,70,138,0.1539,92
ILSVRC2012_val_00003747_with_ILSVRC2012_val_00005880_rank469,329,947,0.39882,419
ILSVRC2012_val_00003747_with_ILSVRC2012_val_00030662_rank447,136,136,0.91984,0
ILSVRC2012_val_00003747_with_ILSVRC2012_val_00042690_rank580,170,175,0.43043,2
ILSVRC2012_val_00003747_with_ILSVRC2012_val_00043807_rank921,740,740,0.75252,0
ILSVRC2012_val_00003747_with_ILSVRC2012_val_00006888_rank364,399,399,0.36873,0
ILSVRC2012_val_00003747_with_ILSVRC2012_val_00037858_rank279,241,241,0.6732,0
ILSVRC2012_val_00003747_with_ILSVRC2012_val_00039754_rank520,992,992,0.83424,0
ILSVRC2012_val_00003747_with_ILSVRC2012_val_00035811_rank333,274,274,0.94159,0
ILSVRC2012_val_00003747_with_ILSVRC2012_val_00026336_rank132,812,812,0.99687,0
ILSVRC2012_val_00003747_with_ILSVRC2012_val_00002655_rank579,17,17,0.93087,0
ILSVRC2012_val_00003747_with_ILSVRC2012_val_00012206_rank026,690,690,0.77761,0
ILSVRC2012_val_00003747_with_ILSVRC2012_val_00001363_rank229,168,211,0.94331,3
ILSVRC2012_val_00003747_with_ILSVRC2012_val_00007251_rank094,334,185,0.51675,278
ILSVRC2012_val_00003747_with_ILSVRC2012_val_00013526_rank599,954,428,0.99849,421
ILSVRC2012_val_00003747_with_ILSVRC2012_val_00030084_rank346,775,340,0.4872,443
ILSVRC2012_val_00003747_with_ILSVRC2012_val_00016135_rank014,349,349,0.65674,0
ILSVRC2012_val_00003747_with_ILSVRC2012_val_00007043_rank063,131,131,0.87066,0
ILSVRC2012_val_00003747_with_ILSVRC2012_val_00039554_rank358,279,279,0.91225,0
ILSVRC2012_val_00003747_with_ILSVRC2012_val_00003618_rank643,836,456,0.14337,240
ILSVRC2012_val_00003747_with_ILSVRC2012_val_00004680_rank942,824,591,0.42339,19
ILSVRC2012_val_00003747_with_ILSVRC2012_val_00011749_rank602,152,152,0.86241,0
ILSVRC2012_val_00003747_with_ILSVRC2012_val_00049700_rank557,751,751,0.74676,0
ILSVRC2012_val_00003747_with_ILSVRC2012_val_00021036_rank523,489,227,0.96767,381
ILSVRC2012_val_00003747_with_ILSVRC2012_val_00002791_rank108,87,87,0.75734,0
ILSVRC2012_val_00003747_with_ILSVRC2012_val_00024987_rank287,384,105,0.87873,6
ILSVRC2012_val_00003747_with_ILSVRC2012_val_00032061_rank770,30,30,0.8761,0
ILSVRC2012_val_00003747_with_ILSVRC2012_val_00010198_rank691,313,313,0.91243,0
ILSVRC2012_val_00003747_with_ILSVRC2012_val_00004841_rank436,79,79,0.67075,0
ILSVRC2012_val_00003747_with_ILSVRC2012_val_00001977_rank405,623,912,0.8604,609
ILSVRC2012_val_00003747_with_ILSVRC2012_val_00027510_rank056,388,351,0.74869,229
ILSVRC2012_val_00003747_with_ILSVRC2012_val_00007925_rank495,71,71,0.89475,0
ILSVRC2012_val_00003747_with_ILSVRC2012_val_00037885_rank763,259,259,0.94072,0
ILSVRC2012_val_00003747_with_ILSVRC2012_val_00015820_rank552,409,409,0.71186,0
ILSVRC2012_val_00003747_with_ILSVRC2012_val_00021239_rank482,15,15,0.95446,0
ILSVRC2012_val_00003747_with_ILSVRC2012_val_00035588_rank861,809,738,0.32945,57
ILSVRC2012_val_00003747_with_ILSVRC2012_val_00026564_rank729,636,414,0.51748,2
ILSVRC2012_val_00003747_with_ILSVRC2012_val_00009956_rank009,347,347,0.85233,0
ILSVRC2012_val_00003747_with_ILSVRC2012_val_00008719_rank025,48,48,0.91334,0
ILSVRC2012_val_00003747_with_ILSVRC2012_val_00013402_rank103,145,145,0.94469,0
ILSVRC2012_val_00003747_with_ILSVRC2012_val_00005956_rank464,524,386,0.16726,451
ILSVRC2012_val_00003747_with_ILSVRC2012_val_00023559_rank344,0,351,0.21144,19
ILSVRC2012_val_00003747_with_ILSVRC2012_val_00046670_rank517,189,202,0.87129,10
ILSVRC2012_val_00003747_with_ILSVRC2012_val_00017139_rank731,316,316,0.89088,0
ILSVRC2012_val_00003747_with_ILSVRC2012_val_00010244_rank338,263,263,0.57626,0
ILSVRC2012_val_00003747_with_ILSVRC2012_val_00017737_rank891,749,730,0.57099,438
ILSVRC2012_val_00003747_with_ILSVRC2012_val_00010821_rank952,505,505,0.8846,0
ILSVRC2012_val_00003747_with_ILSVRC2012_val_00023875_rank205,483,730,0.54241,198
ILSVRC2012_val_00003747_with_ILSVRC2012_val_00008323_rank650,835,649,0.124,13
ILSVRC2012_val_00003747_with_ILSVRC2012_val_00015385_rank148,900,900,0.87942,0
ILSVRC2012_val_00003747_with_ILSVRC2012_val_00041928_rank468,219,219,0.9102,0
ILSVRC2012_val_00003747_with_ILSVRC2012_val_00007174_rank060,371,371,0.9591,0
ILSVRC2012_val_00003747_with_ILSVRC2012_val_00016467_rank526,309,309,0.84169,0
ILSVRC2012_val_00003747_with_ILSVRC2012_val_00042975_rank732,673,843,0.64071,917
ILSVRC2012_val_00003747_with_ILSVRC2012_val_00043339_rank439,757,757,0.57402,0
ILSVRC2012_val_00003747_with_ILSVRC2012_val_00042370_rank269,12,12,0.54397,0
ILSVRC2012_val_00003747_with_ILSVRC2012_val_00022405_rank926,589,908,0.46195,520
ILSVRC2012_val_00003747_with_ILSVRC2012_val_00000473_rank663,758,758,0.94066,0
ILSVRC2012_val_00003747_with_ILSVRC2012_val_00019578_rank770,30,30,0.89092,0
ILSVRC2012_val_00003747_with_ILSVRC2012_val_00026529_rank518,676,676,0.07825,0
ILSVRC2012_val_00003747_with_ILSVRC2012_val_00043018_rank143,106,106,0.49304,0
ILSVRC2012_val_00003747_with_ILSVRC2012_val_00027102_rank645,82,82,0.76651,0
ILSVRC2012_val_00003747_with_ILSVRC2012_val_00030241_rank933,894,595,0.30691,282
ILSVRC2012_val_00003747_with_ILSVRC2012_val_00016539_rank462,519,519,0.81074,0
ILSVRC2012_val_00003747_with_ILSVRC2012_val_00012354_rank300,66,66,0.74217,0
ILSVRC2012_val_00003747_with_ILSVRC2012_val_00045697_rank056,388,388,0.91828,0
ILSVRC2012_val_00003747_with_ILSVRC2012_val_00028680_rank567,745,851,0.22036,23
ILSVRC2012_val_00003747_with_ILSVRC2012_val_00000692_rank696,306,306,0.92168,0
ILSVRC2012_val_00003747_with_ILSVRC2012_val_00040386_rank408,226,175,0.30441,3
ILSVRC2012_val_00003747_with_ILSVRC2012_val_00036186_rank696,306,211,0.64207,925
ILSVRC2012_val_00003747_with_ILSVRC2012_val_00008931_rank425,307,307,0.87354,0
ILSVRC2012_val_00003747_with_ILSVRC2012_val_00030654_rank231,983,701,0.82931,25
ILSVRC2012_val_00003747_with_ILSVRC2012_val_00046104_rank385,829,705,0.45485,3
ILSVRC2012_val_00003747_with_ILSVRC2012_val_00042743_rank091,575,575,0.94759,0
ILSVRC2012_val_00003747_with_ILSVRC2012_val_00044099_rank735,553,553,0.91264,0
ILSVRC2012_val_00003747_with_ILSVRC2012_val_00024088_rank608,738,649,0.06709,484
ILSVRC2012_val_00003747_with_ILSVRC2012_val_00046455_rank422,396,396,0.93381,0
ILSVRC2012_val_00003747_with_ILSVRC2012_val_00044839_rank431,110,110,0.85161,0
ILSVRC2012_val_00003747_with_ILSVRC2012_val_00032924_rank956,872,872,0.67251,0
ILSVRC2012_val_00003747_with_ILSVRC2012_val_00001994_rank440,715,138,0.14457,310
ILSVRC2012_val_00003747_with_ILSVRC2012_val_00032944_rank389,817,817,0.91178,0
ILSVRC2012_val_00003747_with_ILSVRC2012_val_00026553_rank132,812,895,0.54608,4
ILSVRC2012_val_00003747_with_ILSVRC2012_val_00022050_rank297,245,245,0.71433,0
ILSVRC2012_val_00003747_with_ILSVRC2012_val_00044551_rank848,423,856,0.26278,303
ILSVRC2012_val_00003747_with_ILSVRC2012_val_00017634_rank546,140,140,0.68217,0
ILSVRC2012_val_00003747_with_ILSVRC2012_val_00000398_rank066,383,172,0.64759,192
ILSVRC2012_val_00003747_with_ILSVRC2012_val_00042709_rank417,117,117,0.93621,0
ILSVRC2012_val_00003747_with_ILSVRC2012_val_00010568_rank964,769,769,0.70904,0
ILSVRC2012_val_00003747_with_ILSVRC2012_val_00043072_rank450,208,208,0.87389,0
ILSVRC2012_val_00003747_with_ILSVRC2012_val_00014112_rank864,629,629,0.22133,0
ILSVRC2012_val_00003747_with_ILSVRC2012_val_00001155_rank012,372,386,0.3766,24
ILSVRC2012_val_00003747_with_ILSVRC2012_val_00016858_rank241,42,42,0.73431,0
ILSVRC2012_val_00003747_with_ILSVRC2012_val_00045699_rank753,605,605,0.98941,0
ILSVRC2012_val_00003747_with_ILSVRC2012_val_00007279_rank217,602,702,0.2625,1
ILSVRC2012_val_00003747_with_ILSVRC2012_val_00026833_rank594,806,775,0.22654,227
ILSVRC2012_val_00003747_with_ILSVRC2012_val_00015507_rank177,408,586,0.33795,3
ILSVRC2012_val_00003747_with_ILSVRC2012_val_00025368_rank715,534,519,0.29072,94
ILSVRC2012_val_00003747_with_ILSVRC2012_val_00029652_rank811,201,201,0.91587,0
ILSVRC2012_val_00003747_with_ILSVRC2012_val_00043221_rank228,36,36,0.54301,0
ILSVRC2012_val_00003747_with_ILSVRC2012_val_00026051_rank763,259,262,0.39515,91
ILSVRC2012_val_00003747_with_ILSVRC2012_val_00022677_rank536,672,672,0.9155,0
ILSVRC2012_val_00003747_with_ILSVRC2012_val_00002573_rank144,197,197,0.43816,0
ILSVRC2012_val_00003747_with_ILSVRC2012_val_00000681_rank893,699,699,0.76753,0
ILSVRC2012_val_00003747_with_ILSVRC2012_val_00025394_rank408,226,226,0.90843,0
ILSVRC2012_val_00003747_with_ILSVRC2012_val_00036903_rank169,444,444,0.91827,0
ILSVRC2012_val_00003747_with_ILSVRC2012_val_00017083_rank901,429,429,0.9653,0
ILSVRC2012_val_00003747_with_ILSVRC2012_val_00030573_rank190,278,351,0.17432,36
ILSVRC2012_val_00003747_with_ILSVRC2012_val_00017483_rank920,626,456,0.07722,661
ILSVRC2012_val_00003747_with_ILSVRC2012_val_00003781_rank283,336,336,0.75381,0
ILSVRC2012_val_00003747_with_ILSVRC2012_val_00015882_rank966,969,969,0.91051,0
ILSVRC2012_val_00003747_with_ILSVRC2012_val_00023385_rank386,72,72,0.5941,0
ILSVRC2012_val_00003747_with_ILSVRC2012_val_00027854_rank740,502,502,0.755,0
ILSVRC2012_val_00003747_with_ILSVRC2012_val_00022305_rank327,392,392,0.96664,0
ILSVRC2012_val_00003747_with_ILSVRC2012_val_00045598_rank709,222,209,0.22756,40
ILSVRC2012_val_00003747_with_ILSVRC2012_val_00011756_rank020,353,353,0.89386,0
ILSVRC2012_val_00003747_with_ILSVRC2012_val_00040576_rank882,559,559,0.88723,0
ILSVRC2012_val_00003747_with_ILSVRC2012_val_00028382_rank904,518,518,0.84212,0
ILSVRC2012_val_00003747_with_ILSVRC2012_val_00041529_rank632,153,185,0.52955,25
ILSVRC2012_val_00003747_with_ILSVRC2012_val_00016194_rank267,283,351,0.10796,290
ILSVRC2012_val_00003747_with_ILSVRC2012_val_00040689_rank362,398,398,0.95466,0
ILSVRC2012_val_00003747_with_ILSVRC2012_val_00015685_rank137,233,183,0.60438,2
ILSVRC2012_val_00003747_with_ILSVRC2012_val_00045030_rank316,779,779,0.9883,0
ILSVRC2012_val_00003747_with_ILSVRC2012_val_00013314_rank085,305,305,0.91697,0
ILSVRC2012_val_00003747_with_ILSVRC2012_val_00029947_rank088,43,43,0.97481,0
ILSVRC2012_val_00003747_with_ILSVRC2012_val_00000416_rank246,856,847,0.41538,16
ILSVRC2012_val_00003747_with_ILSVRC2012_val_00041690_rank092,109,109,0.71482,0
ILSVRC2012_val_00003747_with_ILSVRC2012_val_00032838_rank741,993,993,0.92838,0
ILSVRC2012_val_00003747_with_ILSVRC2012_val_00043469_rank503,590,590,0.95114,0
ILSVRC2012_val_00003747_with_ILSVRC2012_val_00027782_rank275,484,871,0.58705,1
ILSVRC2012_val_00003747_with_ILSVRC2012_val_00029570_rank987,859,475,0.88746,20
ILSVRC2012_val_00003747_with_ILSVRC2012_val_00002678_rank082,147,649,0.7374,46
ILSVRC2012_val_00003747_with_ILSVRC2012_val_00047648_rank960,187,226,0.41117,26
ILSVRC2012_val_00003747_with_ILSVRC2012_val_00026386_rank741,993,993,0.37396,0
ILSVRC2012_val_00003747_with_ILSVRC2012_val_00018088_rank914,862,173,0.28639,261
ILSVRC2012_val_00003747_with_ILSVRC2012_val_00012463_rank755,321,321,0.91831,0
ILSVRC2012_val_00003747_with_ILSVRC2012_val_00016863_rank081,915,915,0.99989,0
ILSVRC2012_val_00003747_with_ILSVRC2012_val_00030004_rank462,519,519,0.71674,0
ILSVRC2012_val_00003747_with_ILSVRC2012_val_00007492_rank695,875,875,0.73277,0
ILSVRC2012_val_00003747_with_ILSVRC2012_val_00012773_rank782,223,254,0.44451,19
ILSVRC2012_val_00003747_with_ILSVRC2012_val_00048136_rank668,710,710,0.68813,0
ILSVRC2012_val_00003747_with_ILSVRC2012_val_00030567_rank215,162,162,0.65664,0
ILSVRC2012_val_00003747_with_ILSVRC2012_val_00011370_rank592,441,969,0.73731,10
ILSVRC2012_val_00003747_with_ILSVRC2012_val_00009126_rank079,682,682,0.84504,0
ILSVRC2012_val_00003747_with_ILSVRC2012_val_00025579_rank828,608,911,0.17394,121
ILSVRC2012_val_00003747_with_ILSVRC2012_val_00017994_rank075,22,22,0.26281,0
ILSVRC2012_val_00003747_with_ILSVRC2012_val_00032060_rank734,889,889,0.84287,0
ILSVRC2012_val_00003747_with_ILSVRC2012_val_00038447_rank813,574,574,0.96995,0
ILSVRC2012_val_00003747_with_ILSVRC2012_val_00034979_rank869,440,440,0.9333,0
ILSVRC2012_val_00003747_with_ILSVRC2012_val_00013789_rank949,122,730,0.91617,601
ILSVRC2012_val_00003747_with_ILSVRC2012_val_00048755_rank948,881,637,0.37754,171
ILSVRC2012_val_00003747_with_ILSVRC2012_val_00005488_rank779,904,519,0.49761,186
ILSVRC2012_val_00003747_with_ILSVRC2012_val_00041029_rank082,147,147,0.68501,0
ILSVRC2012_val_00003747_with_ILSVRC2012_val_00043519_rank923,720,653,0.38485,28
ILSVRC2012_val_00003747_with_ILSVRC2012_val_00015315_rank997,731,783,0.39084,99
ILSVRC2012_val_00003747_with_ILSVRC2012_val_00015823_rank378,57,57,0.83496,0
ILSVRC2012_val_00003747_with_ILSVRC2012_val_00039553_rank117,282,282,0.61371,0
ILSVRC2012_val_00003747_with_ILSVRC2012_val_00037029_rank871,752,752,0.83762,0
ILSVRC2012_val_00003747_with_ILSVRC2012_val_00032451_rank669,164,210,0.92535,3
ILSVRC2012_val_00003747_with_ILSVRC2012_val_00012470_rank302,252,252,0.85761,0
ILSVRC2012_val_00003747_with_ILSVRC2012_val_00042834_rank073,271,271,0.90253,0
ILSVRC2012_val_00003747_with_ILSVRC2012_val_00006926_rank652,746,261,0.69985,513
ILSVRC2012_val_00003747_with_ILSVRC2012_val_00002071_rank775,14,14,0.9299,0
ILSVRC2012_val_00003747_with_ILSVRC2012_val_00035004_rank961,578,672,0.2539,161
ILSVRC2012_val_00003747_with_ILSVRC2012_val_00014980_rank010,351,351,0.94683,0
ILSVRC2012_val_00003747_with_ILSVRC2012_val_00020431_rank938,709,450,0.11835,101
ILSVRC2012_val_00003747_with_ILSVRC2012_val_00006612_rank043,286,286,0.92506,0
ILSVRC2012_val_00003747_with_ILSVRC2012_val_00004669_rank037,149,149,0.63985,0
ILSVRC2012_val_00003747_with_ILSVRC2012_val_00023828_rank771,463,463,0.99215,0
ILSVRC2012_val_00003747_with_ILSVRC2012_val_00043648_rank038,295,295,0.93418,0
ILSVRC2012_val_00003747_with_ILSVRC2012_val_00029533_rank991,786,730,0.20182,120
ILSVRC2012_val_00003747_with_ILSVRC2012_val_00030223_rank773,434,748,0.22459,87
ILSVRC2012_val_00003747_with_ILSVRC2012_val_00028284_rank376,45,45,0.90973,0
ILSVRC2012_val_00003747_with_ILSVRC2012_val_00033122_rank036,148,34,0.06124,29
ILSVRC2012_val_00003747_with_ILSVRC2012_val_00003457_rank595,763,763,0.96256,0
ILSVRC2012_val_00003747_with_ILSVRC2012_val_00014311_rank201,950,950,0.85508,0
ILSVRC2012_val_00003747_with_ILSVRC2012_val_00004603_rank341,458,458,0.68729,0
ILSVRC2012_val_00003747_with_ILSVRC2012_val_00047192_rank444,451,701,0.21271,250
ILSVRC2012_val_00003747_with_ILSVRC2012_val_00006914_rank433,928,843,0.30046,732
ILSVRC2012_val_00003747_with_ILSVRC2012_val_00047381_rank910,725,653,0.7007,18
ILSVRC2012_val_00003747_with_ILSVRC2012_val_00016029_rank235,210,210,0.95089,0
ILSVRC2012_val_00003747_with_ILSVRC2012_val_00023020_rank125,914,914,0.88322,0
ILSVRC2012_val_00003747_with_ILSVRC2012_val_00002075_rank872,529,138,0.12217,364
ILSVRC2012_val_00003747_with_ILSVRC2012_val_00046391_rank035,342,342,0.59785,0
ILSVRC2012_val_00003747_with_ILSVRC2012_val_00016571_rank175,146,353,0.30018,62
ILSVRC2012_val_00003747_with_ILSVRC2012_val_00007256_rank994,892,409,0.75946,1
ILSVRC2012_val_00003747_with_ILSVRC2012_val_00032497_rank697,492,492,0.97124,0
ILSVRC2012_val_00003747_with_ILSVRC2012_val_00045332_rank611,713,713,0.93579,0
ILSVRC2012_val_00003747_with_ILSVRC2012_val_00010354_rank510,215,215,0.40211,0
ILSVRC2012_val_00003747_with_ILSVRC2012_val_00012459_rank766,733,912,0.26521,33
ILSVRC2012_val_00003747_with_ILSVRC2012_val_00049161_rank234,370,370,0.76718,0
ILSVRC2012_val_00003747_with_ILSVRC2012_val_00041551_rank576,191,191,0.70577,0
ILSVRC2012_val_00003747_with_ILSVRC2012_val_00023008_rank178,937,936,0.11679,5
ILSVRC2012_val_00003747_with_ILSVRC2012_val_00043117_rank042,288,288,0.92206,0
ILSVRC2012_val_00003747_with_ILSVRC2012_val_00016206_rank922,418,517,0.50829,399
ILSVRC2012_val_00003747_with_ILSVRC2012_val_00016420_rank475,224,224,0.91598,0
ILSVRC2012_val_00003747_with_ILSVRC2012_val_00006496_rank459,714,714,0.86837,0
ILSVRC2012_val_00003747_with_ILSVRC2012_val_00020524_rank299,511,511,0.5392,0
ILSVRC2012_val_00003747_with_ILSVRC2012_val_00037405_rank642,816,816,0.80714,0
ILSVRC2012_val_00003747_with_ILSVRC2012_val_00035734_rank125,914,914,0.33516,0
ILSVRC2012_val_00003747_with_ILSVRC2012_val_00047874_rank718,885,636,0.1699,12
ILSVRC2012_val_00003747_with_ILSVRC2012_val_00007790_rank723,878,539,0.12502,514
ILSVRC2012_val_00003747_with_ILSVRC2012_val_00027674_rank296,142,142,0.80989,0
ILSVRC2012_val_00003747_with_ILSVRC2012_val_00001680_rank373,890,163,0.17636,414
ILSVRC2012_val_00003747_with_ILSVRC2012_val_00034422_rank902,771,771,0.97003,0
ILSVRC2012_val_00003747_with_ILSVRC2012_val_00010952_rank425,307,307,0.91951,0
ILSVRC2012_val_00003747_with_ILSVRC2012_val_00037573_rank732,673,410,0.25947,997
ILSVRC2012_val_00003747_with_ILSVRC2012_val_00032264_rank072,206,206,0.53712,0
ILSVRC2012_val_00003747_with_ILSVRC2012_val_00005262_rank959,59,63,0.55783,19
ILSVRC2012_val_00003747_with_ILSVRC2012_val_00023598_rank142,280,280,0.89782,0
ILSVRC2012_val_00003747_with_ILSVRC2012_val_00013383_rank008,354,354,0.94927,0
ILSVRC2012_val_00003747_with_ILSVRC2012_val_00039400_rank007,344,344,0.70588,0
ILSVRC2012_val_00003747_with_ILSVRC2012_val_00016284_rank584,951,998,0.36956,72
ILSVRC2012_val_00003747_with_ILSVRC2012_val_00004168_rank054,369,369,0.79678,0
ILSVRC2012_val_00003747_with_ILSVRC2012_val_00045858_rank976,60,62,0.48949,3
ILSVRC2012_val_00003747_with_ILSVRC2012_val_00034197_rank839,320,319,0.58361,1
ILSVRC2012_val_00003747_with_ILSVRC2012_val_00037373_rank560,831,627,0.11323,60
ILSVRC2012_val_00003747_with_ILSVRC2012_val_00001622_rank328,687,687,0.9292,0
ILSVRC2012_val_00003747_with_ILSVRC2012_val_00042607_rank936,811,195,0.80178,151
ILSVRC2012_val_00003747_with_ILSVRC2012_val_00028514_rank115,244,244,0.91351,0
ILSVRC2012_val_00003747_with_ILSVRC2012_val_00048425_rank787,770,770,0.52528,0
ILSVRC2012_val_00003747_with_ILSVRC2012_val_00044883_rank944,523,523,0.79158,0
ILSVRC2012_val_00003747_with_ILSVRC2012_val_00003375_rank199,44,26,0.88275,4
ILSVRC2012_val_00003747_with_ILSVRC2012_val_00011117_rank150,825,825,0.92891,0
ILSVRC2012_val_00003747_with_ILSVRC2012_val_00009283_rank078,376,376,0.8684,0
ILSVRC2012_val_00003747_with_ILSVRC2012_val_00032715_rank438,705,730,0.45086,251
ILSVRC2012_val_00003747_with_ILSVRC2012_val_00020871_rank863,772,600,0.35247,7
ILSVRC2012_val_00003747_with_ILSVRC2012_val_00003274_rank628,453,453,0.56585,0
ILSVRC2012_val_00003747_with_ILSVRC2012_val_00008588_rank452,103,62,0.1448,95
ILSVRC2012_val_00003747_with_ILSVRC2012_val_00035438_rank738,990,51,0.1881,434
ILSVRC2012_val_00003747_with_ILSVRC2012_val_00047509_rank121,135,135,0.92231,0
ILSVRC2012_val_00003747_with_ILSVRC2012_val_00007013_rank195,952,952,0.75241,0
ILSVRC2012_val_00003747_with_ILSVRC2012_val_00023847_rank863,772,772,0.99857,0
ILSVRC2012_val_00003747_with_ILSVRC2012_val_00044558_rank926,589,589,0.95902,0
ILSVRC2012_val_00003747_with_ILSVRC2012_val_00046285_rank392,95,95,0.64184,0
ILSVRC2012_val_00003747_with_ILSVRC2012_val_00001385_rank139,178,178,0.93034,0
ILSVRC2012_val_00003747_with_ILSVRC2012_val_00041101_rank880,684,684,0.90692,0
ILSVRC2012_val_00003747_with_ILSVRC2012_val_00002552_rank353,432,432,0.97114,0
ILSVRC2012_val_00003747_with_ILSVRC2012_val_00017264_rank403,304,304,0.49265,0
ILSVRC2012_val_00003747_with_ILSVRC2012_val_00044915_rank346,775,775,0.48798,0
ILSVRC2012_val_00003747_with_ILSVRC2012_val_00009859_rank755,321,321,0.92724,0
ILSVRC2012_val_00003747_with_ILSVRC2012_val_00025638_rank004,343,343,0.92949,0
ILSVRC2012_val_00003747_with_ILSVRC2012_val_00034971_rank264,5,5,0.89755,0
ILSVRC2012_val_00003747_with_ILSVRC2012_val_00013864_rank943,469,469,0.87801,0
ILSVRC2012_val_00003747_with_ILSVRC2012_val_00047151_rank054,369,369,0.88016,0
ILSVRC2012_val_00003747_with_ILSVRC2012_val_00026516_rank021,276,276,0.92262,0
ILSVRC2012_val_00003747_with_ILSVRC2012_val_00002526_rank578,596,595,0.59072,601
ILSVRC2012_val_00003747_with_ILSVRC2012_val_00039707_rank762,968,968,0.79953,0
ILSVRC2012_val_00003747_with_ILSVRC2012_val_00031693_rank212,175,175,0.57118,0
ILSVRC2012_val_00003747_with_ILSVRC2012_val_00014055_rank033,367,367,0.94645,0
ILSVRC2012_val_00003747_with_ILSVRC2012_val_00001331_rank888,784,784,0.13092,0
ILSVRC2012_val_00003747_with_ILSVRC2012_val_00008456_rank806,632,539,0.53452,173
ILSVRC2012_val_00003747_with_ILSVRC2012_val_00017393_rank480,326,326,0.94198,0
ILSVRC2012_val_00003747_with_ILSVRC2012_val_00024348_rank375,564,564,0.58819,0
ILSVRC2012_val_00003747_with_ILSVRC2012_val_00015023_rank012,372,371,0.4663,3
ILSVRC2012_val_00003747_with_ILSVRC2012_val_00013366_rank324,554,554,0.64506,0
ILSVRC2012_val_00003747_with_ILSVRC2012_val_00011619_rank566,949,925,0.72111,41
ILSVRC2012_val_00003747_with_ILSVRC2012_val_00026268_rank089,869,869,0.90217,0
ILSVRC2012_val_00003747_with_ILSVRC2012_val_00044882_rank080,268,268,0.94433,0
ILSVRC2012_val_00003747_with_ILSVRC2012_val_00022951_rank094,334,334,0.4742,0
ILSVRC2012_val_00003747_with_ILSVRC2012_val_00018184_rank503,590,590,0.85571,0
ILSVRC2012_val_00003747_with_ILSVRC2012_val_00036240_rank728,247,232,0.26199,17
ILSVRC2012_val_00003747_with_ILSVRC2012_val_00027844_rank616,317,303,0.34893,14
ILSVRC2012_val_00003747_with_ILSVRC2012_val_00000008_rank845,415,596,0.2518,981
ILSVRC2012_val_00003747_with_ILSVRC2012_val_00040430_rank927,419,419,0.93812,0
ILSVRC2012_val_00003747_with_ILSVRC2012_val_00000121_rank140,718,703,0.2015,32
ILSVRC2012_val_00003747_with_ILSVRC2012_val_00025047_rank097,21,21,0.67744,0
ILSVRC2012_val_00003747_with_ILSVRC2012_val_00034061_rank009,347,347,0.76699,0
ILSVRC2012_val_00003747_with_ILSVRC2012_val_00003919_rank084,698,913,0.1496,123
ILSVRC2012_val_00003747_with_ILSVRC2012_val_00020792_rank769,310,73,0.19299,18
ILSVRC2012_val_00003747_with_ILSVRC2012_val_00031772_rank263,16,138,0.32398,68
ILSVRC2012_val_00003747_with_ILSVRC2012_val_00037907_rank222,228,228,0.35268,0
ILSVRC2012_val_00003747_with_ILSVRC2012_val_00014765_rank928,767,920,0.20229,539
ILSVRC2012_val_00003747_with_ILSVRC2012_val_00023258_rank711,315,351,0.15171,251
ILSVRC2012_val_00003747_with_ILSVRC2012_val_00045143_rank764,791,791,0.81213,0
ILSVRC2012_val_00003747_with_ILSVRC2012_val_00029516_rank941,613,613,0.97267,0
ILSVRC2012_val_00003747_with_ILSVRC2012_val_00013094_rank151,211,211,0.79703,0
ILSVRC2012_val_00003747_with_ILSVRC2012_val_00045996_rank637,501,701,0.13524,196
ILSVRC2012_val_00003747_with_ILSVRC2012_val_00005367_rank793,414,636,0.79002,1
ILSVRC2012_val_00003747_with_ILSVRC2012_val_00029381_rank796,193,193,0.87871,0
ILSVRC2012_val_00003747_with_ILSVRC2012_val_00000650_rank042,288,288,0.79408,0
ILSVRC2012_val_00003747_with_ILSVRC2012_val_00040821_rank022,345,351,0.5736,13
ILSVRC2012_val_00003747_with_ILSVRC2012_val_00011310_rank514,917,917,0.11652,0
ILSVRC2012_val_00003747_with_ILSVRC2012_val_00033265_rank007,344,343,0.77755,1
ILSVRC2012_val_00003747_with_ILSVRC2012_val_00002825_rank482,15,15,0.92635,0
ILSVRC2012_val_00003747_with_ILSVRC2012_val_00031171_rank269,12,12,0.94538,0
ILSVRC2012_val_00003747_with_ILSVRC2012_val_00049382_rank904,518,351,0.2407,967
ILSVRC2012_val_00003747_with_ILSVRC2012_val_00023934_rank471,607,607,0.94481,0
ILSVRC2012_val_00003747_with_ILSVRC2012_val_00018296_rank602,152,154,0.52203,3
ILSVRC2012_val_00003747_with_ILSVRC2012_val_00014283_rank827,199,199,0.87269,0
ILSVRC2012_val_00003747_with_ILSVRC2012_val_00011177_rank123,134,134,0.93577,0
ILSVRC2012_val_00003747_with_ILSVRC2012_val_00011798_rank229,168,163,0.23941,4
ILSVRC2012_val_00003747_with_ILSVRC2012_val_00014691_rank125,914,914,0.78674,0
ILSVRC2012_val_00003747_with_ILSVRC2012_val_00036041_rank627,332,332,0.67508,0
ILSVRC2012_val_00003747_with_ILSVRC2012_val_00038804_rank075,22,22,0.44015,0
ILSVRC2012_val_00003747_with_ILSVRC2012_val_00014441_rank827,199,233,0.4787,12
ILSVRC2012_val_00003747_with_ILSVRC2012_val_00011547_rank908,697,701,0.32468,891
ILSVRC2012_val_00003747_with_ILSVRC2012_val_00037424_rank745,945,945,0.97891,0
ILSVRC2012_val_00003747_with_ILSVRC2012_val_00035586_rank830,891,847,0.05081,217
ILSVRC2012_val_00003747_with_ILSVRC2012_val_00005115_rank536,672,672,0.76905,0
ILSVRC2012_val_00003747_with_ILSVRC2012_val_00029391_rank856,736,730,0.40465,330
ILSVRC2012_val_00003747_with_ILSVRC2012_val_00031233_rank795,803,408,0.61661,14
ILSVRC2012_val_00003747_with_ILSVRC2012_val_00002835_rank640,944,353,0.2553,386
ILSVRC2012_val_00003747_with_ILSVRC2012_val_00049819_rank215,162,161,0.38835,1
ILSVRC2012_val_00003747_with_ILSVRC2012_val_00009959_rank739,610,515,0.08976,73
ILSVRC2012_val_00003747_with_ILSVRC2012_val_00002846_rank916,81,81,0.25959,0
ILSVRC2012_val_00003747_with_ILSVRC2012_val_00040367_rank223,931,931,0.86139,0
ILSVRC2012_val_00003747_with_ILSVRC2012_val_00028790_rank980,868,868,0.93574,0
ILSVRC2012_val_00003747_with_ILSVRC2012_val_00017974_rank550,116,116,0.97267,0
ILSVRC2012_val_00003747_with_ILSVRC2012_val_00031927_rank959,59,59,0.70846,0
ILSVRC2012_val_00003747_with_ILSVRC2012_val_00020220_rank166,973,8,0.09089,623
ILSVRC2012_val_00003747_with_ILSVRC2012_val_00002526_rank834,467,595,0.48711,347
ILSVRC2012_val_00003747_with_ILSVRC2012_val_00036565_rank984,496,496,0.8444,0
ILSVRC2012_val_00003747_with_ILSVRC2012_val_00037854_rank595,763,763,0.88573,0
ILSVRC2012_val_00003747_with_ILSVRC2012_val_00031516_rank519,614,614,0.25424,0
ILSVRC2012_val_00003747_with_ILSVRC2012_val_00044516_rank671,438,438,0.91443,0
ILSVRC2012_val_00003747_with_ILSVRC2012_val_00010441_rank116,355,355,0.87333,0
ILSVRC2012_val_00003747_with_ILSVRC2012_val_00041526_rank535,617,351,0.25214,654
ILSVRC2012_val_00003747_with_ILSVRC2012_val_00044772_rank930,262,262,0.98768,0
ILSVRC2012_val_00003747_with_ILSVRC2012_val_00030399_rank473,179,246,0.66207,11
ILSVRC2012_val_00003747_with_ILSVRC2012_val_00002604_rank595,763,763,0.90377,0
ILSVRC2012_val_00003747_with_ILSVRC2012_val_00023289_rank313,225,242,0.32159,20
ILSVRC2012_val_00003747_with_ILSVRC2012_val_00021012_rank342,495,495,0.71126,0
ILSVRC2012_val_00003747_with_ILSVRC2012_val_00029080_rank531,466,757,0.50351,19
ILSVRC2012_val_00003747_with_ILSVRC2012_val_00047471_rank429,465,465,0.96316,0
ILSVRC2012_val_00003747_with_ILSVRC2012_val_00004577_rank809,13,13,0.94603,0
ILSVRC2012_val_00003747_with_ILSVRC2012_val_00027843_rank719,785,914,0.25573,880
ILSVRC2012_val_00003747_with_ILSVRC2012_val_00042957_rank979,851,851,0.48709,0
ILSVRC2012_val_00003747_with_ILSVRC2012_val_00034960_rank276,34,34,0.53901,0
ILSVRC2012_val_00003747_with_ILSVRC2012_val_00036978_rank936,811,595,0.30211,112
ILSVRC2012_val_00003747_with_ILSVRC2012_val_00030501_rank588,601,83,0.59813,573
ILSVRC2012_val_00003747_with_ILSVRC2012_val_00002690_rank676,579,579,0.94121,0
ILSVRC2012_val_00003747_with_ILSVRC2012_val_00044300_rank480,326,326,0.94775,0
ILSVRC2012_val_00003747_with_ILSVRC2012_val_00002982_rank609,988,988,0.99887,0
ILSVRC2012_val_00003747_with_ILSVRC2012_val_00015876_rank029,365,365,0.15671,0
ILSVRC2012_val_00003747_with_ILSVRC2012_val_00006582_rank524,27,27,0.89426,0
ILSVRC2012_val_00003747_with_ILSVRC2012_val_00009070_rank962,587,587,0.69746,0
ILSVRC2012_val_00003747_with_ILSVRC2012_val_00002989_rank825,240,238,0.59531,2
ILSVRC2012_val_00003747_with_ILSVRC2012_val_00041624_rank902,771,637,0.7929,7
ILSVRC2012_val_00003747_with_ILSVRC2012_val_00038653_rank031,348,348,0.91574,0
ILSVRC2012_val_00003747_with_ILSVRC2012_val_00029759_rank526,309,309,0.87715,0
ILSVRC2012_val_00003747_with_ILSVRC2012_val_00032543_rank725,448,448,0.97934,0
ILSVRC2012_val_00003747_with_ILSVRC2012_val_00031617_rank774,528,528,0.91323,0
ILSVRC2012_val_00003747_with_ILSVRC2012_val_00044536_rank822,531,531,0.84403,0
ILSVRC2012_val_00003747_with_ILSVRC2012_val_00045761_rank600,1,351,0.79822,464
ILSVRC2012_val_00003747_with_ILSVRC2012_val_00020790_rank142,280,280,0.7846,0
ILSVRC2012_val_00003747_with_ILSVRC2012_val_00035489_rank485,143,143,0.93334,0
ILSVRC2012_val_00003747_with_ILSVRC2012_val_00040827_rank491,532,730,0.09486,154
ILSVRC2012_val_00003747_with_ILSVRC2012_val_00020476_rank435,111,390,0.12848,12
ILSVRC2012_val_00003747_with_ILSVRC2012_val_00009354_rank021,276,276,0.89355,0
ILSVRC2012_val_00003747_with_ILSVRC2012_val_00027740_rank231,983,701,0.22246,25
ILSVRC2012_val_00003747_with_ILSVRC2012_val_00027265_rank303,913,701,0.20582,108
ILSVRC2012_val_00003747_with_ILSVRC2012_val_00019530_rank740,502,502,0.74853,0
ILSVRC2012_val_00003747_with_ILSVRC2012_val_00015816_rank318,716,912,0.28413,1
ILSVRC2012_val_00003747_with_ILSVRC2012_val_00016899_rank676,579,579,0.94633,0
ILSVRC2012_val_00003747_with_ILSVRC2012_val_00009570_rank951,158,158,0.87112,0
ILSVRC2012_val_00003747_with_ILSVRC2012_val_00049020_rank413,107,996,0.23637,259
ILSVRC2012_val_00003747_with_ILSVRC2012_val_00003323_rank914,862,862,0.50234,0
ILSVRC2012_val_00003747_with_ILSVRC2012_val_00048074_rank217,602,602,0.28106,0
ILSVRC2012_val_00003747_with_ILSVRC2012_val_00019134_rank320,231,230,0.57687,2
ILSVRC2012_val_00003747_with_ILSVRC2012_val_00001777_rank163,167,161,0.62483,8
ILSVRC2012_val_00003747_with_ILSVRC2012_val_00032899_rank460,735,490,0.29383,14
ILSVRC2012_val_00003747_with_ILSVRC2012_val_00047750_rank006,346,346,0.86201,0
ILSVRC2012_val_00003747_with_ILSVRC2012_val_00031888_rank788,446,458,0.13892,228
ILSVRC2012_val_00003747_with_ILSVRC2012_val_00039380_rank243,628,628,0.87785,0
ILSVRC2012_val_00003747_with_ILSVRC2012_val_00001970_rank836,737,440,0.48167,1
ILSVRC2012_val_00003747_with_ILSVRC2012_val_00041511_rank327,392,392,0.94957,0
ILSVRC2012_val_00003747_with_ILSVRC2012_val_00023426_rank029,365,365,0.26073,0
ILSVRC2012_val_00003747_with_ILSVRC2012_val_00034849_rank057,209,209,0.94145,0
ILSVRC2012_val_00003747_with_ILSVRC2012_val_00008116_rank160,663,425,0.10717,18
ILSVRC2012_val_00003747_with_ILSVRC2012_val_00008429_rank499,577,577,0.67579,0
ILSVRC2012_val_00003747_with_ILSVRC2012_val_00024433_rank387,403,403,0.82584,0
ILSVRC2012_val_00003747_with_ILSVRC2012_val_00019759_rank565,180,180,0.81716,0
ILSVRC2012_val_00003747_with_ILSVRC2012_val_00033554_rank254,322,21,0.13191,167
ILSVRC2012_val_00003747_with_ILSVRC2012_val_00002348_rank741,993,993,0.92787,0
ILSVRC2012_val_00003747_with_ILSVRC2012_val_00036935_rank726,796,701,0.25125,230
ILSVRC2012_val_00003747_with_ILSVRC2012_val_00030455_rank513,893,893,0.13417,0
ILSVRC2012_val_00003747_with_ILSVRC2012_val_00030897_rank865,840,731,0.29072,6
ILSVRC2012_val_00003747_with_ILSVRC2012_val_00009979_rank426,64,64,0.8305,0
ILSVRC2012_val_00003747_with_ILSVRC2012_val_00032445_rank630,196,196,0.58956,0
ILSVRC2012_val_00003747_with_ILSVRC2012_val_00011950_rank677,777,777,0.32717,0
ILSVRC2012_val_00003747_with_ILSVRC2012_val_00016254_rank168,277,277,0.90713,0
ILSVRC2012_val_00003747_with_ILSVRC2012_val_00024278_rank994,892,426,0.91604,2
ILSVRC2012_val_00003747_with_ILSVRC2012_val_00029779_rank718,885,911,0.31292,1
ILSVRC2012_val_00003747_with_ILSVRC2012_val_00017362_rank605,939,344,0.12939,173
ILSVRC2012_val_00003747_with_ILSVRC2012_val_00027719_rank754,941,941,0.79693,0
ILSVRC2012_val_00003747_with_ILSVRC2012_val_00005325_rank501,971,807,0.25988,139
ILSVRC2012_val_00003747_with_ILSVRC2012_val_00036004_rank073,271,271,0.97031,0
ILSVRC2012_val_00003747_with_ILSVRC2012_val_00024934_rank093,863,637,0.12013,65
ILSVRC2012_val_00003747_with_ILSVRC2012_val_00040351_rank121,135,135,0.84812,0
ILSVRC2012_val_00003747_with_ILSVRC2012_val_00039146_rank858,203,186,0.23358,11
ILSVRC2012_val_00003747_with_ILSVRC2012_val_00022330_rank206,273,273,0.96983,0
ILSVRC2012_val_00003747_with_ILSVRC2012_val_00008114_rank279,241,241,0.84113,0
ILSVRC2012_val_00003747_with_ILSVRC2012_val_00006495_rank730,169,169,0.93319,0
ILSVRC2012_val_00003747_with_ILSVRC2012_val_00044160_rank208,805,805,0.97284,0
ILSVRC2012_val_00003747_with_ILSVRC2012_val_00038867_rank680,204,155,0.83354,1
ILSVRC2012_val_00003747_with_ILSVRC2012_val_00047125_rank215,162,162,0.96576,0
ILSVRC2012_val_00003747_with_ILSVRC2012_val_00018192_rank105,129,129,0.93901,0
ILSVRC2012_val_00003747_with_ILSVRC2012_val_00008541_rank971,487,590,0.50466,1
ILSVRC2012_val_00003747_with_ILSVRC2012_val_00000941_rank497,56,56,0.5847,0
ILSVRC2012_val_00003747_with_ILSVRC2012_val_00034865_rank954,828,828,0.34923,0
ILSVRC2012_val_00003747_with_ILSVRC2012_val_00006858_rank552,409,409,0.66234,0
ILSVRC2012_val_00003747_with_ILSVRC2012_val_00040658_rank614,52,52,0.76509,0
ILSVRC2012_val_00003747_with_ILSVRC2012_val_00012924_rank810,235,235,0.78294,0
ILSVRC2012_val_00003747_with_ILSVRC2012_val_00024996_rank429,465,465,0.8966,0
ILSVRC2012_val_00003747_with_ILSVRC2012_val_00003131_rank887,504,504,0.89183,0
ILSVRC2012_val_00003747_with_ILSVRC2012_val_00045352_rank970,185,186,0.65427,1
ILSVRC2012_val_00003747_with_ILSVRC2012_val_00024031_rank692,462,462,0.98697,0
ILSVRC2012_val_00003747_with_ILSVRC2012_val_00037440_rank221,183,183,0.90344,0
ILSVRC2012_val_00003747_with_ILSVRC2012_val_00025183_rank063,131,131,0.88994,0
ILSVRC2012_val_00003747_with_ILSVRC2012_val_00010479_rank754,941,941,0.99425,0
ILSVRC2012_val_00003747_with_ILSVRC2012_val_00006226_rank739,610,735,0.58339,27
ILSVRC2012_val_00003747_with_ILSVRC2012_val_00011766_rank272,35,43,0.81379,57
ILSVRC2012_val_00003747_with_ILSVRC2012_val_00013295_rank237,874,705,0.64333,3
ILSVRC2012_val_00003747_with_ILSVRC2012_val_00025723_rank308,281,281,0.40018,0
ILSVRC2012_val_00003747_with_ILSVRC2012_val_00047654_rank338,263,264,0.556,1
ILSVRC2012_val_00003747_with_ILSVRC2012_val_00021362_rank811,201,201,0.68717,0
ILSVRC2012_val_00003747_with_ILSVRC2012_val_00029827_rank426,64,64,0.84191,0
ILSVRC2012_val_00003747_with_ILSVRC2012_val_00039964_rank645,82,83,0.69591,3
ILSVRC2012_val_00003747_with_ILSVRC2012_val_00038578_rank001,386,386,0.82806,0
ILSVRC2012_val_00003747_with_ILSVRC2012_val_00014927_rank409,46,42,0.34072,6
ILSVRC2012_val_00003747_with_ILSVRC2012_val_00047486_rank472,822,822,0.98397,0
ILSVRC2012_val_00003747_with_ILSVRC2012_val_00005366_rank022,345,345,0.78019,0
ILSVRC2012_val_00003747_with_ILSVRC2012_val_00033580_rank986,10,10,0.92209,0
ILSVRC2012_val_00003747_with_ILSVRC2012_val_00047051_rank843,681,23,0.7605,751
ILSVRC2012_val_00003747_with_ILSVRC2012_val_00030875_rank617,964,116,0.3686,55
ILSVRC2012_val_00003747_with_ILSVRC2012_val_00027256_rank277,190,228,0.20532,12
ILSVRC2012_val_00003747_with_ILSVRC2012_val_00048067_rank321,635,635,0.72064,0
ILSVRC2012_val_00003747_with_ILSVRC2012_val_00042422_rank154,815,815,0.84283,0
ILSVRC2012_val_00003747_with_ILSVRC2012_val_00032006_rank017,366,372,0.432,9
ILSVRC2012_val_00003747_with_ILSVRC2012_val_00042395_rank487,930,930,0.32103,0
ILSVRC2012_val_00003747_with_ILSVRC2012_val_00017993_rank463,550,550,0.92107,0
ILSVRC2012_val_00003747_with_ILSVRC2012_val_00007857_rank807,552,552,0.96723,0
ILSVRC2012_val_00003747_with_ILSVRC2012_val_00017339_rank330,337,354,0.20346,393
ILSVRC2012_val_00003747_with_ILSVRC2012_val_00019232_rank464,524,524,0.85631,0
ILSVRC2012_val_00003747_with_ILSVRC2012_val_00023074_rank657,4,4,0.94843,0
ILSVRC2012_val_00003747_with_ILSVRC2012_val_00034350_rank213,955,997,0.18746,16
ILSVRC2012_val_00003747_with_ILSVRC2012_val_00048980_rank728,247,247,0.94394,0
ILSVRC2012_val_00003747_with_ILSVRC2012_val_00039846_rank009,347,347,0.95094,0
ILSVRC2012_val_00003747_with_ILSVRC2012_val_00046467_rank807,552,138,0.11793,368
ILSVRC2012_val_00003747_with_ILSVRC2012_val_00003705_rank878,119,353,0.17573,679
ILSVRC2012_val_00003747_with_ILSVRC2012_val_00037279_rank959,59,649,0.15824,541
ILSVRC2012_val_00003747_with_ILSVRC2012_val_00004998_rank183,895,895,0.74931,0
ILSVRC2012_val_00003747_with_ILSVRC2012_val_00047736_rank086,133,133,0.90482,0
ILSVRC2012_val_00003747_with_ILSVRC2012_val_00033531_rank174,234,163,0.89171,16
ILSVRC2012_val_00003747_with_ILSVRC2012_val_00021066_rank042,288,288,0.73377,0
ILSVRC2012_val_00003747_with_ILSVRC2012_val_00004282_rank059,275,275,0.89147,0
ILSVRC2012_val_00003747_with_ILSVRC2012_val_00005533_rank853,452,730,0.0692,748
ILSVRC2012_val_00003747_with_ILSVRC2012_val_00012097_rank562,910,693,0.75447,21
ILSVRC2012_val_00003747_with_ILSVRC2012_val_00030351_rank389,817,817,0.22238,0
ILSVRC2012_val_00003747_with_ILSVRC2012_val_00048458_rank990,882,600,0.28447,426
ILSVRC2012_val_00003747_with_ILSVRC2012_val_00036261_rank774,528,528,0.964,0
ILSVRC2012_val_00003747_with_ILSVRC2012_val_00042968_rank672,327,949,0.05399,230
ILSVRC2012_val_00003747_with_ILSVRC2012_val_00015422_rank248,707,707,0.90432,0
ILSVRC2012_val_00003747_with_ILSVRC2012_val_00046220_rank285,207,208,0.76784,2
ILSVRC2012_val_00003747_with_ILSVRC2012_val_00047683_rank268,325,325,0.96198,0
ILSVRC2012_val_00003747_with_ILSVRC2012_val_00006603_rank263,16,16,0.97703,0
ILSVRC2012_val_00003747_with_ILSVRC2012_val_00047342_rank349,250,250,0.6095,0
ILSVRC2012_val_00003747_with_ILSVRC2012_val_00012752_rank206,273,273,0.8278,0
ILSVRC2012_val_00003747_with_ILSVRC2012_val_00033968_rank836,737,692,0.46283,36
ILSVRC2012_val_00003747_with_ILSVRC2012_val_00019213_rank318,716,912,0.79762,1
ILSVRC2012_val_00003747_with_ILSVRC2012_val_00011341_rank931,855,855,0.99402,0
ILSVRC2012_val_00003747_with_ILSVRC2012_val_00037103_rank408,226,226,0.58984,0
ILSVRC2012_val_00003747_with_ILSVRC2012_val_00009719_rank116,355,355,0.43828,0
ILSVRC2012_val_00003747_with_ILSVRC2012_val_00036163_rank211,780,780,0.93545,0
ILSVRC2012_val_00003747_with_ILSVRC2012_val_00044941_rank767,557,138,0.15383,731
ILSVRC2012_val_00003747_with_ILSVRC2012_val_00001574_rank821,658,658,0.94753,0
ILSVRC2012_val_00003747_with_ILSVRC2012_val_00044158_rank292,319,319,0.87716,0
ILSVRC2012_val_00003747_with_ILSVRC2012_val_00045483_rank032,649,294,0.51809,170
ILSVRC2012_val_00003747_with_ILSVRC2012_val_00031858_rank903,704,704,0.76561,0
ILSVRC2012_val_00003747_with_ILSVRC2012_val_00029882_rank172,703,703,0.92887,0
ILSVRC2012_val_00003747_with_ILSVRC2012_val_00021260_rank819,456,351,0.34746,117
ILSVRC2012_val_00003747_with_ILSVRC2012_val_00002302_rank240,238,238,0.8201,0
ILSVRC2012_val_00003747_with_ILSVRC2012_val_00034482_rank482,15,15,0.94082,0
ILSVRC2012_val_00003747_with_ILSVRC2012_val_00012980_rank119,387,387,0.90936,0
ILSVRC2012_val_00003747_with_ILSVRC2012_val_00014384_rank713,940,940,0.84597,0
ILSVRC2012_val_00003747_with_ILSVRC2012_val_00001759_rank642,816,816,0.90544,0
ILSVRC2012_val_00003747_with_ILSVRC2012_val_00015890_rank891,749,386,0.34484,776
ILSVRC2012_val_00003747_with_ILSVRC2012_val_00017600_rank121,135,135,0.87858,0
ILSVRC2012_val_00003747_with_ILSVRC2012_val_00000697_rank501,971,971,0.99239,0
ILSVRC2012_val_00003747_with_ILSVRC2012_val_00006283_rank653,361,351,0.52566,389
ILSVRC2012_val_00003747_with_ILSVRC2012_val_00010010_rank920,626,595,0.14712,360
ILSVRC2012_val_00003747_with_ILSVRC2012_val_00007720_rank969,696,462,0.35285,5
ILSVRC2012_val_00003747_with_ILSVRC2012_val_00001134_rank923,720,720,0.94462,0
ILSVRC2012_val_00003747_with_ILSVRC2012_val_00027211_rank273,510,510,0.95075,0
ILSVRC2012_val_00003747_with_ILSVRC2012_val_00011880_rank172,703,21,0.44829,805
ILSVRC2012_val_00003747_with_ILSVRC2012_val_00006353_rank575,258,258,0.63407,0
ILSVRC2012_val_00003747_with_ILSVRC2012_val_00032804_rank155,404,404,0.88673,0
ILSVRC2012_val_00003747_with_ILSVRC2012_val_00047133_rank562,910,910,0.85518,0
ILSVRC2012_val_00003747_with_ILSVRC2012_val_00036802_rank376,45,45,0.84773,0
ILSVRC2012_val_00003747_with_ILSVRC2012_val_00049742_rank268,325,351,0.33186,244
ILSVRC2012_val_00003747_with_ILSVRC2012_val_00043442_rank164,227,227,0.59738,0
ILSVRC2012_val_00003747_with_ILSVRC2012_val_00029747_rank515,849,849,0.81214,0
ILSVRC2012_val_00003747_with_ILSVRC2012_val_00007812_rank725,448,947,0.32128,41
ILSVRC2012_val_00003747_with_ILSVRC2012_val_00000610_rank112,290,290,0.72552,0
ILSVRC2012_val_00003747_with_ILSVRC2012_val_00049677_rank655,956,956,0.9006,0
ILSVRC2012_val_00003747_with_ILSVRC2012_val_00047857_rank692,462,351,0.21459,917
ILSVRC2012_val_00003747_with_ILSVRC2012_val_00009268_rank309,665,665,0.8805,0
ILSVRC2012_val_00003747_with_ILSVRC2012_val_00020884_rank715,534,534,0.21087,0
ILSVRC2012_val_00003747_with_ILSVRC2012_val_00009060_rank275,484,484,0.94232,0
ILSVRC2012_val_00003747_with_ILSVRC2012_val_00033601_rank233,561,561,0.84131,0
ILSVRC2012_val_00003747_with_ILSVRC2012_val_00022485_rank206,273,250,0.57663,19
ILSVRC2012_val_00003747_with_ILSVRC2012_val_00038976_rank281,285,285,0.41059,0
ILSVRC2012_val_00003747_with_ILSVRC2012_val_00009358_rank844,507,489,0.14285,42
ILSVRC2012_val_00003747_with_ILSVRC2012_val_00034957_rank620,113,825,0.29417,153
ILSVRC2012_val_00003747_with_ILSVRC2012_val_00046592_rank729,636,636,0.58867,0
ILSVRC2012_val_00003747_with_ILSVRC2012_val_00013207_rank984,496,496,0.75184,0
ILSVRC2012_val_00003747_with_ILSVRC2012_val_00001646_rank502,254,262,0.46666,3
ILSVRC2012_val_00003747_with_ILSVRC2012_val_00025674_rank331,675,410,0.87274,82
ILSVRC2012_val_00003747_with_ILSVRC2012_val_00006908_rank327,392,392,0.97816,0
ILSVRC2012_val_00003747_with_ILSVRC2012_val_00022192_rank844,507,758,0.4591,24
ILSVRC2012_val_00003747_with_ILSVRC2012_val_00000353_rank748,481,481,0.76992,0
ILSVRC2012_val_00003747_with_ILSVRC2012_val_00043082_rank890,647,990,0.31847,770
ILSVRC2012_val_00003747_with_ILSVRC2012_val_00001370_rank386,72,72,0.50781,0
ILSVRC2012_val_00003747_with_ILSVRC2012_val_00042094_rank286,743,743,0.35512,0
ILSVRC2012_val_00003747_with_ILSVRC2012_val_00003191_rank696,306,306,0.88871,0
ILSVRC2012_val_00003747_with_ILSVRC2012_val_00032685_rank333,274,274,0.91023,0
ILSVRC2012_val_00003747_with_ILSVRC2012_val_00007994_rank905,896,896,0.52717,0
ILSVRC2012_val_00003747_with_ILSVRC2012_val_00013387_rank129,256,256,0.89808,0
ILSVRC2012_val_00003747_with_ILSVRC2012_val_00042798_rank953,428,428,0.99804,0
ILSVRC2012_val_00003747_with_ILSVRC2012_val_00043245_rank530,58,340,0.1563,305
ILSVRC2012_val_00003747_with_ILSVRC2012_val_00019938_rank720,712,522,0.3817,329
ILSVRC2012_val_00003747_with_ILSVRC2012_val_00033803_rank288,405,405,0.91755,0
ILSVRC2012_val_00003747_with_ILSVRC2012_val_00048088_rank283,336,336,0.85739,0
ILSVRC2012_val_00003747_with_ILSVRC2012_val_00017811_rank446,420,420,0.97125,0
ILSVRC2012_val_00003747_with_ILSVRC2012_val_00024274_rank818,464,464,0.41,0
ILSVRC2012_val_00003747_with_ILSVRC2012_val_00001753_rank202,654,656,0.609,1
ILSVRC2012_val_00003747_with_ILSVRC2012_val_00005708_rank496,38,26,0.17557,7
ILSVRC2012_val_00003747_with_ILSVRC2012_val_00040798_rank406,391,391,0.87836,0
ILSVRC2012_val_00003747_with_ILSVRC2012_val_00024800_rank015,9,9,0.91961,0
ILSVRC2012_val_00003747_with_ILSVRC2012_val_00002603_rank147,820,820,0.44409,0
ILSVRC2012_val_00003747_with_ILSVRC2012_val_00048056_rank921,740,740,0.79747,0
ILSVRC2012_val_00003747_with_ILSVRC2012_val_00017402_rank966,969,607,0.35954,339
ILSVRC2012_val_00003747_with_ILSVRC2012_val_00049489_rank671,438,438,0.8937,0
ILSVRC2012_val_00003747_with_ILSVRC2012_val_00021884_rank032,649,649,0.82591,0
ILSVRC2012_val_00003747_with_ILSVRC2012_val_00025423_rank680,204,204,0.91188,0
ILSVRC2012_val_00003747_with_ILSVRC2012_val_00000476_rank798,18,80,0.60312,11
ILSVRC2012_val_00003747_with_ILSVRC2012_val_00022291_rank172,703,703,0.84091,0
ILSVRC2012_val_00003747_with_ILSVRC2012_val_00042889_rank456,114,114,0.97403,0
ILSVRC2012_val_00003747_with_ILSVRC2012_val_00011420_rank263,16,16,0.72079,0
ILSVRC2012_val_00003747_with_ILSVRC2012_val_00023905_rank399,597,730,0.1142,659
ILSVRC2012_val_00003747_with_ILSVRC2012_val_00027920_rank410,124,124,0.95046,0
ILSVRC2012_val_00003747_with_ILSVRC2012_val_00033788_rank687,314,314,0.9398,0
ILSVRC2012_val_00003747_with_ILSVRC2012_val_00005969_rank181,373,373,0.78098,0
ILSVRC2012_val_00003747_with_ILSVRC2012_val_00013661_rank335,393,393,0.73505,0
ILSVRC2012_val_00003747_with_ILSVRC2012_val_00021910_rank305,989,989,0.95045,0
ILSVRC2012_val_00003747_with_ILSVRC2012_val_00039559_rank324,554,554,0.49771,0
ILSVRC2012_val_00003747_with_ILSVRC2012_val_00016616_rank560,831,831,0.4147,0
ILSVRC2012_val_00003747_with_ILSVRC2012_val_00002548_rank818,464,787,0.32158,17
ILSVRC2012_val_00003747_with_ILSVRC2012_val_00042139_rank913,723,723,0.99048,0
ILSVRC2012_val_00003747_with_ILSVRC2012_val_00028665_rank195,952,947,0.4458,25
ILSVRC2012_val_00003747_with_ILSVRC2012_val_00006577_rank008,354,159,0.36127,120
ILSVRC2012_val_00003747_with_ILSVRC2012_val_00041166_rank374,486,486,0.91548,0
ILSVRC2012_val_00003747_with_ILSVRC2012_val_00031376_rank753,605,605,0.96905,0
ILSVRC2012_val_00003747_with_ILSVRC2012_val_00044680_rank520,992,992,0.51198,0
ILSVRC2012_val_00003747_with_ILSVRC2012_val_00018789_rank284,395,395,0.96536,0
ILSVRC2012_val_00003747_with_ILSVRC2012_val_00013508_rank473,179,179,0.79286,0
ILSVRC2012_val_00003747_with_ILSVRC2012_val_00037597_rank270,514,502,0.52703,3
ILSVRC2012_val_00003747_with_ILSVRC2012_val_00045605_rank224,832,832,0.98055,0
ILSVRC2012_val_00003747_with_ILSVRC2012_val_00003106_rank736,781,919,0.12415,3
ILSVRC2012_val_00003747_with_ILSVRC2012_val_00043427_rank819,456,456,0.32783,0
ILSVRC2012_val_00003747_with_ILSVRC2012_val_00047845_rank976,60,58,0.30174,9
ILSVRC2012_val_00003747_with_ILSVRC2012_val_00022832_rank876,356,356,0.83642,0
ILSVRC2012_val_00003747_with_ILSVRC2012_val_00010071_rank006,346,343,0.80918,4
ILSVRC2012_val_00003747_with_ILSVRC2012_val_00000917_rank421,447,199,0.12268,307
ILSVRC2012_val_00003747_with_ILSVRC2012_val_00014684_rank461,522,701,0.37517,414
ILSVRC2012_val_00003747_with_ILSVRC2012_val_00041322_rank945,588,595,0.19824,369
ILSVRC2012_val_00003747_with_ILSVRC2012_val_00020910_rank497,56,65,0.5915,13
ILSVRC2012_val_00003747_with_ILSVRC2012_val_00041696_rank707,753,753,0.88609,0
ILSVRC2012_val_00003747_with_ILSVRC2012_val_00026024_rank171,834,591,0.41686,103
ILSVRC2012_val_00003747_with_ILSVRC2012_val_00006806_rank773,434,501,0.53751,38
ILSVRC2012_val_00003747_with_ILSVRC2012_val_00017923_rank964,769,703,0.38562,282
ILSVRC2012_val_00003747_with_ILSVRC2012_val_00040958_rank635,108,117,0.29312,13
ILSVRC2012_val_00003747_with_ILSVRC2012_val_00033818_rank714,886,637,0.3836,19
ILSVRC2012_val_00003747_with_ILSVRC2012_val_00036455_rank019,49,49,0.93864,0
ILSVRC2012_val_00003747_with_ILSVRC2012_val_00041351_rank580,170,229,0.61867,15
ILSVRC2012_val_00003747_with_ILSVRC2012_val_00007309_rank092,109,109,0.41454,0
ILSVRC2012_val_00003747_with_ILSVRC2012_val_00024545_rank496,38,210,0.17522,242
ILSVRC2012_val_00003747_with_ILSVRC2012_val_00016296_rank692,462,912,0.80078,715
ILSVRC2012_val_00003747_with_ILSVRC2012_val_00009089_rank101,755,755,0.97102,0
ILSVRC2012_val_00003747_with_ILSVRC2012_val_00026785_rank806,632,787,0.21356,204
ILSVRC2012_val_00003747_with_ILSVRC2012_val_00042545_rank882,559,559,0.98059,0
ILSVRC2012_val_00003747_with_ILSVRC2012_val_00005038_rank310,787,787,0.92024,0
ILSVRC2012_val_00003747_with_ILSVRC2012_val_00033301_rank990,882,209,0.38433,214
ILSVRC2012_val_00003747_with_ILSVRC2012_val_00034812_rank329,335,335,0.89573,0
ILSVRC2012_val_00003747_with_ILSVRC2012_val_00008951_rank096,137,137,0.92684,0
ILSVRC2012_val_00003747_with_ILSVRC2012_val_00040330_rank558,512,138,0.3326,498
ILSVRC2012_val_00003747_with_ILSVRC2012_val_00030462_rank788,446,446,0.11584,0
ILSVRC2012_val_00003747_with_ILSVRC2012_val_00020523_rank992,792,792,0.80117,0
ILSVRC2012_val_00003747_with_ILSVRC2012_val_00018553_rank205,483,730,0.20812,198
ILSVRC2012_val_00003747_with_ILSVRC2012_val_00038327_rank401,996,996,0.84197,0
ILSVRC2012_val_00003747_with_ILSVRC2012_val_00022414_rank122,130,130,0.91804,0
ILSVRC2012_val_00003747_with_ILSVRC2012_val_00013232_rank773,434,790,0.42765,261
ILSVRC2012_val_00003747_with_ILSVRC2012_val_00042394_rank703,166,166,0.4552,0
ILSVRC2012_val_00003747_with_ILSVRC2012_val_00049955_rank892,813,792,0.52415,11
ILSVRC2012_val_00003747_with_ILSVRC2012_val_00022888_rank358,279,279,0.88722,0
ILSVRC2012_val_00003747_with_ILSVRC2012_val_00035617_rank660,599,599,0.57264,0
ILSVRC2012_val_00003747_with_ILSVRC2012_val_00024209_rank812,402,402,0.89557,0
ILSVRC2012_val_00003747_with_ILSVRC2012_val_00013414_rank182,246,246,0.52366,0
ILSVRC2012_val_00003747_with_ILSVRC2012_val_00031483_rank513,893,893,0.73384,0
ILSVRC2012_val_00003747_with_ILSVRC2012_val_00025591_rank813,574,574,0.95538,0
ILSVRC2012_val_00003747_with_ILSVRC2012_val_00044987_rank376,45,45,0.92439,0
ILSVRC2012_val_00003747_with_ILSVRC2012_val_00027665_rank966,969,969,0.18714,0
ILSVRC2012_val_00003747_with_ILSVRC2012_val_00040048_rank959,59,352,0.61708,170
ILSVRC2012_val_00003747_with_ILSVRC2012_val_00004661_rank593,318,318,0.94324,0
ILSVRC2012_val_00003747_with_ILSVRC2012_val_00032979_rank184,394,394,0.84045,0
ILSVRC2012_val_00003747_with_ILSVRC2012_val_00003497_rank465,789,912,0.08367,151
ILSVRC2012_val_00003747_with_ILSVRC2012_val_00021158_rank947,567,730,0.22132,705
ILSVRC2012_val_00003747_with_ILSVRC2012_val_00021408_rank588,601,601,0.90062,0
ILSVRC2012_val_00003747_with_ILSVRC2012_val_00034746_rank192,694,703,0.56368,58
ILSVRC2012_val_00003747_with_ILSVRC2012_val_00006342_rank417,117,117,0.93671,0
ILSVRC2012_val_00003747_with_ILSVRC2012_val_00010234_rank891,749,701,0.16896,267
ILSVRC2012_val_00003747_with_ILSVRC2012_val_00029396_rank307,671,471,0.38988,50
ILSVRC2012_val_00003747_with_ILSVRC2012_val_00020924_rank266,765,428,0.21456,16
ILSVRC2012_val_00003747_with_ILSVRC2012_val_00040030_rank514,917,491,0.13361,100
ILSVRC2012_val_00003747_with_ILSVRC2012_val_00031788_rank679,987,701,0.55343,257
ILSVRC2012_val_00003747_with_ILSVRC2012_val_00031146_rank897,965,993,0.19992,46
ILSVRC2012_val_00003747_with_ILSVRC2012_val_00019520_rank797,666,666,0.97429,0
ILSVRC2012_val_00003747_with_ILSVRC2012_val_00036774_rank244,497,410,0.07556,247
ILSVRC2012_val_00003747_with_ILSVRC2012_val_00032808_rank966,969,738,0.46191,344
ILSVRC2012_val_00003747_with_ILSVRC2012_val_00010256_rank823,774,36,0.37846,356
ILSVRC2012_val_00003747_with_ILSVRC2012_val_00020994_rank239,33,33,0.82929,0
ILSVRC2012_val_00003747_with_ILSVRC2012_val_00016359_rank315,925,925,0.82483,0
ILSVRC2012_val_00003747_with_ILSVRC2012_val_00013287_rank649,248,231,0.52999,10
ILSVRC2012_val_00003747_with_ILSVRC2012_val_00021485_rank630,196,196,0.59998,0
ILSVRC2012_val_00003747_with_ILSVRC2012_val_00019821_rank683,214,214,0.90348,0
ILSVRC2012_val_00003747_with_ILSVRC2012_val_00003684_rank204,413,413,0.52179,0
ILSVRC2012_val_00003747_with_ILSVRC2012_val_00027385_rank244,497,519,0.19699,688
ILSVRC2012_val_00003747_with_ILSVRC2012_val_00010096_rank427,112,112,0.80644,0
ILSVRC2012_val_00003747_with_ILSVRC2012_val_00001424_rank979,851,851,0.19701,0
ILSVRC2012_val_00003747_with_ILSVRC2012_val_00047420_rank888,784,637,0.59537,528
ILSVRC2012_val_00003747_with_ILSVRC2012_val_00031064_rank257,612,612,0.90648,0
ILSVRC2012_val_00003747_with_ILSVRC2012_val_00027946_rank916,81,81,0.9094,0
ILSVRC2012_val_00003747_with_ILSVRC2012_val_00027645_rank289,933,933,0.82839,0
ILSVRC2012_val_00003747_with_ILSVRC2012_val_00045857_rank152,80,80,0.92788,0
ILSVRC2012_val_00003747_with_ILSVRC2012_val_00033693_rank038,295,295,0.92422,0
ILSVRC2012_val_00003747_with_ILSVRC2012_val_00035764_rank730,169,169,0.94331,0
ILSVRC2012_val_00003747_with_ILSVRC2012_val_00002555_rank932,768,768,0.56775,0
ILSVRC2012_val_00003747_with_ILSVRC2012_val_00039723_rank238,864,864,0.79157,0
ILSVRC2012_val_00003747_with_ILSVRC2012_val_00010301_rank177,408,586,0.64311,3
ILSVRC2012_val_00003747_with_ILSVRC2012_val_00028121_rank736,781,409,0.71504,21
ILSVRC2012_val_00003747_with_ILSVRC2012_val_00048653_rank411,843,843,0.99423,0
ILSVRC2012_val_00003747_with_ILSVRC2012_val_00012066_rank498,625,625,0.86532,0
ILSVRC2012_val_00003747_with_ILSVRC2012_val_00010432_rank405,623,355,0.57021,892
ILSVRC2012_val_00003747_with_ILSVRC2012_val_00001518_rank478,919,412,0.04987,26
ILSVRC2012_val_00003747_with_ILSVRC2012_val_00000854_rank925,903,352,0.71914,325
ILSVRC2012_val_00003747_with_ILSVRC2012_val_00016838_rank611,713,713,0.82742,0
ILSVRC2012_val_00003747_with_ILSVRC2012_val_00035158_rank576,191,191,0.8349,0
ILSVRC2012_val_00003747_with_ILSVRC2012_val_00004744_rank811,201,201,0.95563,0
ILSVRC2012_val_00003747_with_ILSVRC2012_val_00033219_rank759,28,28,0.90369,0
ILSVRC2012_val_00003747_with_ILSVRC2012_val_00019034_rank454,20,20,0.8969,0
ILSVRC2012_val_00003747_with_ILSVRC2012_val_00022415_rank196,984,984,0.93326,0
ILSVRC2012_val_00003747_with_ILSVRC2012_val_00024216_rank867,173,173,0.92609,0
ILSVRC2012_val_00003747_with_ILSVRC2012_val_00045406_rank924,897,479,0.87176,47
ILSVRC2012_val_00003747_with_ILSVRC2012_val_00013000_rank990,882,621,0.10998,2
ILSVRC2012_val_00003747_with_ILSVRC2012_val_00044583_rank962,587,353,0.31647,259
ILSVRC2012_val_00003747_with_ILSVRC2012_val_00025655_rank669,164,210,0.51417,3
ILSVRC2012_val_00003747_with_ILSVRC2012_val_00006711_rank123,134,134,0.88829,0
ILSVRC2012_val_00003747_with_ILSVRC2012_val_00037367_rank457,54,54,0.93601,0
ILSVRC2012_val_00003747_with_ILSVRC2012_val_00002758_rank819,456,456,0.87866,0
ILSVRC2012_val_00003747_with_ILSVRC2012_val_00002689_rank688,517,517,0.59754,0
ILSVRC2012_val_00003747_with_ILSVRC2012_val_00019059_rank876,356,356,0.94561,0
ILSVRC2012_val_00003747_with_ILSVRC2012_val_00034762_rank262,833,833,0.89088,0
ILSVRC2012_val_00003747_with_ILSVRC2012_val_00021972_rank816,457,21,0.84231,474
ILSVRC2012_val_00003747_with_ILSVRC2012_val_00035080_rank768,76,76,0.84574,0
ILSVRC2012_val_00003747_with_ILSVRC2012_val_00028278_rank815,503,503,0.87301,0
ILSVRC2012_val_00003747_with_ILSVRC2012_val_00024855_rank952,505,505,0.87363,0
ILSVRC2012_val_00003747_with_ILSVRC2012_val_00045024_rank677,777,701,0.19346,669
ILSVRC2012_val_00003747_with_ILSVRC2012_val_00012989_rank693,802,802,0.31224,0
ILSVRC2012_val_00003747_with_ILSVRC2012_val_00044067_rank684,622,768,0.18393,85
ILSVRC2012_val_00003747_with_ILSVRC2012_val_00036289_rank252,126,126,0.93053,0
ILSVRC2012_val_00003747_with_ILSVRC2012_val_00004756_rank015,9,9,0.90964,0
ILSVRC2012_val_00003747_with_ILSVRC2012_val_00022382_rank792,927,927,0.78981,0
ILSVRC2012_val_00003747_with_ILSVRC2012_val_00004374_rank245,182,182,0.98087,0
ILSVRC2012_val_00003747_with_ILSVRC2012_val_00003016_rank571,555,555,0.79782,0
ILSVRC2012_val_00003747_with_ILSVRC2012_val_00032897_rank421,447,792,0.25613,202
ILSVRC2012_val_00003747_with_ILSVRC2012_val_00021148_rank921,740,412,0.09099,843
ILSVRC2012_val_00003747_with_ILSVRC2012_val_00048490_rank369,685,685,0.74337,0
ILSVRC2012_val_00003747_with_ILSVRC2012_val_00020195_rank384,547,847,0.84321,9
ILSVRC2012_val_00003747_with_ILSVRC2012_val_00021147_rank100,379,208,0.45511,207
ILSVRC2012_val_00003747_with_ILSVRC2012_val_00039750_rank256,515,515,0.87939,0
ILSVRC2012_val_00003747_with_ILSVRC2012_val_00009236_rank693,802,802,0.90429,0
ILSVRC2012_val_00003747_with_ILSVRC2012_val_00030765_rank170,734,407,0.83933,1
ILSVRC2012_val_00003747_with_ILSVRC2012_val_00041270_rank204,413,351,0.25348,29
ILSVRC2012_val_00003747_with_ILSVRC2012_val_00040509_rank866,521,463,0.18383,30
ILSVRC2012_val_00003747_with_ILSVRC2012_val_00044410_rank257,612,764,0.06601,683
ILSVRC2012_val_00003747_with_ILSVRC2012_val_00034737_rank245,182,182,0.93289,0
ILSVRC2012_val_00003747_with_ILSVRC2012_val_00035951_rank583,741,741,0.86457,0
ILSVRC2012_val_00003747_with_ILSVRC2012_val_00021236_rank062,50,69,0.06961,69
ILSVRC2012_val_00003747_with_ILSVRC2012_val_00034378_rank237,874,609,0.88323,32
ILSVRC2012_val_00003747_with_ILSVRC2012_val_00026950_rank177,408,408,0.89225,0
ILSVRC2012_val_00003747_with_ILSVRC2012_val_00041433_rank853,452,452,0.20893,0
ILSVRC2012_val_00003747_with_ILSVRC2012_val_00010814_rank780,637,637,0.88495,0
ILSVRC2012_val_00003747_with_ILSVRC2012_val_00027908_rank001,386,386,0.78203,0
ILSVRC2012_val_00003747_with_ILSVRC2012_val_00009663_rank835,7,7,0.84735,0
ILSVRC2012_val_00003747_with_ILSVRC2012_val_00005879_rank514,917,917,0.39989,0
ILSVRC2012_val_00003747_with_ILSVRC2012_val_00049217_rank064,105,105,0.72956,0
ILSVRC2012_val_00003747_with_ILSVRC2012_val_00039966_rank596,77,78,0.56688,21
ILSVRC2012_val_00003747_with_ILSVRC2012_val_00026527_rank888,784,587,0.94412,2
ILSVRC2012_val_00003747_with_ILSVRC2012_val_00026577_rank545,468,751,0.19434,7
ILSVRC2012_val_00003747_with_ILSVRC2012_val_00049271_rank444,451,730,0.23424,903
ILSVRC2012_val_00003747_with_ILSVRC2012_val_00049285_rank240,238,238,0.85884,0
ILSVRC2012_val_00003747_with_ILSVRC2012_val_00034721_rank685,790,790,0.17346,0
ILSVRC2012_val_00003747_with_ILSVRC2012_val_00006568_rank753,605,605,0.93743,0
ILSVRC2012_val_00003747_with_ILSVRC2012_val_00001090_rank353,432,432,0.98185,0
ILSVRC2012_val_00003747_with_ILSVRC2012_val_00020067_rank642,816,816,0.49236,0
ILSVRC2012_val_00003747_with_ILSVRC2012_val_00043722_rank929,397,83,0.14521,121
ILSVRC2012_val_00003747_with_ILSVRC2012_val_00028619_rank039,350,350,0.88441,0
ILSVRC2012_val_00003747_with_ILSVRC2012_val_00047027_rank999,606,606,0.73792,0
ILSVRC2012_val_00003747_with_ILSVRC2012_val_00049344_rank126,163,165,0.39393,2
ILSVRC2012_val_00003747_with_ILSVRC2012_val_00049989_rank364,399,636,0.11355,54
ILSVRC2012_val_00003747_with_ILSVRC2012_val_00001571_rank843,681,595,0.27485,568
ILSVRC2012_val_00003747_with_ILSVRC2012_val_00034771_rank174,234,234,0.49274,0
ILSVRC2012_val_00003747_with_ILSVRC2012_val_00004366_rank728,247,247,0.91389,0
ILSVRC2012_val_00003747_with_ILSVRC2012_val_00027803_rank593,318,955,0.18889,665
ILSVRC2012_val_00003747_with_ILSVRC2012_val_00017101_rank722,691,351,0.47376,637
ILSVRC2012_val_00003747_with_ILSVRC2012_val_00011705_rank026,690,345,0.64689,1
ILSVRC2012_val_00003747_with_ILSVRC2012_val_00045050_rank958,644,657,0.45846,94
ILSVRC2012_val_00003747_with_ILSVRC2012_val_00023140_rank594,806,340,0.11978,45
ILSVRC2012_val_00003747_with_ILSVRC2012_val_00020650_rank974,584,730,0.36201,218
ILSVRC2012_val_00003747_with_ILSVRC2012_val_00005957_rank756,994,994,0.90123,0
ILSVRC2012_val_00003747_with_ILSVRC2012_val_00022051_rank404,857,215,0.16624,801
ILSVRC2012_val_00003747_with_ILSVRC2012_val_00025784_rank478,919,574,0.21773,190
ILSVRC2012_val_00003747_with_ILSVRC2012_val_00046580_rank465,789,789,0.62923,0
ILSVRC2012_val_00003747_with_ILSVRC2012_val_00000947_rank400,431,516,0.29004,1
ILSVRC2012_val_00003747_with_ILSVRC2012_val_00001099_rank280,377,377,0.90352,0
ILSVRC2012_val_00003747_with_ILSVRC2012_val_00013486_rank518,676,676,0.96157,0
ILSVRC2012_val_00003747_with_ILSVRC2012_val_00036982_rank300,66,616,0.25288,105
ILSVRC2012_val_00003747_with_ILSVRC2012_val_00042697_rank519,614,614,0.85292,0
ILSVRC2012_val_00003747_with_ILSVRC2012_val_00031622_rank906,362,362,0.96416,0
ILSVRC2012_val_00003747_with_ILSVRC2012_val_00025570_rank388,328,328,0.97889,0
ILSVRC2012_val_00003747_with_ILSVRC2012_val_00021937_rank437,854,958,0.37955,375
ILSVRC2012_val_00003747_with_ILSVRC2012_val_00037653_rank239,33,33,0.86804,0
ILSVRC2012_val_00003747_with_ILSVRC2012_val_00005148_rank898,592,919,0.13807,151
ILSVRC2012_val_00003747_with_ILSVRC2012_val_00035319_rank468,219,219,0.35209,0
ILSVRC2012_val_00003747_with_ILSVRC2012_val_00023221_rank332,436,436,0.28907,0
ILSVRC2012_val_00003747_with_ILSVRC2012_val_00040794_rank017,366,366,0.87466,0
ILSVRC2012_val_00003747_with_ILSVRC2012_val_00027812_rank965,499,912,0.57265,828
ILSVRC2012_val_00003747_with_ILSVRC2012_val_00010515_rank623,591,591,0.14209,0
ILSVRC2012_val_00003747_with_ILSVRC2012_val_00043025_rank906,362,362,0.96584,0
ILSVRC2012_val_00003747_with_ILSVRC2012_val_00032952_rank041,298,298,0.93326,0
ILSVRC2012_val_00003747_with_ILSVRC2012_val_00029369_rank048,724,595,0.12497,157
ILSVRC2012_val_00003747_with_ILSVRC2012_val_00011332_rank860,948,78,0.19507,160
ILSVRC2012_val_00003747_with_ILSVRC2012_val_00041480_rank575,258,257,0.66103,1
ILSVRC2012_val_00003747_with_ILSVRC2012_val_00047276_rank602,152,200,0.38484,4
ILSVRC2012_val_00003747_with_ILSVRC2012_val_00040144_rank559,728,728,0.89165,0
ILSVRC2012_val_00003747_with_ILSVRC2012_val_00015180_rank872,529,138,0.17349,364
ILSVRC2012_val_00003747_with_ILSVRC2012_val_00003090_rank290,475,475,0.89875,0
ILSVRC2012_val_00003747_with_ILSVRC2012_val_00012476_rank101,755,755,0.93443,0
ILSVRC2012_val_00003747_with_ILSVRC2012_val_00044929_rank653,361,361,0.93271,0
ILSVRC2012_val_00003747_with_ILSVRC2012_val_00030673_rank899,616,616,0.62421,0
ILSVRC2012_val_00003747_with_ILSVRC2012_val_00019097_rank251,67,68,0.37642,1
ILSVRC2012_val_00003747_with_ILSVRC2012_val_00017149_rank822,531,461,0.40796,491
ILSVRC2012_val_00003747_with_ILSVRC2012_val_00015536_rank923,720,427,0.16776,86
ILSVRC2012_val_00003747_with_ILSVRC2012_val_00039906_rank187,847,847,0.61641,0
ILSVRC2012_val_00003747_with_ILSVRC2012_val_00017720_rank725,448,448,0.96101,0
ILSVRC2012_val_00003747_with_ILSVRC2012_val_00013761_rank012,372,372,0.85873,0
ILSVRC2012_val_00003747_with_ILSVRC2012_val_00043023_rank004,343,343,0.94082,0
ILSVRC2012_val_00003747_with_ILSVRC2012_val_00011432_rank706,8,856,0.30754,382
ILSVRC2012_val_00003747_with_ILSVRC2012_val_00048299_rank194,68,66,0.61647,1
ILSVRC2012_val_00003747_with_ILSVRC2012_val_00034933_rank468,219,220,0.66466,1
ILSVRC2012_val_00003747_with_ILSVRC2012_val_00004538_rank810,235,235,0.76491,0
ILSVRC2012_val_00003747_with_ILSVRC2012_val_00037344_rank411,843,843,0.94217,0
ILSVRC2012_val_00003747_with_ILSVRC2012_val_00039738_rank907,804,838,0.07188,37
ILSVRC2012_val_00003747_with_ILSVRC2012_val_00030622_rank884,31,32,0.86707,1
ILSVRC2012_val_00003747_with_ILSVRC2012_val_00020061_rank011,51,51,0.94133,0
ILSVRC2012_val_00003747_with_ILSVRC2012_val_00047920_rank143,106,106,0.88096,0
ILSVRC2012_val_00003747_with_ILSVRC2012_val_00021917_rank066,383,179,0.16745,250
ILSVRC2012_val_00003747_with_ILSVRC2012_val_00039410_rank936,811,595,0.16014,112
ILSVRC2012_val_00003747_with_ILSVRC2012_val_00031599_rank510,215,211,0.7267,17
ILSVRC2012_val_00003747_with_ILSVRC2012_val_00041590_rank707,753,595,0.23365,489
ILSVRC2012_val_00003747_with_ILSVRC2012_val_00037819_rank902,771,771,0.98262,0
ILSVRC2012_val_00003747_with_ILSVRC2012_val_00014464_rank243,628,628,0.88113,0
ILSVRC2012_val_00003747_with_ILSVRC2012_val_00015814_rank764,791,791,0.86353,0
ILSVRC2012_val_00003747_with_ILSVRC2012_val_00031674_rank228,36,36,0.78907,0
ILSVRC2012_val_00003747_with_ILSVRC2012_val_00010627_rank565,180,180,0.78291,0
ILSVRC2012_val_00003747_with_ILSVRC2012_val_00018612_rank693,802,802,0.25283,0
ILSVRC2012_val_00003747_with_ILSVRC2012_val_00018259_rank670,678,21,0.19718,634
ILSVRC2012_val_00003747_with_ILSVRC2012_val_00043312_rank770,30,344,0.60542,51
ILSVRC2012_val_00003747_with_ILSVRC2012_val_00006241_rank662,604,604,0.97217,0
ILSVRC2012_val_00003747_with_ILSVRC2012_val_00042424_rank670,678,389,0.45275,278
ILSVRC2012_val_00003747_with_ILSVRC2012_val_00001985_rank319,120,120,0.80631,0
ILSVRC2012_val_00003747_with_ILSVRC2012_val_00006887_rank424,265,265,0.50143,0
ILSVRC2012_val_00003747_with_ILSVRC2012_val_00044810_rank947,567,567,0.15836,0
ILSVRC2012_val_00003747_with_ILSVRC2012_val_00040924_rank303,913,913,0.96608,0
ILSVRC2012_val_00003747_with_ILSVRC2012_val_00014683_rank691,313,730,0.50234,200
ILSVRC2012_val_00003747_with_ILSVRC2012_val_00013791_rank609,988,988,0.99872,0
ILSVRC2012_val_00003747_with_ILSVRC2012_val_00040368_rank391,257,207,0.30293,4
ILSVRC2012_val_00003747_with_ILSVRC2012_val_00020151_rank081,915,915,0.98577,0
ILSVRC2012_val_00003747_with_ILSVRC2012_val_00022211_rank156,83,83,0.9095,0
ILSVRC2012_val_00003747_with_ILSVRC2012_val_00045629_rank559,728,501,0.24127,79
ILSVRC2012_val_00003747_with_ILSVRC2012_val_00049892_rank895,827,756,0.23988,97
ILSVRC2012_val_00003747_with_ILSVRC2012_val_00043176_rank684,622,622,0.88131,0
ILSVRC2012_val_00003747_with_ILSVRC2012_val_00026995_rank095,375,373,0.45719,15
ILSVRC2012_val_00003747_with_ILSVRC2012_val_00024831_rank198,177,177,0.85075,0
ILSVRC2012_val_00003747_with_ILSVRC2012_val_00047975_rank448,929,929,0.08808,0
ILSVRC2012_val_00003747_with_ILSVRC2012_val_00000300_rank415,176,176,0.93884,0
ILSVRC2012_val_00003747_with_ILSVRC2012_val_00028175_rank312,251,251,0.94878,0
ILSVRC2012_val_00003747_with_ILSVRC2012_val_00031581_rank673,630,630,0.70297,0
ILSVRC2012_val_00003747_with_ILSVRC2012_val_00039100_rank504,680,680,0.53882,0
ILSVRC2012_val_00003747_with_ILSVRC2012_val_00034195_rank360,595,595,0.77098,0
ILSVRC2012_val_00003747_with_ILSVRC2012_val_00047447_rank948,881,579,0.57712,1
ILSVRC2012_val_00003747_with_ILSVRC2012_val_00029833_rank965,499,499,0.91654,0
ILSVRC2012_val_00003747_with_ILSVRC2012_val_00033395_rank588,601,601,0.56347,0
ILSVRC2012_val_00003747_with_ILSVRC2012_val_00041388_rank227,702,416,0.24048,2
ILSVRC2012_val_00003747_with_ILSVRC2012_val_00043289_rank814,253,253,0.94233,0
ILSVRC2012_val_00003747_with_ILSVRC2012_val_00030651_rank034,292,292,0.79144,0
ILSVRC2012_val_00003747_with_ILSVRC2012_val_00025126_rank105,129,129,0.74201,0
ILSVRC2012_val_00003747_with_ILSVRC2012_val_00005428_rank478,919,919,0.68729,0
ILSVRC2012_val_00003747_with_ILSVRC2012_val_00008550_rank216,382,382,0.89206,0
ILSVRC2012_val_00003747_with_ILSVRC2012_val_00017810_rank684,622,622,0.75353,0
ILSVRC2012_val_00003747_with_ILSVRC2012_val_00025890_rank294,491,491,0.6518,0
ILSVRC2012_val_00003747_with_ILSVRC2012_val_00038573_rank603,901,901,0.47383,0
ILSVRC2012_val_00003747_with_ILSVRC2012_val_00020702_rank439,757,757,0.93076,0
ILSVRC2012_val_00003747_with_ILSVRC2012_val_00023877_rank634,172,176,0.733,2
ILSVRC2012_val_00003747_with_ILSVRC2012_val_00022121_rank266,765,843,0.92524,11
ILSVRC2012_val_00003747_with_ILSVRC2012_val_00005677_rank908,697,245,0.80227,760
ILSVRC2012_val_00003747_with_ILSVRC2012_val_00044279_rank493,533,958,0.48007,331
ILSVRC2012_val_00003747_with_ILSVRC2012_val_00003955_rank413,107,989,0.35346,119
ILSVRC2012_val_00003747_with_ILSVRC2012_val_00036654_rank459,714,714,0.93461,0
ILSVRC2012_val_00003747_with_ILSVRC2012_val_00001624_rank391,257,207,0.63811,4
ILSVRC2012_val_00003747_with_ILSVRC2012_val_00004186_rank245,182,182,0.70293,0
ILSVRC2012_val_00003747_with_ILSVRC2012_val_00049791_rank286,743,844,0.23128,73
ILSVRC2012_val_00003747_with_ILSVRC2012_val_00047377_rank388,328,328,0.44931,0
ILSVRC2012_val_00003747_with_ILSVRC2012_val_00021582_rank241,42,42,0.94282,0
ILSVRC2012_val_00003747_with_ILSVRC2012_val_00040298_rank960,187,187,0.39526,0
ILSVRC2012_val_00003747_with_ILSVRC2012_val_00013010_rank658,651,530,0.8567,17
ILSVRC2012_val_00003747_with_ILSVRC2012_val_00009637_rank135,127,127,0.41481,0
ILSVRC2012_val_00003747_with_ILSVRC2012_val_00031903_rank343,301,301,0.97246,0
ILSVRC2012_val_00003747_with_ILSVRC2012_val_00016675_rank935,570,570,0.20054,0
ILSVRC2012_val_00003747_with_ILSVRC2012_val_00037870_rank407,946,946,0.84544,0
ILSVRC2012_val_00003747_with_ILSVRC2012_val_00023093_rank465,789,807,0.0925,86
ILSVRC2012_val_00003747_with_ILSVRC2012_val_00042187_rank329,335,354,0.59766,144
ILSVRC2012_val_00003747_with_ILSVRC2012_val_00022462_rank500,417,417,0.95952,0
ILSVRC2012_val_00003747_with_ILSVRC2012_val_00033252_rank020,353,352,0.6833,1
ILSVRC2012_val_00003747_with_ILSVRC2012_val_00020999_rank457,54,58,0.61802,6
ILSVRC2012_val_00003747_with_ILSVRC2012_val_00047489_rank780,637,637,0.46702,0
ILSVRC2012_val_00003747_with_ILSVRC2012_val_00030467_rank587,560,92,0.2013,529
ILSVRC2012_val_00003747_with_ILSVRC2012_val_00038659_rank432,568,568,0.58338,0
ILSVRC2012_val_00003747_with_ILSVRC2012_val_00027226_rank308,281,282,0.47262,1
ILSVRC2012_val_00003747_with_ILSVRC2012_val_00047161_rank734,889,889,0.85434,0
ILSVRC2012_val_00003747_with_ILSVRC2012_val_00032723_rank586,426,835,0.75882,14
ILSVRC2012_val_00003747_with_ILSVRC2012_val_00003849_rank956,872,872,0.89884,0
ILSVRC2012_val_00003747_with_ILSVRC2012_val_00026208_rank408,226,226,0.9487,0
ILSVRC2012_val_00003747_with_ILSVRC2012_val_00003532_rank250,661,856,0.43175,14
ILSVRC2012_val_00003747_with_ILSVRC2012_val_00043395_rank120,89,89,0.94737,0
ILSVRC2012_val_00003747_with_ILSVRC2012_val_00023383_rank329,335,335,0.92499,0
ILSVRC2012_val_00003747_with_ILSVRC2012_val_00017460_rank321,635,635,0.45916,0
ILSVRC2012_val_00003747_with_ILSVRC2012_val_00001318_rank905,896,653,0.12705,104
ILSVRC2012_val_00003747_with_ILSVRC2012_val_00035025_rank774,528,528,0.97151,0
ILSVRC2012_val_00003747_with_ILSVRC2012_val_00036726_rank549,776,764,0.57918,127
ILSVRC2012_val_00003747_with_ILSVRC2012_val_00035775_rank491,532,425,0.47741,229
ILSVRC2012_val_00003747_with_ILSVRC2012_val_00014228_rank124,474,474,0.74724,0
ILSVRC2012_val_00003747_with_ILSVRC2012_val_00037039_rank529,986,986,0.63936,0
ILSVRC2012_val_00003747_with_ILSVRC2012_val_00009000_rank857,26,26,0.82008,0
ILSVRC2012_val_00003747_with_ILSVRC2012_val_00012612_rank531,466,466,0.89331,0
ILSVRC2012_val_00003747_with_ILSVRC2012_val_00004298_rank047,360,360,0.91071,0
ILSVRC2012_val_00003747_with_ILSVRC2012_val_00040873_rank692,462,462,0.4848,0
ILSVRC2012_val_00003747_with_ILSVRC2012_val_00005418_rank469,329,329,0.60081,0
ILSVRC2012_val_00003747_with_ILSVRC2012_val_00023240_rank821,658,797,0.82101,34
ILSVRC2012_val_00003747_with_ILSVRC2012_val_00026432_rank355,842,353,0.07884,260
ILSVRC2012_val_00003747_with_ILSVRC2012_val_00018135_rank092,109,109,0.92582,0
ILSVRC2012_val_00003747_with_ILSVRC2012_val_00008197_rank349,250,250,0.57935,0
ILSVRC2012_val_00003747_with_ILSVRC2012_val_00001460_rank768,76,76,0.41492,0
ILSVRC2012_val_00003747_with_ILSVRC2012_val_00021366_rank711,315,315,0.71688,0
ILSVRC2012_val_00003747_with_ILSVRC2012_val_00032183_rank237,874,874,0.53704,0
ILSVRC2012_val_00003747_with_ILSVRC2012_val_00036283_rank492,922,958,0.02301,407
ILSVRC2012_val_00003747_with_ILSVRC2012_val_00047465_rank941,613,613,0.90704,0
ILSVRC2012_val_00003747_with_ILSVRC2012_val_00036048_rank681,573,340,0.12869,418
ILSVRC2012_val_00003747_with_ILSVRC2012_val_00045446_rank174,234,234,0.9435,0
ILSVRC2012_val_00003747_with_ILSVRC2012_val_00008499_rank668,710,835,0.36435,787
ILSVRC2012_val_00003747_with_ILSVRC2012_val_00047605_rank321,635,635,0.96184,0
ILSVRC2012_val_00003747_with_ILSVRC2012_val_00036187_rank813,574,574,0.96869,0
ILSVRC2012_val_00003747_with_ILSVRC2012_val_00028538_rank315,925,463,0.28789,175
ILSVRC2012_val_00003747_with_ILSVRC2012_val_00032764_rank431,110,110,0.91691,0
ILSVRC2012_val_00003747_with_ILSVRC2012_val_00045879_rank055,381,205,0.07341,60
ILSVRC2012_val_00003747_with_ILSVRC2012_val_00014438_rank429,465,465,0.88127,0
ILSVRC2012_val_00003747_with_ILSVRC2012_val_00046349_rank572,41,41,0.8666,0
ILSVRC2012_val_00003747_with_ILSVRC2012_val_00038751_rank598,249,249,0.76635,0
ILSVRC2012_val_00003747_with_ILSVRC2012_val_00019915_rank315,925,925,0.84719,0
ILSVRC2012_val_00003747_with_ILSVRC2012_val_00003227_rank415,176,176,0.96109,0
ILSVRC2012_val_00003747_with_ILSVRC2012_val_00000970_rank064,105,384,0.10356,4
ILSVRC2012_val_00003747_with_ILSVRC2012_val_00047755_rank814,253,264,0.57891,5
