dataset_id,actual_class_index,prediction_class_index,prediction_probability,prediction_distance
ILSVRC2012_val_00017184_with_ILSVRC2012_val_00029895_rank468,691,606,0.31416,27
ILSVRC2012_val_00017184_with_ILSVRC2012_val_00015427_rank947,198,198,0.57536,0
ILSVRC2012_val_00017184_with_ILSVRC2012_val_00046837_rank461,736,896,0.44305,135
ILSVRC2012_val_00017184_with_ILSVRC2012_val_00039570_rank315,853,831,0.19728,81
ILSVRC2012_val_00017184_with_ILSVRC2012_val_00017179_rank570,427,427,0.67875,0
ILSVRC2012_val_00017184_with_ILSVRC2012_val_00040684_rank103,964,896,0.26323,885
ILSVRC2012_val_00017184_with_ILSVRC2012_val_00029552_rank429,57,57,0.20441,0
ILSVRC2012_val_00017184_with_ILSVRC2012_val_00044029_rank200,530,530,0.86394,0
ILSVRC2012_val_00017184_with_ILSVRC2012_val_00008088_rank846,436,436,0.8853,0
ILSVRC2012_val_00017184_with_ILSVRC2012_val_00016074_rank879,261,261,0.55492,0
ILSVRC2012_val_00017184_with_ILSVRC2012_val_00021045_rank694,286,383,0.13756,21
ILSVRC2012_val_00017184_with_ILSVRC2012_val_00042978_rank435,274,274,0.78088,0
ILSVRC2012_val_00017184_with_ILSVRC2012_val_00007601_rank540,76,71,0.09283,3
ILSVRC2012_val_00017184_with_ILSVRC2012_val_00010115_rank966,827,896,0.1283,19
ILSVRC2012_val_00017184_with_ILSVRC2012_val_00031030_rank153,440,440,0.85799,0
ILSVRC2012_val_00017184_with_ILSVRC2012_val_00036159_rank929,256,223,0.05702,27
ILSVRC2012_val_00017184_with_ILSVRC2012_val_00013931_rank403,825,896,0.53242,308
ILSVRC2012_val_00017184_with_ILSVRC2012_val_00026306_rank839,683,683,0.55265,0
ILSVRC2012_val_00017184_with_ILSVRC2012_val_00010958_rank261,531,723,0.26704,570
ILSVRC2012_val_00017184_with_ILSVRC2012_val_00014144_rank164,696,896,0.75749,62
ILSVRC2012_val_00017184_with_ILSVRC2012_val_00033703_rank792,247,247,0.92964,0
ILSVRC2012_val_00017184_with_ILSVRC2012_val_00030738_rank426,350,350,0.88077,0
ILSVRC2012_val_00017184_with_ILSVRC2012_val_00006461_rank574,982,894,0.35726,268
ILSVRC2012_val_00017184_with_ILSVRC2012_val_00008562_rank700,362,362,0.91072,0
ILSVRC2012_val_00017184_with_ILSVRC2012_val_00027709_rank450,111,532,0.19245,958
ILSVRC2012_val_00017184_with_ILSVRC2012_val_00023928_rank659,236,176,0.20106,40
ILSVRC2012_val_00017184_with_ILSVRC2012_val_00049020_rank035,107,896,0.32131,434
ILSVRC2012_val_00017184_with_ILSVRC2012_val_00003383_rank700,362,362,0.87259,0
ILSVRC2012_val_00017184_with_ILSVRC2012_val_00032211_rank537,561,561,0.82804,0
ILSVRC2012_val_00017184_with_ILSVRC2012_val_00025915_rank926,518,896,0.7062,194
ILSVRC2012_val_00017184_with_ILSVRC2012_val_00017285_rank941,67,67,0.81363,0
ILSVRC2012_val_00017184_with_ILSVRC2012_val_00019237_rank051,317,317,0.50223,0
ILSVRC2012_val_00017184_with_ILSVRC2012_val_00005947_rank361,302,302,0.21259,0
ILSVRC2012_val_00017184_with_ILSVRC2012_val_00003329_rank088,930,930,0.85407,0
ILSVRC2012_val_00017184_with_ILSVRC2012_val_00000529_rank193,983,794,0.13924,102
ILSVRC2012_val_00017184_with_ILSVRC2012_val_00023658_rank520,154,154,0.49939,0
ILSVRC2012_val_00017184_with_ILSVRC2012_val_00003307_rank876,596,589,0.20475,57
ILSVRC2012_val_00017184_with_ILSVRC2012_val_00045148_rank846,436,436,0.79528,0
ILSVRC2012_val_00017184_with_ILSVRC2012_val_00042553_rank652,119,396,0.14756,23
ILSVRC2012_val_00017184_with_ILSVRC2012_val_00030053_rank963,471,745,0.14306,44
ILSVRC2012_val_00017184_with_ILSVRC2012_val_00025978_rank530,770,613,0.66352,121
ILSVRC2012_val_00017184_with_ILSVRC2012_val_00006026_rank398,628,628,0.36187,0
ILSVRC2012_val_00017184_with_ILSVRC2012_val_00000164_rank335,504,504,0.75776,0
ILSVRC2012_val_00017184_with_ILSVRC2012_val_00015534_rank624,697,697,0.76886,0
ILSVRC2012_val_00017184_with_ILSVRC2012_val_00002466_rank878,423,423,0.88994,0
ILSVRC2012_val_00017184_with_ILSVRC2012_val_00045785_rank092,16,16,0.65113,0
ILSVRC2012_val_00017184_with_ILSVRC2012_val_00014195_rank130,397,397,0.58836,0
ILSVRC2012_val_00017184_with_ILSVRC2012_val_00038736_rank300,85,85,0.68662,0
ILSVRC2012_val_00017184_with_ILSVRC2012_val_00021410_rank214,784,896,0.27052,620
ILSVRC2012_val_00017184_with_ILSVRC2012_val_00007178_rank669,163,163,0.63665,0
ILSVRC2012_val_00017184_with_ILSVRC2012_val_00000713_rank217,13,13,0.89215,0
ILSVRC2012_val_00017184_with_ILSVRC2012_val_00028953_rank596,875,896,0.76516,297
ILSVRC2012_val_00017184_with_ILSVRC2012_val_00022819_rank616,63,894,0.13739,974
ILSVRC2012_val_00017184_with_ILSVRC2012_val_00042128_rank336,100,896,0.5296,348
ILSVRC2012_val_00017184_with_ILSVRC2012_val_00035655_rank120,328,532,0.34517,782
ILSVRC2012_val_00017184_with_ILSVRC2012_val_00026607_rank313,437,437,0.72689,0
ILSVRC2012_val_00017184_with_ILSVRC2012_val_00004407_rank661,172,172,0.75088,0
ILSVRC2012_val_00017184_with_ILSVRC2012_val_00012348_rank552,621,882,0.42589,9
ILSVRC2012_val_00017184_with_ILSVRC2012_val_00006021_rank428,603,532,0.44628,135
ILSVRC2012_val_00017184_with_ILSVRC2012_val_00025111_rank889,632,632,0.42741,0
ILSVRC2012_val_00017184_with_ILSVRC2012_val_00012116_rank414,704,704,0.78147,0
ILSVRC2012_val_00017184_with_ILSVRC2012_val_00019198_rank614,144,144,0.8572,0
ILSVRC2012_val_00017184_with_ILSVRC2012_val_00015459_rank992,361,361,0.8473,0
ILSVRC2012_val_00017184_with_ILSVRC2012_val_00023847_rank386,772,772,0.62829,0
ILSVRC2012_val_00017184_with_ILSVRC2012_val_00023269_rank410,724,896,0.71663,963
ILSVRC2012_val_00017184_with_ILSVRC2012_val_00034752_rank003,948,948,0.86077,0
ILSVRC2012_val_00017184_with_ILSVRC2012_val_00028153_rank205,103,103,0.75374,0
ILSVRC2012_val_00017184_with_ILSVRC2012_val_00045440_rank847,271,896,0.30611,762
ILSVRC2012_val_00017184_with_ILSVRC2012_val_00039579_rank253,322,322,0.48777,0
ILSVRC2012_val_00017184_with_ILSVRC2012_val_00019446_rank670,348,348,0.34828,0
ILSVRC2012_val_00017184_with_ILSVRC2012_val_00037335_rank081,883,883,0.28946,0
ILSVRC2012_val_00017184_with_ILSVRC2012_val_00043889_rank415,483,896,0.41326,574
ILSVRC2012_val_00017184_with_ILSVRC2012_val_00023568_rank537,561,730,0.25619,56
ILSVRC2012_val_00017184_with_ILSVRC2012_val_00016470_rank663,54,896,0.11512,584
ILSVRC2012_val_00017184_with_ILSVRC2012_val_00018826_rank874,248,250,0.64456,1
ILSVRC2012_val_00017184_with_ILSVRC2012_val_00012952_rank754,206,206,0.43461,0
ILSVRC2012_val_00017184_with_ILSVRC2012_val_00017745_rank468,691,896,0.29688,199
ILSVRC2012_val_00017184_with_ILSVRC2012_val_00048136_rank656,710,710,0.85696,0
ILSVRC2012_val_00017184_with_ILSVRC2012_val_00022897_rank522,576,576,0.21719,0
ILSVRC2012_val_00017184_with_ILSVRC2012_val_00043116_rank878,423,423,0.82615,0
ILSVRC2012_val_00017184_with_ILSVRC2012_val_00039285_rank462,835,896,0.20766,84
ILSVRC2012_val_00017184_with_ILSVRC2012_val_00013831_rank932,401,401,0.76554,0
ILSVRC2012_val_00017184_with_ILSVRC2012_val_00005148_rank366,592,897,0.22021,113
ILSVRC2012_val_00017184_with_ILSVRC2012_val_00039043_rank126,109,109,0.31565,0
ILSVRC2012_val_00017184_with_ILSVRC2012_val_00042652_rank294,339,195,0.14955,197
ILSVRC2012_val_00017184_with_ILSVRC2012_val_00008920_rank514,856,866,0.1867,2
ILSVRC2012_val_00017184_with_ILSVRC2012_val_00012636_rank129,934,934,0.77653,0
ILSVRC2012_val_00017184_with_ILSVRC2012_val_00028816_rank470,914,896,0.39964,525
ILSVRC2012_val_00017184_with_ILSVRC2012_val_00009727_rank347,846,742,0.15598,191
ILSVRC2012_val_00017184_with_ILSVRC2012_val_00036565_rank243,496,496,0.39013,0
ILSVRC2012_val_00017184_with_ILSVRC2012_val_00023905_rank523,597,894,0.11252,186
ILSVRC2012_val_00017184_with_ILSVRC2012_val_00010819_rank889,632,632,0.7475,0
ILSVRC2012_val_00017184_with_ILSVRC2012_val_00023553_rank520,154,154,0.55422,0
ILSVRC2012_val_00017184_with_ILSVRC2012_val_00042211_rank774,384,384,0.3982,0
ILSVRC2012_val_00017184_with_ILSVRC2012_val_00040474_rank154,22,23,0.257,2
ILSVRC2012_val_00017184_with_ILSVRC2012_val_00019838_rank658,305,896,0.64534,982
ILSVRC2012_val_00017184_with_ILSVRC2012_val_00027486_rank480,87,87,0.89369,0
ILSVRC2012_val_00017184_with_ILSVRC2012_val_00045382_rank576,171,171,0.74838,0
ILSVRC2012_val_00017184_with_ILSVRC2012_val_00029582_rank957,785,456,0.09136,814
ILSVRC2012_val_00017184_with_ILSVRC2012_val_00002905_rank503,822,541,0.65362,1
ILSVRC2012_val_00017184_with_ILSVRC2012_val_00033720_rank627,186,194,0.20194,12
ILSVRC2012_val_00017184_with_ILSVRC2012_val_00027888_rank242,494,494,0.85268,0
ILSVRC2012_val_00017184_with_ILSVRC2012_val_00041624_rank443,771,771,0.35738,0
ILSVRC2012_val_00017184_with_ILSVRC2012_val_00038881_rank297,513,896,0.90707,231
ILSVRC2012_val_00017184_with_ILSVRC2012_val_00023943_rank648,209,206,0.4058,2
ILSVRC2012_val_00017184_with_ILSVRC2012_val_00032174_rank337,124,122,0.88806,2
ILSVRC2012_val_00017184_with_ILSVRC2012_val_00036048_rank899,573,896,0.32937,679
ILSVRC2012_val_00017184_with_ILSVRC2012_val_00027900_rank088,930,896,0.08479,607
ILSVRC2012_val_00017184_with_ILSVRC2012_val_00033218_rank764,42,42,0.44798,0
ILSVRC2012_val_00017184_with_ILSVRC2012_val_00034952_rank570,427,427,0.6936,0
ILSVRC2012_val_00017184_with_ILSVRC2012_val_00019797_rank742,41,896,0.85822,670
ILSVRC2012_val_00017184_with_ILSVRC2012_val_00021709_rank614,144,144,0.70644,0
ILSVRC2012_val_00017184_with_ILSVRC2012_val_00046554_rank074,968,968,0.121,0
ILSVRC2012_val_00017184_with_ILSVRC2012_val_00037927_rank707,613,700,0.12759,178
ILSVRC2012_val_00017184_with_ILSVRC2012_val_00016179_rank129,934,934,0.84376,0
ILSVRC2012_val_00017184_with_ILSVRC2012_val_00018189_rank060,985,532,0.41764,467
ILSVRC2012_val_00017184_with_ILSVRC2012_val_00015800_rank515,278,894,0.24154,795
ILSVRC2012_val_00017184_with_ILSVRC2012_val_00009309_rank192,567,567,0.52938,0
ILSVRC2012_val_00017184_with_ILSVRC2012_val_00049761_rank205,103,103,0.8022,0
ILSVRC2012_val_00017184_with_ILSVRC2012_val_00034356_rank669,163,163,0.84942,0
ILSVRC2012_val_00017184_with_ILSVRC2012_val_00015305_rank660,753,753,0.9452,0
ILSVRC2012_val_00017184_with_ILSVRC2012_val_00032461_rank507,642,642,0.49458,0
ILSVRC2012_val_00017184_with_ILSVRC2012_val_00047654_rank442,263,263,0.53682,0
ILSVRC2012_val_00017184_with_ILSVRC2012_val_00047687_rank862,511,745,0.3043,227
ILSVRC2012_val_00017184_with_ILSVRC2012_val_00020907_rank498,34,788,0.11553,841
ILSVRC2012_val_00017184_with_ILSVRC2012_val_00001246_rank274,527,204,0.14035,277
ILSVRC2012_val_00017184_with_ILSVRC2012_val_00023835_rank767,674,674,0.91298,0
ILSVRC2012_val_00017184_with_ILSVRC2012_val_00013753_rank158,17,17,0.79927,0
ILSVRC2012_val_00017184_with_ILSVRC2012_val_00039964_rank445,82,87,0.70987,192
ILSVRC2012_val_00017184_with_ILSVRC2012_val_00025674_rank629,675,896,0.36785,735
ILSVRC2012_val_00017184_with_ILSVRC2012_val_00025699_rank679,447,447,0.63666,0
ILSVRC2012_val_00017184_with_ILSVRC2012_val_00049700_rank762,751,894,0.11811,255
ILSVRC2012_val_00017184_with_ILSVRC2012_val_00045465_rank515,278,278,0.28156,0
ILSVRC2012_val_00017184_with_ILSVRC2012_val_00047656_rank841,51,103,0.39166,13
ILSVRC2012_val_00017184_with_ILSVRC2012_val_00025550_rank735,158,158,0.50562,0
ILSVRC2012_val_00017184_with_ILSVRC2012_val_00033863_rank147,30,894,0.29183,799
ILSVRC2012_val_00017184_with_ILSVRC2012_val_00030936_rank465,300,303,0.35087,2
ILSVRC2012_val_00017184_with_ILSVRC2012_val_00027572_rank986,678,894,0.63528,217
ILSVRC2012_val_00017184_with_ILSVRC2012_val_00011634_rank494,69,69,0.90839,0
ILSVRC2012_val_00017184_with_ILSVRC2012_val_00011036_rank980,150,219,0.12584,490
ILSVRC2012_val_00017184_with_ILSVRC2012_val_00039943_rank798,912,896,0.84717,998
ILSVRC2012_val_00017184_with_ILSVRC2012_val_00049944_rank390,881,881,0.80552,0
ILSVRC2012_val_00017184_with_ILSVRC2012_val_00044457_rank842,469,469,0.65447,0
ILSVRC2012_val_00017184_with_ILSVRC2012_val_00038291_rank409,294,850,0.14842,136
ILSVRC2012_val_00017184_with_ILSVRC2012_val_00009523_rank582,267,267,0.88345,0
ILSVRC2012_val_00017184_with_ILSVRC2012_val_00020861_rank600,68,67,0.35348,3
ILSVRC2012_val_00017184_with_ILSVRC2012_val_00043687_rank482,371,371,0.80789,0
ILSVRC2012_val_00017184_with_ILSVRC2012_val_00039424_rank549,905,896,0.20537,152
ILSVRC2012_val_00017184_with_ILSVRC2012_val_00043241_rank445,82,82,0.75732,0
ILSVRC2012_val_00017184_with_ILSVRC2012_val_00023971_rank927,524,894,0.22691,325
ILSVRC2012_val_00017184_with_ILSVRC2012_val_00029898_rank069,990,896,0.41324,849
ILSVRC2012_val_00017184_with_ILSVRC2012_val_00019432_rank087,378,103,0.16348,47
ILSVRC2012_val_00017184_with_ILSVRC2012_val_00037695_rank394,470,470,0.71318,0
ILSVRC2012_val_00017184_with_ILSVRC2012_val_00041776_rank714,183,183,0.83507,0
ILSVRC2012_val_00017184_with_ILSVRC2012_val_00044313_rank130,397,397,0.68459,0
ILSVRC2012_val_00017184_with_ILSVRC2012_val_00029947_rank692,43,33,0.23287,180
ILSVRC2012_val_00017184_with_ILSVRC2012_val_00016473_rank711,551,526,0.08787,226
ILSVRC2012_val_00017184_with_ILSVRC2012_val_00004097_rank542,221,267,0.25168,4
ILSVRC2012_val_00017184_with_ILSVRC2012_val_00009579_rank003,948,948,0.81432,0
ILSVRC2012_val_00017184_with_ILSVRC2012_val_00025161_rank370,327,894,0.24184,750
ILSVRC2012_val_00017184_with_ILSVRC2012_val_00037922_rank406,890,828,0.11965,689
ILSVRC2012_val_00017184_with_ILSVRC2012_val_00005481_rank269,259,259,0.57035,0
ILSVRC2012_val_00017184_with_ILSVRC2012_val_00046808_rank335,504,504,0.30349,0
ILSVRC2012_val_00017184_with_ILSVRC2012_val_00046476_rank575,709,894,0.53056,90
ILSVRC2012_val_00017184_with_ILSVRC2012_val_00020892_rank971,223,223,0.63188,0
ILSVRC2012_val_00017184_with_ILSVRC2012_val_00027228_rank232,58,608,0.23004,769
ILSVRC2012_val_00017184_with_ILSVRC2012_val_00000243_rank986,678,894,0.10676,217
ILSVRC2012_val_00017184_with_ILSVRC2012_val_00020346_rank807,347,347,0.90566,0
ILSVRC2012_val_00017184_with_ILSVRC2012_val_00016151_rank324,780,896,0.18286,855
ILSVRC2012_val_00017184_with_ILSVRC2012_val_00022883_rank693,400,414,0.3773,39
ILSVRC2012_val_00017184_with_ILSVRC2012_val_00022034_rank021,725,725,0.74974,0
ILSVRC2012_val_00017184_with_ILSVRC2012_val_00021694_rank097,929,929,0.33575,0
ILSVRC2012_val_00017184_with_ILSVRC2012_val_00034487_rank894,758,758,0.11081,0
ILSVRC2012_val_00017184_with_ILSVRC2012_val_00030600_rank994,556,896,0.31842,296
ILSVRC2012_val_00017184_with_ILSVRC2012_val_00006623_rank798,912,788,0.29966,666
ILSVRC2012_val_00017184_with_ILSVRC2012_val_00022351_rank183,304,303,0.33192,4
ILSVRC2012_val_00017184_with_ILSVRC2012_val_00048957_rank020,55,55,0.77463,0
ILSVRC2012_val_00017184_with_ILSVRC2012_val_00038457_rank627,186,186,0.87354,0
ILSVRC2012_val_00017184_with_ILSVRC2012_val_00040888_rank952,523,896,0.64687,392
ILSVRC2012_val_00017184_with_ILSVRC2012_val_00010990_rank226,137,788,0.31344,943
ILSVRC2012_val_00017184_with_ILSVRC2012_val_00029074_rank868,688,526,0.37749,22
ILSVRC2012_val_00017184_with_ILSVRC2012_val_00040495_rank984,755,896,0.86966,335
ILSVRC2012_val_00017184_with_ILSVRC2012_val_00002565_rank857,270,174,0.34369,19
ILSVRC2012_val_00017184_with_ILSVRC2012_val_00000679_rank341,78,78,0.33743,0
ILSVRC2012_val_00017184_with_ILSVRC2012_val_00043691_rank894,758,859,0.20724,737
ILSVRC2012_val_00017184_with_ILSVRC2012_val_00034296_rank732,162,162,0.79042,0
ILSVRC2012_val_00017184_with_ILSVRC2012_val_00003141_rank808,653,653,0.55517,0
ILSVRC2012_val_00017184_with_ILSVRC2012_val_00032250_rank883,571,896,0.26689,325
ILSVRC2012_val_00017184_with_ILSVRC2012_val_00013778_rank570,427,894,0.36497,219
ILSVRC2012_val_00017184_with_ILSVRC2012_val_00010522_rank232,58,54,0.151,6
ILSVRC2012_val_00017184_with_ILSVRC2012_val_00048445_rank156,25,25,0.41704,0
ILSVRC2012_val_00017184_with_ILSVRC2012_val_00012677_rank066,312,896,0.62885,679
ILSVRC2012_val_00017184_with_ILSVRC2012_val_00034689_rank259,958,896,0.58506,789
ILSVRC2012_val_00017184_with_ILSVRC2012_val_00002570_rank372,106,106,0.73448,0
ILSVRC2012_val_00017184_with_ILSVRC2012_val_00008493_rank761,821,896,0.76902,806
ILSVRC2012_val_00017184_with_ILSVRC2012_val_00032944_rank380,817,817,0.42435,0
ILSVRC2012_val_00017184_with_ILSVRC2012_val_00030853_rank472,713,713,0.68001,0
ILSVRC2012_val_00017184_with_ILSVRC2012_val_00021626_rank171,380,380,0.89283,0
ILSVRC2012_val_00017184_with_ILSVRC2012_val_00021591_rank791,667,667,0.87986,0
ILSVRC2012_val_00017184_with_ILSVRC2012_val_00004701_rank014,986,896,0.3479,882
ILSVRC2012_val_00017184_with_ILSVRC2012_val_00020306_rank999,733,896,0.92577,818
ILSVRC2012_val_00017184_with_ILSVRC2012_val_00007070_rank842,469,469,0.64373,0
ILSVRC2012_val_00017184_with_ILSVRC2012_val_00002109_rank864,981,896,0.26377,695
ILSVRC2012_val_00017184_with_ILSVRC2012_val_00012382_rank344,746,896,0.31366,295
ILSVRC2012_val_00017184_with_ILSVRC2012_val_00048488_rank861,210,210,0.74057,0
ILSVRC2012_val_00017184_with_ILSVRC2012_val_00021311_rank596,875,894,0.1283,421
ILSVRC2012_val_00017184_with_ILSVRC2012_val_00016332_rank832,864,896,0.34432,947
ILSVRC2012_val_00017184_with_ILSVRC2012_val_00031541_rank350,37,37,0.42936,0
ILSVRC2012_val_00017184_with_ILSVRC2012_val_00002653_rank122,997,896,0.45948,772
ILSVRC2012_val_00017184_with_ILSVRC2012_val_00007730_rank820,726,726,0.77082,0
ILSVRC2012_val_00017184_with_ILSVRC2012_val_00008357_rank453,275,275,0.78386,0
ILSVRC2012_val_00017184_with_ILSVRC2012_val_00042125_rank236,28,894,0.25869,702
ILSVRC2012_val_00017184_with_ILSVRC2012_val_00000082_rank915,160,160,0.8604,0
ILSVRC2012_val_00017184_with_ILSVRC2012_val_00030636_rank691,798,798,0.40819,0
ILSVRC2012_val_00017184_with_ILSVRC2012_val_00027243_rank536,761,894,0.26576,309
ILSVRC2012_val_00017184_with_ILSVRC2012_val_00042054_rank127,647,526,0.18283,120
ILSVRC2012_val_00017184_with_ILSVRC2012_val_00035575_rank863,687,687,0.20544,0
ILSVRC2012_val_00017184_with_ILSVRC2012_val_00018463_rank058,96,96,0.81957,0
ILSVRC2012_val_00017184_with_ILSVRC2012_val_00008323_rank462,835,896,0.78226,84
ILSVRC2012_val_00017184_with_ILSVRC2012_val_00002072_rank631,285,896,0.4344,108
ILSVRC2012_val_00017184_with_ILSVRC2012_val_00030196_rank751,213,233,0.31565,96
ILSVRC2012_val_00017184_with_ILSVRC2012_val_00045930_rank431,211,209,0.39937,6
ILSVRC2012_val_00017184_with_ILSVRC2012_val_00046897_rank576,171,171,0.89625,0
ILSVRC2012_val_00017184_with_ILSVRC2012_val_00010822_rank624,697,894,0.62766,62
ILSVRC2012_val_00017184_with_ILSVRC2012_val_00029593_rank746,546,546,0.48679,0
ILSVRC2012_val_00017184_with_ILSVRC2012_val_00013042_rank889,632,632,0.78887,0
ILSVRC2012_val_00017184_with_ILSVRC2012_val_00039411_rank906,823,617,0.30209,1
ILSVRC2012_val_00017184_with_ILSVRC2012_val_00031546_rank630,595,896,0.2511,990
ILSVRC2012_val_00017184_with_ILSVRC2012_val_00002846_rank483,81,87,0.68834,142
ILSVRC2012_val_00017184_with_ILSVRC2012_val_00009070_rank490,587,896,0.57564,84
ILSVRC2012_val_00017184_with_ILSVRC2012_val_00021507_rank630,595,894,0.09853,267
ILSVRC2012_val_00017184_with_ILSVRC2012_val_00010585_rank169,947,947,0.41402,0
ILSVRC2012_val_00017184_with_ILSVRC2012_val_00029041_rank224,364,894,0.42778,621
ILSVRC2012_val_00017184_with_ILSVRC2012_val_00015250_rank488,403,896,0.50132,560
ILSVRC2012_val_00017184_with_ILSVRC2012_val_00032076_rank327,869,894,0.32392,30
ILSVRC2012_val_00017184_with_ILSVRC2012_val_00011143_rank131,323,323,0.65426,0
ILSVRC2012_val_00017184_with_ILSVRC2012_val_00015064_rank666,366,366,0.84554,0
ILSVRC2012_val_00017184_with_ILSVRC2012_val_00013686_rank928,407,407,0.7134,0
ILSVRC2012_val_00017184_with_ILSVRC2012_val_00005956_rank927,524,894,0.45715,325
ILSVRC2012_val_00017184_with_ILSVRC2012_val_00048320_rank532,750,894,0.21678,11
ILSVRC2012_val_00017184_with_ILSVRC2012_val_00001010_rank589,27,4,0.1471,206
ILSVRC2012_val_00017184_with_ILSVRC2012_val_00033411_rank651,669,516,0.32121,9
ILSVRC2012_val_00017184_with_ILSVRC2012_val_00014845_rank434,268,268,0.826,0
ILSVRC2012_val_00017184_with_ILSVRC2012_val_00018044_rank402,769,526,0.2083,49
ILSVRC2012_val_00017184_with_ILSVRC2012_val_00019995_rank327,869,834,0.19309,1
ILSVRC2012_val_00017184_with_ILSVRC2012_val_00005761_rank087,378,378,0.1232,0
ILSVRC2012_val_00017184_with_ILSVRC2012_val_00014401_rank220,778,778,0.71938,0
ILSVRC2012_val_00017184_with_ILSVRC2012_val_00014852_rank365,740,676,0.15459,296
ILSVRC2012_val_00017184_with_ILSVRC2012_val_00008998_rank395,859,859,0.35403,0
ILSVRC2012_val_00017184_with_ILSVRC2012_val_00001414_rank930,220,181,0.21824,87
ILSVRC2012_val_00017184_with_ILSVRC2012_val_00021754_rank804,195,250,0.14356,33
ILSVRC2012_val_00017184_with_ILSVRC2012_val_00049318_rank893,614,614,0.53096,0
ILSVRC2012_val_00017184_with_ILSVRC2012_val_00024498_rank442,263,374,0.25051,830
ILSVRC2012_val_00017184_with_ILSVRC2012_val_00047696_rank148,88,88,0.677,0
ILSVRC2012_val_00017184_with_ILSVRC2012_val_00008044_rank560,228,228,0.79833,0
ILSVRC2012_val_00017184_with_ILSVRC2012_val_00029264_rank157,112,896,0.47198,271
ILSVRC2012_val_00017184_with_ILSVRC2012_val_00005977_rank246,417,417,0.82079,0
ILSVRC2012_val_00017184_with_ILSVRC2012_val_00038280_rank760,242,179,0.57062,3
ILSVRC2012_val_00017184_with_ILSVRC2012_val_00044945_rank504,629,629,0.82348,0
ILSVRC2012_val_00017184_with_ILSVRC2012_val_00042351_rank961,656,656,0.34708,0
ILSVRC2012_val_00017184_with_ILSVRC2012_val_00024619_rank799,768,894,0.23327,322
ILSVRC2012_val_00017184_with_ILSVRC2012_val_00005609_rank080,849,849,0.3858,0
ILSVRC2012_val_00017184_with_ILSVRC2012_val_00014184_rank404,547,745,0.26468,169
ILSVRC2012_val_00017184_with_ILSVRC2012_val_00010171_rank302,39,39,0.5849,0
ILSVRC2012_val_00017184_with_ILSVRC2012_val_00033130_rank069,990,990,0.87467,0
ILSVRC2012_val_00017184_with_ILSVRC2012_val_00011778_rank230,97,97,0.45528,0
ILSVRC2012_val_00017184_with_ILSVRC2012_val_00003016_rank618,555,896,0.29991,315
ILSVRC2012_val_00017184_with_ILSVRC2012_val_00002422_rank474,897,742,0.20198,8
ILSVRC2012_val_00017184_with_ILSVRC2012_val_00033732_rank312,892,787,0.2455,15
ILSVRC2012_val_00017184_with_ILSVRC2012_val_00035317_rank663,54,643,0.12835,682
ILSVRC2012_val_00017184_with_ILSVRC2012_val_00042889_rank044,114,896,0.20116,434
ILSVRC2012_val_00017184_with_ILSVRC2012_val_00015710_rank851,170,181,0.28177,17
ILSVRC2012_val_00017184_with_ILSVRC2012_val_00045108_rank563,342,342,0.67579,0
ILSVRC2012_val_00017184_with_ILSVRC2012_val_00021249_rank543,230,161,0.15903,21
ILSVRC2012_val_00017184_with_ILSVRC2012_val_00022564_rank296,593,844,0.19919,175
ILSVRC2012_val_00017184_with_ILSVRC2012_val_00047939_rank136,318,318,0.79787,0
ILSVRC2012_val_00017184_with_ILSVRC2012_val_00015304_rank774,384,643,0.04982,802
ILSVRC2012_val_00017184_with_ILSVRC2012_val_00021001_rank233,478,896,0.64663,130
ILSVRC2012_val_00017184_with_ILSVRC2012_val_00007748_rank011,945,943,0.79078,1
ILSVRC2012_val_00017184_with_ILSVRC2012_val_00002421_rank623,889,896,0.42973,560
ILSVRC2012_val_00017184_with_ILSVRC2012_val_00011801_rank620,715,894,0.4113,522
ILSVRC2012_val_00017184_with_ILSVRC2012_val_00022749_rank048,393,894,0.15818,263
ILSVRC2012_val_00017184_with_ILSVRC2012_val_00031233_rank255,803,473,0.08236,956
ILSVRC2012_val_00017184_with_ILSVRC2012_val_00025141_rank048,393,393,0.69545,0
ILSVRC2012_val_00017184_with_ILSVRC2012_val_00001370_rank121,72,72,0.51261,0
ILSVRC2012_val_00017184_with_ILSVRC2012_val_00037908_rank891,882,896,0.60629,395
ILSVRC2012_val_00017184_with_ILSVRC2012_val_00028009_rank567,235,234,0.34002,6
ILSVRC2012_val_00017184_with_ILSVRC2012_val_00032275_rank864,981,981,0.61756,0
ILSVRC2012_val_00017184_with_ILSVRC2012_val_00021962_rank208,296,296,0.86653,0
ILSVRC2012_val_00017184_with_ILSVRC2012_val_00018707_rank089,711,711,0.93134,0
ILSVRC2012_val_00017184_with_ILSVRC2012_val_00003871_rank388,352,896,0.51309,523
ILSVRC2012_val_00017184_with_ILSVRC2012_val_00038386_rank311,794,896,0.57661,11
ILSVRC2012_val_00017184_with_ILSVRC2012_val_00047663_rank697,887,614,0.66765,3
ILSVRC2012_val_00017184_with_ILSVRC2012_val_00025866_rank775,888,894,0.28627,317
ILSVRC2012_val_00017184_with_ILSVRC2012_val_00003219_rank410,724,896,0.36753,963
ILSVRC2012_val_00017184_with_ILSVRC2012_val_00014579_rank586,742,786,0.58592,16
ILSVRC2012_val_00017184_with_ILSVRC2012_val_00019281_rank011,945,945,0.83286,0
ILSVRC2012_val_00017184_with_ILSVRC2012_val_00015076_rank738,179,208,0.12791,8
ILSVRC2012_val_00017184_with_ILSVRC2012_val_00038033_rank486,395,894,0.31392,781
ILSVRC2012_val_00017184_with_ILSVRC2012_val_00015816_rank225,716,421,0.56418,28
ILSVRC2012_val_00017184_with_ILSVRC2012_val_00037024_rank853,86,86,0.137,0
ILSVRC2012_val_00017184_with_ILSVRC2012_val_00038165_rank111,398,398,0.81233,0
ILSVRC2012_val_00017184_with_ILSVRC2012_val_00003049_rank380,817,745,0.47534,54
ILSVRC2012_val_00017184_with_ILSVRC2012_val_00003782_rank037,441,896,0.16293,258
ILSVRC2012_val_00017184_with_ILSVRC2012_val_00041973_rank146,826,826,0.79104,0
ILSVRC2012_val_00017184_with_ILSVRC2012_val_00032576_rank513,297,295,0.34221,1
ILSVRC2012_val_00017184_with_ILSVRC2012_val_00008118_rank879,261,261,0.18699,0
ILSVRC2012_val_00017184_with_ILSVRC2012_val_00023028_rank013,943,943,0.86551,0
ILSVRC2012_val_00017184_with_ILSVRC2012_val_00014198_rank673,660,745,0.35629,331
ILSVRC2012_val_00017184_with_ILSVRC2012_val_00022902_rank960,602,896,0.30454,952
ILSVRC2012_val_00017184_with_ILSVRC2012_val_00009358_rank695,507,896,0.34986,139
ILSVRC2012_val_00017184_with_ILSVRC2012_val_00031868_rank576,171,171,0.65682,0
ILSVRC2012_val_00017184_with_ILSVRC2012_val_00039693_rank940,741,648,0.36744,347
ILSVRC2012_val_00017184_with_ILSVRC2012_val_00044014_rank103,964,964,0.87609,0
ILSVRC2012_val_00017184_with_ILSVRC2012_val_00023692_rank550,73,896,0.73929,592
ILSVRC2012_val_00017184_with_ILSVRC2012_val_00023290_rank800,453,453,0.62414,0
ILSVRC2012_val_00017184_with_ILSVRC2012_val_00009852_rank124,84,896,0.1903,858
ILSVRC2012_val_00017184_with_ILSVRC2012_val_00041634_rank044,114,896,0.26068,434
ILSVRC2012_val_00017184_with_ILSVRC2012_val_00024341_rank248,62,62,0.36752,0
ILSVRC2012_val_00017184_with_ILSVRC2012_val_00030010_rank778,80,87,0.51439,159
ILSVRC2012_val_00017184_with_ILSVRC2012_val_00023373_rank616,63,36,0.08404,72
ILSVRC2012_val_00017184_with_ILSVRC2012_val_00046116_rank693,400,896,0.32276,958
ILSVRC2012_val_00017184_with_ILSVRC2012_val_00049618_rank910,356,356,0.61999,0
ILSVRC2012_val_00017184_with_ILSVRC2012_val_00044407_rank135,316,316,0.82842,0
ILSVRC2012_val_00017184_with_ILSVRC2012_val_00042912_rank743,262,234,0.12676,21
ILSVRC2012_val_00017184_with_ILSVRC2012_val_00048944_rank545,630,630,0.6997,0
ILSVRC2012_val_00017184_with_ILSVRC2012_val_00040368_rank678,257,208,0.60751,24
ILSVRC2012_val_00017184_with_ILSVRC2012_val_00027547_rank255,803,803,0.29028,0
ILSVRC2012_val_00017184_with_ILSVRC2012_val_00008873_rank199,373,373,0.89775,0
ILSVRC2012_val_00017184_with_ILSVRC2012_val_00040629_rank752,652,830,0.22898,26
ILSVRC2012_val_00017184_with_ILSVRC2012_val_00007040_rank282,913,894,0.124,224
ILSVRC2012_val_00017184_with_ILSVRC2012_val_00011902_rank670,348,254,0.23211,85
ILSVRC2012_val_00017184_with_ILSVRC2012_val_00004011_rank078,324,324,0.69333,0
ILSVRC2012_val_00017184_with_ILSVRC2012_val_00032445_rank803,196,896,0.14051,416
ILSVRC2012_val_00017184_with_ILSVRC2012_val_00003722_rank055,40,51,0.1604,767
ILSVRC2012_val_00017184_with_ILSVRC2012_val_00048999_rank799,768,768,0.74968,0
ILSVRC2012_val_00017184_with_ILSVRC2012_val_00026064_rank095,1,894,0.1344,367
ILSVRC2012_val_00017184_with_ILSVRC2012_val_00002500_rank699,677,87,0.08636,427
ILSVRC2012_val_00017184_with_ILSVRC2012_val_00016601_rank286,618,731,0.72914,24
ILSVRC2012_val_00017184_with_ILSVRC2012_val_00016152_rank305,135,135,0.85202,0
ILSVRC2012_val_00017184_with_ILSVRC2012_val_00048254_rank765,157,232,0.19699,6
ILSVRC2012_val_00017184_with_ILSVRC2012_val_00011853_rank550,73,894,0.37379,514
ILSVRC2012_val_00017184_with_ILSVRC2012_val_00002585_rank790,972,894,0.30644,647
ILSVRC2012_val_00017184_with_ILSVRC2012_val_00013508_rank738,179,18,0.14244,86
ILSVRC2012_val_00017184_with_ILSVRC2012_val_00007194_rank681,585,585,0.58318,0
ILSVRC2012_val_00017184_with_ILSVRC2012_val_00036013_rank522,576,788,0.81005,54
ILSVRC2012_val_00017184_with_ILSVRC2012_val_00024159_rank233,478,478,0.32148,0
ILSVRC2012_val_00017184_with_ILSVRC2012_val_00047497_rank065,90,90,0.84469,0
ILSVRC2012_val_00017184_with_ILSVRC2012_val_00001374_rank011,945,945,0.76733,0
ILSVRC2012_val_00017184_with_ILSVRC2012_val_00036899_rank764,42,50,0.4542,37
ILSVRC2012_val_00017184_with_ILSVRC2012_val_00001439_rank160,333,333,0.80188,0
ILSVRC2012_val_00017184_with_ILSVRC2012_val_00031086_rank016,11,532,0.05535,601
ILSVRC2012_val_00017184_with_ILSVRC2012_val_00027027_rank908,446,896,0.33805,183
ILSVRC2012_val_00017184_with_ILSVRC2012_val_00025272_rank034,938,938,0.77376,0
ILSVRC2012_val_00017184_with_ILSVRC2012_val_00041762_rank875,189,189,0.43352,0
ILSVRC2012_val_00017184_with_ILSVRC2012_val_00014212_rank047,971,971,0.5031,0
ILSVRC2012_val_00017184_with_ILSVRC2012_val_00049734_rank510,428,428,0.27287,0
ILSVRC2012_val_00017184_with_ILSVRC2012_val_00018355_rank177,679,506,0.06976,17
ILSVRC2012_val_00017184_with_ILSVRC2012_val_00043961_rank496,399,399,0.88188,0
ILSVRC2012_val_00017184_with_ILSVRC2012_val_00012119_rank010,953,532,0.51961,222
ILSVRC2012_val_00017184_with_ILSVRC2012_val_00038057_rank095,1,29,0.15191,1
ILSVRC2012_val_00017184_with_ILSVRC2012_val_00003980_rank932,401,117,0.22009,883
ILSVRC2012_val_00017184_with_ILSVRC2012_val_00037070_rank189,7,7,0.76468,0
ILSVRC2012_val_00017184_with_ILSVRC2012_val_00026469_rank516,672,672,0.61664,0
ILSVRC2012_val_00017184_with_ILSVRC2012_val_00036280_rank973,422,896,0.78697,829
ILSVRC2012_val_00017184_with_ILSVRC2012_val_00046245_rank573,748,530,0.54476,257
ILSVRC2012_val_00017184_with_ILSVRC2012_val_00025867_rank330,61,896,0.31182,915
ILSVRC2012_val_00017184_with_ILSVRC2012_val_00008036_rank229,542,896,0.49933,537
ILSVRC2012_val_00017184_with_ILSVRC2012_val_00027801_rank447,418,896,0.52764,336
ILSVRC2012_val_00017184_with_ILSVRC2012_val_00020433_rank224,364,896,0.28996,552
ILSVRC2012_val_00017184_with_ILSVRC2012_val_00037658_rank897,444,896,0.9306,916
ILSVRC2012_val_00017184_with_ILSVRC2012_val_00012959_rank729,775,775,0.77186,0
ILSVRC2012_val_00017184_with_ILSVRC2012_val_00042709_rank239,117,117,0.86988,0
ILSVRC2012_val_00017184_with_ILSVRC2012_val_00018372_rank612,649,452,0.1134,679
ILSVRC2012_val_00017184_with_ILSVRC2012_val_00007817_rank695,507,528,0.09659,21
ILSVRC2012_val_00017184_with_ILSVRC2012_val_00014991_rank396,143,143,0.83374,0
ILSVRC2012_val_00017184_with_ILSVRC2012_val_00039958_rank160,333,333,0.86871,0
ILSVRC2012_val_00017184_with_ILSVRC2012_val_00048067_rank299,635,426,0.69834,1
ILSVRC2012_val_00017184_with_ILSVRC2012_val_00001993_rank023,961,461,0.23204,355
ILSVRC2012_val_00017184_with_ILSVRC2012_val_00033005_rank711,551,478,0.2794,44
ILSVRC2012_val_00017184_with_ILSVRC2012_val_00003074_rank652,119,118,0.78768,3
ILSVRC2012_val_00017184_with_ILSVRC2012_val_00005262_rank057,59,896,0.82501,860
ILSVRC2012_val_00017184_with_ILSVRC2012_val_00025639_rank235,402,402,0.78361,0
ILSVRC2012_val_00017184_with_ILSVRC2012_val_00036456_rank425,682,894,0.33133,294
ILSVRC2012_val_00017184_with_ILSVRC2012_val_00021186_rank394,470,894,0.10442,595
ILSVRC2012_val_00017184_with_ILSVRC2012_val_00044572_rank293,855,855,0.6241,0
ILSVRC2012_val_00017184_with_ILSVRC2012_val_00035589_rank594,763,788,0.52365,659
ILSVRC2012_val_00017184_with_ILSVRC2012_val_00003372_rank645,475,475,0.82614,0
ILSVRC2012_val_00017184_with_ILSVRC2012_val_00000746_rank936,586,586,0.91087,0
ILSVRC2012_val_00017184_with_ILSVRC2012_val_00029973_rank766,165,234,0.82757,3
ILSVRC2012_val_00017184_with_ILSVRC2012_val_00026590_rank191,311,894,0.39827,525
ILSVRC2012_val_00017184_with_ILSVRC2012_val_00024954_rank259,958,896,0.18181,789
ILSVRC2012_val_00017184_with_ILSVRC2012_val_00029271_rank729,775,894,0.59997,188
ILSVRC2012_val_00017184_with_ILSVRC2012_val_00008985_rank228,452,532,0.50812,576
ILSVRC2012_val_00017184_with_ILSVRC2012_val_00006112_rank694,286,894,0.15147,528
ILSVRC2012_val_00017184_with_ILSVRC2012_val_00032455_rank883,571,662,0.26268,284
ILSVRC2012_val_00017184_with_ILSVRC2012_val_00032676_rank654,689,689,0.4743,0
ILSVRC2012_val_00017184_with_ILSVRC2012_val_00023560_rank157,112,112,0.65177,0
ILSVRC2012_val_00017184_with_ILSVRC2012_val_00015893_rank815,128,128,0.19512,0
ILSVRC2012_val_00017184_with_ILSVRC2012_val_00041756_rank342,368,368,0.9052,0
ILSVRC2012_val_00017184_with_ILSVRC2012_val_00015272_rank508,434,532,0.09713,785
ILSVRC2012_val_00017184_with_ILSVRC2012_val_00000293_rank206,0,894,0.30114,723
ILSVRC2012_val_00017184_with_ILSVRC2012_val_00027551_rank527,640,787,0.457,11
ILSVRC2012_val_00017184_with_ILSVRC2012_val_00000008_rank369,415,700,0.37985,360
ILSVRC2012_val_00017184_with_ILSVRC2012_val_00019840_rank856,526,526,0.31059,0
ILSVRC2012_val_00017184_with_ILSVRC2012_val_00026181_rank063,315,896,0.26418,968
ILSVRC2012_val_00017184_with_ILSVRC2012_val_00035124_rank704,458,891,0.24987,299
ILSVRC2012_val_00017184_with_ILSVRC2012_val_00044489_rank500,462,896,0.17761,163
ILSVRC2012_val_00017184_with_ILSVRC2012_val_00026979_rank514,856,894,0.56886,242
ILSVRC2012_val_00017184_with_ILSVRC2012_val_00009972_rank886,336,336,0.40074,0
ILSVRC2012_val_00017184_with_ILSVRC2012_val_00038177_rank506,854,532,0.27704,186
ILSVRC2012_val_00017184_with_ILSVRC2012_val_00025711_rank811,178,178,0.4562,0
ILSVRC2012_val_00017184_with_ILSVRC2012_val_00033003_rank413,161,162,0.7725,1
ILSVRC2012_val_00017184_with_ILSVRC2012_val_00032462_rank458,484,894,0.25924,246
ILSVRC2012_val_00017184_with_ILSVRC2012_val_00007589_rank191,311,318,0.6788,8
ILSVRC2012_val_00017184_with_ILSVRC2012_val_00019144_rank641,481,846,0.46137,270
ILSVRC2012_val_00017184_with_ILSVRC2012_val_00031919_rank236,28,71,0.4286,10
ILSVRC2012_val_00017184_with_ILSVRC2012_val_00029683_rank515,278,277,0.15986,1
ILSVRC2012_val_00017184_with_ILSVRC2012_val_00006852_rank311,794,794,0.77738,0
ILSVRC2012_val_00017184_with_ILSVRC2012_val_00007246_rank678,257,896,0.59498,545
ILSVRC2012_val_00017184_with_ILSVRC2012_val_00023908_rank926,518,518,0.90989,0
ILSVRC2012_val_00017184_with_ILSVRC2012_val_00036806_rank850,670,896,0.29835,180
ILSVRC2012_val_00017184_with_ILSVRC2012_val_00038197_rank252,133,133,0.48337,0
ILSVRC2012_val_00017184_with_ILSVRC2012_val_00033580_rank196,10,17,0.63949,12
ILSVRC2012_val_00017184_with_ILSVRC2012_val_00006116_rank815,128,128,0.69626,0
ILSVRC2012_val_00017184_with_ILSVRC2012_val_00045762_rank377,735,911,0.26989,5
ILSVRC2012_val_00017184_with_ILSVRC2012_val_00048579_rank008,949,896,0.43019,272
ILSVRC2012_val_00017184_with_ILSVRC2012_val_00043312_rank147,30,896,0.52163,515
ILSVRC2012_val_00017184_with_ILSVRC2012_val_00006920_rank737,241,241,0.6851,0
ILSVRC2012_val_00017184_with_ILSVRC2012_val_00002502_rank412,122,122,0.83573,0
ILSVRC2012_val_00017184_with_ILSVRC2012_val_00016811_rank253,322,322,0.84034,0
ILSVRC2012_val_00017184_with_ILSVRC2012_val_00041450_rank141,110,434,0.13245,910
ILSVRC2012_val_00017184_with_ILSVRC2012_val_00031237_rank159,310,310,0.78807,0
ILSVRC2012_val_00017184_with_ILSVRC2012_val_00047775_rank996,456,456,0.5144,0
ILSVRC2012_val_00017184_with_ILSVRC2012_val_00047074_rank796,564,894,0.57071,4
ILSVRC2012_val_00017184_with_ILSVRC2012_val_00041411_rank245,410,896,0.60165,460
ILSVRC2012_val_00017184_with_ILSVRC2012_val_00021028_rank438,612,896,0.26223,998
ILSVRC2012_val_00017184_with_ILSVRC2012_val_00001614_rank473,651,485,0.26036,28
ILSVRC2012_val_00017184_with_ILSVRC2012_val_00013183_rank227,120,87,0.25332,689
ILSVRC2012_val_00017184_with_ILSVRC2012_val_00026002_rank293,855,788,0.09899,376
ILSVRC2012_val_00017184_with_ILSVRC2012_val_00021418_rank544,650,834,0.3479,87
ILSVRC2012_val_00017184_with_ILSVRC2012_val_00030683_rank100,622,622,0.87291,0
ILSVRC2012_val_00017184_with_ILSVRC2012_val_00038612_rank934,812,87,0.42137,326
ILSVRC2012_val_00017184_with_ILSVRC2012_val_00002982_rank031,988,896,0.16431,883
ILSVRC2012_val_00017184_with_ILSVRC2012_val_00007738_rank119,396,396,0.83497,0
ILSVRC2012_val_00017184_with_ILSVRC2012_val_00021412_rank632,486,486,0.72315,0
ILSVRC2012_val_00017184_with_ILSVRC2012_val_00049077_rank180,129,129,0.50525,0
ILSVRC2012_val_00017184_with_ILSVRC2012_val_00002282_rank734,386,894,0.19223,932
ILSVRC2012_val_00017184_with_ILSVRC2012_val_00033866_rank589,27,51,0.74014,237
ILSVRC2012_val_00017184_with_ILSVRC2012_val_00048317_rank716,465,896,0.15607,496
ILSVRC2012_val_00017184_with_ILSVRC2012_val_00032414_rank006,952,804,0.25477,628
ILSVRC2012_val_00017184_with_ILSVRC2012_val_00029476_rank070,935,935,0.87423,0
ILSVRC2012_val_00017184_with_ILSVRC2012_val_00011217_rank488,403,896,0.18867,560
ILSVRC2012_val_00017184_with_ILSVRC2012_val_00002633_rank249,141,141,0.72916,0
ILSVRC2012_val_00017184_with_ILSVRC2012_val_00019424_rank271,147,896,0.16476,694
ILSVRC2012_val_00017184_with_ILSVRC2012_val_00044941_rank605,557,896,0.46295,992
ILSVRC2012_val_00017184_with_ILSVRC2012_val_00016619_rank400,655,655,0.21763,0
ILSVRC2012_val_00017184_with_ILSVRC2012_val_00022324_rank751,213,219,0.90041,11
ILSVRC2012_val_00017184_with_ILSVRC2012_val_00019104_rank223,588,588,0.51574,0
ILSVRC2012_val_00017184_with_ILSVRC2012_val_00034929_rank105,20,20,0.41882,0
ILSVRC2012_val_00017184_with_ILSVRC2012_val_00008615_rank821,365,365,0.75622,0
ILSVRC2012_val_00017184_with_ILSVRC2012_val_00001098_rank447,418,589,0.32838,113
ILSVRC2012_val_00017184_with_ILSVRC2012_val_00030454_rank819,847,847,0.66494,0
ILSVRC2012_val_00017184_with_ILSVRC2012_val_00020500_rank961,656,745,0.4945,385
ILSVRC2012_val_00017184_with_ILSVRC2012_val_00006463_rank158,17,17,0.8474,0
ILSVRC2012_val_00017184_with_ILSVRC2012_val_00048693_rank354,272,285,0.21132,120
ILSVRC2012_val_00017184_with_ILSVRC2012_val_00046977_rank463,900,900,0.8077,0
ILSVRC2012_val_00017184_with_ILSVRC2012_val_00032655_rank666,366,896,0.234,557
ILSVRC2012_val_00017184_with_ILSVRC2012_val_00005590_rank742,41,50,0.77851,129
ILSVRC2012_val_00017184_with_ILSVRC2012_val_00010244_rank442,263,103,0.12319,343
ILSVRC2012_val_00017184_with_ILSVRC2012_val_00003412_rank004,954,529,0.08347,318
ILSVRC2012_val_00017184_with_ILSVRC2012_val_00043448_rank758,789,789,0.83565,0
ILSVRC2012_val_00017184_with_ILSVRC2012_val_00022781_rank820,726,831,0.35326,134
ILSVRC2012_val_00017184_with_ILSVRC2012_val_00037204_rank776,895,894,0.35679,609
ILSVRC2012_val_00017184_with_ILSVRC2012_val_00006814_rank226,137,137,0.87898,0
ILSVRC2012_val_00017184_with_ILSVRC2012_val_00012192_rank525,443,443,0.91273,0
ILSVRC2012_val_00017184_with_ILSVRC2012_val_00025147_rank431,211,211,0.47296,0
ILSVRC2012_val_00017184_with_ILSVRC2012_val_00005448_rank438,612,612,0.91603,0
ILSVRC2012_val_00017184_with_ILSVRC2012_val_00016421_rank300,85,85,0.7896,0
ILSVRC2012_val_00017184_with_ILSVRC2012_val_00012529_rank220,778,778,0.64322,0
ILSVRC2012_val_00017184_with_ILSVRC2012_val_00020627_rank256,116,116,0.41924,0
ILSVRC2012_val_00017184_with_ILSVRC2012_val_00020363_rank028,942,941,0.68919,2
ILSVRC2012_val_00017184_with_ILSVRC2012_val_00007157_rank035,107,88,0.67072,299
ILSVRC2012_val_00017184_with_ILSVRC2012_val_00009459_rank149,973,470,0.7003,770
ILSVRC2012_val_00017184_with_ILSVRC2012_val_00008340_rank188,721,894,0.20665,109
ILSVRC2012_val_00017184_with_ILSVRC2012_val_00020918_rank385,732,732,0.715,0
ILSVRC2012_val_00017184_with_ILSVRC2012_val_00025796_rank250,66,896,0.77696,768
ILSVRC2012_val_00017184_with_ILSVRC2012_val_00019578_rank147,30,30,0.86541,0
ILSVRC2012_val_00017184_with_ILSVRC2012_val_00035553_rank714,183,183,0.91099,0
ILSVRC2012_val_00017184_with_ILSVRC2012_val_00023515_rank724,184,184,0.81112,0
ILSVRC2012_val_00017184_with_ILSVRC2012_val_00011829_rank496,399,578,0.15677,16
ILSVRC2012_val_00017184_with_ILSVRC2012_val_00004316_rank158,17,17,0.853,0
ILSVRC2012_val_00017184_with_ILSVRC2012_val_00001429_rank845,745,771,0.16521,20
ILSVRC2012_val_00017184_with_ILSVRC2012_val_00011390_rank607,673,526,0.34577,5
ILSVRC2012_val_00017184_with_ILSVRC2012_val_00001970_rank064,737,737,0.42835,0
ILSVRC2012_val_00017184_with_ILSVRC2012_val_00016853_rank944,358,358,0.41875,0
ILSVRC2012_val_00017184_with_ILSVRC2012_val_00048985_rank090,631,737,0.12884,26
ILSVRC2012_val_00017184_with_ILSVRC2012_val_00030967_rank001,951,951,0.83037,0
ILSVRC2012_val_00017184_with_ILSVRC2012_val_00002573_rank987,197,208,0.6839,20
ILSVRC2012_val_00017184_with_ILSVRC2012_val_00008126_rank983,450,859,0.23012,147
ILSVRC2012_val_00017184_with_ILSVRC2012_val_00003618_rank424,836,894,0.0872,249
ILSVRC2012_val_00017184_with_ILSVRC2012_val_00049566_rank166,910,909,0.35912,3
ILSVRC2012_val_00017184_with_ILSVRC2012_val_00039908_rank665,510,831,0.31771,229
ILSVRC2012_val_00017184_with_ILSVRC2012_val_00005765_rank057,59,894,0.21026,481
ILSVRC2012_val_00017184_with_ILSVRC2012_val_00024653_rank526,360,360,0.28278,0
ILSVRC2012_val_00017184_with_ILSVRC2012_val_00002658_rank186,139,139,0.45553,0
ILSVRC2012_val_00017184_with_ILSVRC2012_val_00027253_rank395,859,859,0.61513,0
ILSVRC2012_val_00017184_with_ILSVRC2012_val_00043253_rank933,559,559,0.46149,0
ILSVRC2012_val_00017184_with_ILSVRC2012_val_00026504_rank155,145,145,0.86448,0
ILSVRC2012_val_00017184_with_ILSVRC2012_val_00013383_rank551,354,896,0.23245,660
ILSVRC2012_val_00017184_with_ILSVRC2012_val_00008167_rank209,291,87,0.75096,998
ILSVRC2012_val_00017184_with_ILSVRC2012_val_00020650_rank439,584,729,0.08941,43
ILSVRC2012_val_00017184_with_ILSVRC2012_val_00008078_rank425,682,894,0.17765,294
ILSVRC2012_val_00017184_with_ILSVRC2012_val_00042299_rank346,303,303,0.66914,0
ILSVRC2012_val_00017184_with_ILSVRC2012_val_00038650_rank697,887,619,0.1654,59
ILSVRC2012_val_00017184_with_ILSVRC2012_val_00005267_rank797,191,202,0.82496,12
ILSVRC2012_val_00017184_with_ILSVRC2012_val_00045657_rank691,798,896,0.38052,880
ILSVRC2012_val_00017184_with_ILSVRC2012_val_00014134_rank183,304,304,0.63533,0
ILSVRC2012_val_00017184_with_ILSVRC2012_val_00030996_rank958,594,594,0.85169,0
ILSVRC2012_val_00017184_with_ILSVRC2012_val_00040429_rank624,697,775,0.19174,8
ILSVRC2012_val_00017184_with_ILSVRC2012_val_00012395_rank724,184,184,0.70648,0
ILSVRC2012_val_00017184_with_ILSVRC2012_val_00013299_rank381,36,36,0.71099,0
ILSVRC2012_val_00017184_with_ILSVRC2012_val_00035805_rank788,187,185,0.33016,6
ILSVRC2012_val_00017184_with_ILSVRC2012_val_00032588_rank433,512,512,0.68007,0
ILSVRC2012_val_00017184_with_ILSVRC2012_val_00012490_rank961,656,896,0.24593,311
ILSVRC2012_val_00017184_with_ILSVRC2012_val_00035089_rank056,599,896,0.53368,303
ILSVRC2012_val_00017184_with_ILSVRC2012_val_00048016_rank671,553,894,0.40445,8
ILSVRC2012_val_00017184_with_ILSVRC2012_val_00000154_rank096,115,896,0.20117,777
ILSVRC2012_val_00017184_with_ILSVRC2012_val_00031533_rank848,616,896,0.44129,558
ILSVRC2012_val_00017184_with_ILSVRC2012_val_00000097_rank955,330,330,0.12651,0
ILSVRC2012_val_00017184_with_ILSVRC2012_val_00023767_rank637,699,894,0.41714,375
ILSVRC2012_val_00017184_with_ILSVRC2012_val_00021523_rank165,12,12,0.85551,0
ILSVRC2012_val_00017184_with_ILSVRC2012_val_00044712_rank034,938,938,0.88693,0
ILSVRC2012_val_00017184_with_ILSVRC2012_val_00023063_rank002,950,950,0.82065,0
ILSVRC2012_val_00017184_with_ILSVRC2012_val_00041994_rank600,68,894,0.2156,589
ILSVRC2012_val_00017184_with_ILSVRC2012_val_00044103_rank559,332,332,0.68863,0
ILSVRC2012_val_00017184_with_ILSVRC2012_val_00019204_rank258,65,896,0.3808,581
ILSVRC2012_val_00017184_with_ILSVRC2012_val_00037396_rank858,233,233,0.21697,0
ILSVRC2012_val_00017184_with_ILSVRC2012_val_00000648_rank981,134,134,0.86492,0
ILSVRC2012_val_00017184_with_ILSVRC2012_val_00048685_rank432,963,963,0.67858,0
ILSVRC2012_val_00017184_with_ILSVRC2012_val_00003352_rank331,549,742,0.66929,30
ILSVRC2012_val_00017184_with_ILSVRC2012_val_00017481_rank871,833,608,0.31712,640
ILSVRC2012_val_00017184_with_ILSVRC2012_val_00033096_rank198,563,896,0.33394,368
ILSVRC2012_val_00017184_with_ILSVRC2012_val_00021548_rank216,720,999,0.60346,36
ILSVRC2012_val_00017184_with_ILSVRC2012_val_00032451_rank748,164,223,0.12841,97
ILSVRC2012_val_00017184_with_ILSVRC2012_val_00010909_rank501,430,430,0.90831,0
ILSVRC2012_val_00017184_with_ILSVRC2012_val_00014020_rank212,463,170,0.1885,616
ILSVRC2012_val_00017184_with_ILSVRC2012_val_00034979_rank153,440,907,0.49111,2
ILSVRC2012_val_00017184_with_ILSVRC2012_val_00002651_rank111,398,771,0.14188,47
ILSVRC2012_val_00017184_with_ILSVRC2012_val_00049043_rank584,349,349,0.47102,0
ILSVRC2012_val_00017184_with_ILSVRC2012_val_00033229_rank295,578,578,0.50901,0
ILSVRC2012_val_00017184_with_ILSVRC2012_val_00006397_rank485,560,896,0.32343,482
ILSVRC2012_val_00017184_with_ILSVRC2012_val_00045304_rank821,365,365,0.74601,0
ILSVRC2012_val_00017184_with_ILSVRC2012_val_00016511_rank974,757,757,0.60345,0
ILSVRC2012_val_00017184_with_ILSVRC2012_val_00014708_rank559,332,332,0.16593,0
ILSVRC2012_val_00017184_with_ILSVRC2012_val_00026683_rank317,146,81,0.60941,9
ILSVRC2012_val_00017184_with_ILSVRC2012_val_00021265_rank049,936,936,0.3554,0
ILSVRC2012_val_00017184_with_ILSVRC2012_val_00020178_rank116,14,14,0.86473,0
ILSVRC2012_val_00017184_with_ILSVRC2012_val_00041304_rank075,899,899,0.69221,0
ILSVRC2012_val_00017184_with_ILSVRC2012_val_00026459_rank780,804,632,0.19476,70
ILSVRC2012_val_00017184_with_ILSVRC2012_val_00017526_rank005,940,896,0.24976,342
ILSVRC2012_val_00017184_with_ILSVRC2012_val_00008155_rank101,95,95,0.8642,0
ILSVRC2012_val_00017184_with_ILSVRC2012_val_00039099_rank866,851,851,0.59269,0
ILSVRC2012_val_00017184_with_ILSVRC2012_val_00002358_rank641,481,896,0.46929,511
ILSVRC2012_val_00017184_with_ILSVRC2012_val_00006596_rank813,665,896,0.37066,206
ILSVRC2012_val_00017184_with_ILSVRC2012_val_00005488_rank991,904,896,0.14646,127
ILSVRC2012_val_00017184_with_ILSVRC2012_val_00036248_rank833,250,248,0.38935,1
ILSVRC2012_val_00017184_with_ILSVRC2012_val_00001984_rank629,675,526,0.31146,335
ILSVRC2012_val_00017184_with_ILSVRC2012_val_00042963_rank113,927,928,0.51087,1
ILSVRC2012_val_00017184_with_ILSVRC2012_val_00041910_rank488,403,896,0.83442,560
ILSVRC2012_val_00017184_with_ILSVRC2012_val_00033193_rank103,964,964,0.78299,0
ILSVRC2012_val_00017184_with_ILSVRC2012_val_00003044_rank409,294,357,0.18286,75
ILSVRC2012_val_00017184_with_ILSVRC2012_val_00045858_rank284,60,61,0.84452,5
ILSVRC2012_val_00017184_with_ILSVRC2012_val_00028577_rank663,54,894,0.18273,549
ILSVRC2012_val_00017184_with_ILSVRC2012_val_00044460_rank719,589,740,0.61665,2
ILSVRC2012_val_00017184_with_ILSVRC2012_val_00023222_rank601,695,695,0.28991,0
ILSVRC2012_val_00017184_with_ILSVRC2012_val_00010338_rank667,917,896,0.17076,994
ILSVRC2012_val_00017184_with_ILSVRC2012_val_00000138_rank120,328,532,0.24639,782
ILSVRC2012_val_00017184_with_ILSVRC2012_val_00004434_rank257,173,896,0.11448,741
ILSVRC2012_val_00017184_with_ILSVRC2012_val_00047850_rank847,271,271,0.68917,0
ILSVRC2012_val_00017184_with_ILSVRC2012_val_00026521_rank888,217,217,0.75114,0
ILSVRC2012_val_00017184_with_ILSVRC2012_val_00040773_rank858,233,267,0.51399,14
ILSVRC2012_val_00017184_with_ILSVRC2012_val_00013109_rank758,789,789,0.85586,0
ILSVRC2012_val_00017184_with_ILSVRC2012_val_00041431_rank135,316,316,0.87284,0
ILSVRC2012_val_00017184_with_ILSVRC2012_val_00020749_rank991,904,896,0.38193,127
ILSVRC2012_val_00017184_with_ILSVRC2012_val_00006948_rank030,969,700,0.31624,145
ILSVRC2012_val_00017184_with_ILSVRC2012_val_00014442_rank991,904,904,0.52308,0
ILSVRC2012_val_00017184_with_ILSVRC2012_val_00006711_rank981,134,134,0.68724,0
ILSVRC2012_val_00017184_with_ILSVRC2012_val_00032782_rank461,736,736,0.68528,0
ILSVRC2012_val_00017184_with_ILSVRC2012_val_00017068_rank124,84,84,0.3732,0
ILSVRC2012_val_00017184_with_ILSVRC2012_val_00004702_rank278,991,896,0.25871,985
ILSVRC2012_val_00017184_with_ILSVRC2012_val_00018693_rank030,969,572,0.37077,24
ILSVRC2012_val_00017184_with_ILSVRC2012_val_00042911_rank200,530,896,0.32543,583
ILSVRC2012_val_00017184_with_ILSVRC2012_val_00011313_rank744,802,894,0.60037,216
ILSVRC2012_val_00017184_with_ILSVRC2012_val_00008442_rank405,999,700,0.62239,1
ILSVRC2012_val_00017184_with_ILSVRC2012_val_00006858_rank291,409,409,0.36715,0
ILSVRC2012_val_00017184_with_ILSVRC2012_val_00039769_rank556,545,896,0.40844,183
ILSVRC2012_val_00017184_with_ILSVRC2012_val_00004527_rank332,570,518,0.11039,7
ILSVRC2012_val_00017184_with_ILSVRC2012_val_00039219_rank197,18,18,0.87558,0
ILSVRC2012_val_00017184_with_ILSVRC2012_val_00038976_rank631,285,285,0.58967,0
ILSVRC2012_val_00017184_with_ILSVRC2012_val_00020883_rank577,707,480,0.58603,2
ILSVRC2012_val_00017184_with_ILSVRC2012_val_00017264_rank183,304,305,0.18802,7
ILSVRC2012_val_00017184_with_ILSVRC2012_val_00036457_rank568,138,138,0.7691,0
ILSVRC2012_val_00017184_with_ILSVRC2012_val_00018203_rank041,828,747,0.20665,306
ILSVRC2012_val_00017184_with_ILSVRC2012_val_00030674_rank866,851,851,0.41925,0
ILSVRC2012_val_00017184_with_ILSVRC2012_val_00039205_rank573,748,788,0.37747,101
ILSVRC2012_val_00017184_with_ILSVRC2012_val_00045029_rank411,387,387,0.88319,0
ILSVRC2012_val_00017184_with_ILSVRC2012_val_00044149_rank604,756,896,0.12828,12
ILSVRC2012_val_00017184_with_ILSVRC2012_val_00018785_rank685,996,996,0.82447,0
ILSVRC2012_val_00017184_with_ILSVRC2012_val_00047072_rank293,855,894,0.40891,558
ILSVRC2012_val_00017184_with_ILSVRC2012_val_00002183_rank869,414,414,0.82831,0
ILSVRC2012_val_00017184_with_ILSVRC2012_val_00034524_rank182,658,658,0.8264,0
ILSVRC2012_val_00017184_with_ILSVRC2012_val_00030624_rank595,252,197,0.32401,8
ILSVRC2012_val_00017184_with_ILSVRC2012_val_00039521_rank855,863,896,0.47143,402
ILSVRC2012_val_00017184_with_ILSVRC2012_val_00010821_rank237,505,899,0.20964,3
ILSVRC2012_val_00017184_with_ILSVRC2012_val_00041388_rank831,702,896,0.45824,434
ILSVRC2012_val_00017184_with_ILSVRC2012_val_00002954_rank259,958,896,0.58041,789
ILSVRC2012_val_00017184_with_ILSVRC2012_val_00013465_rank907,344,51,0.41317,23
ILSVRC2012_val_00017184_with_ILSVRC2012_val_00017836_rank131,323,323,0.38061,0
ILSVRC2012_val_00017184_with_ILSVRC2012_val_00022940_rank255,803,786,0.21449,765
ILSVRC2012_val_00017184_with_ILSVRC2012_val_00016373_rank532,750,786,0.21489,29
ILSVRC2012_val_00017184_with_ILSVRC2012_val_00010129_rank503,822,896,0.8545,99
ILSVRC2012_val_00017184_with_ILSVRC2012_val_00044393_rank778,80,80,0.42305,0
ILSVRC2012_val_00017184_with_ILSVRC2012_val_00032808_rank030,969,969,0.34792,0
ILSVRC2012_val_00017184_with_ILSVRC2012_val_00013779_rank075,899,412,0.0858,45
ILSVRC2012_val_00017184_with_ILSVRC2012_val_00006911_rank1000,830,894,0.24151,128
ILSVRC2012_val_00017184_with_ILSVRC2012_val_00007981_rank892,626,589,0.24999,266
ILSVRC2012_val_00017184_with_ILSVRC2012_val_00015865_rank231,712,896,0.1574,160
ILSVRC2012_val_00017184_with_ILSVRC2012_val_00049905_rank256,116,684,0.08688,264
ILSVRC2012_val_00017184_with_ILSVRC2012_val_00002574_rank675,861,896,0.85651,2
ILSVRC2012_val_00017184_with_ILSVRC2012_val_00006578_rank834,491,894,0.51569,730
ILSVRC2012_val_00017184_with_ILSVRC2012_val_00044475_rank020,55,55,0.80108,0
ILSVRC2012_val_00017184_with_ILSVRC2012_val_00000399_rank582,267,267,0.3923,0
ILSVRC2012_val_00017184_with_ILSVRC2012_val_00005874_rank523,597,597,0.15459,0
ILSVRC2012_val_00017184_with_ILSVRC2012_val_00013484_rank152,3,3,0.61192,0
ILSVRC2012_val_00017184_with_ILSVRC2012_val_00038637_rank860,254,254,0.41259,0
ILSVRC2012_val_00017184_with_ILSVRC2012_val_00040341_rank783,858,858,0.38158,0
ILSVRC2012_val_00017184_with_ILSVRC2012_val_00038895_rank196,10,13,0.34859,1
ILSVRC2012_val_00017184_with_ILSVRC2012_val_00044642_rank895,152,152,0.46164,0
ILSVRC2012_val_00017184_with_ILSVRC2012_val_00007626_rank913,915,915,0.87623,0
ILSVRC2012_val_00017184_with_ILSVRC2012_val_00027416_rank630,595,894,0.28856,267
ILSVRC2012_val_00017184_with_ILSVRC2012_val_00013488_rank695,507,507,0.66514,0
ILSVRC2012_val_00017184_with_ILSVRC2012_val_00021082_rank898,539,896,0.53177,93
ILSVRC2012_val_00017184_with_ILSVRC2012_val_00010259_rank782,516,516,0.18255,0
ILSVRC2012_val_00017184_with_ILSVRC2012_val_00018439_rank121,72,896,0.25644,731
ILSVRC2012_val_00017184_with_ILSVRC2012_val_00014014_rank246,417,417,0.85824,0
ILSVRC2012_val_00017184_with_ILSVRC2012_val_00034670_rank227,120,120,0.77723,0
ILSVRC2012_val_00017184_with_ILSVRC2012_val_00045666_rank824,880,896,0.63466,433
ILSVRC2012_val_00017184_with_ILSVRC2012_val_00015639_rank996,456,894,0.26551,230
ILSVRC2012_val_00017184_with_ILSVRC2012_val_00009303_rank342,368,368,0.91654,0
ILSVRC2012_val_00017184_with_ILSVRC2012_val_00043922_rank680,792,708,0.23562,613
ILSVRC2012_val_00017184_with_ILSVRC2012_val_00045103_rank854,385,385,0.343,0
ILSVRC2012_val_00017184_with_ILSVRC2012_val_00008662_rank007,955,953,0.24954,2
ILSVRC2012_val_00017184_with_ILSVRC2012_val_00022693_rank949,104,104,0.22336,0
ILSVRC2012_val_00017184_with_ILSVRC2012_val_00048090_rank734,386,87,0.14727,107
ILSVRC2012_val_00017184_with_ILSVRC2012_val_00044202_rank579,192,192,0.85801,0
ILSVRC2012_val_00017184_with_ILSVRC2012_val_00046344_rank238,125,894,0.17874,616
ILSVRC2012_val_00017184_with_ILSVRC2012_val_00040444_rank764,42,71,0.11469,26
ILSVRC2012_val_00017184_with_ILSVRC2012_val_00000356_rank114,130,896,0.78932,719
ILSVRC2012_val_00017184_with_ILSVRC2012_val_00017031_rank276,903,903,0.82506,0
ILSVRC2012_val_00017184_with_ILSVRC2012_val_00043070_rank144,604,604,0.91511,0
ILSVRC2012_val_00017184_with_ILSVRC2012_val_00037039_rank014,986,941,0.19394,32
ILSVRC2012_val_00017184_with_ILSVRC2012_val_00031146_rank181,965,924,0.11491,1
ILSVRC2012_val_00017184_with_ILSVRC2012_val_00044096_rank549,905,526,0.22451,38
ILSVRC2012_val_00017184_with_ILSVRC2012_val_00017587_rank885,606,606,0.84453,0
ILSVRC2012_val_00017184_with_ILSVRC2012_val_00044110_rank134,438,896,0.26951,46
ILSVRC2012_val_00017184_with_ILSVRC2012_val_00015316_rank906,823,896,0.38402,109
ILSVRC2012_val_00017184_with_ILSVRC2012_val_00029427_rank526,360,150,0.80989,3
ILSVRC2012_val_00017184_with_ILSVRC2012_val_00046316_rank493,98,894,0.21201,316
ILSVRC2012_val_00017184_with_ILSVRC2012_val_00007012_rank869,414,414,0.785,0
ILSVRC2012_val_00017184_with_ILSVRC2012_val_00042762_rank030,969,969,0.33738,0
ILSVRC2012_val_00017184_with_ILSVRC2012_val_00039817_rank331,549,896,0.39797,248
ILSVRC2012_val_00017184_with_ILSVRC2012_val_00014088_rank966,827,532,0.08725,34
ILSVRC2012_val_00017184_with_ILSVRC2012_val_00047810_rank924,56,894,0.23172,603
ILSVRC2012_val_00017184_with_ILSVRC2012_val_00005158_rank643,319,532,0.56092,695
ILSVRC2012_val_00017184_with_ILSVRC2012_val_00026476_rank396,143,143,0.85349,0
ILSVRC2012_val_00017184_with_ILSVRC2012_val_00011694_rank486,395,29,0.18606,27
ILSVRC2012_val_00017184_with_ILSVRC2012_val_00030425_rank546,831,831,0.90294,0
ILSVRC2012_val_00017184_with_ILSVRC2012_val_00036297_rank845,745,745,0.89622,0
ILSVRC2012_val_00017184_with_ILSVRC2012_val_00028672_rank531,806,894,0.24717,44
ILSVRC2012_val_00017184_with_ILSVRC2012_val_00016264_rank568,138,138,0.7938,0
ILSVRC2012_val_00017184_with_ILSVRC2012_val_00019696_rank964,355,896,0.17717,811
ILSVRC2012_val_00017184_with_ILSVRC2012_val_00036372_rank017,941,941,0.17705,0
ILSVRC2012_val_00017184_with_ILSVRC2012_val_00015557_rank140,140,896,0.22339,405
ILSVRC2012_val_00017184_with_ILSVRC2012_val_00022557_rank787,690,896,0.22448,936
ILSVRC2012_val_00017184_with_ILSVRC2012_val_00039449_rank618,555,583,0.36221,106
ILSVRC2012_val_00017184_with_ILSVRC2012_val_00004142_rank639,408,896,0.25731,462
ILSVRC2012_val_00017184_with_ILSVRC2012_val_00044367_rank133,850,850,0.48668,0
ILSVRC2012_val_00017184_with_ILSVRC2012_val_00009710_rank194,550,550,0.3699,0
ILSVRC2012_val_00017184_with_ILSVRC2012_val_00048915_rank915,160,568,0.33763,55
ILSVRC2012_val_00017184_with_ILSVRC2012_val_00017246_rank962,743,556,0.29806,25
ILSVRC2012_val_00017184_with_ILSVRC2012_val_00019119_rank631,285,285,0.33362,0
ILSVRC2012_val_00017184_with_ILSVRC2012_val_00002277_rank737,241,227,0.13125,11
ILSVRC2012_val_00017184_with_ILSVRC2012_val_00047103_rank343,284,284,0.88449,0
ILSVRC2012_val_00017184_with_ILSVRC2012_val_00030164_rank348,873,896,0.37361,437
ILSVRC2012_val_00017184_with_ILSVRC2012_val_00021156_rank785,472,788,0.3708,223
ILSVRC2012_val_00017184_with_ILSVRC2012_val_00015849_rank988,439,559,0.19564,494
ILSVRC2012_val_00017184_with_ILSVRC2012_val_00027823_rank018,924,894,0.32145,854
ILSVRC2012_val_00017184_with_ILSVRC2012_val_00022207_rank140,140,896,0.32312,405
ILSVRC2012_val_00017184_with_ILSVRC2012_val_00046856_rank059,301,719,0.19585,190
ILSVRC2012_val_00017184_with_ILSVRC2012_val_00020307_rank360,685,685,0.88577,0
ILSVRC2012_val_00017184_with_ILSVRC2012_val_00033906_rank338,662,662,0.5439,0
ILSVRC2012_val_00017184_with_ILSVRC2012_val_00002164_rank680,792,896,0.14057,543
ILSVRC2012_val_00017184_with_ILSVRC2012_val_00021755_rank172,314,766,0.80091,111
ILSVRC2012_val_00017184_with_ILSVRC2012_val_00008610_rank308,783,731,0.64495,93
ILSVRC2012_val_00017184_with_ILSVRC2012_val_00034620_rank720,645,896,0.36919,978
ILSVRC2012_val_00017184_with_ILSVRC2012_val_00041488_rank201,946,946,0.36486,0
ILSVRC2012_val_00017184_with_ILSVRC2012_val_00002157_rank452,121,120,0.11419,9
ILSVRC2012_val_00017184_with_ILSVRC2012_val_00034743_rank815,128,128,0.7968,0
ILSVRC2012_val_00017184_with_ILSVRC2012_val_00002040_rank541,502,788,0.52748,3
ILSVRC2012_val_00017184_with_ILSVRC2012_val_00006477_rank697,887,894,0.70081,39
ILSVRC2012_val_00017184_with_ILSVRC2012_val_00023383_rank657,335,335,0.35152,0
ILSVRC2012_val_00017184_with_ILSVRC2012_val_00003201_rank110,907,894,0.23836,504
ILSVRC2012_val_00017184_with_ILSVRC2012_val_00048726_rank564,493,721,0.26438,82
ILSVRC2012_val_00017184_with_ILSVRC2012_val_00007860_rank450,111,896,0.23425,446
ILSVRC2012_val_00017184_with_ILSVRC2012_val_00042414_rank661,172,172,0.58135,0
ILSVRC2012_val_00017184_with_ILSVRC2012_val_00048279_rank110,907,894,0.22069,504
ILSVRC2012_val_00017184_with_ILSVRC2012_val_00023839_rank796,564,896,0.29639,107
ILSVRC2012_val_00017184_with_ILSVRC2012_val_00048975_rank060,985,532,0.52194,467
ILSVRC2012_val_00017184_with_ILSVRC2012_val_00005964_rank819,847,586,0.37249,1
ILSVRC2012_val_00017184_with_ILSVRC2012_val_00038212_rank001,951,950,0.25458,1
ILSVRC2012_val_00017184_with_ILSVRC2012_val_00007098_rank503,822,822,0.50249,0
ILSVRC2012_val_00017184_with_ILSVRC2012_val_00032694_rank491,633,747,0.28494,399
ILSVRC2012_val_00017184_with_ILSVRC2012_val_00040465_rank525,443,729,0.24723,122
ILSVRC2012_val_00017184_with_ILSVRC2012_val_00014250_rank453,275,865,0.10123,739
ILSVRC2012_val_00017184_with_ILSVRC2012_val_00047712_rank871,833,896,0.77483,152
ILSVRC2012_val_00017184_with_ILSVRC2012_val_00030087_rank772,214,197,0.63559,6
ILSVRC2012_val_00017184_with_ILSVRC2012_val_00002174_rank690,636,414,0.70945,2
ILSVRC2012_val_00017184_with_ILSVRC2012_val_00028860_rank449,474,434,0.19974,35
ILSVRC2012_val_00017184_with_ILSVRC2012_val_00036041_rank559,332,332,0.49747,0
ILSVRC2012_val_00017184_with_ILSVRC2012_val_00023934_rank138,607,607,0.87123,0
ILSVRC2012_val_00017184_with_ILSVRC2012_val_00001231_rank353,993,993,0.44688,0
ILSVRC2012_val_00017184_with_ILSVRC2012_val_00048388_rank199,373,373,0.36837,0
ILSVRC2012_val_00017184_with_ILSVRC2012_val_00028480_rank270,340,896,0.38767,635
ILSVRC2012_val_00017184_with_ILSVRC2012_val_00001009_rank860,254,254,0.90069,0
ILSVRC2012_val_00017184_with_ILSVRC2012_val_00038399_rank384,870,870,0.32757,0
ILSVRC2012_val_00017184_with_ILSVRC2012_val_00045810_rank113,927,927,0.68134,0
ILSVRC2012_val_00017184_with_ILSVRC2012_val_00013368_rank453,275,225,0.20609,29
ILSVRC2012_val_00017184_with_ILSVRC2012_val_00027963_rank723,219,219,0.59478,0
ILSVRC2012_val_00017184_with_ILSVRC2012_val_00043134_rank183,304,304,0.34279,0
ILSVRC2012_val_00017184_with_ILSVRC2012_val_00032526_rank591,681,742,0.13697,15
ILSVRC2012_val_00017184_with_ILSVRC2012_val_00048590_rank162,790,896,0.6713,566
ILSVRC2012_val_00017184_with_ILSVRC2012_val_00009016_rank034,938,938,0.59841,0
ILSVRC2012_val_00017184_with_ILSVRC2012_val_00043980_rank231,712,896,0.1919,160
ILSVRC2012_val_00017184_with_ILSVRC2012_val_00046672_rank851,170,204,0.28246,58
ILSVRC2012_val_00017184_with_ILSVRC2012_val_00038727_rank642,566,566,0.90314,0
ILSVRC2012_val_00017184_with_ILSVRC2012_val_00003191_rank184,306,306,0.72033,0
ILSVRC2012_val_00017184_with_ILSVRC2012_val_00008116_rank362,663,896,0.18143,207
ILSVRC2012_val_00017184_with_ILSVRC2012_val_00032522_rank737,241,241,0.56593,0
ILSVRC2012_val_00017184_with_ILSVRC2012_val_00013244_rank291,409,892,0.33303,1
ILSVRC2012_val_00017184_with_ILSVRC2012_val_00015536_rank216,720,896,0.27662,140
ILSVRC2012_val_00017184_with_ILSVRC2012_val_00049776_rank128,15,15,0.78323,0
ILSVRC2012_val_00017184_with_ILSVRC2012_val_00047192_rank836,451,894,0.45146,221
ILSVRC2012_val_00017184_with_ILSVRC2012_val_00013335_rank050,923,896,0.44752,87
ILSVRC2012_val_00017184_with_ILSVRC2012_val_00022718_rank756,579,579,0.72214,0
ILSVRC2012_val_00017184_with_ILSVRC2012_val_00036695_rank380,817,817,0.13007,0
ILSVRC2012_val_00017184_with_ILSVRC2012_val_00039699_rank727,203,203,0.82358,0
ILSVRC2012_val_00017184_with_ILSVRC2012_val_00047893_rank762,751,447,0.62808,283
ILSVRC2012_val_00017184_with_ILSVRC2012_val_00001011_rank291,409,892,0.36697,1
ILSVRC2012_val_00017184_with_ILSVRC2012_val_00004787_rank192,567,891,0.15647,4
ILSVRC2012_val_00017184_with_ILSVRC2012_val_00025140_rank708,277,278,0.7038,1
ILSVRC2012_val_00017184_with_ILSVRC2012_val_00022511_rank007,955,896,0.40116,462
ILSVRC2012_val_00017184_with_ILSVRC2012_val_00017947_rank130,397,397,0.62972,0
ILSVRC2012_val_00017184_with_ILSVRC2012_val_00001539_rank183,304,894,0.27092,300
ILSVRC2012_val_00017184_with_ILSVRC2012_val_00039429_rank402,769,896,0.40601,366
ILSVRC2012_val_00017184_with_ILSVRC2012_val_00024604_rank994,556,894,0.29943,66
ILSVRC2012_val_00017184_with_ILSVRC2012_val_00041002_rank843,565,565,0.24123,0
ILSVRC2012_val_00017184_with_ILSVRC2012_val_00025287_rank615,79,896,0.48578,565
ILSVRC2012_val_00017184_with_ILSVRC2012_val_00016949_rank420,497,894,0.22823,373
ILSVRC2012_val_00017184_with_ILSVRC2012_val_00017695_rank062,928,532,0.15151,106
ILSVRC2012_val_00017184_with_ILSVRC2012_val_00018557_rank913,915,915,0.8568,0
ILSVRC2012_val_00017184_with_ILSVRC2012_val_00024170_rank961,656,656,0.18845,0
ILSVRC2012_val_00017184_with_ILSVRC2012_val_00012271_rank301,105,105,0.82504,0
ILSVRC2012_val_00017184_with_ILSVRC2012_val_00002921_rank935,227,285,0.82434,33
ILSVRC2012_val_00017184_with_ILSVRC2012_val_00000121_rank733,718,706,0.38116,47
ILSVRC2012_val_00017184_with_ILSVRC2012_val_00026160_rank856,526,896,0.70988,45
ILSVRC2012_val_00017184_with_ILSVRC2012_val_00039956_rank775,888,888,0.29007,0
ILSVRC2012_val_00017184_with_ILSVRC2012_val_00029426_rank873,625,625,0.87429,0
ILSVRC2012_val_00017184_with_ILSVRC2012_val_00041857_rank235,402,546,0.17864,1
ILSVRC2012_val_00017184_with_ILSVRC2012_val_00035921_rank499,338,338,0.88431,0
ILSVRC2012_val_00017184_with_ILSVRC2012_val_00004111_rank533,648,648,0.68295,0
ILSVRC2012_val_00017184_with_ILSVRC2012_val_00041291_rank952,523,523,0.62232,0
ILSVRC2012_val_00017184_with_ILSVRC2012_val_00003540_rank571,298,87,0.12762,454
ILSVRC2012_val_00017184_with_ILSVRC2012_val_00000610_rank329,290,290,0.55853,0
ILSVRC2012_val_00017184_with_ILSVRC2012_val_00006908_rank022,392,392,0.82469,0
ILSVRC2012_val_00017184_with_ILSVRC2012_val_00002632_rank281,865,896,0.59684,872
ILSVRC2012_val_00017184_with_ILSVRC2012_val_00020982_rank777,703,827,0.12769,430
ILSVRC2012_val_00017184_with_ILSVRC2012_val_00033122_rank904,148,894,0.62164,508
ILSVRC2012_val_00017184_with_ILSVRC2012_val_00001881_rank280,886,886,0.44893,0
ILSVRC2012_val_00017184_with_ILSVRC2012_val_00036405_rank346,303,303,0.70036,0
ILSVRC2012_val_00017184_with_ILSVRC2012_val_00025076_rank575,709,896,0.31712,627
ILSVRC2012_val_00017184_with_ILSVRC2012_val_00019792_rank316,962,532,0.24629,217
ILSVRC2012_val_00017184_with_ILSVRC2012_val_00049141_rank251,19,19,0.70174,0
ILSVRC2012_val_00017184_with_ILSVRC2012_val_00012158_rank752,652,894,0.52934,679
ILSVRC2012_val_00017184_with_ILSVRC2012_val_00012354_rank250,66,66,0.63135,0
ILSVRC2012_val_00017184_with_ILSVRC2012_val_00039828_rank729,775,608,0.66335,36
ILSVRC2012_val_00017184_with_ILSVRC2012_val_00016741_rank992,361,205,0.14975,105
ILSVRC2012_val_00017184_with_ILSVRC2012_val_00049417_rank710,239,239,0.59429,0
ILSVRC2012_val_00017184_with_ILSVRC2012_val_00030455_rank397,893,896,0.49311,362
ILSVRC2012_val_00017184_with_ILSVRC2012_val_00023119_rank992,361,361,0.88,0
ILSVRC2012_val_00017184_with_ILSVRC2012_val_00030433_rank882,174,174,0.59037,0
ILSVRC2012_val_00017184_with_ILSVRC2012_val_00026830_rank392,283,283,0.85055,0
ILSVRC2012_val_00017184_with_ILSVRC2012_val_00017852_rank651,669,669,0.8066,0
ILSVRC2012_val_00017184_with_ILSVRC2012_val_00011566_rank881,708,894,0.3172,154
ILSVRC2012_val_00017184_with_ILSVRC2012_val_00040124_rank414,704,704,0.92909,0
ILSVRC2012_val_00017184_with_ILSVRC2012_val_00005949_rank391,389,87,0.44624,279
ILSVRC2012_val_00017184_with_ILSVRC2012_val_00000906_rank228,452,894,0.21022,883
ILSVRC2012_val_00017184_with_ILSVRC2012_val_00027744_rank001,951,948,0.39055,2
ILSVRC2012_val_00017184_with_ILSVRC2012_val_00019362_rank499,338,154,0.06343,3
ILSVRC2012_val_00017184_with_ILSVRC2012_val_00028391_rank305,135,134,0.42722,8
ILSVRC2012_val_00017184_with_ILSVRC2012_val_00043111_rank589,27,894,0.25208,456
ILSVRC2012_val_00017184_with_ILSVRC2012_val_00035985_rank254,779,779,0.78709,0
ILSVRC2012_val_00017184_with_ILSVRC2012_val_00008443_rank356,459,532,0.41651,901
ILSVRC2012_val_00017184_with_ILSVRC2012_val_00027635_rank719,589,896,0.22364,57
ILSVRC2012_val_00017184_with_ILSVRC2012_val_00045490_rank629,675,700,0.12711,476
ILSVRC2012_val_00017184_with_ILSVRC2012_val_00014015_rank547,610,894,0.32888,51
ILSVRC2012_val_00017184_with_ILSVRC2012_val_00009743_rank736,449,896,0.13996,669
ILSVRC2012_val_00017184_with_ILSVRC2012_val_00044421_rank469,813,813,0.80112,0
ILSVRC2012_val_00017184_with_ILSVRC2012_val_00029848_rank897,444,896,0.50364,916
ILSVRC2012_val_00017184_with_ILSVRC2012_val_00008798_rank135,316,316,0.75196,0
ILSVRC2012_val_00017184_with_ILSVRC2012_val_00026141_rank148,88,88,0.8216,0
ILSVRC2012_val_00017184_with_ILSVRC2012_val_00038284_rank462,835,835,0.70733,0
ILSVRC2012_val_00017184_with_ILSVRC2012_val_00046740_rank061,46,39,0.3977,3
ILSVRC2012_val_00017184_with_ILSVRC2012_val_00015895_rank800,453,453,0.62739,0
ILSVRC2012_val_00017184_with_ILSVRC2012_val_00002189_rank683,532,896,0.80978,26
ILSVRC2012_val_00017184_with_ILSVRC2012_val_00033331_rank830,101,385,0.48653,1
ILSVRC2012_val_00017184_with_ILSVRC2012_val_00033936_rank212,463,463,0.92943,0
ILSVRC2012_val_00017184_with_ILSVRC2012_val_00007755_rank098,574,574,0.87263,0
ILSVRC2012_val_00017184_with_ILSVRC2012_val_00016563_rank243,496,655,0.27043,91
ILSVRC2012_val_00017184_with_ILSVRC2012_val_00030539_rank257,173,173,0.55375,0
ILSVRC2012_val_00017184_with_ILSVRC2012_val_00023972_rank845,745,745,0.88639,0
ILSVRC2012_val_00017184_with_ILSVRC2012_val_00006157_rank052,572,572,0.57455,0
ILSVRC2012_val_00017184_with_ILSVRC2012_val_00047034_rank125,719,719,0.13981,0
ILSVRC2012_val_00017184_with_ILSVRC2012_val_00013827_rank814,569,786,0.10715,777
ILSVRC2012_val_00017184_with_ILSVRC2012_val_00015562_rank661,172,172,0.84837,0
ILSVRC2012_val_00017184_with_ILSVRC2012_val_00006196_rank327,869,465,0.25032,15
ILSVRC2012_val_00017184_with_ILSVRC2012_val_00000512_rank924,56,806,0.15074,123
ILSVRC2012_val_00017184_with_ILSVRC2012_val_00047292_rank301,105,94,0.0632,212
ILSVRC2012_val_00017184_with_ILSVRC2012_val_00039577_rank775,888,532,0.33584,255
ILSVRC2012_val_00017184_with_ILSVRC2012_val_00044557_rank663,54,60,0.21687,9
ILSVRC2012_val_00017184_with_ILSVRC2012_val_00008314_rank672,487,487,0.60864,0
ILSVRC2012_val_00017184_with_ILSVRC2012_val_00018075_rank095,1,1,0.45862,0
ILSVRC2012_val_00017184_with_ILSVRC2012_val_00048161_rank934,812,896,0.37473,607
ILSVRC2012_val_00017184_with_ILSVRC2012_val_00033540_rank133,850,850,0.84555,0
ILSVRC2012_val_00017184_with_ILSVRC2012_val_00045117_rank481,878,878,0.7204,0
ILSVRC2012_val_00017184_with_ILSVRC2012_val_00004644_rank838,839,896,0.52804,921
ILSVRC2012_val_00017184_with_ILSVRC2012_val_00014949_rank815,128,896,0.25883,882
ILSVRC2012_val_00017184_with_ILSVRC2012_val_00006705_rank007,955,955,0.87735,0
ILSVRC2012_val_00017184_with_ILSVRC2012_val_00047347_rank222,922,922,0.60058,0
ILSVRC2012_val_00017184_with_ILSVRC2012_val_00035902_rank007,955,896,0.26177,462
ILSVRC2012_val_00017184_with_ILSVRC2012_val_00031510_rank076,728,896,0.63769,646
ILSVRC2012_val_00017184_with_ILSVRC2012_val_00020124_rank742,41,894,0.28203,883
ILSVRC2012_val_00017184_with_ILSVRC2012_val_00006977_rank518,405,744,0.34898,12
ILSVRC2012_val_00017184_with_ILSVRC2012_val_00022211_rank264,83,83,0.8584,0
ILSVRC2012_val_00017184_with_ILSVRC2012_val_00031701_rank731,824,608,0.67402,20
ILSVRC2012_val_00017184_with_ILSVRC2012_val_00017810_rank100,622,622,0.71021,0
ILSVRC2012_val_00017184_with_ILSVRC2012_val_00005436_rank041,828,896,0.49558,22
ILSVRC2012_val_00017184_with_ILSVRC2012_val_00013247_rank110,907,966,0.48387,1
ILSVRC2012_val_00017184_with_ILSVRC2012_val_00037235_rank655,123,306,0.18834,122
ILSVRC2012_val_00017184_with_ILSVRC2012_val_00029159_rank400,655,526,0.19253,494
ILSVRC2012_val_00017184_with_ILSVRC2012_val_00014657_rank209,291,291,0.81799,0
ILSVRC2012_val_00017184_with_ILSVRC2012_val_00016280_rank912,431,431,0.93813,0
ILSVRC2012_val_00017184_with_ILSVRC2012_val_00013276_rank203,808,896,0.24047,852
ILSVRC2012_val_00017184_with_ILSVRC2012_val_00008227_rank323,433,747,0.2013,32
ILSVRC2012_val_00017184_with_ILSVRC2012_val_00033310_rank423,153,266,0.28796,7
ILSVRC2012_val_00017184_with_ILSVRC2012_val_00033162_rank300,85,85,0.83273,0
ILSVRC2012_val_00017184_with_ILSVRC2012_val_00039283_rank829,299,299,0.35518,0
ILSVRC2012_val_00017184_with_ILSVRC2012_val_00032483_rank894,758,389,0.26277,3
ILSVRC2012_val_00017184_with_ILSVRC2012_val_00032017_rank970,212,87,0.72123,171
ILSVRC2012_val_00017184_with_ILSVRC2012_val_00003200_rank665,510,896,0.40164,512
ILSVRC2012_val_00017184_with_ILSVRC2012_val_00019106_rank820,726,587,0.14538,1
ILSVRC2012_val_00017184_with_ILSVRC2012_val_00038649_rank759,169,161,0.3456,93
ILSVRC2012_val_00017184_with_ILSVRC2012_val_00020607_rank347,846,896,0.41591,61
ILSVRC2012_val_00017184_with_ILSVRC2012_val_00008465_rank113,927,927,0.71903,0
ILSVRC2012_val_00017184_with_ILSVRC2012_val_00019639_rank339,175,896,0.19776,960
ILSVRC2012_val_00017184_with_ILSVRC2012_val_00020215_rank644,377,377,0.82893,0
ILSVRC2012_val_00017184_with_ILSVRC2012_val_00046962_rank205,103,103,0.68148,0
ILSVRC2012_val_00017184_with_ILSVRC2012_val_00023520_rank241,108,896,0.28928,791
ILSVRC2012_val_00017184_with_ILSVRC2012_val_00021689_rank632,486,486,0.35721,0
ILSVRC2012_val_00017184_with_ILSVRC2012_val_00035778_rank807,347,347,0.59418,0
ILSVRC2012_val_00017184_with_ILSVRC2012_val_00031673_rank322,857,857,0.86168,0
ILSVRC2012_val_00017184_with_ILSVRC2012_val_00016102_rank362,663,788,0.09125,932
ILSVRC2012_val_00017184_with_ILSVRC2012_val_00019240_rank749,529,894,0.26972,167
ILSVRC2012_val_00017184_with_ILSVRC2012_val_00043904_rank044,114,788,0.24502,526
ILSVRC2012_val_00017184_with_ILSVRC2012_val_00043911_rank356,459,459,0.88189,0
ILSVRC2012_val_00017184_with_ILSVRC2012_val_00016914_rank876,596,896,0.25627,483
ILSVRC2012_val_00017184_with_ILSVRC2012_val_00017691_rank280,886,894,0.12951,60
ILSVRC2012_val_00017184_with_ILSVRC2012_val_00021697_rank627,186,186,0.81189,0
ILSVRC2012_val_00017184_with_ILSVRC2012_val_00039026_rank941,67,896,0.29275,936
ILSVRC2012_val_00017184_with_ILSVRC2012_val_00015683_rank559,332,894,0.13798,624
ILSVRC2012_val_00017184_with_ILSVRC2012_val_00004995_rank478,207,219,0.52264,4
ILSVRC2012_val_00017184_with_ILSVRC2012_val_00048031_rank143,896,896,0.92326,0
ILSVRC2012_val_00017184_with_ILSVRC2012_val_00048697_rank332,570,570,0.92097,0
ILSVRC2012_val_00017184_with_ILSVRC2012_val_00049616_rank712,747,849,0.13352,553
ILSVRC2012_val_00017184_with_ILSVRC2012_val_00037999_rank887,193,193,0.82412,0
ILSVRC2012_val_00017184_with_ILSVRC2012_val_00014813_rank392,283,332,0.50994,1
ILSVRC2012_val_00017184_with_ILSVRC2012_val_00006841_rank767,674,674,0.51588,0
ILSVRC2012_val_00017184_with_ILSVRC2012_val_00042315_rank655,123,896,0.14557,718
ILSVRC2012_val_00017184_with_ILSVRC2012_val_00012908_rank134,438,846,0.27746,73
ILSVRC2012_val_00017184_with_ILSVRC2012_val_00032790_rank959,514,514,0.87256,0
ILSVRC2012_val_00017184_with_ILSVRC2012_val_00015777_rank013,943,939,0.68106,1
ILSVRC2012_val_00017184_with_ILSVRC2012_val_00049839_rank146,826,426,0.76427,3
ILSVRC2012_val_00017184_with_ILSVRC2012_val_00048753_rank428,603,532,0.25312,135
ILSVRC2012_val_00017184_with_ILSVRC2012_val_00000854_rank276,903,532,0.116,926
ILSVRC2012_val_00017184_with_ILSVRC2012_val_00005250_rank852,627,896,0.66162,479
ILSVRC2012_val_00017184_with_ILSVRC2012_val_00030476_rank668,251,251,0.85263,0
ILSVRC2012_val_00017184_with_ILSVRC2012_val_00011555_rank326,151,151,0.77836,0
ILSVRC2012_val_00017184_with_ILSVRC2012_val_00040776_rank381,36,36,0.76721,0
ILSVRC2012_val_00017184_with_ILSVRC2012_val_00021425_rank415,483,794,0.26858,287
ILSVRC2012_val_00017184_with_ILSVRC2012_val_00038578_rank734,386,386,0.75128,0
ILSVRC2012_val_00017184_with_ILSVRC2012_val_00005501_rank835,543,398,0.56387,13
ILSVRC2012_val_00017184_with_ILSVRC2012_val_00001246_rank260,664,896,0.16619,296
ILSVRC2012_val_00017184_with_ILSVRC2012_val_00001811_rank546,831,896,0.6819,76
ILSVRC2012_val_00017184_with_ILSVRC2012_val_00009987_rank878,423,423,0.80777,0
ILSVRC2012_val_00017184_with_ILSVRC2012_val_00001319_rank117,773,505,0.5916,2
ILSVRC2012_val_00017184_with_ILSVRC2012_val_00007476_rank174,767,896,0.09669,158
ILSVRC2012_val_00017184_with_ILSVRC2012_val_00028256_rank222,922,922,0.54511,0
ILSVRC2012_val_00017184_with_ILSVRC2012_val_00018614_rank021,725,883,0.4983,2
ILSVRC2012_val_00017184_with_ILSVRC2012_val_00027716_rank349,845,828,0.3305,61
ILSVRC2012_val_00017184_with_ILSVRC2012_val_00036477_rank866,851,851,0.74547,0
ILSVRC2012_val_00017184_with_ILSVRC2012_val_00033388_rank212,463,463,0.58552,0
ILSVRC2012_val_00017184_with_ILSVRC2012_val_00017880_rank443,771,771,0.7212,0
ILSVRC2012_val_00017184_with_ILSVRC2012_val_00041174_rank829,299,299,0.88126,0
ILSVRC2012_val_00017184_with_ILSVRC2012_val_00021362_rank565,201,194,0.35052,9
ILSVRC2012_val_00017184_with_ILSVRC2012_val_00008154_rank740,372,338,0.30481,327
ILSVRC2012_val_00017184_with_ILSVRC2012_val_00026179_rank196,10,85,0.16149,26
ILSVRC2012_val_00017184_with_ILSVRC2012_val_00008470_rank464,885,894,0.34643,110
ILSVRC2012_val_00017184_with_ILSVRC2012_val_00006422_rank088,930,894,0.60499,561
ILSVRC2012_val_00017184_with_ILSVRC2012_val_00048888_rank140,140,140,0.47752,0
ILSVRC2012_val_00017184_with_ILSVRC2012_val_00012333_rank796,564,564,0.695,0
ILSVRC2012_val_00017184_with_ILSVRC2012_val_00006658_rank272,760,894,0.21555,6
ILSVRC2012_val_00017184_with_ILSVRC2012_val_00032319_rank438,612,612,0.93619,0
ILSVRC2012_val_00017184_with_ILSVRC2012_val_00007821_rank647,795,894,0.52583,87
ILSVRC2012_val_00017184_with_ILSVRC2012_val_00030124_rank762,751,859,0.2136,102
ILSVRC2012_val_00017184_with_ILSVRC2012_val_00049345_rank409,294,294,0.84022,0
ILSVRC2012_val_00017184_with_ILSVRC2012_val_00007004_rank776,895,895,0.20321,0
ILSVRC2012_val_00017184_with_ILSVRC2012_val_00006114_rank805,231,230,0.52849,2
ILSVRC2012_val_00017184_with_ILSVRC2012_val_00022996_rank512,245,245,0.63805,0
ILSVRC2012_val_00017184_with_ILSVRC2012_val_00049062_rank942,404,894,0.58931,786
ILSVRC2012_val_00017184_with_ILSVRC2012_val_00043554_rank936,586,586,0.63645,0
ILSVRC2012_val_00017184_with_ILSVRC2012_val_00025885_rank074,968,532,0.28202,132
ILSVRC2012_val_00017184_with_ILSVRC2012_val_00013022_rank932,401,896,0.29355,628
ILSVRC2012_val_00017184_with_ILSVRC2012_val_00012854_rank345,464,896,0.41845,405
ILSVRC2012_val_00017184_with_ILSVRC2012_val_00034970_rank284,60,896,0.18675,657
ILSVRC2012_val_00017184_with_ILSVRC2012_val_00016148_rank638,208,896,0.36343,734
ILSVRC2012_val_00017184_with_ILSVRC2012_val_00014874_rank129,934,934,0.89585,0
ILSVRC2012_val_00017184_with_ILSVRC2012_val_00045812_rank562,540,827,0.20997,421
ILSVRC2012_val_00017184_with_ILSVRC2012_val_00020553_rank732,162,174,0.15125,95
ILSVRC2012_val_00017184_with_ILSVRC2012_val_00004845_rank949,104,104,0.87826,0
ILSVRC2012_val_00017184_with_ILSVRC2012_val_00020926_rank520,154,154,0.70555,0
ILSVRC2012_val_00017184_with_ILSVRC2012_val_00025683_rank551,354,896,0.33056,660
ILSVRC2012_val_00017184_with_ILSVRC2012_val_00041125_rank744,802,896,0.30572,737
ILSVRC2012_val_00017184_with_ILSVRC2012_val_00029407_rank661,172,172,0.87739,0
ILSVRC2012_val_00017184_with_ILSVRC2012_val_00000287_rank419,426,426,0.52581,0
ILSVRC2012_val_00017184_with_ILSVRC2012_val_00034682_rank772,214,282,0.02606,275
ILSVRC2012_val_00017184_with_ILSVRC2012_val_00039118_rank029,984,896,0.38615,888
ILSVRC2012_val_00017184_with_ILSVRC2012_val_00017376_rank699,677,896,0.5028,298
ILSVRC2012_val_00017184_with_ILSVRC2012_val_00021180_rank546,831,896,0.23264,76
ILSVRC2012_val_00017184_with_ILSVRC2012_val_00024414_rank686,346,894,0.53607,489
ILSVRC2012_val_00017184_with_ILSVRC2012_val_00043248_rank054,931,947,0.26518,27
ILSVRC2012_val_00017184_with_ILSVRC2012_val_00039881_rank746,546,896,0.69139,248
ILSVRC2012_val_00017184_with_ILSVRC2012_val_00033056_rank145,376,376,0.37365,0
ILSVRC2012_val_00017184_with_ILSVRC2012_val_00041033_rank817,866,866,0.59334,0
ILSVRC2012_val_00017184_with_ILSVRC2012_val_00002373_rank467,166,247,0.55901,11
ILSVRC2012_val_00017184_with_ILSVRC2012_val_00022647_rank102,659,659,0.80603,0
ILSVRC2012_val_00017184_with_ILSVRC2012_val_00017711_rank861,210,198,0.22378,28
ILSVRC2012_val_00017184_with_ILSVRC2012_val_00007237_rank165,12,12,0.76393,0
ILSVRC2012_val_00017184_with_ILSVRC2012_val_00043755_rank397,893,446,0.65683,3
ILSVRC2012_val_00017184_with_ILSVRC2012_val_00041704_rank199,373,373,0.79345,0
ILSVRC2012_val_00017184_with_ILSVRC2012_val_00003763_rank713,774,774,0.69246,0
ILSVRC2012_val_00017184_with_ILSVRC2012_val_00015891_rank029,984,896,0.33931,888
ILSVRC2012_val_00017184_with_ILSVRC2012_val_00008944_rank773,216,155,0.13211,50
ILSVRC2012_val_00017184_with_ILSVRC2012_val_00035023_rank248,62,896,0.21902,883
ILSVRC2012_val_00017184_with_ILSVRC2012_val_00018783_rank080,849,896,0.93661,48
ILSVRC2012_val_00017184_with_ILSVRC2012_val_00003780_rank969,764,872,0.60683,9
ILSVRC2012_val_00017184_with_ILSVRC2012_val_00038758_rank943,363,363,0.86276,0
ILSVRC2012_val_00017184_with_ILSVRC2012_val_00005418_rank535,329,896,0.05595,744
ILSVRC2012_val_00017184_with_ILSVRC2012_val_00024805_rank187,793,793,0.70132,0
ILSVRC2012_val_00017184_with_ILSVRC2012_val_00012898_rank372,106,103,0.66146,16
ILSVRC2012_val_00017184_with_ILSVRC2012_val_00039138_rank452,121,121,0.75772,0
ILSVRC2012_val_00017184_with_ILSVRC2012_val_00000933_rank258,65,896,0.25356,581
ILSVRC2012_val_00017184_with_ILSVRC2012_val_00022271_rank665,510,896,0.25593,512
ILSVRC2012_val_00017184_with_ILSVRC2012_val_00032755_rank544,650,896,0.66009,427
ILSVRC2012_val_00017184_with_ILSVRC2012_val_00003808_rank911,258,258,0.89362,0
ILSVRC2012_val_00017184_with_ILSVRC2012_val_00016713_rank566,273,272,0.32263,6
ILSVRC2012_val_00017184_with_ILSVRC2012_val_00036480_rank100,622,622,0.8523,0
ILSVRC2012_val_00017184_with_ILSVRC2012_val_00042103_rank740,372,372,0.36816,0
ILSVRC2012_val_00017184_with_ILSVRC2012_val_00001996_rank997,583,894,0.25371,50
ILSVRC2012_val_00017184_with_ILSVRC2012_val_00013517_rank918,609,779,0.30683,22
ILSVRC2012_val_00017184_with_ILSVRC2012_val_00008228_rank422,381,381,0.5365,0
ILSVRC2012_val_00017184_with_ILSVRC2012_val_00002290_rank332,570,894,0.26286,560
ILSVRC2012_val_00017184_with_ILSVRC2012_val_00003709_rank254,779,779,0.83913,0
ILSVRC2012_val_00017184_with_ILSVRC2012_val_00031824_rank118,92,95,0.31206,1
ILSVRC2012_val_00017184_with_ILSVRC2012_val_00044139_rank813,665,665,0.73619,0
ILSVRC2012_val_00017184_with_ILSVRC2012_val_00019134_rank805,231,231,0.54195,0
ILSVRC2012_val_00017184_with_ILSVRC2012_val_00046834_rank102,659,659,0.49195,0
ILSVRC2012_val_00017184_with_ILSVRC2012_val_00038426_rank065,90,88,0.31829,1
ILSVRC2012_val_00017184_with_ILSVRC2012_val_00013095_rank408,21,87,0.73301,23
ILSVRC2012_val_00017184_with_ILSVRC2012_val_00033539_rank671,553,553,0.66248,0
ILSVRC2012_val_00017184_with_ILSVRC2012_val_00033504_rank003,948,948,0.85061,0
ILSVRC2012_val_00017184_with_ILSVRC2012_val_00034465_rank668,251,251,0.90369,0
ILSVRC2012_val_00017184_with_ILSVRC2012_val_00040203_rank778,80,894,0.58463,441
ILSVRC2012_val_00017184_with_ILSVRC2012_val_00016029_rank861,210,210,0.86911,0
ILSVRC2012_val_00017184_with_ILSVRC2012_val_00030933_rank601,695,695,0.65057,0
ILSVRC2012_val_00017184_with_ILSVRC2012_val_00017000_rank194,550,550,0.89136,0
ILSVRC2012_val_00017184_with_ILSVRC2012_val_00028911_rank889,632,848,0.3598,3
ILSVRC2012_val_00017184_with_ILSVRC2012_val_00012079_rank626,289,896,0.53536,514
ILSVRC2012_val_00017184_with_ILSVRC2012_val_00017475_rank562,540,540,0.87958,0
ILSVRC2012_val_00017184_with_ILSVRC2012_val_00007158_rank885,606,846,0.27658,34
ILSVRC2012_val_00017184_with_ILSVRC2012_val_00030369_rank690,636,894,0.71296,359
ILSVRC2012_val_00017184_with_ILSVRC2012_val_00033980_rank658,305,302,0.36919,1
ILSVRC2012_val_00017184_with_ILSVRC2012_val_00013871_rank322,857,857,0.88785,0
ILSVRC2012_val_00017184_with_ILSVRC2012_val_00020942_rank234,351,896,0.13754,859
ILSVRC2012_val_00017184_with_ILSVRC2012_val_00033998_rank807,347,347,0.23864,0
ILSVRC2012_val_00017184_with_ILSVRC2012_val_00007924_rank296,593,831,0.16281,68
ILSVRC2012_val_00017184_with_ILSVRC2012_val_00017168_rank402,769,769,0.86841,0
ILSVRC2012_val_00017184_with_ILSVRC2012_val_00006540_rank625,977,896,0.85028,696
ILSVRC2012_val_00017184_with_ILSVRC2012_val_00000415_rank230,97,788,0.36162,556
ILSVRC2012_val_00017184_with_ILSVRC2012_val_00005954_rank358,126,126,0.79849,0
ILSVRC2012_val_00017184_with_ILSVRC2012_val_00009645_rank529,375,894,0.22185,558
ILSVRC2012_val_00017184_with_ILSVRC2012_val_00045199_rank500,462,532,0.79728,767
ILSVRC2012_val_00017184_with_ILSVRC2012_val_00034710_rank283,457,457,0.48259,0
ILSVRC2012_val_00017184_with_ILSVRC2012_val_00023193_rank604,756,532,0.31321,376
ILSVRC2012_val_00017184_with_ILSVRC2012_val_00006073_rank581,429,429,0.85278,0
ILSVRC2012_val_00017184_with_ILSVRC2012_val_00044827_rank644,377,377,0.7975,0
ILSVRC2012_val_00017184_with_ILSVRC2012_val_00045089_rank026,989,896,0.09239,809
ILSVRC2012_val_00017184_with_ILSVRC2012_val_00028827_rank955,330,331,0.43449,1
ILSVRC2012_val_00017184_with_ILSVRC2012_val_00022125_rank882,174,174,0.85187,0
ILSVRC2012_val_00017184_with_ILSVRC2012_val_00002516_rank822,243,243,0.7481,0
ILSVRC2012_val_00017184_with_ILSVRC2012_val_00045259_rank538,643,865,0.14713,51
ILSVRC2012_val_00017184_with_ILSVRC2012_val_00008189_rank558,394,5,0.74053,12
ILSVRC2012_val_00017184_with_ILSVRC2012_val_00042074_rank824,880,896,0.60267,433
ILSVRC2012_val_00017184_with_ILSVRC2012_val_00040690_rank952,523,523,0.91944,0
ILSVRC2012_val_00017184_with_ILSVRC2012_val_00004603_rank704,458,896,0.9081,229
ILSVRC2012_val_00017184_with_ILSVRC2012_val_00035586_rank954,891,526,0.5995,316
ILSVRC2012_val_00017184_with_ILSVRC2012_val_00025528_rank614,144,144,0.87298,0
ILSVRC2012_val_00017184_with_ILSVRC2012_val_00009707_rank968,229,229,0.83765,0
ILSVRC2012_val_00017184_with_ILSVRC2012_val_00049001_rank982,671,894,0.74402,575
ILSVRC2012_val_00017184_with_ILSVRC2012_val_00017402_rank030,969,729,0.06666,171
ILSVRC2012_val_00017184_with_ILSVRC2012_val_00042187_rank657,335,896,0.11062,919
ILSVRC2012_val_00017184_with_ILSVRC2012_val_00004281_rank432,963,857,0.22661,468
ILSVRC2012_val_00017184_with_ILSVRC2012_val_00006272_rank349,845,784,0.10862,2
ILSVRC2012_val_00017184_with_ILSVRC2012_val_00002473_rank955,330,330,0.80764,0
ILSVRC2012_val_00017184_with_ILSVRC2012_val_00032113_rank264,83,87,0.72659,213
ILSVRC2012_val_00017184_with_ILSVRC2012_val_00026003_rank719,589,896,0.08513,57
ILSVRC2012_val_00017184_with_ILSVRC2012_val_00013061_rank500,462,462,0.91923,0
ILSVRC2012_val_00017184_with_ILSVRC2012_val_00037331_rank441,167,166,0.26755,1
ILSVRC2012_val_00017184_with_ILSVRC2012_val_00013424_rank633,199,199,0.4366,0
ILSVRC2012_val_00017184_with_ILSVRC2012_val_00040037_rank005,940,943,0.48178,8
ILSVRC2012_val_00017184_with_ILSVRC2012_val_00027465_rank845,745,745,0.7795,0
ILSVRC2012_val_00017184_with_ILSVRC2012_val_00030831_rank727,203,229,0.82154,7
ILSVRC2012_val_00017184_with_ILSVRC2012_val_00038118_rank614,144,144,0.79719,0
ILSVRC2012_val_00017184_with_ILSVRC2012_val_00024318_rank846,436,436,0.80279,0
ILSVRC2012_val_00017184_with_ILSVRC2012_val_00022442_rank118,92,92,0.34763,0
ILSVRC2012_val_00017184_with_ILSVRC2012_val_00028408_rank860,254,254,0.89862,0
ILSVRC2012_val_00017184_with_ILSVRC2012_val_00001683_rank722,684,684,0.89775,0
ILSVRC2012_val_00017184_with_ILSVRC2012_val_00004920_rank060,985,532,0.37775,467
ILSVRC2012_val_00017184_with_ILSVRC2012_val_00028229_rank985,244,244,0.90043,0
ILSVRC2012_val_00017184_with_ILSVRC2012_val_00037772_rank551,354,51,0.40882,28
ILSVRC2012_val_00017184_with_ILSVRC2012_val_00041816_rank683,532,896,0.64007,26
ILSVRC2012_val_00017184_with_ILSVRC2012_val_00019005_rank400,655,894,0.27221,58
ILSVRC2012_val_00017184_with_ILSVRC2012_val_00042266_rank461,736,736,0.6559,0
ILSVRC2012_val_00017184_with_ILSVRC2012_val_00002668_rank016,11,11,0.88966,0
ILSVRC2012_val_00017184_with_ILSVRC2012_val_00005132_rank725,52,896,0.72123,807
ILSVRC2012_val_00017184_with_ILSVRC2012_val_00012402_rank252,133,133,0.32298,0
ILSVRC2012_val_00017184_with_ILSVRC2012_val_00041811_rank881,708,896,0.1451,17
ILSVRC2012_val_00017184_with_ILSVRC2012_val_00010354_rank505,215,162,0.61722,8
ILSVRC2012_val_00017184_with_ILSVRC2012_val_00025772_rank925,420,420,0.95535,0
ILSVRC2012_val_00017184_with_ILSVRC2012_val_00020045_rank899,573,870,0.49051,4
ILSVRC2012_val_00017184_with_ILSVRC2012_val_00006325_rank842,469,809,0.24314,19
ILSVRC2012_val_00017184_with_ILSVRC2012_val_00000233_rank626,289,289,0.8548,0
ILSVRC2012_val_00017184_with_ILSVRC2012_val_00025784_rank578,919,896,0.6257,324
ILSVRC2012_val_00017184_with_ILSVRC2012_val_00027974_rank329,290,282,0.20557,6
ILSVRC2012_val_00017184_with_ILSVRC2012_val_00018139_rank932,401,401,0.85955,0
ILSVRC2012_val_00017184_with_ILSVRC2012_val_00006925_rank411,387,387,0.89698,0
ILSVRC2012_val_00017184_with_ILSVRC2012_val_00015615_rank188,721,721,0.83487,0
ILSVRC2012_val_00017184_with_ILSVRC2012_val_00035950_rank352,901,725,0.41727,1
ILSVRC2012_val_00017184_with_ILSVRC2012_val_00040389_rank010,953,896,0.08668,630
ILSVRC2012_val_00017184_with_ILSVRC2012_val_00026495_rank969,764,413,0.40389,1
ILSVRC2012_val_00017184_with_ILSVRC2012_val_00018365_rank066,312,312,0.49187,0
ILSVRC2012_val_00017184_with_ILSVRC2012_val_00026838_rank198,563,563,0.5719,0
ILSVRC2012_val_00017184_with_ILSVRC2012_val_00034426_rank261,531,531,0.72443,0
ILSVRC2012_val_00017184_with_ILSVRC2012_val_00006017_rank552,621,882,0.73684,9
ILSVRC2012_val_00017184_with_ILSVRC2012_val_00014457_rank616,63,63,0.21013,0
ILSVRC2012_val_00017184_with_ILSVRC2012_val_00018233_rank374,293,293,0.85175,0
ILSVRC2012_val_00017184_with_ILSVRC2012_val_00021017_rank236,28,103,0.11975,30
ILSVRC2012_val_00017184_with_ILSVRC2012_val_00046778_rank725,52,63,0.67669,16
ILSVRC2012_val_00017184_with_ILSVRC2012_val_00020027_rank510,428,532,0.19011,138
ILSVRC2012_val_00017184_with_ILSVRC2012_val_00047889_rank943,363,363,0.7328,0
ILSVRC2012_val_00017184_with_ILSVRC2012_val_00041532_rank549,905,532,0.25914,13
ILSVRC2012_val_00017184_with_ILSVRC2012_val_00042645_rank076,728,896,0.53882,646
ILSVRC2012_val_00017184_with_ILSVRC2012_val_00009280_rank854,385,51,0.16595,7
ILSVRC2012_val_00017184_with_ILSVRC2012_val_00043231_rank980,150,150,0.82031,0
ILSVRC2012_val_00017184_with_ILSVRC2012_val_00043596_rank017,941,941,0.17902,0
ILSVRC2012_val_00017184_with_ILSVRC2012_val_00016702_rank889,632,632,0.69944,0
ILSVRC2012_val_00017184_with_ILSVRC2012_val_00035138_rank486,395,3,0.26653,7
ILSVRC2012_val_00017184_with_ILSVRC2012_val_00038935_rank273,6,5,0.47179,1
ILSVRC2012_val_00017184_with_ILSVRC2012_val_00000717_rank813,665,896,0.33,206
ILSVRC2012_val_00017184_with_ILSVRC2012_val_00048723_rank497,237,237,0.10469,0
ILSVRC2012_val_00017184_with_ILSVRC2012_val_00024763_rank487,473,872,0.19726,62
ILSVRC2012_val_00017184_with_ILSVRC2012_val_00022695_rank910,356,360,0.75764,4
ILSVRC2012_val_00017184_with_ILSVRC2012_val_00005234_rank949,104,104,0.72583,0
ILSVRC2012_val_00017184_with_ILSVRC2012_val_00029660_rank159,310,310,0.77463,0
ILSVRC2012_val_00017184_with_ILSVRC2012_val_00044449_rank952,523,532,0.32091,505
ILSVRC2012_val_00017184_with_ILSVRC2012_val_00041142_rank399,276,285,0.63652,85
ILSVRC2012_val_00017184_with_ILSVRC2012_val_00023593_rank776,895,894,0.1719,609
ILSVRC2012_val_00017184_with_ILSVRC2012_val_00033410_rank977,654,705,0.1361,11
ILSVRC2012_val_00017184_with_ILSVRC2012_val_00018368_rank548,435,896,0.50376,2
ILSVRC2012_val_00017184_with_ILSVRC2012_val_00022927_rank741,554,526,0.24304,252
ILSVRC2012_val_00017184_with_ILSVRC2012_val_00039559_rank741,554,788,0.42842,392
ILSVRC2012_val_00017184_with_ILSVRC2012_val_00021263_rank487,473,700,0.21913,26
ILSVRC2012_val_00017184_with_ILSVRC2012_val_00001533_rank255,803,894,0.21756,826
ILSVRC2012_val_00017184_with_ILSVRC2012_val_00021775_rank093,468,896,0.6043,437
ILSVRC2012_val_00017184_with_ILSVRC2012_val_00001915_rank217,13,13,0.85681,0
ILSVRC2012_val_00017184_with_ILSVRC2012_val_00001250_rank257,173,253,0.39539,1
ILSVRC2012_val_00017184_with_ILSVRC2012_val_00031638_rank172,314,896,0.75776,197
ILSVRC2012_val_00017184_with_ILSVRC2012_val_00012904_rank613,265,265,0.47816,0
ILSVRC2012_val_00017184_with_ILSVRC2012_val_00018700_rank802,717,717,0.59994,0
ILSVRC2012_val_00017184_with_ILSVRC2012_val_00003188_rank168,590,590,0.11784,0
ILSVRC2012_val_00017184_with_ILSVRC2012_val_00043487_rank056,599,599,0.61777,0
ILSVRC2012_val_00017184_with_ILSVRC2012_val_00029487_rank494,69,69,0.91314,0
ILSVRC2012_val_00017184_with_ILSVRC2012_val_00033946_rank039,937,909,0.88863,25
ILSVRC2012_val_00017184_with_ILSVRC2012_val_00045427_rank637,699,699,0.88907,0
ILSVRC2012_val_00017184_with_ILSVRC2012_val_00005096_rank204,605,605,0.82994,0
ILSVRC2012_val_00017184_with_ILSVRC2012_val_00023857_rank809,754,754,0.70323,0
ILSVRC2012_val_00017184_with_ILSVRC2012_val_00045891_rank511,295,295,0.08625,0
ILSVRC2012_val_00017184_with_ILSVRC2012_val_00030617_rank536,761,896,0.30405,766
ILSVRC2012_val_00017184_with_ILSVRC2012_val_00006381_rank403,825,894,0.4444,668
ILSVRC2012_val_00017184_with_ILSVRC2012_val_00009517_rank458,484,532,0.32204,898
ILSVRC2012_val_00017184_with_ILSVRC2012_val_00044032_rank852,627,627,0.33276,0
ILSVRC2012_val_00017184_with_ILSVRC2012_val_00002609_rank792,247,247,0.89614,0
ILSVRC2012_val_00017184_with_ILSVRC2012_val_00024316_rank516,672,879,0.58517,8
ILSVRC2012_val_00017184_with_ILSVRC2012_val_00026577_rank093,468,751,0.09563,7
ILSVRC2012_val_00017184_with_ILSVRC2012_val_00010156_rank101,95,95,0.77978,0
ILSVRC2012_val_00017184_with_ILSVRC2012_val_00045604_rank120,328,896,0.25016,885
ILSVRC2012_val_00017184_with_ILSVRC2012_val_00013855_rank824,880,896,0.58368,433
ILSVRC2012_val_00017184_with_ILSVRC2012_val_00040570_rank709,188,196,0.49461,11
ILSVRC2012_val_00017184_with_ILSVRC2012_val_00013243_rank633,199,197,0.47968,1
ILSVRC2012_val_00017184_with_ILSVRC2012_val_00015025_rank085,321,321,0.8133,0
ILSVRC2012_val_00017184_with_ILSVRC2012_val_00039736_rank354,272,306,0.16457,753
ILSVRC2012_val_00017184_with_ILSVRC2012_val_00038269_rank471,521,544,0.46941,2
ILSVRC2012_val_00017184_with_ILSVRC2012_val_00025628_rank520,154,154,0.27255,0
ILSVRC2012_val_00017184_with_ILSVRC2012_val_00020328_rank228,452,532,0.20951,576
ILSVRC2012_val_00017184_with_ILSVRC2012_val_00044861_rank856,526,526,0.68333,0
ILSVRC2012_val_00017184_with_ILSVRC2012_val_00037020_rank456,343,189,0.24177,502
ILSVRC2012_val_00017184_with_ILSVRC2012_val_00048667_rank508,434,831,0.3275,112
ILSVRC2012_val_00017184_with_ILSVRC2012_val_00027214_rank988,439,439,0.88059,0
ILSVRC2012_val_00017184_with_ILSVRC2012_val_00034217_rank019,852,852,0.82431,0
ILSVRC2012_val_00017184_with_ILSVRC2012_val_00016595_rank507,642,831,0.15299,161
ILSVRC2012_val_00017184_with_ILSVRC2012_val_00027204_rank943,363,363,0.85301,0
ILSVRC2012_val_00017184_with_ILSVRC2012_val_00025096_rank258,65,65,0.21374,0
ILSVRC2012_val_00017184_with_ILSVRC2012_val_00021946_rank945,226,170,0.35268,6
ILSVRC2012_val_00017184_with_ILSVRC2012_val_00041058_rank662,517,896,0.56332,539
ILSVRC2012_val_00017184_with_ILSVRC2012_val_00013094_rank431,211,209,0.18604,6
ILSVRC2012_val_00017184_with_ILSVRC2012_val_00003298_rank330,61,61,0.79514,0
ILSVRC2012_val_00017184_with_ILSVRC2012_val_00048747_rank100,622,622,0.89264,0
ILSVRC2012_val_00017184_with_ILSVRC2012_val_00036369_rank928,407,664,0.06908,103
ILSVRC2012_val_00017184_with_ILSVRC2012_val_00019748_rank389,791,730,0.23406,129
ILSVRC2012_val_00017184_with_ILSVRC2012_val_00002007_rank172,314,896,0.23608,197
ILSVRC2012_val_00017184_with_ILSVRC2012_val_00006221_rank483,81,81,0.86782,0
ILSVRC2012_val_00017184_with_ILSVRC2012_val_00047447_rank390,881,881,0.84556,0
ILSVRC2012_val_00017184_with_ILSVRC2012_val_00034125_rank288,48,48,0.76509,0
ILSVRC2012_val_00017184_with_ILSVRC2012_val_00044670_rank106,723,723,0.86289,0
ILSVRC2012_val_00017184_with_ILSVRC2012_val_00045907_rank203,808,731,0.69526,126
ILSVRC2012_val_00017184_with_ILSVRC2012_val_00007832_rank524,871,484,0.2439,1
ILSVRC2012_val_00017184_with_ILSVRC2012_val_00013610_rank221,94,896,0.19538,401
ILSVRC2012_val_00017184_with_ILSVRC2012_val_00021351_rank287,99,51,0.39129,937
ILSVRC2012_val_00017184_with_ILSVRC2012_val_00014782_rank171,380,88,0.19428,35
ILSVRC2012_val_00017184_with_ILSVRC2012_val_00029268_rank596,875,896,0.39119,297
ILSVRC2012_val_00017184_with_ILSVRC2012_val_00048965_rank386,772,896,0.39949,716
ILSVRC2012_val_00017184_with_ILSVRC2012_val_00024716_rank099,738,738,0.64105,0
ILSVRC2012_val_00017184_with_ILSVRC2012_val_00010576_rank821,365,365,0.38069,0
ILSVRC2012_val_00017184_with_ILSVRC2012_val_00028522_rank065,90,90,0.85076,0
ILSVRC2012_val_00017184_with_ILSVRC2012_val_00007277_rank144,604,896,0.45902,84
ILSVRC2012_val_00017184_with_ILSVRC2012_val_00003940_rank694,286,103,0.37899,62
ILSVRC2012_val_00017184_with_ILSVRC2012_val_00000240_rank831,702,896,0.60623,434
ILSVRC2012_val_00017184_with_ILSVRC2012_val_00017286_rank842,469,748,0.07128,67
ILSVRC2012_val_00017184_with_ILSVRC2012_val_00032587_rank218,50,49,0.44759,1
ILSVRC2012_val_00017184_with_ILSVRC2012_val_00040140_rank888,217,217,0.56475,0
ILSVRC2012_val_00017184_with_ILSVRC2012_val_00001360_rank686,346,268,0.70635,25
ILSVRC2012_val_00017184_with_ILSVRC2012_val_00020588_rank959,514,788,0.52237,5
ILSVRC2012_val_00017184_with_ILSVRC2012_val_00041419_rank973,422,422,0.21545,0
ILSVRC2012_val_00017184_with_ILSVRC2012_val_00001985_rank227,120,120,0.39318,0
ILSVRC2012_val_00017184_with_ILSVRC2012_val_00011589_rank078,324,324,0.79848,0
ILSVRC2012_val_00017184_with_ILSVRC2012_val_00001571_rank674,782,526,0.38782,16
ILSVRC2012_val_00017184_with_ILSVRC2012_val_00035302_rank788,187,526,0.25012,770
ILSVRC2012_val_00017184_with_ILSVRC2012_val_00044322_rank908,446,446,0.36983,0
ILSVRC2012_val_00017184_with_ILSVRC2012_val_00008260_rank598,810,810,0.46207,0
ILSVRC2012_val_00017184_with_ILSVRC2012_val_00047176_rank461,736,896,0.28871,135
ILSVRC2012_val_00017184_with_ILSVRC2012_val_00011705_rank787,690,532,0.21594,172
ILSVRC2012_val_00017184_with_ILSVRC2012_val_00047717_rank136,318,896,0.40606,672
ILSVRC2012_val_00017184_with_ILSVRC2012_val_00009089_rank984,755,896,0.45988,335
ILSVRC2012_val_00017184_with_ILSVRC2012_val_00032801_rank892,626,626,0.55852,0
ILSVRC2012_val_00017184_with_ILSVRC2012_val_00004449_rank760,242,242,0.93758,0
ILSVRC2012_val_00017184_with_ILSVRC2012_val_00005344_rank657,335,103,0.75128,86
ILSVRC2012_val_00017184_with_ILSVRC2012_val_00046772_rank617,787,787,0.93438,0
ILSVRC2012_val_00017184_with_ILSVRC2012_val_00028175_rank668,251,251,0.82509,0
ILSVRC2012_val_00017184_with_ILSVRC2012_val_00028286_rank167,995,532,0.1233,892
ILSVRC2012_val_00017184_with_ILSVRC2012_val_00026086_rank833,250,248,0.41904,1
ILSVRC2012_val_00017184_with_ILSVRC2012_val_00040180_rank832,864,864,0.24076,0
ILSVRC2012_val_00017184_with_ILSVRC2012_val_00040524_rank853,86,86,0.61754,0
ILSVRC2012_val_00017184_with_ILSVRC2012_val_00015390_rank825,765,532,0.28381,2
ILSVRC2012_val_00017184_with_ILSVRC2012_val_00018325_rank962,743,526,0.10728,568
ILSVRC2012_val_00017184_with_ILSVRC2012_val_00046752_rank551,354,354,0.92592,0
ILSVRC2012_val_00017184_with_ILSVRC2012_val_00042566_rank983,450,894,0.43127,468
ILSVRC2012_val_00017184_with_ILSVRC2012_val_00045347_rank343,284,284,0.84303,0
ILSVRC2012_val_00017184_with_ILSVRC2012_val_00030160_rank647,795,894,0.51312,87
ILSVRC2012_val_00017184_with_ILSVRC2012_val_00009842_rank698,24,24,0.86835,0
ILSVRC2012_val_00017184_with_ILSVRC2012_val_00003705_rank652,119,894,0.07487,791
ILSVRC2012_val_00017184_with_ILSVRC2012_val_00032906_rank943,363,363,0.69608,0
ILSVRC2012_val_00017184_with_ILSVRC2012_val_00017535_rank303,185,185,0.94052,0
ILSVRC2012_val_00017184_with_ILSVRC2012_val_00045379_rank944,358,894,0.17137,279
ILSVRC2012_val_00017184_with_ILSVRC2012_val_00010925_rank643,319,896,0.43975,978
ILSVRC2012_val_00017184_with_ILSVRC2012_val_00046907_rank088,930,930,0.81739,0
ILSVRC2012_val_00017184_with_ILSVRC2012_val_00025728_rank438,612,526,0.5995,174
ILSVRC2012_val_00017184_with_ILSVRC2012_val_00013769_rank509,906,834,0.54146,1
ILSVRC2012_val_00017184_with_ILSVRC2012_val_00004554_rank721,23,87,0.74694,24
ILSVRC2012_val_00017184_with_ILSVRC2012_val_00019581_rank413,161,161,0.93747,0
ILSVRC2012_val_00017184_with_ILSVRC2012_val_00038947_rank104,644,644,0.40653,0
ILSVRC2012_val_00017184_with_ILSVRC2012_val_00032579_rank379,390,806,0.18284,157
ILSVRC2012_val_00017184_with_ILSVRC2012_val_00002712_rank334,528,626,0.13292,260
ILSVRC2012_val_00017184_with_ILSVRC2012_val_00030654_rank193,983,894,0.2168,333
ILSVRC2012_val_00017184_with_ILSVRC2012_val_00013579_rank007,955,955,0.33945,0
ILSVRC2012_val_00017184_with_ILSVRC2012_val_00018398_rank304,53,526,0.19069,256
ILSVRC2012_val_00017184_with_ILSVRC2012_val_00010618_rank249,141,141,0.8371,0
ILSVRC2012_val_00017184_with_ILSVRC2012_val_00018855_rank141,110,470,0.14939,797
ILSVRC2012_val_00017184_with_ILSVRC2012_val_00013414_rank998,246,208,0.21503,12
ILSVRC2012_val_00017184_with_ILSVRC2012_val_00015244_rank413,161,161,0.29067,0
ILSVRC2012_val_00017184_with_ILSVRC2012_val_00007906_rank627,186,186,0.62817,0
ILSVRC2012_val_00017184_with_ILSVRC2012_val_00041538_rank747,331,331,0.30158,0
ILSVRC2012_val_00017184_with_ILSVRC2012_val_00033510_rank396,143,143,0.34708,0
ILSVRC2012_val_00017184_with_ILSVRC2012_val_00002027_rank136,318,318,0.61177,0
ILSVRC2012_val_00017184_with_ILSVRC2012_val_00003981_rank615,79,749,0.50805,99
ILSVRC2012_val_00017184_with_ILSVRC2012_val_00031087_rank619,686,896,0.24617,195
ILSVRC2012_val_00017184_with_ILSVRC2012_val_00002882_rank929,256,197,0.51401,6
ILSVRC2012_val_00017184_with_ILSVRC2012_val_00027658_rank717,461,461,0.67107,0
ILSVRC2012_val_00017184_with_ILSVRC2012_val_00008425_rank570,427,427,0.87734,0
ILSVRC2012_val_00017184_with_ILSVRC2012_val_00003449_rank708,277,277,0.87713,0
ILSVRC2012_val_00017184_with_ILSVRC2012_val_00006694_rank178,29,29,0.91045,0
ILSVRC2012_val_00017184_with_ILSVRC2012_val_00045207_rank909,168,178,0.66546,19
ILSVRC2012_val_00017184_with_ILSVRC2012_val_00009552_rank673,660,896,0.16022,404
ILSVRC2012_val_00017184_with_ILSVRC2012_val_00023027_rank811,178,246,0.51996,5
ILSVRC2012_val_00017184_with_ILSVRC2012_val_00020445_rank839,683,683,0.3684,0
ILSVRC2012_val_00017184_with_ILSVRC2012_val_00002054_rank084,932,415,0.16642,4
ILSVRC2012_val_00017184_with_ILSVRC2012_val_00048460_rank824,880,896,0.74512,433
ILSVRC2012_val_00017184_with_ILSVRC2012_val_00016933_rank604,756,849,0.68427,54
ILSVRC2012_val_00017184_with_ILSVRC2012_val_00005208_rank540,76,896,0.71554,574
ILSVRC2012_val_00017184_with_ILSVRC2012_val_00013617_rank121,72,896,0.3001,731
ILSVRC2012_val_00017184_with_ILSVRC2012_val_00004492_rank873,625,896,0.5984,322
ILSVRC2012_val_00017184_with_ILSVRC2012_val_00008682_rank529,375,375,0.85598,0
ILSVRC2012_val_00017184_with_ILSVRC2012_val_00017639_rank150,142,142,0.88747,0
ILSVRC2012_val_00017184_with_ILSVRC2012_val_00049363_rank775,888,896,0.77912,257
ILSVRC2012_val_00017184_with_ILSVRC2012_val_00010602_rank841,51,894,0.06866,491
ILSVRC2012_val_00017184_with_ILSVRC2012_val_00024744_rank829,299,299,0.62846,0
ILSVRC2012_val_00017184_with_ILSVRC2012_val_00026731_rank229,542,896,0.21654,537
ILSVRC2012_val_00017184_with_ILSVRC2012_val_00014647_rank995,544,544,0.91333,0
ILSVRC2012_val_00017184_with_ILSVRC2012_val_00027300_rank949,104,285,0.0765,92
ILSVRC2012_val_00017184_with_ILSVRC2012_val_00013583_rank730,232,151,0.52576,45
ILSVRC2012_val_00017184_with_ILSVRC2012_val_00001099_rank644,377,684,0.09585,603
ILSVRC2012_val_00017184_with_ILSVRC2012_val_00022283_rank728,280,280,0.51541,0
ILSVRC2012_val_00017184_with_ILSVRC2012_val_00035704_rank879,261,261,0.87648,0
ILSVRC2012_val_00017184_with_ILSVRC2012_val_00026336_rank934,812,749,0.26827,636
ILSVRC2012_val_00017184_with_ILSVRC2012_val_00021488_rank689,388,388,0.88409,0
ILSVRC2012_val_00017184_with_ILSVRC2012_val_00003605_rank189,7,876,0.1519,481
ILSVRC2012_val_00017184_with_ILSVRC2012_val_00025655_rank748,164,227,0.06645,14
ILSVRC2012_val_00017184_with_ILSVRC2012_val_00029365_rank185,132,134,0.34797,3
ILSVRC2012_val_00017184_with_ILSVRC2012_val_00004847_rank462,835,894,0.27089,967
ILSVRC2012_val_00017184_with_ILSVRC2012_val_00014468_rank650,38,38,0.84341,0
ILSVRC2012_val_00017184_with_ILSVRC2012_val_00028742_rank678,257,249,0.40208,3
ILSVRC2012_val_00017184_with_ILSVRC2012_val_00007367_rank947,198,233,0.90493,3
ILSVRC2012_val_00017184_with_ILSVRC2012_val_00030618_rank721,23,103,0.33457,386
ILSVRC2012_val_00017184_with_ILSVRC2012_val_00015466_rank870,568,568,0.1991,0
ILSVRC2012_val_00017184_with_ILSVRC2012_val_00032331_rank188,721,721,0.36696,0
ILSVRC2012_val_00017184_with_ILSVRC2012_val_00047121_rank105,20,20,0.82028,0
ILSVRC2012_val_00017184_with_ILSVRC2012_val_00028106_rank424,836,896,0.3539,493
ILSVRC2012_val_00017184_with_ILSVRC2012_val_00021808_rank043,308,896,0.49142,900
ILSVRC2012_val_00017184_with_ILSVRC2012_val_00008164_rank149,973,896,0.65288,951
ILSVRC2012_val_00017184_with_ILSVRC2012_val_00042319_rank648,209,178,0.15355,3
ILSVRC2012_val_00017184_with_ILSVRC2012_val_00011766_rank622,35,36,0.17785,2
ILSVRC2012_val_00017184_with_ILSVRC2012_val_00038585_rank940,741,741,0.54448,0
ILSVRC2012_val_00017184_with_ILSVRC2012_val_00045798_rank254,779,779,0.80939,0
ILSVRC2012_val_00017184_with_ILSVRC2012_val_00001119_rank711,551,828,0.27609,427
ILSVRC2012_val_00017184_with_ILSVRC2012_val_00030300_rank156,25,25,0.66976,0
ILSVRC2012_val_00017184_with_ILSVRC2012_val_00006756_rank002,950,950,0.84984,0
ILSVRC2012_val_00017184_with_ILSVRC2012_val_00041692_rank756,579,579,0.90024,0
ILSVRC2012_val_00017184_with_ILSVRC2012_val_00048216_rank933,559,532,0.47165,2
ILSVRC2012_val_00017184_with_ILSVRC2012_val_00020106_rank189,7,7,0.86838,0
ILSVRC2012_val_00017184_with_ILSVRC2012_val_00048653_rank768,843,788,0.46935,784
ILSVRC2012_val_00017184_with_ILSVRC2012_val_00047342_rank833,250,250,0.58177,0
ILSVRC2012_val_00017184_with_ILSVRC2012_val_00034051_rank022,392,392,0.60491,0
ILSVRC2012_val_00017184_with_ILSVRC2012_val_00030719_rank020,55,55,0.51526,0
ILSVRC2012_val_00017184_with_ILSVRC2012_val_00026433_rank142,809,532,0.17759,54
ILSVRC2012_val_00017184_with_ILSVRC2012_val_00046890_rank473,651,651,0.7488,0
ILSVRC2012_val_00017184_with_ILSVRC2012_val_00021345_rank124,84,896,0.31383,858
ILSVRC2012_val_00017184_with_ILSVRC2012_val_00036452_rank418,680,680,0.34747,0
ILSVRC2012_val_00017184_with_ILSVRC2012_val_00012062_rank849,432,896,0.45439,864
ILSVRC2012_val_00017184_with_ILSVRC2012_val_00007982_rank492,488,894,0.12223,760
ILSVRC2012_val_00017184_with_ILSVRC2012_val_00041586_rank295,578,896,0.33751,267
ILSVRC2012_val_00017184_with_ILSVRC2012_val_00034688_rank136,318,896,0.30027,672
ILSVRC2012_val_00017184_with_ILSVRC2012_val_00039360_rank053,326,326,0.68159,0
ILSVRC2012_val_00017184_with_ILSVRC2012_val_00004640_rank306,994,788,0.40594,464
ILSVRC2012_val_00017184_with_ILSVRC2012_val_00019839_rank960,602,896,0.32925,952
ILSVRC2012_val_00017184_with_ILSVRC2012_val_00049008_rank490,587,896,0.61976,84
ILSVRC2012_val_00017184_with_ILSVRC2012_val_00004993_rank501,430,731,0.07499,66
ILSVRC2012_val_00017184_with_ILSVRC2012_val_00008284_rank710,239,239,0.82493,0
ILSVRC2012_val_00017184_with_ILSVRC2012_val_00027628_rank881,708,708,0.24361,0
ILSVRC2012_val_00017184_with_ILSVRC2012_val_00034571_rank413,161,161,0.5332,0
ILSVRC2012_val_00017184_with_ILSVRC2012_val_00036397_rank422,381,381,0.33817,0
ILSVRC2012_val_00017184_with_ILSVRC2012_val_00043407_rank053,326,326,0.81888,0
ILSVRC2012_val_00017184_with_ILSVRC2012_val_00006660_rank695,507,896,0.73902,139
ILSVRC2012_val_00017184_with_ILSVRC2012_val_00000658_rank879,261,261,0.3784,0
ILSVRC2012_val_00017184_with_ILSVRC2012_val_00029069_rank341,78,894,0.3115,610
ILSVRC2012_val_00017184_with_ILSVRC2012_val_00003623_rank789,234,234,0.55467,0
ILSVRC2012_val_00017184_with_ILSVRC2012_val_00016454_rank099,738,861,0.20397,222
ILSVRC2012_val_00017184_with_ILSVRC2012_val_00005662_rank567,235,235,0.8699,0
ILSVRC2012_val_00017184_with_ILSVRC2012_val_00041752_rank037,441,899,0.26364,27
ILSVRC2012_val_00017184_with_ILSVRC2012_val_00005880_rank535,329,112,0.58619,18
ILSVRC2012_val_00017184_with_ILSVRC2012_val_00003105_rank311,794,794,0.84114,0
ILSVRC2012_val_00017184_with_ILSVRC2012_val_00030223_rank508,434,434,0.74357,0
ILSVRC2012_val_00017184_with_ILSVRC2012_val_00003748_rank147,30,30,0.85352,0
ILSVRC2012_val_00017184_with_ILSVRC2012_val_00027210_rank082,722,722,0.31829,0
ILSVRC2012_val_00017184_with_ILSVRC2012_val_00041196_rank780,804,711,0.36566,5
ILSVRC2012_val_00017184_with_ILSVRC2012_val_00013115_rank050,923,532,0.06836,27
ILSVRC2012_val_00017184_with_ILSVRC2012_val_00029803_rank233,478,154,0.8965,383
ILSVRC2012_val_00017184_with_ILSVRC2012_val_00041824_rank405,999,700,0.44226,1
ILSVRC2012_val_00017184_with_ILSVRC2012_val_00014578_rank482,371,371,0.84312,0
ILSVRC2012_val_00017184_with_ILSVRC2012_val_00036650_rank476,33,608,0.24112,842
ILSVRC2012_val_00017184_with_ILSVRC2012_val_00002445_rank900,807,545,0.23575,49
ILSVRC2012_val_00017184_with_ILSVRC2012_val_00039254_rank619,686,427,0.86449,5
ILSVRC2012_val_00017184_with_ILSVRC2012_val_00048463_rank156,25,28,0.50467,1
ILSVRC2012_val_00017184_with_ILSVRC2012_val_00020247_rank855,863,896,0.34836,402
ILSVRC2012_val_00017184_with_ILSVRC2012_val_00044166_rank203,808,808,0.41221,0
ILSVRC2012_val_00017184_with_ILSVRC2012_val_00013256_rank180,129,129,0.44119,0
ILSVRC2012_val_00017184_with_ILSVRC2012_val_00019017_rank572,419,896,0.26046,867
ILSVRC2012_val_00017184_with_ILSVRC2012_val_00009514_rank984,755,755,0.63637,0
ILSVRC2012_val_00017184_with_ILSVRC2012_val_00012605_rank664,182,254,0.45845,23
ILSVRC2012_val_00017184_with_ILSVRC2012_val_00040873_rank500,462,462,0.56818,0
ILSVRC2012_val_00017184_with_ILSVRC2012_val_00036786_rank591,681,594,0.71193,128
ILSVRC2012_val_00017184_with_ILSVRC2012_val_00010515_rank289,591,894,0.13812,114
ILSVRC2012_val_00017184_with_ILSVRC2012_val_00039735_rank680,792,526,0.50925,914
ILSVRC2012_val_00017184_with_ILSVRC2012_val_00040952_rank828,240,238,0.50516,2
ILSVRC2012_val_00017184_with_ILSVRC2012_val_00001202_rank877,477,896,0.21241,794
ILSVRC2012_val_00017184_with_ILSVRC2012_val_00006732_rank523,597,589,0.14461,80
ILSVRC2012_val_00017184_with_ILSVRC2012_val_00030621_rank647,795,896,0.60933,496
ILSVRC2012_val_00017184_with_ILSVRC2012_val_00003859_rank238,125,112,0.41662,2
ILSVRC2012_val_00017184_with_ILSVRC2012_val_00036496_rank877,477,778,0.29041,277
ILSVRC2012_val_00017184_with_ILSVRC2012_val_00046158_rank467,166,162,0.64137,3
ILSVRC2012_val_00017184_with_ILSVRC2012_val_00011815_rank144,604,604,0.90739,0
ILSVRC2012_val_00017184_with_ILSVRC2012_val_00004743_rank179,898,440,0.21539,4
ILSVRC2012_val_00017184_with_ILSVRC2012_val_00016819_rank901,805,805,0.8504,0
ILSVRC2012_val_00017184_with_ILSVRC2012_val_00019219_rank971,223,223,0.38729,0
ILSVRC2012_val_00017184_with_ILSVRC2012_val_00006135_rank491,633,622,0.49148,2
ILSVRC2012_val_00017184_with_ILSVRC2012_val_00035209_rank452,121,118,0.07288,1
ILSVRC2012_val_00017184_with_ILSVRC2012_val_00017914_rank223,588,588,0.1512,0
ILSVRC2012_val_00017184_with_ILSVRC2012_val_00003111_rank460,909,567,0.60108,1
ILSVRC2012_val_00017184_with_ILSVRC2012_val_00010222_rank953,177,896,0.07692,760
ILSVRC2012_val_00017184_with_ILSVRC2012_val_00048758_rank780,804,894,0.27222,271
ILSVRC2012_val_00017184_with_ILSVRC2012_val_00035183_rank287,99,99,0.82917,0
ILSVRC2012_val_00017184_with_ILSVRC2012_val_00043946_rank262,814,744,0.38382,123
ILSVRC2012_val_00017184_with_ILSVRC2012_val_00014470_rank188,721,896,0.11814,486
ILSVRC2012_val_00017184_with_ILSVRC2012_val_00041101_rank722,684,684,0.91807,0
ILSVRC2012_val_00017184_with_ILSVRC2012_val_00002743_rank655,123,896,0.20295,718
ILSVRC2012_val_00017184_with_ILSVRC2012_val_00010031_rank724,184,184,0.55509,0
ILSVRC2012_val_00017184_with_ILSVRC2012_val_00036206_rank635,739,883,0.45134,57
ILSVRC2012_val_00017184_with_ILSVRC2012_val_00011974_rank973,422,422,0.44516,0
ILSVRC2012_val_00017184_with_ILSVRC2012_val_00003707_rank094,89,896,0.1656,672
ILSVRC2012_val_00017184_with_ILSVRC2012_val_00045870_rank175,641,747,0.48157,5
ILSVRC2012_val_00017184_with_ILSVRC2012_val_00007653_rank406,890,890,0.4592,0
ILSVRC2012_val_00017184_with_ILSVRC2012_val_00049235_rank778,80,18,0.79848,7
ILSVRC2012_val_00017184_with_ILSVRC2012_val_00010964_rank029,984,896,0.61299,888
ILSVRC2012_val_00017184_with_ILSVRC2012_val_00010952_rank071,307,307,0.83307,0
ILSVRC2012_val_00017184_with_ILSVRC2012_val_00019761_rank767,674,545,0.49085,93
ILSVRC2012_val_00017184_with_ILSVRC2012_val_00000424_rank915,160,160,0.65507,0
ILSVRC2012_val_00017184_with_ILSVRC2012_val_00037973_rank452,121,894,0.29592,814
ILSVRC2012_val_00017184_with_ILSVRC2012_val_00047920_rank372,106,106,0.09516,0
ILSVRC2012_val_00017184_with_ILSVRC2012_val_00007868_rank905,786,786,0.85974,0
ILSVRC2012_val_00017184_with_ILSVRC2012_val_00018296_rank895,152,894,0.15204,326
ILSVRC2012_val_00017184_with_ILSVRC2012_val_00004829_rank901,805,896,0.35237,961
ILSVRC2012_val_00017184_with_ILSVRC2012_val_00001473_rank907,344,367,0.22735,24
ILSVRC2012_val_00017184_with_ILSVRC2012_val_00003756_rank375,482,485,0.24985,3
ILSVRC2012_val_00017184_with_ILSVRC2012_val_00012650_rank371,759,622,0.21817,2
ILSVRC2012_val_00017184_with_ILSVRC2012_val_00015756_rank494,69,69,0.88056,0
ILSVRC2012_val_00017184_with_ILSVRC2012_val_00010243_rank286,618,894,0.16926,544
ILSVRC2012_val_00017184_with_ILSVRC2012_val_00043128_rank612,649,894,0.40489,692
ILSVRC2012_val_00017184_with_ILSVRC2012_val_00043284_rank843,565,651,0.09779,297
ILSVRC2012_val_00017184_with_ILSVRC2012_val_00046683_rank971,223,896,0.07873,856
ILSVRC2012_val_00017184_with_ILSVRC2012_val_00014825_rank703,279,279,0.48741,0
ILSVRC2012_val_00017184_with_ILSVRC2012_val_00005768_rank268,32,32,0.54767,0
ILSVRC2012_val_00017184_with_ILSVRC2012_val_00047161_rank623,889,889,0.57822,0
ILSVRC2012_val_00017184_with_ILSVRC2012_val_00001289_rank878,423,423,0.50531,0
ILSVRC2012_val_00017184_with_ILSVRC2012_val_00030709_rank331,549,620,0.23418,41
ILSVRC2012_val_00017184_with_ILSVRC2012_val_00000867_rank613,265,185,0.22699,38
ILSVRC2012_val_00017184_with_ILSVRC2012_val_00045023_rank641,481,446,0.24489,10
ILSVRC2012_val_00017184_with_ILSVRC2012_val_00048658_rank372,106,103,0.3685,16
ILSVRC2012_val_00017184_with_ILSVRC2012_val_00035617_rank056,599,599,0.57957,0
ILSVRC2012_val_00017184_with_ILSVRC2012_val_00032104_rank040,31,31,0.79272,0
ILSVRC2012_val_00017184_with_ILSVRC2012_val_00005174_rank565,201,201,0.65638,0
ILSVRC2012_val_00017184_with_ILSVRC2012_val_00042699_rank515,278,278,0.75619,0
ILSVRC2012_val_00017184_with_ILSVRC2012_val_00025997_rank820,726,896,0.10588,218
ILSVRC2012_val_00017184_with_ILSVRC2012_val_00014296_rank422,381,285,0.08813,403
ILSVRC2012_val_00017184_with_ILSVRC2012_val_00009984_rank638,208,208,0.91092,0
ILSVRC2012_val_00017184_with_ILSVRC2012_val_00021374_rank335,504,504,0.32847,0
ILSVRC2012_val_00017184_with_ILSVRC2012_val_00007260_rank428,603,603,0.13599,0
ILSVRC2012_val_00017184_with_ILSVRC2012_val_00030951_rank511,295,295,0.894,0
ILSVRC2012_val_00017184_with_ILSVRC2012_val_00049936_rank554,391,896,0.40952,375
ILSVRC2012_val_00017184_with_ILSVRC2012_val_00039932_rank672,487,896,0.40161,280
ILSVRC2012_val_00017184_with_ILSVRC2012_val_00019879_rank916,797,797,0.66562,0
ILSVRC2012_val_00017184_with_ILSVRC2012_val_00018618_rank444,44,41,0.19349,1
ILSVRC2012_val_00017184_with_ILSVRC2012_val_00026621_rank680,792,896,0.36782,543
ILSVRC2012_val_00017184_with_ILSVRC2012_val_00034130_rank409,294,294,0.29816,0
ILSVRC2012_val_00017184_with_ILSVRC2012_val_00020884_rank387,534,534,0.48831,0
ILSVRC2012_val_00017184_with_ILSVRC2012_val_00019415_rank269,259,259,0.87746,0
ILSVRC2012_val_00017184_with_ILSVRC2012_val_00008839_rank632,486,889,0.69747,1
ILSVRC2012_val_00017184_with_ILSVRC2012_val_00003717_rank593,501,896,0.22758,620
ILSVRC2012_val_00017184_with_ILSVRC2012_val_00029435_rank714,183,197,0.7482,2
ILSVRC2012_val_00017184_with_ILSVRC2012_val_00041716_rank025,987,998,0.3041,1
ILSVRC2012_val_00017184_with_ILSVRC2012_val_00043648_rank511,295,295,0.86838,0
ILSVRC2012_val_00017184_with_ILSVRC2012_val_00047490_rank246,417,532,0.64403,245
ILSVRC2012_val_00017184_with_ILSVRC2012_val_00021629_rank005,940,940,0.18932,0
ILSVRC2012_val_00017184_with_ILSVRC2012_val_00026892_rank081,883,831,0.77094,314
ILSVRC2012_val_00017184_with_ILSVRC2012_val_00046614_rank134,438,720,0.53697,6
ILSVRC2012_val_00017184_with_ILSVRC2012_val_00020496_rank397,893,632,0.19966,91
ILSVRC2012_val_00017184_with_ILSVRC2012_val_00014248_rank555,102,102,0.56796,0
ILSVRC2012_val_00017184_with_ILSVRC2012_val_00021214_rank417,253,253,0.94803,0
ILSVRC2012_val_00017184_with_ILSVRC2012_val_00010876_rank496,399,399,0.84928,0
ILSVRC2012_val_00017184_with_ILSVRC2012_val_00038454_rank412,122,896,0.40415,387
ILSVRC2012_val_00017184_with_ILSVRC2012_val_00012384_rank115,382,382,0.58725,0
ILSVRC2012_val_00017184_with_ILSVRC2012_val_00010081_rank973,422,896,0.48201,829
ILSVRC2012_val_00017184_with_ILSVRC2012_val_00033692_rank320,520,896,0.67865,163
ILSVRC2012_val_00017184_with_ILSVRC2012_val_00007101_rank813,665,894,0.17184,494
ILSVRC2012_val_00017184_with_ILSVRC2012_val_00038580_rank770,200,204,0.48978,1
ILSVRC2012_val_00017184_with_ILSVRC2012_val_00036952_rank280,886,886,0.57748,0
ILSVRC2012_val_00017184_with_ILSVRC2012_val_00048913_rank121,72,896,0.20817,731
ILSVRC2012_val_00017184_with_ILSVRC2012_val_00043305_rank351,159,246,0.3837,7
ILSVRC2012_val_00017184_with_ILSVRC2012_val_00009151_rank241,108,896,0.52502,791
ILSVRC2012_val_00017184_with_ILSVRC2012_val_00012503_rank206,0,894,0.30114,723
ILSVRC2012_val_00017184_with_ILSVRC2012_val_00012530_rank904,148,894,0.14214,508
ILSVRC2012_val_00017184_with_ILSVRC2012_val_00046307_rank118,92,894,0.31092,524
ILSVRC2012_val_00017184_with_ILSVRC2012_val_00032086_rank304,53,882,0.26436,631
ILSVRC2012_val_00017184_with_ILSVRC2012_val_00032748_rank712,747,747,0.43943,0
ILSVRC2012_val_00017184_with_ILSVRC2012_val_00047500_rank747,331,331,0.84509,0
ILSVRC2012_val_00017184_with_ILSVRC2012_val_00017144_rank004,954,954,0.85432,0
ILSVRC2012_val_00017184_with_ILSVRC2012_val_00037642_rank373,149,744,0.41319,57
ILSVRC2012_val_00017184_with_ILSVRC2012_val_00015374_rank258,65,65,0.68362,0
ILSVRC2012_val_00017184_with_ILSVRC2012_val_00005746_rank442,263,263,0.72677,0
ILSVRC2012_val_00017184_with_ILSVRC2012_val_00024506_rank344,746,746,0.26178,0
ILSVRC2012_val_00017184_with_ILSVRC2012_val_00025158_rank006,952,952,0.51008,0
ILSVRC2012_val_00017184_with_ILSVRC2012_val_00043849_rank916,797,797,0.64034,0
ILSVRC2012_val_00017184_with_ILSVRC2012_val_00005283_rank737,241,176,0.35837,25
ILSVRC2012_val_00017184_with_ILSVRC2012_val_00046863_rank395,859,636,0.27064,136
ILSVRC2012_val_00017184_with_ILSVRC2012_val_00033241_rank513,297,295,0.55514,1
ILSVRC2012_val_00017184_with_ILSVRC2012_val_00038335_rank735,158,158,0.39547,0
ILSVRC2012_val_00017184_with_ILSVRC2012_val_00027763_rank567,235,174,0.49119,2
ILSVRC2012_val_00017184_with_ILSVRC2012_val_00004588_rank588,552,552,0.86444,0
ILSVRC2012_val_00017184_with_ILSVRC2012_val_00042766_rank397,893,893,0.5686,0
ILSVRC2012_val_00017184_with_ILSVRC2012_val_00033343_rank230,97,144,0.11053,9
ILSVRC2012_val_00017184_with_ILSVRC2012_val_00008311_rank413,161,161,0.78674,0
ILSVRC2012_val_00017184_with_ILSVRC2012_val_00009081_rank696,337,532,0.1373,685
ILSVRC2012_val_00017184_with_ILSVRC2012_val_00045867_rank647,795,896,0.35661,496
ILSVRC2012_val_00017184_with_ILSVRC2012_val_00046328_rank995,544,896,0.36041,511
ILSVRC2012_val_00017184_with_ILSVRC2012_val_00005593_rank013,943,945,0.51282,2
ILSVRC2012_val_00017184_with_ILSVRC2012_val_00003527_rank645,475,475,0.66817,0
ILSVRC2012_val_00017184_with_ILSVRC2012_val_00026032_rank246,417,797,0.77969,56
ILSVRC2012_val_00017184_with_ILSVRC2012_val_00030760_rank634,874,740,0.15015,909
ILSVRC2012_val_00017184_with_ILSVRC2012_val_00042834_rank847,271,225,0.20691,13
ILSVRC2012_val_00017184_with_ILSVRC2012_val_00039767_rank810,374,368,0.48438,4
ILSVRC2012_val_00017184_with_ILSVRC2012_val_00009952_rank746,546,546,0.88028,0
ILSVRC2012_val_00017184_with_ILSVRC2012_val_00037690_rank039,937,937,0.83631,0
ILSVRC2012_val_00017184_with_ILSVRC2012_val_00031769_rank687,367,223,0.33979,44
ILSVRC2012_val_00017184_with_ILSVRC2012_val_00043254_rank728,280,87,0.32897,432
ILSVRC2012_val_00017184_with_ILSVRC2012_val_00017474_rank438,612,612,0.6457,0
ILSVRC2012_val_00017184_with_ILSVRC2012_val_00023541_rank738,179,894,0.14582,526
ILSVRC2012_val_00017184_with_ILSVRC2012_val_00008563_rank487,473,745,0.59832,104
ILSVRC2012_val_00017184_with_ILSVRC2012_val_00020216_rank858,233,233,0.60778,0
ILSVRC2012_val_00017184_with_ILSVRC2012_val_00013497_rank211,992,896,0.39683,898
ILSVRC2012_val_00017184_with_ILSVRC2012_val_00045757_rank632,486,486,0.61012,0
ILSVRC2012_val_00017184_with_ILSVRC2012_val_00007191_rank359,834,896,0.12069,191
ILSVRC2012_val_00017184_with_ILSVRC2012_val_00037905_rank933,559,559,0.49281,0
ILSVRC2012_val_00017184_with_ILSVRC2012_val_00040923_rank854,385,896,0.2021,652
ILSVRC2012_val_00017184_with_ILSVRC2012_val_00016312_rank234,351,353,0.33597,2
ILSVRC2012_val_00017184_with_ILSVRC2012_val_00041339_rank543,230,157,0.66157,2
ILSVRC2012_val_00017184_with_ILSVRC2012_val_00031331_rank673,660,492,0.33113,647
ILSVRC2012_val_00017184_with_ILSVRC2012_val_00043221_rank381,36,36,0.47117,0
ILSVRC2012_val_00017184_with_ILSVRC2012_val_00013063_rank235,402,731,0.57737,866
ILSVRC2012_val_00017184_with_ILSVRC2012_val_00013652_rank193,983,532,0.36845,480
ILSVRC2012_val_00017184_with_ILSVRC2012_val_00036251_rank059,301,787,0.5583,971
ILSVRC2012_val_00017184_with_ILSVRC2012_val_00010163_rank745,156,156,0.23411,0
ILSVRC2012_val_00017184_with_ILSVRC2012_val_00005172_rank178,29,87,0.50425,175
ILSVRC2012_val_00017184_with_ILSVRC2012_val_00020097_rank373,149,896,0.1548,459
ILSVRC2012_val_00017184_with_ILSVRC2012_val_00012464_rank777,703,703,0.27596,0
ILSVRC2012_val_00017184_with_ILSVRC2012_val_00000077_rank351,159,159,0.59399,0
ILSVRC2012_val_00017184_with_ILSVRC2012_val_00049202_rank807,347,532,0.27397,695
ILSVRC2012_val_00017184_with_ILSVRC2012_val_00028125_rank106,723,723,0.76032,0
ILSVRC2012_val_00017184_with_ILSVRC2012_val_00030599_rank398,628,628,0.28191,0
ILSVRC2012_val_00017184_with_ILSVRC2012_val_00039549_rank207,818,894,0.32251,337
ILSVRC2012_val_00017184_with_ILSVRC2012_val_00003958_rank407,353,353,0.18675,0
ILSVRC2012_val_00017184_with_ILSVRC2012_val_00026178_rank150,142,142,0.83831,0
ILSVRC2012_val_00017184_with_ILSVRC2012_val_00044921_rank154,22,87,0.88542,43
ILSVRC2012_val_00017184_with_ILSVRC2012_val_00044067_rank100,622,622,0.53332,0
ILSVRC2012_val_00017184_with_ILSVRC2012_val_00029720_rank272,760,896,0.28169,70
ILSVRC2012_val_00017184_with_ILSVRC2012_val_00001302_rank975,238,240,0.44316,3
ILSVRC2012_val_00017184_with_ILSVRC2012_val_00038271_rank799,768,896,0.28234,856
ILSVRC2012_val_00017184_with_ILSVRC2012_val_00013895_rank865,345,896,0.38491,781
ILSVRC2012_val_00017184_with_ILSVRC2012_val_00029840_rank885,606,606,0.8818,0
ILSVRC2012_val_00017184_with_ILSVRC2012_val_00045479_rank499,338,338,0.71091,0
ILSVRC2012_val_00017184_with_ILSVRC2012_val_00009273_rank554,391,894,0.6236,714
ILSVRC2012_val_00017184_with_ILSVRC2012_val_00024884_rank217,13,13,0.82894,0
ILSVRC2012_val_00017184_with_ILSVRC2012_val_00031741_rank554,391,391,0.78783,0
ILSVRC2012_val_00017184_with_ILSVRC2012_val_00035882_rank387,534,534,0.89242,0
ILSVRC2012_val_00017184_with_ILSVRC2012_val_00011863_rank103,964,930,0.62235,2
ILSVRC2012_val_00017184_with_ILSVRC2012_val_00039805_rank530,770,770,0.67833,0
ILSVRC2012_val_00017184_with_ILSVRC2012_val_00001189_rank022,392,392,0.81815,0
ILSVRC2012_val_00017184_with_ILSVRC2012_val_00000860_rank483,81,894,0.47909,540
ILSVRC2012_val_00017184_with_ILSVRC2012_val_00010974_rank160,333,333,0.86624,0
ILSVRC2012_val_00017184_with_ILSVRC2012_val_00045629_rank076,728,896,0.25229,646
ILSVRC2012_val_00017184_with_ILSVRC2012_val_00034308_rank013,943,896,0.36021,944
ILSVRC2012_val_00017184_with_ILSVRC2012_val_00018549_rank575,709,894,0.37231,90
ILSVRC2012_val_00017184_with_ILSVRC2012_val_00043120_rank259,958,958,0.31754,0
ILSVRC2012_val_00017184_with_ILSVRC2012_val_00019455_rank299,635,778,0.39259,16
ILSVRC2012_val_00017184_with_ILSVRC2012_val_00045227_rank045,309,303,0.1489,16
ILSVRC2012_val_00017184_with_ILSVRC2012_val_00049004_rank953,177,177,0.85535,0
ILSVRC2012_val_00017184_with_ILSVRC2012_val_00029851_rank491,633,69,0.31636,224
ILSVRC2012_val_00017184_with_ILSVRC2012_val_00018703_rank727,203,34,0.21594,522
ILSVRC2012_val_00017184_with_ILSVRC2012_val_00043181_rank479,127,87,0.85328,56
ILSVRC2012_val_00017184_with_ILSVRC2012_val_00000116_rank024,959,959,0.8781,0
ILSVRC2012_val_00017184_with_ILSVRC2012_val_00041302_rank989,731,731,0.38792,0
ILSVRC2012_val_00017184_with_ILSVRC2012_val_00047823_rank388,352,353,0.7517,1
ILSVRC2012_val_00017184_with_ILSVRC2012_val_00008948_rank240,714,787,0.5251,79
ILSVRC2012_val_00017184_with_ILSVRC2012_val_00021972_rank283,457,894,0.24102,141
ILSVRC2012_val_00017184_with_ILSVRC2012_val_00017720_rank277,448,448,0.89911,0
ILSVRC2012_val_00017184_with_ILSVRC2012_val_00044584_rank555,102,102,0.74904,0
ILSVRC2012_val_00017184_with_ILSVRC2012_val_00011887_rank569,841,841,0.16389,0
ILSVRC2012_val_00017184_with_ILSVRC2012_val_00029641_rank407,353,51,0.7248,192
ILSVRC2012_val_00017184_with_ILSVRC2012_val_00005155_rank700,362,103,0.71521,16
ILSVRC2012_val_00017184_with_ILSVRC2012_val_00028216_rank699,677,896,0.11896,298
ILSVRC2012_val_00017184_with_ILSVRC2012_val_00017899_rank178,29,896,0.32582,249
ILSVRC2012_val_00017184_with_ILSVRC2012_val_00001805_rank931,466,894,0.13811,631
ILSVRC2012_val_00017184_with_ILSVRC2012_val_00038641_rank177,679,896,0.47651,207
ILSVRC2012_val_00017184_with_ILSVRC2012_val_00014754_rank194,550,550,0.9183,0
ILSVRC2012_val_00017184_with_ILSVRC2012_val_00003645_rank320,520,526,0.67017,17
ILSVRC2012_val_00017184_with_ILSVRC2012_val_00042850_rank922,357,87,0.21472,434
ILSVRC2012_val_00017184_with_ILSVRC2012_val_00023655_rank670,348,348,0.74387,0
ILSVRC2012_val_00017184_with_ILSVRC2012_val_00024921_rank687,367,894,0.34036,931
ILSVRC2012_val_00017184_with_ILSVRC2012_val_00033373_rank126,109,846,0.12768,745
ILSVRC2012_val_00017184_with_ILSVRC2012_val_00038013_rank418,680,532,0.1529,444
ILSVRC2012_val_00017184_with_ILSVRC2012_val_00023644_rank976,862,896,0.56243,904
ILSVRC2012_val_00017184_with_ILSVRC2012_val_00025729_rank465,300,896,0.33927,936
ILSVRC2012_val_00017184_with_ILSVRC2012_val_00014283_rank633,199,199,0.39028,0
ILSVRC2012_val_00017184_with_ILSVRC2012_val_00035318_rank425,682,896,0.35129,276
ILSVRC2012_val_00017184_with_ILSVRC2012_val_00013387_rank929,256,256,0.79561,0
ILSVRC2012_val_00017184_with_ILSVRC2012_val_00022136_rank869,414,894,0.32338,104
ILSVRC2012_val_00017184_with_ILSVRC2012_val_00012174_rank214,784,894,0.33108,311
ILSVRC2012_val_00017184_with_ILSVRC2012_val_00015120_rank393,118,643,0.06668,672
ILSVRC2012_val_00017184_with_ILSVRC2012_val_00016400_rank939,611,894,0.49018,168
ILSVRC2012_val_00017184_with_ILSVRC2012_val_00005339_rank436,4,894,0.32298,454
ILSVRC2012_val_00017184_with_ILSVRC2012_val_00000367_rank366,592,896,0.13617,290
ILSVRC2012_val_00017184_with_ILSVRC2012_val_00042269_rank619,686,686,0.82872,0
ILSVRC2012_val_00017184_with_ILSVRC2012_val_00000217_rank092,16,16,0.86775,0
ILSVRC2012_val_00017184_with_ILSVRC2012_val_00037708_rank166,910,896,0.31906,205
ILSVRC2012_val_00017184_with_ILSVRC2012_val_00008428_rank145,376,376,0.88,0
ILSVRC2012_val_00017184_with_ILSVRC2012_val_00012673_rank785,472,896,0.69797,793
ILSVRC2012_val_00017184_with_ILSVRC2012_val_00048897_rank123,379,379,0.61566,0
ILSVRC2012_val_00017184_with_ILSVRC2012_val_00037133_rank208,296,296,0.58366,0
ILSVRC2012_val_00017184_with_ILSVRC2012_val_00000587_rank549,905,896,0.41647,152
ILSVRC2012_val_00017184_with_ILSVRC2012_val_00033775_rank565,201,185,0.25867,5
ILSVRC2012_val_00017184_with_ILSVRC2012_val_00009873_rank603,701,929,0.19052,222
ILSVRC2012_val_00017184_with_ILSVRC2012_val_00028225_rank040,31,948,0.1215,71
ILSVRC2012_val_00017184_with_ILSVRC2012_val_00013055_rank969,764,896,0.47171,509
ILSVRC2012_val_00017184_with_ILSVRC2012_val_00031367_rank876,596,596,0.63939,0
ILSVRC2012_val_00017184_with_ILSVRC2012_val_00010941_rank728,280,280,0.67691,0
ILSVRC2012_val_00017184_with_ILSVRC2012_val_00040105_rank915,160,160,0.83344,0
ILSVRC2012_val_00017184_with_ILSVRC2012_val_00045882_rank182,658,911,0.33096,4
ILSVRC2012_val_00017184_with_ILSVRC2012_val_00043361_rank548,435,896,0.31119,2
ILSVRC2012_val_00017184_with_ILSVRC2012_val_00048085_rank927,524,896,0.10549,660
ILSVRC2012_val_00017184_with_ILSVRC2012_val_00029758_rank160,333,333,0.87277,0
ILSVRC2012_val_00017184_with_ILSVRC2012_val_00048719_rank022,392,392,0.79906,0
ILSVRC2012_val_00017184_with_ILSVRC2012_val_00032840_rank379,390,390,0.55263,0
ILSVRC2012_val_00017184_with_ILSVRC2012_val_00029243_rank238,125,125,0.89723,0
ILSVRC2012_val_00017184_with_ILSVRC2012_val_00040104_rank072,47,51,0.677,21
ILSVRC2012_val_00017184_with_ILSVRC2012_val_00020578_rank479,127,896,0.8324,693
ILSVRC2012_val_00017184_with_ILSVRC2012_val_00031903_rank059,301,301,0.59998,0
ILSVRC2012_val_00017184_with_ILSVRC2012_val_00028725_rank417,253,151,0.33999,16
ILSVRC2012_val_00017184_with_ILSVRC2012_val_00044880_rank031,988,960,0.32553,147
ILSVRC2012_val_00017184_with_ILSVRC2012_val_00000388_rank925,420,420,0.91918,0
ILSVRC2012_val_00017184_with_ILSVRC2012_val_00002137_rank558,394,896,0.18234,923
ILSVRC2012_val_00017184_with_ILSVRC2012_val_00044528_rank024,959,959,0.46676,0
ILSVRC2012_val_00017184_with_ILSVRC2012_val_00007602_rank486,395,797,0.25817,887
ILSVRC2012_val_00017184_with_ILSVRC2012_val_00036877_rank676,729,896,0.23619,18
ILSVRC2012_val_00017184_with_ILSVRC2012_val_00043814_rank041,828,896,0.26368,22
ILSVRC2012_val_00017184_with_ILSVRC2012_val_00046682_rank662,517,788,0.41749,520
ILSVRC2012_val_00017184_with_ILSVRC2012_val_00025942_rank340,287,357,0.09968,42
ILSVRC2012_val_00017184_with_ILSVRC2012_val_00025774_rank562,540,540,0.47895,0
ILSVRC2012_val_00017184_with_ILSVRC2012_val_00003843_rank001,951,943,0.22838,12
ILSVRC2012_val_00017184_with_ILSVRC2012_val_00026291_rank503,822,463,0.62386,49
ILSVRC2012_val_00017184_with_ILSVRC2012_val_00040591_rank965,413,413,0.5299,0
ILSVRC2012_val_00017184_with_ILSVRC2012_val_00039371_rank070,935,935,0.86307,0
ILSVRC2012_val_00017184_with_ILSVRC2012_val_00047980_rank007,955,448,0.19834,168
ILSVRC2012_val_00017184_with_ILSVRC2012_val_00000041_rank782,516,520,0.25928,2
ILSVRC2012_val_00017184_with_ILSVRC2012_val_00043942_rank949,104,285,0.24094,92
ILSVRC2012_val_00017184_with_ILSVRC2012_val_00047065_rank071,307,306,0.66943,17
ILSVRC2012_val_00017184_with_ILSVRC2012_val_00047645_rank601,695,695,0.7458,0
ILSVRC2012_val_00017184_with_ILSVRC2012_val_00046921_rank925,420,896,0.26844,802
ILSVRC2012_val_00017184_with_ILSVRC2012_val_00045241_rank758,789,896,0.3054,91
ILSVRC2012_val_00017184_with_ILSVRC2012_val_00032924_rank812,872,745,0.26963,43
ILSVRC2012_val_00017184_with_ILSVRC2012_val_00036283_rank222,922,896,0.30722,428
ILSVRC2012_val_00017184_with_ILSVRC2012_val_00035946_rank741,554,896,0.72394,582
ILSVRC2012_val_00017184_with_ILSVRC2012_val_00015585_rank965,413,652,0.10742,5
ILSVRC2012_val_00017184_with_ILSVRC2012_val_00007285_rank461,736,894,0.27701,85
ILSVRC2012_val_00017184_with_ILSVRC2012_val_00048333_rank520,154,154,0.68138,0
ILSVRC2012_val_00017184_with_ILSVRC2012_val_00001910_rank928,407,407,0.89684,0
ILSVRC2012_val_00017184_with_ILSVRC2012_val_00005804_rank892,626,710,0.16978,19
ILSVRC2012_val_00017184_with_ILSVRC2012_val_00000176_rank633,199,183,0.69588,7
ILSVRC2012_val_00017184_with_ILSVRC2012_val_00008977_rank623,889,896,0.30844,560
ILSVRC2012_val_00017184_with_ILSVRC2012_val_00018104_rank501,430,896,0.19129,543
ILSVRC2012_val_00017184_with_ILSVRC2012_val_00048145_rank998,246,172,0.57261,3
ILSVRC2012_val_00017184_with_ILSVRC2012_val_00015069_rank020,55,896,0.18382,650
ILSVRC2012_val_00017184_with_ILSVRC2012_val_00022577_rank514,856,856,0.51605,0
ILSVRC2012_val_00017184_with_ILSVRC2012_val_00017654_rank602,383,383,0.85457,0
ILSVRC2012_val_00017184_with_ILSVRC2012_val_00012853_rank590,26,41,0.33775,8
ILSVRC2012_val_00017184_with_ILSVRC2012_val_00019266_rank597,879,532,0.23762,613
ILSVRC2012_val_00017184_with_ILSVRC2012_val_00019139_rank907,344,896,0.46295,815
ILSVRC2012_val_00017184_with_ILSVRC2012_val_00047757_rank521,194,194,0.81104,0
ILSVRC2012_val_00017184_with_ILSVRC2012_val_00030462_rank908,446,446,0.33109,0
ILSVRC2012_val_00017184_with_ILSVRC2012_val_00039287_rank451,623,896,0.25095,244
ILSVRC2012_val_00017184_with_ILSVRC2012_val_00039002_rank545,630,630,0.39187,0
ILSVRC2012_val_00017184_with_ILSVRC2012_val_00004185_rank930,220,220,0.72579,0
ILSVRC2012_val_00017184_with_ILSVRC2012_val_00011464_rank084,932,932,0.91213,0
ILSVRC2012_val_00017184_with_ILSVRC2012_val_00000743_rank994,556,516,0.31777,37
ILSVRC2012_val_00017184_with_ILSVRC2012_val_00021863_rank839,683,744,0.24897,82
ILSVRC2012_val_00017184_with_ILSVRC2012_val_00011370_rank037,441,441,0.5009,0
ILSVRC2012_val_00017184_with_ILSVRC2012_val_00028732_rank791,667,667,0.46096,0
ILSVRC2012_val_00017184_with_ILSVRC2012_val_00049295_rank651,669,532,0.24985,46
ILSVRC2012_val_00017184_with_ILSVRC2012_val_00028558_rank162,790,790,0.68447,0
ILSVRC2012_val_00017184_with_ILSVRC2012_val_00001288_rank094,89,89,0.78305,0
ILSVRC2012_val_00017184_with_ILSVRC2012_val_00034141_rank127,647,636,0.18395,365
ILSVRC2012_val_00017184_with_ILSVRC2012_val_00025968_rank643,319,896,0.27392,978
ILSVRC2012_val_00017184_with_ILSVRC2012_val_00000989_rank073,998,532,0.28849,183
ILSVRC2012_val_00017184_with_ILSVRC2012_val_00029233_rank899,573,896,0.33273,679
ILSVRC2012_val_00017184_with_ILSVRC2012_val_00045448_rank588,552,552,0.42595,0
ILSVRC2012_val_00017184_with_ILSVRC2012_val_00037248_rank982,671,896,0.50836,367
ILSVRC2012_val_00017184_with_ILSVRC2012_val_00047186_rank926,518,518,0.94704,0
ILSVRC2012_val_00017184_with_ILSVRC2012_val_00030653_rank167,995,995,0.81797,0
ILSVRC2012_val_00017184_with_ILSVRC2012_val_00013496_rank720,645,896,0.39203,978
ILSVRC2012_val_00017184_with_ILSVRC2012_val_00017509_rank890,190,190,0.84959,0
ILSVRC2012_val_00017184_with_ILSVRC2012_val_00011842_rank242,494,494,0.85814,0
ILSVRC2012_val_00017184_with_ILSVRC2012_val_00042418_rank779,224,223,0.50224,2
ILSVRC2012_val_00017184_with_ILSVRC2012_val_00021132_rank654,689,578,0.19948,2
ILSVRC2012_val_00017184_with_ILSVRC2012_val_00033397_rank375,482,742,0.26227,19
ILSVRC2012_val_00017184_with_ILSVRC2012_val_00015030_rank880,269,230,0.51838,73
ILSVRC2012_val_00017184_with_ILSVRC2012_val_00006819_rank085,321,321,0.81375,0
ILSVRC2012_val_00017184_with_ILSVRC2012_val_00009073_rank315,853,788,0.19567,277
ILSVRC2012_val_00017184_with_ILSVRC2012_val_00008951_rank226,137,137,0.77372,0
ILSVRC2012_val_00017184_with_ILSVRC2012_val_00025254_rank844,608,596,0.81229,359
ILSVRC2012_val_00017184_with_ILSVRC2012_val_00027151_rank783,858,894,0.22643,256
ILSVRC2012_val_00017184_with_ILSVRC2012_val_00046335_rank599,776,896,0.46856,105
ILSVRC2012_val_00017184_with_ILSVRC2012_val_00006872_rank819,847,847,0.46772,0
ILSVRC2012_val_00017184_with_ILSVRC2012_val_00018352_rank630,595,865,0.12388,351
ILSVRC2012_val_00017184_with_ILSVRC2012_val_00012866_rank836,451,896,0.56975,473
ILSVRC2012_val_00017184_with_ILSVRC2012_val_00028923_rank592,796,861,0.38513,482
ILSVRC2012_val_00017184_with_ILSVRC2012_val_00035631_rank641,481,481,0.81694,0
ILSVRC2012_val_00017184_with_ILSVRC2012_val_00016507_rank318,70,77,0.2735,4
ILSVRC2012_val_00017184_with_ILSVRC2012_val_00037344_rank768,843,896,0.20349,488
ILSVRC2012_val_00017184_with_ILSVRC2012_val_00049400_rank019,852,852,0.85433,0
ILSVRC2012_val_00017184_with_ILSVRC2012_val_00046125_rank923,657,545,0.24225,128
ILSVRC2012_val_00017184_with_ILSVRC2012_val_00035481_rank018,924,924,0.68527,0
ILSVRC2012_val_00017184_with_ILSVRC2012_val_00031993_rank836,451,451,0.90367,0
ILSVRC2012_val_00017184_with_ILSVRC2012_val_00007266_rank794,49,896,0.76245,727
ILSVRC2012_val_00017184_with_ILSVRC2012_val_00026017_rank895,152,154,0.79332,3
ILSVRC2012_val_00017184_with_ILSVRC2012_val_00000113_rank935,227,227,0.29399,0
ILSVRC2012_val_00017184_with_ILSVRC2012_val_00004362_rank655,123,896,0.46932,718
ILSVRC2012_val_00017184_with_ILSVRC2012_val_00031558_rank862,511,745,0.30992,227
ILSVRC2012_val_00017184_with_ILSVRC2012_val_00013630_rank332,570,570,0.92948,0
ILSVRC2012_val_00017184_with_ILSVRC2012_val_00015383_rank731,824,474,0.22156,2
ILSVRC2012_val_00017184_with_ILSVRC2012_val_00039374_rank086,136,136,0.7731,0
ILSVRC2012_val_00017184_with_ILSVRC2012_val_00047683_rank015,325,325,0.85058,0
ILSVRC2012_val_00017184_with_ILSVRC2012_val_00009483_rank283,457,457,0.63805,0
ILSVRC2012_val_00017184_with_ILSVRC2012_val_00034840_rank622,35,36,0.52028,2
ILSVRC2012_val_00017184_with_ILSVRC2012_val_00023057_rank705,734,407,0.07813,1
ILSVRC2012_val_00017184_with_ILSVRC2012_val_00021337_rank341,78,78,0.62506,0
ILSVRC2012_val_00017184_with_ILSVRC2012_val_00037587_rank451,623,784,0.39379,9
ILSVRC2012_val_00017184_with_ILSVRC2012_val_00026055_rank394,470,470,0.68834,0
ILSVRC2012_val_00017184_with_ILSVRC2012_val_00026778_rank266,266,265,0.41831,1
ILSVRC2012_val_00017184_with_ILSVRC2012_val_00018437_rank309,292,292,0.6152,0
ILSVRC2012_val_00017184_with_ILSVRC2012_val_00011596_rank271,147,896,0.38365,694
ILSVRC2012_val_00017184_with_ILSVRC2012_val_00031415_rank754,206,219,0.72897,61
ILSVRC2012_val_00017184_with_ILSVRC2012_val_00025970_rank319,202,202,0.8559,0
ILSVRC2012_val_00017184_with_ILSVRC2012_val_00047688_rank165,12,12,0.70536,0
ILSVRC2012_val_00017184_with_ILSVRC2012_val_00023518_rank025,987,532,0.18834,267
ILSVRC2012_val_00017184_with_ILSVRC2012_val_00042640_rank360,685,530,0.52636,2
ILSVRC2012_val_00017184_with_ILSVRC2012_val_00012844_rank396,143,143,0.84086,0
ILSVRC2012_val_00017184_with_ILSVRC2012_val_00038108_rank966,827,651,0.77794,1
ILSVRC2012_val_00017184_with_ILSVRC2012_val_00016851_rank068,522,398,0.83026,19
ILSVRC2012_val_00017184_with_ILSVRC2012_val_00014941_rank235,402,788,0.10713,131
ILSVRC2012_val_00017184_with_ILSVRC2012_val_00019244_rank449,474,894,0.29856,37
ILSVRC2012_val_00017184_with_ILSVRC2012_val_00025841_rank988,439,439,0.53529,0
ILSVRC2012_val_00017184_with_ILSVRC2012_val_00000416_rank514,856,896,0.19647,996
ILSVRC2012_val_00017184_with_ILSVRC2012_val_00030935_rank225,716,896,0.31853,771
ILSVRC2012_val_00017184_with_ILSVRC2012_val_00027629_rank851,170,208,0.12447,51
ILSVRC2012_val_00017184_with_ILSVRC2012_val_00043047_rank762,751,751,0.35544,0
ILSVRC2012_val_00017184_with_ILSVRC2012_val_00004250_rank927,524,896,0.09625,660
ILSVRC2012_val_00017184_with_ILSVRC2012_val_00022541_rank662,517,517,0.23553,0
ILSVRC2012_val_00017184_with_ILSVRC2012_val_00008201_rank319,202,202,0.40118,0
ILSVRC2012_val_00017184_with_ILSVRC2012_val_00029194_rank384,870,896,0.59786,156
ILSVRC2012_val_00017184_with_ILSVRC2012_val_00033082_rank843,565,831,0.1959,701
ILSVRC2012_val_00017184_with_ILSVRC2012_val_00045705_rank516,672,894,0.12368,553
ILSVRC2012_val_00017184_with_ILSVRC2012_val_00012202_rank835,543,398,0.53961,13
ILSVRC2012_val_00017184_with_ILSVRC2012_val_00047955_rank340,287,287,0.85195,0
ILSVRC2012_val_00017184_with_ILSVRC2012_val_00047845_rank284,60,896,0.75615,657
ILSVRC2012_val_00017184_with_ILSVRC2012_val_00036823_rank489,369,369,0.44947,0
ILSVRC2012_val_00017184_with_ILSVRC2012_val_00012554_rank185,132,131,0.85045,1
ILSVRC2012_val_00017184_with_ILSVRC2012_val_00000821_rank337,124,123,0.20541,1
ILSVRC2012_val_00017184_with_ILSVRC2012_val_00008933_rank837,694,723,0.25046,76
ILSVRC2012_val_00017184_with_ILSVRC2012_val_00045640_rank411,387,896,0.43544,803
ILSVRC2012_val_00017184_with_ILSVRC2012_val_00025170_rank884,176,896,0.40653,493
ILSVRC2012_val_00017184_with_ILSVRC2012_val_00044859_rank548,435,896,0.0582,2
ILSVRC2012_val_00017184_with_ILSVRC2012_val_00018018_rank843,565,894,0.25586,109
ILSVRC2012_val_00017184_with_ILSVRC2012_val_00014367_rank393,118,51,0.536,141
ILSVRC2012_val_00017184_with_ILSVRC2012_val_00037854_rank594,763,763,0.69939,0
ILSVRC2012_val_00017184_with_ILSVRC2012_val_00004942_rank855,863,896,0.37214,402
ILSVRC2012_val_00017184_with_ILSVRC2012_val_00031655_rank861,210,172,0.77467,34
ILSVRC2012_val_00017184_with_ILSVRC2012_val_00037158_rank443,771,771,0.22895,0
ILSVRC2012_val_00017184_with_ILSVRC2012_val_00000024_rank701,727,727,0.50902,0
ILSVRC2012_val_00017184_with_ILSVRC2012_val_00048260_rank637,699,699,0.8276,0
ILSVRC2012_val_00017184_with_ILSVRC2012_val_00004138_rank717,461,461,0.72135,0
ILSVRC2012_val_00017184_with_ILSVRC2012_val_00038186_rank209,291,254,0.65163,210
ILSVRC2012_val_00017184_with_ILSVRC2012_val_00042703_rank305,135,135,0.83107,0
ILSVRC2012_val_00017184_with_ILSVRC2012_val_00029082_rank294,339,339,0.57319,0
ILSVRC2012_val_00017184_with_ILSVRC2012_val_00031970_rank012,956,944,0.35395,3
ILSVRC2012_val_00017184_with_ILSVRC2012_val_00021012_rank653,495,729,0.17862,6
ILSVRC2012_val_00017184_with_ILSVRC2012_val_00020983_rank188,721,721,0.7622,0
ILSVRC2012_val_00017184_with_ILSVRC2012_val_00010608_rank169,947,532,0.3905,215
ILSVRC2012_val_00017184_with_ILSVRC2012_val_00001277_rank479,127,127,0.79169,0
ILSVRC2012_val_00017184_with_ILSVRC2012_val_00034967_rank283,457,457,0.14094,0
ILSVRC2012_val_00017184_with_ILSVRC2012_val_00014844_rank978,705,894,0.37861,155
ILSVRC2012_val_00017184_with_ILSVRC2012_val_00005847_rank259,958,958,0.19048,0
ILSVRC2012_val_00017184_with_ILSVRC2012_val_00022405_rank719,589,897,0.34929,17
ILSVRC2012_val_00017184_with_ILSVRC2012_val_00021991_rank608,225,225,0.69272,0
ILSVRC2012_val_00017184_with_ILSVRC2012_val_00038993_rank657,335,335,0.72169,0
ILSVRC2012_val_00017184_with_ILSVRC2012_val_00016867_rank571,298,298,0.57759,0
ILSVRC2012_val_00017184_with_ILSVRC2012_val_00031329_rank634,874,874,0.64027,0
ILSVRC2012_val_00017184_with_ILSVRC2012_val_00026233_rank969,764,461,0.40439,212
ILSVRC2012_val_00017184_with_ILSVRC2012_val_00035893_rank351,159,159,0.73338,0
ILSVRC2012_val_00017184_with_ILSVRC2012_val_00018287_rank640,411,896,0.16112,266
ILSVRC2012_val_00017184_with_ILSVRC2012_val_00023694_rank939,611,896,0.40558,552
ILSVRC2012_val_00017184_with_ILSVRC2012_val_00042777_rank437,693,749,0.83193,90
ILSVRC2012_val_00017184_with_ILSVRC2012_val_00010096_rank157,112,788,0.27034,288
ILSVRC2012_val_00017184_with_ILSVRC2012_val_00010505_rank014,986,532,0.49337,521
ILSVRC2012_val_00017184_with_ILSVRC2012_val_00003920_rank712,747,532,0.27147,827
ILSVRC2012_val_00017184_with_ILSVRC2012_val_00048299_rank600,68,896,0.1879,799
ILSVRC2012_val_00017184_with_ILSVRC2012_val_00014059_rank370,327,327,0.84838,0
ILSVRC2012_val_00017184_with_ILSVRC2012_val_00004870_rank847,271,174,0.76277,36
ILSVRC2012_val_00017184_with_ILSVRC2012_val_00028437_rank345,464,896,0.87744,405
ILSVRC2012_val_00017184_with_ILSVRC2012_val_00005209_rank879,261,174,0.64988,1
ILSVRC2012_val_00017184_with_ILSVRC2012_val_00009979_rank046,64,55,0.47799,1
ILSVRC2012_val_00017184_with_ILSVRC2012_val_00033499_rank410,724,724,0.30605,0
ILSVRC2012_val_00017184_with_ILSVRC2012_val_00003736_rank609,558,894,0.15865,807
ILSVRC2012_val_00017184_with_ILSVRC2012_val_00029613_rank676,729,827,0.16633,17
ILSVRC2012_val_00017184_with_ILSVRC2012_val_00022776_rank822,243,243,0.48469,0
ILSVRC2012_val_00017184_with_ILSVRC2012_val_00017826_rank868,688,526,0.40133,22
ILSVRC2012_val_00017184_with_ILSVRC2012_val_00009077_rank234,351,349,0.39845,7
ILSVRC2012_val_00017184_with_ILSVRC2012_val_00047595_rank802,717,717,0.82666,0
ILSVRC2012_val_00017184_with_ILSVRC2012_val_00046910_rank958,594,896,0.29135,672
ILSVRC2012_val_00017184_with_ILSVRC2012_val_00041744_rank363,920,896,0.18296,398
ILSVRC2012_val_00017184_with_ILSVRC2012_val_00029652_rank565,201,201,0.74937,0
ILSVRC2012_val_00017184_with_ILSVRC2012_val_00043327_rank528,492,492,0.22577,0
ILSVRC2012_val_00017184_with_ILSVRC2012_val_00032475_rank938,600,600,0.52169,0
ILSVRC2012_val_00017184_with_ILSVRC2012_val_00012463_rank085,321,321,0.85288,0
ILSVRC2012_val_00017184_with_ILSVRC2012_val_00038073_rank322,857,896,0.32513,182
ILSVRC2012_val_00017184_with_ILSVRC2012_val_00022036_rank661,172,176,0.6075,2
ILSVRC2012_val_00017184_with_ILSVRC2012_val_00032834_rank044,114,112,0.16632,44
ILSVRC2012_val_00017184_with_ILSVRC2012_val_00017441_rank336,100,100,0.82987,0
ILSVRC2012_val_00017184_with_ILSVRC2012_val_00018723_rank298,577,787,0.81071,6
ILSVRC2012_val_00017184_with_ILSVRC2012_val_00029220_rank013,943,943,0.89241,0
ILSVRC2012_val_00017184_with_ILSVRC2012_val_00034147_rank129,934,934,0.55067,0
ILSVRC2012_val_00017184_with_ILSVRC2012_val_00039615_rank891,882,882,0.8971,0
ILSVRC2012_val_00017184_with_ILSVRC2012_val_00035190_rank102,659,729,0.18579,38
ILSVRC2012_val_00017184_with_ILSVRC2012_val_00027847_rank906,823,617,0.75772,1
ILSVRC2012_val_00017184_with_ILSVRC2012_val_00024684_rank742,41,896,0.27607,670
ILSVRC2012_val_00017184_with_ILSVRC2012_val_00000275_rank536,761,761,0.92219,0
ILSVRC2012_val_00017184_with_ILSVRC2012_val_00048663_rank971,223,223,0.88749,0
ILSVRC2012_val_00017184_with_ILSVRC2012_val_00010356_rank714,183,183,0.87783,0
ILSVRC2012_val_00017184_with_ILSVRC2012_val_00023782_rank953,177,894,0.10415,509
ILSVRC2012_val_00017184_with_ILSVRC2012_val_00047754_rank456,343,342,0.34726,1
ILSVRC2012_val_00017184_with_ILSVRC2012_val_00001408_rank998,246,246,0.74053,0
ILSVRC2012_val_00017184_with_ILSVRC2012_val_00036906_rank384,870,896,0.78529,156
ILSVRC2012_val_00017184_with_ILSVRC2012_val_00008111_rank929,256,244,0.22346,2
ILSVRC2012_val_00017184_with_ILSVRC2012_val_00018121_rank953,177,177,0.67175,0
ILSVRC2012_val_00017184_with_ILSVRC2012_val_00004503_rank480,87,87,0.88599,0
ILSVRC2012_val_00017184_with_ILSVRC2012_val_00014691_rank470,914,484,0.13393,3
ILSVRC2012_val_00017184_with_ILSVRC2012_val_00046231_rank190,320,896,0.78326,800
ILSVRC2012_val_00017184_with_ILSVRC2012_val_00034069_rank730,232,232,0.55512,0
ILSVRC2012_val_00017184_with_ILSVRC2012_val_00046566_rank954,891,891,0.84462,0
ILSVRC2012_val_00017184_with_ILSVRC2012_val_00017117_rank779,224,223,0.80735,2
ILSVRC2012_val_00017184_with_ILSVRC2012_val_00039221_rank280,886,896,0.26155,288
ILSVRC2012_val_00017184_with_ILSVRC2012_val_00023618_rank260,664,664,0.27387,0
ILSVRC2012_val_00017184_with_ILSVRC2012_val_00010079_rank389,791,791,0.85307,0
ILSVRC2012_val_00017184_with_ILSVRC2012_val_00013770_rank146,826,826,0.76215,0
ILSVRC2012_val_00017184_with_ILSVRC2012_val_00034482_rank128,15,17,0.6497,8
ILSVRC2012_val_00017184_with_ILSVRC2012_val_00046806_rank588,552,552,0.5455,0
ILSVRC2012_val_00017184_with_ILSVRC2012_val_00032217_rank655,123,896,0.523,718
ILSVRC2012_val_00017184_with_ILSVRC2012_val_00016177_rank040,31,31,0.85124,0
ILSVRC2012_val_00017184_with_ILSVRC2012_val_00011060_rank914,749,749,0.85086,0
ILSVRC2012_val_00017184_with_ILSVRC2012_val_00008360_rank639,408,408,0.82697,0
ILSVRC2012_val_00017184_with_ILSVRC2012_val_00011692_rank064,737,896,0.2758,376
ILSVRC2012_val_00017184_with_ILSVRC2012_val_00021225_rank069,990,787,0.23445,477
ILSVRC2012_val_00017184_with_ILSVRC2012_val_00042513_rank670,348,348,0.17675,0
ILSVRC2012_val_00017184_with_ILSVRC2012_val_00037918_rank527,640,787,0.24332,11
ILSVRC2012_val_00017184_with_ILSVRC2012_val_00027998_rank844,608,36,0.23255,382
ILSVRC2012_val_00017184_with_ILSVRC2012_val_00031688_rank378,489,526,0.07493,613
ILSVRC2012_val_00017184_with_ILSVRC2012_val_00022691_rank480,87,87,0.87333,0
ILSVRC2012_val_00017184_with_ILSVRC2012_val_00011431_rank098,574,574,0.85497,0
ILSVRC2012_val_00017184_with_ILSVRC2012_val_00015822_rank311,794,894,0.60978,13
ILSVRC2012_val_00017184_with_ILSVRC2012_val_00034841_rank646,617,617,0.32368,0
ILSVRC2012_val_00017184_with_ILSVRC2012_val_00043865_rank352,901,901,0.88637,0
ILSVRC2012_val_00017184_with_ILSVRC2012_val_00017393_rank053,326,326,0.72101,0
ILSVRC2012_val_00017184_with_ILSVRC2012_val_00020922_rank256,116,116,0.45733,0
ILSVRC2012_val_00017184_with_ILSVRC2012_val_00034370_rank159,310,310,0.70317,0
ILSVRC2012_val_00017184_with_ILSVRC2012_val_00004164_rank079,75,894,0.0875,540
ILSVRC2012_val_00017184_with_ILSVRC2012_val_00036763_rank208,296,296,0.89737,0
ILSVRC2012_val_00017184_with_ILSVRC2012_val_00030994_rank717,461,461,0.50427,0
ILSVRC2012_val_00017184_with_ILSVRC2012_val_00026573_rank834,491,491,0.43523,0
ILSVRC2012_val_00017184_with_ILSVRC2012_val_00039940_rank938,600,896,0.23764,102
ILSVRC2012_val_00017184_with_ILSVRC2012_val_00031665_rank717,461,461,0.64207,0
ILSVRC2012_val_00017184_with_ILSVRC2012_val_00011608_rank207,818,632,0.29863,6
ILSVRC2012_val_00017184_with_ILSVRC2012_val_00044985_rank524,871,896,0.5911,118
ILSVRC2012_val_00017184_with_ILSVRC2012_val_00003457_rank594,763,763,0.90752,0
ILSVRC2012_val_00017184_with_ILSVRC2012_val_00031171_rank165,12,12,0.83509,0
ILSVRC2012_val_00017184_with_ILSVRC2012_val_00042405_rank643,319,896,0.53487,978
ILSVRC2012_val_00017184_with_ILSVRC2012_val_00019971_rank782,516,894,0.26523,17
ILSVRC2012_val_00017184_with_ILSVRC2012_val_00018951_rank077,113,113,0.86939,0
ILSVRC2012_val_00017184_with_ILSVRC2012_val_00037223_rank385,732,745,0.60217,5
ILSVRC2012_val_00017184_with_ILSVRC2012_val_00048269_rank035,107,894,0.23382,207
ILSVRC2012_val_00017184_with_ILSVRC2012_val_00047847_rank640,411,894,0.14748,121
ILSVRC2012_val_00017184_with_ILSVRC2012_val_00048892_rank886,336,336,0.62938,0
ILSVRC2012_val_00017184_with_ILSVRC2012_val_00013073_rank472,713,713,0.86928,0
ILSVRC2012_val_00017184_with_ILSVRC2012_val_00037790_rank687,367,366,0.38473,1
ILSVRC2012_val_00017184_with_ILSVRC2012_val_00013428_rank137,533,533,0.75521,0
ILSVRC2012_val_00017184_with_ILSVRC2012_val_00018097_rank047,971,572,0.37626,13
ILSVRC2012_val_00017184_with_ILSVRC2012_val_00029185_rank549,905,831,0.36769,10
ILSVRC2012_val_00017184_with_ILSVRC2012_val_00034005_rank882,174,174,0.87699,0
ILSVRC2012_val_00017184_with_ILSVRC2012_val_00037821_rank450,111,894,0.17064,554
ILSVRC2012_val_00017184_with_ILSVRC2012_val_00018893_rank262,814,896,0.72876,481
ILSVRC2012_val_00017184_with_ILSVRC2012_val_00036026_rank558,394,391,0.75632,1
ILSVRC2012_val_00017184_with_ILSVRC2012_val_00048088_rank886,336,299,0.56419,3
ILSVRC2012_val_00017184_with_ILSVRC2012_val_00010807_rank775,888,896,0.50168,257
ILSVRC2012_val_00017184_with_ILSVRC2012_val_00021062_rank776,895,896,0.28471,458
ILSVRC2012_val_00017184_with_ILSVRC2012_val_00005671_rank976,862,696,0.30031,347
ILSVRC2012_val_00017184_with_ILSVRC2012_val_00031390_rank924,56,616,0.58495,169
ILSVRC2012_val_00017184_with_ILSVRC2012_val_00019557_rank460,909,666,0.63428,21
ILSVRC2012_val_00017184_with_ILSVRC2012_val_00004784_rank558,394,5,0.42491,12
ILSVRC2012_val_00017184_with_ILSVRC2012_val_00007928_rank860,254,254,0.91556,0
ILSVRC2012_val_00017184_with_ILSVRC2012_val_00038263_rank409,294,294,0.90658,0
ILSVRC2012_val_00017184_with_ILSVRC2012_val_00016870_rank893,614,894,0.74765,69
ILSVRC2012_val_00017184_with_ILSVRC2012_val_00022308_rank498,34,34,0.64311,0
ILSVRC2012_val_00017184_with_ILSVRC2012_val_00004985_rank160,333,333,0.89821,0
ILSVRC2012_val_00017184_with_ILSVRC2012_val_00004599_rank356,459,894,0.26809,47
ILSVRC2012_val_00017184_with_ILSVRC2012_val_00036867_rank869,414,414,0.531,0
ILSVRC2012_val_00017184_with_ILSVRC2012_val_00041511_rank022,392,392,0.24166,0
ILSVRC2012_val_00017184_with_ILSVRC2012_val_00041898_rank104,644,896,0.53581,377
ILSVRC2012_val_00017184_with_ILSVRC2012_val_00013283_rank904,148,896,0.36973,632
ILSVRC2012_val_00017184_with_ILSVRC2012_val_00043468_rank958,594,872,0.25433,61
ILSVRC2012_val_00017184_with_ILSVRC2012_val_00009559_rank603,701,896,0.43766,585
ILSVRC2012_val_00017184_with_ILSVRC2012_val_00023186_rank671,553,553,0.64816,0
ILSVRC2012_val_00017184_with_ILSVRC2012_val_00032476_rank892,626,532,0.23625,731
ILSVRC2012_val_00017184_with_ILSVRC2012_val_00035802_rank443,771,771,0.89365,0
ILSVRC2012_val_00017184_with_ILSVRC2012_val_00022949_rank106,723,894,0.40607,876
ILSVRC2012_val_00017184_with_ILSVRC2012_val_00029152_rank743,262,225,0.23565,14
ILSVRC2012_val_00017184_with_ILSVRC2012_val_00005421_rank468,691,526,0.20468,773
ILSVRC2012_val_00017184_with_ILSVRC2012_val_00018176_rank481,878,620,0.19446,45
ILSVRC2012_val_00017184_with_ILSVRC2012_val_00006117_rank472,713,713,0.86196,0
ILSVRC2012_val_00017184_with_ILSVRC2012_val_00030101_rank108,313,532,0.15407,525
ILSVRC2012_val_00017184_with_ILSVRC2012_val_00016945_rank852,627,627,0.59195,0
ILSVRC2012_val_00017184_with_ILSVRC2012_val_00037160_rank846,436,609,0.29936,8
ILSVRC2012_val_00017184_with_ILSVRC2012_val_00015342_rank311,794,794,0.71704,0
ILSVRC2012_val_00017184_with_ILSVRC2012_val_00031151_rank722,684,684,0.90932,0
ILSVRC2012_val_00017184_with_ILSVRC2012_val_00045413_rank213,370,674,0.08013,536
ILSVRC2012_val_00017184_with_ILSVRC2012_val_00001797_rank937,867,745,0.36965,256
ILSVRC2012_val_00017184_with_ILSVRC2012_val_00044922_rank429,57,60,0.24464,7
ILSVRC2012_val_00017184_with_ILSVRC2012_val_00011098_rank324,780,724,0.22011,2
ILSVRC2012_val_00017184_with_ILSVRC2012_val_00004667_rank782,516,669,0.2682,6
ILSVRC2012_val_00017184_with_ILSVRC2012_val_00000089_rank672,487,487,0.84891,0
ILSVRC2012_val_00017184_with_ILSVRC2012_val_00009467_rank216,720,526,0.16661,182
ILSVRC2012_val_00017184_with_ILSVRC2012_val_00036978_rank979,811,811,0.29118,0
ILSVRC2012_val_00017184_with_ILSVRC2012_val_00049722_rank361,302,303,0.26859,3
ILSVRC2012_val_00017184_with_ILSVRC2012_val_00046851_rank707,613,846,0.29838,35
ILSVRC2012_val_00017184_with_ILSVRC2012_val_00028381_rank643,319,319,0.5364,0
ILSVRC2012_val_00017184_with_ILSVRC2012_val_00004773_rank080,849,849,0.80102,0
ILSVRC2012_val_00017184_with_ILSVRC2012_val_00037117_rank512,245,245,0.84293,0
ILSVRC2012_val_00017184_with_ILSVRC2012_val_00028052_rank319,202,896,0.33388,431
ILSVRC2012_val_00017184_with_ILSVRC2012_val_00007399_rank271,147,894,0.22646,636
ILSVRC2012_val_00017184_with_ILSVRC2012_val_00019706_rank835,543,896,0.37594,453
ILSVRC2012_val_00017184_with_ILSVRC2012_val_00049029_rank174,767,794,0.41969,164
ILSVRC2012_val_00017184_with_ILSVRC2012_val_00009908_rank317,146,894,0.17219,815
ILSVRC2012_val_00017184_with_ILSVRC2012_val_00006242_rank985,244,244,0.85324,0
ILSVRC2012_val_00017184_with_ILSVRC2012_val_00020690_rank264,83,83,0.7819,0
ILSVRC2012_val_00017184_with_ILSVRC2012_val_00029026_rank047,971,894,0.26389,356
ILSVRC2012_val_00017184_with_ILSVRC2012_val_00013211_rank985,244,244,0.58711,0
ILSVRC2012_val_00017184_with_ILSVRC2012_val_00005810_rank359,834,894,0.33994,47
ILSVRC2012_val_00017184_with_ILSVRC2012_val_00039709_rank911,258,279,0.28972,7
ILSVRC2012_val_00017184_with_ILSVRC2012_val_00016246_rank449,474,608,0.06805,8
ILSVRC2012_val_00017184_with_ILSVRC2012_val_00041193_rank671,553,553,0.61636,0
ILSVRC2012_val_00017184_with_ILSVRC2012_val_00028322_rank875,189,189,0.24095,0
ILSVRC2012_val_00017184_with_ILSVRC2012_val_00010204_rank366,592,592,0.91876,0
ILSVRC2012_val_00017184_with_ILSVRC2012_val_00010011_rank874,248,248,0.43057,0
ILSVRC2012_val_00017184_with_ILSVRC2012_val_00038908_rank913,915,915,0.32833,0
ILSVRC2012_val_00017184_with_ILSVRC2012_val_00044380_rank828,240,240,0.61678,0
ILSVRC2012_val_00017184_with_ILSVRC2012_val_00030439_rank999,733,896,0.48825,818
ILSVRC2012_val_00017184_with_ILSVRC2012_val_00042391_rank985,244,244,0.61233,0
ILSVRC2012_val_00017184_with_ILSVRC2012_val_00043495_rank089,711,711,0.37119,0
ILSVRC2012_val_00017184_with_ILSVRC2012_val_00022330_rank566,273,273,0.35725,0
ILSVRC2012_val_00017184_with_ILSVRC2012_val_00041709_rank080,849,849,0.96019,0
ILSVRC2012_val_00017184_with_ILSVRC2012_val_00006405_rank712,747,747,0.82947,0
ILSVRC2012_val_00017184_with_ILSVRC2012_val_00047830_rank181,965,934,0.192,2
ILSVRC2012_val_00017184_with_ILSVRC2012_val_00040358_rank206,0,894,0.30114,723
ILSVRC2012_val_00017184_with_ILSVRC2012_val_00008144_rank655,123,77,0.33895,45
ILSVRC2012_val_00017184_with_ILSVRC2012_val_00043800_rank282,913,896,0.53585,692
ILSVRC2012_val_00017184_with_ILSVRC2012_val_00013626_rank017,941,896,0.48963,307
ILSVRC2012_val_00017184_with_ILSVRC2012_val_00024644_rank034,938,938,0.84203,0
ILSVRC2012_val_00017184_with_ILSVRC2012_val_00004783_rank952,523,523,0.18559,0
ILSVRC2012_val_00017184_with_ILSVRC2012_val_00031441_rank081,883,883,0.48778,0
ILSVRC2012_val_00017184_with_ILSVRC2012_val_00012120_rank444,44,303,0.52634,59
ILSVRC2012_val_00017184_with_ILSVRC2012_val_00037065_rank054,931,931,0.51923,0
ILSVRC2012_val_00017184_with_ILSVRC2012_val_00045412_rank516,672,894,0.26494,553
ILSVRC2012_val_00017184_with_ILSVRC2012_val_00001108_rank057,59,896,0.38493,860
ILSVRC2012_val_00017184_with_ILSVRC2012_val_00042541_rank287,99,896,0.78255,695
ILSVRC2012_val_00017184_with_ILSVRC2012_val_00043245_rank232,58,894,0.29494,544
ILSVRC2012_val_00017184_with_ILSVRC2012_val_00044517_rank675,861,861,0.46757,0
ILSVRC2012_val_00017184_with_ILSVRC2012_val_00049181_rank189,7,7,0.39542,0
ILSVRC2012_val_00017184_with_ILSVRC2012_val_00038342_rank941,67,67,0.85107,0
ILSVRC2012_val_00017184_with_ILSVRC2012_val_00024521_rank467,166,166,0.78297,0
ILSVRC2012_val_00017184_with_ILSVRC2012_val_00011585_rank652,119,118,0.66844,3
ILSVRC2012_val_00017184_with_ILSVRC2012_val_00011177_rank981,134,134,0.82033,0
ILSVRC2012_val_00017184_with_ILSVRC2012_val_00042934_rank677,601,894,0.15858,222
ILSVRC2012_val_00017184_with_ILSVRC2012_val_00037496_rank062,928,896,0.46101,283
ILSVRC2012_val_00017184_with_ILSVRC2012_val_00035421_rank612,649,31,0.0825,372
ILSVRC2012_val_00017184_with_ILSVRC2012_val_00006790_rank445,82,896,0.33355,814
ILSVRC2012_val_00017184_with_ILSVRC2012_val_00043864_rank894,758,894,0.40584,852
ILSVRC2012_val_00017184_with_ILSVRC2012_val_00003758_rank987,197,197,0.57521,0
ILSVRC2012_val_00017184_with_ILSVRC2012_val_00024533_rank872,222,208,0.45607,13
ILSVRC2012_val_00017184_with_ILSVRC2012_val_00040689_rank111,398,532,0.18861,249
ILSVRC2012_val_00017184_with_ILSVRC2012_val_00011102_rank618,555,609,0.68249,14
ILSVRC2012_val_00017184_with_ILSVRC2012_val_00019467_rank658,305,302,0.25203,1
ILSVRC2012_val_00017184_with_ILSVRC2012_val_00025738_rank616,63,600,0.3683,244
ILSVRC2012_val_00017184_with_ILSVRC2012_val_00035466_rank809,754,632,0.34106,3
ILSVRC2012_val_00017184_with_ILSVRC2012_val_00022048_rank308,783,543,0.49741,54
ILSVRC2012_val_00017184_with_ILSVRC2012_val_00015522_rank018,924,896,0.34888,347
ILSVRC2012_val_00017184_with_ILSVRC2012_val_00020682_rank389,791,791,0.6074,0
ILSVRC2012_val_00017184_with_ILSVRC2012_val_00044865_rank204,605,605,0.80087,0
ILSVRC2012_val_00017184_with_ILSVRC2012_val_00011382_rank051,317,896,0.65235,926
ILSVRC2012_val_00017184_with_ILSVRC2012_val_00013522_rank573,748,804,0.27848,498
ILSVRC2012_val_00017184_with_ILSVRC2012_val_00024104_rank298,577,577,0.54683,0
ILSVRC2012_val_00017184_with_ILSVRC2012_val_00044855_rank040,31,532,0.29254,812
ILSVRC2012_val_00017184_with_ILSVRC2012_val_00040632_rank626,289,289,0.87536,0
ILSVRC2012_val_00017184_with_ILSVRC2012_val_00033291_rank451,623,896,0.7439,244
ILSVRC2012_val_00017184_with_ILSVRC2012_val_00046732_rank180,129,129,0.78421,0
ILSVRC2012_val_00017184_with_ILSVRC2012_val_00013205_rank937,867,867,0.56233,0
ILSVRC2012_val_00017184_with_ILSVRC2012_val_00036365_rank123,379,103,0.22803,35
ILSVRC2012_val_00017184_with_ILSVRC2012_val_00015637_rank640,411,411,0.56771,0
ILSVRC2012_val_00017184_with_ILSVRC2012_val_00040834_rank428,603,245,0.11111,213
ILSVRC2012_val_00017184_with_ILSVRC2012_val_00033561_rank515,278,277,0.42736,1
ILSVRC2012_val_00017184_with_ILSVRC2012_val_00020963_rank735,158,253,0.40806,5
ILSVRC2012_val_00017184_with_ILSVRC2012_val_00035182_rank804,195,195,0.85556,0
ILSVRC2012_val_00017184_with_ILSVRC2012_val_00032992_rank502,71,71,0.82463,0
ILSVRC2012_val_00017184_with_ILSVRC2012_val_00030009_rank941,67,67,0.44533,0
ILSVRC2012_val_00017184_with_ILSVRC2012_val_00023117_rank011,945,532,0.54101,368
ILSVRC2012_val_00017184_with_ILSVRC2012_val_00041491_rank407,353,353,0.85167,0
ILSVRC2012_val_00017184_with_ILSVRC2012_val_00035101_rank270,340,340,0.69647,0
ILSVRC2012_val_00017184_with_ILSVRC2012_val_00022704_rank286,618,896,0.78735,22
ILSVRC2012_val_00017184_with_ILSVRC2012_val_00000044_rank947,198,198,0.67627,0
ILSVRC2012_val_00017184_with_ILSVRC2012_val_00027510_rank689,388,461,0.36033,837
ILSVRC2012_val_00017184_with_ILSVRC2012_val_00006438_rank359,834,526,0.41937,100
ILSVRC2012_val_00017184_with_ILSVRC2012_val_00013284_rank602,383,383,0.79473,0
ILSVRC2012_val_00017184_with_ILSVRC2012_val_00006327_rank212,463,896,0.27806,30
ILSVRC2012_val_00017184_with_ILSVRC2012_val_00022153_rank864,981,731,0.35788,36
ILSVRC2012_val_00017184_with_ILSVRC2012_val_00047324_rank884,176,172,0.18356,1
ILSVRC2012_val_00017184_with_ILSVRC2012_val_00022766_rank581,429,429,0.8877,0
ILSVRC2012_val_00017184_with_ILSVRC2012_val_00017984_rank122,997,997,0.45256,0
ILSVRC2012_val_00017184_with_ILSVRC2012_val_00011473_rank745,156,156,0.24175,0
ILSVRC2012_val_00017184_with_ILSVRC2012_val_00008277_rank099,738,469,0.42664,11
ILSVRC2012_val_00017184_with_ILSVRC2012_val_00047200_rank534,698,896,0.57524,461
ILSVRC2012_val_00017184_with_ILSVRC2012_val_00004825_rank716,465,786,0.25458,939
ILSVRC2012_val_00017184_with_ILSVRC2012_val_00024431_rank579,192,185,0.13968,7
ILSVRC2012_val_00017184_with_ILSVRC2012_val_00005089_rank063,315,315,0.31063,0
ILSVRC2012_val_00017184_with_ILSVRC2012_val_00001659_rank982,671,870,0.56545,11
ILSVRC2012_val_00017184_with_ILSVRC2012_val_00024291_rank042,944,944,0.80745,0
ILSVRC2012_val_00017184_with_ILSVRC2012_val_00021953_rank465,300,896,0.20672,936
ILSVRC2012_val_00017184_with_ILSVRC2012_val_00008908_rank164,696,696,0.74263,0
ILSVRC2012_val_00017184_with_ILSVRC2012_val_00027502_rank386,772,896,0.57299,716
ILSVRC2012_val_00017184_with_ILSVRC2012_val_00008819_rank721,23,23,0.83436,0
ILSVRC2012_val_00017184_with_ILSVRC2012_val_00044160_rank901,805,805,0.65384,0
ILSVRC2012_val_00017184_with_ILSVRC2012_val_00003757_rank090,631,894,0.25906,181
ILSVRC2012_val_00017184_with_ILSVRC2012_val_00044553_rank435,274,274,0.83066,0
ILSVRC2012_val_00017184_with_ILSVRC2012_val_00042406_rank944,358,359,0.33061,2
ILSVRC2012_val_00017184_with_ILSVRC2012_val_00008496_rank946,255,255,0.79036,0
ILSVRC2012_val_00017184_with_ILSVRC2012_val_00037527_rank031,988,532,0.13862,380
ILSVRC2012_val_00017184_with_ILSVRC2012_val_00032538_rank086,136,136,0.81479,0
ILSVRC2012_val_00017184_with_ILSVRC2012_val_00038767_rank920,615,667,0.09767,226
ILSVRC2012_val_00017184_with_ILSVRC2012_val_00014438_rank716,465,465,0.89707,0
ILSVRC2012_val_00017184_with_ILSVRC2012_val_00024617_rank462,835,835,0.71753,0
ILSVRC2012_val_00017184_with_ILSVRC2012_val_00012097_rank166,910,390,0.08937,421
ILSVRC2012_val_00017184_with_ILSVRC2012_val_00012459_rank999,733,896,0.52737,818
ILSVRC2012_val_00017184_with_ILSVRC2012_val_00049642_rank519,218,218,0.90748,0
ILSVRC2012_val_00017184_with_ILSVRC2012_val_00003507_rank674,782,526,0.65173,16
ILSVRC2012_val_00017184_with_ILSVRC2012_val_00026851_rank201,946,532,0.509,852
ILSVRC2012_val_00017184_with_ILSVRC2012_val_00020740_rank669,163,163,0.81531,0
ILSVRC2012_val_00017184_with_ILSVRC2012_val_00023307_rank399,276,285,0.45301,85
ILSVRC2012_val_00017184_with_ILSVRC2012_val_00021865_rank469,813,896,0.57523,168
ILSVRC2012_val_00017184_with_ILSVRC2012_val_00037611_rank016,11,11,0.82506,0
ILSVRC2012_val_00017184_with_ILSVRC2012_val_00031162_rank469,813,399,0.93156,604
ILSVRC2012_val_00017184_with_ILSVRC2012_val_00043930_rank134,438,438,0.63064,0
ILSVRC2012_val_00017184_with_ILSVRC2012_val_00036125_rank408,21,21,0.81004,0
ILSVRC2012_val_00017184_with_ILSVRC2012_val_00023607_rank383,9,9,0.85436,0
ILSVRC2012_val_00017184_with_ILSVRC2012_val_00023935_rank193,983,731,0.05297,880
ILSVRC2012_val_00017184_with_ILSVRC2012_val_00031640_rank773,216,216,0.82955,0
ILSVRC2012_val_00017184_with_ILSVRC2012_val_00000695_rank213,370,370,0.80819,0
ILSVRC2012_val_00017184_with_ILSVRC2012_val_00022832_rank910,356,150,0.66294,43
ILSVRC2012_val_00017184_with_ILSVRC2012_val_00031485_rank982,671,896,0.59171,367
ILSVRC2012_val_00017184_with_ILSVRC2012_val_00017839_rank383,9,9,0.87074,0
ILSVRC2012_val_00017184_with_ILSVRC2012_val_00033120_rank055,40,46,0.2614,1
ILSVRC2012_val_00017184_with_ILSVRC2012_val_00029158_rank308,783,512,0.38306,8
ILSVRC2012_val_00017184_with_ILSVRC2012_val_00010645_rank602,383,383,0.8765,0
ILSVRC2012_val_00017184_with_ILSVRC2012_val_00039010_rank748,164,164,0.82797,0
ILSVRC2012_val_00017184_with_ILSVRC2012_val_00008114_rank737,241,238,0.22887,2
ILSVRC2012_val_00017184_with_ILSVRC2012_val_00003690_rank788,187,185,0.40931,6
ILSVRC2012_val_00017184_with_ILSVRC2012_val_00018317_rank206,0,894,0.30114,723
ILSVRC2012_val_00017184_with_ILSVRC2012_val_00047848_rank637,699,729,0.48509,102
ILSVRC2012_val_00017184_with_ILSVRC2012_val_00032707_rank177,679,896,0.28771,207
ILSVRC2012_val_00017184_with_ILSVRC2012_val_00021461_rank333,5,532,0.21829,726
ILSVRC2012_val_00017184_with_ILSVRC2012_val_00036619_rank427,800,896,0.26509,893
ILSVRC2012_val_00017184_with_ILSVRC2012_val_00043019_rank599,776,896,0.57266,105
ILSVRC2012_val_00017184_with_ILSVRC2012_val_00021517_rank365,740,459,0.42759,469
ILSVRC2012_val_00017184_with_ILSVRC2012_val_00020067_rank457,816,896,0.89939,946
ILSVRC2012_val_00017184_with_ILSVRC2012_val_00030748_rank817,866,866,0.73867,0
ILSVRC2012_val_00017184_with_ILSVRC2012_val_00028128_rank783,858,896,0.62592,686
ILSVRC2012_val_00017184_with_ILSVRC2012_val_00019344_rank584,349,346,0.69206,21
ILSVRC2012_val_00017184_with_ILSVRC2012_val_00018262_rank521,194,194,0.18191,0
ILSVRC2012_val_00017184_with_ILSVRC2012_val_00013486_rank902,676,788,0.20597,436
ILSVRC2012_val_00017184_with_ILSVRC2012_val_00027696_rank991,904,896,0.47815,127
ILSVRC2012_val_00017184_with_ILSVRC2012_val_00021123_rank677,601,601,0.80724,0
ILSVRC2012_val_00017184_with_ILSVRC2012_val_00007021_rank768,843,896,0.41814,488
ILSVRC2012_val_00017184_with_ILSVRC2012_val_00019279_rank171,380,380,0.56716,0
ILSVRC2012_val_00017184_with_ILSVRC2012_val_00004916_rank749,529,725,0.33629,132
ILSVRC2012_val_00017184_with_ILSVRC2012_val_00046987_rank982,671,896,0.34182,367
ILSVRC2012_val_00017184_with_ILSVRC2012_val_00021561_rank527,640,646,0.81032,2
ILSVRC2012_val_00017184_with_ILSVRC2012_val_00026172_rank796,564,564,0.82644,0
ILSVRC2012_val_00017184_with_ILSVRC2012_val_00015191_rank877,477,891,0.20083,58
ILSVRC2012_val_00017184_with_ILSVRC2012_val_00010480_rank624,697,697,0.54651,0
ILSVRC2012_val_00017184_with_ILSVRC2012_val_00048964_rank560,228,228,0.83758,0
ILSVRC2012_val_00017184_with_ILSVRC2012_val_00033332_rank090,631,631,0.65836,0
ILSVRC2012_val_00017184_with_ILSVRC2012_val_00035015_rank344,746,746,0.20537,0
ILSVRC2012_val_00017184_with_ILSVRC2012_val_00001593_rank941,67,896,0.57575,936
ILSVRC2012_val_00017184_with_ILSVRC2012_val_00000328_rank408,21,21,0.81849,0
ILSVRC2012_val_00017184_with_ILSVRC2012_val_00043693_rank514,856,896,0.2728,996
ILSVRC2012_val_00017184_with_ILSVRC2012_val_00044362_rank242,494,494,0.81843,0
ILSVRC2012_val_00017184_with_ILSVRC2012_val_00029693_rank806,204,204,0.45805,0
ILSVRC2012_val_00017184_with_ILSVRC2012_val_00042529_rank694,286,286,0.57301,0
ILSVRC2012_val_00017184_with_ILSVRC2012_val_00005103_rank547,610,610,0.38993,0
ILSVRC2012_val_00017184_with_ILSVRC2012_val_00004924_rank967,412,545,0.71059,202
ILSVRC2012_val_00017184_with_ILSVRC2012_val_00025188_rank071,307,307,0.82824,0
ILSVRC2012_val_00017184_with_ILSVRC2012_val_00031470_rank708,277,277,0.15979,0
ILSVRC2012_val_00017184_with_ILSVRC2012_val_00039535_rank680,792,666,0.60567,38
ILSVRC2012_val_00017184_with_ILSVRC2012_val_00019428_rank974,757,757,0.10885,0
ILSVRC2012_val_00017184_with_ILSVRC2012_val_00001135_rank640,411,411,0.3828,0
ILSVRC2012_val_00017184_with_ILSVRC2012_val_00035166_rank087,378,370,0.40142,7
ILSVRC2012_val_00017184_with_ILSVRC2012_val_00043339_rank974,757,778,0.48046,705
ILSVRC2012_val_00017184_with_ILSVRC2012_val_00004590_rank253,322,318,0.43587,7
ILSVRC2012_val_00017184_with_ILSVRC2012_val_00040421_rank042,944,532,0.66512,215
ILSVRC2012_val_00017184_with_ILSVRC2012_val_00012743_rank213,370,370,0.86903,0
ILSVRC2012_val_00017184_with_ILSVRC2012_val_00017783_rank420,497,448,0.10801,36
ILSVRC2012_val_00017184_with_ILSVRC2012_val_00042028_rank556,545,545,0.33251,0
ILSVRC2012_val_00017184_with_ILSVRC2012_val_00021052_rank659,236,236,0.47865,0
ILSVRC2012_val_00017184_with_ILSVRC2012_val_00001124_rank393,118,788,0.96056,89
ILSVRC2012_val_00017184_with_ILSVRC2012_val_00021139_rank778,80,532,0.11442,342
ILSVRC2012_val_00017184_with_ILSVRC2012_val_00027993_rank640,411,411,0.59066,0
ILSVRC2012_val_00017184_with_ILSVRC2012_val_00029825_rank566,273,263,0.56383,21
ILSVRC2012_val_00017184_with_ILSVRC2012_val_00037818_rank768,843,896,0.70289,488
ILSVRC2012_val_00017184_with_ILSVRC2012_val_00010055_rank835,543,894,0.11831,736
ILSVRC2012_val_00017184_with_ILSVRC2012_val_00018731_rank222,922,446,0.09618,7
ILSVRC2012_val_00017184_with_ILSVRC2012_val_00029580_rank067,74,896,0.09526,693
ILSVRC2012_val_00017184_with_ILSVRC2012_val_00001903_rank809,754,848,0.21509,2
ILSVRC2012_val_00017184_with_ILSVRC2012_val_00043072_rank638,208,208,0.72577,0
ILSVRC2012_val_00017184_with_ILSVRC2012_val_00047519_rank859,781,896,0.33968,882
ILSVRC2012_val_00017184_with_ILSVRC2012_val_00022745_rank148,88,88,0.79649,0
ILSVRC2012_val_00017184_with_ILSVRC2012_val_00018308_rank994,556,532,0.25918,35
ILSVRC2012_val_00017184_with_ILSVRC2012_val_00006565_rank181,965,112,0.66174,41
ILSVRC2012_val_00017184_with_ILSVRC2012_val_00047018_rank809,754,485,0.53643,5
ILSVRC2012_val_00017184_with_ILSVRC2012_val_00025652_rank998,246,210,0.58482,10
ILSVRC2012_val_00017184_with_ILSVRC2012_val_00002744_rank054,931,896,0.17445,717
ILSVRC2012_val_00017184_with_ILSVRC2012_val_00008671_rank702,637,896,0.31395,99
ILSVRC2012_val_00017184_with_ILSVRC2012_val_00029297_rank853,86,86,0.67671,0
ILSVRC2012_val_00017184_with_ILSVRC2012_val_00018017_rank145,376,376,0.50689,0
ILSVRC2012_val_00017184_with_ILSVRC2012_val_00046846_rank821,365,896,0.243,904
ILSVRC2012_val_00017184_with_ILSVRC2012_val_00012304_rank561,45,45,0.8998,0
ILSVRC2012_val_00017184_with_ILSVRC2012_val_00016076_rank770,200,200,0.59916,0
ILSVRC2012_val_00017184_with_ILSVRC2012_val_00019421_rank717,461,461,0.60333,0
ILSVRC2012_val_00017184_with_ILSVRC2012_val_00037699_rank962,743,896,0.31829,83
ILSVRC2012_val_00017184_with_ILSVRC2012_val_00017230_rank696,337,846,0.04926,605
ILSVRC2012_val_00017184_with_ILSVRC2012_val_00039613_rank938,600,600,0.52322,0
ILSVRC2012_val_00017184_with_ILSVRC2012_val_00003684_rank965,413,764,0.46313,1
ILSVRC2012_val_00017184_with_ILSVRC2012_val_00002868_rank704,458,458,0.64864,0
ILSVRC2012_val_00017184_with_ILSVRC2012_val_00025148_rank179,898,898,0.61192,0
ILSVRC2012_val_00017184_with_ILSVRC2012_val_00035539_rank706,661,661,0.86105,0
ILSVRC2012_val_00017184_with_ILSVRC2012_val_00007693_rank322,857,857,0.48409,0
ILSVRC2012_val_00017184_with_ILSVRC2012_val_00035952_rank738,179,208,0.39087,8
ILSVRC2012_val_00017184_with_ILSVRC2012_val_00027165_rank805,231,231,0.56763,0
ILSVRC2012_val_00017184_with_ILSVRC2012_val_00045019_rank616,63,63,0.76626,0
ILSVRC2012_val_00017184_with_ILSVRC2012_val_00014554_rank203,808,526,0.28752,673
ILSVRC2012_val_00017184_with_ILSVRC2012_val_00030655_rank729,775,896,0.24615,617
ILSVRC2012_val_00017184_with_ILSVRC2012_val_00023804_rank010,953,953,0.73661,0
ILSVRC2012_val_00017184_with_ILSVRC2012_val_00043097_rank373,149,896,0.27175,459
ILSVRC2012_val_00017184_with_ILSVRC2012_val_00026124_rank777,703,896,0.70916,458
ILSVRC2012_val_00017184_with_ILSVRC2012_val_00045003_rank605,557,894,0.09052,333
ILSVRC2012_val_00017184_with_ILSVRC2012_val_00031212_rank924,56,56,0.94356,0
ILSVRC2012_val_00017184_with_ILSVRC2012_val_00028113_rank268,32,36,0.37821,16
ILSVRC2012_val_00017184_with_ILSVRC2012_val_00020745_rank845,745,745,0.86151,0
ILSVRC2012_val_00017184_with_ILSVRC2012_val_00004680_rank731,824,894,0.41821,72
ILSVRC2012_val_00017184_with_ILSVRC2012_val_00036401_rank626,289,896,0.47855,514
ILSVRC2012_val_00017184_with_ILSVRC2012_val_00030321_rank333,5,518,0.25065,763
ILSVRC2012_val_00017184_with_ILSVRC2012_val_00014745_rank772,214,214,0.87379,0
ILSVRC2012_val_00017184_with_ILSVRC2012_val_00012515_rank709,188,188,0.29064,0
ILSVRC2012_val_00017184_with_ILSVRC2012_val_00030751_rank744,802,896,0.44593,737
ILSVRC2012_val_00017184_with_ILSVRC2012_val_00028019_rank942,404,896,0.11661,715
ILSVRC2012_val_00017184_with_ILSVRC2012_val_00011262_rank072,47,47,0.78665,0
ILSVRC2012_val_00017184_with_ILSVRC2012_val_00037375_rank894,758,896,0.23798,607
ILSVRC2012_val_00017184_with_ILSVRC2012_val_00024218_rank948,249,249,0.34759,0
ILSVRC2012_val_00017184_with_ILSVRC2012_val_00004004_rank658,305,307,0.77451,5
ILSVRC2012_val_00017184_with_ILSVRC2012_val_00021098_rank004,954,954,0.68861,0
ILSVRC2012_val_00017184_with_ILSVRC2012_val_00029709_rank165,12,896,0.38388,484
ILSVRC2012_val_00017184_with_ILSVRC2012_val_00020910_rank924,56,532,0.07539,626
ILSVRC2012_val_00017184_with_ILSVRC2012_val_00005986_rank746,546,896,0.16057,248
ILSVRC2012_val_00017184_with_ILSVRC2012_val_00045338_rank218,50,50,0.23273,0
ILSVRC2012_val_00017184_with_ILSVRC2012_val_00023313_rank706,661,526,0.13522,87
ILSVRC2012_val_00017184_with_ILSVRC2012_val_00021868_rank492,488,784,0.2148,555
ILSVRC2012_val_00017184_with_ILSVRC2012_val_00042743_rank649,575,575,0.85802,0
ILSVRC2012_val_00017184_with_ILSVRC2012_val_00008679_rank579,192,192,0.7704,0
ILSVRC2012_val_00017184_with_ILSVRC2012_val_00000544_rank816,820,744,0.34571,57
ILSVRC2012_val_00017184_with_ILSVRC2012_val_00027636_rank533,648,648,0.56501,0
ILSVRC2012_val_00017184_with_ILSVRC2012_val_00043581_rank295,578,578,0.9052,0
ILSVRC2012_val_00017184_with_ILSVRC2012_val_00010539_rank479,127,127,0.88593,0
ILSVRC2012_val_00017184_with_ILSVRC2012_val_00014066_rank900,807,896,0.16363,319
ILSVRC2012_val_00017184_with_ILSVRC2012_val_00025030_rank885,606,606,0.84229,0
ILSVRC2012_val_00017184_with_ILSVRC2012_val_00016723_rank297,513,731,0.21175,66
ILSVRC2012_val_00017184_with_ILSVRC2012_val_00017024_rank158,17,17,0.77708,0
ILSVRC2012_val_00017184_with_ILSVRC2012_val_00003299_rank992,361,361,0.82916,0
ILSVRC2012_val_00017184_with_ILSVRC2012_val_00049068_rank969,764,471,0.2,6
ILSVRC2012_val_00017184_with_ILSVRC2012_val_00019422_rank685,996,996,0.89561,0
ILSVRC2012_val_00017184_with_ILSVRC2012_val_00037907_rank560,228,228,0.76428,0
ILSVRC2012_val_00017184_with_ILSVRC2012_val_00027301_rank333,5,5,0.7133,0
ILSVRC2012_val_00017184_with_ILSVRC2012_val_00048505_rank540,76,76,0.38315,0
ILSVRC2012_val_00017184_with_ILSVRC2012_val_00039297_rank460,909,909,0.7354,0
ILSVRC2012_val_00017184_with_ILSVRC2012_val_00008699_rank386,772,896,0.4742,716
ILSVRC2012_val_00017184_with_ILSVRC2012_val_00019331_rank420,497,896,0.25028,334
ILSVRC2012_val_00017184_with_ILSVRC2012_val_00038420_rank018,924,924,0.84801,0
ILSVRC2012_val_00017184_with_ILSVRC2012_val_00024891_rank785,472,896,0.35925,793
ILSVRC2012_val_00017184_with_ILSVRC2012_val_00005580_rank943,363,363,0.84575,0
ILSVRC2012_val_00017184_with_ILSVRC2012_val_00041795_rank019,852,852,0.29567,0
ILSVRC2012_val_00017184_with_ILSVRC2012_val_00003196_rank805,231,230,0.44351,2
ILSVRC2012_val_00017184_with_ILSVRC2012_val_00025423_rank806,204,155,0.5925,1
ILSVRC2012_val_00017184_with_ILSVRC2012_val_00043934_rank353,993,928,0.31483,237
ILSVRC2012_val_00017184_with_ILSVRC2012_val_00049398_rank506,854,831,0.23769,62
ILSVRC2012_val_00017184_with_ILSVRC2012_val_00037420_rank251,19,19,0.78127,0
ILSVRC2012_val_00017184_with_ILSVRC2012_val_00004128_rank905,786,786,0.84352,0
ILSVRC2012_val_00017184_with_ILSVRC2012_val_00009160_rank364,499,532,0.55147,98
ILSVRC2012_val_00017184_with_ILSVRC2012_val_00028936_rank628,260,260,0.84427,0
ILSVRC2012_val_00017184_with_ILSVRC2012_val_00028010_rank792,247,247,0.88859,0
ILSVRC2012_val_00017184_with_ILSVRC2012_val_00006251_rank333,5,896,0.17671,523
ILSVRC2012_val_00017184_with_ILSVRC2012_val_00016392_rank663,54,54,0.36853,0
ILSVRC2012_val_00017184_with_ILSVRC2012_val_00023288_rank204,605,605,0.51684,0
ILSVRC2012_val_00017184_with_ILSVRC2012_val_00009967_rank645,475,475,0.63389,0
ILSVRC2012_val_00017184_with_ILSVRC2012_val_00045932_rank605,557,896,0.28321,992
ILSVRC2012_val_00017184_with_ILSVRC2012_val_00044135_rank945,226,204,0.39007,18
ILSVRC2012_val_00017184_with_ILSVRC2012_val_00000218_rank477,77,77,0.8402,0
ILSVRC2012_val_00017184_with_ILSVRC2012_val_00021490_rank087,378,378,0.89553,0
ILSVRC2012_val_00017184_with_ILSVRC2012_val_00014621_rank539,894,894,0.51832,0
ILSVRC2012_val_00017184_with_ILSVRC2012_val_00020130_rank934,812,896,0.74829,607
ILSVRC2012_val_00017184_with_ILSVRC2012_val_00001978_rank385,732,732,0.82699,0
ILSVRC2012_val_00017184_with_ILSVRC2012_val_00039839_rank048,393,393,0.83778,0
ILSVRC2012_val_00017184_with_ILSVRC2012_val_00031661_rank387,534,534,0.66174,0
ILSVRC2012_val_00017184_with_ILSVRC2012_val_00049278_rank865,345,345,0.83405,0
ILSVRC2012_val_00017184_with_ILSVRC2012_val_00041115_rank935,227,234,0.29849,10
ILSVRC2012_val_00017184_with_ILSVRC2012_val_00004073_rank765,157,896,0.56562,955
ILSVRC2012_val_00017184_with_ILSVRC2012_val_00028541_rank262,814,788,0.55708,832
ILSVRC2012_val_00017184_with_ILSVRC2012_val_00046588_rank507,642,642,0.60462,0
ILSVRC2012_val_00017184_with_ILSVRC2012_val_00008816_rank105,20,20,0.89194,0
ILSVRC2012_val_00017184_with_ILSVRC2012_val_00015937_rank966,827,827,0.51374,0
ILSVRC2012_val_00017184_with_ILSVRC2012_val_00043199_rank664,182,182,0.76511,0
ILSVRC2012_val_00017184_with_ILSVRC2012_val_00007165_rank858,233,183,0.80475,2
ILSVRC2012_val_00017184_with_ILSVRC2012_val_00025486_rank996,456,456,0.95127,0
ILSVRC2012_val_00017184_with_ILSVRC2012_val_00001127_rank905,786,589,0.33064,19
ILSVRC2012_val_00017184_with_ILSVRC2012_val_00011432_rank210,8,457,0.09778,906
ILSVRC2012_val_00017184_with_ILSVRC2012_val_00003620_rank642,566,566,0.15196,0
ILSVRC2012_val_00017184_with_ILSVRC2012_val_00044580_rank248,62,896,0.64127,883
ILSVRC2012_val_00017184_with_ILSVRC2012_val_00039400_rank907,344,896,0.50052,815
ILSVRC2012_val_00017184_with_ILSVRC2012_val_00042180_rank361,302,306,0.11759,7
ILSVRC2012_val_00017184_with_ILSVRC2012_val_00005243_rank795,334,334,0.76879,0
ILSVRC2012_val_00017184_with_ILSVRC2012_val_00049350_rank178,29,29,0.86173,0
ILSVRC2012_val_00017184_with_ILSVRC2012_val_00046865_rank315,853,896,0.64437,983
ILSVRC2012_val_00017184_with_ILSVRC2012_val_00013728_rank565,201,896,0.39514,967
ILSVRC2012_val_00017184_with_ILSVRC2012_val_00016308_rank764,42,42,0.47803,0
ILSVRC2012_val_00017184_with_ILSVRC2012_val_00000246_rank584,349,349,0.52406,0
ILSVRC2012_val_00017184_with_ILSVRC2012_val_00041832_rank264,83,24,0.13414,10
ILSVRC2012_val_00017184_with_ILSVRC2012_val_00041028_rank176,91,91,0.50834,0
ILSVRC2012_val_00017184_with_ILSVRC2012_val_00031324_rank654,689,896,0.12935,719
ILSVRC2012_val_00017184_with_ILSVRC2012_val_00024391_rank838,839,896,0.84039,921
ILSVRC2012_val_00017184_with_ILSVRC2012_val_00019402_rank627,186,151,0.41529,14
ILSVRC2012_val_00017184_with_ILSVRC2012_val_00026189_rank942,404,894,0.33057,786
ILSVRC2012_val_00017184_with_ILSVRC2012_val_00040859_rank853,86,86,0.68483,0
ILSVRC2012_val_00017184_with_ILSVRC2012_val_00036393_rank260,664,664,0.3724,0
ILSVRC2012_val_00017184_with_ILSVRC2012_val_00007087_rank084,932,932,0.90725,0
ILSVRC2012_val_00017184_with_ILSVRC2012_val_00035860_rank143,896,896,0.87838,0
ILSVRC2012_val_00017184_with_ILSVRC2012_val_00001935_rank273,6,6,0.61703,0
ILSVRC2012_val_00017184_with_ILSVRC2012_val_00044119_rank155,145,145,0.78021,0
ILSVRC2012_val_00017184_with_ILSVRC2012_val_00033413_rank925,420,420,0.88886,0
ILSVRC2012_val_00017184_with_ILSVRC2012_val_00008452_rank402,769,896,0.28681,366
ILSVRC2012_val_00017184_with_ILSVRC2012_val_00038493_rank067,74,896,0.46684,693
ILSVRC2012_val_00017184_with_ILSVRC2012_val_00029875_rank396,143,749,0.14353,601
ILSVRC2012_val_00017184_with_ILSVRC2012_val_00045788_rank976,862,526,0.07861,379
ILSVRC2012_val_00017184_with_ILSVRC2012_val_00004347_rank009,957,896,0.54151,381
ILSVRC2012_val_00017184_with_ILSVRC2012_val_00049485_rank738,179,246,0.35661,11
ILSVRC2012_val_00017184_with_ILSVRC2012_val_00027985_rank112,93,93,0.88636,0
ILSVRC2012_val_00017184_with_ILSVRC2012_val_00002446_rank902,676,894,0.18424,948
ILSVRC2012_val_00017184_with_ILSVRC2012_val_00041389_rank859,781,922,0.63475,8
ILSVRC2012_val_00017184_with_ILSVRC2012_val_00046137_rank342,368,368,0.78261,0
ILSVRC2012_val_00017184_with_ILSVRC2012_val_00037948_rank391,389,87,0.91492,279
ILSVRC2012_val_00017184_with_ILSVRC2012_val_00049931_rank975,238,208,0.63593,19
ILSVRC2012_val_00017184_with_ILSVRC2012_val_00010434_rank231,712,787,0.29629,348
ILSVRC2012_val_00017184_with_ILSVRC2012_val_00022143_rank082,722,896,0.45434,144
ILSVRC2012_val_00017184_with_ILSVRC2012_val_00023093_rank758,789,526,0.26284,25
ILSVRC2012_val_00017184_with_ILSVRC2012_val_00017079_rank486,395,896,0.10398,846
ILSVRC2012_val_00017184_with_ILSVRC2012_val_00046001_rank733,718,494,0.65746,700
ILSVRC2012_val_00017184_with_ILSVRC2012_val_00024704_rank128,15,15,0.85353,0
ILSVRC2012_val_00017184_with_ILSVRC2012_val_00000084_rank232,58,894,0.23527,544
ILSVRC2012_val_00017184_with_ILSVRC2012_val_00034445_rank632,486,745,0.22646,61
ILSVRC2012_val_00017184_with_ILSVRC2012_val_00009336_rank515,278,278,0.73353,0
ILSVRC2012_val_00017184_with_ILSVRC2012_val_00015797_rank174,767,929,0.30559,28
ILSVRC2012_val_00017184_with_ILSVRC2012_val_00018727_rank741,554,896,0.71046,582
ILSVRC2012_val_00017184_with_ILSVRC2012_val_00037054_rank807,347,347,0.29061,0
ILSVRC2012_val_00017184_with_ILSVRC2012_val_00029619_rank210,8,8,0.80775,0
ILSVRC2012_val_00017184_with_ILSVRC2012_val_00049389_rank626,289,289,0.63993,0
ILSVRC2012_val_00017184_with_ILSVRC2012_val_00007248_rank617,787,787,0.94239,0
ILSVRC2012_val_00017184_with_ILSVRC2012_val_00036373_rank366,592,748,0.26345,59
ILSVRC2012_val_00017184_with_ILSVRC2012_val_00025726_rank970,212,896,0.30364,838
ILSVRC2012_val_00017184_with_ILSVRC2012_val_00021792_rank893,614,614,0.2522,0
ILSVRC2012_val_00017184_with_ILSVRC2012_val_00039815_rank731,824,894,0.21978,72
ILSVRC2012_val_00017184_with_ILSVRC2012_val_00037578_rank194,550,550,0.88259,0
ILSVRC2012_val_00017184_with_ILSVRC2012_val_00032440_rank540,76,76,0.8546,0
ILSVRC2012_val_00017184_with_ILSVRC2012_val_00026965_rank101,95,95,0.83464,0
ILSVRC2012_val_00017184_with_ILSVRC2012_val_00043968_rank287,99,896,0.93471,695
ILSVRC2012_val_00017184_with_ILSVRC2012_val_00031361_rank718,282,282,0.34122,0
ILSVRC2012_val_00017184_with_ILSVRC2012_val_00013151_rank489,369,894,0.17231,774
ILSVRC2012_val_00017184_with_ILSVRC2012_val_00047356_rank872,222,203,0.4058,23
ILSVRC2012_val_00017184_with_ILSVRC2012_val_00037373_rank546,831,700,0.34465,77
ILSVRC2012_val_00017184_with_ILSVRC2012_val_00021118_rank471,521,544,0.28179,2
ILSVRC2012_val_00017184_with_ILSVRC2012_val_00012612_rank931,466,435,0.17455,64
ILSVRC2012_val_00017184_with_ILSVRC2012_val_00025381_rank238,125,125,0.91309,0
ILSVRC2012_val_00017184_with_ILSVRC2012_val_00013320_rank312,892,409,0.64262,1
ILSVRC2012_val_00017184_with_ILSVRC2012_val_00044251_rank360,685,685,0.81309,0
ILSVRC2012_val_00017184_with_ILSVRC2012_val_00027780_rank608,225,225,0.86769,0
ILSVRC2012_val_00017184_with_ILSVRC2012_val_00021786_rank444,44,44,0.88471,0
ILSVRC2012_val_00017184_with_ILSVRC2012_val_00003913_rank138,607,607,0.86234,0
ILSVRC2012_val_00017184_with_ILSVRC2012_val_00049192_rank525,443,443,0.49684,0
ILSVRC2012_val_00017184_with_ILSVRC2012_val_00011892_rank951,341,896,0.18158,836
ILSVRC2012_val_00017184_with_ILSVRC2012_val_00042598_rank749,529,896,0.47004,187
ILSVRC2012_val_00017184_with_ILSVRC2012_val_00048973_rank548,435,876,0.26435,1
ILSVRC2012_val_00017184_with_ILSVRC2012_val_00008759_rank855,863,863,0.87959,0
ILSVRC2012_val_00017184_with_ILSVRC2012_val_00012083_rank693,400,894,0.67052,40
ILSVRC2012_val_00017184_with_ILSVRC2012_val_00047613_rank617,787,787,0.1405,0
ILSVRC2012_val_00017184_with_ILSVRC2012_val_00006530_rank832,864,609,0.8469,8
ILSVRC2012_val_00017184_with_ILSVRC2012_val_00008864_rank097,929,896,0.07356,914
ILSVRC2012_val_00017184_with_ILSVRC2012_val_00044536_rank261,531,531,0.69107,0
ILSVRC2012_val_00017184_with_ILSVRC2012_val_00021344_rank133,850,209,0.59614,141
ILSVRC2012_val_00017184_with_ILSVRC2012_val_00041992_rank838,839,839,0.28804,0
ILSVRC2012_val_00017184_with_ILSVRC2012_val_00007902_rank545,630,894,0.63723,515
ILSVRC2012_val_00017184_with_ILSVRC2012_val_00009758_rank683,532,896,0.89097,26
ILSVRC2012_val_00017184_with_ILSVRC2012_val_00012372_rank372,106,106,0.20362,0
ILSVRC2012_val_00017184_with_ILSVRC2012_val_00011475_rank636,425,425,0.29611,0
ILSVRC2012_val_00017184_with_ILSVRC2012_val_00033804_rank937,867,896,0.42041,692
ILSVRC2012_val_00017184_with_ILSVRC2012_val_00002666_rank117,773,828,0.49876,46
ILSVRC2012_val_00017184_with_ILSVRC2012_val_00036829_rank468,691,896,0.23776,199
ILSVRC2012_val_00017184_with_ILSVRC2012_val_00020820_rank912,431,846,0.31322,96
ILSVRC2012_val_00017184_with_ILSVRC2012_val_00038460_rank891,882,788,0.77557,43
ILSVRC2012_val_00017184_with_ILSVRC2012_val_00032894_rank802,717,745,0.23008,136
ILSVRC2012_val_00017184_with_ILSVRC2012_val_00030651_rank309,292,896,0.34452,686
ILSVRC2012_val_00017184_with_ILSVRC2012_val_00049271_rank836,451,823,0.33615,8
ILSVRC2012_val_00017184_with_ILSVRC2012_val_00000562_rank931,466,882,0.16273,106
ILSVRC2012_val_00017184_with_ILSVRC2012_val_00045332_rank472,713,713,0.63982,0
ILSVRC2012_val_00017184_with_ILSVRC2012_val_00038538_rank171,380,380,0.31989,0
ILSVRC2012_val_00017184_with_ILSVRC2012_val_00038175_rank899,573,788,0.6931,43
ILSVRC2012_val_00017184_with_ILSVRC2012_val_00032636_rank064,737,440,0.45436,1
ILSVRC2012_val_00017184_with_ILSVRC2012_val_00045945_rank077,113,113,0.86975,0
ILSVRC2012_val_00017184_with_ILSVRC2012_val_00039711_rank770,200,202,0.24748,15
ILSVRC2012_val_00017184_with_ILSVRC2012_val_00022487_rank003,948,948,0.86272,0
ILSVRC2012_val_00017184_with_ILSVRC2012_val_00048619_rank530,770,770,0.57029,0
ILSVRC2012_val_00017184_with_ILSVRC2012_val_00021267_rank689,388,388,0.50946,0
ILSVRC2012_val_00017184_with_ILSVRC2012_val_00033367_rank878,423,423,0.89101,0
ILSVRC2012_val_00017184_with_ILSVRC2012_val_00025500_rank696,337,337,0.45775,0
ILSVRC2012_val_00017184_with_ILSVRC2012_val_00042492_rank142,809,470,0.32316,89
ILSVRC2012_val_00017184_with_ILSVRC2012_val_00027762_rank189,7,7,0.27387,0
ILSVRC2012_val_00017184_with_ILSVRC2012_val_00024546_rank951,341,341,0.18099,0
ILSVRC2012_val_00017184_with_ILSVRC2012_val_00033817_rank318,70,896,0.33873,904
ILSVRC2012_val_00017184_with_ILSVRC2012_val_00000278_rank118,92,92,0.77268,0
ILSVRC2012_val_00017184_with_ILSVRC2012_val_00044178_rank144,604,896,0.18976,84
ILSVRC2012_val_00017184_with_ILSVRC2012_val_00043589_rank679,447,447,0.61938,0
ILSVRC2012_val_00017184_with_ILSVRC2012_val_00031700_rank808,653,653,0.84586,0
ILSVRC2012_val_00017184_with_ILSVRC2012_val_00009776_rank097,929,929,0.95011,0
ILSVRC2012_val_00017184_with_ILSVRC2012_val_00031433_rank890,190,229,0.44237,7
ILSVRC2012_val_00017184_with_ILSVRC2012_val_00032663_rank248,62,896,0.57913,883
ILSVRC2012_val_00017184_with_ILSVRC2012_val_00024384_rank545,630,788,0.71472,7
ILSVRC2012_val_00017184_with_ILSVRC2012_val_00018089_rank041,828,567,0.13347,9
ILSVRC2012_val_00017184_with_ILSVRC2012_val_00000162_rank539,894,894,0.6504,0
ILSVRC2012_val_00017184_with_ILSVRC2012_val_00046455_rank119,396,396,0.81012,0
ILSVRC2012_val_00017184_with_ILSVRC2012_val_00030241_rank539,894,894,0.52822,0
ILSVRC2012_val_00017184_with_ILSVRC2012_val_00014646_rank928,407,407,0.8462,0
ILSVRC2012_val_00017184_with_ILSVRC2012_val_00045893_rank115,382,896,0.31343,812
ILSVRC2012_val_00017184_with_ILSVRC2012_val_00032146_rank301,105,105,0.72746,0
ILSVRC2012_val_00017184_with_ILSVRC2012_val_00031412_rank883,571,435,0.32852,312
ILSVRC2012_val_00017184_with_ILSVRC2012_val_00046858_rank306,994,596,0.36578,239
ILSVRC2012_val_00017184_with_ILSVRC2012_val_00040831_rank522,576,896,0.83144,746
ILSVRC2012_val_00017184_with_ILSVRC2012_val_00030291_rank505,215,215,0.69429,0
ILSVRC2012_val_00017184_with_ILSVRC2012_val_00021722_rank138,607,607,0.73341,0
ILSVRC2012_val_00017184_with_ILSVRC2012_val_00029882_rank777,703,532,0.29825,105
ILSVRC2012_val_00017184_with_ILSVRC2012_val_00006982_rank082,722,722,0.90988,0
ILSVRC2012_val_00017184_with_ILSVRC2012_val_00008945_rank727,203,203,0.84166,0
ILSVRC2012_val_00017184_with_ILSVRC2012_val_00015662_rank691,798,798,0.35305,0
ILSVRC2012_val_00017184_with_ILSVRC2012_val_00013475_rank998,246,243,0.33952,1
ILSVRC2012_val_00017184_with_ILSVRC2012_val_00020737_rank751,213,213,0.88684,0
ILSVRC2012_val_00017184_with_ILSVRC2012_val_00016715_rank572,419,929,0.40415,3
ILSVRC2012_val_00017184_with_ILSVRC2012_val_00046488_rank527,640,787,0.36616,11
ILSVRC2012_val_00017184_with_ILSVRC2012_val_00005957_rank306,994,532,0.1265,862
ILSVRC2012_val_00017184_with_ILSVRC2012_val_00022677_rank516,672,672,0.93558,0
ILSVRC2012_val_00017184_with_ILSVRC2012_val_00018056_rank298,577,787,0.72264,6
ILSVRC2012_val_00017184_with_ILSVRC2012_val_00004859_rank698,24,24,0.64811,0
ILSVRC2012_val_00017184_with_ILSVRC2012_val_00021649_rank752,652,652,0.88626,0
ILSVRC2012_val_00017184_with_ILSVRC2012_val_00037452_rank983,450,896,0.28558,285
ILSVRC2012_val_00017184_with_ILSVRC2012_val_00048927_rank162,790,462,0.1738,6
ILSVRC2012_val_00017184_with_ILSVRC2012_val_00017132_rank648,209,209,0.8132,0
ILSVRC2012_val_00017184_with_ILSVRC2012_val_00020180_rank147,30,40,0.31997,39
ILSVRC2012_val_00017184_with_ILSVRC2012_val_00033969_rank511,295,708,0.05707,880
ILSVRC2012_val_00017184_with_ILSVRC2012_val_00046220_rank478,207,208,0.82921,2
ILSVRC2012_val_00017184_with_ILSVRC2012_val_00040306_rank570,427,427,0.24836,0
ILSVRC2012_val_00017184_with_ILSVRC2012_val_00038202_rank236,28,894,0.09008,702
ILSVRC2012_val_00017184_with_ILSVRC2012_val_00038107_rank735,158,158,0.76926,0
ILSVRC2012_val_00017184_with_ILSVRC2012_val_00017676_rank505,215,215,0.44152,0
ILSVRC2012_val_00017184_with_ILSVRC2012_val_00038472_rank593,501,894,0.29914,69
ILSVRC2012_val_00017184_with_ILSVRC2012_val_00014054_rank974,757,757,0.81103,0
ILSVRC2012_val_00017184_with_ILSVRC2012_val_00024982_rank933,559,532,0.3066,2
ILSVRC2012_val_00017184_with_ILSVRC2012_val_00040084_rank523,597,896,0.45305,688
ILSVRC2012_val_00017184_with_ILSVRC2012_val_00027328_rank925,420,526,0.14258,473
ILSVRC2012_val_00017184_with_ILSVRC2012_val_00029192_rank131,323,323,0.83545,0
ILSVRC2012_val_00017184_with_ILSVRC2012_val_00027000_rank394,470,532,0.2386,36
ILSVRC2012_val_00017184_with_ILSVRC2012_val_00031429_rank465,300,303,0.2862,2
ILSVRC2012_val_00017184_with_ILSVRC2012_val_00009235_rank162,790,790,0.85751,0
ILSVRC2012_val_00017184_with_ILSVRC2012_val_00011117_rank403,825,896,0.38162,308
ILSVRC2012_val_00017184_with_ILSVRC2012_val_00038751_rank948,249,249,0.75806,0
ILSVRC2012_val_00017184_with_ILSVRC2012_val_00032173_rank415,483,532,0.47622,141
ILSVRC2012_val_00017184_with_ILSVRC2012_val_00035532_rank718,282,282,0.30769,0
ILSVRC2012_val_00017184_with_ILSVRC2012_val_00004990_rank734,386,894,0.19186,932
ILSVRC2012_val_00017184_with_ILSVRC2012_val_00035797_rank361,302,302,0.47777,0
ILSVRC2012_val_00017184_with_ILSVRC2012_val_00028419_rank173,519,896,0.20651,650
ILSVRC2012_val_00017184_with_ILSVRC2012_val_00008260_rank481,878,810,0.46786,1
ILSVRC2012_val_00017184_with_ILSVRC2012_val_00042610_rank361,302,302,0.77209,0
ILSVRC2012_val_00017184_with_ILSVRC2012_val_00042027_rank794,49,50,0.90501,1
ILSVRC2012_val_00017184_with_ILSVRC2012_val_00038371_rank980,150,894,0.21593,665
ILSVRC2012_val_00017184_with_ILSVRC2012_val_00040658_rank725,52,60,0.40184,3
ILSVRC2012_val_00017184_with_ILSVRC2012_val_00015903_rank016,11,11,0.91445,0
ILSVRC2012_val_00017184_with_ILSVRC2012_val_00011165_rank818,264,264,0.69658,0
ILSVRC2012_val_00017184_with_ILSVRC2012_val_00011780_rank078,324,324,0.31223,0
ILSVRC2012_val_00017184_with_ILSVRC2012_val_00009464_rank582,267,267,0.14474,0
ILSVRC2012_val_00017184_with_ILSVRC2012_val_00005013_rank856,526,526,0.83023,0
ILSVRC2012_val_00017184_with_ILSVRC2012_val_00038566_rank145,376,376,0.34484,0
ILSVRC2012_val_00017184_with_ILSVRC2012_val_00040280_rank004,954,954,0.50135,0
ILSVRC2012_val_00017184_with_ILSVRC2012_val_00002194_rank730,232,896,0.42142,873
ILSVRC2012_val_00017184_with_ILSVRC2012_val_00004659_rank358,126,314,0.63547,7
ILSVRC2012_val_00017184_with_ILSVRC2012_val_00024268_rank383,9,9,0.82743,0
ILSVRC2012_val_00017184_with_ILSVRC2012_val_00030705_rank872,222,896,0.13578,444
ILSVRC2012_val_00017184_with_ILSVRC2012_val_00014255_rank278,991,532,0.43679,273
ILSVRC2012_val_00017184_with_ILSVRC2012_val_00023796_rank221,94,94,0.9109,0
ILSVRC2012_val_00017184_with_ILSVRC2012_val_00013745_rank335,504,504,0.26731,0
ILSVRC2012_val_00017184_with_ILSVRC2012_val_00039154_rank170,752,752,0.84022,0
ILSVRC2012_val_00017184_with_ILSVRC2012_val_00008953_rank977,654,757,0.62016,3
ILSVRC2012_val_00017184_with_ILSVRC2012_val_00025268_rank476,33,36,0.33716,2
ILSVRC2012_val_00017184_with_ILSVRC2012_val_00042718_rank169,947,849,0.41217,240
ILSVRC2012_val_00017184_with_ILSVRC2012_val_00013797_rank067,74,896,0.15524,693
ILSVRC2012_val_00017184_with_ILSVRC2012_val_00032116_rank028,942,532,0.21907,183
ILSVRC2012_val_00017184_with_ILSVRC2012_val_00011735_rank871,833,896,0.74935,152
ILSVRC2012_val_00017184_with_ILSVRC2012_val_00037072_rank427,800,800,0.71571,0
ILSVRC2012_val_00017184_with_ILSVRC2012_val_00000593_rank185,132,132,0.39166,0
ILSVRC2012_val_00017184_with_ILSVRC2012_val_00021253_rank814,569,569,0.75357,0
ILSVRC2012_val_00017184_with_ILSVRC2012_val_00021399_rank349,845,696,0.0733,21
ILSVRC2012_val_00017184_with_ILSVRC2012_val_00016829_rank123,379,379,0.10033,0
ILSVRC2012_val_00017184_with_ILSVRC2012_val_00037212_rank821,365,365,0.82216,0
ILSVRC2012_val_00017184_with_ILSVRC2012_val_00037384_rank397,893,893,0.45612,0
ILSVRC2012_val_00017184_with_ILSVRC2012_val_00049973_rank511,295,295,0.87652,0
ILSVRC2012_val_00017184_with_ILSVRC2012_val_00038134_rank411,387,358,0.20074,2
ILSVRC2012_val_00017184_with_ILSVRC2012_val_00037937_rank089,711,899,0.13957,68
ILSVRC2012_val_00017184_with_ILSVRC2012_val_00033341_rank779,224,223,0.43499,2
ILSVRC2012_val_00017184_with_ILSVRC2012_val_00015605_rank435,274,277,0.12391,3
ILSVRC2012_val_00017184_with_ILSVRC2012_val_00021593_rank046,64,64,0.83534,0
ILSVRC2012_val_00017184_with_ILSVRC2012_val_00046529_rank341,78,117,0.16381,34
ILSVRC2012_val_00017184_with_ILSVRC2012_val_00020881_rank863,687,894,0.14373,31
ILSVRC2012_val_00017184_with_ILSVRC2012_val_00045901_rank766,165,236,0.28094,2
ILSVRC2012_val_00017184_with_ILSVRC2012_val_00000721_rank447,418,563,0.15643,1
ILSVRC2012_val_00017184_with_ILSVRC2012_val_00031830_rank069,990,956,0.20882,8
ILSVRC2012_val_00017184_with_ILSVRC2012_val_00008352_rank067,74,73,0.15648,2
ILSVRC2012_val_00017184_with_ILSVRC2012_val_00001264_rank837,694,637,0.17533,550
ILSVRC2012_val_00017184_with_ILSVRC2012_val_00027492_rank887,193,193,0.58926,0
ILSVRC2012_val_00017184_with_ILSVRC2012_val_00027836_rank270,340,340,0.87617,0
ILSVRC2012_val_00017184_with_ILSVRC2012_val_00017185_rank589,27,27,0.41678,0
ILSVRC2012_val_00017184_with_ILSVRC2012_val_00017115_rank063,315,312,0.39076,3
ILSVRC2012_val_00017184_with_ILSVRC2012_val_00031803_rank169,947,896,0.33972,563
ILSVRC2012_val_00017184_with_ILSVRC2012_val_00009830_rank482,371,371,0.56692,0
ILSVRC2012_val_00017184_with_ILSVRC2012_val_00014652_rank149,973,894,0.25171,340
ILSVRC2012_val_00017184_with_ILSVRC2012_val_00036288_rank799,768,788,0.18703,96
ILSVRC2012_val_00017184_with_ILSVRC2012_val_00000844_rank637,699,831,0.13874,94
ILSVRC2012_val_00017184_with_ILSVRC2012_val_00037083_rank608,225,225,0.50743,0
ILSVRC2012_val_00017184_with_ILSVRC2012_val_00047068_rank863,687,846,0.11536,221
ILSVRC2012_val_00017184_with_ILSVRC2012_val_00012355_rank266,266,265,0.57238,1
ILSVRC2012_val_00017184_with_ILSVRC2012_val_00007917_rank798,912,896,0.36666,998
ILSVRC2012_val_00017184_with_ILSVRC2012_val_00045990_rank363,920,894,0.19202,717
ILSVRC2012_val_00017184_with_ILSVRC2012_val_00041803_rank253,322,322,0.64961,0
ILSVRC2012_val_00017184_with_ILSVRC2012_val_00037882_rank239,117,117,0.8655,0
ILSVRC2012_val_00017184_with_ILSVRC2012_val_00008011_rank692,43,43,0.53316,0
ILSVRC2012_val_00017184_with_ILSVRC2012_val_00026871_rank349,845,845,0.64045,0
ILSVRC2012_val_00017184_with_ILSVRC2012_val_00042957_rank866,851,598,0.52686,3
ILSVRC2012_val_00017184_with_ILSVRC2012_val_00000528_rank778,80,896,0.34345,933
ILSVRC2012_val_00017184_with_ILSVRC2012_val_00002583_rank426,350,896,0.02754,632
ILSVRC2012_val_00017184_with_ILSVRC2012_val_00006540_rank262,814,896,0.73265,481
ILSVRC2012_val_00017184_with_ILSVRC2012_val_00014449_rank752,652,894,0.22329,679
ILSVRC2012_val_00017184_with_ILSVRC2012_val_00041673_rank478,207,284,0.40589,71
ILSVRC2012_val_00017184_with_ILSVRC2012_val_00045423_rank292,832,896,0.37905,624
ILSVRC2012_val_00017184_with_ILSVRC2012_val_00029517_rank763,777,896,0.18463,528
ILSVRC2012_val_00017184_with_ILSVRC2012_val_00026827_rank182,658,532,0.25657,556
ILSVRC2012_val_00017184_with_ILSVRC2012_val_00018402_rank609,558,896,0.65198,555
ILSVRC2012_val_00017184_with_ILSVRC2012_val_00021497_rank218,50,112,0.70444,348
ILSVRC2012_val_00017184_with_ILSVRC2012_val_00049789_rank802,717,609,0.27165,7
ILSVRC2012_val_00017184_with_ILSVRC2012_val_00044231_rank565,201,201,0.38733,0
ILSVRC2012_val_00017184_with_ILSVRC2012_val_00022264_rank745,156,155,0.16748,6
ILSVRC2012_val_00017184_with_ILSVRC2012_val_00006050_rank981,134,99,0.25718,5
ILSVRC2012_val_00017184_with_ILSVRC2012_val_00043826_rank592,796,879,0.56562,428
ILSVRC2012_val_00017184_with_ILSVRC2012_val_00040235_rank799,768,768,0.93278,0
ILSVRC2012_val_00017184_with_ILSVRC2012_val_00019881_rank870,568,894,0.17483,101
ILSVRC2012_val_00017184_with_ILSVRC2012_val_00004154_rank473,651,859,0.71393,5
ILSVRC2012_val_00017184_with_ILSVRC2012_val_00031234_rank842,469,526,0.45261,126
ILSVRC2012_val_00017184_with_ILSVRC2012_val_00007865_rank572,419,894,0.3747,278
ILSVRC2012_val_00017184_with_ILSVRC2012_val_00020524_rank862,511,745,0.66143,227
ILSVRC2012_val_00017184_with_ILSVRC2012_val_00048783_rank319,202,204,0.17656,3
ILSVRC2012_val_00017184_with_ILSVRC2012_val_00049229_rank467,166,240,0.16257,25
ILSVRC2012_val_00017184_with_ILSVRC2012_val_00038710_rank224,364,103,0.28564,31
ILSVRC2012_val_00017184_with_ILSVRC2012_val_00029304_rank306,994,587,0.65433,585
ILSVRC2012_val_00017184_with_ILSVRC2012_val_00019535_rank975,238,240,0.47502,3
ILSVRC2012_val_00017184_with_ILSVRC2012_val_00012813_rank359,834,896,0.21256,191
ILSVRC2012_val_00017184_with_ILSVRC2012_val_00005737_rank455,829,829,0.68875,0
ILSVRC2012_val_00017184_with_ILSVRC2012_val_00048257_rank498,34,34,0.50514,0
ILSVRC2012_val_00017184_with_ILSVRC2012_val_00010580_rank033,939,939,0.19146,0
ILSVRC2012_val_00017184_with_ILSVRC2012_val_00003589_rank761,821,896,0.46273,806
ILSVRC2012_val_00017184_with_ILSVRC2012_val_00047753_rank210,8,8,0.69154,0
ILSVRC2012_val_00017184_with_ILSVRC2012_val_00049689_rank564,493,526,0.44605,9
ILSVRC2012_val_00017184_with_ILSVRC2012_val_00005047_rank403,825,896,0.78013,308
ILSVRC2012_val_00017184_with_ILSVRC2012_val_00037135_rank219,2,2,0.36263,0
ILSVRC2012_val_00017184_with_ILSVRC2012_val_00015246_rank049,936,532,0.83692,509
ILSVRC2012_val_00017184_with_ILSVRC2012_val_00040443_rank418,680,896,0.35025,532
ILSVRC2012_val_00017184_with_ILSVRC2012_val_00035003_rank388,352,894,0.33027,823
ILSVRC2012_val_00017184_with_ILSVRC2012_val_00011682_rank861,210,210,0.84739,0
ILSVRC2012_val_00017184_with_ILSVRC2012_val_00022724_rank122,997,469,0.08346,583
ILSVRC2012_val_00017184_with_ILSVRC2012_val_00033555_rank096,115,896,0.3739,777
ILSVRC2012_val_00017184_with_ILSVRC2012_val_00023461_rank774,384,894,0.37868,455
ILSVRC2012_val_00017184_with_ILSVRC2012_val_00047021_rank374,293,293,0.29781,0
ILSVRC2012_val_00017184_with_ILSVRC2012_val_00038319_rank824,880,896,0.32619,433
ILSVRC2012_val_00017184_with_ILSVRC2012_val_00020547_rank017,941,941,0.8821,0
ILSVRC2012_val_00017184_with_ILSVRC2012_val_00011723_rank403,825,896,0.45495,308
ILSVRC2012_val_00017184_with_ILSVRC2012_val_00005204_rank934,812,894,0.29325,212
ILSVRC2012_val_00017184_with_ILSVRC2012_val_00014957_rank613,265,265,0.65038,0
ILSVRC2012_val_00017184_with_ILSVRC2012_val_00040271_rank296,593,896,0.73324,556
ILSVRC2012_val_00017184_with_ILSVRC2012_val_00028404_rank282,913,896,0.22611,692
ILSVRC2012_val_00017184_with_ILSVRC2012_val_00000680_rank310,668,462,0.05896,437
ILSVRC2012_val_00017184_with_ILSVRC2012_val_00049838_rank345,464,464,0.52339,0
ILSVRC2012_val_00017184_with_ILSVRC2012_val_00037044_rank096,115,112,0.19436,29
ILSVRC2012_val_00017184_with_ILSVRC2012_val_00034721_rank162,790,710,0.15439,953
ILSVRC2012_val_00017184_with_ILSVRC2012_val_00014455_rank767,674,896,0.82395,330
ILSVRC2012_val_00017184_with_ILSVRC2012_val_00033693_rank511,295,295,0.90293,0
ILSVRC2012_val_00017184_with_ILSVRC2012_val_00003421_rank494,69,69,0.77529,0
ILSVRC2012_val_00017184_with_ILSVRC2012_val_00043845_rank743,262,262,0.87937,0
ILSVRC2012_val_00017184_with_ILSVRC2012_val_00017166_rank277,448,448,0.84871,0
ILSVRC2012_val_00017184_with_ILSVRC2012_val_00006914_rank062,928,529,0.06427,199
ILSVRC2012_val_00017184_with_ILSVRC2012_val_00008730_rank130,397,5,0.30259,5
ILSVRC2012_val_00017184_with_ILSVRC2012_val_00008074_rank810,374,374,0.20959,0
ILSVRC2012_val_00017184_with_ILSVRC2012_val_00003316_rank817,866,526,0.17976,208
ILSVRC2012_val_00017184_with_ILSVRC2012_val_00020994_rank476,33,33,0.68563,0
ILSVRC2012_val_00017184_with_ILSVRC2012_val_00045835_rank104,644,939,0.44332,574
ILSVRC2012_val_00017184_with_ILSVRC2012_val_00042049_rank350,37,33,0.52521,3
ILSVRC2012_val_00017184_with_ILSVRC2012_val_00017879_rank543,230,230,0.85882,0
ILSVRC2012_val_00017184_with_ILSVRC2012_val_00020392_rank417,253,253,0.89334,0
ILSVRC2012_val_00017184_with_ILSVRC2012_val_00023451_rank787,690,879,0.04669,207
ILSVRC2012_val_00017184_with_ILSVRC2012_val_00043945_rank123,379,894,0.09976,440
ILSVRC2012_val_00017184_with_ILSVRC2012_val_00039085_rank399,276,276,0.9151,0
ILSVRC2012_val_00017184_with_ILSVRC2012_val_00031641_rank004,954,954,0.87027,0
ILSVRC2012_val_00017184_with_ILSVRC2012_val_00014008_rank045,309,309,0.80988,0
ILSVRC2012_val_00017184_with_ILSVRC2012_val_00013623_rank095,1,896,0.2192,160
ILSVRC2012_val_00017184_with_ILSVRC2012_val_00036046_rank705,734,751,0.20286,21
ILSVRC2012_val_00017184_with_ILSVRC2012_val_00037819_rank443,771,771,0.81074,0
ILSVRC2012_val_00017184_with_ILSVRC2012_val_00030440_rank104,644,846,0.16372,123
ILSVRC2012_val_00017184_with_ILSVRC2012_val_00040282_rank009,957,957,0.83083,0
ILSVRC2012_val_00017184_with_ILSVRC2012_val_00017788_rank962,743,743,0.22264,0
ILSVRC2012_val_00017184_with_ILSVRC2012_val_00012494_rank706,661,586,0.19279,1
ILSVRC2012_val_00017184_with_ILSVRC2012_val_00030376_rank646,617,617,0.91761,0
ILSVRC2012_val_00017184_with_ILSVRC2012_val_00024128_rank694,286,286,0.33798,0
ILSVRC2012_val_00017184_with_ILSVRC2012_val_00034762_rank871,833,896,0.59928,152
ILSVRC2012_val_00017184_with_ILSVRC2012_val_00026789_rank365,740,740,0.20732,0
ILSVRC2012_val_00017184_with_ILSVRC2012_val_00003148_rank538,643,857,0.16834,91
ILSVRC2012_val_00017184_with_ILSVRC2012_val_00039745_rank708,277,278,0.78238,1
ILSVRC2012_val_00017184_with_ILSVRC2012_val_00006757_rank435,274,263,0.19678,83
ILSVRC2012_val_00017184_with_ILSVRC2012_val_00047289_rank269,259,207,0.11336,12
ILSVRC2012_val_00017184_with_ILSVRC2012_val_00019850_rank084,932,894,0.26641,679
ILSVRC2012_val_00017184_with_ILSVRC2012_val_00042193_rank252,133,894,0.1071,397
ILSVRC2012_val_00017184_with_ILSVRC2012_val_00041530_rank220,778,771,0.24176,3
ILSVRC2012_val_00017184_with_ILSVRC2012_val_00036543_rank805,231,174,0.59951,62
ILSVRC2012_val_00017184_with_ILSVRC2012_val_00043657_rank602,383,383,0.89048,0
ILSVRC2012_val_00017184_with_ILSVRC2012_val_00034564_rank276,903,903,0.5395,0
ILSVRC2012_val_00017184_with_ILSVRC2012_val_00012291_rank423,153,153,0.82291,0
ILSVRC2012_val_00017184_with_ILSVRC2012_val_00019889_rank831,702,896,0.84531,434
ILSVRC2012_val_00017184_with_ILSVRC2012_val_00001734_rank784,902,896,0.59269,510
ILSVRC2012_val_00017184_with_ILSVRC2012_val_00041383_rank725,52,894,0.15308,392
ILSVRC2012_val_00017184_with_ILSVRC2012_val_00034676_rank454,281,285,0.89302,2
ILSVRC2012_val_00017184_with_ILSVRC2012_val_00044506_rank731,824,824,0.41926,0
ILSVRC2012_val_00017184_with_ILSVRC2012_val_00023792_rank690,636,721,0.30699,11
ILSVRC2012_val_00017184_with_ILSVRC2012_val_00004172_rank318,70,77,0.10147,4
ILSVRC2012_val_00017184_with_ILSVRC2012_val_00021892_rank788,187,201,0.34679,1
ILSVRC2012_val_00017184_with_ILSVRC2012_val_00019530_rank541,502,502,0.7311,0
ILSVRC2012_val_00017184_with_ILSVRC2012_val_00010518_rank198,563,784,0.07466,9
ILSVRC2012_val_00017184_with_ILSVRC2012_val_00019434_rank117,773,773,0.21445,0
ILSVRC2012_val_00017184_with_ILSVRC2012_val_00010305_rank179,898,899,0.59083,2
ILSVRC2012_val_00017184_with_ILSVRC2012_val_00017686_rank261,531,531,0.82788,0
ILSVRC2012_val_00017184_with_ILSVRC2012_val_00018538_rank653,495,648,0.65314,7
ILSVRC2012_val_00017184_with_ILSVRC2012_val_00036244_rank340,287,287,0.82038,0
ILSVRC2012_val_00017184_with_ILSVRC2012_val_00019811_rank135,316,316,0.38121,0
ILSVRC2012_val_00017184_with_ILSVRC2012_val_00001293_rank455,829,829,0.15531,0
ILSVRC2012_val_00017184_with_ILSVRC2012_val_00014645_rank579,192,192,0.23698,0
ILSVRC2012_val_00017184_with_ILSVRC2012_val_00027576_rank309,292,292,0.50234,0
ILSVRC2012_val_00017184_with_ILSVRC2012_val_00002312_rank556,545,545,0.30998,0
ILSVRC2012_val_00017184_with_ILSVRC2012_val_00045651_rank402,769,666,0.34073,555
ILSVRC2012_val_00017184_with_ILSVRC2012_val_00011310_rank667,917,865,0.17071,2
ILSVRC2012_val_00017184_with_ILSVRC2012_val_00045689_rank662,517,896,0.60176,539
ILSVRC2012_val_00017184_with_ILSVRC2012_val_00028587_rank024,959,959,0.79813,0
ILSVRC2012_val_00017184_with_ILSVRC2012_val_00007279_rank960,602,896,0.52778,952
ILSVRC2012_val_00017184_with_ILSVRC2012_val_00009534_rank567,235,174,0.67405,2
ILSVRC2012_val_00017184_with_ILSVRC2012_val_00041595_rank116,14,88,0.72181,20
ILSVRC2012_val_00017184_with_ILSVRC2012_val_00037807_rank108,313,313,0.69231,0
ILSVRC2012_val_00017184_with_ILSVRC2012_val_00005919_rank498,34,894,0.46202,778
ILSVRC2012_val_00017184_with_ILSVRC2012_val_00034291_rank948,249,249,0.48881,0
ILSVRC2012_val_00017184_with_ILSVRC2012_val_00042403_rank308,783,731,0.17655,93
ILSVRC2012_val_00017184_with_ILSVRC2012_val_00006762_rank293,855,788,0.40164,376
ILSVRC2012_val_00017184_with_ILSVRC2012_val_00040941_rank054,931,931,0.87199,0
ILSVRC2012_val_00017184_with_ILSVRC2012_val_00013576_rank106,723,723,0.90532,0
ILSVRC2012_val_00017184_with_ILSVRC2012_val_00036943_rank187,793,896,0.506,60
ILSVRC2012_val_00017184_with_ILSVRC2012_val_00000947_rank912,431,431,0.29132,0
ILSVRC2012_val_00017184_with_ILSVRC2012_val_00020999_rank663,54,54,0.28219,0
ILSVRC2012_val_00017184_with_ILSVRC2012_val_00035406_rank798,912,896,0.16879,998
ILSVRC2012_val_00017184_with_ILSVRC2012_val_00016381_rank102,659,659,0.91169,0
ILSVRC2012_val_00017184_with_ILSVRC2012_val_00021480_rank784,902,902,0.32421,0
ILSVRC2012_val_00017184_with_ILSVRC2012_val_00020803_rank391,389,389,0.26875,0
ILSVRC2012_val_00017184_with_ILSVRC2012_val_00018640_rank559,332,896,0.54159,454
ILSVRC2012_val_00017184_with_ILSVRC2012_val_00001254_rank810,374,894,0.10013,511
ILSVRC2012_val_00017184_with_ILSVRC2012_val_00018026_rank301,105,105,0.86675,0
ILSVRC2012_val_00017184_with_ILSVRC2012_val_00009684_rank056,599,599,0.28243,0
ILSVRC2012_val_00017184_with_ILSVRC2012_val_00001076_rank216,720,896,0.35646,140
ILSVRC2012_val_00017184_with_ILSVRC2012_val_00040703_rank224,364,364,0.61611,0
ILSVRC2012_val_00017184_with_ILSVRC2012_val_00022754_rank642,566,566,0.83333,0
ILSVRC2012_val_00017184_with_ILSVRC2012_val_00001605_rank296,593,896,0.57013,556
ILSVRC2012_val_00017184_with_ILSVRC2012_val_00012142_rank348,873,564,0.08419,100
ILSVRC2012_val_00017184_with_ILSVRC2012_val_00032941_rank012,956,956,0.88184,0
ILSVRC2012_val_00017184_with_ILSVRC2012_val_00033787_rank675,861,435,0.44993,4
ILSVRC2012_val_00017184_with_ILSVRC2012_val_00012817_rank971,223,224,0.3749,1
ILSVRC2012_val_00017184_with_ILSVRC2012_val_00038695_rank868,688,688,0.76802,0
ILSVRC2012_val_00017184_with_ILSVRC2012_val_00032255_rank203,808,896,0.70414,852
ILSVRC2012_val_00017184_with_ILSVRC2012_val_00003341_rank456,343,343,0.89987,0
ILSVRC2012_val_00017184_with_ILSVRC2012_val_00034672_rank334,528,528,0.54366,0
ILSVRC2012_val_00017184_with_ILSVRC2012_val_00007348_rank862,511,817,0.60926,1
ILSVRC2012_val_00017184_with_ILSVRC2012_val_00017552_rank346,303,303,0.52925,0
ILSVRC2012_val_00017184_with_ILSVRC2012_val_00040208_rank329,290,721,0.24034,495
ILSVRC2012_val_00017184_with_ILSVRC2012_val_00032581_rank875,189,189,0.50481,0
ILSVRC2012_val_00017184_with_ILSVRC2012_val_00033811_rank068,522,526,0.12519,973
ILSVRC2012_val_00017184_with_ILSVRC2012_val_00047530_rank492,488,488,0.6494,0
ILSVRC2012_val_00017184_with_ILSVRC2012_val_00038521_rank117,773,896,0.81572,131
ILSVRC2012_val_00017184_with_ILSVRC2012_val_00026951_rank054,931,896,0.46971,717
ILSVRC2012_val_00017184_with_ILSVRC2012_val_00033251_rank518,405,405,0.35324,0
ILSVRC2012_val_00017184_with_ILSVRC2012_val_00020735_rank052,572,896,0.37956,49
ILSVRC2012_val_00017184_with_ILSVRC2012_val_00026595_rank186,139,139,0.36705,0
ILSVRC2012_val_00017184_with_ILSVRC2012_val_00046825_rank595,252,252,0.21951,0
ILSVRC2012_val_00017184_with_ILSVRC2012_val_00010410_rank795,334,334,0.8522,0
ILSVRC2012_val_00017184_with_ILSVRC2012_val_00021974_rank924,56,60,0.24356,3
ILSVRC2012_val_00017184_with_ILSVRC2012_val_00036534_rank251,19,19,0.85618,0
ILSVRC2012_val_00017184_with_ILSVRC2012_val_00006161_rank644,377,377,0.90568,0
ILSVRC2012_val_00017184_with_ILSVRC2012_val_00026739_rank046,64,896,0.5893,843
ILSVRC2012_val_00017184_with_ILSVRC2012_val_00029533_rank905,786,896,0.35594,9
ILSVRC2012_val_00017184_with_ILSVRC2012_val_00023929_rank672,487,487,0.83585,0
ILSVRC2012_val_00017184_with_ILSVRC2012_val_00007010_rank810,374,788,0.22327,427
ILSVRC2012_val_00017184_with_ILSVRC2012_val_00035508_rank688,842,896,0.28702,191
ILSVRC2012_val_00017184_with_ILSVRC2012_val_00006279_rank119,396,396,0.32875,0
ILSVRC2012_val_00017184_with_ILSVRC2012_val_00005143_rank039,937,937,0.60729,0
ILSVRC2012_val_00017184_with_ILSVRC2012_val_00000163_rank127,647,647,0.90096,0
ILSVRC2012_val_00017184_with_ILSVRC2012_val_00047064_rank327,869,894,0.25569,30
ILSVRC2012_val_00017184_with_ILSVRC2012_val_00010809_rank636,425,637,0.33015,49
ILSVRC2012_val_00017184_with_ILSVRC2012_val_00029598_rank049,936,936,0.1864,0
ILSVRC2012_val_00017184_with_ILSVRC2012_val_00019569_rank043,308,308,0.25221,0
ILSVRC2012_val_00017184_with_ILSVRC2012_val_00024623_rank986,678,896,0.31087,681
ILSVRC2012_val_00017184_with_ILSVRC2012_val_00024049_rank844,608,896,0.30955,370
ILSVRC2012_val_00017184_with_ILSVRC2012_val_00006126_rank062,928,960,0.75343,1
ILSVRC2012_val_00017184_with_ILSVRC2012_val_00026376_rank473,651,532,0.12406,16
ILSVRC2012_val_00017184_with_ILSVRC2012_val_00008317_rank294,339,339,0.87429,0
ILSVRC2012_val_00017184_with_ILSVRC2012_val_00030590_rank150,142,894,0.23204,439
ILSVRC2012_val_00017184_with_ILSVRC2012_val_00020859_rank728,280,280,0.25874,0
ILSVRC2012_val_00017184_with_ILSVRC2012_val_00039505_rank709,188,188,0.84793,0
ILSVRC2012_val_00017184_with_ILSVRC2012_val_00008243_rank651,669,669,0.89225,0
ILSVRC2012_val_00017184_with_ILSVRC2012_val_00025757_rank146,826,531,0.28856,1
ILSVRC2012_val_00017184_with_ILSVRC2012_val_00002334_rank213,370,370,0.86577,0
ILSVRC2012_val_00017184_with_ILSVRC2012_val_00001600_rank173,519,896,0.38394,650
ILSVRC2012_val_00017184_with_ILSVRC2012_val_00048525_rank944,358,358,0.49569,0
ILSVRC2012_val_00017184_with_ILSVRC2012_val_00039703_rank437,693,896,0.62954,867
ILSVRC2012_val_00017184_with_ILSVRC2012_val_00047524_rank432,963,963,0.64228,0
ILSVRC2012_val_00017184_with_ILSVRC2012_val_00023258_rank063,315,726,0.25481,909
ILSVRC2012_val_00017184_with_ILSVRC2012_val_00026371_rank223,588,896,0.10914,117
ILSVRC2012_val_00017184_with_ILSVRC2012_val_00034194_rank058,96,96,0.85961,0
ILSVRC2012_val_00017184_with_ILSVRC2012_val_00008285_rank859,781,896,0.35698,882
ILSVRC2012_val_00017184_with_ILSVRC2012_val_00020232_rank229,542,542,0.14451,0
ILSVRC2012_val_00017184_with_ILSVRC2012_val_00001827_rank960,602,896,0.47735,952
ILSVRC2012_val_00017184_with_ILSVRC2012_val_00021550_rank025,987,896,0.22501,736
ILSVRC2012_val_00017184_with_ILSVRC2012_val_00045541_rank534,698,532,0.17029,128
ILSVRC2012_val_00017184_with_ILSVRC2012_val_00046093_rank015,325,896,0.39796,873
ILSVRC2012_val_00017184_with_ILSVRC2012_val_00023008_rank039,937,937,0.54042,0
ILSVRC2012_val_00017184_with_ILSVRC2012_val_00011030_rank840,840,896,0.36542,18
ILSVRC2012_val_00017184_with_ILSVRC2012_val_00028999_rank311,794,794,0.76952,0
ILSVRC2012_val_00017184_with_ILSVRC2012_val_00004729_rank144,604,604,0.8132,0
ILSVRC2012_val_00017184_with_ILSVRC2012_val_00033715_rank830,101,385,0.53745,1
ILSVRC2012_val_00017184_with_ILSVRC2012_val_00018130_rank278,991,532,0.26648,273
ILSVRC2012_val_00017184_with_ILSVRC2012_val_00035791_rank965,413,456,0.06043,8
ILSVRC2012_val_00017184_with_ILSVRC2012_val_00008727_rank434,268,268,0.45858,0
ILSVRC2012_val_00017184_with_ILSVRC2012_val_00020878_rank194,550,550,0.48911,0
ILSVRC2012_val_00017184_with_ILSVRC2012_val_00000392_rank963,471,471,0.2852,0
ILSVRC2012_val_00017184_with_ILSVRC2012_val_00011215_rank447,418,747,0.86528,360
ILSVRC2012_val_00017184_with_ILSVRC2012_val_00020292_rank920,615,615,0.72887,0
ILSVRC2012_val_00017184_with_ILSVRC2012_val_00014718_rank415,483,896,0.40598,574
ILSVRC2012_val_00017184_with_ILSVRC2012_val_00006146_rank753,155,200,0.26187,4
ILSVRC2012_val_00017184_with_ILSVRC2012_val_00043957_rank137,533,533,0.21291,0
ILSVRC2012_val_00017184_with_ILSVRC2012_val_00012622_rank070,935,935,0.87454,0
ILSVRC2012_val_00017184_with_ILSVRC2012_val_00002417_rank661,172,254,0.41321,14
ILSVRC2012_val_00017184_with_ILSVRC2012_val_00046631_rank049,936,936,0.82223,0
ILSVRC2012_val_00017184_with_ILSVRC2012_val_00024996_rank716,465,465,0.83278,0
ILSVRC2012_val_00017184_with_ILSVRC2012_val_00004852_rank613,265,265,0.66914,0
ILSVRC2012_val_00017184_with_ILSVRC2012_val_00046481_rank995,544,894,0.41879,862
ILSVRC2012_val_00017184_with_ILSVRC2012_val_00002483_rank270,340,896,0.46927,635
ILSVRC2012_val_00017184_with_ILSVRC2012_val_00019658_rank688,842,532,0.07738,401
ILSVRC2012_val_00017184_with_ILSVRC2012_val_00025555_rank316,962,415,0.18729,33
ILSVRC2012_val_00017184_with_ILSVRC2012_val_00043822_rank123,379,103,0.11038,35
ILSVRC2012_val_00017184_with_ILSVRC2012_val_00047650_rank873,625,625,0.83945,0
ILSVRC2012_val_00017184_with_ILSVRC2012_val_00005364_rank351,159,171,0.29452,24
ILSVRC2012_val_00017184_with_ILSVRC2012_val_00021251_rank850,670,670,0.64875,0
ILSVRC2012_val_00017184_with_ILSVRC2012_val_00012741_rank249,141,141,0.43697,0
ILSVRC2012_val_00017184_with_ILSVRC2012_val_00004295_rank079,75,75,0.70587,0
ILSVRC2012_val_00017184_with_ILSVRC2012_val_00006427_rank686,346,346,0.80291,0
ILSVRC2012_val_00017184_with_ILSVRC2012_val_00023960_rank703,279,250,0.58949,11
ILSVRC2012_val_00017184_with_ILSVRC2012_val_00038607_rank840,840,530,0.21722,724
ILSVRC2012_val_00017184_with_ILSVRC2012_val_00005431_rank050,923,896,0.35372,87
ILSVRC2012_val_00017184_with_ILSVRC2012_val_00035889_rank816,820,786,0.14272,288
ILSVRC2012_val_00017184_with_ILSVRC2012_val_00036997_rank354,272,280,0.51446,3
ILSVRC2012_val_00017184_with_ILSVRC2012_val_00026818_rank474,897,897,0.628,0
ILSVRC2012_val_00017184_with_ILSVRC2012_val_00046927_rank534,698,448,0.43403,833
ILSVRC2012_val_00017184_with_ILSVRC2012_val_00018515_rank139,666,666,0.75437,0
ILSVRC2012_val_00017184_with_ILSVRC2012_val_00027290_rank909,168,178,0.71877,19
ILSVRC2012_val_00017184_with_ILSVRC2012_val_00003525_rank033,939,939,0.61716,0
ILSVRC2012_val_00017184_with_ILSVRC2012_val_00046053_rank622,35,894,0.27037,533
ILSVRC2012_val_00017184_with_ILSVRC2012_val_00006767_rank605,557,896,0.28966,992
ILSVRC2012_val_00017184_with_ILSVRC2012_val_00012937_rank292,832,532,0.22647,686
ILSVRC2012_val_00017184_with_ILSVRC2012_val_00008225_rank033,939,532,0.25331,363
ILSVRC2012_val_00017184_with_ILSVRC2012_val_00048183_rank890,190,196,0.58958,9
ILSVRC2012_val_00017184_with_ILSVRC2012_val_00023131_rank897,444,444,0.37626,0
ILSVRC2012_val_00017184_with_ILSVRC2012_val_00044740_rank966,827,896,0.53016,19
ILSVRC2012_val_00017184_with_ILSVRC2012_val_00044830_rank667,917,896,0.43037,994
ILSVRC2012_val_00017184_with_ILSVRC2012_val_00048370_rank875,189,189,0.82628,0
ILSVRC2012_val_00017184_with_ILSVRC2012_val_00040855_rank839,683,896,0.19673,761
ILSVRC2012_val_00017184_with_ILSVRC2012_val_00001317_rank932,401,894,0.28391,262
ILSVRC2012_val_00017184_with_ILSVRC2012_val_00023907_rank251,19,19,0.8852,0
ILSVRC2012_val_00017184_with_ILSVRC2012_val_00031491_rank951,341,172,0.50413,158
ILSVRC2012_val_00017184_with_ILSVRC2012_val_00044664_rank977,654,745,0.60127,700
ILSVRC2012_val_00017184_with_ILSVRC2012_val_00002398_rank766,165,236,0.46081,2
ILSVRC2012_val_00017184_with_ILSVRC2012_val_00005388_rank110,907,632,0.87706,194
ILSVRC2012_val_00017184_with_ILSVRC2012_val_00005888_rank002,950,950,0.79547,0
ILSVRC2012_val_00017184_with_ILSVRC2012_val_00017803_rank529,375,375,0.86223,0
ILSVRC2012_val_00017184_with_ILSVRC2012_val_00029423_rank299,635,635,0.25496,0
ILSVRC2012_val_00017184_with_ILSVRC2012_val_00024227_rank692,43,43,0.61146,0
ILSVRC2012_val_00017184_with_ILSVRC2012_val_00029718_rank114,130,130,0.18122,0
ILSVRC2012_val_00017184_with_ILSVRC2012_val_00011625_rank634,874,894,0.20255,693
ILSVRC2012_val_00017184_with_ILSVRC2012_val_00026610_rank996,456,896,0.82967,571
ILSVRC2012_val_00017184_with_ILSVRC2012_val_00049848_rank320,520,896,0.38827,163
ILSVRC2012_val_00017184_with_ILSVRC2012_val_00046970_rank983,450,450,0.58792,0
ILSVRC2012_val_00017184_with_ILSVRC2012_val_00034185_rank051,317,317,0.20879,0
ILSVRC2012_val_00017184_with_ILSVRC2012_val_00015049_rank437,693,435,0.24581,189
ILSVRC2012_val_00017184_with_ILSVRC2012_val_00004879_rank776,895,764,0.31607,49
ILSVRC2012_val_00017184_with_ILSVRC2012_val_00020711_rank312,892,835,0.72646,11
ILSVRC2012_val_00017184_with_ILSVRC2012_val_00044548_rank730,232,232,0.26385,0
ILSVRC2012_val_00017184_with_ILSVRC2012_val_00014193_rank914,749,749,0.80546,0
ILSVRC2012_val_00017184_with_ILSVRC2012_val_00041727_rank316,962,930,0.69166,4
ILSVRC2012_val_00017184_with_ILSVRC2012_val_00000793_rank977,654,654,0.4821,0
ILSVRC2012_val_00017184_with_ILSVRC2012_val_00032804_rank942,404,744,0.3678,12
ILSVRC2012_val_00017184_with_ILSVRC2012_val_00049490_rank002,950,950,0.87218,0
ILSVRC2012_val_00017184_with_ILSVRC2012_val_00018027_rank926,518,518,0.89452,0
ILSVRC2012_val_00017184_with_ILSVRC2012_val_00008432_rank774,384,383,0.23088,1
ILSVRC2012_val_00017184_with_ILSVRC2012_val_00006860_rank044,114,532,0.59535,788
ILSVRC2012_val_00017184_with_ILSVRC2012_val_00003919_rank534,698,637,0.08213,355
ILSVRC2012_val_00017184_with_ILSVRC2012_val_00017512_rank068,522,532,0.17723,813
ILSVRC2012_val_00017184_with_ILSVRC2012_val_00004475_rank744,802,732,0.18613,237
ILSVRC2012_val_00017184_with_ILSVRC2012_val_00040000_rank445,82,82,0.79941,0
ILSVRC2012_val_00017184_with_ILSVRC2012_val_00043176_rank100,622,622,0.86754,0
ILSVRC2012_val_00017184_with_ILSVRC2012_val_00038567_rank879,261,261,0.88532,0
ILSVRC2012_val_00017184_with_ILSVRC2012_val_00049281_rank987,197,197,0.73128,0
ILSVRC2012_val_00017184_with_ILSVRC2012_val_00024481_rank991,904,896,0.56267,127
ILSVRC2012_val_00017184_with_ILSVRC2012_val_00024726_rank493,98,98,0.56281,0
ILSVRC2012_val_00017184_with_ILSVRC2012_val_00017647_rank260,664,896,0.28571,296
ILSVRC2012_val_00017184_with_ILSVRC2012_val_00037007_rank125,719,719,0.14856,0
ILSVRC2012_val_00017184_with_ILSVRC2012_val_00016940_rank796,564,894,0.29253,4
ILSVRC2012_val_00017184_with_ILSVRC2012_val_00000671_rank832,864,771,0.17729,467
ILSVRC2012_val_00017184_with_ILSVRC2012_val_00019665_rank434,268,268,0.90626,0
ILSVRC2012_val_00017184_with_ILSVRC2012_val_00038556_rank284,60,114,0.2022,20
ILSVRC2012_val_00017184_with_ILSVRC2012_val_00025373_rank177,679,896,0.47765,207
ILSVRC2012_val_00017184_with_ILSVRC2012_val_00040920_rank809,754,896,0.67283,170
ILSVRC2012_val_00017184_with_ILSVRC2012_val_00048056_rank365,740,740,0.84105,0
ILSVRC2012_val_00017184_with_ILSVRC2012_val_00014340_rank907,344,894,0.21853,649
ILSVRC2012_val_00017184_with_ILSVRC2012_val_00022413_rank900,807,742,0.32585,177
ILSVRC2012_val_00017184_with_ILSVRC2012_val_00009771_rank552,621,621,0.85544,0
ILSVRC2012_val_00017184_with_ILSVRC2012_val_00010176_rank140,140,284,0.45572,493
ILSVRC2012_val_00017184_with_ILSVRC2012_val_00039637_rank395,859,637,0.32709,53
ILSVRC2012_val_00017184_with_ILSVRC2012_val_00012244_rank276,903,199,0.09102,401
ILSVRC2012_val_00017184_with_ILSVRC2012_val_00023215_rank098,574,574,0.90213,0
ILSVRC2012_val_00017184_with_ILSVRC2012_val_00048230_rank455,829,779,0.67331,7
ILSVRC2012_val_00017184_with_ILSVRC2012_val_00029589_rank378,489,526,0.11695,613
ILSVRC2012_val_00017184_with_ILSVRC2012_val_00017465_rank722,684,684,0.89219,0
ILSVRC2012_val_00017184_with_ILSVRC2012_val_00007281_rank831,702,532,0.26695,103
ILSVRC2012_val_00017184_with_ILSVRC2012_val_00012962_rank452,121,121,0.85192,0
ILSVRC2012_val_00017184_with_ILSVRC2012_val_00026624_rank591,681,620,0.45022,1
ILSVRC2012_val_00017184_with_ILSVRC2012_val_00046456_rank687,367,894,0.15047,931
ILSVRC2012_val_00017184_with_ILSVRC2012_val_00042697_rank893,614,614,0.91652,0
ILSVRC2012_val_00017184_with_ILSVRC2012_val_00000572_rank181,965,894,0.0774,951
ILSVRC2012_val_00017184_with_ILSVRC2012_val_00029739_rank275,515,896,0.34345,661
ILSVRC2012_val_00017184_with_ILSVRC2012_val_00010943_rank628,260,260,0.924,0
ILSVRC2012_val_00017184_with_ILSVRC2012_val_00013045_rank434,268,151,0.67202,3
ILSVRC2012_val_00017184_with_ILSVRC2012_val_00048215_rank083,503,532,0.19434,129
ILSVRC2012_val_00017184_with_ILSVRC2012_val_00044263_rank894,758,896,0.2444,607
ILSVRC2012_val_00017184_with_ILSVRC2012_val_00028781_rank345,464,804,0.11874,806
ILSVRC2012_val_00017184_with_ILSVRC2012_val_00015096_rank806,204,204,0.33569,0
ILSVRC2012_val_00017184_with_ILSVRC2012_val_00011643_rank241,108,896,0.41536,791
ILSVRC2012_val_00017184_with_ILSVRC2012_val_00047900_rank437,693,818,0.18077,857
ILSVRC2012_val_00017184_with_ILSVRC2012_val_00026932_rank391,389,87,0.58433,279
ILSVRC2012_val_00017184_with_ILSVRC2012_val_00034804_rank542,221,267,0.55615,4
ILSVRC2012_val_00017184_with_ILSVRC2012_val_00045879_rank422,381,894,0.52438,659
ILSVRC2012_val_00017184_with_ILSVRC2012_val_00023469_rank753,155,155,0.19217,0
ILSVRC2012_val_00017184_with_ILSVRC2012_val_00043949_rank299,635,635,0.77354,0
ILSVRC2012_val_00017184_with_ILSVRC2012_val_00042887_rank628,260,260,0.83031,0
ILSVRC2012_val_00017184_with_ILSVRC2012_val_00044045_rank693,400,804,0.18102,336
ILSVRC2012_val_00017184_with_ILSVRC2012_val_00047511_rank469,813,896,0.2586,168
ILSVRC2012_val_00017184_with_ILSVRC2012_val_00018246_rank093,468,896,0.18967,437
ILSVRC2012_val_00017184_with_ILSVRC2012_val_00014810_rank303,185,185,0.90231,0
ILSVRC2012_val_00017184_with_ILSVRC2012_val_00035718_rank700,362,362,0.85456,0
ILSVRC2012_val_00017184_with_ILSVRC2012_val_00004393_rank463,900,900,0.29157,0
ILSVRC2012_val_00017184_with_ILSVRC2012_val_00015496_rank820,726,896,0.80866,218
ILSVRC2012_val_00017184_with_ILSVRC2012_val_00011691_rank642,566,896,0.39134,918
ILSVRC2012_val_00017184_with_ILSVRC2012_val_00002939_rank841,51,51,0.49906,0
ILSVRC2012_val_00017184_with_ILSVRC2012_val_00002670_rank957,785,434,0.14599,166
ILSVRC2012_val_00017184_with_ILSVRC2012_val_00030818_rank277,448,448,0.80567,0
ILSVRC2012_val_00017184_with_ILSVRC2012_val_00035628_rank710,239,239,0.64266,0
ILSVRC2012_val_00017184_with_ILSVRC2012_val_00045371_rank153,440,440,0.76665,0
ILSVRC2012_val_00017184_with_ILSVRC2012_val_00047156_rank325,131,131,0.40438,0
ILSVRC2012_val_00017184_with_ILSVRC2012_val_00047414_rank811,178,178,0.87244,0
ILSVRC2012_val_00017184_with_ILSVRC2012_val_00015746_rank154,22,896,0.42436,944
ILSVRC2012_val_00017184_with_ILSVRC2012_val_00049524_rank122,997,896,0.10351,772
ILSVRC2012_val_00017184_with_ILSVRC2012_val_00001513_rank865,345,721,0.36504,862
ILSVRC2012_val_00017184_with_ILSVRC2012_val_00024958_rank249,141,141,0.76425,0
ILSVRC2012_val_00017184_with_ILSVRC2012_val_00036596_rank169,947,997,0.13907,2
ILSVRC2012_val_00017184_with_ILSVRC2012_val_00016650_rank618,555,555,0.76241,0
ILSVRC2012_val_00017184_with_ILSVRC2012_val_00007458_rank001,951,951,0.66716,0
ILSVRC2012_val_00017184_with_ILSVRC2012_val_00002477_rank810,374,374,0.42433,0
ILSVRC2012_val_00017184_with_ILSVRC2012_val_00030359_rank023,961,896,0.27055,67
ILSVRC2012_val_00017184_with_ILSVRC2012_val_00045499_rank037,441,441,0.35084,0
ILSVRC2012_val_00017184_with_ILSVRC2012_val_00039375_rank469,813,894,0.23445,266
ILSVRC2012_val_00017184_with_ILSVRC2012_val_00029639_rank068,522,731,0.10209,8
ILSVRC2012_val_00017184_with_ILSVRC2012_val_00042352_rank429,57,506,0.61711,122
ILSVRC2012_val_00017184_with_ILSVRC2012_val_00035693_rank720,645,896,0.62475,978
ILSVRC2012_val_00017184_with_ILSVRC2012_val_00029080_rank931,466,896,0.33477,85
ILSVRC2012_val_00017184_with_ILSVRC2012_val_00003761_rank188,721,896,0.2259,486
ILSVRC2012_val_00017184_with_ILSVRC2012_val_00032640_rank444,44,87,0.31263,344
ILSVRC2012_val_00017184_with_ILSVRC2012_val_00035856_rank256,116,116,0.79218,0
ILSVRC2012_val_00017184_with_ILSVRC2012_val_00002555_rank799,768,894,0.25193,322
ILSVRC2012_val_00017184_with_ILSVRC2012_val_00041615_rank893,614,896,0.12979,340
ILSVRC2012_val_00017184_with_ILSVRC2012_val_00022285_rank424,836,794,0.10222,570
ILSVRC2012_val_00017184_with_ILSVRC2012_val_00021236_rank218,50,896,0.60675,590
ILSVRC2012_val_00017184_with_ILSVRC2012_val_00045928_rank499,338,338,0.63931,0
ILSVRC2012_val_00017184_with_ILSVRC2012_val_00002214_rank423,153,204,0.19072,1
ILSVRC2012_val_00017184_with_ILSVRC2012_val_00021176_rank668,251,251,0.55123,0
ILSVRC2012_val_00017184_with_ILSVRC2012_val_00034998_rank119,396,894,0.14025,558
ILSVRC2012_val_00017184_with_ILSVRC2012_val_00013515_rank396,143,18,0.28448,7
ILSVRC2012_val_00017184_with_ILSVRC2012_val_00028812_rank841,51,643,0.08863,18
ILSVRC2012_val_00017184_with_ILSVRC2012_val_00018807_rank502,71,71,0.5812,0
ILSVRC2012_val_00017184_with_ILSVRC2012_val_00037731_rank829,299,299,0.57063,0
ILSVRC2012_val_00017184_with_ILSVRC2012_val_00039762_rank592,796,849,0.09974,655
ILSVRC2012_val_00017184_with_ILSVRC2012_val_00017324_rank562,540,812,0.48519,9
ILSVRC2012_val_00017184_with_ILSVRC2012_val_00024072_rank401,181,87,0.85528,28
ILSVRC2012_val_00017184_with_ILSVRC2012_val_00004888_rank153,440,440,0.62295,0
ILSVRC2012_val_00017184_with_ILSVRC2012_val_00019431_rank125,719,719,0.77949,0
ILSVRC2012_val_00017184_with_ILSVRC2012_val_00024517_rank982,671,665,0.3081,3
ILSVRC2012_val_00017184_with_ILSVRC2012_val_00031174_rank424,836,896,0.26299,493
ILSVRC2012_val_00017184_with_ILSVRC2012_val_00032031_rank501,430,532,0.48949,139
ILSVRC2012_val_00017184_with_ILSVRC2012_val_00021355_rank431,211,210,0.5195,5
ILSVRC2012_val_00017184_with_ILSVRC2012_val_00023814_rank509,906,885,0.21394,31
ILSVRC2012_val_00017184_with_ILSVRC2012_val_00003211_rank536,761,485,0.11944,7
ILSVRC2012_val_00017184_with_ILSVRC2012_val_00036599_rank042,944,944,0.84143,0
ILSVRC2012_val_00017184_with_ILSVRC2012_val_00045936_rank333,5,36,0.18091,45
ILSVRC2012_val_00017184_with_ILSVRC2012_val_00043784_rank388,352,896,0.78598,523
ILSVRC2012_val_00017184_with_ILSVRC2012_val_00030402_rank803,196,196,0.43484,0
ILSVRC2012_val_00017184_with_ILSVRC2012_val_00033246_rank870,568,896,0.24277,316
ILSVRC2012_val_00017184_with_ILSVRC2012_val_00031103_rank650,38,38,0.49022,0
ILSVRC2012_val_00017184_with_ILSVRC2012_val_00037280_rank540,76,77,0.09414,1
ILSVRC2012_val_00017184_with_ILSVRC2012_val_00046006_rank615,79,788,0.21316,865
ILSVRC2012_val_00017184_with_ILSVRC2012_val_00002273_rank787,690,896,0.70567,936
ILSVRC2012_val_00017184_with_ILSVRC2012_val_00041529_rank423,153,87,0.69312,90
ILSVRC2012_val_00017184_with_ILSVRC2012_val_00026452_rank450,111,896,0.4076,446
ILSVRC2012_val_00017184_with_ILSVRC2012_val_00027559_rank155,145,894,0.67156,783
ILSVRC2012_val_00017184_with_ILSVRC2012_val_00030204_rank545,630,788,0.16495,7
ILSVRC2012_val_00017184_with_ILSVRC2012_val_00036903_rank897,444,444,0.22468,0
ILSVRC2012_val_00017184_with_ILSVRC2012_val_00041008_rank456,343,343,0.7406,0
ILSVRC2012_val_00017184_with_ILSVRC2012_val_00010870_rank232,58,60,0.10673,8
ILSVRC2012_val_00017184_with_ILSVRC2012_val_00020257_rank797,191,267,0.38305,15
ILSVRC2012_val_00017184_with_ILSVRC2012_val_00042788_rank721,23,87,0.87727,24
ILSVRC2012_val_00017184_with_ILSVRC2012_val_00036564_rank977,654,654,0.66265,0
ILSVRC2012_val_00017184_with_ILSVRC2012_val_00037579_rank239,117,117,0.83391,0
ILSVRC2012_val_00017184_with_ILSVRC2012_val_00030214_rank656,710,804,0.17756,14
ILSVRC2012_val_00017184_with_ILSVRC2012_val_00005980_rank310,668,896,0.27168,267
ILSVRC2012_val_00017184_with_ILSVRC2012_val_00044320_rank830,101,385,0.85085,1
ILSVRC2012_val_00017184_with_ILSVRC2012_val_00044980_rank692,43,43,0.60921,0
ILSVRC2012_val_00017184_with_ILSVRC2012_val_00032668_rank915,160,202,0.26183,15
ILSVRC2012_val_00017184_with_ILSVRC2012_val_00016858_rank764,42,42,0.54883,0
ILSVRC2012_val_00017184_with_ILSVRC2012_val_00024724_rank531,806,532,0.2514,471
ILSVRC2012_val_00017184_with_ILSVRC2012_val_00005533_rank228,452,452,0.57491,0
ILSVRC2012_val_00017184_with_ILSVRC2012_val_00044810_rank192,567,909,0.74069,1
ILSVRC2012_val_00017184_with_ILSVRC2012_val_00036004_rank847,271,271,0.87467,0
ILSVRC2012_val_00017184_with_ILSVRC2012_val_00048133_rank286,618,894,0.14944,544
ILSVRC2012_val_00017184_with_ILSVRC2012_val_00017298_rank198,563,629,0.08397,5
ILSVRC2012_val_00017184_with_ILSVRC2012_val_00028628_rank631,285,285,0.19408,0
ILSVRC2012_val_00017184_with_ILSVRC2012_val_00026895_rank607,673,526,0.88359,5
ILSVRC2012_val_00017184_with_ILSVRC2012_val_00000765_rank385,732,732,0.74219,0
ILSVRC2012_val_00017184_with_ILSVRC2012_val_00014927_rank061,46,896,0.53187,755
ILSVRC2012_val_00017184_with_ILSVRC2012_val_00010912_rank211,992,992,0.21708,0
ILSVRC2012_val_00017184_with_ILSVRC2012_val_00045147_rank282,913,894,0.15935,224
ILSVRC2012_val_00017184_with_ILSVRC2012_val_00005984_rank608,225,225,0.73958,0
ILSVRC2012_val_00017184_with_ILSVRC2012_val_00029167_rank908,446,446,0.24891,0
ILSVRC2012_val_00017184_with_ILSVRC2012_val_00009538_rank335,504,504,0.5285,0
ILSVRC2012_val_00017184_with_ILSVRC2012_val_00036097_rank805,231,230,0.76965,2
ILSVRC2012_val_00017184_with_ILSVRC2012_val_00007099_rank385,732,732,0.90436,0
ILSVRC2012_val_00017184_with_ILSVRC2012_val_00029381_rank887,193,186,0.76541,3
ILSVRC2012_val_00017184_with_ILSVRC2012_val_00010227_rank850,670,670,0.63595,0
ILSVRC2012_val_00017184_with_ILSVRC2012_val_00031170_rank325,131,894,0.20026,672
ILSVRC2012_val_00017184_with_ILSVRC2012_val_00049119_rank147,30,36,0.75376,11
ILSVRC2012_val_00017184_with_ILSVRC2012_val_00003070_rank072,47,896,0.53439,906
ILSVRC2012_val_00017184_with_ILSVRC2012_val_00012475_rank305,135,135,0.889,0
ILSVRC2012_val_00017184_with_ILSVRC2012_val_00046959_rank960,602,896,0.19782,952
ILSVRC2012_val_00017184_with_ILSVRC2012_val_00032159_rank221,94,87,0.31197,26
ILSVRC2012_val_00017184_with_ILSVRC2012_val_00018861_rank978,705,651,0.23101,127
ILSVRC2012_val_00017184_with_ILSVRC2012_val_00039695_rank423,153,153,0.60754,0
ILSVRC2012_val_00017184_with_ILSVRC2012_val_00040645_rank512,245,245,0.89816,0
ILSVRC2012_val_00017184_with_ILSVRC2012_val_00015795_rank067,74,894,0.3105,635
ILSVRC2012_val_00017184_with_ILSVRC2012_val_00034954_rank183,304,304,0.60465,0
ILSVRC2012_val_00017184_with_ILSVRC2012_val_00029070_rank230,97,896,0.14487,503
ILSVRC2012_val_00017184_with_ILSVRC2012_val_00037472_rank844,608,896,0.18056,370
ILSVRC2012_val_00017184_with_ILSVRC2012_val_00017358_rank294,339,339,0.77886,0
ILSVRC2012_val_00017184_with_ILSVRC2012_val_00035715_rank849,432,683,0.29743,1
ILSVRC2012_val_00017184_with_ILSVRC2012_val_00017297_rank927,524,461,0.16983,1
ILSVRC2012_val_00017184_with_ILSVRC2012_val_00043759_rank962,743,799,0.22692,29
ILSVRC2012_val_00017184_with_ILSVRC2012_val_00019976_rank286,618,731,0.52246,24
ILSVRC2012_val_00017184_with_ILSVRC2012_val_00011660_rank736,449,896,0.81391,669
ILSVRC2012_val_00017184_with_ILSVRC2012_val_00028703_rank513,297,297,0.86552,0
ILSVRC2012_val_00017184_with_ILSVRC2012_val_00042086_rank687,367,295,0.25736,8
ILSVRC2012_val_00017184_with_ILSVRC2012_val_00035367_rank436,4,723,0.22947,265
ILSVRC2012_val_00017184_with_ILSVRC2012_val_00017599_rank822,243,243,0.76794,0
ILSVRC2012_val_00017184_with_ILSVRC2012_val_00003476_rank654,689,434,0.14886,660
ILSVRC2012_val_00017184_with_ILSVRC2012_val_00014912_rank735,158,151,0.74558,2
ILSVRC2012_val_00017184_with_ILSVRC2012_val_00028538_rank036,925,925,0.76616,0
ILSVRC2012_val_00017184_with_ILSVRC2012_val_00004756_rank383,9,9,0.93574,0
ILSVRC2012_val_00017184_with_ILSVRC2012_val_00008746_rank128,15,95,0.64834,10
ILSVRC2012_val_00017184_with_ILSVRC2012_val_00047697_rank940,741,741,0.69658,0
ILSVRC2012_val_00017184_with_ILSVRC2012_val_00024289_rank922,357,87,0.91653,434
ILSVRC2012_val_00017184_with_ILSVRC2012_val_00029390_rank310,668,896,0.62034,267
ILSVRC2012_val_00017184_with_ILSVRC2012_val_00003987_rank148,88,88,0.8593,0
ILSVRC2012_val_00017184_with_ILSVRC2012_val_00017076_rank006,952,952,0.8444,0
ILSVRC2012_val_00017184_with_ILSVRC2012_val_00011661_rank156,25,31,0.35225,6
ILSVRC2012_val_00017184_with_ILSVRC2012_val_00029471_rank393,118,896,0.35267,891
ILSVRC2012_val_00017184_with_ILSVRC2012_val_00027144_rank187,793,846,0.43961,455
ILSVRC2012_val_00017184_with_ILSVRC2012_val_00028292_rank723,219,219,0.60276,0
ILSVRC2012_val_00017184_with_ILSVRC2012_val_00016656_rank732,162,162,0.88051,0
ILSVRC2012_val_00017184_with_ILSVRC2012_val_00037593_rank497,237,227,0.14711,6
ILSVRC2012_val_00017184_with_ILSVRC2012_val_00007850_rank441,167,172,0.14285,20
ILSVRC2012_val_00017184_with_ILSVRC2012_val_00049253_rank273,6,5,0.42495,1
ILSVRC2012_val_00017184_with_ILSVRC2012_val_00043000_rank455,829,829,0.47877,0
ILSVRC2012_val_00017184_with_ILSVRC2012_val_00000917_rank679,447,894,0.31578,772
ILSVRC2012_val_00017184_with_ILSVRC2012_val_00031440_rank008,949,949,0.8557,0
ILSVRC2012_val_00017184_with_ILSVRC2012_val_00026734_rank763,777,749,0.84193,71
ILSVRC2012_val_00017184_with_ILSVRC2012_val_00037554_rank240,714,714,0.92157,0
ILSVRC2012_val_00017184_with_ILSVRC2012_val_00035480_rank803,196,197,0.40725,2
ILSVRC2012_val_00017184_with_ILSVRC2012_val_00019519_rank948,249,174,0.35937,4
ILSVRC2012_val_00017184_with_ILSVRC2012_val_00023417_rank665,510,896,0.69041,512
ILSVRC2012_val_00017184_with_ILSVRC2012_val_00027412_rank864,981,981,0.18454,0
ILSVRC2012_val_00017184_with_ILSVRC2012_val_00019614_rank313,437,894,0.58159,459
ILSVRC2012_val_00017184_with_ILSVRC2012_val_00028212_rank005,940,997,0.506,27
ILSVRC2012_val_00017184_with_ILSVRC2012_val_00016822_rank926,518,518,0.64321,0
ILSVRC2012_val_00017184_with_ILSVRC2012_val_00030100_rank702,637,827,0.57821,131
ILSVRC2012_val_00017184_with_ILSVRC2012_val_00024566_rank664,182,182,0.70925,0
ILSVRC2012_val_00017184_with_ILSVRC2012_val_00001307_rank802,717,717,0.49943,0
ILSVRC2012_val_00017184_with_ILSVRC2012_val_00015088_rank840,840,840,0.89535,0
ILSVRC2012_val_00017184_with_ILSVRC2012_val_00030399_rank738,179,245,0.04661,2
ILSVRC2012_val_00017184_with_ILSVRC2012_val_00030456_rank293,855,855,0.89157,0
ILSVRC2012_val_00017184_with_ILSVRC2012_val_00049658_rank528,492,492,0.48733,0
ILSVRC2012_val_00017184_with_ILSVRC2012_val_00002336_rank012,956,956,0.70493,0
ILSVRC2012_val_00017184_with_ILSVRC2012_val_00047234_rank719,589,744,0.21603,347
ILSVRC2012_val_00017184_with_ILSVRC2012_val_00031291_rank146,826,826,0.85821,0
ILSVRC2012_val_00017184_with_ILSVRC2012_val_00017467_rank167,995,787,0.13568,588
ILSVRC2012_val_00017184_with_ILSVRC2012_val_00015271_rank136,318,318,0.56967,0
ILSVRC2012_val_00017184_with_ILSVRC2012_val_00031732_rank474,897,896,0.45068,6
ILSVRC2012_val_00017184_with_ILSVRC2012_val_00004548_rank888,217,896,0.7784,524
ILSVRC2012_val_00017184_with_ILSVRC2012_val_00003963_rank309,292,282,0.36009,1
ILSVRC2012_val_00017184_with_ILSVRC2012_val_00035321_rank519,218,247,0.34316,7
ILSVRC2012_val_00017184_with_ILSVRC2012_val_00012970_rank259,958,896,0.43143,789
ILSVRC2012_val_00017184_with_ILSVRC2012_val_00009539_rank857,270,174,0.62306,19
ILSVRC2012_val_00017184_with_ILSVRC2012_val_00044078_rank637,699,699,0.75646,0
ILSVRC2012_val_00017184_with_ILSVRC2012_val_00023237_rank353,993,112,0.3033,108
ILSVRC2012_val_00017184_with_ILSVRC2012_val_00004569_rank975,238,241,0.37244,1
ILSVRC2012_val_00017184_with_ILSVRC2012_val_00047802_rank908,446,446,0.50572,0
ILSVRC2012_val_00017184_with_ILSVRC2012_val_00027743_rank714,183,183,0.67358,0
ILSVRC2012_val_00017184_with_ILSVRC2012_val_00031738_rank546,831,894,0.20205,20
ILSVRC2012_val_00017184_with_ILSVRC2012_val_00007379_rank857,270,270,0.78304,0
ILSVRC2012_val_00017184_with_ILSVRC2012_val_00018196_rank747,331,330,0.67119,1
ILSVRC2012_val_00017184_with_ILSVRC2012_val_00012144_rank528,492,492,0.35282,0
ILSVRC2012_val_00017184_with_ILSVRC2012_val_00018955_rank167,995,896,0.39349,765
ILSVRC2012_val_00017184_with_ILSVRC2012_val_00048991_rank622,35,36,0.57538,2
ILSVRC2012_val_00017184_with_ILSVRC2012_val_00006666_rank880,269,223,0.16961,199
ILSVRC2012_val_00017184_with_ILSVRC2012_val_00007684_rank211,992,992,0.67698,0
ILSVRC2012_val_00017184_with_ILSVRC2012_val_00032884_rank439,584,532,0.25377,389
ILSVRC2012_val_00017184_with_ILSVRC2012_val_00005428_rank578,919,896,0.17096,324
ILSVRC2012_val_00017184_with_ILSVRC2012_val_00031185_rank392,283,719,0.0475,477
ILSVRC2012_val_00017184_with_ILSVRC2012_val_00039148_rank404,547,526,0.24986,188
ILSVRC2012_val_00017184_with_ILSVRC2012_val_00036038_rank601,695,896,0.29333,107
ILSVRC2012_val_00017184_with_ILSVRC2012_val_00033589_rank802,717,896,0.23476,611
ILSVRC2012_val_00017184_with_ILSVRC2012_val_00028931_rank563,342,342,0.6699,0
ILSVRC2012_val_00017184_with_ILSVRC2012_val_00024433_rank488,403,403,0.64699,0
ILSVRC2012_val_00017184_with_ILSVRC2012_val_00043490_rank207,818,894,0.34791,337
ILSVRC2012_val_00017184_with_ILSVRC2012_val_00012229_rank561,45,45,0.83956,0
ILSVRC2012_val_00017184_with_ILSVRC2012_val_00023957_rank010,953,896,0.34399,630
ILSVRC2012_val_00017184_with_ILSVRC2012_val_00035881_rank580,205,208,0.45423,5
ILSVRC2012_val_00017184_with_ILSVRC2012_val_00040836_rank987,197,183,0.481,5
ILSVRC2012_val_00017184_with_ILSVRC2012_val_00025806_rank197,18,17,0.48255,1
ILSVRC2012_val_00017184_with_ILSVRC2012_val_00026424_rank138,607,607,0.90119,0
ILSVRC2012_val_00017184_with_ILSVRC2012_val_00003223_rank563,342,342,0.23564,0
ILSVRC2012_val_00017184_with_ILSVRC2012_val_00018005_rank925,420,420,0.87951,0
ILSVRC2012_val_00017184_with_ILSVRC2012_val_00049109_rank368,868,532,0.13977,4
ILSVRC2012_val_00017184_with_ILSVRC2012_val_00029809_rank825,765,765,0.56741,0
ILSVRC2012_val_00017184_with_ILSVRC2012_val_00020131_rank359,834,834,0.11869,0
ILSVRC2012_val_00017184_with_ILSVRC2012_val_00045685_rank701,727,894,0.12247,550
ILSVRC2012_val_00017184_with_ILSVRC2012_val_00044661_rank753,155,155,0.89999,0
ILSVRC2012_val_00017184_with_ILSVRC2012_val_00018850_rank276,903,903,0.34932,0
ILSVRC2012_val_00017184_with_ILSVRC2012_val_00039162_rank679,447,896,0.37547,736
ILSVRC2012_val_00017184_with_ILSVRC2012_val_00003381_rank360,685,685,0.80844,0
ILSVRC2012_val_00017184_with_ILSVRC2012_val_00034276_rank386,772,772,0.13516,0
ILSVRC2012_val_00017184_with_ILSVRC2012_val_00019479_rank705,734,894,0.64023,497
ILSVRC2012_val_00017184_with_ILSVRC2012_val_00020383_rank725,52,532,0.26395,639
ILSVRC2012_val_00017184_with_ILSVRC2012_val_00042787_rank689,388,896,0.18475,874
ILSVRC2012_val_00017184_with_ILSVRC2012_val_00010886_rank938,600,894,0.12869,13
ILSVRC2012_val_00017184_with_ILSVRC2012_val_00035794_rank580,205,208,0.84079,5
ILSVRC2012_val_00017184_with_ILSVRC2012_val_00034709_rank414,704,704,0.53833,0
ILSVRC2012_val_00017184_with_ILSVRC2012_val_00048523_rank079,75,75,0.59719,0
ILSVRC2012_val_00017184_with_ILSVRC2012_val_00012476_rank984,755,545,0.56308,44
ILSVRC2012_val_00017184_with_ILSVRC2012_val_00024831_rank953,177,708,0.05753,622
ILSVRC2012_val_00017184_with_ILSVRC2012_val_00023289_rank608,225,273,0.22178,7
ILSVRC2012_val_00017184_with_ILSVRC2012_val_00043795_rank155,145,145,0.49295,0
ILSVRC2012_val_00017184_with_ILSVRC2012_val_00041590_rank660,753,788,0.24073,204
ILSVRC2012_val_00017184_with_ILSVRC2012_val_00024282_rank419,426,426,0.63474,0
ILSVRC2012_val_00017184_with_ILSVRC2012_val_00000404_rank476,33,33,0.64613,0
ILSVRC2012_val_00017184_with_ILSVRC2012_val_00036666_rank807,347,347,0.296,0
ILSVRC2012_val_00017184_with_ILSVRC2012_val_00040416_rank906,823,894,0.20231,312
ILSVRC2012_val_00017184_with_ILSVRC2012_val_00020438_rank326,151,151,0.3439,0
ILSVRC2012_val_00017184_with_ILSVRC2012_val_00008926_rank724,184,202,0.69376,1
ILSVRC2012_val_00017184_with_ILSVRC2012_val_00016016_rank114,130,896,0.39081,719
ILSVRC2012_val_00017184_with_ILSVRC2012_val_00048878_rank997,583,896,0.34598,81
ILSVRC2012_val_00017184_with_ILSVRC2012_val_00015033_rank123,379,373,0.23521,22
ILSVRC2012_val_00017184_with_ILSVRC2012_val_00034068_rank325,131,131,0.81715,0
ILSVRC2012_val_00017184_with_ILSVRC2012_val_00007925_rank502,71,71,0.87754,0
ILSVRC2012_val_00017184_with_ILSVRC2012_val_00009792_rank528,492,896,0.43966,140
ILSVRC2012_val_00017184_with_ILSVRC2012_val_00023968_rank413,161,162,0.81926,1
ILSVRC2012_val_00017184_with_ILSVRC2012_val_00035146_rank260,664,598,0.26142,7
ILSVRC2012_val_00017184_with_ILSVRC2012_val_00002447_rank703,279,279,0.63125,0
ILSVRC2012_val_00017184_with_ILSVRC2012_val_00012093_rank256,116,69,0.40517,6
ILSVRC2012_val_00017184_with_ILSVRC2012_val_00014536_rank117,773,788,0.68707,236
ILSVRC2012_val_00017184_with_ILSVRC2012_val_00041833_rank569,841,896,0.10422,872
ILSVRC2012_val_00017184_with_ILSVRC2012_val_00003988_rank624,697,846,0.12146,221
ILSVRC2012_val_00017184_with_ILSVRC2012_val_00010282_rank460,909,896,0.47687,17
ILSVRC2012_val_00017184_with_ILSVRC2012_val_00033188_rank337,124,303,0.34167,66
ILSVRC2012_val_00017184_with_ILSVRC2012_val_00025085_rank519,218,223,0.19767,303
ILSVRC2012_val_00017184_with_ILSVRC2012_val_00034238_rank545,630,857,0.24906,196
ILSVRC2012_val_00017184_with_ILSVRC2012_val_00021200_rank028,942,932,0.66383,61
ILSVRC2012_val_00017184_with_ILSVRC2012_val_00003689_rank125,719,719,0.58099,0
ILSVRC2012_val_00017184_with_ILSVRC2012_val_00029281_rank303,185,185,0.81264,0
ILSVRC2012_val_00017184_with_ILSVRC2012_val_00030926_rank152,3,3,0.21294,0
ILSVRC2012_val_00017184_with_ILSVRC2012_val_00042310_rank112,93,93,0.36542,0
ILSVRC2012_val_00017184_with_ILSVRC2012_val_00032903_rank783,858,642,0.32272,38
ILSVRC2012_val_00017184_with_ILSVRC2012_val_00000833_rank634,874,874,0.6566,0
ILSVRC2012_val_00017184_with_ILSVRC2012_val_00011268_rank989,731,896,0.45036,25
ILSVRC2012_val_00017184_with_ILSVRC2012_val_00023585_rank654,689,578,0.20318,2
ILSVRC2012_val_00017184_with_ILSVRC2012_val_00020674_rank834,491,491,0.43447,0
ILSVRC2012_val_00017184_with_ILSVRC2012_val_00013419_rank760,242,242,0.82773,0
ILSVRC2012_val_00017184_with_ILSVRC2012_val_00048019_rank758,789,789,0.2537,0
ILSVRC2012_val_00017184_with_ILSVRC2012_val_00025933_rank356,459,459,0.55852,0
ILSVRC2012_val_00017184_with_ILSVRC2012_val_00044903_rank112,93,896,0.27448,531
ILSVRC2012_val_00017184_with_ILSVRC2012_val_00038855_rank900,807,831,0.27408,519
ILSVRC2012_val_00017184_with_ILSVRC2012_val_00038086_rank246,417,417,0.56297,0
ILSVRC2012_val_00017184_with_ILSVRC2012_val_00001536_rank053,326,326,0.74529,0
ILSVRC2012_val_00017184_with_ILSVRC2012_val_00011736_rank309,292,292,0.60767,0
ILSVRC2012_val_00017184_with_ILSVRC2012_val_00024342_rank617,787,787,0.66431,0
ILSVRC2012_val_00017184_with_ILSVRC2012_val_00013242_rank912,431,431,0.5631,0
ILSVRC2012_val_00017184_with_ILSVRC2012_val_00014730_rank664,182,182,0.47306,0
ILSVRC2012_val_00017184_with_ILSVRC2012_val_00017353_rank482,371,382,0.31756,5
ILSVRC2012_val_00017184_with_ILSVRC2012_val_00007883_rank538,643,896,0.20922,177
ILSVRC2012_val_00017184_with_ILSVRC2012_val_00011439_rank812,872,896,0.20968,495
ILSVRC2012_val_00017184_with_ILSVRC2012_val_00043818_rank831,702,896,0.64313,434
ILSVRC2012_val_00017184_with_ILSVRC2012_val_00032254_rank650,38,38,0.78544,0
ILSVRC2012_val_00017184_with_ILSVRC2012_val_00017497_rank288,48,48,0.79897,0
ILSVRC2012_val_00017184_with_ILSVRC2012_val_00040903_rank105,20,20,0.83615,0
ILSVRC2012_val_00017184_with_ILSVRC2012_val_00049138_rank506,854,896,0.5082,693
ILSVRC2012_val_00017184_with_ILSVRC2012_val_00036134_rank1000,830,831,0.3324,30
ILSVRC2012_val_00017184_with_ILSVRC2012_val_00021968_rank518,405,405,0.54744,0
ILSVRC2012_val_00017184_with_ILSVRC2012_val_00007160_rank713,774,788,0.62432,4
ILSVRC2012_val_00017184_with_ILSVRC2012_val_00038470_rank537,561,894,0.06538,226
ILSVRC2012_val_00017184_with_ILSVRC2012_val_00049844_rank848,616,896,0.32289,558
ILSVRC2012_val_00017184_with_ILSVRC2012_val_00004364_rank106,723,723,0.5697,0
ILSVRC2012_val_00017184_with_ILSVRC2012_val_00038249_rank653,495,651,0.69647,9
ILSVRC2012_val_00017184_with_ILSVRC2012_val_00046243_rank156,25,25,0.74773,0
ILSVRC2012_val_00017184_with_ILSVRC2012_val_00049650_rank743,262,262,0.61467,0
ILSVRC2012_val_00017184_with_ILSVRC2012_val_00044545_rank530,770,788,0.82725,3
ILSVRC2012_val_00017184_with_ILSVRC2012_val_00047888_rank618,555,586,0.19629,26
ILSVRC2012_val_00017184_with_ILSVRC2012_val_00035216_rank276,903,103,0.17228,509
ILSVRC2012_val_00017184_with_ILSVRC2012_val_00042651_rank620,715,846,0.11873,21
ILSVRC2012_val_00017184_with_ILSVRC2012_val_00011636_rank873,625,625,0.7986,0
ILSVRC2012_val_00017184_with_ILSVRC2012_val_00015548_rank074,968,968,0.5779,0
ILSVRC2012_val_00017184_with_ILSVRC2012_val_00045385_rank697,887,896,0.52269,145
ILSVRC2012_val_00017184_with_ILSVRC2012_val_00014742_rank749,529,578,0.17965,109
ILSVRC2012_val_00017184_with_ILSVRC2012_val_00022384_rank205,103,103,0.7682,0
ILSVRC2012_val_00017184_with_ILSVRC2012_val_00044917_rank280,886,886,0.88911,0
ILSVRC2012_val_00017184_with_ILSVRC2012_val_00043827_rank727,203,203,0.8031,0
ILSVRC2012_val_00017184_with_ILSVRC2012_val_00039602_rank767,674,896,0.25478,330
ILSVRC2012_val_00017184_with_ILSVRC2012_val_00017774_rank570,427,427,0.33089,0
ILSVRC2012_val_00017184_with_ILSVRC2012_val_00021179_rank291,409,892,0.38865,1
ILSVRC2012_val_00017184_with_ILSVRC2012_val_00047832_rank498,34,34,0.49498,0
ILSVRC2012_val_00017184_with_ILSVRC2012_val_00038505_rank230,97,97,0.82167,0
ILSVRC2012_val_00017184_with_ILSVRC2012_val_00036594_rank537,561,561,0.88653,0
ILSVRC2012_val_00017184_with_ILSVRC2012_val_00024830_rank026,989,896,0.28056,809
ILSVRC2012_val_00017184_with_ILSVRC2012_val_00023398_rank854,385,896,0.09319,652
ILSVRC2012_val_00017184_with_ILSVRC2012_val_00043538_rank560,228,228,0.62359,0
ILSVRC2012_val_00017184_with_ILSVRC2012_val_00012445_rank522,576,894,0.47646,263
ILSVRC2012_val_00017184_with_ILSVRC2012_val_00003018_rank023,961,434,0.22133,71
ILSVRC2012_val_00017184_with_ILSVRC2012_val_00045096_rank789,234,234,0.8626,0
ILSVRC2012_val_00017184_with_ILSVRC2012_val_00009252_rank957,785,894,0.43514,630
ILSVRC2012_val_00017184_with_ILSVRC2012_val_00000990_rank120,328,896,0.72901,885
ILSVRC2012_val_00017184_with_ILSVRC2012_val_00033019_rank315,853,896,0.32582,983
ILSVRC2012_val_00017184_with_ILSVRC2012_val_00044384_rank258,65,65,0.61079,0
ILSVRC2012_val_00017184_with_ILSVRC2012_val_00030467_rank485,560,896,0.2401,482
ILSVRC2012_val_00017184_with_ILSVRC2012_val_00048249_rank581,429,981,0.41819,1
ILSVRC2012_val_00017184_with_ILSVRC2012_val_00006827_rank773,216,208,0.47453,27
ILSVRC2012_val_00017184_with_ILSVRC2012_val_00033017_rank613,265,265,0.50244,0
ILSVRC2012_val_00017184_with_ILSVRC2012_val_00008698_rank351,159,168,0.83033,2
ILSVRC2012_val_00017184_with_ILSVRC2012_val_00039239_rank699,677,532,0.61934,368
ILSVRC2012_val_00017184_with_ILSVRC2012_val_00020048_rank491,633,567,0.736,74
ILSVRC2012_val_00017184_with_ILSVRC2012_val_00038170_rank045,309,308,0.69864,1
ILSVRC2012_val_00017184_with_ILSVRC2012_val_00022155_rank136,318,318,0.76452,0
ILSVRC2012_val_00017184_with_ILSVRC2012_val_00025640_rank152,3,744,0.35636,44
ILSVRC2012_val_00017184_with_ILSVRC2012_val_00044340_rank795,334,568,0.15789,179
ILSVRC2012_val_00017184_with_ILSVRC2012_val_00008529_rank780,804,700,0.44915,9
ILSVRC2012_val_00017184_with_ILSVRC2012_val_00046355_rank877,477,526,0.80712,71
ILSVRC2012_val_00017184_with_ILSVRC2012_val_00018062_rank698,24,24,0.86874,0
ILSVRC2012_val_00017184_with_ILSVRC2012_val_00013104_rank036,925,923,0.48449,3
ILSVRC2012_val_00017184_with_ILSVRC2012_val_00031813_rank036,925,896,0.70091,64
ILSVRC2012_val_00017184_with_ILSVRC2012_val_00017473_rank945,226,226,0.88574,0
ILSVRC2012_val_00017184_with_ILSVRC2012_val_00025126_rank180,129,129,0.66493,0
ILSVRC2012_val_00017184_with_ILSVRC2012_val_00043428_rank794,49,894,0.31107,601
ILSVRC2012_val_00017184_with_ILSVRC2012_val_00009306_rank996,456,896,0.68416,571
ILSVRC2012_val_00017184_with_ILSVRC2012_val_00013012_rank170,752,894,0.34523,681
ILSVRC2012_val_00017184_with_ILSVRC2012_val_00004861_rank795,334,265,0.16428,169
ILSVRC2012_val_00017184_with_ILSVRC2012_val_00028476_rank720,645,896,0.32367,978
ILSVRC2012_val_00017184_with_ILSVRC2012_val_00044505_rank480,87,87,0.88941,0
ILSVRC2012_val_00017184_with_ILSVRC2012_val_00044806_rank348,873,896,0.11514,437
ILSVRC2012_val_00017184_with_ILSVRC2012_val_00025453_rank736,449,448,0.66021,33
ILSVRC2012_val_00017184_with_ILSVRC2012_val_00008307_rank449,474,894,0.30661,37
ILSVRC2012_val_00017184_with_ILSVRC2012_val_00047800_rank944,358,358,0.35853,0
ILSVRC2012_val_00017184_with_ILSVRC2012_val_00030862_rank849,432,896,0.62267,864
ILSVRC2012_val_00017184_with_ILSVRC2012_val_00017895_rank027,933,933,0.90402,0
ILSVRC2012_val_00017184_with_ILSVRC2012_val_00002416_rank542,221,266,0.53431,7
ILSVRC2012_val_00017184_with_ILSVRC2012_val_00027805_rank664,182,176,0.18497,94
ILSVRC2012_val_00017184_with_ILSVRC2012_val_00022185_rank670,348,894,0.18153,827
ILSVRC2012_val_00017184_with_ILSVRC2012_val_00017823_rank919,180,180,0.59699,0
ILSVRC2012_val_00017184_with_ILSVRC2012_val_00034309_rank368,868,731,0.09112,909
ILSVRC2012_val_00017184_with_ILSVRC2012_val_00039720_rank796,564,896,0.50545,107
ILSVRC2012_val_00017184_with_ILSVRC2012_val_00005120_rank711,551,635,0.16664,15
ILSVRC2012_val_00017184_with_ILSVRC2012_val_00005526_rank569,841,894,0.25876,42
ILSVRC2012_val_00017184_with_ILSVRC2012_val_00004022_rank073,998,941,0.80978,31
ILSVRC2012_val_00017184_with_ILSVRC2012_val_00003799_rank387,534,894,0.33918,14
ILSVRC2012_val_00017184_with_ILSVRC2012_val_00010082_rank497,237,227,0.3034,6
ILSVRC2012_val_00017184_with_ILSVRC2012_val_00034197_rank190,320,320,0.57549,0
ILSVRC2012_val_00017184_with_ILSVRC2012_val_00016037_rank470,914,896,0.26523,525
ILSVRC2012_val_00017184_with_ILSVRC2012_val_00003924_rank852,627,894,0.11187,767
ILSVRC2012_val_00017184_with_ILSVRC2012_val_00013122_rank212,463,707,0.15686,90
ILSVRC2012_val_00017184_with_ILSVRC2012_val_00013789_rank412,122,894,0.27515,857
ILSVRC2012_val_00017184_with_ILSVRC2012_val_00023833_rank059,301,700,0.22504,444
ILSVRC2012_val_00017184_with_ILSVRC2012_val_00010173_rank355,288,290,0.40283,2
ILSVRC2012_val_00017184_with_ILSVRC2012_val_00038540_rank142,809,809,0.13118,0
ILSVRC2012_val_00017184_with_ILSVRC2012_val_00008797_rank229,542,463,0.33279,155
ILSVRC2012_val_00017184_with_ILSVRC2012_val_00040294_rank954,891,891,0.78708,0
ILSVRC2012_val_00017184_with_ILSVRC2012_val_00027411_rank524,871,896,0.45724,118
ILSVRC2012_val_00017184_with_ILSVRC2012_val_00005787_rank463,900,894,0.42322,695
ILSVRC2012_val_00017184_with_ILSVRC2012_val_00028280_rank702,637,637,0.90668,0
ILSVRC2012_val_00017184_with_ILSVRC2012_val_00000650_rank355,288,290,0.38231,2
ILSVRC2012_val_00017184_with_ILSVRC2012_val_00017223_rank145,376,376,0.68643,0
ILSVRC2012_val_00017184_with_ILSVRC2012_val_00002302_rank975,238,238,0.87404,0
ILSVRC2012_val_00017184_with_ILSVRC2012_val_00001115_rank316,962,532,0.14145,217
ILSVRC2012_val_00017184_with_ILSVRC2012_val_00018495_rank005,940,532,0.57987,214
ILSVRC2012_val_00017184_with_ILSVRC2012_val_00021535_rank192,567,622,0.39691,85
ILSVRC2012_val_00017184_with_ILSVRC2012_val_00024265_rank097,929,896,0.52551,914
ILSVRC2012_val_00017184_with_ILSVRC2012_val_00003726_rank638,208,208,0.89292,0
ILSVRC2012_val_00017184_with_ILSVRC2012_val_00035258_rank906,823,894,0.16328,312
ILSVRC2012_val_00017184_with_ILSVRC2012_val_00023165_rank231,712,896,0.77419,160
ILSVRC2012_val_00017184_with_ILSVRC2012_val_00044793_rank834,491,491,0.91979,0
ILSVRC2012_val_00017184_with_ILSVRC2012_val_00011097_rank864,981,865,0.14135,364
ILSVRC2012_val_00017184_with_ILSVRC2012_val_00049074_rank845,745,745,0.90875,0
ILSVRC2012_val_00017184_with_ILSVRC2012_val_00020792_rank159,310,896,0.14433,550
ILSVRC2012_val_00017184_with_ILSVRC2012_val_00034261_rank428,603,575,0.26837,16
ILSVRC2012_val_00017184_with_ILSVRC2012_val_00039763_rank920,615,740,0.27441,27
ILSVRC2012_val_00017184_with_ILSVRC2012_val_00039070_rank419,426,426,0.67608,0
ILSVRC2012_val_00017184_with_ILSVRC2012_val_00006182_rank996,456,896,0.18814,571
ILSVRC2012_val_00017184_with_ILSVRC2012_val_00011181_rank071,307,896,0.24473,686
ILSVRC2012_val_00017184_with_ILSVRC2012_val_00003474_rank504,629,629,0.54367,0
ILSVRC2012_val_00017184_with_ILSVRC2012_val_00004248_rank987,197,197,0.64754,0
ILSVRC2012_val_00017184_with_ILSVRC2012_val_00001913_rank620,715,896,0.57452,356
ILSVRC2012_val_00017184_with_ILSVRC2012_val_00024738_rank713,774,788,0.51827,4
ILSVRC2012_val_00017184_with_ILSVRC2012_val_00042169_rank711,551,532,0.706,232
ILSVRC2012_val_00017184_with_ILSVRC2012_val_00004904_rank141,110,719,0.29686,471
ILSVRC2012_val_00017184_with_ILSVRC2012_val_00030405_rank540,76,76,0.56725,0
ILSVRC2012_val_00017184_with_ILSVRC2012_val_00011517_rank302,39,39,0.74452,0
ILSVRC2012_val_00017184_with_ILSVRC2012_val_00002902_rank275,515,786,0.33878,957
ILSVRC2012_val_00017184_with_ILSVRC2012_val_00038653_rank670,348,435,0.19247,270
ILSVRC2012_val_00017184_with_ILSVRC2012_val_00031403_rank740,372,285,0.24413,136
ILSVRC2012_val_00017184_with_ILSVRC2012_val_00005477_rank525,443,849,0.42157,77
ILSVRC2012_val_00017184_with_ILSVRC2012_val_00042731_rank566,273,273,0.9076,0
ILSVRC2012_val_00017184_with_ILSVRC2012_val_00002240_rank506,854,896,0.20802,693
ILSVRC2012_val_00017184_with_ILSVRC2012_val_00031067_rank939,611,611,0.25884,0
ILSVRC2012_val_00017184_with_ILSVRC2012_val_00010547_rank362,663,698,0.386,1
ILSVRC2012_val_00017184_with_ILSVRC2012_val_00014725_rank601,695,606,0.28342,100
ILSVRC2012_val_00017184_with_ILSVRC2012_val_00021920_rank374,293,896,0.25661,748
ILSVRC2012_val_00017184_with_ILSVRC2012_val_00041759_rank911,258,258,0.66599,0
ILSVRC2012_val_00017184_with_ILSVRC2012_val_00026810_rank347,846,831,0.3919,12
ILSVRC2012_val_00017184_with_ILSVRC2012_val_00045886_rank537,561,561,0.80327,0
ILSVRC2012_val_00017184_with_ILSVRC2012_val_00020078_rank017,941,941,0.69129,0
ILSVRC2012_val_00017184_with_ILSVRC2012_val_00036774_rank420,497,896,0.43133,334
ILSVRC2012_val_00017184_with_ILSVRC2012_val_00001366_rank358,126,126,0.852,0
ILSVRC2012_val_00017184_with_ILSVRC2012_val_00039189_rank043,308,308,0.54911,0
ILSVRC2012_val_00017184_with_ILSVRC2012_val_00031269_rank830,101,385,0.3953,1
ILSVRC2012_val_00017184_with_ILSVRC2012_val_00023364_rank181,965,965,0.7641,0
ILSVRC2012_val_00017184_with_ILSVRC2012_val_00044923_rank313,437,896,0.46485,694
ILSVRC2012_val_00017184_with_ILSVRC2012_val_00028806_rank062,928,112,0.32514,62
ILSVRC2012_val_00017184_with_ILSVRC2012_val_00024243_rank868,688,526,0.29125,22
ILSVRC2012_val_00017184_with_ILSVRC2012_val_00044001_rank263,359,358,0.5374,2
ILSVRC2012_val_00017184_with_ILSVRC2012_val_00035627_rank507,642,896,0.43818,356
ILSVRC2012_val_00017184_with_ILSVRC2012_val_00030995_rank768,843,896,0.53958,488
ILSVRC2012_val_00017184_with_ILSVRC2012_val_00006609_rank806,204,204,0.82421,0
ILSVRC2012_val_00017184_with_ILSVRC2012_val_00006534_rank466,536,648,0.49106,318
ILSVRC2012_val_00017184_with_ILSVRC2012_val_00037951_rank602,383,383,0.88496,0
ILSVRC2012_val_00017184_with_ILSVRC2012_val_00038966_rank364,499,526,0.45338,863
ILSVRC2012_val_00017184_with_ILSVRC2012_val_00010045_rank510,428,428,0.28807,0
ILSVRC2012_val_00017184_with_ILSVRC2012_val_00027816_rank336,100,896,0.31362,348
ILSVRC2012_val_00017184_with_ILSVRC2012_val_00025914_rank441,167,162,0.50606,2
ILSVRC2012_val_00017184_with_ILSVRC2012_val_00006455_rank301,105,383,0.68256,2
ILSVRC2012_val_00017184_with_ILSVRC2012_val_00046795_rank971,223,223,0.8885,0
ILSVRC2012_val_00017184_with_ILSVRC2012_val_00036918_rank678,257,896,0.29578,545
ILSVRC2012_val_00017184_with_ILSVRC2012_val_00045098_rank513,297,297,0.87531,0
ILSVRC2012_val_00017184_with_ILSVRC2012_val_00014228_rank449,474,474,0.67384,0
ILSVRC2012_val_00017184_with_ILSVRC2012_val_00009231_rank350,37,36,0.81181,2
ILSVRC2012_val_00017184_with_ILSVRC2012_val_00049409_rank228,452,911,0.19398,30
ILSVRC2012_val_00017184_with_ILSVRC2012_val_00006566_rank774,384,383,0.18149,1
ILSVRC2012_val_00017184_with_ILSVRC2012_val_00009896_rank523,597,894,0.43247,186
ILSVRC2012_val_00017184_with_ILSVRC2012_val_00024540_rank707,613,613,0.59447,0
ILSVRC2012_val_00017184_with_ILSVRC2012_val_00035577_rank631,285,285,0.38121,0
ILSVRC2012_val_00017184_with_ILSVRC2012_val_00043729_rank848,616,896,0.8549,558
ILSVRC2012_val_00017184_with_ILSVRC2012_val_00032208_rank426,350,87,0.89224,966
ILSVRC2012_val_00017184_with_ILSVRC2012_val_00020135_rank193,983,894,0.34035,333
ILSVRC2012_val_00017184_with_ILSVRC2012_val_00012794_rank324,780,894,0.31032,285
ILSVRC2012_val_00017184_with_ILSVRC2012_val_00001476_rank024,959,959,0.91455,0
ILSVRC2012_val_00017184_with_ILSVRC2012_val_00019229_rank665,510,510,0.8492,0
ILSVRC2012_val_00017184_with_ILSVRC2012_val_00029919_rank004,954,954,0.86647,0
ILSVRC2012_val_00017184_with_ILSVRC2012_val_00021340_rank508,434,434,0.30307,0
ILSVRC2012_val_00017184_with_ILSVRC2012_val_00040304_rank026,989,306,0.21501,108
ILSVRC2012_val_00017184_with_ILSVRC2012_val_00009784_rank968,229,196,0.29144,25
ILSVRC2012_val_00017184_with_ILSVRC2012_val_00043087_rank080,849,849,0.92444,0
ILSVRC2012_val_00017184_with_ILSVRC2012_val_00007017_rank179,898,898,0.8371,0
ILSVRC2012_val_00017184_with_ILSVRC2012_val_00014664_rank318,70,896,0.16922,904
ILSVRC2012_val_00017184_with_ILSVRC2012_val_00026950_rank639,408,408,0.37529,0
ILSVRC2012_val_00017184_with_ILSVRC2012_val_00038467_rank060,985,532,0.40049,467
ILSVRC2012_val_00017184_with_ILSVRC2012_val_00004998_rank776,895,896,0.57842,458
ILSVRC2012_val_00017184_with_ILSVRC2012_val_00031756_rank891,882,896,0.23176,395
ILSVRC2012_val_00017184_with_ILSVRC2012_val_00023704_rank973,422,896,0.36504,829
ILSVRC2012_val_00017184_with_ILSVRC2012_val_00009281_rank497,237,237,0.81487,0
ILSVRC2012_val_00017184_with_ILSVRC2012_val_00024902_rank209,291,281,0.21591,69
ILSVRC2012_val_00017184_with_ILSVRC2012_val_00044933_rank336,100,100,0.67893,0
ILSVRC2012_val_00017184_with_ILSVRC2012_val_00030474_rank191,311,311,0.6293,0
ILSVRC2012_val_00017184_with_ILSVRC2012_val_00015752_rank379,390,64,0.78123,33
ILSVRC2012_val_00017184_with_ILSVRC2012_val_00045572_rank410,724,896,0.15981,963
ILSVRC2012_val_00017184_with_ILSVRC2012_val_00003749_rank463,900,846,0.19434,206
ILSVRC2012_val_00017184_with_ILSVRC2012_val_00013306_rank398,628,895,0.295,40
ILSVRC2012_val_00017184_with_ILSVRC2012_val_00024866_rank538,643,896,0.92618,177
ILSVRC2012_val_00017184_with_ILSVRC2012_val_00049593_rank958,594,594,0.93013,0
ILSVRC2012_val_00017184_with_ILSVRC2012_val_00006519_rank531,806,630,0.42376,3
ILSVRC2012_val_00017184_with_ILSVRC2012_val_00012019_rank839,683,894,0.13697,421
ILSVRC2012_val_00017184_with_ILSVRC2012_val_00010894_rank676,729,526,0.43331,31
ILSVRC2012_val_00017184_with_ILSVRC2012_val_00040383_rank203,808,894,0.39707,313
ILSVRC2012_val_00017184_with_ILSVRC2012_val_00005088_rank278,991,532,0.71158,273
ILSVRC2012_val_00017184_with_ILSVRC2012_val_00029570_rank395,859,475,0.09869,20
ILSVRC2012_val_00017184_with_ILSVRC2012_val_00005416_rank650,38,38,0.85807,0
ILSVRC2012_val_00017184_with_ILSVRC2012_val_00034697_rank510,428,788,0.28792,377
ILSVRC2012_val_00017184_with_ILSVRC2012_val_00010545_rank020,55,55,0.62244,0
ILSVRC2012_val_00017184_with_ILSVRC2012_val_00041570_rank454,281,281,0.45048,0
ILSVRC2012_val_00017184_with_ILSVRC2012_val_00006067_rank074,968,896,0.63191,56
ILSVRC2012_val_00017184_with_ILSVRC2012_val_00044841_rank425,682,896,0.20203,276
ILSVRC2012_val_00017184_with_ILSVRC2012_val_00033071_rank134,438,896,0.34574,46
ILSVRC2012_val_00017184_with_ILSVRC2012_val_00012924_rank567,235,235,0.81001,0
ILSVRC2012_val_00017184_with_ILSVRC2012_val_00034255_rank494,69,69,0.91308,0
ILSVRC2012_val_00017184_with_ILSVRC2012_val_00034637_rank513,297,197,0.30694,78
ILSVRC2012_val_00017184_with_ILSVRC2012_val_00022200_rank701,727,518,0.66165,155
ILSVRC2012_val_00017184_with_ILSVRC2012_val_00014937_rank691,798,896,0.64418,880
ILSVRC2012_val_00017184_with_ILSVRC2012_val_00036383_rank088,930,896,0.41256,607
ILSVRC2012_val_00017184_with_ILSVRC2012_val_00033365_rank653,495,648,0.30957,7
ILSVRC2012_val_00017184_with_ILSVRC2012_val_00021884_rank612,649,894,0.45383,692
ILSVRC2012_val_00017184_with_ILSVRC2012_val_00017835_rank654,689,578,0.17198,2
ILSVRC2012_val_00017184_with_ILSVRC2012_val_00011461_rank705,734,734,0.83053,0
ILSVRC2012_val_00017184_with_ILSVRC2012_val_00029942_rank713,774,788,0.69444,4
ILSVRC2012_val_00017184_with_ILSVRC2012_val_00001972_rank557,541,541,0.58067,0
ILSVRC2012_val_00017184_with_ILSVRC2012_val_00027920_rank337,124,122,0.26647,2
ILSVRC2012_val_00017184_with_ILSVRC2012_val_00043185_rank597,879,896,0.34206,189
ILSVRC2012_val_00017184_with_ILSVRC2012_val_00024216_rank257,173,894,0.19017,895
ILSVRC2012_val_00017184_with_ILSVRC2012_val_00037327_rank902,676,872,0.14103,426
ILSVRC2012_val_00017184_with_ILSVRC2012_val_00031969_rank624,697,894,0.1736,62
ILSVRC2012_val_00017184_with_ILSVRC2012_val_00035438_rank069,990,112,0.35171,61
ILSVRC2012_val_00017184_with_ILSVRC2012_val_00038864_rank317,146,146,0.76903,0
ILSVRC2012_val_00017184_with_ILSVRC2012_val_00035223_rank219,2,896,0.36228,715
ILSVRC2012_val_00017184_with_ILSVRC2012_val_00021508_rank028,942,932,0.56747,61
ILSVRC2012_val_00017184_with_ILSVRC2012_val_00031647_rank011,945,945,0.45562,0
ILSVRC2012_val_00017184_with_ILSVRC2012_val_00008272_rank909,168,168,0.76313,0
ILSVRC2012_val_00017184_with_ILSVRC2012_val_00006423_rank591,681,771,0.30117,176
ILSVRC2012_val_00017184_with_ILSVRC2012_val_00037297_rank341,78,33,0.10404,175
ILSVRC2012_val_00017184_with_ILSVRC2012_val_00037381_rank015,325,325,0.62982,0
ILSVRC2012_val_00017184_with_ILSVRC2012_val_00002348_rank353,993,993,0.58811,0
ILSVRC2012_val_00017184_with_ILSVRC2012_val_00009045_rank818,264,264,0.78268,0
ILSVRC2012_val_00017184_with_ILSVRC2012_val_00004549_rank633,199,199,0.88144,0
ILSVRC2012_val_00017184_with_ILSVRC2012_val_00031306_rank266,266,267,0.44587,2
ILSVRC2012_val_00017184_with_ILSVRC2012_val_00008280_rank419,426,426,0.53764,0
ILSVRC2012_val_00017184_with_ILSVRC2012_val_00042133_rank887,193,193,0.58858,0
ILSVRC2012_val_00017184_with_ILSVRC2012_val_00013525_rank227,120,120,0.71444,0
ILSVRC2012_val_00017184_with_ILSVRC2012_val_00014126_rank502,71,71,0.81362,0
ILSVRC2012_val_00017184_with_ILSVRC2012_val_00011894_rank221,94,94,0.88046,0
ILSVRC2012_val_00017184_with_ILSVRC2012_val_00030962_rank967,412,412,0.3457,0
ILSVRC2012_val_00017184_with_ILSVRC2012_val_00027337_rank499,338,87,0.36867,37
ILSVRC2012_val_00017184_with_ILSVRC2012_val_00010631_rank676,729,729,0.7623,0
ILSVRC2012_val_00017184_with_ILSVRC2012_val_00014150_rank995,544,544,0.96014,0
ILSVRC2012_val_00017184_with_ILSVRC2012_val_00020697_rank978,705,707,0.19286,92
ILSVRC2012_val_00017184_with_ILSVRC2012_val_00022158_rank706,661,526,0.15057,87
ILSVRC2012_val_00017184_with_ILSVRC2012_val_00042705_rank186,139,139,0.7354,0
ILSVRC2012_val_00017184_with_ILSVRC2012_val_00000122_rank415,483,857,0.09265,65
ILSVRC2012_val_00017184_with_ILSVRC2012_val_00028421_rank348,873,873,0.81598,0
ILSVRC2012_val_00017184_with_ILSVRC2012_val_00049335_rank344,746,896,0.51105,295
ILSVRC2012_val_00017184_with_ILSVRC2012_val_00019375_rank609,558,894,0.32086,807
ILSVRC2012_val_00017184_with_ILSVRC2012_val_00034703_rank009,957,957,0.85728,0
ILSVRC2012_val_00017184_with_ILSVRC2012_val_00046521_rank564,493,493,0.90697,0
ILSVRC2012_val_00017184_with_ILSVRC2012_val_00021667_rank955,330,330,0.67503,0
ILSVRC2012_val_00017184_with_ILSVRC2012_val_00041881_rank479,127,127,0.86332,0
ILSVRC2012_val_00017184_with_ILSVRC2012_val_00027070_rank493,98,99,0.12361,5
ILSVRC2012_val_00017184_with_ILSVRC2012_val_00029144_rank411,387,387,0.86193,0
ILSVRC2012_val_00017184_with_ILSVRC2012_val_00034329_rank485,560,859,0.24339,125
ILSVRC2012_val_00017184_with_ILSVRC2012_val_00033153_rank458,484,786,0.16838,185
ILSVRC2012_val_00017184_with_ILSVRC2012_val_00012964_rank609,558,418,0.10737,30
ILSVRC2012_val_00017184_with_ILSVRC2012_val_00034206_rank010,953,953,0.75115,0
ILSVRC2012_val_00017184_with_ILSVRC2012_val_00003497_rank758,789,526,0.2025,25
ILSVRC2012_val_00017184_with_ILSVRC2012_val_00033886_rank635,739,846,0.62482,177
ILSVRC2012_val_00017184_with_ILSVRC2012_val_00047531_rank988,439,526,0.07951,842
ILSVRC2012_val_00017184_with_ILSVRC2012_val_00017793_rank1000,830,896,0.74884,203
ILSVRC2012_val_00017184_with_ILSVRC2012_val_00032752_rank070,935,935,0.85541,0
ILSVRC2012_val_00017184_with_ILSVRC2012_val_00001752_rank190,320,896,0.31571,800
ILSVRC2012_val_00017184_with_ILSVRC2012_val_00000471_rank302,39,39,0.76441,0
ILSVRC2012_val_00017184_with_ILSVRC2012_val_00006681_rank509,906,894,0.44445,103
ILSVRC2012_val_00017184_with_ILSVRC2012_val_00014042_rank278,991,532,0.60404,273
ILSVRC2012_val_00017184_with_ILSVRC2012_val_00009959_rank547,610,608,0.27498,4
ILSVRC2012_val_00017184_with_ILSVRC2012_val_00015166_rank270,340,340,0.46346,0
ILSVRC2012_val_00017184_with_ILSVRC2012_val_00012241_rank486,395,894,0.14421,781
ILSVRC2012_val_00017184_with_ILSVRC2012_val_00000582_rank364,499,499,0.66073,0
ILSVRC2012_val_00017184_with_ILSVRC2012_val_00049742_rank015,325,896,0.25558,873
ILSVRC2012_val_00017184_with_ILSVRC2012_val_00039792_rank958,594,594,0.89605,0
ILSVRC2012_val_00017184_with_ILSVRC2012_val_00034418_rank563,342,896,0.45044,880
ILSVRC2012_val_00017184_with_ILSVRC2012_val_00046905_rank630,595,526,0.41334,246
ILSVRC2012_val_00017184_with_ILSVRC2012_val_00010782_rank289,591,591,0.35995,0
ILSVRC2012_val_00017184_with_ILSVRC2012_val_00044150_rank427,800,800,0.8528,0
ILSVRC2012_val_00017184_with_ILSVRC2012_val_00011322_rank710,239,239,0.56628,0
ILSVRC2012_val_00017184_with_ILSVRC2012_val_00006516_rank218,50,50,0.5353,0
ILSVRC2012_val_00017184_with_ILSVRC2012_val_00001646_rank860,254,254,0.90922,0
ILSVRC2012_val_00017184_with_ILSVRC2012_val_00032565_rank050,923,896,0.41942,87
ILSVRC2012_val_00017184_with_ILSVRC2012_val_00014305_rank037,441,440,0.61646,1
ILSVRC2012_val_00017184_with_ILSVRC2012_val_00047764_rank837,694,694,0.25166,0
ILSVRC2012_val_00017184_with_ILSVRC2012_val_00012001_rank999,733,421,0.23676,25
ILSVRC2012_val_00017184_with_ILSVRC2012_val_00013287_rank874,248,264,0.52616,15
ILSVRC2012_val_00017184_with_ILSVRC2012_val_00029665_rank036,925,925,0.59396,0
ILSVRC2012_val_00017184_with_ILSVRC2012_val_00043586_rank019,852,852,0.35841,0
ILSVRC2012_val_00017184_with_ILSVRC2012_val_00017075_rank822,243,243,0.42711,0
ILSVRC2012_val_00017184_with_ILSVRC2012_val_00037858_rank737,241,241,0.72684,0
ILSVRC2012_val_00017184_with_ILSVRC2012_val_00045674_rank714,183,183,0.46435,0
ILSVRC2012_val_00017184_with_ILSVRC2012_val_00006434_rank883,571,571,0.82564,0
ILSVRC2012_val_00017184_with_ILSVRC2012_val_00026841_rank1000,830,894,0.42602,128
ILSVRC2012_val_00017184_with_ILSVRC2012_val_00046936_rank744,802,896,0.25322,737
ILSVRC2012_val_00017184_with_ILSVRC2012_val_00027189_rank454,281,285,0.38045,2
ILSVRC2012_val_00017184_with_ILSVRC2012_val_00034760_rank186,139,139,0.75407,0
ILSVRC2012_val_00017184_with_ILSVRC2012_val_00008993_rank790,972,894,0.17466,647
ILSVRC2012_val_00017184_with_ILSVRC2012_val_00030920_rank542,221,896,0.17936,533
ILSVRC2012_val_00017184_with_ILSVRC2012_val_00006385_rank234,351,351,0.25884,0
ILSVRC2012_val_00017184_with_ILSVRC2012_val_00047692_rank485,560,896,0.7029,482
ILSVRC2012_val_00017184_with_ILSVRC2012_val_00014009_rank589,27,896,0.38436,941
ILSVRC2012_val_00017184_with_ILSVRC2012_val_00015170_rank943,363,33,0.36046,45
ILSVRC2012_val_00017184_with_ILSVRC2012_val_00007669_rank332,570,570,0.56253,0
ILSVRC2012_val_00017184_with_ILSVRC2012_val_00031144_rank698,24,24,0.8448,0
ILSVRC2012_val_00017184_with_ILSVRC2012_val_00009158_rank355,288,290,0.41965,2
ILSVRC2012_val_00017184_with_ILSVRC2012_val_00021365_rank431,211,178,0.49591,3
ILSVRC2012_val_00017184_with_ILSVRC2012_val_00023332_rank876,596,740,0.70225,29
ILSVRC2012_val_00017184_with_ILSVRC2012_val_00026931_rank332,570,570,0.9347,0
ILSVRC2012_val_00017184_with_ILSVRC2012_val_00038582_rank068,522,532,0.3428,813
ILSVRC2012_val_00017184_with_ILSVRC2012_val_00029914_rank162,790,505,0.47728,863
ILSVRC2012_val_00017184_with_ILSVRC2012_val_00003526_rank186,139,139,0.67961,0
ILSVRC2012_val_00017184_with_ILSVRC2012_val_00029366_rank596,875,896,0.53631,297
ILSVRC2012_val_00017184_with_ILSVRC2012_val_00038015_rank282,913,87,0.17127,993
ILSVRC2012_val_00017184_with_ILSVRC2012_val_00006845_rank898,539,532,0.22118,184
ILSVRC2012_val_00017184_with_ILSVRC2012_val_00006433_rank602,383,383,0.88012,0
ILSVRC2012_val_00017184_with_ILSVRC2012_val_00013621_rank438,612,846,0.04364,743
ILSVRC2012_val_00017184_with_ILSVRC2012_val_00022291_rank777,703,896,0.68351,458
ILSVRC2012_val_00017184_with_ILSVRC2012_val_00049380_rank125,719,719,0.89126,0
ILSVRC2012_val_00017184_with_ILSVRC2012_val_00010811_rank477,77,896,0.54715,223
ILSVRC2012_val_00017184_with_ILSVRC2012_val_00049737_rank967,412,521,0.47942,48
ILSVRC2012_val_00017184_with_ILSVRC2012_val_00043546_rank343,284,284,0.89896,0
ILSVRC2012_val_00017184_with_ILSVRC2012_val_00028306_rank675,861,894,0.20434,111
ILSVRC2012_val_00017184_with_ILSVRC2012_val_00041047_rank852,627,786,0.70447,739
ILSVRC2012_val_00017184_with_ILSVRC2012_val_00001121_rank249,141,141,0.82412,0
ILSVRC2012_val_00017184_with_ILSVRC2012_val_00008289_rank239,117,117,0.85674,0
ILSVRC2012_val_00017184_with_ILSVRC2012_val_00017999_rank414,704,894,0.35345,956
ILSVRC2012_val_00017184_with_ILSVRC2012_val_00048439_rank773,216,216,0.82356,0
ILSVRC2012_val_00017184_with_ILSVRC2012_val_00033121_rank691,798,896,0.4166,880
ILSVRC2012_val_00017184_with_ILSVRC2012_val_00017311_rank880,269,269,0.61378,0
ILSVRC2012_val_00017184_with_ILSVRC2012_val_00019719_rank851,170,181,0.47182,17
ILSVRC2012_val_00017184_with_ILSVRC2012_val_00005898_rank753,155,204,0.82803,1
ILSVRC2012_val_00017184_with_ILSVRC2012_val_00044304_rank997,583,896,0.64015,81
ILSVRC2012_val_00017184_with_ILSVRC2012_val_00039292_rank660,753,401,0.26472,19
ILSVRC2012_val_00017184_with_ILSVRC2012_val_00040128_rank115,382,382,0.71058,0
ILSVRC2012_val_00017184_with_ILSVRC2012_val_00048174_rank513,297,297,0.84672,0
ILSVRC2012_val_00017184_with_ILSVRC2012_val_00012642_rank170,752,896,0.60974,594
ILSVRC2012_val_00017184_with_ILSVRC2012_val_00022876_rank103,964,964,0.78757,0
ILSVRC2012_val_00017184_with_ILSVRC2012_val_00032897_rank679,447,902,0.27576,15
ILSVRC2012_val_00017184_with_ILSVRC2012_val_00020701_rank443,771,771,0.9437,0
ILSVRC2012_val_00017184_with_ILSVRC2012_val_00038647_rank794,49,50,0.47583,1
ILSVRC2012_val_00017184_with_ILSVRC2012_val_00018736_rank946,255,255,0.71013,0
ILSVRC2012_val_00017184_with_ILSVRC2012_val_00047332_rank974,757,771,0.84061,159
ILSVRC2012_val_00017184_with_ILSVRC2012_val_00016863_rank913,915,637,0.24709,211
ILSVRC2012_val_00017184_with_ILSVRC2012_val_00024537_rank296,593,896,0.19604,556
ILSVRC2012_val_00017184_with_ILSVRC2012_val_00025766_rank378,489,526,0.04984,613
ILSVRC2012_val_00017184_with_ILSVRC2012_val_00046121_rank832,864,864,0.76722,0
ILSVRC2012_val_00017184_with_ILSVRC2012_val_00017442_rank861,210,164,0.76625,1
ILSVRC2012_val_00017184_with_ILSVRC2012_val_00011278_rank156,25,25,0.53705,0
ILSVRC2012_val_00017184_with_ILSVRC2012_val_00002861_rank289,591,794,0.22867,10
ILSVRC2012_val_00017184_with_ILSVRC2012_val_00041187_rank761,821,896,0.66652,806
ILSVRC2012_val_00017184_with_ILSVRC2012_val_00023062_rank563,342,342,0.72299,0
ILSVRC2012_val_00017184_with_ILSVRC2012_val_00009590_rank101,95,94,0.40977,2
ILSVRC2012_val_00017184_with_ILSVRC2012_val_00026445_rank648,209,256,0.14599,26
ILSVRC2012_val_00017184_with_ILSVRC2012_val_00028076_rank232,58,896,0.33778,666
ILSVRC2012_val_00017184_with_ILSVRC2012_val_00028840_rank283,457,894,0.16469,141
ILSVRC2012_val_00017184_with_ILSVRC2012_val_00047027_rank885,606,606,0.74148,0
ILSVRC2012_val_00017184_with_ILSVRC2012_val_00021934_rank497,237,237,0.58509,0
ILSVRC2012_val_00017184_with_ILSVRC2012_val_00007454_rank239,117,117,0.87005,0
ILSVRC2012_val_00017184_with_ILSVRC2012_val_00001057_rank126,109,109,0.25231,0
ILSVRC2012_val_00017184_with_ILSVRC2012_val_00006612_rank694,286,286,0.93853,0
ILSVRC2012_val_00017184_with_ILSVRC2012_val_00022809_rank492,488,896,0.28361,637
ILSVRC2012_val_00017184_with_ILSVRC2012_val_00010926_rank866,851,530,0.21798,25
ILSVRC2012_val_00017184_with_ILSVRC2012_val_00011105_rank368,868,526,0.14455,115
ILSVRC2012_val_00017184_with_ILSVRC2012_val_00034940_rank711,551,686,0.90169,19
ILSVRC2012_val_00017184_with_ILSVRC2012_val_00044958_rank501,430,430,0.89541,0
ILSVRC2012_val_00017184_with_ILSVRC2012_val_00032454_rank900,807,896,0.37098,319
ILSVRC2012_val_00017184_with_ILSVRC2012_val_00005346_rank275,515,515,0.88557,0
ILSVRC2012_val_00017184_with_ILSVRC2012_val_00025953_rank645,475,896,0.20562,36
ILSVRC2012_val_00017184_with_ILSVRC2012_val_00029679_rank029,984,984,0.33688,0
ILSVRC2012_val_00017184_with_ILSVRC2012_val_00039723_rank832,864,864,0.33249,0
ILSVRC2012_val_00017184_with_ILSVRC2012_val_00039317_rank240,714,771,0.76515,326
ILSVRC2012_val_00017184_with_ILSVRC2012_val_00026908_rank273,6,608,0.11071,643
ILSVRC2012_val_00017184_with_ILSVRC2012_val_00047874_rank464,885,721,0.3407,17
ILSVRC2012_val_00017184_with_ILSVRC2012_val_00036299_rank868,688,688,0.78744,0
ILSVRC2012_val_00017184_with_ILSVRC2012_val_00034921_rank159,310,310,0.54887,0
ILSVRC2012_val_00017184_with_ILSVRC2012_val_00025666_rank390,881,896,0.58627,175
ILSVRC2012_val_00017184_with_ILSVRC2012_val_00000031_rank078,324,324,0.51388,0
ILSVRC2012_val_00017184_with_ILSVRC2012_val_00045050_rank104,644,470,0.2332,2
ILSVRC2012_val_00017184_with_ILSVRC2012_val_00012700_rank749,529,797,0.20926,18
ILSVRC2012_val_00017184_with_ILSVRC2012_val_00030836_rank201,946,944,0.43274,1
ILSVRC2012_val_00017184_with_ILSVRC2012_val_00045267_rank527,640,787,0.45037,11
ILSVRC2012_val_00017184_with_ILSVRC2012_val_00027979_rank863,687,687,0.86283,0
ILSVRC2012_val_00017184_with_ILSVRC2012_val_00049971_rank997,583,583,0.83778,0
ILSVRC2012_val_00017184_with_ILSVRC2012_val_00005534_rank986,678,896,0.25934,681
ILSVRC2012_val_00017184_with_ILSVRC2012_val_00006582_rank589,27,894,0.21027,456
ILSVRC2012_val_00017184_with_ILSVRC2012_val_00031695_rank564,493,526,0.48558,9
ILSVRC2012_val_00017184_with_ILSVRC2012_val_00032202_rank944,358,150,0.37961,103
ILSVRC2012_val_00017184_with_ILSVRC2012_val_00005115_rank516,672,879,0.69843,8
ILSVRC2012_val_00017184_with_ILSVRC2012_val_00044295_rank322,857,896,0.11809,182
ILSVRC2012_val_00017184_with_ILSVRC2012_val_00002303_rank930,220,896,0.30748,979
ILSVRC2012_val_00017184_with_ILSVRC2012_val_00025352_rank388,352,896,0.51594,523
ILSVRC2012_val_00017184_with_ILSVRC2012_val_00046396_rank569,841,841,0.72679,0
ILSVRC2012_val_00017184_with_ILSVRC2012_val_00029940_rank356,459,435,0.28572,152
ILSVRC2012_val_00017184_with_ILSVRC2012_val_00035270_rank182,658,532,0.27041,556
ILSVRC2012_val_00017184_with_ILSVRC2012_val_00044518_rank139,666,666,0.91062,0
ILSVRC2012_val_00017184_with_ILSVRC2012_val_00035786_rank901,805,805,0.08279,0
ILSVRC2012_val_00017184_with_ILSVRC2012_val_00015416_rank217,13,13,0.83685,0
ILSVRC2012_val_00017184_with_ILSVRC2012_val_00032592_rank595,252,198,0.51348,11
ILSVRC2012_val_00017184_with_ILSVRC2012_val_00032874_rank482,371,674,0.0635,316
ILSVRC2012_val_00017184_with_ILSVRC2012_val_00027205_rank174,767,896,0.39771,158
ILSVRC2012_val_00017184_with_ILSVRC2012_val_00041846_rank846,436,436,0.2215,0
ILSVRC2012_val_00017184_with_ILSVRC2012_val_00041112_rank047,971,435,0.33528,24
ILSVRC2012_val_00017184_with_ILSVRC2012_val_00030620_rank521,194,194,0.50417,0
ILSVRC2012_val_00017184_with_ILSVRC2012_val_00011374_rank131,323,323,0.67297,0
ILSVRC2012_val_00017184_with_ILSVRC2012_val_00031886_rank959,514,788,0.21262,5
ILSVRC2012_val_00017184_with_ILSVRC2012_val_00030231_rank504,629,648,0.26303,99
ILSVRC2012_val_00017184_with_ILSVRC2012_val_00013447_rank789,234,164,0.40817,20
ILSVRC2012_val_00017184_with_ILSVRC2012_val_00039666_rank633,199,197,0.61007,1
ILSVRC2012_val_00017184_with_ILSVRC2012_val_00047051_rank591,681,804,0.26242,859
ILSVRC2012_val_00017184_with_ILSVRC2012_val_00011285_rank667,917,509,0.21832,17
ILSVRC2012_val_00017184_with_ILSVRC2012_val_00027005_rank273,6,896,0.66263,227
ILSVRC2012_val_00017184_with_ILSVRC2012_val_00000343_rank964,355,896,0.37426,811
ILSVRC2012_val_00017184_with_ILSVRC2012_val_00007284_rank101,95,95,0.84087,0
ILSVRC2012_val_00017184_with_ILSVRC2012_val_00034285_rank808,653,653,0.73853,0
ILSVRC2012_val_00017184_with_ILSVRC2012_val_00037279_rank057,59,896,0.34437,860
ILSVRC2012_val_00017184_with_ILSVRC2012_val_00049682_rank094,89,526,0.1977,932
ILSVRC2012_val_00017184_with_ILSVRC2012_val_00029068_rank703,279,279,0.16156,0
ILSVRC2012_val_00017184_with_ILSVRC2012_val_00006649_rank929,256,256,0.34799,0
ILSVRC2012_val_00017184_with_ILSVRC2012_val_00039513_rank453,275,275,0.69218,0
ILSVRC2012_val_00017184_with_ILSVRC2012_val_00030646_rank557,541,541,0.60932,0
ILSVRC2012_val_00017184_with_ILSVRC2012_val_00015221_rank250,66,896,0.5914,768
ILSVRC2012_val_00017184_with_ILSVRC2012_val_00026331_rank886,336,336,0.52481,0
ILSVRC2012_val_00017184_with_ILSVRC2012_val_00049918_rank229,542,787,0.2782,82
ILSVRC2012_val_00017184_with_ILSVRC2012_val_00033437_rank590,26,896,0.22034,759
ILSVRC2012_val_00017184_with_ILSVRC2012_val_00012414_rank795,334,334,0.86356,0
ILSVRC2012_val_00017184_with_ILSVRC2012_val_00013684_rank454,281,281,0.38784,0
ILSVRC2012_val_00017184_with_ILSVRC2012_val_00014886_rank089,711,711,0.58389,0
ILSVRC2012_val_00017184_with_ILSVRC2012_val_00028560_rank460,909,896,0.92373,17
ILSVRC2012_val_00017184_with_ILSVRC2012_val_00020358_rank389,791,791,0.38904,0
ILSVRC2012_val_00017184_with_ILSVRC2012_val_00009658_rank139,666,896,0.35672,10
ILSVRC2012_val_00017184_with_ILSVRC2012_val_00042279_rank984,755,896,0.48969,335
ILSVRC2012_val_00017184_with_ILSVRC2012_val_00027718_rank812,872,846,0.1945,52
ILSVRC2012_val_00017184_with_ILSVRC2012_val_00041757_rank174,767,894,0.27537,519
ILSVRC2012_val_00017184_with_ILSVRC2012_val_00028573_rank853,86,86,0.60821,0
ILSVRC2012_val_00017184_with_ILSVRC2012_val_00045014_rank605,557,731,0.15626,287
ILSVRC2012_val_00017184_with_ILSVRC2012_val_00026933_rank973,422,422,0.43748,0
ILSVRC2012_val_00017184_with_ILSVRC2012_val_00034544_rank603,701,894,0.18857,181
ILSVRC2012_val_00017184_with_ILSVRC2012_val_00018836_rank554,391,391,0.5365,0
ILSVRC2012_val_00017184_with_ILSVRC2012_val_00035036_rank833,250,250,0.55956,0
ILSVRC2012_val_00017184_with_ILSVRC2012_val_00031383_rank488,403,896,0.64315,560
ILSVRC2012_val_00017184_with_ILSVRC2012_val_00028737_rank097,929,929,0.91287,0
ILSVRC2012_val_00017184_with_ILSVRC2012_val_00032853_rank371,759,759,0.12297,0
ILSVRC2012_val_00017184_with_ILSVRC2012_val_00020255_rank237,505,896,0.40322,32
ILSVRC2012_val_00017184_with_ILSVRC2012_val_00021185_rank457,816,731,0.24174,12
ILSVRC2012_val_00017184_with_ILSVRC2012_val_00020888_rank155,145,532,0.31181,762
ILSVRC2012_val_00017184_with_ILSVRC2012_val_00036077_rank615,79,506,0.59954,79
ILSVRC2012_val_00017184_with_ILSVRC2012_val_00015911_rank865,345,345,0.62125,0
ILSVRC2012_val_00017184_with_ILSVRC2012_val_00016415_rank865,345,345,0.09961,0
ILSVRC2012_val_00017184_with_ILSVRC2012_val_00044565_rank252,133,133,0.63321,0
ILSVRC2012_val_00017184_with_ILSVRC2012_val_00015758_rank928,407,468,0.37709,7
ILSVRC2012_val_00017184_with_ILSVRC2012_val_00031467_rank350,37,37,0.67988,0
ILSVRC2012_val_00017184_with_ILSVRC2012_val_00024795_rank600,68,68,0.4195,0
ILSVRC2012_val_00017184_with_ILSVRC2012_val_00004070_rank662,517,896,0.72177,539
ILSVRC2012_val_00017184_with_ILSVRC2012_val_00002873_rank081,883,725,0.49544,1
ILSVRC2012_val_00017184_with_ILSVRC2012_val_00009790_rank367,700,700,0.77138,0
ILSVRC2012_val_00017184_with_ILSVRC2012_val_00038761_rank748,164,164,0.58128,0
ILSVRC2012_val_00017184_with_ILSVRC2012_val_00037118_rank880,269,174,0.11921,12
ILSVRC2012_val_00017184_with_ILSVRC2012_val_00037832_rank643,319,896,0.7282,978
ILSVRC2012_val_00017184_with_ILSVRC2012_val_00039661_rank079,75,75,0.70267,0
ILSVRC2012_val_00017184_with_ILSVRC2012_val_00022224_rank190,320,320,0.64919,0
ILSVRC2012_val_00017184_with_ILSVRC2012_val_00017362_rank033,939,939,0.5402,0
ILSVRC2012_val_00017184_with_ILSVRC2012_val_00035906_rank817,866,526,0.27312,208
ILSVRC2012_val_00017184_with_ILSVRC2012_val_00045772_rank763,777,894,0.06783,600
ILSVRC2012_val_00017184_with_ILSVRC2012_val_00006642_rank366,592,592,0.8907,0
ILSVRC2012_val_00017184_with_ILSVRC2012_val_00026455_rank167,995,356,0.15484,209
ILSVRC2012_val_00017184_with_ILSVRC2012_val_00033978_rank704,458,458,0.23503,0
ILSVRC2012_val_00017184_with_ILSVRC2012_val_00047415_rank394,470,532,0.62183,36
ILSVRC2012_val_00017184_with_ILSVRC2012_val_00008300_rank224,364,285,0.26678,230
ILSVRC2012_val_00017184_with_ILSVRC2012_val_00039107_rank026,989,526,0.15267,723
ILSVRC2012_val_00017184_with_ILSVRC2012_val_00024740_rank226,137,137,0.60103,0
ILSVRC2012_val_00017184_with_ILSVRC2012_val_00018259_rank986,678,831,0.21616,86
ILSVRC2012_val_00017184_with_ILSVRC2012_val_00008778_rank532,750,831,0.16661,1
ILSVRC2012_val_00017184_with_ILSVRC2012_val_00025357_rank596,875,512,0.10175,51
ILSVRC2012_val_00017184_with_ILSVRC2012_val_00024199_rank646,617,728,0.22636,45
ILSVRC2012_val_00017184_with_ILSVRC2012_val_00002989_rank828,240,238,0.76611,2
ILSVRC2012_val_00017184_with_ILSVRC2012_val_00033867_rank375,482,485,0.40198,3
ILSVRC2012_val_00017184_with_ILSVRC2012_val_00004268_rank593,501,896,0.15563,620
ILSVRC2012_val_00017184_with_ILSVRC2012_val_00039807_rank753,155,155,0.76427,0
ILSVRC2012_val_00017184_with_ILSVRC2012_val_00002690_rank756,579,579,0.90736,0
ILSVRC2012_val_00017184_with_ILSVRC2012_val_00000576_rank853,86,86,0.54716,0
ILSVRC2012_val_00017184_with_ILSVRC2012_val_00022414_rank114,130,896,0.47231,719
ILSVRC2012_val_00017184_with_ILSVRC2012_val_00018469_rank409,294,896,0.1797,430
ILSVRC2012_val_00017184_with_ILSVRC2012_val_00011985_rank895,152,152,0.90699,0
ILSVRC2012_val_00017184_with_ILSVRC2012_val_00034001_rank937,867,742,0.73268,398
ILSVRC2012_val_00017184_with_ILSVRC2012_val_00034599_rank364,499,896,0.56552,144
ILSVRC2012_val_00017184_with_ILSVRC2012_val_00004589_rank939,611,611,0.69894,0
ILSVRC2012_val_00017184_with_ILSVRC2012_val_00034780_rank992,361,361,0.82888,0
ILSVRC2012_val_00017184_with_ILSVRC2012_val_00037780_rank152,3,4,0.29651,2
ILSVRC2012_val_00017184_with_ILSVRC2012_val_00043101_rank581,429,429,0.91373,0
ILSVRC2012_val_00017184_with_ILSVRC2012_val_00015261_rank113,927,927,0.50636,0
ILSVRC2012_val_00017184_with_ILSVRC2012_val_00039825_rank264,83,87,0.80876,213
ILSVRC2012_val_00017184_with_ILSVRC2012_val_00027458_rank632,486,486,0.29837,0
ILSVRC2012_val_00017184_with_ILSVRC2012_val_00027201_rank837,694,896,0.52388,959
ILSVRC2012_val_00017184_with_ILSVRC2012_val_00034846_rank175,641,747,0.49466,5
ILSVRC2012_val_00017184_with_ILSVRC2012_val_00004168_rank489,369,369,0.26745,0
ILSVRC2012_val_00017184_with_ILSVRC2012_val_00001726_rank074,968,968,0.47692,0
ILSVRC2012_val_00017184_with_ILSVRC2012_val_00027148_rank330,61,896,0.39516,915
ILSVRC2012_val_00017184_with_ILSVRC2012_val_00038059_rank077,113,113,0.88215,0
ILSVRC2012_val_00017184_with_ILSVRC2012_val_00041270_rank965,413,894,0.18195,703
ILSVRC2012_val_00017184_with_ILSVRC2012_val_00004992_rank804,195,254,0.14516,4
ILSVRC2012_val_00017184_with_ILSVRC2012_val_00039866_rank644,377,377,0.29096,0
ILSVRC2012_val_00017184_with_ILSVRC2012_val_00038099_rank371,759,759,0.3845,0
ILSVRC2012_val_00017184_with_ILSVRC2012_val_00022501_rank519,218,218,0.83645,0
ILSVRC2012_val_00017184_with_ILSVRC2012_val_00028165_rank857,270,258,0.4853,6
ILSVRC2012_val_00017184_with_ILSVRC2012_val_00018532_rank830,101,385,0.23786,1
ILSVRC2012_val_00017184_with_ILSVRC2012_val_00045285_rank083,503,896,0.7298,56
ILSVRC2012_val_00017184_with_ILSVRC2012_val_00023389_rank649,575,526,0.19112,108
ILSVRC2012_val_00017184_with_ILSVRC2012_val_00021956_rank197,18,18,0.84553,0
ILSVRC2012_val_00017184_with_ILSVRC2012_val_00040983_rank199,373,181,0.18703,266
ILSVRC2012_val_00017184_with_ILSVRC2012_val_00012614_rank831,702,896,0.77781,434
ILSVRC2012_val_00017184_with_ILSVRC2012_val_00025450_rank544,650,589,0.0895,4
ILSVRC2012_val_00017184_with_ILSVRC2012_val_00022133_rank874,248,896,0.08933,451
ILSVRC2012_val_00017184_with_ILSVRC2012_val_00018119_rank615,79,79,0.46976,0
ILSVRC2012_val_00017184_with_ILSVRC2012_val_00028093_rank761,821,896,0.15718,806
ILSVRC2012_val_00017184_with_ILSVRC2012_val_00036549_rank902,676,676,0.77991,0
ILSVRC2012_val_00017184_with_ILSVRC2012_val_00024787_rank226,137,896,0.6511,535
ILSVRC2012_val_00017184_with_ILSVRC2012_val_00004514_rank060,985,896,0.21062,503
ILSVRC2012_val_00017184_with_ILSVRC2012_val_00027937_rank745,156,156,0.85605,0
ILSVRC2012_val_00017184_with_ILSVRC2012_val_00016416_rank760,242,242,0.53695,0
ILSVRC2012_val_00017184_with_ILSVRC2012_val_00013520_rank468,691,518,0.25383,18
ILSVRC2012_val_00017184_with_ILSVRC2012_val_00040364_rank313,437,846,0.53146,80
ILSVRC2012_val_00017184_with_ILSVRC2012_val_00008439_rank288,48,51,0.21276,18
ILSVRC2012_val_00017184_with_ILSVRC2012_val_00043642_rank024,959,896,0.50194,175
ILSVRC2012_val_00017184_with_ILSVRC2012_val_00023991_rank393,118,532,0.06076,83
ILSVRC2012_val_00017184_with_ILSVRC2012_val_00006353_rank911,258,283,0.23375,19
ILSVRC2012_val_00017184_with_ILSVRC2012_val_00003171_rank334,528,528,0.74158,0
ILSVRC2012_val_00017184_with_ILSVRC2012_val_00008003_rank822,243,254,0.77466,4
ILSVRC2012_val_00017184_with_ILSVRC2012_val_00004732_rank345,464,896,0.69219,405
ILSVRC2012_val_00017184_with_ILSVRC2012_val_00013524_rank595,252,262,0.6156,1
ILSVRC2012_val_00017184_with_ILSVRC2012_val_00035090_rank531,806,514,0.43718,13
ILSVRC2012_val_00017184_with_ILSVRC2012_val_00033956_rank850,670,896,0.26402,180
ILSVRC2012_val_00017184_with_ILSVRC2012_val_00003343_rank039,937,896,0.72279,653
ILSVRC2012_val_00017184_with_ILSVRC2012_val_00045384_rank254,779,742,0.38798,969
ILSVRC2012_val_00017184_with_ILSVRC2012_val_00039078_rank085,321,321,0.82346,0
ILSVRC2012_val_00017184_with_ILSVRC2012_val_00005241_rank492,488,894,0.11311,760
ILSVRC2012_val_00017184_with_ILSVRC2012_val_00009557_rank647,795,418,0.31821,143
ILSVRC2012_val_00017184_with_ILSVRC2012_val_00035751_rank375,482,482,0.57879,0
ILSVRC2012_val_00017184_with_ILSVRC2012_val_00048761_rank519,218,894,0.2558,715
ILSVRC2012_val_00017184_with_ILSVRC2012_val_00020300_rank939,611,896,0.56039,552
ILSVRC2012_val_00017184_with_ILSVRC2012_val_00033123_rank548,435,876,0.69744,1
ILSVRC2012_val_00017184_with_ILSVRC2012_val_00012752_rank566,273,225,0.74685,9
ILSVRC2012_val_00017184_with_ILSVRC2012_val_00002791_rank480,87,87,0.47104,0
ILSVRC2012_val_00017184_with_ILSVRC2012_val_00003353_rank121,72,896,0.3121,731
ILSVRC2012_val_00017184_with_ILSVRC2012_val_00047355_rank485,560,896,0.36121,482
ILSVRC2012_val_00017184_with_ILSVRC2012_val_00033111_rank011,945,945,0.71655,0
ILSVRC2012_val_00017184_with_ILSVRC2012_val_00003861_rank158,17,17,0.84416,0
ILSVRC2012_val_00017184_with_ILSVRC2012_val_00010263_rank994,556,526,0.44467,169
ILSVRC2012_val_00017184_with_ILSVRC2012_val_00003210_rank667,917,917,0.47821,0
ILSVRC2012_val_00017184_with_ILSVRC2012_val_00013556_rank469,813,896,0.2328,168
ILSVRC2012_val_00017184_with_ILSVRC2012_val_00044846_rank882,174,894,0.26046,625
ILSVRC2012_val_00017184_with_ILSVRC2012_val_00044185_rank541,502,788,0.20922,3
ILSVRC2012_val_00017184_with_ILSVRC2012_val_00015104_rank685,996,996,0.9291,0
ILSVRC2012_val_00017184_with_ILSVRC2012_val_00028533_rank051,317,896,0.30982,926
ILSVRC2012_val_00017184_with_ILSVRC2012_val_00016173_rank666,366,366,0.88819,0
ILSVRC2012_val_00017184_with_ILSVRC2012_val_00005236_rank625,977,896,0.68607,696
ILSVRC2012_val_00017184_with_ILSVRC2012_val_00007343_rank336,100,100,0.77376,0
ILSVRC2012_val_00017184_with_ILSVRC2012_val_00008751_rank200,530,530,0.85167,0
ILSVRC2012_val_00017184_with_ILSVRC2012_val_00016825_rank149,973,896,0.31828,951
ILSVRC2012_val_00017184_with_ILSVRC2012_val_00035467_rank898,539,526,0.25412,761
ILSVRC2012_val_00017184_with_ILSVRC2012_val_00017147_rank576,171,171,0.33623,0
ILSVRC2012_val_00017184_with_ILSVRC2012_val_00004905_rank554,391,894,0.5447,714
ILSVRC2012_val_00017184_with_ILSVRC2012_val_00012057_rank117,773,773,0.30416,0
ILSVRC2012_val_00017184_with_ILSVRC2012_val_00018184_rank168,590,487,0.56963,1
ILSVRC2012_val_00017184_with_ILSVRC2012_val_00026107_rank500,462,808,0.17369,449
ILSVRC2012_val_00017184_with_ILSVRC2012_val_00010375_rank400,655,434,0.15179,244
ILSVRC2012_val_00017184_with_ILSVRC2012_val_00000747_rank196,10,10,0.73994,0
ILSVRC2012_val_00017184_with_ILSVRC2012_val_00017616_rank740,372,87,0.30584,519
ILSVRC2012_val_00017184_with_ILSVRC2012_val_00019817_rank214,784,896,0.65042,620
ILSVRC2012_val_00017184_with_ILSVRC2012_val_00005187_rank496,399,399,0.37596,0
ILSVRC2012_val_00017184_with_ILSVRC2012_val_00001994_rank620,715,896,0.50731,356
ILSVRC2012_val_00017184_with_ILSVRC2012_val_00011348_rank008,949,532,0.38926,546
ILSVRC2012_val_00017184_with_ILSVRC2012_val_00010146_rank533,648,896,0.5864,4
ILSVRC2012_val_00017184_with_ILSVRC2012_val_00028852_rank044,114,896,0.20555,434
ILSVRC2012_val_00017184_with_ILSVRC2012_val_00036412_rank800,453,453,0.81801,0
ILSVRC2012_val_00017184_with_ILSVRC2012_val_00000669_rank358,126,126,0.53422,0
ILSVRC2012_val_00017184_with_ILSVRC2012_val_00015307_rank772,214,214,0.72279,0
ILSVRC2012_val_00017184_with_ILSVRC2012_val_00034960_rank498,34,34,0.89543,0
ILSVRC2012_val_00017184_with_ILSVRC2012_val_00028264_rank857,270,174,0.38006,19
ILSVRC2012_val_00017184_with_ILSVRC2012_val_00038181_rank184,306,306,0.22814,0
ILSVRC2012_val_00017184_with_ILSVRC2012_val_00043046_rank003,948,948,0.67061,0
ILSVRC2012_val_00017184_with_ILSVRC2012_val_00020175_rank405,999,894,0.27738,206
ILSVRC2012_val_00017184_with_ILSVRC2012_val_00004105_rank271,147,894,0.22189,636
ILSVRC2012_val_00017184_with_ILSVRC2012_val_00048672_rank762,751,751,0.30586,0
ILSVRC2012_val_00017184_with_ILSVRC2012_val_00045937_rank668,251,251,0.84703,0
ILSVRC2012_val_00017184_with_ILSVRC2012_val_00017321_rank580,205,205,0.80784,0
ILSVRC2012_val_00017184_with_ILSVRC2012_val_00027650_rank920,615,896,0.49532,292
ILSVRC2012_val_00017184_with_ILSVRC2012_val_00011394_rank797,191,850,0.22945,35
ILSVRC2012_val_00017184_with_ILSVRC2012_val_00018975_rank897,444,444,0.52115,0
ILSVRC2012_val_00017184_with_ILSVRC2012_val_00021334_rank652,119,896,0.15,915
ILSVRC2012_val_00017184_with_ILSVRC2012_val_00049534_rank453,275,275,0.87335,0
ILSVRC2012_val_00017184_with_ILSVRC2012_val_00003572_rank184,306,306,0.83442,0
ILSVRC2012_val_00017184_with_ILSVRC2012_val_00005189_rank401,181,181,0.88085,0
ILSVRC2012_val_00017184_with_ILSVRC2012_val_00008035_rank185,132,131,0.30426,1
ILSVRC2012_val_00017184_with_ILSVRC2012_val_00046491_rank022,392,896,0.20797,971
ILSVRC2012_val_00017184_with_ILSVRC2012_val_00024798_rank418,680,896,0.39475,532
ILSVRC2012_val_00017184_with_ILSVRC2012_val_00000778_rank838,839,729,0.42344,417
ILSVRC2012_val_00017184_with_ILSVRC2012_val_00041098_rank442,263,263,0.8147,0
ILSVRC2012_val_00017184_with_ILSVRC2012_val_00040641_rank875,189,174,0.35422,116
ILSVRC2012_val_00017184_with_ILSVRC2012_val_00023490_rank967,412,928,0.11503,251
ILSVRC2012_val_00017184_with_ILSVRC2012_val_00000308_rank138,607,607,0.85777,0
ILSVRC2012_val_00017184_with_ILSVRC2012_val_00008150_rank220,778,778,0.83925,0
ILSVRC2012_val_00017184_with_ILSVRC2012_val_00038141_rank763,777,704,0.29744,762
ILSVRC2012_val_00017184_with_ILSVRC2012_val_00006119_rank144,604,604,0.75227,0
ILSVRC2012_val_00017184_with_ILSVRC2012_val_00007590_rank914,749,896,0.15163,505
ILSVRC2012_val_00017184_with_ILSVRC2012_val_00001686_rank818,264,264,0.73931,0
ILSVRC2012_val_00017184_with_ILSVRC2012_val_00030501_rank677,601,731,0.19705,54
ILSVRC2012_val_00017184_with_ILSVRC2012_val_00023049_rank184,306,306,0.18753,0
ILSVRC2012_val_00017184_with_ILSVRC2012_val_00046662_rank938,600,421,0.30503,20
ILSVRC2012_val_00017184_with_ILSVRC2012_val_00001653_rank432,963,963,0.69966,0
ILSVRC2012_val_00017184_with_ILSVRC2012_val_00014445_rank746,546,570,0.35096,440
ILSVRC2012_val_00017184_with_ILSVRC2012_val_00048220_rank817,866,866,0.36176,0
ILSVRC2012_val_00017184_with_ILSVRC2012_val_00016331_rank333,5,896,0.11583,523
ILSVRC2012_val_00017184_with_ILSVRC2012_val_00030074_rank397,893,526,0.15935,145
ILSVRC2012_val_00017184_with_ILSVRC2012_val_00020871_rank386,772,846,0.17513,574
ILSVRC2012_val_00017184_with_ILSVRC2012_val_00002248_rank547,610,610,0.23108,0
ILSVRC2012_val_00017184_with_ILSVRC2012_val_00031624_rank989,731,731,0.86833,0
ILSVRC2012_val_00017184_with_ILSVRC2012_val_00003806_rank554,391,896,0.31247,375
ILSVRC2012_val_00017184_with_ILSVRC2012_val_00007366_rank319,202,202,0.31783,0
ILSVRC2012_val_00017184_with_ILSVRC2012_val_00004670_rank471,521,521,0.82598,0
ILSVRC2012_val_00017184_with_ILSVRC2012_val_00029546_rank423,153,153,0.80562,0
ILSVRC2012_val_00017184_with_ILSVRC2012_val_00003248_rank696,337,894,0.20877,842
ILSVRC2012_val_00017184_with_ILSVRC2012_val_00010699_rank839,683,896,0.32977,761
ILSVRC2012_val_00017184_with_ILSVRC2012_val_00028220_rank209,291,291,0.63846,0
ILSVRC2012_val_00017184_with_ILSVRC2012_val_00027409_rank536,761,761,0.40605,0
ILSVRC2012_val_00017184_with_ILSVRC2012_val_00045719_rank320,520,520,0.53221,0
ILSVRC2012_val_00017184_with_ILSVRC2012_val_00014112_rank504,629,711,0.40707,2
ILSVRC2012_val_00017184_with_ILSVRC2012_val_00030314_rank093,468,896,0.37166,437
ILSVRC2012_val_00017184_with_ILSVRC2012_val_00034933_rank723,219,219,0.74753,0
ILSVRC2012_val_00017184_with_ILSVRC2012_val_00023909_rank374,293,293,0.83137,0
ILSVRC2012_val_00017184_with_ILSVRC2012_val_00032963_rank363,920,532,0.26136,520
ILSVRC2012_val_00017184_with_ILSVRC2012_val_00008283_rank544,650,731,0.04683,191
ILSVRC2012_val_00017184_with_ILSVRC2012_val_00030739_rank660,753,753,0.53848,0
ILSVRC2012_val_00017184_with_ILSVRC2012_val_00048210_rank849,432,896,0.53709,864
ILSVRC2012_val_00017184_with_ILSVRC2012_val_00005998_rank340,287,287,0.7296,0
ILSVRC2012_val_00017184_with_ILSVRC2012_val_00031339_rank407,353,532,0.11853,619
ILSVRC2012_val_00017184_with_ILSVRC2012_val_00046285_rank101,95,95,0.81576,0
ILSVRC2012_val_00017184_with_ILSVRC2012_val_00008770_rank886,336,336,0.0745,0
ILSVRC2012_val_00017184_with_ILSVRC2012_val_00011496_rank791,667,667,0.6495,0
ILSVRC2012_val_00017184_with_ILSVRC2012_val_00039794_rank754,206,206,0.32219,0
ILSVRC2012_val_00017184_with_ILSVRC2012_val_00009782_rank111,398,398,0.86771,0
ILSVRC2012_val_00017184_with_ILSVRC2012_val_00033078_rank148,88,88,0.85971,0
ILSVRC2012_val_00017184_with_ILSVRC2012_val_00030149_rank597,879,794,0.27188,108
ILSVRC2012_val_00017184_with_ILSVRC2012_val_00032514_rank090,631,711,0.47528,2
ILSVRC2012_val_00017184_with_ILSVRC2012_val_00025513_rank991,904,896,0.33486,127
ILSVRC2012_val_00017184_with_ILSVRC2012_val_00024169_rank339,175,155,0.60008,63
ILSVRC2012_val_00017184_with_ILSVRC2012_val_00006765_rank034,938,938,0.81737,0
ILSVRC2012_val_00017184_with_ILSVRC2012_val_00045458_rank881,708,708,0.45895,0
ILSVRC2012_val_00017184_with_ILSVRC2012_val_00031674_rank381,36,36,0.89506,0
ILSVRC2012_val_00017184_with_ILSVRC2012_val_00047659_rank390,881,881,0.32529,0
ILSVRC2012_val_00017184_with_ILSVRC2012_val_00009060_rank458,484,606,0.14424,323
ILSVRC2012_val_00017184_with_ILSVRC2012_val_00046745_rank774,384,383,0.2216,1
ILSVRC2012_val_00017184_with_ILSVRC2012_val_00026430_rank348,873,873,0.6298,0
ILSVRC2012_val_00017184_with_ILSVRC2012_val_00049758_rank573,748,831,0.14189,143
ILSVRC2012_val_00017184_with_ILSVRC2012_val_00027099_rank260,664,896,0.22902,296
ILSVRC2012_val_00017184_with_ILSVRC2012_val_00024691_rank478,207,526,0.22366,464
ILSVRC2012_val_00017184_with_ILSVRC2012_val_00020087_rank166,910,567,0.45511,10
ILSVRC2012_val_00017184_with_ILSVRC2012_val_00009651_rank642,566,896,0.74259,918
ILSVRC2012_val_00017184_with_ILSVRC2012_val_00044027_rank718,282,285,0.06063,3
ILSVRC2012_val_00017184_with_ILSVRC2012_val_00022581_rank620,715,894,0.42544,522
ILSVRC2012_val_00017184_with_ILSVRC2012_val_00043973_rank963,471,471,0.90093,0
ILSVRC2012_val_00017184_with_ILSVRC2012_val_00047248_rank848,616,616,0.61694,0
ILSVRC2012_val_00017184_with_ILSVRC2012_val_00024364_rank404,547,547,0.32106,0
ILSVRC2012_val_00017184_with_ILSVRC2012_val_00007504_rank1000,830,894,0.21221,128
ILSVRC2012_val_00017184_with_ILSVRC2012_val_00016450_rank849,432,432,0.89058,0
ILSVRC2012_val_00017184_with_ILSVRC2012_val_00003875_rank141,110,115,0.63751,1
ILSVRC2012_val_00017184_with_ILSVRC2012_val_00032797_rank256,116,116,0.54421,0
ILSVRC2012_val_00017184_with_ILSVRC2012_val_00013675_rank381,36,896,0.19594,319
ILSVRC2012_val_00017184_with_ILSVRC2012_val_00019100_rank476,33,33,0.81768,0
ILSVRC2012_val_00017184_with_ILSVRC2012_val_00003411_rank406,890,896,0.59906,259
ILSVRC2012_val_00017184_with_ILSVRC2012_val_00042503_rank705,734,436,0.4901,13
ILSVRC2012_val_00017184_with_ILSVRC2012_val_00038558_rank488,403,896,0.85048,560
ILSVRC2012_val_00017184_with_ILSVRC2012_val_00045916_rank262,814,894,0.13705,573
ILSVRC2012_val_00017184_with_ILSVRC2012_val_00023961_rank062,928,927,0.85234,2
ILSVRC2012_val_00017184_with_ILSVRC2012_val_00021817_rank534,698,896,0.26837,461
ILSVRC2012_val_00017184_with_ILSVRC2012_val_00025646_rank245,410,896,0.2326,460
ILSVRC2012_val_00017184_with_ILSVRC2012_val_00041071_rank938,600,600,0.67349,0
ILSVRC2012_val_00017184_with_ILSVRC2012_val_00008713_rank930,220,267,0.15946,68
ILSVRC2012_val_00017184_with_ILSVRC2012_val_00021010_rank506,854,762,0.22324,35
ILSVRC2012_val_00017184_with_ILSVRC2012_val_00004555_rank072,47,47,0.16964,0
ILSVRC2012_val_00017184_with_ILSVRC2012_val_00033252_rank407,353,353,0.21541,0
ILSVRC2012_val_00017184_with_ILSVRC2012_val_00021573_rank595,252,256,0.40883,14
ILSVRC2012_val_00017184_with_ILSVRC2012_val_00007994_rank143,896,896,0.70522,0
ILSVRC2012_val_00017184_with_ILSVRC2012_val_00029481_rank219,2,2,0.29962,0
ILSVRC2012_val_00017184_with_ILSVRC2012_val_00027129_rank418,680,896,0.3181,532
ILSVRC2012_val_00017184_with_ILSVRC2012_val_00020071_rank403,825,896,0.24332,308
ILSVRC2012_val_00017184_with_ILSVRC2012_val_00034237_rank478,207,208,0.69034,2
ILSVRC2012_val_00017184_with_ILSVRC2012_val_00018149_rank043,308,308,0.30068,0
ILSVRC2012_val_00017184_with_ILSVRC2012_val_00009635_rank159,310,896,0.63193,550
ILSVRC2012_val_00017184_with_ILSVRC2012_val_00035162_rank918,609,771,0.14335,561
ILSVRC2012_val_00017184_with_ILSVRC2012_val_00023598_rank728,280,280,0.55117,0
ILSVRC2012_val_00017184_with_ILSVRC2012_val_00002191_rank196,10,894,0.26109,567
ILSVRC2012_val_00017184_with_ILSVRC2012_val_00029806_rank381,36,36,0.51224,0
ILSVRC2012_val_00017184_with_ILSVRC2012_val_00041396_rank207,818,894,0.27482,337
ILSVRC2012_val_00017184_with_ILSVRC2012_val_00031785_rank970,212,212,0.8275,0
ILSVRC2012_val_00017184_with_ILSVRC2012_val_00034653_rank243,496,496,0.54256,0
ILSVRC2012_val_00017184_with_ILSVRC2012_val_00012066_rank873,625,896,0.57507,322
ILSVRC2012_val_00017184_with_ILSVRC2012_val_00023848_rank003,948,939,0.38272,7
ILSVRC2012_val_00017184_with_ILSVRC2012_val_00022118_rank635,739,739,0.91251,0
ILSVRC2012_val_00017184_with_ILSVRC2012_val_00006962_rank594,763,896,0.50139,348
ILSVRC2012_val_00017184_with_ILSVRC2012_val_00031377_rank887,193,186,0.87661,3
ILSVRC2012_val_00017184_with_ILSVRC2012_val_00037060_rank850,670,894,0.34912,599
ILSVRC2012_val_00017184_with_ILSVRC2012_val_00037369_rank098,574,574,0.49005,0
ILSVRC2012_val_00017184_with_ILSVRC2012_val_00015910_rank189,7,7,0.85783,0
ILSVRC2012_val_00017184_with_ILSVRC2012_val_00009270_rank226,137,137,0.32868,0
ILSVRC2012_val_00017184_with_ILSVRC2012_val_00011423_rank648,209,209,0.51905,0
ILSVRC2012_val_00017184_with_ILSVRC2012_val_00025887_rank343,284,284,0.76379,0
ILSVRC2012_val_00017184_with_ILSVRC2012_val_00033968_rank064,737,894,0.28155,626
ILSVRC2012_val_00017184_with_ILSVRC2012_val_00002288_rank745,156,217,0.50133,9
ILSVRC2012_val_00017184_with_ILSVRC2012_val_00019284_rank205,103,896,0.59381,351
ILSVRC2012_val_00017184_with_ILSVRC2012_val_00048175_rank698,24,87,0.09674,7
ILSVRC2012_val_00017184_with_ILSVRC2012_val_00035320_rank732,162,208,0.57077,8
ILSVRC2012_val_00017184_with_ILSVRC2012_val_00041393_rank431,211,211,0.85044,0
ILSVRC2012_val_00017184_with_ILSVRC2012_val_00009549_rank025,987,846,0.20178,388
ILSVRC2012_val_00017184_with_ILSVRC2012_val_00017002_rank692,43,43,0.39224,0
ILSVRC2012_val_00017184_with_ILSVRC2012_val_00004137_rank584,349,349,0.34548,0
ILSVRC2012_val_00017184_with_ILSVRC2012_val_00011587_rank223,588,896,0.74365,117
ILSVRC2012_val_00017184_with_ILSVRC2012_val_00009704_rank780,804,804,0.67078,0
ILSVRC2012_val_00017184_with_ILSVRC2012_val_00041178_rank858,233,183,0.33408,2
ILSVRC2012_val_00017184_with_ILSVRC2012_val_00000406_rank070,935,935,0.81076,0
ILSVRC2012_val_00017184_with_ILSVRC2012_val_00036876_rank947,198,196,0.52301,2
ILSVRC2012_val_00017184_with_ILSVRC2012_val_00003813_rank235,402,894,0.22645,149
ILSVRC2012_val_00017184_with_ILSVRC2012_val_00033730_rank999,733,894,0.11792,312
ILSVRC2012_val_00017184_with_ILSVRC2012_val_00019944_rank179,898,894,0.22529,850
ILSVRC2012_val_00017184_with_ILSVRC2012_val_00007459_rank532,750,831,0.4986,1
ILSVRC2012_val_00017184_with_ILSVRC2012_val_00023575_rank688,842,842,0.55964,0
ILSVRC2012_val_00017184_with_ILSVRC2012_val_00008499_rank656,710,470,0.19149,70
ILSVRC2012_val_00017184_with_ILSVRC2012_val_00026682_rank214,784,613,0.49948,21
ILSVRC2012_val_00017184_with_ILSVRC2012_val_00013159_rank946,255,255,0.8747,0
ILSVRC2012_val_00017184_with_ILSVRC2012_val_00032148_rank560,228,228,0.93227,0
ILSVRC2012_val_00017184_with_ILSVRC2012_val_00042245_rank273,6,896,0.59771,227
ILSVRC2012_val_00017184_with_ILSVRC2012_val_00017310_rank092,16,17,0.1434,7
ILSVRC2012_val_00017184_with_ILSVRC2012_val_00021110_rank334,528,528,0.82547,0
ILSVRC2012_val_00017184_with_ILSVRC2012_val_00039618_rank742,41,41,0.56538,0
ILSVRC2012_val_00017184_with_ILSVRC2012_val_00015890_rank914,749,87,0.78698,192
ILSVRC2012_val_00017184_with_ILSVRC2012_val_00034131_rank791,667,667,0.98046,0
ILSVRC2012_val_00017184_with_ILSVRC2012_val_00016668_rank724,184,191,0.53316,2
ILSVRC2012_val_00017184_with_ILSVRC2012_val_00047202_rank765,157,157,0.3497,0
ILSVRC2012_val_00017184_with_ILSVRC2012_val_00005798_rank380,817,745,0.74441,54
ILSVRC2012_val_00017184_with_ILSVRC2012_val_00036404_rank089,711,896,0.38585,109
ILSVRC2012_val_00017184_with_ILSVRC2012_val_00005429_rank450,111,896,0.25958,446
ILSVRC2012_val_00017184_with_ILSVRC2012_val_00044088_rank873,625,896,0.23973,322
ILSVRC2012_val_00017184_with_ILSVRC2012_val_00023871_rank631,285,281,0.28705,1
ILSVRC2012_val_00017184_with_ILSVRC2012_val_00045310_rank477,77,896,0.06315,223
ILSVRC2012_val_00017184_with_ILSVRC2012_val_00024438_rank124,84,84,0.8343,0
ILSVRC2012_val_00017184_with_ILSVRC2012_val_00018984_rank844,608,608,0.4607,0
ILSVRC2012_val_00017184_with_ILSVRC2012_val_00042225_rank600,68,66,0.46103,1
ILSVRC2012_val_00017184_with_ILSVRC2012_val_00012754_rank031,988,988,0.66458,0
ILSVRC2012_val_00017184_with_ILSVRC2012_val_00019440_rank225,716,896,0.40083,771
ILSVRC2012_val_00017184_with_ILSVRC2012_val_00016697_rank582,267,267,0.49429,0
ILSVRC2012_val_00017184_with_ILSVRC2012_val_00020105_rank699,677,896,0.30655,298
ILSVRC2012_val_00017184_with_ILSVRC2012_val_00048674_rank790,972,894,0.19871,647
ILSVRC2012_val_00017184_with_ILSVRC2012_val_00036158_rank108,313,313,0.52482,0
ILSVRC2012_val_00017184_with_ILSVRC2012_val_00028021_rank882,174,174,0.52726,0
ILSVRC2012_val_00017184_with_ILSVRC2012_val_00021379_rank946,255,255,0.3619,0
ILSVRC2012_val_00017184_with_ILSVRC2012_val_00006681_rank574,982,894,0.3001,268
ILSVRC2012_val_00017184_with_ILSVRC2012_val_00037056_rank085,321,321,0.78767,0
ILSVRC2012_val_00017184_with_ILSVRC2012_val_00034334_rank884,176,176,0.91156,0
ILSVRC2012_val_00017184_with_ILSVRC2012_val_00011356_rank576,171,254,0.34742,14
ILSVRC2012_val_00017184_with_ILSVRC2012_val_00008085_rank303,185,185,0.90145,0
ILSVRC2012_val_00017184_with_ILSVRC2012_val_00006170_rank485,560,896,0.28753,482
ILSVRC2012_val_00017184_with_ILSVRC2012_val_00008510_rank105,20,20,0.86134,0
ILSVRC2012_val_00017184_with_ILSVRC2012_val_00021293_rank414,704,704,0.80625,0
ILSVRC2012_val_00017184_with_ILSVRC2012_val_00039109_rank263,359,358,0.49277,2
ILSVRC2012_val_00017184_with_ILSVRC2012_val_00045517_rank031,988,988,0.45645,0
ILSVRC2012_val_00017184_with_ILSVRC2012_val_00035018_rank093,468,468,0.2696,0
ILSVRC2012_val_00017184_with_ILSVRC2012_val_00029150_rank483,81,81,0.79499,0
ILSVRC2012_val_00017184_with_ILSVRC2012_val_00030857_rank790,972,896,0.63027,903
ILSVRC2012_val_00017184_with_ILSVRC2012_val_00019494_rank630,595,786,0.20069,851
ILSVRC2012_val_00017184_with_ILSVRC2012_val_00000224_rank478,207,207,0.50935,0
ILSVRC2012_val_00017184_with_ILSVRC2012_val_00045455_rank068,522,896,0.42719,949
ILSVRC2012_val_00017184_with_ILSVRC2012_val_00006228_rank139,666,666,0.88143,0
ILSVRC2012_val_00017184_with_ILSVRC2012_val_00010165_rank360,685,685,0.87073,0
ILSVRC2012_val_00017184_with_ILSVRC2012_val_00049210_rank133,850,850,0.20305,0
ILSVRC2012_val_00017184_with_ILSVRC2012_val_00017634_rank140,140,250,0.34342,321
ILSVRC2012_val_00017184_with_ILSVRC2012_val_00002577_rank889,632,632,0.77119,0
ILSVRC2012_val_00017184_with_ILSVRC2012_val_00009455_rank885,606,606,0.86336,0
ILSVRC2012_val_00017184_with_ILSVRC2012_val_00042035_rank834,491,896,0.79609,841
ILSVRC2012_val_00017184_with_ILSVRC2012_val_00018569_rank862,511,511,0.40588,0
ILSVRC2012_val_00017184_with_ILSVRC2012_val_00001871_rank408,21,896,0.35862,953
ILSVRC2012_val_00017184_with_ILSVRC2012_val_00036214_rank006,952,952,0.87768,0
ILSVRC2012_val_00017184_with_ILSVRC2012_val_00029003_rank864,981,896,0.17862,695
ILSVRC2012_val_00017184_with_ILSVRC2012_val_00005265_rank275,515,896,0.86319,661
ILSVRC2012_val_00017184_with_ILSVRC2012_val_00046882_rank072,47,47,0.72212,0
ILSVRC2012_val_00017184_with_ILSVRC2012_val_00026147_rank437,693,462,0.21025,16
ILSVRC2012_val_00017184_with_ILSVRC2012_val_00004535_rank999,733,896,0.26357,818
ILSVRC2012_val_00017184_with_ILSVRC2012_val_00026732_rank787,690,690,0.67777,0
ILSVRC2012_val_00017184_with_ILSVRC2012_val_00033788_rank172,314,312,0.37125,1
ILSVRC2012_val_00017184_with_ILSVRC2012_val_00038201_rank269,259,259,0.86307,0
ILSVRC2012_val_00017184_with_ILSVRC2012_val_00035588_rank142,809,596,0.27413,965
ILSVRC2012_val_00017184_with_ILSVRC2012_val_00008931_rank071,307,307,0.8466,0
ILSVRC2012_val_00017184_with_ILSVRC2012_val_00036075_rank678,257,222,0.17275,1
ILSVRC2012_val_00017184_with_ILSVRC2012_val_00007564_rank305,135,135,0.858,0
ILSVRC2012_val_00017184_with_ILSVRC2012_val_00033854_rank854,385,385,0.43511,0
ILSVRC2012_val_00017184_with_ILSVRC2012_val_00029174_rank109,815,894,0.31594,280
ILSVRC2012_val_00017184_with_ILSVRC2012_val_00035179_rank636,425,894,0.31502,114
ILSVRC2012_val_00017184_with_ILSVRC2012_val_00041516_rank830,101,101,0.56175,0
ILSVRC2012_val_00017184_with_ILSVRC2012_val_00049556_rank400,655,831,0.18641,130
ILSVRC2012_val_00017184_with_ILSVRC2012_val_00023297_rank722,684,684,0.49832,0
ILSVRC2012_val_00017184_with_ILSVRC2012_val_00033272_rank076,728,786,0.10226,450
ILSVRC2012_val_00017184_with_ILSVRC2012_val_00017238_rank939,611,794,0.28886,141
ILSVRC2012_val_00017184_with_ILSVRC2012_val_00032290_rank858,233,233,0.52376,0
ILSVRC2012_val_00017184_with_ILSVRC2012_val_00004532_rank530,770,643,0.19219,107
ILSVRC2012_val_00017184_with_ILSVRC2012_val_00044145_rank666,366,366,0.88834,0
ILSVRC2012_val_00017184_with_ILSVRC2012_val_00007876_rank959,514,896,0.36497,974
ILSVRC2012_val_00017184_with_ILSVRC2012_val_00049470_rank984,755,896,0.13513,335
ILSVRC2012_val_00017184_with_ILSVRC2012_val_00031457_rank736,449,896,0.29121,669
ILSVRC2012_val_00017184_with_ILSVRC2012_val_00035774_rank219,2,4,0.42971,2
ILSVRC2012_val_00017184_with_ILSVRC2012_val_00003969_rank103,964,936,0.2072,29
ILSVRC2012_val_00017184_with_ILSVRC2012_val_00009531_rank473,651,651,0.88924,0
ILSVRC2012_val_00017184_with_ILSVRC2012_val_00001987_rank067,74,896,0.34437,693
ILSVRC2012_val_00017184_with_ILSVRC2012_val_00011320_rank302,39,39,0.55913,0
ILSVRC2012_val_00017184_with_ILSVRC2012_val_00048907_rank300,85,85,0.80658,0
ILSVRC2012_val_00017184_with_ILSVRC2012_val_00046247_rank710,239,239,0.76002,0
ILSVRC2012_val_00017184_with_ILSVRC2012_val_00041969_rank352,901,901,0.85311,0
ILSVRC2012_val_00017184_with_ILSVRC2012_val_00028362_rank605,557,896,0.45472,992
ILSVRC2012_val_00017184_with_ILSVRC2012_val_00015368_rank220,778,896,0.64172,4
ILSVRC2012_val_00017184_with_ILSVRC2012_val_00003574_rank980,150,150,0.72744,0
ILSVRC2012_val_00017184_with_ILSVRC2012_val_00034402_rank412,122,894,0.40533,857
ILSVRC2012_val_00017184_with_ILSVRC2012_val_00031986_rank518,405,405,0.87008,0
ILSVRC2012_val_00017184_with_ILSVRC2012_val_00043880_rank505,215,215,0.65812,0
ILSVRC2012_val_00017184_with_ILSVRC2012_val_00019386_rank462,835,894,0.1836,967
ILSVRC2012_val_00017184_with_ILSVRC2012_val_00001376_rank578,919,530,0.58217,30
ILSVRC2012_val_00017184_with_ILSVRC2012_val_00020195_rank404,547,547,0.14727,0
ILSVRC2012_val_00017184_with_ILSVRC2012_val_00041267_rank329,290,896,0.19841,647
ILSVRC2012_val_00017184_with_ILSVRC2012_val_00033379_rank238,125,125,0.35671,0
ILSVRC2012_val_00017184_with_ILSVRC2012_val_00037729_rank794,49,49,0.85307,0
ILSVRC2012_val_00017184_with_ILSVRC2012_val_00047686_rank427,800,800,0.91882,0
ILSVRC2012_val_00017184_with_ILSVRC2012_val_00031736_rank390,881,896,0.41641,175
ILSVRC2012_val_00017184_with_ILSVRC2012_val_00032358_rank304,53,896,0.31166,472
ILSVRC2012_val_00017184_with_ILSVRC2012_val_00043767_rank166,910,939,0.22635,83
ILSVRC2012_val_00017184_with_ILSVRC2012_val_00015883_rank514,856,856,0.31177,0
ILSVRC2012_val_00017184_with_ILSVRC2012_val_00036113_rank037,441,441,0.60752,0
ILSVRC2012_val_00017184_with_ILSVRC2012_val_00021026_rank204,605,894,0.4595,321
ILSVRC2012_val_00017184_with_ILSVRC2012_val_00029284_rank171,380,380,0.30398,0
ILSVRC2012_val_00017184_with_ILSVRC2012_val_00043842_rank884,176,176,0.13762,0
ILSVRC2012_val_00017184_with_ILSVRC2012_val_00024002_rank989,731,461,0.2609,200
ILSVRC2012_val_00017184_with_ILSVRC2012_val_00020439_rank951,341,894,0.10774,581
ILSVRC2012_val_00017184_with_ILSVRC2012_val_00023858_rank380,817,894,0.59407,631
ILSVRC2012_val_00017184_with_ILSVRC2012_val_00034844_rank137,533,831,0.18265,351
ILSVRC2012_val_00017184_with_ILSVRC2012_val_00015125_rank036,925,532,0.18485,128
ILSVRC2012_val_00017184_with_ILSVRC2012_val_00027338_rank500,462,462,0.66532,0
ILSVRC2012_val_00017184_with_ILSVRC2012_val_00001969_rank701,727,727,0.73576,0
ILSVRC2012_val_00017184_with_ILSVRC2012_val_00000697_rank047,971,971,0.31554,0
ILSVRC2012_val_00017184_with_ILSVRC2012_val_00008000_rank770,200,183,0.27833,24
ILSVRC2012_val_00017184_with_ILSVRC2012_val_00020785_rank095,1,1,0.81643,0
ILSVRC2012_val_00017184_with_ILSVRC2012_val_00035739_rank041,828,828,0.74861,0
ILSVRC2012_val_00017184_with_ILSVRC2012_val_00041259_rank289,591,532,0.54937,104
ILSVRC2012_val_00017184_with_ILSVRC2012_val_00047240_rank187,793,793,0.53387,0
ILSVRC2012_val_00017184_with_ILSVRC2012_val_00044778_rank075,899,463,0.73475,10
ILSVRC2012_val_00017184_with_ILSVRC2012_val_00027175_rank173,519,896,0.13708,650
ILSVRC2012_val_00017184_with_ILSVRC2012_val_00031507_rank288,48,894,0.1466,751
ILSVRC2012_val_00017184_with_ILSVRC2012_val_00016882_rank927,524,787,0.30166,3
ILSVRC2012_val_00017184_with_ILSVRC2012_val_00045861_rank709,188,181,0.1168,3
ILSVRC2012_val_00017184_with_ILSVRC2012_val_00012449_rank647,795,896,0.62825,496
ILSVRC2012_val_00017184_with_ILSVRC2012_val_00005814_rank463,900,872,0.34031,198
ILSVRC2012_val_00017184_with_ILSVRC2012_val_00001973_rank385,732,732,0.85288,0
ILSVRC2012_val_00017184_with_ILSVRC2012_val_00026255_rank673,660,526,0.43345,145
ILSVRC2012_val_00017184_with_ILSVRC2012_val_00042326_rank292,832,896,0.1888,624
ILSVRC2012_val_00017184_with_ILSVRC2012_val_00002341_rank619,686,632,0.34868,65
ILSVRC2012_val_00017184_with_ILSVRC2012_val_00025744_rank325,131,87,0.39161,68
ILSVRC2012_val_00017184_with_ILSVRC2012_val_00022077_rank481,878,878,0.3223,0
ILSVRC2012_val_00017184_with_ILSVRC2012_val_00025183_rank325,131,131,0.7813,0
ILSVRC2012_val_00017184_with_ILSVRC2012_val_00035811_rank435,274,274,0.63953,0
ILSVRC2012_val_00017184_with_ILSVRC2012_val_00042807_rank601,695,896,0.08922,107
ILSVRC2012_val_00017184_with_ILSVRC2012_val_00038054_rank566,273,273,0.84545,0
ILSVRC2012_val_00017184_with_ILSVRC2012_val_00010543_rank672,487,851,0.2045,18
ILSVRC2012_val_00017184_with_ILSVRC2012_val_00005425_rank813,665,665,0.5577,0
ILSVRC2012_val_00017184_with_ILSVRC2012_val_00022307_rank366,592,592,0.62673,0
ILSVRC2012_val_00017184_with_ILSVRC2012_val_00040848_rank343,284,896,0.68812,77
ILSVRC2012_val_00017184_with_ILSVRC2012_val_00013333_rank373,149,149,0.52588,0
ILSVRC2012_val_00017184_with_ILSVRC2012_val_00027792_rank508,434,434,0.81573,0
ILSVRC2012_val_00017184_with_ILSVRC2012_val_00006504_rank349,845,896,0.22587,106
ILSVRC2012_val_00017184_with_ILSVRC2012_val_00048826_rank424,836,894,0.15157,249
ILSVRC2012_val_00017184_with_ILSVRC2012_val_00000132_rank586,742,742,0.35225,0
ILSVRC2012_val_00017184_with_ILSVRC2012_val_00033273_rank848,616,846,0.14563,807
ILSVRC2012_val_00017184_with_ILSVRC2012_val_00016892_rank425,682,896,0.22971,276
ILSVRC2012_val_00017184_with_ILSVRC2012_val_00048692_rank838,839,896,0.68713,921
ILSVRC2012_val_00017184_with_ILSVRC2012_val_00047755_rank417,253,151,0.37212,16
ILSVRC2012_val_00017184_with_ILSVRC2012_val_00032391_rank681,585,526,0.20631,302
ILSVRC2012_val_00017184_with_ILSVRC2012_val_00047286_rank586,742,742,0.79696,0
ILSVRC2012_val_00017184_with_ILSVRC2012_val_00022606_rank718,282,208,0.63509,59
ILSVRC2012_val_00017184_with_ILSVRC2012_val_00014917_rank210,8,8,0.74368,0
ILSVRC2012_val_00017184_with_ILSVRC2012_val_00030878_rank568,138,138,0.86051,0
ILSVRC2012_val_00017184_with_ILSVRC2012_val_00025705_rank588,552,643,0.09284,3
ILSVRC2012_val_00017184_with_ILSVRC2012_val_00031907_rank555,102,102,0.82921,0
ILSVRC2012_val_00017184_with_ILSVRC2012_val_00017018_rank133,850,850,0.44144,0
ILSVRC2012_val_00017184_with_ILSVRC2012_val_00028966_rank779,224,223,0.88032,2
ILSVRC2012_val_00017184_with_ILSVRC2012_val_00041309_rank109,815,896,0.7658,387
ILSVRC2012_val_00017184_with_ILSVRC2012_val_00006128_rank956,442,896,0.63271,408
ILSVRC2012_val_00017184_with_ILSVRC2012_val_00020469_rank251,19,19,0.76683,0
ILSVRC2012_val_00017184_with_ILSVRC2012_val_00036466_rank922,357,357,0.30632,0
ILSVRC2012_val_00017184_with_ILSVRC2012_val_00000058_rank306,994,578,0.2041,228
ILSVRC2012_val_00017184_with_ILSVRC2012_val_00040716_rank539,894,648,0.57315,6
ILSVRC2012_val_00017184_with_ILSVRC2012_val_00005893_rank173,519,894,0.32648,17
ILSVRC2012_val_00017184_with_ILSVRC2012_val_00033134_rank218,50,894,0.41666,707
ILSVRC2012_val_00017184_with_ILSVRC2012_val_00028790_rank368,868,894,0.39948,148
ILSVRC2012_val_00017184_with_ILSVRC2012_val_00017528_rank175,641,641,0.93273,0
ILSVRC2012_val_00017184_with_ILSVRC2012_val_00015500_rank337,124,307,0.21903,85
ILSVRC2012_val_00017184_with_ILSVRC2012_val_00027024_rank980,150,150,0.84113,0
ILSVRC2012_val_00017184_with_ILSVRC2012_val_00029379_rank557,541,894,0.26257,737
ILSVRC2012_val_00017184_with_ILSVRC2012_val_00013199_rank081,883,725,0.32417,1
ILSVRC2012_val_00017184_with_ILSVRC2012_val_00032634_rank901,805,805,0.81825,0
ILSVRC2012_val_00017184_with_ILSVRC2012_val_00032444_rank299,635,635,0.45515,0
ILSVRC2012_val_00017184_with_ILSVRC2012_val_00046600_rank310,668,812,0.36045,42
ILSVRC2012_val_00017184_with_ILSVRC2012_val_00030915_rank919,180,171,0.28486,6
ILSVRC2012_val_00017184_with_ILSVRC2012_val_00043381_rank053,326,896,0.40086,639
ILSVRC2012_val_00017184_with_ILSVRC2012_val_00035720_rank242,494,494,0.88527,0
ILSVRC2012_val_00017184_with_ILSVRC2012_val_00001602_rank518,405,896,0.2006,372
ILSVRC2012_val_00017184_with_ILSVRC2012_val_00006955_rank281,865,850,0.47112,7
ILSVRC2012_val_00017184_with_ILSVRC2012_val_00017559_rank526,360,103,0.13071,5
ILSVRC2012_val_00017184_with_ILSVRC2012_val_00042975_rank607,673,894,0.44316,202
ILSVRC2012_val_00017184_with_ILSVRC2012_val_00036455_rank794,49,894,0.18567,601
ILSVRC2012_val_00017184_with_ILSVRC2012_val_00005367_rank869,414,414,0.62838,0
ILSVRC2012_val_00017184_with_ILSVRC2012_val_00043456_rank086,136,18,0.86492,10
ILSVRC2012_val_00017184_with_ILSVRC2012_val_00043825_rank915,160,160,0.70862,0
ILSVRC2012_val_00017184_with_ILSVRC2012_val_00031431_rank936,586,586,0.75551,0
ILSVRC2012_val_00017184_with_ILSVRC2012_val_00005114_rank905,786,786,0.80322,0
ILSVRC2012_val_00017184_with_ILSVRC2012_val_00032724_rank079,75,75,0.83252,0
ILSVRC2012_val_00017184_with_ILSVRC2012_val_00001640_rank407,353,896,0.54908,553
ILSVRC2012_val_00017184_with_ILSVRC2012_val_00000127_rank388,352,896,0.75923,523
ILSVRC2012_val_00017184_with_ILSVRC2012_val_00047376_rank619,686,633,0.20116,35
ILSVRC2012_val_00017184_with_ILSVRC2012_val_00005836_rank227,120,894,0.18686,550
ILSVRC2012_val_00017184_with_ILSVRC2012_val_00034821_rank730,232,264,0.21309,3
ILSVRC2012_val_00017184_with_ILSVRC2012_val_00037273_rank055,40,46,0.48473,1
ILSVRC2012_val_00017184_with_ILSVRC2012_val_00016932_rank617,787,708,0.11751,171
ILSVRC2012_val_00017184_with_ILSVRC2012_val_00015247_rank090,631,711,0.67488,2
ILSVRC2012_val_00017184_with_ILSVRC2012_val_00026374_rank951,341,894,0.51551,581
ILSVRC2012_val_00017184_with_ILSVRC2012_val_00003274_rank800,453,896,0.65342,186
ILSVRC2012_val_00017184_with_ILSVRC2012_val_00016451_rank659,236,171,0.44663,30
ILSVRC2012_val_00017184_with_ILSVRC2012_val_00033488_rank978,705,896,0.25589,762
ILSVRC2012_val_00017184_with_ILSVRC2012_val_00045235_rank673,660,637,0.19957,48
ILSVRC2012_val_00017184_with_ILSVRC2012_val_00043187_rank404,547,569,0.20609,23
ILSVRC2012_val_00017184_with_ILSVRC2012_val_00000285_rank509,906,896,0.22438,741
ILSVRC2012_val_00017184_with_ILSVRC2012_val_00023652_rank584,349,349,0.4777,0
ILSVRC2012_val_00017184_with_ILSVRC2012_val_00049418_rank131,323,323,0.77576,0
ILSVRC2012_val_00017184_with_ILSVRC2012_val_00020565_rank025,987,831,0.25825,490
ILSVRC2012_val_00017184_with_ILSVRC2012_val_00038652_rank584,349,349,0.60792,0
ILSVRC2012_val_00017184_with_ILSVRC2012_val_00041928_rank723,219,219,0.7967,0
ILSVRC2012_val_00017184_with_ILSVRC2012_val_00029673_rank628,260,260,0.68098,0
ILSVRC2012_val_00017184_with_ILSVRC2012_val_00001386_rank910,356,103,0.25035,14
ILSVRC2012_val_00017184_with_ILSVRC2012_val_00039229_rank064,737,737,0.28353,0
ILSVRC2012_val_00017184_with_ILSVRC2012_val_00013709_rank496,399,501,0.1158,1
ILSVRC2012_val_00017184_with_ILSVRC2012_val_00044471_rank899,573,771,0.22721,915
ILSVRC2012_val_00017184_with_ILSVRC2012_val_00037573_rank607,673,526,0.28609,5
ILSVRC2012_val_00017184_with_ILSVRC2012_val_00033425_rank008,949,896,0.15934,272
ILSVRC2012_val_00017184_with_ILSVRC2012_val_00023155_rank909,168,178,0.23573,19
ILSVRC2012_val_00017184_with_ILSVRC2012_val_00005732_rank280,886,886,0.80382,0
ILSVRC2012_val_00017184_with_ILSVRC2012_val_00020649_rank108,313,896,0.18159,659
ILSVRC2012_val_00017184_with_ILSVRC2012_val_00016986_rank526,360,896,0.21681,811
ILSVRC2012_val_00017184_with_ILSVRC2012_val_00011525_rank452,121,896,0.41074,975
ILSVRC2012_val_00017184_with_ILSVRC2012_val_00021958_rank439,584,896,0.09606,663
ILSVRC2012_val_00017184_with_ILSVRC2012_val_00032082_rank287,99,896,0.69371,695
ILSVRC2012_val_00017184_with_ILSVRC2012_val_00006734_rank700,362,362,0.59842,0
ILSVRC2012_val_00017184_with_ILSVRC2012_val_00013542_rank926,518,518,0.69514,0
ILSVRC2012_val_00017184_with_ILSVRC2012_val_00024567_rank811,178,178,0.85122,0
ILSVRC2012_val_00017184_with_ILSVRC2012_val_00040298_rank788,187,204,0.57888,15
ILSVRC2012_val_00017184_with_ILSVRC2012_val_00038466_rank190,320,320,0.523,0
ILSVRC2012_val_00017184_with_ILSVRC2012_val_00038027_rank384,870,896,0.58689,156
ILSVRC2012_val_00017184_with_ILSVRC2012_val_00018610_rank229,542,744,0.10107,74
ILSVRC2012_val_00017184_with_ILSVRC2012_val_00019972_rank550,73,303,0.12196,9
ILSVRC2012_val_00017184_with_ILSVRC2012_val_00039887_rank419,426,426,0.37744,0
ILSVRC2012_val_00017184_with_ILSVRC2012_val_00020217_rank145,376,370,0.06312,9
ILSVRC2012_val_00017184_with_ILSVRC2012_val_00013130_rank813,665,665,0.31507,0
ILSVRC2012_val_00017184_with_ILSVRC2012_val_00004912_rank420,497,448,0.69676,36
ILSVRC2012_val_00017184_with_ILSVRC2012_val_00034830_rank487,473,896,0.6,111
ILSVRC2012_val_00017184_with_ILSVRC2012_val_00001395_rank916,797,514,0.566,192
ILSVRC2012_val_00017184_with_ILSVRC2012_val_00019949_rank084,932,931,0.80175,1
ILSVRC2012_val_00017184_with_ILSVRC2012_val_00017116_rank439,584,532,0.25066,389
ILSVRC2012_val_00017184_with_ILSVRC2012_val_00017633_rank720,645,532,0.38194,534
ILSVRC2012_val_00017184_with_ILSVRC2012_val_00044494_rank167,995,744,0.07452,579
ILSVRC2012_val_00017184_with_ILSVRC2012_val_00004041_rank027,933,933,0.87722,0
ILSVRC2012_val_00017184_with_ILSVRC2012_val_00049093_rank058,96,96,0.83592,0
ILSVRC2012_val_00017184_with_ILSVRC2012_val_00016477_rank455,829,637,0.36091,78
ILSVRC2012_val_00017184_with_ILSVRC2012_val_00028456_rank377,735,735,0.38017,0
ILSVRC2012_val_00017184_with_ILSVRC2012_val_00034263_rank874,248,250,0.47326,1
ILSVRC2012_val_00017184_with_ILSVRC2012_val_00029860_rank490,587,587,0.24149,0
ILSVRC2012_val_00017184_with_ILSVRC2012_val_00007330_rank638,208,208,0.80706,0
ILSVRC2012_val_00017184_with_ILSVRC2012_val_00040955_rank355,288,288,0.81944,0
ILSVRC2012_val_00017184_with_ILSVRC2012_val_00035323_rank126,109,896,0.17551,854
ILSVRC2012_val_00017184_with_ILSVRC2012_val_00039696_rank779,224,224,0.77416,0
ILSVRC2012_val_00017184_with_ILSVRC2012_val_00014548_rank964,355,355,0.86756,0
ILSVRC2012_val_00017184_with_ILSVRC2012_val_00045137_rank075,899,899,0.52318,0
ILSVRC2012_val_00017184_with_ILSVRC2012_val_00029700_rank753,155,155,0.56924,0
ILSVRC2012_val_00017184_with_ILSVRC2012_val_00034313_rank586,742,742,0.73755,0
ILSVRC2012_val_00017184_with_ILSVRC2012_val_00006931_rank171,380,380,0.15064,0
ILSVRC2012_val_00017184_with_ILSVRC2012_val_00011951_rank834,491,491,0.85546,0
ILSVRC2012_val_00017184_with_ILSVRC2012_val_00023041_rank747,331,87,0.45823,765
ILSVRC2012_val_00017184_with_ILSVRC2012_val_00045126_rank010,953,953,0.78607,0
ILSVRC2012_val_00017184_with_ILSVRC2012_val_00015141_rank121,72,896,0.36188,731
ILSVRC2012_val_00017184_with_ILSVRC2012_val_00032843_rank094,89,87,0.36932,4
ILSVRC2012_val_00017184_with_ILSVRC2012_val_00009473_rank597,879,463,0.4824,28
ILSVRC2012_val_00017184_with_ILSVRC2012_val_00048309_rank586,742,742,0.89905,0
ILSVRC2012_val_00017184_with_ILSVRC2012_val_00006747_rank352,901,725,0.19804,1
ILSVRC2012_val_00017184_with_ILSVRC2012_val_00033909_rank580,205,256,0.12479,1
ILSVRC2012_val_00017184_with_ILSVRC2012_val_00035991_rank125,719,719,0.89197,0
ILSVRC2012_val_00017184_with_ILSVRC2012_val_00021769_rank181,965,896,0.39183,683
ILSVRC2012_val_00017184_with_ILSVRC2012_val_00012668_rank649,575,575,0.79779,0
ILSVRC2012_val_00017184_with_ILSVRC2012_val_00015378_rank454,281,282,0.34034,1
ILSVRC2012_val_00017184_with_ILSVRC2012_val_00029799_rank818,264,263,0.64991,1
ILSVRC2012_val_00017184_with_ILSVRC2012_val_00021599_rank987,197,197,0.85669,0
ILSVRC2012_val_00017184_with_ILSVRC2012_val_00006586_rank659,236,236,0.8304,0
ILSVRC2012_val_00017184_with_ILSVRC2012_val_00048055_rank175,641,896,0.30825,852
ILSVRC2012_val_00017184_with_ILSVRC2012_val_00018358_rank355,288,288,0.69898,0
ILSVRC2012_val_00017184_with_ILSVRC2012_val_00018647_rank387,534,534,0.86906,0
ILSVRC2012_val_00017184_with_ILSVRC2012_val_00019814_rank556,545,545,0.92785,0
ILSVRC2012_val_00017184_with_ILSVRC2012_val_00042628_rank319,202,189,0.21793,5
ILSVRC2012_val_00017184_with_ILSVRC2012_val_00027782_rank458,484,526,0.28085,197
ILSVRC2012_val_00017184_with_ILSVRC2012_val_00001770_rank808,653,894,0.19863,516
ILSVRC2012_val_00017184_with_ILSVRC2012_val_00030702_rank058,96,96,0.84139,0
ILSVRC2012_val_00017184_with_ILSVRC2012_val_00043801_rank721,23,23,0.88459,0
ILSVRC2012_val_00017184_with_ILSVRC2012_val_00020555_rank006,952,896,0.52049,767
ILSVRC2012_val_00017184_with_ILSVRC2012_val_00003024_rank844,608,608,0.38395,0
ILSVRC2012_val_00017184_with_ILSVRC2012_val_00027273_rank080,849,505,0.47777,1
ILSVRC2012_val_00017184_with_ILSVRC2012_val_00003979_rank855,863,863,0.50396,0
ILSVRC2012_val_00017184_with_ILSVRC2012_val_00038592_rank866,851,896,0.28033,92
ILSVRC2012_val_00017184_with_ILSVRC2012_val_00001609_rank557,541,541,0.73066,0
ILSVRC2012_val_00017184_with_ILSVRC2012_val_00000851_rank697,887,894,0.80129,39
ILSVRC2012_val_00017184_with_ILSVRC2012_val_00009335_rank648,209,209,0.6414,0
ILSVRC2012_val_00017184_with_ILSVRC2012_val_00002434_rank814,569,700,0.29673,488
ILSVRC2012_val_00017184_with_ILSVRC2012_val_00015602_rank713,774,774,0.23677,0
ILSVRC2012_val_00017184_with_ILSVRC2012_val_00034043_rank728,280,280,0.77022,0
ILSVRC2012_val_00017184_with_ILSVRC2012_val_00009679_rank445,82,87,0.54794,192
ILSVRC2012_val_00017184_with_ILSVRC2012_val_00033919_rank008,949,896,0.41945,272
ILSVRC2012_val_00017184_with_ILSVRC2012_val_00042558_rank891,882,804,0.15157,247
ILSVRC2012_val_00017184_with_ILSVRC2012_val_00047612_rank509,906,894,0.32695,103
ILSVRC2012_val_00017184_with_ILSVRC2012_val_00001204_rank262,814,435,0.38017,127
ILSVRC2012_val_00017184_with_ILSVRC2012_val_00046725_rank491,633,446,0.43643,100
ILSVRC2012_val_00017184_with_ILSVRC2012_val_00003384_rank618,555,541,0.26599,161
ILSVRC2012_val_00017184_with_ILSVRC2012_val_00029590_rank829,299,383,0.62932,3
ILSVRC2012_val_00017184_with_ILSVRC2012_val_00022517_rank783,858,896,0.74348,686
ILSVRC2012_val_00017184_with_ILSVRC2012_val_00040894_rank178,29,103,0.63717,10
ILSVRC2012_val_00017184_with_ILSVRC2012_val_00009660_rank543,230,87,0.71432,225
ILSVRC2012_val_00017184_with_ILSVRC2012_val_00029369_rank410,724,896,0.16748,963
ILSVRC2012_val_00017184_with_ILSVRC2012_val_00021719_rank174,767,710,0.79972,2
ILSVRC2012_val_00017184_with_ILSVRC2012_val_00000829_rank936,586,586,0.89289,0
ILSVRC2012_val_00017184_with_ILSVRC2012_val_00007641_rank940,741,741,0.88058,0
ILSVRC2012_val_00017184_with_ILSVRC2012_val_00012901_rank828,240,240,0.66816,0
ILSVRC2012_val_00017184_with_ILSVRC2012_val_00014381_rank603,701,894,0.17087,181
ILSVRC2012_val_00017184_with_ILSVRC2012_val_00022366_rank503,822,435,0.22289,352
ILSVRC2012_val_00017184_with_ILSVRC2012_val_00044521_rank835,543,731,0.21306,10
ILSVRC2012_val_00017184_with_ILSVRC2012_val_00034110_rank751,213,213,0.73348,0
ILSVRC2012_val_00017184_with_ILSVRC2012_val_00009333_rank594,763,473,0.21782,23
ILSVRC2012_val_00017184_with_ILSVRC2012_val_00002292_rank338,662,632,0.6739,26
ILSVRC2012_val_00017184_with_ILSVRC2012_val_00016903_rank906,823,870,0.81678,73
ILSVRC2012_val_00017184_with_ILSVRC2012_val_00020772_rank178,29,896,0.47215,249
ILSVRC2012_val_00017184_with_ILSVRC2012_val_00001525_rank923,657,650,0.12979,157
ILSVRC2012_val_00017184_with_ILSVRC2012_val_00001158_rank058,96,96,0.73898,0
ILSVRC2012_val_00017184_with_ILSVRC2012_val_00005422_rank937,867,745,0.43391,256
ILSVRC2012_val_00017184_with_ILSVRC2012_val_00023349_rank645,475,475,0.88786,0
ILSVRC2012_val_00017184_with_ILSVRC2012_val_00002800_rank688,842,831,0.24524,245
ILSVRC2012_val_00017184_with_ILSVRC2012_val_00027086_rank872,222,896,0.23116,444
ILSVRC2012_val_00017184_with_ILSVRC2012_val_00045652_rank391,389,896,0.16502,972
ILSVRC2012_val_00017184_with_ILSVRC2012_val_00011167_rank045,309,896,0.31457,699
ILSVRC2012_val_00017184_with_ILSVRC2012_val_00048409_rank289,591,591,0.79786,0
ILSVRC2012_val_00017184_with_ILSVRC2012_val_00042284_rank057,59,532,0.80623,842
ILSVRC2012_val_00017184_with_ILSVRC2012_val_00006603_rank092,16,16,0.8864,0
ILSVRC2012_val_00017184_with_ILSVRC2012_val_00020527_rank083,503,894,0.31969,200
ILSVRC2012_val_00017184_with_ILSVRC2012_val_00046670_rank875,189,196,0.22802,11
ILSVRC2012_val_00017184_with_ILSVRC2012_val_00023488_rank590,26,26,0.21451,0
ILSVRC2012_val_00017184_with_ILSVRC2012_val_00043085_rank408,21,21,0.54682,0
ILSVRC2012_val_00017184_with_ILSVRC2012_val_00016757_rank765,157,151,0.68582,7
ILSVRC2012_val_00017184_with_ILSVRC2012_val_00023132_rank164,696,526,0.12563,295
ILSVRC2012_val_00017184_with_ILSVRC2012_val_00028415_rank119,396,894,0.2424,558
ILSVRC2012_val_00017184_with_ILSVRC2012_val_00033067_rank659,236,236,0.36564,0
ILSVRC2012_val_00017184_with_ILSVRC2012_val_00006197_rank084,932,896,0.48873,928
ILSVRC2012_val_00017184_with_ILSVRC2012_val_00018986_rank533,648,648,0.55063,0
ILSVRC2012_val_00017184_with_ILSVRC2012_val_00025049_rank021,725,725,0.69278,0
ILSVRC2012_val_00017184_with_ILSVRC2012_val_00005051_rank254,779,779,0.78776,0
ILSVRC2012_val_00017184_with_ILSVRC2012_val_00021370_rank946,255,255,0.86806,0
ILSVRC2012_val_00017184_with_ILSVRC2012_val_00025502_rank070,935,935,0.45025,0
ILSVRC2012_val_00017184_with_ILSVRC2012_val_00036935_rank592,796,434,0.15309,325
ILSVRC2012_val_00017184_with_ILSVRC2012_val_00029610_rank911,258,258,0.50092,0
ILSVRC2012_val_00017184_with_ILSVRC2012_val_00033606_rank078,324,324,0.33488,0
ILSVRC2012_val_00017184_with_ILSVRC2012_val_00000553_rank687,367,367,0.56556,0
ILSVRC2012_val_00017184_with_ILSVRC2012_val_00047607_rank472,713,713,0.70844,0
ILSVRC2012_val_00017184_with_ILSVRC2012_val_00049538_rank451,623,896,0.18932,244
ILSVRC2012_val_00017184_with_ILSVRC2012_val_00034272_rank405,999,700,0.36956,1
ILSVRC2012_val_00017184_with_ILSVRC2012_val_00015790_rank277,448,448,0.82396,0
ILSVRC2012_val_00017184_with_ILSVRC2012_val_00003815_rank324,780,501,0.16572,475
ILSVRC2012_val_00017184_with_ILSVRC2012_val_00007427_rank756,579,881,0.22896,1
ILSVRC2012_val_00017184_with_ILSVRC2012_val_00047707_rank759,169,169,0.43393,0
ILSVRC2012_val_00017184_with_ILSVRC2012_val_00031023_rank317,146,146,0.80305,0
ILSVRC2012_val_00017184_with_ILSVRC2012_val_00015277_rank741,554,896,0.70239,582
ILSVRC2012_val_00017184_with_ILSVRC2012_val_00010441_rank964,355,8,0.46618,37
ILSVRC2012_val_00017184_with_ILSVRC2012_val_00002685_rank166,910,641,0.64015,11
ILSVRC2012_val_00017184_with_ILSVRC2012_val_00024650_rank297,513,513,0.42289,0
ILSVRC2012_val_00017184_with_ILSVRC2012_val_00005470_rank208,296,296,0.55425,0
ILSVRC2012_val_00017184_with_ILSVRC2012_val_00019928_rank920,615,615,0.5489,0
ILSVRC2012_val_00017184_with_ILSVRC2012_val_00014132_rank393,118,894,0.13858,983
ILSVRC2012_val_00017184_with_ILSVRC2012_val_00016021_rank246,417,417,0.65505,0
ILSVRC2012_val_00017184_with_ILSVRC2012_val_00002552_rank849,432,432,0.13474,0
ILSVRC2012_val_00017184_with_ILSVRC2012_val_00010659_rank036,925,896,0.3124,64
ILSVRC2012_val_00017184_with_ILSVRC2012_val_00011173_rank649,575,896,0.52169,777
ILSVRC2012_val_00017184_with_ILSVRC2012_val_00023445_rank571,298,896,0.51269,702
ILSVRC2012_val_00017184_with_ILSVRC2012_val_00008128_rank009,957,948,0.17162,11
ILSVRC2012_val_00017184_with_ILSVRC2012_val_00035542_rank112,93,93,0.83735,0
ILSVRC2012_val_00017184_with_ILSVRC2012_val_00044583_rank490,587,896,0.34819,84
ILSVRC2012_val_00017184_with_ILSVRC2012_val_00007686_rank825,765,559,0.28046,1
ILSVRC2012_val_00017184_with_ILSVRC2012_val_00003934_rank283,457,747,0.18529,438
ILSVRC2012_val_00017184_with_ILSVRC2012_val_00030109_rank052,572,572,0.21195,0
ILSVRC2012_val_00017184_with_ILSVRC2012_val_00040378_rank891,882,745,0.3672,13
ILSVRC2012_val_00017184_with_ILSVRC2012_val_00026566_rank556,545,827,0.19603,27
ILSVRC2012_val_00017184_with_ILSVRC2012_val_00044683_rank768,843,459,0.41614,842
ILSVRC2012_val_00017184_with_ILSVRC2012_val_00029886_rank436,4,896,0.08711,670
ILSVRC2012_val_00017184_with_ILSVRC2012_val_00029406_rank505,215,162,0.16448,8
ILSVRC2012_val_00017184_with_ILSVRC2012_val_00031296_rank243,496,496,0.89234,0
ILSVRC2012_val_00017184_with_ILSVRC2012_val_00024967_rank743,262,262,0.7842,0
ILSVRC2012_val_00017184_with_ILSVRC2012_val_00001621_rank675,861,532,0.3855,76
ILSVRC2012_val_00017184_with_ILSVRC2012_val_00044574_rank071,307,307,0.81302,0
ILSVRC2012_val_00017184_with_ILSVRC2012_val_00045406_rank474,897,897,0.73427,0
ILSVRC2012_val_00017184_with_ILSVRC2012_val_00048994_rank451,623,896,0.25477,244
ILSVRC2012_val_00017184_with_ILSVRC2012_val_00041068_rank298,577,577,0.52948,0
ILSVRC2012_val_00017184_with_ILSVRC2012_val_00013665_rank168,590,742,0.32755,38
ILSVRC2012_val_00017184_with_ILSVRC2012_val_00018626_rank445,82,82,0.78281,0
ILSVRC2012_val_00017184_with_ILSVRC2012_val_00012608_rank257,173,151,0.58071,9
ILSVRC2012_val_00017184_with_ILSVRC2012_val_00033548_rank955,330,330,0.78554,0
ILSVRC2012_val_00017184_with_ILSVRC2012_val_00002008_rank562,540,812,0.26858,9
ILSVRC2012_val_00017184_with_ILSVRC2012_val_00003781_rank886,336,183,0.70201,190
ILSVRC2012_val_00017184_with_ILSVRC2012_val_00002663_rank405,999,894,0.1427,206
ILSVRC2012_val_00017184_with_ILSVRC2012_val_00031617_rank334,528,528,0.83391,0
ILSVRC2012_val_00017184_with_ILSVRC2012_val_00045510_rank692,43,43,0.28753,0
ILSVRC2012_val_00017184_with_ILSVRC2012_val_00041627_rank379,390,390,0.20141,0
ILSVRC2012_val_00017184_with_ILSVRC2012_val_00036779_rank127,647,470,0.39725,59
ILSVRC2012_val_00017184_with_ILSVRC2012_val_00024874_rank375,482,745,0.86952,44
ILSVRC2012_val_00017184_with_ILSVRC2012_val_00026278_rank730,232,232,0.58818,0
ILSVRC2012_val_00017184_with_ILSVRC2012_val_00008771_rank271,147,896,0.23163,694
ILSVRC2012_val_00017184_with_ILSVRC2012_val_00015898_rank392,283,283,0.88549,0
ILSVRC2012_val_00017184_with_ILSVRC2012_val_00015422_rank577,707,707,0.78452,0
ILSVRC2012_val_00017184_with_ILSVRC2012_val_00018580_rank526,360,360,0.6622,0
ILSVRC2012_val_00017184_with_ILSVRC2012_val_00021063_rank614,144,896,0.35964,828
ILSVRC2012_val_00017184_with_ILSVRC2012_val_00010860_rank544,650,896,0.52742,427
ILSVRC2012_val_00017184_with_ILSVRC2012_val_00005020_rank696,337,337,0.94119,0
ILSVRC2012_val_00017184_with_ILSVRC2012_val_00043240_rank535,329,896,0.25736,744
ILSVRC2012_val_00017184_with_ILSVRC2012_val_00032006_rank666,366,366,0.79934,0
ILSVRC2012_val_00017184_with_ILSVRC2012_val_00036228_rank573,748,526,0.16304,81
ILSVRC2012_val_00017184_with_ILSVRC2012_val_00006975_rank456,343,87,0.51063,557
ILSVRC2012_val_00017184_with_ILSVRC2012_val_00017032_rank815,128,896,0.12902,882
ILSVRC2012_val_00017184_with_ILSVRC2012_val_00022994_rank681,585,907,0.4682,34
ILSVRC2012_val_00017184_with_ILSVRC2012_val_00028162_rank350,37,37,0.33898,0
ILSVRC2012_val_00017184_with_ILSVRC2012_val_00014533_rank139,666,666,0.60144,0
ILSVRC2012_val_00017184_with_ILSVRC2012_val_00022150_rank936,586,586,0.19727,0
ILSVRC2012_val_00017184_with_ILSVRC2012_val_00049638_rank066,312,896,0.47061,679
ILSVRC2012_val_00017184_with_ILSVRC2012_val_00047710_rank175,641,747,0.24964,5
ILSVRC2012_val_00017184_with_ILSVRC2012_val_00039679_rank997,583,778,0.16073,63
ILSVRC2012_val_00017184_with_ILSVRC2012_val_00006810_rank157,112,112,0.44606,0
ILSVRC2012_val_00017184_with_ILSVRC2012_val_00047808_rank985,244,244,0.87071,0
ILSVRC2012_val_00017184_with_ILSVRC2012_val_00043580_rank467,166,164,0.72193,2
ILSVRC2012_val_00017184_with_ILSVRC2012_val_00043999_rank406,890,729,0.15341,513
ILSVRC2012_val_00017184_with_ILSVRC2012_val_00037086_rank490,587,896,0.53075,84
ILSVRC2012_val_00017184_with_ILSVRC2012_val_00032487_rank695,507,507,0.76257,0
ILSVRC2012_val_00017184_with_ILSVRC2012_val_00049701_rank780,804,804,0.57414,0
ILSVRC2012_val_00017184_with_ILSVRC2012_val_00022196_rank735,158,253,0.8505,5
ILSVRC2012_val_00017184_with_ILSVRC2012_val_00031916_rank489,369,764,0.1722,640
ILSVRC2012_val_00017184_with_ILSVRC2012_val_00038495_rank551,354,532,0.07574,652
ILSVRC2012_val_00017184_with_ILSVRC2012_val_00043183_rank437,693,896,0.88695,867
ILSVRC2012_val_00017184_with_ILSVRC2012_val_00013394_rank622,35,34,0.26196,5
ILSVRC2012_val_00017184_with_ILSVRC2012_val_00016997_rank578,919,919,0.24948,0
ILSVRC2012_val_00017184_with_ILSVRC2012_val_00047381_rank021,725,896,0.41137,34
ILSVRC2012_val_00017184_with_ILSVRC2012_val_00021570_rank142,809,896,0.18843,25
ILSVRC2012_val_00017184_with_ILSVRC2012_val_00048545_rank954,891,891,0.92809,0
ILSVRC2012_val_00017184_with_ILSVRC2012_val_00032715_rank978,705,532,0.65524,156
ILSVRC2012_val_00017184_with_ILSVRC2012_val_00021676_rank306,994,896,0.67968,935
ILSVRC2012_val_00017184_with_ILSVRC2012_val_00038318_rank164,696,696,0.84239,0
ILSVRC2012_val_00017184_with_ILSVRC2012_val_00012543_rank837,694,526,0.37235,434
ILSVRC2012_val_00017184_with_ILSVRC2012_val_00037103_rank945,226,226,0.57474,0
ILSVRC2012_val_00017184_with_ILSVRC2012_val_00027286_rank577,707,896,0.64822,116
ILSVRC2012_val_00017184_with_ILSVRC2012_val_00032957_rank811,178,178,0.85373,0
ILSVRC2012_val_00017184_with_ILSVRC2012_val_00032130_rank152,3,3,0.52945,0
ILSVRC2012_val_00017184_with_ILSVRC2012_val_00043598_rank770,200,155,0.76642,2
ILSVRC2012_val_00017184_with_ILSVRC2012_val_00024579_rank146,826,894,0.22423,320
ILSVRC2012_val_00017184_with_ILSVRC2012_val_00024854_rank193,983,896,0.25417,250
ILSVRC2012_val_00017184_with_ILSVRC2012_val_00043609_rank507,642,642,0.71326,0
ILSVRC2012_val_00017184_with_ILSVRC2012_val_00043384_rank425,682,448,0.41036,69
ILSVRC2012_val_00017184_with_ILSVRC2012_val_00031542_rank315,853,532,0.30393,319
ILSVRC2012_val_00017184_with_ILSVRC2012_val_00045124_rank126,109,434,0.36793,404
ILSVRC2012_val_00017184_with_ILSVRC2012_val_00030946_rank182,658,658,0.27811,0
ILSVRC2012_val_00017184_with_ILSVRC2012_val_00008984_rank216,720,720,0.21732,0
ILSVRC2012_val_00017184_with_ILSVRC2012_val_00008071_rank499,338,338,0.87765,0
ILSVRC2012_val_00017184_with_ILSVRC2012_val_00034669_rank288,48,48,0.82645,0
ILSVRC2012_val_00017184_with_ILSVRC2012_val_00032060_rank623,889,889,0.46645,0
ILSVRC2012_val_00017184_with_ILSVRC2012_val_00032474_rank211,992,328,0.31178,73
ILSVRC2012_val_00017184_with_ILSVRC2012_val_00024061_rank023,961,896,0.31231,67
ILSVRC2012_val_00017184_with_ILSVRC2012_val_00000273_rank992,361,361,0.87375,0
ILSVRC2012_val_00017184_with_ILSVRC2012_val_00010613_rank856,526,526,0.36333,0
ILSVRC2012_val_00017184_with_ILSVRC2012_val_00049187_rank061,46,64,0.1933,8
ILSVRC2012_val_00017184_with_ILSVRC2012_val_00020691_rank060,985,896,0.42713,503
ILSVRC2012_val_00017184_with_ILSVRC2012_val_00004355_rank087,378,894,0.15004,749
ILSVRC2012_val_00017184_with_ILSVRC2012_val_00038333_rank653,495,495,0.81006,0
ILSVRC2012_val_00017184_with_ILSVRC2012_val_00002912_rank620,715,894,0.35343,522
ILSVRC2012_val_00017184_with_ILSVRC2012_val_00012655_rank252,133,133,0.81294,0
ILSVRC2012_val_00017184_with_ILSVRC2012_val_00000384_rank552,621,894,0.49348,759
ILSVRC2012_val_00017184_with_ILSVRC2012_val_00034167_rank937,867,732,0.54089,176
ILSVRC2012_val_00017184_with_ILSVRC2012_val_00020687_rank662,517,894,0.2306,129
ILSVRC2012_val_00017184_with_ILSVRC2012_val_00014683_rank108,313,532,0.35178,525
ILSVRC2012_val_00017184_with_ILSVRC2012_val_00009017_rank812,872,872,0.78989,0
ILSVRC2012_val_00017184_with_ILSVRC2012_val_00020540_rank458,484,526,0.27076,197
ILSVRC2012_val_00017184_with_ILSVRC2012_val_00040691_rank194,550,550,0.2127,0
ILSVRC2012_val_00017184_with_ILSVRC2012_val_00034537_rank736,449,894,0.28818,233
ILSVRC2012_val_00017184_with_ILSVRC2012_val_00036198_rank706,661,661,0.5906,0
ILSVRC2012_val_00017184_with_ILSVRC2012_val_00039098_rank286,618,618,0.4482,0
ILSVRC2012_val_00017184_with_ILSVRC2012_val_00043146_rank237,505,491,0.08807,279
ILSVRC2012_val_00017184_with_ILSVRC2012_val_00027314_rank967,412,771,0.18702,59
ILSVRC2012_val_00017184_with_ILSVRC2012_val_00016273_rank370,327,532,0.22544,840
ILSVRC2012_val_00017184_with_ILSVRC2012_val_00018909_rank474,897,894,0.10119,44
ILSVRC2012_val_00017184_with_ILSVRC2012_val_00018036_rank065,90,90,0.79851,0
ILSVRC2012_val_00017184_with_ILSVRC2012_val_00037992_rank599,776,896,0.21897,105
ILSVRC2012_val_00017184_with_ILSVRC2012_val_00009460_rank436,4,894,0.15739,454
ILSVRC2012_val_00017184_with_ILSVRC2012_val_00047467_rank592,796,796,0.8086,0
ILSVRC2012_val_00017184_with_ILSVRC2012_val_00004630_rank272,760,760,0.14297,0
ILSVRC2012_val_00017184_with_ILSVRC2012_val_00022936_rank762,751,786,0.10843,335
ILSVRC2012_val_00017184_with_ILSVRC2012_val_00024969_rank616,63,87,0.19124,286
ILSVRC2012_val_00017184_with_ILSVRC2012_val_00038370_rank536,761,761,0.79572,0
ILSVRC2012_val_00017184_with_ILSVRC2012_val_00047777_rank012,956,956,0.89478,0
ILSVRC2012_val_00017184_with_ILSVRC2012_val_00016838_rank472,713,713,0.78478,0
ILSVRC2012_val_00017184_with_ILSVRC2012_val_00037628_rank699,677,896,0.29343,298
ILSVRC2012_val_00017184_with_ILSVRC2012_val_00018811_rank766,165,165,0.747,0
ILSVRC2012_val_00017184_with_ILSVRC2012_val_00010002_rank180,129,129,0.50335,0
ILSVRC2012_val_00017184_with_ILSVRC2012_val_00044064_rank225,716,520,0.33836,16
ILSVRC2012_val_00017184_with_ILSVRC2012_val_00047780_rank468,691,570,0.51524,1
ILSVRC2012_val_00017184_with_ILSVRC2012_val_00004018_rank843,565,771,0.16285,202
ILSVRC2012_val_00017184_with_ILSVRC2012_val_00016787_rank078,324,324,0.85159,0
ILSVRC2012_val_00017184_with_ILSVRC2012_val_00007446_rank339,175,175,0.74992,0
ILSVRC2012_val_00017184_with_ILSVRC2012_val_00029779_rank464,885,434,0.36301,16
ILSVRC2012_val_00017184_with_ILSVRC2012_val_00025494_rank840,840,778,0.33156,25
ILSVRC2012_val_00017184_with_ILSVRC2012_val_00010465_rank250,66,66,0.41493,0
ILSVRC2012_val_00017184_with_ILSVRC2012_val_00030039_rank429,57,57,0.43812,0
ILSVRC2012_val_00017184_with_ILSVRC2012_val_00025733_rank599,776,896,0.84455,105
ILSVRC2012_val_00017184_with_ILSVRC2012_val_00025982_rank426,350,350,0.12803,0
ILSVRC2012_val_00017184_with_ILSVRC2012_val_00011919_rank575,709,896,0.65909,627
ILSVRC2012_val_00017184_with_ILSVRC2012_val_00023069_rank981,134,134,0.88152,0
ILSVRC2012_val_00017184_with_ILSVRC2012_val_00049986_rank501,430,532,0.09604,139
ILSVRC2012_val_00017184_with_ILSVRC2012_val_00047127_rank241,108,896,0.39412,791
ILSVRC2012_val_00017184_with_ILSVRC2012_val_00041168_rank210,8,8,0.70974,0
ILSVRC2012_val_00017184_with_ILSVRC2012_val_00009402_rank541,502,896,0.21191,471
ILSVRC2012_val_00017184_with_ILSVRC2012_val_00019821_rank772,214,208,0.46317,54
ILSVRC2012_val_00017184_with_ILSVRC2012_val_00020400_rank375,482,848,0.67072,1
ILSVRC2012_val_00017184_with_ILSVRC2012_val_00030610_rank359,834,834,0.39376,0
ILSVRC2012_val_00017184_with_ILSVRC2012_val_00039827_rank508,434,526,0.45183,824
ILSVRC2012_val_00017184_with_ILSVRC2012_val_00034277_rank442,263,263,0.82015,0
ILSVRC2012_val_00017184_with_ILSVRC2012_val_00048751_rank211,992,846,0.10938,264
ILSVRC2012_val_00017184_with_ILSVRC2012_val_00010627_rank919,180,195,0.2119,8
ILSVRC2012_val_00017184_with_ILSVRC2012_val_00013405_rank014,986,876,0.30197,992
ILSVRC2012_val_00017184_with_ILSVRC2012_val_00038451_rank524,871,526,0.45845,247
ILSVRC2012_val_00017184_with_ILSVRC2012_val_00001454_rank079,75,75,0.69622,0
ILSVRC2012_val_00017184_with_ILSVRC2012_val_00015633_rank214,784,894,0.27177,311
ILSVRC2012_val_00017184_with_ILSVRC2012_val_00032889_rank721,23,894,0.21082,586
ILSVRC2012_val_00017184_with_ILSVRC2012_val_00045862_rank784,902,929,0.3184,11
ILSVRC2012_val_00017184_with_ILSVRC2012_val_00006496_rank240,714,714,0.20491,0
ILSVRC2012_val_00017184_with_ILSVRC2012_val_00019249_rank855,863,418,0.06449,342
ILSVRC2012_val_00017184_with_ILSVRC2012_val_00043677_rank391,389,395,0.3798,2
ILSVRC2012_val_00017184_with_ILSVRC2012_val_00007151_rank529,375,375,0.52522,0
ILSVRC2012_val_00017184_with_ILSVRC2012_val_00013710_rank073,998,896,0.20577,748
ILSVRC2012_val_00017184_with_ILSVRC2012_val_00004273_rank023,961,894,0.47814,306
ILSVRC2012_val_00017184_with_ILSVRC2012_val_00043883_rank278,991,532,0.50064,273
ILSVRC2012_val_00017184_with_ILSVRC2012_val_00020730_rank105,20,87,0.25263,131
ILSVRC2012_val_00017184_with_ILSVRC2012_val_00004480_rank660,753,896,0.24438,29
ILSVRC2012_val_00017184_with_ILSVRC2012_val_00005126_rank512,245,245,0.80449,0
ILSVRC2012_val_00017184_with_ILSVRC2012_val_00030034_rank272,760,446,0.24303,61
ILSVRC2012_val_00017184_with_ILSVRC2012_val_00045668_rank209,291,356,0.08941,178
ILSVRC2012_val_00017184_with_ILSVRC2012_val_00026914_rank641,481,481,0.66757,0
ILSVRC2012_val_00017184_with_ILSVRC2012_val_00045818_rank788,187,187,0.58886,0
ILSVRC2012_val_00017184_with_ILSVRC2012_val_00002501_rank922,357,357,0.49006,0
ILSVRC2012_val_00017184_with_ILSVRC2012_val_00027291_rank324,780,896,0.16964,855
ILSVRC2012_val_00017184_with_ILSVRC2012_val_00029274_rank170,752,752,0.89876,0
ILSVRC2012_val_00017184_with_ILSVRC2012_val_00039871_rank368,868,896,0.38544,10
ILSVRC2012_val_00017184_with_ILSVRC2012_val_00038531_rank840,840,896,0.81486,18
ILSVRC2012_val_00017184_with_ILSVRC2012_val_00038985_rank491,633,861,0.08797,154
ILSVRC2012_val_00017184_with_ILSVRC2012_val_00036078_rank457,816,596,0.21895,268
ILSVRC2012_val_00017184_with_ILSVRC2012_val_00049908_rank434,268,268,0.80609,0
ILSVRC2012_val_00017184_with_ILSVRC2012_val_00028980_rank002,950,896,0.40792,164
ILSVRC2012_val_00017184_with_ILSVRC2012_val_00033118_rank207,818,896,0.58377,61
ILSVRC2012_val_00017184_with_ILSVRC2012_val_00046913_rank814,569,413,0.15828,281
ILSVRC2012_val_00017184_with_ILSVRC2012_val_00021485_rank803,196,196,0.86007,0
ILSVRC2012_val_00017184_with_ILSVRC2012_val_00032183_rank634,874,569,0.13248,9
ILSVRC2012_val_00017184_with_ILSVRC2012_val_00015396_rank640,411,414,0.19692,3
ILSVRC2012_val_00017184_with_ILSVRC2012_val_00016613_rank862,511,859,0.16585,270
ILSVRC2012_val_00017184_with_ILSVRC2012_val_00019729_rank294,339,171,0.19922,74
ILSVRC2012_val_00017184_with_ILSVRC2012_val_00045112_rank207,818,787,0.33334,244
ILSVRC2012_val_00017184_with_ILSVRC2012_val_00042654_rank120,328,532,0.57713,782
ILSVRC2012_val_00017184_with_ILSVRC2012_val_00013196_rank348,873,786,0.90611,668
ILSVRC2012_val_00017184_with_ILSVRC2012_val_00025715_rank406,890,710,0.18738,387
ILSVRC2012_val_00017184_with_ILSVRC2012_val_00002839_rank023,961,961,0.77361,0
ILSVRC2012_val_00017184_with_ILSVRC2012_val_00039496_rank097,929,929,0.25076,0
ILSVRC2012_val_00017184_with_ILSVRC2012_val_00000963_rank197,18,18,0.8532,0
ILSVRC2012_val_00017184_with_ILSVRC2012_val_00008760_rank919,180,172,0.39685,10
ILSVRC2012_val_00017184_with_ILSVRC2012_val_00020809_rank951,341,112,0.7876,428
ILSVRC2012_val_00017184_with_ILSVRC2012_val_00040222_rank828,240,240,0.38358,0
ILSVRC2012_val_00017184_with_ILSVRC2012_val_00025353_rank542,221,267,0.53333,4
ILSVRC2012_val_00017184_with_ILSVRC2012_val_00004793_rank964,355,353,0.30571,4
ILSVRC2012_val_00017184_with_ILSVRC2012_val_00039408_rank804,195,195,0.47915,0
ILSVRC2012_val_00017184_with_ILSVRC2012_val_00025066_rank930,220,283,0.08514,66
ILSVRC2012_val_00017184_with_ILSVRC2012_val_00020403_rank441,167,162,0.79599,2
ILSVRC2012_val_00017184_with_ILSVRC2012_val_00040057_rank877,477,579,0.12219,604
ILSVRC2012_val_00017184_with_ILSVRC2012_val_00011393_rank043,308,894,0.20678,784
ILSVRC2012_val_00017184_with_ILSVRC2012_val_00011265_rank009,957,957,0.2032,0
ILSVRC2012_val_00017184_with_ILSVRC2012_val_00027015_rank578,919,894,0.30182,991
ILSVRC2012_val_00017184_with_ILSVRC2012_val_00006868_rank923,657,744,0.40279,1
ILSVRC2012_val_00017184_with_ILSVRC2012_val_00037262_rank288,48,48,0.87615,0
ILSVRC2012_val_00017184_with_ILSVRC2012_val_00000319_rank555,102,102,0.68014,0
ILSVRC2012_val_00017184_with_ILSVRC2012_val_00040909_rank828,240,240,0.9532,0
ILSVRC2012_val_00017184_with_ILSVRC2012_val_00042919_rank800,453,453,0.53984,0
ILSVRC2012_val_00017184_with_ILSVRC2012_val_00018485_rank157,112,470,0.12715,152
ILSVRC2012_val_00017184_with_ILSVRC2012_val_00036942_rank268,32,32,0.12772,0
ILSVRC2012_val_00017184_with_ILSVRC2012_val_00021779_rank677,601,896,0.45384,976
ILSVRC2012_val_00017184_with_ILSVRC2012_val_00019326_rank223,588,790,0.45051,1
ILSVRC2012_val_00017184_with_ILSVRC2012_val_00013808_rank249,141,141,0.83305,0
ILSVRC2012_val_00017184_with_ILSVRC2012_val_00023828_rank212,463,463,0.91633,0
ILSVRC2012_val_00017184_with_ILSVRC2012_val_00005366_rank865,345,345,0.12648,0
ILSVRC2012_val_00017184_with_ILSVRC2012_val_00029640_rank528,492,492,0.81978,0
ILSVRC2012_val_00017184_with_ILSVRC2012_val_00037946_rank686,346,346,0.75527,0
ILSVRC2012_val_00017184_with_ILSVRC2012_val_00048864_rank095,1,894,0.24857,367
ILSVRC2012_val_00017184_with_ILSVRC2012_val_00045996_rank593,501,626,0.06308,382
ILSVRC2012_val_00017184_with_ILSVRC2012_val_00027797_rank173,519,891,0.15191,864
ILSVRC2012_val_00017184_with_ILSVRC2012_val_00029834_rank339,175,265,0.20906,90
ILSVRC2012_val_00017184_with_ILSVRC2012_val_00040715_rank883,571,896,0.80893,325
ILSVRC2012_val_00017184_with_ILSVRC2012_val_00023208_rank904,148,896,0.18898,632
ILSVRC2012_val_00017184_with_ILSVRC2012_val_00016703_rank046,64,64,0.5674,0
ILSVRC2012_val_00017184_with_ILSVRC2012_val_00033368_rank795,334,34,0.86262,140
ILSVRC2012_val_00017184_with_ILSVRC2012_val_00027995_rank922,357,894,0.26548,673
ILSVRC2012_val_00017184_with_ILSVRC2012_val_00023013_rank184,306,306,0.64868,0
ILSVRC2012_val_00017184_with_ILSVRC2012_val_00029738_rank342,368,896,0.56766,790
ILSVRC2012_val_00017184_with_ILSVRC2012_val_00034009_rank303,185,201,0.48161,10
ILSVRC2012_val_00017184_with_ILSVRC2012_val_00002880_rank299,635,635,0.82077,0
ILSVRC2012_val_00017184_with_ILSVRC2012_val_00025800_rank379,390,390,0.41182,0
ILSVRC2012_val_00017184_with_ILSVRC2012_val_00023533_rank751,213,896,0.26189,835
ILSVRC2012_val_00017184_with_ILSVRC2012_val_00032436_rank912,431,431,0.90736,0
ILSVRC2012_val_00017184_with_ILSVRC2012_val_00008541_rank672,487,487,0.61327,0
ILSVRC2012_val_00017184_with_ILSVRC2012_val_00039662_rank269,259,154,0.27571,2
ILSVRC2012_val_00017184_with_ILSVRC2012_val_00020144_rank854,385,385,0.36301,0
ILSVRC2012_val_00017184_with_ILSVRC2012_val_00019686_rank731,824,894,0.48471,72
ILSVRC2012_val_00017184_with_ILSVRC2012_val_00019490_rank898,539,896,0.21427,93
ILSVRC2012_val_00017184_with_ILSVRC2012_val_00007606_rank374,293,293,0.8144,0
ILSVRC2012_val_00017184_with_ILSVRC2012_val_00001405_rank054,931,532,0.30378,229
ILSVRC2012_val_00017184_with_ILSVRC2012_val_00022344_rank505,215,215,0.69525,0
ILSVRC2012_val_00017184_with_ILSVRC2012_val_00042569_rank812,872,872,0.19701,0
ILSVRC2012_val_00017184_with_ILSVRC2012_val_00004638_rank650,38,38,0.1163,0
ILSVRC2012_val_00017184_with_ILSVRC2012_val_00004367_rank819,847,894,0.1233,612
ILSVRC2012_val_00017184_with_ILSVRC2012_val_00032569_rank362,663,896,0.86956,207
ILSVRC2012_val_00017184_with_ILSVRC2012_val_00028938_rank208,296,894,0.19972,412
ILSVRC2012_val_00017184_with_ILSVRC2012_val_00021015_rank154,22,23,0.64065,2
ILSVRC2012_val_00017184_with_ILSVRC2012_val_00049214_rank954,891,891,0.73441,0
ILSVRC2012_val_00017184_with_ILSVRC2012_val_00016297_rank912,431,431,0.67069,0
ILSVRC2012_val_00017184_with_ILSVRC2012_val_00040708_rank669,163,163,0.7613,0
ILSVRC2012_val_00017184_with_ILSVRC2012_val_00040392_rank533,648,648,0.80021,0
ILSVRC2012_val_00017184_with_ILSVRC2012_val_00036453_rank659,236,236,0.51271,0
ILSVRC2012_val_00017184_with_ILSVRC2012_val_00008038_rank045,309,896,0.89017,699
ILSVRC2012_val_00017184_with_ILSVRC2012_val_00041504_rank082,722,896,0.65598,144
ILSVRC2012_val_00017184_with_ILSVRC2012_val_00048755_rank390,881,550,0.59702,133
ILSVRC2012_val_00017184_with_ILSVRC2012_val_00010189_rank923,657,740,0.16521,388
ILSVRC2012_val_00017184_with_ILSVRC2012_val_00019527_rank063,315,315,0.8328,0
ILSVRC2012_val_00017184_with_ILSVRC2012_val_00040576_rank933,559,559,0.78326,0
ILSVRC2012_val_00017184_with_ILSVRC2012_val_00024645_rank340,287,285,0.40718,5
ILSVRC2012_val_00017184_with_ILSVRC2012_val_00047428_rank377,735,735,0.86302,0
ILSVRC2012_val_00017184_with_ILSVRC2012_val_00048162_rank354,272,272,0.6593,0
ILSVRC2012_val_00017184_with_ILSVRC2012_val_00017930_rank114,130,894,0.49906,787
ILSVRC2012_val_00017184_with_ILSVRC2012_val_00022888_rank703,279,296,0.73605,2
ILSVRC2012_val_00017184_with_ILSVRC2012_val_00017758_rank405,999,896,0.44761,7
ILSVRC2012_val_00017184_with_ILSVRC2012_val_00006693_rank470,914,846,0.37317,118
ILSVRC2012_val_00017184_with_ILSVRC2012_val_00043613_rank681,585,894,0.2259,180
ILSVRC2012_val_00017184_with_ILSVRC2012_val_00019520_rank139,666,896,0.55232,10
ILSVRC2012_val_00017184_with_ILSVRC2012_val_00039134_rank338,662,662,0.6698,0
ILSVRC2012_val_00017184_with_ILSVRC2012_val_00003700_rank213,370,370,0.86322,0
ILSVRC2012_val_00017184_with_ILSVRC2012_val_00027644_rank169,947,894,0.20985,458
ILSVRC2012_val_00017184_with_ILSVRC2012_val_00010784_rank115,382,382,0.78108,0
ILSVRC2012_val_00017184_with_ILSVRC2012_val_00016443_rank880,269,174,0.63322,12
ILSVRC2012_val_00017184_with_ILSVRC2012_val_00008478_rank837,694,831,0.43051,390
ILSVRC2012_val_00017184_with_ILSVRC2012_val_00037093_rank143,896,896,0.54193,0
ILSVRC2012_val_00017184_with_ILSVRC2012_val_00030327_rank792,247,896,0.55602,793
ILSVRC2012_val_00017184_with_ILSVRC2012_val_00035871_rank558,394,896,0.40425,923
ILSVRC2012_val_00017184_with_ILSVRC2012_val_00038219_rank572,419,532,0.18702,954
ILSVRC2012_val_00017184_with_ILSVRC2012_val_00040244_rank185,132,896,0.30077,878
ILSVRC2012_val_00017184_with_ILSVRC2012_val_00028967_rank898,539,831,0.24967,169
ILSVRC2012_val_00017184_with_ILSVRC2012_val_00016992_rank838,839,896,0.50461,921
ILSVRC2012_val_00017184_with_ILSVRC2012_val_00016905_rank941,67,67,0.80545,0
ILSVRC2012_val_00017184_with_ILSVRC2012_val_00028871_rank031,988,894,0.37798,367
ILSVRC2012_val_00017184_with_ILSVRC2012_val_00015593_rank913,915,896,0.49667,803
ILSVRC2012_val_00017184_with_ILSVRC2012_val_00000722_rank076,728,728,0.64735,0
ILSVRC2012_val_00017184_with_ILSVRC2012_val_00003323_rank976,862,896,0.87736,904
ILSVRC2012_val_00017184_with_ILSVRC2012_val_00015770_rank747,331,331,0.54014,0
ILSVRC2012_val_00017184_with_ILSVRC2012_val_00039324_rank231,712,787,0.16971,348
ILSVRC2012_val_00017184_with_ILSVRC2012_val_00003493_rank614,144,144,0.73184,0
ILSVRC2012_val_00017184_with_ILSVRC2012_val_00049344_rank669,163,234,0.52769,12
ILSVRC2012_val_00017184_with_ILSVRC2012_val_00017907_rank936,586,896,0.41034,579
ILSVRC2012_val_00017184_with_ILSVRC2012_val_00048008_rank815,128,128,0.53294,0
ILSVRC2012_val_00017184_with_ILSVRC2012_val_00012566_rank638,208,208,0.87924,0
ILSVRC2012_val_00017184_with_ILSVRC2012_val_00003467_rank450,111,896,0.1182,446
ILSVRC2012_val_00017184_with_ILSVRC2012_val_00039112_rank406,890,518,0.22037,452
ILSVRC2012_val_00017184_with_ILSVRC2012_val_00020896_rank538,643,896,0.22659,177
ILSVRC2012_val_00017184_with_ILSVRC2012_val_00043629_rank748,164,164,0.91076,0
ILSVRC2012_val_00017184_with_ILSVRC2012_val_00025173_rank200,530,530,0.40139,0
ILSVRC2012_val_00017184_with_ILSVRC2012_val_00007644_rank370,327,327,0.85228,0
ILSVRC2012_val_00017184_with_ILSVRC2012_val_00026301_rank629,675,859,0.2062,483
ILSVRC2012_val_00017184_with_ILSVRC2012_val_00028139_rank408,21,21,0.38017,0
ILSVRC2012_val_00017184_with_ILSVRC2012_val_00031155_rank685,996,896,0.14859,919
ILSVRC2012_val_00017184_with_ILSVRC2012_val_00038103_rank510,428,428,0.89509,0
ILSVRC2012_val_00017184_with_ILSVRC2012_val_00018103_rank902,676,676,0.79413,0
ILSVRC2012_val_00017184_with_ILSVRC2012_val_00016792_rank544,650,650,0.75812,0
ILSVRC2012_val_00017184_with_ILSVRC2012_val_00044605_rank669,163,163,0.63967,0
ILSVRC2012_val_00017184_with_ILSVRC2012_val_00008113_rank708,277,103,0.12627,111
ILSVRC2012_val_00017184_with_ILSVRC2012_val_00001223_rank773,216,219,0.24655,5
ILSVRC2012_val_00017184_with_ILSVRC2012_val_00049108_rank916,797,797,0.86211,0
ILSVRC2012_val_00017184_with_ILSVRC2012_val_00016508_rank709,188,181,0.77157,3
ILSVRC2012_val_00017184_with_ILSVRC2012_val_00000079_rank339,175,175,0.57693,0
ILSVRC2012_val_00017184_with_ILSVRC2012_val_00034006_rank143,896,896,0.69501,0
ILSVRC2012_val_00017184_with_ILSVRC2012_val_00004917_rank272,760,896,0.27505,70
ILSVRC2012_val_00017184_with_ILSVRC2012_val_00035063_rank550,73,77,0.10356,4
ILSVRC2012_val_00017184_with_ILSVRC2012_val_00029332_rank113,927,927,0.8768,0
ILSVRC2012_val_00017184_with_ILSVRC2012_val_00029701_rank988,439,896,0.16396,835
ILSVRC2012_val_00017184_with_ILSVRC2012_val_00049216_rank048,393,392,0.17244,3
ILSVRC2012_val_00017184_with_ILSVRC2012_val_00019744_rank016,11,11,0.7709,0
ILSVRC2012_val_00017184_with_ILSVRC2012_val_00003532_rank706,661,661,0.74018,0
ILSVRC2012_val_00017184_with_ILSVRC2012_val_00017937_rank772,214,214,0.68384,0
ILSVRC2012_val_00017184_with_ILSVRC2012_val_00007901_rank739,485,761,0.90999,8
ILSVRC2012_val_00017184_with_ILSVRC2012_val_00035335_rank052,572,899,0.38016,16
ILSVRC2012_val_00017184_with_ILSVRC2012_val_00009232_rank502,71,896,0.24995,785
ILSVRC2012_val_00017184_with_ILSVRC2012_val_00023446_rank656,710,478,0.0584,141
ILSVRC2012_val_00017184_with_ILSVRC2012_val_00041743_rank429,57,60,0.23027,7
ILSVRC2012_val_00017184_with_ILSVRC2012_val_00002032_rank298,577,577,0.60615,0
ILSVRC2012_val_00017184_with_ILSVRC2012_val_00029251_rank504,629,629,0.60577,0
ILSVRC2012_val_00017184_with_ILSVRC2012_val_00007757_rank238,125,452,0.2079,121
ILSVRC2012_val_00017184_with_ILSVRC2012_val_00027249_rank863,687,506,0.20877,51
ILSVRC2012_val_00017184_with_ILSVRC2012_val_00027079_rank154,22,22,0.69933,0
ILSVRC2012_val_00017184_with_ILSVRC2012_val_00010200_rank522,576,576,0.55502,0
ILSVRC2012_val_00017184_with_ILSVRC2012_val_00044140_rank351,159,208,0.76469,20
ILSVRC2012_val_00017184_with_ILSVRC2012_val_00047643_rank066,312,312,0.57115,0
ILSVRC2012_val_00017184_with_ILSVRC2012_val_00047880_rank652,119,120,0.77763,1
ILSVRC2012_val_00017184_with_ILSVRC2012_val_00035540_rank217,13,13,0.5477,0
ILSVRC2012_val_00017184_with_ILSVRC2012_val_00049376_rank871,833,896,0.57668,152
ILSVRC2012_val_00017184_with_ILSVRC2012_val_00002526_rank876,596,894,0.50935,502
ILSVRC2012_val_00017184_with_ILSVRC2012_val_00008986_rank392,283,283,0.888,0
ILSVRC2012_val_00017184_with_ILSVRC2012_val_00015988_rank245,410,526,0.16978,485
ILSVRC2012_val_00017184_with_ILSVRC2012_val_00040289_rank422,381,896,0.23898,744
ILSVRC2012_val_00017184_with_ILSVRC2012_val_00030876_rank968,229,229,0.83793,0
ILSVRC2012_val_00017184_with_ILSVRC2012_val_00025394_rank945,226,226,0.85838,0
ILSVRC2012_val_00017184_with_ILSVRC2012_val_00014464_rank398,628,628,0.8087,0
ILSVRC2012_val_00017184_with_ILSVRC2012_val_00043808_rank124,84,708,0.17732,355
ILSVRC2012_val_00017184_with_ILSVRC2012_val_00040509_rank471,521,896,0.22994,78
ILSVRC2012_val_00017184_with_ILSVRC2012_val_00041922_rank841,51,51,0.43025,0
ILSVRC2012_val_00017184_with_ILSVRC2012_val_00022192_rank695,507,896,0.49432,139
ILSVRC2012_val_00017184_with_ILSVRC2012_val_00019810_rank252,133,133,0.63821,0
ILSVRC2012_val_00017184_with_ILSVRC2012_val_00011926_rank679,447,526,0.10932,949
ILSVRC2012_val_00017184_with_ILSVRC2012_val_00007108_rank686,346,346,0.8748,0
ILSVRC2012_val_00017184_with_ILSVRC2012_val_00014049_rank871,833,771,0.18456,498
ILSVRC2012_val_00017184_with_ILSVRC2012_val_00036068_rank250,66,66,0.53433,0
ILSVRC2012_val_00017184_with_ILSVRC2012_val_00026811_rank336,100,51,0.14814,882
ILSVRC2012_val_00017184_with_ILSVRC2012_val_00040256_rank027,933,933,0.89803,0
ILSVRC2012_val_00017184_with_ILSVRC2012_val_00028566_rank461,736,896,0.34232,135
ILSVRC2012_val_00017184_with_ILSVRC2012_val_00003553_rank509,906,982,0.41005,22
ILSVRC2012_val_00017184_with_ILSVRC2012_val_00001326_rank785,472,894,0.11408,675
ILSVRC2012_val_00017184_with_ILSVRC2012_val_00026733_rank317,146,896,0.12134,584
ILSVRC2012_val_00017184_with_ILSVRC2012_val_00021698_rank481,878,786,0.21184,6
ILSVRC2012_val_00017184_with_ILSVRC2012_val_00024209_rank235,402,402,0.60735,0
ILSVRC2012_val_00017184_with_ILSVRC2012_val_00006184_rank410,724,894,0.04604,503
ILSVRC2012_val_00017184_with_ILSVRC2012_val_00006517_rank170,752,896,0.69401,594
ILSVRC2012_val_00017184_with_ILSVRC2012_val_00010586_rank248,62,67,0.16569,10
ILSVRC2012_val_00017184_with_ILSVRC2012_val_00020589_rank710,239,239,0.65704,0
ILSVRC2012_val_00017184_with_ILSVRC2012_val_00009768_rank041,828,894,0.28455,888
ILSVRC2012_val_00017184_with_ILSVRC2012_val_00038884_rank947,198,196,0.41635,2
ILSVRC2012_val_00017184_with_ILSVRC2012_val_00040195_rank129,934,788,0.16453,137
ILSVRC2012_val_00017184_with_ILSVRC2012_val_00021824_rank074,968,849,0.37644,6
ILSVRC2012_val_00017184_with_ILSVRC2012_val_00041787_rank056,599,599,0.844,0
ILSVRC2012_val_00017184_with_ILSVRC2012_val_00025309_rank968,229,229,0.50923,0
ILSVRC2012_val_00017184_with_ILSVRC2012_val_00031273_rank128,15,786,0.51244,865
ILSVRC2012_val_00017184_with_ILSVRC2012_val_00014963_rank970,212,212,0.85533,0
ILSVRC2012_val_00017184_with_ILSVRC2012_val_00004060_rank401,181,181,0.86769,0
ILSVRC2012_val_00017184_with_ILSVRC2012_val_00019152_rank444,44,50,0.67647,11
ILSVRC2012_val_00017184_with_ILSVRC2012_val_00031516_rank893,614,614,0.86431,0
ILSVRC2012_val_00017184_with_ILSVRC2012_val_00035842_rank330,61,61,0.43083,0
ILSVRC2012_val_00017184_with_ILSVRC2012_val_00019759_rank919,180,179,0.22967,1
ILSVRC2012_val_00017184_with_ILSVRC2012_val_00014641_rank599,776,776,0.6668,0
ILSVRC2012_val_00017184_with_ILSVRC2012_val_00034361_rank177,679,435,0.29865,300
ILSVRC2012_val_00017184_with_ILSVRC2012_val_00024017_rank557,541,541,0.8673,0
ILSVRC2012_val_00017184_with_ILSVRC2012_val_00049843_rank639,408,895,0.40524,33
ILSVRC2012_val_00017184_with_ILSVRC2012_val_00025275_rank547,610,610,0.89438,0
ILSVRC2012_val_00017184_with_ILSVRC2012_val_00041691_rank979,811,811,0.52094,0
ILSVRC2012_val_00017184_with_ILSVRC2012_val_00049523_rank888,217,217,0.64475,0
ILSVRC2012_val_00017184_with_ILSVRC2012_val_00020908_rank433,512,512,0.624,0
ILSVRC2012_val_00017184_with_ILSVRC2012_val_00029086_rank059,301,301,0.73735,0
ILSVRC2012_val_00017184_with_ILSVRC2012_val_00011092_rank263,359,358,0.34803,2
ILSVRC2012_val_00017184_with_ILSVRC2012_val_00041526_rank646,617,894,0.49938,74
ILSVRC2012_val_00017184_with_ILSVRC2012_val_00043978_rank061,46,896,0.46603,755
ILSVRC2012_val_00017184_with_ILSVRC2012_val_00040111_rank533,648,771,0.71522,16
ILSVRC2012_val_00017184_with_ILSVRC2012_val_00047398_rank272,760,742,0.13982,19
ILSVRC2012_val_00017184_with_ILSVRC2012_val_00028423_rank671,553,553,0.88114,0
ILSVRC2012_val_00017184_with_ILSVRC2012_val_00028555_rank433,512,896,0.19171,80
ILSVRC2012_val_00017184_with_ILSVRC2012_val_00017799_rank353,993,993,0.77987,0
ILSVRC2012_val_00017184_with_ILSVRC2012_val_00017085_rank783,858,896,0.13854,686
ILSVRC2012_val_00017184_with_ILSVRC2012_val_00027267_rank884,176,176,0.35492,0
ILSVRC2012_val_00017184_with_ILSVRC2012_val_00031396_rank086,136,136,0.87047,0
ILSVRC2012_val_00017184_with_ILSVRC2012_val_00023035_rank969,764,896,0.39129,509
ILSVRC2012_val_00017184_with_ILSVRC2012_val_00013972_rank439,584,896,0.20362,663
ILSVRC2012_val_00017184_with_ILSVRC2012_val_00003955_rank035,107,731,0.28474,900
ILSVRC2012_val_00017184_with_ILSVRC2012_val_00022282_rank055,40,46,0.41743,1
ILSVRC2012_val_00017184_with_ILSVRC2012_val_00039459_rank087,378,378,0.9027,0
ILSVRC2012_val_00017184_with_ILSVRC2012_val_00045070_rank301,105,105,0.8688,0
ILSVRC2012_val_00017184_with_ILSVRC2012_val_00027072_rank028,942,896,0.2179,190
ILSVRC2012_val_00017184_with_ILSVRC2012_val_00020996_rank531,806,806,0.77245,0
ILSVRC2012_val_00017184_with_ILSVRC2012_val_00045557_rank255,803,786,0.78905,765
ILSVRC2012_val_00017184_with_ILSVRC2012_val_00022705_rank745,156,156,0.89922,0
ILSVRC2012_val_00017184_with_ILSVRC2012_val_00029725_rank552,621,882,0.65796,9
ILSVRC2012_val_00017184_with_ILSVRC2012_val_00013563_rank542,221,267,0.44901,4
ILSVRC2012_val_00017184_with_ILSVRC2012_val_00027602_rank058,96,96,0.24833,0
ILSVRC2012_val_00017184_with_ILSVRC2012_val_00002210_rank814,569,740,0.57072,136
ILSVRC2012_val_00017184_with_ILSVRC2012_val_00043082_rank127,647,463,0.3632,18
ILSVRC2012_val_00017184_with_ILSVRC2012_val_00010972_rank344,746,768,0.18621,33
ILSVRC2012_val_00017184_with_ILSVRC2012_val_00029603_rank701,727,526,0.11631,315
ILSVRC2012_val_00017184_with_ILSVRC2012_val_00025041_rank597,879,896,0.28926,189
ILSVRC2012_val_00017184_with_ILSVRC2012_val_00010954_rank019,852,489,0.17531,39
ILSVRC2012_val_00017184_with_ILSVRC2012_val_00005229_rank424,836,837,0.6124,1
ILSVRC2012_val_00017184_with_ILSVRC2012_val_00025294_rank957,785,896,0.22251,801
ILSVRC2012_val_00017184_with_ILSVRC2012_val_00012051_rank691,798,896,0.65663,880
ILSVRC2012_val_00017184_with_ILSVRC2012_val_00008172_rank038,582,896,0.13954,913
ILSVRC2012_val_00017184_with_ILSVRC2012_val_00019737_rank051,317,894,0.356,569
ILSVRC2012_val_00017184_with_ILSVRC2012_val_00042475_rank435,274,285,0.19807,172
ILSVRC2012_val_00017184_with_ILSVRC2012_val_00019977_rank949,104,896,0.41412,934
ILSVRC2012_val_00017184_with_ILSVRC2012_val_00030845_rank197,18,18,0.4913,0
ILSVRC2012_val_00017184_with_ILSVRC2012_val_00016231_rank843,565,565,0.62264,0
ILSVRC2012_val_00017184_with_ILSVRC2012_val_00042057_rank604,756,756,0.66925,0
ILSVRC2012_val_00017184_with_ILSVRC2012_val_00023522_rank525,443,443,0.36934,0
ILSVRC2012_val_00017184_with_ILSVRC2012_val_00031643_rank316,962,962,0.76962,0
ILSVRC2012_val_00017184_with_ILSVRC2012_val_00001363_rank909,168,168,0.65289,0
ILSVRC2012_val_00017184_with_ILSVRC2012_val_00025977_rank371,759,759,0.83176,0
ILSVRC2012_val_00017184_with_ILSVRC2012_val_00049507_rank808,653,653,0.68122,0
ILSVRC2012_val_00017184_with_ILSVRC2012_val_00046309_rank225,716,716,0.35272,0
ILSVRC2012_val_00017184_with_ILSVRC2012_val_00017035_rank791,667,667,0.3739,0
ILSVRC2012_val_00017184_with_ILSVRC2012_val_00008810_rank020,55,64,0.67554,1
ILSVRC2012_val_00017184_with_ILSVRC2012_val_00029106_rank705,734,734,0.59171,0
ILSVRC2012_val_00017184_with_ILSVRC2012_val_00039032_rank191,311,311,0.47636,0
ILSVRC2012_val_00017184_with_ILSVRC2012_val_00003656_rank043,308,308,0.46332,0
ILSVRC2012_val_00017184_with_ILSVRC2012_val_00047781_rank713,774,788,0.30237,4
ILSVRC2012_val_00017184_with_ILSVRC2012_val_00029729_rank296,593,593,0.84908,0
ILSVRC2012_val_00017184_with_ILSVRC2012_val_00013233_rank308,783,783,0.93293,0
ILSVRC2012_val_00017184_with_ILSVRC2012_val_00005399_rank612,649,846,0.21148,841
ILSVRC2012_val_00017184_with_ILSVRC2012_val_00014903_rank176,91,91,0.26267,0
ILSVRC2012_val_00017184_with_ILSVRC2012_val_00034162_rank018,924,924,0.87444,0
ILSVRC2012_val_00017184_with_ILSVRC2012_val_00046248_rank077,113,896,0.13541,365
ILSVRC2012_val_00017184_with_ILSVRC2012_val_00015783_rank470,914,896,0.5679,525
ILSVRC2012_val_00017184_with_ILSVRC2012_val_00041272_rank234,351,250,0.17163,536
ILSVRC2012_val_00017184_with_ILSVRC2012_val_00023086_rank626,289,285,0.7575,9
ILSVRC2012_val_00017184_with_ILSVRC2012_val_00015176_rank519,218,247,0.71662,7
ILSVRC2012_val_00017184_with_ILSVRC2012_val_00007501_rank833,250,227,0.13843,18
ILSVRC2012_val_00017184_with_ILSVRC2012_val_00022355_rank148,88,88,0.87049,0
ILSVRC2012_val_00017184_with_ILSVRC2012_val_00000095_rank199,373,373,0.85202,0
ILSVRC2012_val_00017184_with_ILSVRC2012_val_00015022_rank658,305,302,0.40924,1
ILSVRC2012_val_00017184_with_ILSVRC2012_val_00044847_rank473,651,897,0.2575,6
ILSVRC2012_val_00017184_with_ILSVRC2012_val_00042970_rank318,70,532,0.24009,475
ILSVRC2012_val_00017184_with_ILSVRC2012_val_00001412_rank447,418,418,0.54303,0
ILSVRC2012_val_00017184_with_ILSVRC2012_val_00041863_rank914,749,532,0.53519,85
ILSVRC2012_val_00017184_with_ILSVRC2012_val_00046508_rank112,93,93,0.90216,0
ILSVRC2012_val_00017184_with_ILSVRC2012_val_00001228_rank895,152,152,0.49712,0
ILSVRC2012_val_00017184_with_ILSVRC2012_val_00021533_rank954,891,786,0.16886,241
ILSVRC2012_val_00017184_with_ILSVRC2012_val_00026543_rank577,707,707,0.79075,0
ILSVRC2012_val_00017184_with_ILSVRC2012_val_00044866_rank398,628,628,0.21561,0
ILSVRC2012_val_00017184_with_ILSVRC2012_val_00045722_rank537,561,561,0.52217,0
ILSVRC2012_val_00017184_with_ILSVRC2012_val_00024240_rank860,254,254,0.88556,0
ILSVRC2012_val_00017184_with_ILSVRC2012_val_00039410_rank979,811,526,0.10414,168
ILSVRC2012_val_00017184_with_ILSVRC2012_val_00008412_rank367,700,896,0.27739,11
ILSVRC2012_val_00017184_with_ILSVRC2012_val_00018101_rank588,552,894,0.35142,106
ILSVRC2012_val_00017184_with_ILSVRC2012_val_00016777_rank172,314,894,0.40189,410
ILSVRC2012_val_00017184_with_ILSVRC2012_val_00024820_rank455,829,648,0.1679,262
ILSVRC2012_val_00017184_with_ILSVRC2012_val_00025261_rank770,200,200,0.6465,0
ILSVRC2012_val_00017184_with_ILSVRC2012_val_00036033_rank1000,830,526,0.16749,67
ILSVRC2012_val_00017184_with_ILSVRC2012_val_00048490_rank360,685,685,0.7929,0
ILSVRC2012_val_00017184_with_ILSVRC2012_val_00020141_rank476,33,896,0.19501,550
ILSVRC2012_val_00017184_with_ILSVRC2012_val_00046278_rank324,780,780,0.4585,0
ILSVRC2012_val_00017184_with_ILSVRC2012_val_00005693_rank612,649,896,0.17464,523
ILSVRC2012_val_00017184_with_ILSVRC2012_val_00001897_rank289,591,896,0.23376,199
ILSVRC2012_val_00017184_with_ILSVRC2012_val_00024906_rank785,472,894,0.38036,675
ILSVRC2012_val_00017184_with_ILSVRC2012_val_00044904_rank890,190,190,0.74063,0
ILSVRC2012_val_00017184_with_ILSVRC2012_val_00011593_rank567,235,174,0.83098,2
ILSVRC2012_val_00017184_with_ILSVRC2012_val_00042142_rank055,40,40,0.35427,0
ILSVRC2012_val_00017184_with_ILSVRC2012_val_00027555_rank176,91,91,0.55458,0
ILSVRC2012_val_00017184_with_ILSVRC2012_val_00023937_rank142,809,809,0.3482,0
ILSVRC2012_val_00017184_with_ILSVRC2012_val_00020431_rank575,709,788,0.57264,151
ILSVRC2012_val_00017184_with_ILSVRC2012_val_00022815_rank908,446,446,0.36011,0
ILSVRC2012_val_00017184_with_ILSVRC2012_val_00005516_rank892,626,894,0.26079,182
ILSVRC2012_val_00017184_with_ILSVRC2012_val_00049364_rank709,188,188,0.74753,0
ILSVRC2012_val_00017184_with_ILSVRC2012_val_00009050_rank302,39,39,0.31614,0
ILSVRC2012_val_00017184_with_ILSVRC2012_val_00035966_rank245,410,896,0.43716,460
ILSVRC2012_val_00017184_with_ILSVRC2012_val_00004671_rank895,152,156,0.6228,2
ILSVRC2012_val_00017184_with_ILSVRC2012_val_00034480_rank733,718,831,0.15489,389
ILSVRC2012_val_00017184_with_ILSVRC2012_val_00024174_rank099,738,738,0.23847,0
ILSVRC2012_val_00017184_with_ILSVRC2012_val_00029042_rank029,984,896,0.61459,888
ILSVRC2012_val_00017184_with_ILSVRC2012_val_00011024_rank970,212,208,0.14409,33
ILSVRC2012_val_00017184_with_ILSVRC2012_val_00048046_rank236,28,28,0.89481,0
ILSVRC2012_val_00017184_with_ILSVRC2012_val_00041652_rank200,530,530,0.72561,0
ILSVRC2012_val_00017184_with_ILSVRC2012_val_00026208_rank945,226,896,0.25176,979
ILSVRC2012_val_00017184_with_ILSVRC2012_val_00002527_rank736,449,894,0.26665,233
ILSVRC2012_val_00017184_with_ILSVRC2012_val_00028350_rank109,815,545,0.29523,105
ILSVRC2012_val_00017184_with_ILSVRC2012_val_00041075_rank685,996,944,0.14279,13
ILSVRC2012_val_00017184_with_ILSVRC2012_val_00029387_rank955,330,330,0.84787,0
ILSVRC2012_val_00017184_with_ILSVRC2012_val_00030789_rank977,654,894,0.0929,239
ILSVRC2012_val_00017184_with_ILSVRC2012_val_00024754_rank015,325,325,0.864,0
ILSVRC2012_val_00017184_with_ILSVRC2012_val_00017486_rank718,282,894,0.24988,287
ILSVRC2012_val_00017184_with_ILSVRC2012_val_00029002_rank338,662,784,0.37135,55
ILSVRC2012_val_00017184_with_ILSVRC2012_val_00002723_rank559,332,894,0.7028,624
ILSVRC2012_val_00017184_with_ILSVRC2012_val_00043469_rank168,590,590,0.50288,0
ILSVRC2012_val_00017184_with_ILSVRC2012_val_00002835_rank042,944,896,0.63611,756
ILSVRC2012_val_00017184_with_ILSVRC2012_val_00028026_rank254,779,779,0.74266,0
ILSVRC2012_val_00017184_with_ILSVRC2012_val_00028661_rank723,219,219,0.91175,0
ILSVRC2012_val_00017184_with_ILSVRC2012_val_00023489_rank426,350,353,0.44099,2
ILSVRC2012_val_00017184_with_ILSVRC2012_val_00023178_rank836,451,778,0.38933,897
ILSVRC2012_val_00017184_with_ILSVRC2012_val_00048669_rank657,335,335,0.20452,0
ILSVRC2012_val_00017184_with_ILSVRC2012_val_00024410_rank077,113,113,0.90329,0
ILSVRC2012_val_00017184_with_ILSVRC2012_val_00017214_rank825,765,765,0.40593,0
ILSVRC2012_val_00017184_with_ILSVRC2012_val_00011432_rank307,467,643,0.06439,145
ILSVRC2012_val_00017184_with_ILSVRC2012_val_00021841_rank222,922,526,0.20567,119
ILSVRC2012_val_00017184_with_ILSVRC2012_val_00047372_rank810,374,371,0.55309,7
ILSVRC2012_val_00017184_with_ILSVRC2012_val_00035287_rank124,84,896,0.6706,858
ILSVRC2012_val_00017184_with_ILSVRC2012_val_00034364_rank378,489,559,0.23844,57
ILSVRC2012_val_00017184_with_ILSVRC2012_val_00047505_rank916,797,797,0.90864,0
ILSVRC2012_val_00017184_with_ILSVRC2012_val_00038829_rank591,681,620,0.56995,1
ILSVRC2012_val_00017184_with_ILSVRC2012_val_00043117_rank355,288,896,0.44515,725
ILSVRC2012_val_00017184_with_ILSVRC2012_val_00026464_rank228,452,532,0.15753,576
ILSVRC2012_val_00017184_with_ILSVRC2012_val_00011861_rank615,79,79,0.29133,0
ILSVRC2012_val_00017184_with_ILSVRC2012_val_00032919_rank009,957,957,0.89588,0
ILSVRC2012_val_00017184_with_ILSVRC2012_val_00044243_rank113,927,927,0.74018,0
ILSVRC2012_val_00017184_with_ILSVRC2012_val_00032547_rank227,120,120,0.92093,0
ILSVRC2012_val_00017184_with_ILSVRC2012_val_00044812_rank377,735,894,0.08371,115
ILSVRC2012_val_00017184_with_ILSVRC2012_val_00018977_rank081,883,894,0.30827,239
ILSVRC2012_val_00017184_with_ILSVRC2012_val_00004817_rank932,401,401,0.87099,0
ILSVRC2012_val_00017184_with_ILSVRC2012_val_00042383_rank046,64,64,0.4779,0
ILSVRC2012_val_00017184_with_ILSVRC2012_val_00014981_rank556,545,545,0.48204,0
ILSVRC2012_val_00017184_with_ILSVRC2012_val_00028514_rank985,244,240,0.28567,15
ILSVRC2012_val_00017184_with_ILSVRC2012_val_00006863_rank026,989,632,0.05351,896
ILSVRC2012_val_00017184_with_ILSVRC2012_val_00010169_rank727,203,203,0.81651,0
ILSVRC2012_val_00017184_with_ILSVRC2012_val_00024379_rank275,515,896,0.19248,661
ILSVRC2012_val_00017184_with_ILSVRC2012_val_00004753_rank342,368,377,0.22056,21
ILSVRC2012_val_00017184_with_ILSVRC2012_val_00021301_rank093,468,717,0.25448,12
ILSVRC2012_val_00017184_with_ILSVRC2012_val_00013126_rank930,220,208,0.15282,59
ILSVRC2012_val_00017184_with_ILSVRC2012_val_00040270_rank099,738,896,0.37301,74
ILSVRC2012_val_00017184_with_ILSVRC2012_val_00011767_rank916,797,894,0.43484,69
ILSVRC2012_val_00017184_with_ILSVRC2012_val_00041864_rank176,91,91,0.82915,0
ILSVRC2012_val_00017184_with_ILSVRC2012_val_00008229_rank882,174,174,0.89655,0
ILSVRC2012_val_00017184_with_ILSVRC2012_val_00002172_rank094,89,89,0.82092,0
ILSVRC2012_val_00017184_with_ILSVRC2012_val_00019796_rank856,526,526,0.24334,0
ILSVRC2012_val_00017184_with_ILSVRC2012_val_00033064_rank190,320,320,0.7119,0
ILSVRC2012_val_00017184_with_ILSVRC2012_val_00004001_rank568,138,138,0.77979,0
ILSVRC2012_val_00017184_with_ILSVRC2012_val_00011226_rank457,816,896,0.11377,946
ILSVRC2012_val_00017184_with_ILSVRC2012_val_00017768_rank784,902,496,0.45639,537
ILSVRC2012_val_00017184_with_ILSVRC2012_val_00014371_rank371,759,896,0.384,350
ILSVRC2012_val_00017184_with_ILSVRC2012_val_00025368_rank387,534,534,0.46731,0
ILSVRC2012_val_00017184_with_ILSVRC2012_val_00008752_rank911,258,258,0.67922,0
ILSVRC2012_val_00017184_with_ILSVRC2012_val_00036654_rank240,714,714,0.93812,0
ILSVRC2012_val_00017184_with_ILSVRC2012_val_00025179_rank852,627,436,0.3202,1
ILSVRC2012_val_00017184_with_ILSVRC2012_val_00014312_rank561,45,45,0.72067,0
ILSVRC2012_val_00017184_with_ILSVRC2012_val_00005740_rank665,510,896,0.71825,512
ILSVRC2012_val_00017184_with_ILSVRC2012_val_00044510_rank836,451,451,0.18211,0
ILSVRC2012_val_00017184_with_ILSVRC2012_val_00048646_rank310,668,413,0.46943,371
ILSVRC2012_val_00017184_with_ILSVRC2012_val_00020055_rank433,512,512,0.49562,0
ILSVRC2012_val_00017184_with_ILSVRC2012_val_00048837_rank412,122,896,0.58419,387
ILSVRC2012_val_00017184_with_ILSVRC2012_val_00010114_rank976,862,896,0.26985,904
ILSVRC2012_val_00017184_with_ILSVRC2012_val_00002088_rank308,783,532,0.19296,390
ILSVRC2012_val_00017184_with_ILSVRC2012_val_00039439_rank326,151,151,0.80608,0
ILSVRC2012_val_00017184_with_ILSVRC2012_val_00034681_rank929,256,219,0.32753,24
ILSVRC2012_val_00017184_with_ILSVRC2012_val_00040119_rank563,342,342,0.6212,0
ILSVRC2012_val_00017184_with_ILSVRC2012_val_00029520_rank704,458,458,0.84968,0
ILSVRC2012_val_00017184_with_ILSVRC2012_val_00009913_rank088,930,930,0.37338,0
ILSVRC2012_val_00017184_with_ILSVRC2012_val_00045250_rank595,252,233,0.256,2
ILSVRC2012_val_00017184_with_ILSVRC2012_val_00005213_rank130,397,896,0.16683,940
ILSVRC2012_val_00017184_with_ILSVRC2012_val_00036264_rank872,222,257,0.44913,1
ILSVRC2012_val_00017184_with_ILSVRC2012_val_00033384_rank039,937,937,0.47901,0
ILSVRC2012_val_00017184_with_ILSVRC2012_val_00001161_rank370,327,327,0.85217,0
ILSVRC2012_val_00017184_with_ILSVRC2012_val_00039100_rank418,680,896,0.7919,532
ILSVRC2012_val_00017184_with_ILSVRC2012_val_00040095_rank963,471,894,0.17316,749
ILSVRC2012_val_00017184_with_ILSVRC2012_val_00010138_rank981,134,134,0.57569,0
ILSVRC2012_val_00017184_with_ILSVRC2012_val_00041659_rank055,40,46,0.36528,1
ILSVRC2012_val_00017184_with_ILSVRC2012_val_00010321_rank671,553,553,0.77429,0
ILSVRC2012_val_00017184_with_ILSVRC2012_val_00007172_rank150,142,142,0.85696,0
ILSVRC2012_val_00017184_with_ILSVRC2012_val_00002860_rank192,567,896,0.67106,77
ILSVRC2012_val_00017184_with_ILSVRC2012_val_00007473_rank835,543,422,0.58176,1
ILSVRC2012_val_00017184_with_ILSVRC2012_val_00046379_rank667,917,896,0.32471,994
ILSVRC2012_val_00017184_with_ILSVRC2012_val_00025591_rank098,574,574,0.89601,0
ILSVRC2012_val_00017184_with_ILSVRC2012_val_00039933_rank236,28,28,0.74688,0
ILSVRC2012_val_00017184_with_ILSVRC2012_val_00012860_rank700,362,896,0.44734,366
ILSVRC2012_val_00017184_with_ILSVRC2012_val_00031066_rank110,907,907,0.3517,0
ILSVRC2012_val_00017184_with_ILSVRC2012_val_00004772_rank120,328,896,0.453,885
ILSVRC2012_val_00017184_with_ILSVRC2012_val_00044275_rank579,192,192,0.13043,0
ILSVRC2012_val_00017184_with_ILSVRC2012_val_00022947_rank399,276,276,0.78785,0
ILSVRC2012_val_00017184_with_ILSVRC2012_val_00029010_rank096,115,896,0.18866,777
ILSVRC2012_val_00017184_with_ILSVRC2012_val_00006894_rank282,913,894,0.55954,224
ILSVRC2012_val_00017184_with_ILSVRC2012_val_00042330_rank270,340,340,0.86827,0
ILSVRC2012_val_00017184_with_ILSVRC2012_val_00027220_rank512,245,731,0.28283,726
ILSVRC2012_val_00017184_with_ILSVRC2012_val_00017954_rank187,793,684,0.32638,359
ILSVRC2012_val_00017184_with_ILSVRC2012_val_00044347_rank816,820,526,0.25458,522
ILSVRC2012_val_00017184_with_ILSVRC2012_val_00034765_rank364,499,499,0.49559,0
ILSVRC2012_val_00017184_with_ILSVRC2012_val_00045735_rank759,169,169,0.82906,0
ILSVRC2012_val_00017184_with_ILSVRC2012_val_00033740_rank122,997,997,0.55697,0
ILSVRC2012_val_00017184_with_ILSVRC2012_val_00023664_rank233,478,896,0.45333,130
ILSVRC2012_val_00017184_with_ILSVRC2012_val_00044156_rank549,905,894,0.30691,31
ILSVRC2012_val_00017184_with_ILSVRC2012_val_00049657_rank337,124,896,0.38172,461
ILSVRC2012_val_00017184_with_ILSVRC2012_val_00043660_rank399,276,383,0.08817,52
ILSVRC2012_val_00017184_with_ILSVRC2012_val_00039235_rank789,234,234,0.78387,0
ILSVRC2012_val_00017184_with_ILSVRC2012_val_00000459_rank869,414,414,0.74693,0
ILSVRC2012_val_00017184_with_ILSVRC2012_val_00047815_rank586,742,742,0.69854,0
ILSVRC2012_val_00017184_with_ILSVRC2012_val_00021221_rank066,312,312,0.75632,0
ILSVRC2012_val_00017184_with_ILSVRC2012_val_00036429_rank404,547,896,0.48741,355
ILSVRC2012_val_00017184_with_ILSVRC2012_val_00030778_rank108,313,313,0.12909,0
ILSVRC2012_val_00017184_with_ILSVRC2012_val_00041316_rank239,117,117,0.62195,0
ILSVRC2012_val_00017184_with_ILSVRC2012_val_00030083_rank467,166,166,0.26542,0
ILSVRC2012_val_00017184_with_ILSVRC2012_val_00009135_rank400,655,894,0.12101,58
ILSVRC2012_val_00017184_with_ILSVRC2012_val_00006722_rank373,149,149,0.31321,0
ILSVRC2012_val_00017184_with_ILSVRC2012_val_00006905_rank989,731,731,0.86301,0
ILSVRC2012_val_00017184_with_ILSVRC2012_val_00018289_rank050,923,896,0.36558,87
ILSVRC2012_val_00017184_with_ILSVRC2012_val_00001740_rank370,327,327,0.88366,0
ILSVRC2012_val_00017184_with_ILSVRC2012_val_00004051_rank141,110,719,0.53707,471
ILSVRC2012_val_00017184_with_ILSVRC2012_val_00020943_rank040,31,31,0.77445,0
ILSVRC2012_val_00017184_with_ILSVRC2012_val_00010167_rank729,775,452,0.49975,282
ILSVRC2012_val_00017184_with_ILSVRC2012_val_00025027_rank140,140,140,0.36048,0
ILSVRC2012_val_00017184_with_ILSVRC2012_val_00015400_rank012,956,956,0.4768,0
ILSVRC2012_val_00017184_with_ILSVRC2012_val_00032638_rank211,992,896,0.43449,898
ILSVRC2012_val_00017184_with_ILSVRC2012_val_00040330_rank433,512,896,0.35075,80
ILSVRC2012_val_00017184_with_ILSVRC2012_val_00011421_rank261,531,531,0.72721,0
ILSVRC2012_val_00017184_with_ILSVRC2012_val_00027141_rank539,894,896,0.34173,23
ILSVRC2012_val_00017184_with_ILSVRC2012_val_00039864_rank899,573,896,0.29933,679
ILSVRC2012_val_00017184_with_ILSVRC2012_val_00018952_rank035,107,896,0.53999,434
ILSVRC2012_val_00017184_with_ILSVRC2012_val_00035260_rank521,194,194,0.38158,0
ILSVRC2012_val_00017184_with_ILSVRC2012_val_00005244_rank590,26,50,0.77979,127
ILSVRC2012_val_00017184_with_ILSVRC2012_val_00008934_rank086,136,23,0.1557,33
ILSVRC2012_val_00017184_with_ILSVRC2012_val_00021175_rank149,973,896,0.21612,951
ILSVRC2012_val_00017184_with_ILSVRC2012_val_00036532_rank069,990,990,0.80507,0
ILSVRC2012_val_00017184_with_ILSVRC2012_val_00003555_rank635,739,622,0.17622,771
ILSVRC2012_val_00017184_with_ILSVRC2012_val_00012630_rank685,996,996,0.36842,0
ILSVRC2012_val_00017184_with_ILSVRC2012_val_00027471_rank657,335,285,0.06595,94
ILSVRC2012_val_00017184_with_ILSVRC2012_val_00010796_rank983,450,518,0.8448,18
ILSVRC2012_val_00017184_with_ILSVRC2012_val_00035237_rank649,575,575,0.57308,0
ILSVRC2012_val_00017184_with_ILSVRC2012_val_00010853_rank666,366,366,0.85839,0
ILSVRC2012_val_00017184_with_ILSVRC2012_val_00000516_rank192,567,747,0.72036,61
ILSVRC2012_val_00017184_with_ILSVRC2012_val_00040994_rank816,820,894,0.218,551
ILSVRC2012_val_00017184_with_ILSVRC2012_val_00029890_rank224,364,896,0.1863,552
ILSVRC2012_val_00017184_with_ILSVRC2012_val_00033935_rank149,973,896,0.29165,951
ILSVRC2012_val_00017184_with_ILSVRC2012_val_00030175_rank494,69,69,0.91648,0
ILSVRC2012_val_00017184_with_ILSVRC2012_val_00001232_rank234,351,351,0.44928,0
ILSVRC2012_val_00017184_with_ILSVRC2012_val_00025808_rank275,515,518,0.17552,7
ILSVRC2012_val_00017184_with_ILSVRC2012_val_00041131_rank593,501,399,0.65204,1
ILSVRC2012_val_00017184_with_ILSVRC2012_val_00029827_rank046,64,64,0.84489,0
ILSVRC2012_val_00017184_with_ILSVRC2012_val_00013264_rank199,373,374,0.41593,3
ILSVRC2012_val_00017184_with_ILSVRC2012_val_00015006_rank617,787,894,0.21731,382
ILSVRC2012_val_00017184_with_ILSVRC2012_val_00017844_rank920,615,615,0.61186,0
ILSVRC2012_val_00017184_with_ILSVRC2012_val_00019000_rank170,752,896,0.35477,594
ILSVRC2012_val_00017184_with_ILSVRC2012_val_00024203_rank344,746,746,0.77209,0
ILSVRC2012_val_00017184_with_ILSVRC2012_val_00034159_rank777,703,703,0.8943,0
ILSVRC2012_val_00017184_with_ILSVRC2012_val_00021057_rank237,505,505,0.49416,0
ILSVRC2012_val_00017184_with_ILSVRC2012_val_00043515_rank358,126,894,0.1084,458
ILSVRC2012_val_00017184_with_ILSVRC2012_val_00032139_rank096,115,112,0.05372,29
ILSVRC2012_val_00017184_with_ILSVRC2012_val_00032899_rank377,735,796,0.11677,19
ILSVRC2012_val_00017184_with_ILSVRC2012_val_00022877_rank722,684,560,0.20361,51
ILSVRC2012_val_00017184_with_ILSVRC2012_val_00031746_rank335,504,968,0.61735,1
ILSVRC2012_val_00017184_with_ILSVRC2012_val_00018957_rank928,407,407,0.85471,0
ILSVRC2012_val_00017184_with_ILSVRC2012_val_00029145_rank994,556,894,0.1748,66
ILSVRC2012_val_00017184_with_ILSVRC2012_val_00003622_rank153,440,907,0.53205,2
ILSVRC2012_val_00017184_with_ILSVRC2012_val_00041905_rank964,355,355,0.82358,0
ILSVRC2012_val_00017184_with_ILSVRC2012_val_00015200_rank961,656,894,0.06436,222
ILSVRC2012_val_00017184_with_ILSVRC2012_val_00037584_rank518,405,896,0.88302,372
ILSVRC2012_val_00017184_with_ILSVRC2012_val_00039650_rank347,846,846,0.42421,0
ILSVRC2012_val_00017184_with_ILSVRC2012_val_00030595_rank628,260,174,0.3509,10
ILSVRC2012_val_00017184_with_ILSVRC2012_val_00004013_rank734,386,386,0.54048,0
ILSVRC2012_val_00017184_with_ILSVRC2012_val_00049395_rank841,51,51,0.86174,0
ILSVRC2012_val_00017184_with_ILSVRC2012_val_00004054_rank297,513,896,0.75195,231
ILSVRC2012_val_00017184_with_ILSVRC2012_val_00021341_rank493,98,87,0.30499,228
ILSVRC2012_val_00017184_with_ILSVRC2012_val_00027199_rank782,516,896,0.26455,64
ILSVRC2012_val_00017184_with_ILSVRC2012_val_00023244_rank477,77,77,0.17194,0
ILSVRC2012_val_00017184_with_ILSVRC2012_val_00024412_rank021,725,725,0.61311,0
ILSVRC2012_val_00017184_with_ILSVRC2012_val_00047698_rank198,563,896,0.80428,368
ILSVRC2012_val_00017184_with_ILSVRC2012_val_00042607_rank979,811,195,0.35031,151
ILSVRC2012_val_00017184_with_ILSVRC2012_val_00036142_rank033,939,939,0.85427,0
ILSVRC2012_val_00017184_with_ILSVRC2012_val_00029987_rank677,601,526,0.22388,549
ILSVRC2012_val_00017184_with_ILSVRC2012_val_00024014_rank346,303,896,0.37431,835
ILSVRC2012_val_00017184_with_ILSVRC2012_val_00040381_rank326,151,151,0.32025,0
ILSVRC2012_val_00017184_with_ILSVRC2012_val_00040992_rank645,475,475,0.7098,0
ILSVRC2012_val_00017184_with_ILSVRC2012_val_00003901_rank957,785,596,0.10935,263
ILSVRC2012_val_00017184_with_ILSVRC2012_val_00002581_rank729,775,894,0.17895,188
ILSVRC2012_val_00017184_with_ILSVRC2012_val_00010500_rank948,249,249,0.49412,0
ILSVRC2012_val_00017184_with_ILSVRC2012_val_00008227_rank688,842,5,0.29052,642
ILSVRC2012_val_00017184_with_ILSVRC2012_val_00018542_rank433,512,512,0.76567,0
ILSVRC2012_val_00017184_with_ILSVRC2012_val_00038837_rank604,756,756,0.60745,0
ILSVRC2012_val_00017184_with_ILSVRC2012_val_00008306_rank464,885,894,0.23989,110
ILSVRC2012_val_00017184_with_ILSVRC2012_val_00047919_rank818,264,264,0.8574,0
ILSVRC2012_val_00017184_with_ILSVRC2012_val_00032902_rank341,78,78,0.87305,0
ILSVRC2012_val_00017184_with_ILSVRC2012_val_00045111_rank531,806,253,0.36971,377
ILSVRC2012_val_00017184_with_ILSVRC2012_val_00012240_rank034,938,959,0.30046,21
ILSVRC2012_val_00017184_with_ILSVRC2012_val_00021510_rank331,549,456,0.14744,236
ILSVRC2012_val_00017184_with_ILSVRC2012_val_00025638_rank456,343,343,0.80885,0
ILSVRC2012_val_00017184_with_ILSVRC2012_val_00028121_rank859,781,892,0.26173,80
ILSVRC2012_val_00017184_with_ILSVRC2012_val_00000198_rank092,16,16,0.80009,0
ILSVRC2012_val_00017184_with_ILSVRC2012_val_00022401_rank850,670,526,0.1836,80
ILSVRC2012_val_00017184_with_ILSVRC2012_val_00003498_rank015,325,325,0.81466,0
ILSVRC2012_val_00017184_with_ILSVRC2012_val_00048871_rank683,532,532,0.76335,0
ILSVRC2012_val_00017184_with_ILSVRC2012_val_00041010_rank042,944,944,0.39951,0
ILSVRC2012_val_00017184_with_ILSVRC2012_val_00038626_rank760,242,896,0.1664,600
ILSVRC2012_val_00017184_with_ILSVRC2012_val_00008884_rank717,461,461,0.66958,0
ILSVRC2012_val_00017184_with_ILSVRC2012_val_00027866_rank980,150,150,0.8692,0
ILSVRC2012_val_00017184_with_ILSVRC2012_val_00028203_rank200,530,530,0.87309,0
ILSVRC2012_val_00017184_with_ILSVRC2012_val_00045240_rank541,502,788,0.11278,3
ILSVRC2012_val_00017184_with_ILSVRC2012_val_00010113_rank946,255,255,0.63931,0
ILSVRC2012_val_00017184_with_ILSVRC2012_val_00026093_rank052,572,572,0.88786,0
ILSVRC2012_val_00017184_with_ILSVRC2012_val_00019989_rank550,73,73,0.23854,0
ILSVRC2012_val_00017184_with_ILSVRC2012_val_00041384_rank968,229,87,0.50107,118
ILSVRC2012_val_00017184_with_ILSVRC2012_val_00045470_rank877,477,477,0.83179,0
ILSVRC2012_val_00017184_with_ILSVRC2012_val_00016195_rank287,99,896,0.08056,695
ILSVRC2012_val_00017184_with_ILSVRC2012_val_00016558_rank901,805,805,0.83898,0
ILSVRC2012_val_00017184_with_ILSVRC2012_val_00023495_rank255,803,609,0.51744,17
ILSVRC2012_val_00017184_with_ILSVRC2012_val_00024723_rank754,206,894,0.06524,750
ILSVRC2012_val_00017184_with_ILSVRC2012_val_00011420_rank092,16,16,0.77563,0
ILSVRC2012_val_00017184_with_ILSVRC2012_val_00041730_rank444,44,44,0.85131,0
ILSVRC2012_val_00017184_with_ILSVRC2012_val_00001509_rank910,356,359,0.55207,3
ILSVRC2012_val_00017184_with_ILSVRC2012_val_00018948_rank436,4,4,0.14897,0
ILSVRC2012_val_00017184_with_ILSVRC2012_val_00003193_rank411,387,103,0.28358,79
ILSVRC2012_val_00017184_with_ILSVRC2012_val_00033282_rank111,398,398,0.78548,0
ILSVRC2012_val_00017184_with_ILSVRC2012_val_00010562_rank135,316,36,0.08594,82
ILSVRC2012_val_00017184_with_ILSVRC2012_val_00048797_rank989,731,731,0.88579,0
ILSVRC2012_val_00017184_with_ILSVRC2012_val_00022899_rank761,821,896,0.18441,806
ILSVRC2012_val_00017184_with_ILSVRC2012_val_00040546_rank888,217,217,0.71475,0
ILSVRC2012_val_00017184_with_ILSVRC2012_val_00014636_rank580,205,205,0.8163,0
ILSVRC2012_val_00017184_with_ILSVRC2012_val_00014913_rank851,170,170,0.3981,0
ILSVRC2012_val_00017184_with_ILSVRC2012_val_00014567_rank635,739,739,0.66261,0
ILSVRC2012_val_00017184_with_ILSVRC2012_val_00049044_rank434,268,268,0.88825,0
ILSVRC2012_val_00017184_with_ILSVRC2012_val_00034304_rank313,437,448,0.1841,49
ILSVRC2012_val_00017184_with_ILSVRC2012_val_00004243_rank016,11,11,0.67897,0
ILSVRC2012_val_00017184_with_ILSVRC2012_val_00044238_rank493,98,98,0.80533,0
ILSVRC2012_val_00017184_with_ILSVRC2012_val_00046075_rank506,854,896,0.20695,693
ILSVRC2012_val_00017184_with_ILSVRC2012_val_00046657_rank401,181,181,0.92255,0
ILSVRC2012_val_00017184_with_ILSVRC2012_val_00037283_rank701,727,896,0.20714,567
ILSVRC2012_val_00017184_with_ILSVRC2012_val_00011272_rank175,641,641,0.8494,0
ILSVRC2012_val_00017184_with_ILSVRC2012_val_00013901_rank317,146,146,0.49641,0
ILSVRC2012_val_00017184_with_ILSVRC2012_val_00017403_rank636,425,896,0.30822,780
ILSVRC2012_val_00017184_with_ILSVRC2012_val_00022823_rank292,832,894,0.21742,633
ILSVRC2012_val_00017184_with_ILSVRC2012_val_00005165_rank957,785,608,0.61412,76
ILSVRC2012_val_00017184_with_ILSVRC2012_val_00046206_rank970,212,164,0.40766,12
ILSVRC2012_val_00017184_with_ILSVRC2012_val_00022167_rank026,989,896,0.23881,809
ILSVRC2012_val_00017184_with_ILSVRC2012_val_00021513_rank051,317,896,0.38937,926
ILSVRC2012_val_00017184_with_ILSVRC2012_val_00032900_rank697,887,894,0.21434,39
ILSVRC2012_val_00017184_with_ILSVRC2012_val_00031245_rank604,756,412,0.34388,3
ILSVRC2012_val_00017184_with_ILSVRC2012_val_00032277_rank803,196,200,0.46348,15
ILSVRC2012_val_00017184_with_ILSVRC2012_val_00027045_rank164,696,696,0.67011,0
ILSVRC2012_val_00017184_with_ILSVRC2012_val_00006314_rank804,195,195,0.45971,0
ILSVRC2012_val_00017184_with_ILSVRC2012_val_00043028_rank384,870,870,0.88463,0
ILSVRC2012_val_00017184_with_ILSVRC2012_val_00009653_rank978,705,867,0.13224,16
ILSVRC2012_val_00017184_with_ILSVRC2012_val_00045365_rank881,708,896,0.34167,17
ILSVRC2012_val_00017184_with_ILSVRC2012_val_00019403_rank130,397,397,0.5414,0
ILSVRC2012_val_00017184_with_ILSVRC2012_val_00037334_rank686,346,345,0.34265,1
ILSVRC2012_val_00017184_with_ILSVRC2012_val_00017942_rank191,311,311,0.45023,0
ILSVRC2012_val_00017184_with_ILSVRC2012_val_00035726_rank221,94,94,0.88505,0
ILSVRC2012_val_00017184_with_ILSVRC2012_val_00031074_rank143,896,896,0.52106,0
ILSVRC2012_val_00017184_with_ILSVRC2012_val_00000880_rank158,17,17,0.8539,0
ILSVRC2012_val_00017184_with_ILSVRC2012_val_00008364_rank325,131,131,0.85856,0
ILSVRC2012_val_00017184_with_ILSVRC2012_val_00030540_rank773,216,216,0.22122,0
ILSVRC2012_val_00017184_with_ILSVRC2012_val_00011728_rank326,151,151,0.92774,0
ILSVRC2012_val_00017184_with_ILSVRC2012_val_00023639_rank164,696,589,0.21668,279
ILSVRC2012_val_00017184_with_ILSVRC2012_val_00006514_rank253,322,326,0.76838,1
ILSVRC2012_val_00017184_with_ILSVRC2012_val_00043287_rank752,652,894,0.26602,679
ILSVRC2012_val_00017184_with_ILSVRC2012_val_00035764_rank759,169,169,0.76861,0
ILSVRC2012_val_00017184_with_ILSVRC2012_val_00024102_rank268,32,103,0.29798,67
ILSVRC2012_val_00017184_with_ILSVRC2012_val_00042082_rank304,53,896,0.38066,472
ILSVRC2012_val_00017184_with_ILSVRC2012_val_00004669_rank373,149,87,0.30992,375
ILSVRC2012_val_00017184_with_ILSVRC2012_val_00017916_rank251,19,19,0.88166,0
ILSVRC2012_val_00017184_with_ILSVRC2012_val_00037710_rank493,98,896,0.61054,658
ILSVRC2012_val_00017184_with_ILSVRC2012_val_00046356_rank065,90,90,0.21684,0
ILSVRC2012_val_00017184_with_ILSVRC2012_val_00031121_rank269,259,185,0.16518,28
ILSVRC2012_val_00017184_with_ILSVRC2012_val_00009258_rank395,859,859,0.73174,0
ILSVRC2012_val_00017184_with_ILSVRC2012_val_00011826_rank460,909,896,0.41306,17
ILSVRC2012_val_00017184_with_ILSVRC2012_val_00040172_rank688,842,526,0.17809,610
ILSVRC2012_val_00017184_with_ILSVRC2012_val_00038160_rank165,12,8,0.41038,26
ILSVRC2012_val_00017184_with_ILSVRC2012_val_00024677_rank543,230,896,0.26111,857
ILSVRC2012_val_00017184_with_ILSVRC2012_val_00005153_rank644,377,377,0.90268,0
ILSVRC2012_val_00017184_with_ILSVRC2012_val_00009076_rank014,986,532,0.87453,521
ILSVRC2012_val_00017184_with_ILSVRC2012_val_00030157_rank716,465,615,0.231,6
ILSVRC2012_val_00017184_with_ILSVRC2012_val_00005387_rank703,279,279,0.83069,0
ILSVRC2012_val_00017184_with_ILSVRC2012_val_00040958_rank241,108,896,0.59018,791
ILSVRC2012_val_00017184_with_ILSVRC2012_val_00021300_rank116,14,14,0.84353,0
ILSVRC2012_val_00017184_with_ILSVRC2012_val_00048495_rank362,663,896,0.6761,207
ILSVRC2012_val_00017184_with_ILSVRC2012_val_00028171_rank963,471,471,0.93521,0
ILSVRC2012_val_00017184_with_ILSVRC2012_val_00030364_rank417,253,253,0.64282,0
ILSVRC2012_val_00017184_with_ILSVRC2012_val_00014767_rank047,971,971,0.39912,0
ILSVRC2012_val_00017184_with_ILSVRC2012_val_00001170_rank808,653,653,0.75068,0
ILSVRC2012_val_00017184_with_ILSVRC2012_val_00024080_rank555,102,102,0.53,0
ILSVRC2012_val_00017184_with_ILSVRC2012_val_00008684_rank271,147,34,0.43848,3
ILSVRC2012_val_00017184_with_ILSVRC2012_val_00022381_rank077,113,113,0.2234,0
ILSVRC2012_val_00017184_with_ILSVRC2012_val_00028804_rank187,793,793,0.37722,0
ILSVRC2012_val_00017184_with_ILSVRC2012_val_00009877_rank975,238,238,0.47359,0
ILSVRC2012_val_00017184_with_ILSVRC2012_val_00025979_rank065,90,90,0.80984,0
ILSVRC2012_val_00017184_with_ILSVRC2012_val_00041289_rank371,759,759,0.26779,0
ILSVRC2012_val_00017184_with_ILSVRC2012_val_00046702_rank571,298,39,0.33422,53
ILSVRC2012_val_00017184_with_ILSVRC2012_val_00014341_rank292,832,832,0.29083,0
ILSVRC2012_val_00017184_with_ILSVRC2012_val_00042823_rank798,912,87,0.48462,911
ILSVRC2012_val_00017184_with_ILSVRC2012_val_00029338_rank402,769,894,0.11648,281
ILSVRC2012_val_00017184_with_ILSVRC2012_val_00043738_rank859,781,754,0.11077,49
ILSVRC2012_val_00017184_with_ILSVRC2012_val_00016025_rank609,558,418,0.10177,30
ILSVRC2012_val_00017184_with_ILSVRC2012_val_00035773_rank507,642,642,0.89796,0
ILSVRC2012_val_00017184_with_ILSVRC2012_val_00040552_rank784,902,532,0.12983,889
ILSVRC2012_val_00017184_with_ILSVRC2012_val_00046321_rank809,754,651,0.54491,33
ILSVRC2012_val_00017184_with_ILSVRC2012_val_00045848_rank346,303,303,0.82387,0
ILSVRC2012_val_00017184_with_ILSVRC2012_val_00006067_rank032,967,896,0.45791,51
ILSVRC2012_val_00017184_with_ILSVRC2012_val_00046082_rank569,841,841,0.91266,0
ILSVRC2012_val_00017184_with_ILSVRC2012_val_00013561_rank712,747,747,0.8905,0
ILSVRC2012_val_00017184_with_ILSVRC2012_val_00024654_rank168,590,664,0.13322,26
ILSVRC2012_val_00017184_with_ILSVRC2012_val_00002802_rank480,87,87,0.872,0
ILSVRC2012_val_00017184_with_ILSVRC2012_val_00014323_rank534,698,896,0.114,461
ILSVRC2012_val_00017184_with_ILSVRC2012_val_00049441_rank967,412,896,0.3815,41
ILSVRC2012_val_00017184_with_ILSVRC2012_val_00023778_rank383,9,896,0.86251,697
ILSVRC2012_val_00017184_with_ILSVRC2012_val_00042064_rank787,690,346,0.27642,3
ILSVRC2012_val_00017184_with_ILSVRC2012_val_00035945_rank524,871,896,0.54313,118
ILSVRC2012_val_00017184_with_ILSVRC2012_val_00045168_rank979,811,632,0.31468,7
ILSVRC2012_val_00017184_with_ILSVRC2012_val_00024630_rank483,81,34,0.10404,164
ILSVRC2012_val_00017184_with_ILSVRC2012_val_00046346_rank302,39,39,0.80651,0
ILSVRC2012_val_00017184_with_ILSVRC2012_val_00017677_rank066,312,303,0.3124,7
ILSVRC2012_val_00017184_with_ILSVRC2012_val_00006249_rank089,711,589,0.48828,156
ILSVRC2012_val_00017184_with_ILSVRC2012_val_00013512_rank217,13,13,0.60582,0
ILSVRC2012_val_00017184_with_ILSVRC2012_val_00022370_rank693,400,667,0.855,1
ILSVRC2012_val_00017184_with_ILSVRC2012_val_00001662_rank350,37,37,0.81914,0
ILSVRC2012_val_00017184_with_ILSVRC2012_val_00039321_rank820,726,726,0.87292,0
ILSVRC2012_val_00017184_with_ILSVRC2012_val_00022856_rank947,198,196,0.45771,2
ILSVRC2012_val_00017184_with_ILSVRC2012_val_00036932_rank804,195,245,0.3609,1
ILSVRC2012_val_00017184_with_ILSVRC2012_val_00041198_rank707,613,613,0.89506,0
ILSVRC2012_val_00017184_with_ILSVRC2012_val_00030805_rank656,710,710,0.69128,0
ILSVRC2012_val_00017184_with_ILSVRC2012_val_00016881_rank529,375,375,0.9015,0
ILSVRC2012_val_00017184_with_ILSVRC2012_val_00017258_rank528,492,492,0.28867,0
ILSVRC2012_val_00017184_with_ILSVRC2012_val_00015007_rank432,963,963,0.91896,0
ILSVRC2012_val_00017184_with_ILSVRC2012_val_00011383_rank035,107,896,0.42056,434
ILSVRC2012_val_00017184_with_ILSVRC2012_val_00000761_rank137,533,434,0.80199,11
ILSVRC2012_val_00017184_with_ILSVRC2012_val_00013165_rank532,750,896,0.28921,155
ILSVRC2012_val_00017184_with_ILSVRC2012_val_00037704_rank696,337,337,0.44207,0
ILSVRC2012_val_00017184_with_ILSVRC2012_val_00029648_rank766,165,165,0.12952,0
ILSVRC2012_val_00017184_with_ILSVRC2012_val_00022392_rank057,59,64,0.66906,2
ILSVRC2012_val_00017184_with_ILSVRC2012_val_00023044_rank378,489,489,0.26187,0
ILSVRC2012_val_00017184_with_ILSVRC2012_val_00020704_rank635,739,896,0.6573,23
ILSVRC2012_val_00017184_with_ILSVRC2012_val_00004184_rank292,832,857,0.12469,21
ILSVRC2012_val_00017184_with_ILSVRC2012_val_00002419_rank504,629,629,0.45014,0
ILSVRC2012_val_00017184_with_ILSVRC2012_val_00037447_rank922,357,357,0.60021,0
ILSVRC2012_val_00017184_with_ILSVRC2012_val_00021811_rank024,959,896,0.22436,175
ILSVRC2012_val_00017184_with_ILSVRC2012_val_00020155_rank338,662,648,0.16928,98
ILSVRC2012_val_00017184_with_ILSVRC2012_val_00017195_rank579,192,192,0.89371,0
ILSVRC2012_val_00017184_with_ILSVRC2012_val_00004937_rank900,807,637,0.2208,305
ILSVRC2012_val_00017184_with_ILSVRC2012_val_00048035_rank489,369,526,0.08283,810
ILSVRC2012_val_00017184_with_ILSVRC2012_val_00003027_rank368,868,896,0.41285,10
ILSVRC2012_val_00017184_with_ILSVRC2012_val_00006850_rank824,880,896,0.35261,433
ILSVRC2012_val_00017184_with_ILSVRC2012_val_00020634_rank995,544,896,0.39353,511
ILSVRC2012_val_00017184_with_ILSVRC2012_val_00023921_rank082,722,896,0.81811,144
ILSVRC2012_val_00017184_with_ILSVRC2012_val_00015266_rank383,9,9,0.22064,0
ILSVRC2012_val_00017184_with_ILSVRC2012_val_00031394_rank607,673,896,0.21931,140
ILSVRC2012_val_00017184_with_ILSVRC2012_val_00031362_rank471,521,521,0.84532,0
ILSVRC2012_val_00017184_with_ILSVRC2012_val_00027322_rank754,206,206,0.77102,0
ILSVRC2012_val_00017184_with_ILSVRC2012_val_00038705_rank953,177,205,0.27543,18
ILSVRC2012_val_00017184_with_ILSVRC2012_val_00005832_rank243,496,496,0.85478,0
ILSVRC2012_val_00017184_with_ILSVRC2012_val_00041765_rank457,816,731,0.34614,12
ILSVRC2012_val_00017184_with_ILSVRC2012_val_00025720_rank608,225,225,0.92038,0
ILSVRC2012_val_00017184_with_ILSVRC2012_val_00002438_rank594,763,763,0.88159,0
ILSVRC2012_val_00017184_with_ILSVRC2012_val_00016988_rank219,2,894,0.41353,861
ILSVRC2012_val_00017184_with_ILSVRC2012_val_00043670_rank658,305,305,0.5941,0
ILSVRC2012_val_00017184_with_ILSVRC2012_val_00042174_rank653,495,648,0.31666,7
ILSVRC2012_val_00017184_with_ILSVRC2012_val_00018057_rank965,413,896,0.24465,485
ILSVRC2012_val_00017184_with_ILSVRC2012_val_00041032_rank363,920,896,0.52119,398
ILSVRC2012_val_00017184_with_ILSVRC2012_val_00006319_rank590,26,34,0.34194,198
ILSVRC2012_val_00017184_with_ILSVRC2012_val_00026631_rank338,662,748,0.15707,93
ILSVRC2012_val_00017184_with_ILSVRC2012_val_00016305_rank646,617,700,0.60822,64
ILSVRC2012_val_00017184_with_ILSVRC2012_val_00000366_rank716,465,465,0.24915,0
ILSVRC2012_val_00017184_with_ILSVRC2012_val_00025286_rank690,636,667,0.07653,209
ILSVRC2012_val_00017184_with_ILSVRC2012_val_00046592_rank690,636,414,0.68194,2
ILSVRC2012_val_00017184_with_ILSVRC2012_val_00011950_rank763,777,788,0.61858,251
ILSVRC2012_val_00017184_with_ILSVRC2012_val_00023460_rank510,428,896,0.71937,77
ILSVRC2012_val_00017184_with_ILSVRC2012_val_00045042_rank330,61,61,0.76713,0
ILSVRC2012_val_00017184_with_ILSVRC2012_val_00044011_rank221,94,94,0.70649,0
ILSVRC2012_val_00017184_with_ILSVRC2012_val_00042065_rank848,616,616,0.77883,0
ILSVRC2012_val_00017184_with_ILSVRC2012_val_00015089_rank470,914,896,0.68484,525
ILSVRC2012_val_00017184_with_ILSVRC2012_val_00048032_rank754,206,206,0.86287,0
ILSVRC2012_val_00017184_with_ILSVRC2012_val_00023352_rank150,142,142,0.85514,0
ILSVRC2012_val_00017184_with_ILSVRC2012_val_00019964_rank568,138,138,0.88039,0
ILSVRC2012_val_00017184_with_ILSVRC2012_val_00023314_rank394,470,896,0.85847,102
ILSVRC2012_val_00017184_with_ILSVRC2012_val_00005482_rank465,300,308,0.52445,6
ILSVRC2012_val_00017184_with_ILSVRC2012_val_00028337_rank048,393,896,0.13642,462
ILSVRC2012_val_00017184_with_ILSVRC2012_val_00031303_rank681,585,898,0.54623,11
ILSVRC2012_val_00017184_with_ILSVRC2012_val_00008287_rank479,127,127,0.87575,0
ILSVRC2012_val_00017184_with_ILSVRC2012_val_00003380_rank521,194,194,0.79843,0
ILSVRC2012_val_00017184_with_ILSVRC2012_val_00047906_rank816,820,820,0.1007,0
ILSVRC2012_val_00017184_with_ILSVRC2012_val_00041000_rank257,173,151,0.24009,9
ILSVRC2012_val_00017184_with_ILSVRC2012_val_00021036_rank378,489,896,0.60248,931
ILSVRC2012_val_00017184_with_ILSVRC2012_val_00012223_rank300,85,85,0.83142,0
ILSVRC2012_val_00017184_with_ILSVRC2012_val_00039260_rank825,765,532,0.3074,2
ILSVRC2012_val_00017184_with_ILSVRC2012_val_00025061_rank191,311,894,0.1671,525
ILSVRC2012_val_00017184_with_ILSVRC2012_val_00042891_rank629,675,859,0.89713,483
ILSVRC2012_val_00017184_with_ILSVRC2012_val_00049791_rank962,743,894,0.24561,210
ILSVRC2012_val_00017184_with_ILSVRC2012_val_00035004_rank295,578,896,0.37076,267
ILSVRC2012_val_00017184_with_ILSVRC2012_val_00002482_rank525,443,545,0.27588,252
ILSVRC2012_val_00017184_with_ILSVRC2012_val_00045037_rank740,372,374,0.36465,4
ILSVRC2012_val_00017184_with_ILSVRC2012_val_00040400_rank723,219,219,0.6882,0
ILSVRC2012_val_00017184_with_ILSVRC2012_val_00018751_rank109,815,896,0.27934,387
ILSVRC2012_val_00017184_with_ILSVRC2012_val_00026052_rank923,657,744,0.32162,1
ILSVRC2012_val_00017184_with_ILSVRC2012_val_00035775_rank683,532,894,0.29773,45
ILSVRC2012_val_00017184_with_ILSVRC2012_val_00013463_rank797,191,191,0.68538,0
ILSVRC2012_val_00017184_with_ILSVRC2012_val_00015101_rank548,435,896,0.80744,2
ILSVRC2012_val_00017184_with_ILSVRC2012_val_00043733_rank683,532,896,0.87208,26
ILSVRC2012_val_00017184_with_ILSVRC2012_val_00016242_rank261,531,531,0.23881,0
ILSVRC2012_val_00017184_with_ILSVRC2012_val_00005950_rank362,663,896,0.47993,207
ILSVRC2012_val_00017184_with_ILSVRC2012_val_00032921_rank153,440,907,0.44079,2
ILSVRC2012_val_00017184_with_ILSVRC2012_val_00016452_rank720,645,526,0.16098,928
ILSVRC2012_val_00017184_with_ILSVRC2012_val_00010529_rank240,714,896,0.1455,560
ILSVRC2012_val_00017184_with_ILSVRC2012_val_00034038_rank152,3,3,0.46486,0
ILSVRC2012_val_00017184_with_ILSVRC2012_val_00020239_rank264,83,896,0.20707,915
ILSVRC2012_val_00017184_with_ILSVRC2012_val_00006448_rank689,388,388,0.85995,0
ILSVRC2012_val_00017184_with_ILSVRC2012_val_00047151_rank489,369,369,0.85215,0
ILSVRC2012_val_00017184_with_ILSVRC2012_val_00039053_rank420,497,526,0.20864,576
ILSVRC2012_val_00017184_with_ILSVRC2012_val_00030909_rank216,720,700,0.27225,141
ILSVRC2012_val_00017184_with_ILSVRC2012_val_00040777_rank304,53,53,0.4161,0
ILSVRC2012_val_00017184_with_ILSVRC2012_val_00020338_rank027,933,894,0.40781,548
ILSVRC2012_val_00017184_with_ILSVRC2012_val_00046124_rank803,196,196,0.81342,0
ILSVRC2012_val_00017184_with_ILSVRC2012_val_00026692_rank766,165,165,0.59705,0
ILSVRC2012_val_00017184_with_ILSVRC2012_val_00023274_rank177,679,711,0.12876,6
ILSVRC2012_val_00017184_with_ILSVRC2012_val_00012178_rank154,22,23,0.41146,2
ILSVRC2012_val_00017184_with_ILSVRC2012_val_00002173_rank592,796,796,0.72592,0
ILSVRC2012_val_00017184_with_ILSVRC2012_val_00040332_rank819,847,471,0.25858,2
ILSVRC2012_val_00017184_with_ILSVRC2012_val_00015721_rank061,46,46,0.27885,0
ILSVRC2012_val_00017184_with_ILSVRC2012_val_00021099_rank878,423,896,0.25014,22
ILSVRC2012_val_00017184_with_ILSVRC2012_val_00019214_rank415,483,483,0.07733,0
ILSVRC2012_val_00017184_with_ILSVRC2012_val_00041700_rank789,234,234,0.80719,0
ILSVRC2012_val_00017184_with_ILSVRC2012_val_00035896_rank690,636,748,0.53048,1
ILSVRC2012_val_00017184_with_ILSVRC2012_val_00048567_rank952,523,894,0.13941,312
ILSVRC2012_val_00017184_with_ILSVRC2012_val_00024837_rank297,513,896,0.74845,231
ILSVRC2012_val_00017184_with_ILSVRC2012_val_00035363_rank150,142,896,0.29293,698
ILSVRC2012_val_00017184_with_ILSVRC2012_val_00024699_rank243,496,496,0.89622,0
ILSVRC2012_val_00017184_with_ILSVRC2012_val_00010452_rank014,986,896,0.32696,882
ILSVRC2012_val_00017184_with_ILSVRC2012_val_00033869_rank019,852,896,0.22369,655
ILSVRC2012_val_00017184_with_ILSVRC2012_val_00039700_rank818,264,264,0.88236,0
ILSVRC2012_val_00017184_with_ILSVRC2012_val_00010301_rank639,408,896,0.21256,462
ILSVRC2012_val_00017184_with_ILSVRC2012_val_00032820_rank704,458,896,0.40829,229
ILSVRC2012_val_00017184_with_ILSVRC2012_val_00045234_rank300,85,85,0.75635,0
ILSVRC2012_val_00017184_with_ILSVRC2012_val_00026462_rank186,139,139,0.82834,0
ILSVRC2012_val_00017184_with_ILSVRC2012_val_00028032_rank233,478,239,0.68152,647
ILSVRC2012_val_00017184_with_ILSVRC2012_val_00037634_rank613,265,265,0.77512,0
ILSVRC2012_val_00017184_with_ILSVRC2012_val_00025680_rank811,178,178,0.89031,0
ILSVRC2012_val_00017184_with_ILSVRC2012_val_00009057_rank759,169,896,0.1458,733
ILSVRC2012_val_00017184_with_ILSVRC2012_val_00000692_rank184,306,306,0.62685,0
ILSVRC2012_val_00017184_with_ILSVRC2012_val_00039967_rank535,329,846,0.07957,635
ILSVRC2012_val_00017184_with_ILSVRC2012_val_00005057_rank898,539,700,0.0835,78
ILSVRC2012_val_00017184_with_ILSVRC2012_val_00046412_rank131,323,323,0.62665,0
ILSVRC2012_val_00017184_with_ILSVRC2012_val_00049591_rank312,892,426,0.854,2
ILSVRC2012_val_00017184_with_ILSVRC2012_val_00003392_rank126,109,894,0.19984,495
ILSVRC2012_val_00017184_with_ILSVRC2012_val_00010898_rank349,845,731,0.49809,59
ILSVRC2012_val_00017184_with_ILSVRC2012_val_00049677_rank012,956,956,0.85655,0
ILSVRC2012_val_00017184_with_ILSVRC2012_val_00014719_rank919,180,180,0.28892,0
ILSVRC2012_val_00017184_with_ILSVRC2012_val_00027021_rank619,686,855,0.32938,10
ILSVRC2012_val_00017184_with_ILSVRC2012_val_00020657_rank045,309,309,0.78968,0
ILSVRC2012_val_00017184_with_ILSVRC2012_val_00003930_rank129,934,934,0.89362,0
ILSVRC2012_val_00017184_with_ILSVRC2012_val_00042690_rank851,170,255,0.15205,14
ILSVRC2012_val_00017184_with_ILSVRC2012_val_00020390_rank575,709,709,0.36855,0
ILSVRC2012_val_00017184_with_ILSVRC2012_val_00044876_rank689,388,388,0.80175,0
ILSVRC2012_val_00017184_with_ILSVRC2012_val_00034737_rank664,182,182,0.69409,0
ILSVRC2012_val_00017184_with_ILSVRC2012_val_00019059_rank910,356,896,0.26081,685
ILSVRC2012_val_00017184_with_ILSVRC2012_val_00033191_rank966,827,651,0.54921,1
ILSVRC2012_val_00017184_with_ILSVRC2012_val_00042329_rank676,729,729,0.75763,0
ILSVRC2012_val_00017184_with_ILSVRC2012_val_00041889_rank241,108,896,0.14104,791
ILSVRC2012_val_00017184_with_ILSVRC2012_val_00043694_rank284,60,896,0.35568,657
ILSVRC2012_val_00017184_with_ILSVRC2012_val_00022780_rank747,331,331,0.37805,0
ILSVRC2012_val_00017184_with_ILSVRC2012_val_00041195_rank979,811,632,0.50984,7
ILSVRC2012_val_00017184_with_ILSVRC2012_val_00000014_rank974,757,757,0.90432,0
ILSVRC2012_val_00017184_with_ILSVRC2012_val_00017083_rank581,429,896,0.70742,943
ILSVRC2012_val_00017184_with_ILSVRC2012_val_00008435_rank732,162,162,0.66538,0
ILSVRC2012_val_00017184_with_ILSVRC2012_val_00033470_rank492,488,896,0.25394,637
ILSVRC2012_val_00017184_with_ILSVRC2012_val_00048727_rank086,136,136,0.58322,0
ILSVRC2012_val_00017184_with_ILSVRC2012_val_00020911_rank596,875,896,0.83936,297
ILSVRC2012_val_00017184_with_ILSVRC2012_val_00036476_rank564,493,493,0.62744,0
ILSVRC2012_val_00017184_with_ILSVRC2012_val_00004269_rank725,52,52,0.3656,0
ILSVRC2012_val_00017184_with_ILSVRC2012_val_00017413_rank741,554,896,0.33584,582
ILSVRC2012_val_00017184_with_ILSVRC2012_val_00031788_rank025,987,894,0.14758,684
ILSVRC2012_val_00017184_with_ILSVRC2012_val_00017086_rank569,841,840,0.28704,544
ILSVRC2012_val_00017184_with_ILSVRC2012_val_00021642_rank872,222,222,0.78054,0
ILSVRC2012_val_00017184_with_ILSVRC2012_val_00008190_rank220,778,778,0.4413,0
ILSVRC2012_val_00017184_with_ILSVRC2012_val_00009632_rank527,640,896,0.45325,72
ILSVRC2012_val_00017184_with_ILSVRC2012_val_00043474_rank887,193,151,0.51741,51
ILSVRC2012_val_00017184_with_ILSVRC2012_val_00026296_rank561,45,894,0.12285,912
ILSVRC2012_val_00017184_with_ILSVRC2012_val_00031304_rank305,135,135,0.85865,0
ILSVRC2012_val_00017184_with_ILSVRC2012_val_00026869_rank354,272,272,0.73447,0
ILSVRC2012_val_00017184_with_ILSVRC2012_val_00011727_rank564,493,493,0.66228,0
ILSVRC2012_val_00017184_with_ILSVRC2012_val_00028665_rank006,952,952,0.65094,0
ILSVRC2012_val_00017184_with_ILSVRC2012_val_00013604_rank497,237,237,0.59823,0
ILSVRC2012_val_00017184_with_ILSVRC2012_val_00042855_rank797,191,191,0.89746,0
ILSVRC2012_val_00017184_with_ILSVRC2012_val_00019120_rank789,234,164,0.34449,20
ILSVRC2012_val_00017184_with_ILSVRC2012_val_00042575_rank090,631,725,0.206,165
ILSVRC2012_val_00017184_with_ILSVRC2012_val_00028283_rank141,110,110,0.15323,0
ILSVRC2012_val_00017184_with_ILSVRC2012_val_00038514_rank083,503,503,0.76041,0
ILSVRC2012_val_00017184_with_ILSVRC2012_val_00041919_rank268,32,32,0.37433,0
ILSVRC2012_val_00017184_with_ILSVRC2012_val_00002821_rank868,688,771,0.32161,38
ILSVRC2012_val_00017184_with_ILSVRC2012_val_00016356_rank646,617,617,0.67289,0
ILSVRC2012_val_00017184_with_ILSVRC2012_val_00015875_rank352,901,899,0.30616,3
ILSVRC2012_val_00017184_with_ILSVRC2012_val_00025965_rank277,448,448,0.84517,0
ILSVRC2012_val_00017184_with_ILSVRC2012_val_00025673_rank702,637,896,0.15763,99
ILSVRC2012_val_00017184_with_ILSVRC2012_val_00017847_rank918,609,745,0.43503,142
ILSVRC2012_val_00017184_with_ILSVRC2012_val_00026995_rank529,375,379,0.20456,7
ILSVRC2012_val_00017184_with_ILSVRC2012_val_00006028_rank547,610,610,0.24726,0
ILSVRC2012_val_00017184_with_ILSVRC2012_val_00034551_rank453,275,896,0.32174,755
ILSVRC2012_val_00017184_with_ILSVRC2012_val_00010612_rank582,267,265,0.62848,2
ILSVRC2012_val_00017184_with_ILSVRC2012_val_00026565_rank334,528,528,0.77523,0
ILSVRC2012_val_00017184_with_ILSVRC2012_val_00047118_rank829,299,299,0.81272,0
ILSVRC2012_val_00017184_with_ILSVRC2012_val_00011975_rank881,708,896,0.26309,17
ILSVRC2012_val_00017184_with_ILSVRC2012_val_00034647_rank764,42,896,0.39176,928
ILSVRC2012_val_00017184_with_ILSVRC2012_val_00009533_rank119,396,396,0.87051,0
ILSVRC2012_val_00017184_with_ILSVRC2012_val_00022503_rank313,437,896,0.68445,694
ILSVRC2012_val_00017184_with_ILSVRC2012_val_00002024_rank576,171,171,0.45175,0
ILSVRC2012_val_00017184_with_ILSVRC2012_val_00004846_rank343,284,596,0.40082,978
ILSVRC2012_val_00017184_with_ILSVRC2012_val_00037571_rank063,315,313,0.1979,1
ILSVRC2012_val_00017184_with_ILSVRC2012_val_00011751_rank765,157,151,0.42241,7
ILSVRC2012_val_00017184_with_ILSVRC2012_val_00005610_rank572,419,896,0.6354,867
ILSVRC2012_val_00017184_with_ILSVRC2012_val_00034241_rank347,846,846,0.72413,0
ILSVRC2012_val_00017184_with_ILSVRC2012_val_00015749_rank412,122,122,0.90481,0
ILSVRC2012_val_00017184_with_ILSVRC2012_val_00032279_rank471,521,521,0.32891,0
ILSVRC2012_val_00017184_with_ILSVRC2012_val_00036589_rank477,77,77,0.65567,0
ILSVRC2012_val_00017184_with_ILSVRC2012_val_00040949_rank988,439,896,0.27229,835
ILSVRC2012_val_00017184_with_ILSVRC2012_val_00011679_rank245,410,786,0.17282,755
ILSVRC2012_val_00017184_with_ILSVRC2012_val_00007190_rank822,243,243,0.52984,0
ILSVRC2012_val_00017184_with_ILSVRC2012_val_00006495_rank759,169,176,0.23054,1
ILSVRC2012_val_00017184_with_ILSVRC2012_val_00023318_rank110,907,929,0.52475,530
ILSVRC2012_val_00017184_with_ILSVRC2012_val_00042999_rank013,943,943,0.80175,0
ILSVRC2012_val_00017184_with_ILSVRC2012_val_00043996_rank102,659,659,0.41615,0
ILSVRC2012_val_00017184_with_ILSVRC2012_val_00007737_rank374,293,293,0.88526,0
ILSVRC2012_val_00017184_with_ILSVRC2012_val_00012900_rank673,660,526,0.57543,145
ILSVRC2012_val_00017184_with_ILSVRC2012_val_00021134_rank581,429,429,0.92612,0
ILSVRC2012_val_00017184_with_ILSVRC2012_val_00038119_rank358,126,896,0.10578,975
ILSVRC2012_val_00017184_with_ILSVRC2012_val_00012251_rank857,270,383,0.11293,67
ILSVRC2012_val_00017184_with_ILSVRC2012_val_00017105_rank219,2,788,0.14323,854
ILSVRC2012_val_00017184_with_ILSVRC2012_val_00033920_rank942,404,895,0.25496,2
ILSVRC2012_val_00017184_with_ILSVRC2012_val_00032800_rank814,569,569,0.17502,0
ILSVRC2012_val_00017184_with_ILSVRC2012_val_00030839_rank449,474,896,0.35903,517
ILSVRC2012_val_00017184_with_ILSVRC2012_val_00043831_rank042,944,896,0.53123,756
ILSVRC2012_val_00017184_with_ILSVRC2012_val_00036988_rank112,93,93,0.90409,0
ILSVRC2012_val_00017184_with_ILSVRC2012_val_00017073_rank056,599,831,0.55453,918
ILSVRC2012_val_00017184_with_ILSVRC2012_val_00038200_rank109,815,896,0.48067,387
ILSVRC2012_val_00017184_with_ILSVRC2012_val_00045200_rank118,92,95,0.37622,1
ILSVRC2012_val_00017184_with_ILSVRC2012_val_00022764_rank318,70,896,0.25144,904
ILSVRC2012_val_00017184_with_ILSVRC2012_val_00026493_rank995,544,544,0.94229,0
ILSVRC2012_val_00017184_with_ILSVRC2012_val_00013689_rank205,103,103,0.85933,0
ILSVRC2012_val_00017184_with_ILSVRC2012_val_00001389_rank765,157,157,0.47795,0
ILSVRC2012_val_00017184_with_ILSVRC2012_val_00042331_rank650,38,38,0.85628,0
ILSVRC2012_val_00017184_with_ILSVRC2012_val_00032654_rank122,997,997,0.17489,0
ILSVRC2012_val_00017184_with_ILSVRC2012_val_00012107_rank002,950,951,0.44325,1
ILSVRC2012_val_00017184_with_ILSVRC2012_val_00032597_rank356,459,459,0.87878,0
ILSVRC2012_val_00017184_with_ILSVRC2012_val_00029439_rank496,399,399,0.81505,0
ILSVRC2012_val_00017184_with_ILSVRC2012_val_00033874_rank532,750,894,0.52851,11
ILSVRC2012_val_00017184_with_ILSVRC2012_val_00039649_rank784,902,894,0.21634,415
ILSVRC2012_val_00017184_with_ILSVRC2012_val_00030338_rank312,892,635,0.81601,8
ILSVRC2012_val_00017184_with_ILSVRC2012_val_00009770_rank651,669,669,0.72819,0
ILSVRC2012_val_00017184_with_ILSVRC2012_val_00031526_rank291,409,409,0.60925,0
ILSVRC2012_val_00017184_with_ILSVRC2012_val_00024356_rank847,271,271,0.90557,0
ILSVRC2012_val_00017184_with_ILSVRC2012_val_00003209_rank363,920,896,0.35045,398
ILSVRC2012_val_00017184_with_ILSVRC2012_val_00017681_rank237,505,505,0.56726,0
ILSVRC2012_val_00017184_with_ILSVRC2012_val_00018628_rank082,722,896,0.27897,144
ILSVRC2012_val_00017184_with_ILSVRC2012_val_00043442_rank935,227,227,0.64033,0
ILSVRC2012_val_00017184_with_ILSVRC2012_val_00030371_rank561,45,894,0.41147,912
ILSVRC2012_val_00017184_with_ILSVRC2012_val_00044875_rank748,164,164,0.93332,0
ILSVRC2012_val_00017184_with_ILSVRC2012_val_00016483_rank454,281,281,0.3548,0
ILSVRC2012_val_00017184_with_ILSVRC2012_val_00048024_rank155,145,145,0.81486,0
ILSVRC2012_val_00017184_with_ILSVRC2012_val_00008077_rank179,898,671,0.4553,79
ILSVRC2012_val_00017184_with_ILSVRC2012_val_00021448_rank048,393,393,0.45274,0
ILSVRC2012_val_00017184_with_ILSVRC2012_val_00014724_rank253,322,322,0.36905,0
ILSVRC2012_val_00017184_with_ILSVRC2012_val_00029245_rank230,97,97,0.76417,0
ILSVRC2012_val_00017184_with_ILSVRC2012_val_00011817_rank573,748,532,0.09789,456
ILSVRC2012_val_00017184_with_ILSVRC2012_val_00004871_rank291,409,435,0.17175,510
ILSVRC2012_val_00017184_with_ILSVRC2012_val_00029694_rank997,583,583,0.85981,0
ILSVRC2012_val_00017184_with_ILSVRC2012_val_00015334_rank520,154,204,0.07225,3
ILSVRC2012_val_00017184_with_ILSVRC2012_val_00026108_rank115,382,382,0.72529,0
ILSVRC2012_val_00017184_with_ILSVRC2012_val_00003826_rank863,687,687,0.93818,0
ILSVRC2012_val_00017184_with_ILSVRC2012_val_00025342_rank870,568,885,0.67033,20
ILSVRC2012_val_00017184_with_ILSVRC2012_val_00007447_rank029,984,532,0.8479,420
ILSVRC2012_val_00017184_with_ILSVRC2012_val_00048861_rank904,148,148,0.1824,0
ILSVRC2012_val_00017184_with_ILSVRC2012_val_00013659_rank634,874,786,0.23414,243
ILSVRC2012_val_00017184_with_ILSVRC2012_val_00000449_rank675,861,632,0.45196,127
ILSVRC2012_val_00017184_with_ILSVRC2012_val_00036636_rank959,514,731,0.10426,292
ILSVRC2012_val_00017184_with_ILSVRC2012_val_00027034_rank681,585,613,0.23154,82
ILSVRC2012_val_00017184_with_ILSVRC2012_val_00006561_rank603,701,701,0.40518,0
ILSVRC2012_val_00017184_with_ILSVRC2012_val_00015642_rank298,577,896,0.33439,206
ILSVRC2012_val_00017184_with_ILSVRC2012_val_00008440_rank073,998,896,0.22694,748
ILSVRC2012_val_00017184_with_ILSVRC2012_val_00005270_rank295,578,399,0.19667,22
ILSVRC2012_val_00017184_with_ILSVRC2012_val_00004443_rank049,936,936,0.36732,0
ILSVRC2012_val_00017184_with_ILSVRC2012_val_00047896_rank512,245,245,0.88317,0
ILSVRC2012_val_00017184_with_ILSVRC2012_val_00014322_rank892,626,481,0.73714,74
ILSVRC2012_val_00017184_with_ILSVRC2012_val_00007958_rank806,204,155,0.76569,1
ILSVRC2012_val_00017184_with_ILSVRC2012_val_00023810_rank309,292,282,0.52868,1
ILSVRC2012_val_00017184_with_ILSVRC2012_val_00041147_rank560,228,181,0.29543,3
ILSVRC2012_val_00017184_with_ILSVRC2012_val_00041369_rank923,657,744,0.38583,1
ILSVRC2012_val_00017184_with_ILSVRC2012_val_00010041_rank558,394,435,0.25565,616
ILSVRC2012_val_00017184_with_ILSVRC2012_val_00019981_rank756,579,579,0.91917,0
ILSVRC2012_val_00017184_with_ILSVRC2012_val_00028950_rank233,478,778,0.33177,69
ILSVRC2012_val_00017184_with_ILSVRC2012_val_00038439_rank530,770,837,0.22595,40
ILSVRC2012_val_00017184_with_ILSVRC2012_val_00044364_rank399,276,276,0.88367,0
ILSVRC2012_val_00017184_with_ILSVRC2012_val_00044772_rank743,262,225,0.44805,14
ILSVRC2012_val_00017184_with_ILSVRC2012_val_00022182_rank133,850,850,0.46909,0
ILSVRC2012_val_00017184_with_ILSVRC2012_val_00045756_rank572,419,896,0.30683,867
ILSVRC2012_val_00017184_with_ILSVRC2012_val_00020797_rank902,676,894,0.06617,948
ILSVRC2012_val_00017184_with_ILSVRC2012_val_00026259_rank116,14,88,0.56014,20
ILSVRC2012_val_00017184_with_ILSVRC2012_val_00004321_rank027,933,933,0.88439,0
ILSVRC2012_val_00017184_with_ILSVRC2012_val_00019245_rank172,314,896,0.74851,197
ILSVRC2012_val_00017184_with_ILSVRC2012_val_00001028_rank521,194,194,0.65476,0
ILSVRC2012_val_00017184_with_ILSVRC2012_val_00021472_rank237,505,899,0.33566,3
ILSVRC2012_val_00017184_with_ILSVRC2012_val_00037462_rank678,257,222,0.78073,1
ILSVRC2012_val_00017184_with_ILSVRC2012_val_00012171_rank417,253,253,0.31242,0
ILSVRC2012_val_00017184_with_ILSVRC2012_val_00034180_rank327,869,869,0.61929,0
ILSVRC2012_val_00017184_with_ILSVRC2012_val_00003765_rank354,272,277,0.14065,5
ILSVRC2012_val_00017184_with_ILSVRC2012_val_00022300_rank607,673,849,0.21409,117
ILSVRC2012_val_00017184_with_ILSVRC2012_val_00008224_rank477,77,894,0.32367,348
ILSVRC2012_val_00017184_with_ILSVRC2012_val_00016215_rank734,386,197,0.55702,143
ILSVRC2012_val_00017184_with_ILSVRC2012_val_00011201_rank609,558,896,0.39514,555
ILSVRC2012_val_00017184_with_ILSVRC2012_val_00043836_rank248,62,788,0.60328,813
ILSVRC2012_val_00017184_with_ILSVRC2012_val_00048138_rank642,566,566,0.28737,0
ILSVRC2012_val_00017184_with_ILSVRC2012_val_00004203_rank931,466,526,0.39879,96
ILSVRC2012_val_00017184_with_ILSVRC2012_val_00014159_rank904,148,896,0.34293,632
ILSVRC2012_val_00017184_with_ILSVRC2012_val_00033635_rank660,753,753,0.92313,0
ILSVRC2012_val_00017184_with_ILSVRC2012_val_00014279_rank535,329,329,0.55234,0
ILSVRC2012_val_00017184_with_ILSVRC2012_val_00028477_rank968,229,229,0.72599,0
ILSVRC2012_val_00017184_with_ILSVRC2012_val_00007235_rank779,224,223,0.44207,2
ILSVRC2012_val_00017184_with_ILSVRC2012_val_00007042_rank790,972,929,0.25788,924
ILSVRC2012_val_00017184_with_ILSVRC2012_val_00047258_rank483,81,81,0.88218,0
ILSVRC2012_val_00017184_with_ILSVRC2012_val_00009997_rank817,866,894,0.07422,680
ILSVRC2012_val_00017184_with_ILSVRC2012_val_00019623_rank111,398,398,0.62582,0
ILSVRC2012_val_00017184_with_ILSVRC2012_val_00027812_rank364,499,532,0.75739,98
ILSVRC2012_val_00017184_with_ILSVRC2012_val_00022003_rank742,41,896,0.1755,670
ILSVRC2012_val_00017184_with_ILSVRC2012_val_00005884_rank379,390,896,0.41231,807
ILSVRC2012_val_00017184_with_ILSVRC2012_val_00032642_rank138,607,896,0.10451,714
ILSVRC2012_val_00017184_with_ILSVRC2012_val_00038733_rank049,936,936,0.3894,0
ILSVRC2012_val_00017184_with_ILSVRC2012_val_00022362_rank021,725,725,0.35471,0
ILSVRC2012_val_00017184_with_ILSVRC2012_val_00022658_rank050,923,928,0.34286,9
ILSVRC2012_val_00017184_with_ILSVRC2012_val_00049223_rank842,469,894,0.35161,954
ILSVRC2012_val_00017184_with_ILSVRC2012_val_00030579_rank580,205,214,0.24669,4
ILSVRC2012_val_00017184_with_ILSVRC2012_val_00049343_rank597,879,896,0.4836,189
ILSVRC2012_val_00017184_with_ILSVRC2012_val_00022262_rank018,924,924,0.88274,0
ILSVRC2012_val_00017184_with_ILSVRC2012_val_00007558_rank258,65,532,0.25972,584
ILSVRC2012_val_00017184_with_ILSVRC2012_val_00046784_rank361,302,303,0.57078,3
ILSVRC2012_val_00017184_with_ILSVRC2012_val_00047713_rank590,26,894,0.25643,542
ILSVRC2012_val_00017184_with_ILSVRC2012_val_00018860_rank028,942,723,0.49377,687
ILSVRC2012_val_00017184_with_ILSVRC2012_val_00040512_rank961,656,742,0.11599,62
ILSVRC2012_val_00017184_with_ILSVRC2012_val_00029353_rank751,213,213,0.64782,0
ILSVRC2012_val_00017184_with_ILSVRC2012_val_00045759_rank546,831,831,0.32591,0
ILSVRC2012_val_00017184_with_ILSVRC2012_val_00046768_rank948,249,249,0.8786,0
ILSVRC2012_val_00017184_with_ILSVRC2012_val_00018514_rank905,786,526,0.5669,2
ILSVRC2012_val_00017184_with_ILSVRC2012_val_00046126_rank487,473,731,0.21008,73
ILSVRC2012_val_00017184_with_ILSVRC2012_val_00009255_rank127,647,896,0.37392,117
ILSVRC2012_val_00017184_with_ILSVRC2012_val_00035208_rank680,792,459,0.37435,623
ILSVRC2012_val_00017184_with_ILSVRC2012_val_00027829_rank284,60,60,0.23336,0
ILSVRC2012_val_00017184_with_ILSVRC2012_val_00041669_rank304,53,932,0.21756,104
ILSVRC2012_val_00017184_with_ILSVRC2012_val_00003106_rank859,781,896,0.34969,882
ILSVRC2012_val_00017184_with_ILSVRC2012_val_00032667_rank197,18,18,0.82982,0
ILSVRC2012_val_00017184_with_ILSVRC2012_val_00000326_rank263,359,359,0.61541,0
ILSVRC2012_val_00017184_with_ILSVRC2012_val_00009602_rank668,251,251,0.86192,0
ILSVRC2012_val_00017184_with_ILSVRC2012_val_00034594_rank297,513,513,0.16028,0
ILSVRC2012_val_00017184_with_ILSVRC2012_val_00035338_rank293,855,896,0.10378,232
ILSVRC2012_val_00017184_with_ILSVRC2012_val_00049603_rank740,372,373,0.57043,1
ILSVRC2012_val_00017184_with_ILSVRC2012_val_00047000_rank600,68,66,0.68954,1
ILSVRC2012_val_00017184_with_ILSVRC2012_val_00036215_rank983,450,896,0.12118,285
ILSVRC2012_val_00017184_with_ILSVRC2012_val_00045688_rank749,529,896,0.64714,187
ILSVRC2012_val_00017184_with_ILSVRC2012_val_00003439_rank083,503,745,0.64395,808
ILSVRC2012_val_00017184_with_ILSVRC2012_val_00048065_rank790,972,896,0.5566,903
ILSVRC2012_val_00017184_with_ILSVRC2012_val_00008301_rank800,453,896,0.36861,186
ILSVRC2012_val_00017184_with_ILSVRC2012_val_00003556_rank571,298,174,0.29374,592
ILSVRC2012_val_00017184_with_ILSVRC2012_val_00006568_rank204,605,605,0.76172,0
ILSVRC2012_val_00017184_with_ILSVRC2012_val_00006654_rank960,602,896,0.59544,952
ILSVRC2012_val_00017184_with_ILSVRC2012_val_00022416_rank578,919,919,0.14158,0
ILSVRC2012_val_00017184_with_ILSVRC2012_val_00010548_rank636,425,448,0.61156,18
ILSVRC2012_val_00017184_with_ILSVRC2012_val_00015519_rank474,897,894,0.32303,44
ILSVRC2012_val_00017184_with_ILSVRC2012_val_00011855_rank389,791,811,0.14149,382
ILSVRC2012_val_00017184_with_ILSVRC2012_val_00035702_rank523,597,896,0.33027,688
ILSVRC2012_val_00017184_with_ILSVRC2012_val_00035565_rank116,14,14,0.72527,0
ILSVRC2012_val_00017184_with_ILSVRC2012_val_00001781_rank935,227,151,0.35386,13
ILSVRC2012_val_00017184_with_ILSVRC2012_val_00009249_rank102,659,896,0.9594,30
ILSVRC2012_val_00017184_with_ILSVRC2012_val_00001226_rank160,333,333,0.8599,0
ILSVRC2012_val_00017184_with_ILSVRC2012_val_00037476_rank432,963,809,0.23025,26
ILSVRC2012_val_00017184_with_ILSVRC2012_val_00031784_rank571,298,298,0.87927,0
ILSVRC2012_val_00017184_with_ILSVRC2012_val_00045550_rank085,321,321,0.77847,0
ILSVRC2012_val_00017184_with_ILSVRC2012_val_00001807_rank539,894,894,0.40642,0
ILSVRC2012_val_00017184_with_ILSVRC2012_val_00013099_rank384,870,894,0.39314,978
ILSVRC2012_val_00017184_with_ILSVRC2012_val_00047609_rank502,71,71,0.36428,0
ILSVRC2012_val_00017184_with_ILSVRC2012_val_00042554_rank976,862,862,0.22834,0
ILSVRC2012_val_00017184_with_ILSVRC2012_val_00036909_rank242,494,494,0.82618,0
ILSVRC2012_val_00017184_with_ILSVRC2012_val_00003949_rank702,637,747,0.22051,133
ILSVRC2012_val_00017184_with_ILSVRC2012_val_00043129_rank223,588,791,0.28647,20
ILSVRC2012_val_00017184_with_ILSVRC2012_val_00005825_rank330,61,61,0.64497,0
ILSVRC2012_val_00017184_with_ILSVRC2012_val_00019461_rank157,112,363,0.50522,68
ILSVRC2012_val_00017184_with_ILSVRC2012_val_00042205_rank627,186,186,0.81872,0
ILSVRC2012_val_00017184_with_ILSVRC2012_val_00002992_rank746,546,532,0.08978,656
ILSVRC2012_val_00017184_with_ILSVRC2012_val_00023179_rank401,181,181,0.91684,0
ILSVRC2012_val_00017184_with_ILSVRC2012_val_00029516_rank707,613,613,0.8772,0
ILSVRC2012_val_00017184_with_ILSVRC2012_val_00035312_rank372,106,333,0.54326,38
ILSVRC2012_val_00017184_with_ILSVRC2012_val_00018835_rank441,167,896,0.17957,831
ILSVRC2012_val_00017184_with_ILSVRC2012_val_00001977_rank451,623,532,0.1768,183
ILSVRC2012_val_00017184_with_ILSVRC2012_val_00010814_rank702,637,637,0.62227,0
ILSVRC2012_val_00017184_with_ILSVRC2012_val_00036112_rank577,707,707,0.87911,0
ILSVRC2012_val_00017184_with_ILSVRC2012_val_00007812_rank277,448,896,0.90582,404
ILSVRC2012_val_00017184_with_ILSVRC2012_val_00007768_rank076,728,728,0.48669,0
ILSVRC2012_val_00017184_with_ILSVRC2012_val_00042137_rank641,481,526,0.08912,777
ILSVRC2012_val_00017184_with_ILSVRC2012_val_00032280_rank582,267,181,0.75803,4
ILSVRC2012_val_00017184_with_ILSVRC2012_val_00031181_rank562,540,532,0.53605,187
ILSVRC2012_val_00017184_with_ILSVRC2012_val_00046048_rank760,242,247,0.3651,7
ILSVRC2012_val_00017184_with_ILSVRC2012_val_00038638_rank176,91,12,0.40394,28
ILSVRC2012_val_00017184_with_ILSVRC2012_val_00030944_rank427,800,865,0.26114,11
ILSVRC2012_val_00017184_with_ILSVRC2012_val_00018208_rank310,668,668,0.20876,0
ILSVRC2012_val_00017184_with_ILSVRC2012_val_00037733_rank392,283,896,0.45505,77
ILSVRC2012_val_00017184_with_ILSVRC2012_val_00034635_rank315,853,896,0.35468,983
ILSVRC2012_val_00017184_with_ILSVRC2012_val_00033634_rank998,246,251,0.61591,4
ILSVRC2012_val_00017184_with_ILSVRC2012_val_00041453_rank712,747,747,0.85345,0
ILSVRC2012_val_00017184_with_ILSVRC2012_val_00009419_rank176,91,91,0.75855,0
ILSVRC2012_val_00017184_with_ILSVRC2012_val_00042333_rank593,501,896,0.28494,620
ILSVRC2012_val_00017184_with_ILSVRC2012_val_00008306_rank682,837,896,0.58854,294
ILSVRC2012_val_00017184_with_ILSVRC2012_val_00045866_rank206,0,894,0.30114,723
ILSVRC2012_val_00017184_with_ILSVRC2012_val_00015208_rank377,735,735,0.1214,0
ILSVRC2012_val_00017184_with_ILSVRC2012_val_00027256_rank890,190,896,0.30124,680
ILSVRC2012_val_00017184_with_ILSVRC2012_val_00023691_rank419,426,426,0.36812,0
ILSVRC2012_val_00017184_with_ILSVRC2012_val_00015586_rank599,776,896,0.62714,105
ILSVRC2012_val_00017184_with_ILSVRC2012_val_00033148_rank137,533,533,0.22623,0
ILSVRC2012_val_00017184_with_ILSVRC2012_val_00017235_rank876,596,596,0.36857,0
ILSVRC2012_val_00017184_with_ILSVRC2012_val_00015814_rank389,791,791,0.73584,0
ILSVRC2012_val_00017184_with_ILSVRC2012_val_00049286_rank185,132,896,0.39675,878
ILSVRC2012_val_00017184_with_ILSVRC2012_val_00013816_rank365,740,894,0.25794,431
ILSVRC2012_val_00017184_with_ILSVRC2012_val_00008740_rank312,892,897,0.29162,45
ILSVRC2012_val_00017184_with_ILSVRC2012_val_00001759_rank457,816,731,0.80631,12
ILSVRC2012_val_00017184_with_ILSVRC2012_val_00034696_rank398,628,896,0.52825,493
ILSVRC2012_val_00017184_with_ILSVRC2012_val_00036171_rank098,574,574,0.88232,0
ILSVRC2012_val_00017184_with_ILSVRC2012_val_00039553_rank718,282,896,0.17308,231
ILSVRC2012_val_00017184_with_ILSVRC2012_val_00012729_rank225,716,470,0.23134,323
ILSVRC2012_val_00017184_with_ILSVRC2012_val_00041567_rank083,503,896,0.42302,56
ILSVRC2012_val_00017184_with_ILSVRC2012_val_00019354_rank524,871,896,0.35353,118
ILSVRC2012_val_00017184_with_ILSVRC2012_val_00015101_rank382,876,896,0.86927,2
ILSVRC2012_val_00017184_with_ILSVRC2012_val_00037843_rank840,840,840,0.65844,0
ILSVRC2012_val_00017184_with_ILSVRC2012_val_00033265_rank907,344,87,0.26218,517
ILSVRC2012_val_00017184_with_ILSVRC2012_val_00019649_rank109,815,815,0.18967,0
ILSVRC2012_val_00017184_with_ILSVRC2012_val_00035646_rank347,846,846,0.60621,0
ILSVRC2012_val_00017184_with_ILSVRC2012_val_00036802_rank561,45,50,0.35275,16
ILSVRC2012_val_00017184_with_ILSVRC2012_val_00024235_rank206,0,894,0.30114,723
ILSVRC2012_val_00017184_with_ILSVRC2012_val_00014879_rank210,8,8,0.19626,0
ILSVRC2012_val_00017184_with_ILSVRC2012_val_00043081_rank180,129,129,0.24166,0
ILSVRC2012_val_00017184_with_ILSVRC2012_val_00005611_rank651,669,896,0.06307,152
ILSVRC2012_val_00017184_with_ILSVRC2012_val_00008049_rank698,24,24,0.27654,0
ILSVRC2012_val_00017184_with_ILSVRC2012_val_00031186_rank883,571,571,0.77943,0
ILSVRC2012_val_00017184_with_ILSVRC2012_val_00006668_rank708,277,277,0.16896,0
ILSVRC2012_val_00017184_with_ILSVRC2012_val_00021878_rank798,912,894,0.48756,535
ILSVRC2012_val_00017184_with_ILSVRC2012_val_00009375_rank320,520,520,0.58861,0
ILSVRC2012_val_00017184_with_ILSVRC2012_val_00026195_rank940,741,896,0.35676,451
ILSVRC2012_val_00017184_with_ILSVRC2012_val_00018237_rank918,609,436,0.38323,1
ILSVRC2012_val_00017184_with_ILSVRC2012_val_00045024_rank763,777,532,0.11028,164
ILSVRC2012_val_00017184_with_ILSVRC2012_val_00031815_rank622,35,36,0.76479,2
ILSVRC2012_val_00017184_with_ILSVRC2012_val_00008143_rank812,872,872,0.20828,0
ILSVRC2012_val_00017184_with_ILSVRC2012_val_00028636_rank821,365,365,0.77765,0
ILSVRC2012_val_00017184_with_ILSVRC2012_val_00021206_rank724,184,189,0.1735,6
ILSVRC2012_val_00017184_with_ILSVRC2012_val_00021702_rank557,541,502,0.85311,155
ILSVRC2012_val_00017184_with_ILSVRC2012_val_00046884_rank447,418,589,0.24789,113
ILSVRC2012_val_00017184_with_ILSVRC2012_val_00030247_rank017,941,941,0.85918,0
ILSVRC2012_val_00017184_with_ILSVRC2012_val_00048901_rank322,857,857,0.69235,0
ILSVRC2012_val_00017184_with_ILSVRC2012_val_00029828_rank541,502,788,0.76357,3
ILSVRC2012_val_00017184_with_ILSVRC2012_val_00012166_rank568,138,138,0.85294,0
ILSVRC2012_val_00017184_with_ILSVRC2012_val_00037830_rank649,575,609,0.15594,7
ILSVRC2012_val_00017184_with_ILSVRC2012_val_00035907_rank756,579,579,0.48447,0
ILSVRC2012_val_00017184_with_ILSVRC2012_val_00010595_rank134,438,438,0.23626,0
ILSVRC2012_val_00017184_with_ILSVRC2012_val_00007857_rank588,552,552,0.74608,0
ILSVRC2012_val_00017184_with_ILSVRC2012_val_00013479_rank874,248,896,0.46375,451
ILSVRC2012_val_00017184_with_ILSVRC2012_val_00046062_rank427,800,800,0.60874,0
ILSVRC2012_val_00017184_with_ILSVRC2012_val_00045251_rank294,339,896,0.3475,955
ILSVRC2012_val_00017184_with_ILSVRC2012_val_00045133_rank436,4,4,0.82647,0
ILSVRC2012_val_00017184_with_ILSVRC2012_val_00001152_rank628,260,260,0.75351,0
ILSVRC2012_val_00017184_with_ILSVRC2012_val_00006210_rank027,933,933,0.88818,0
ILSVRC2012_val_00017184_with_ILSVRC2012_val_00039897_rank173,519,896,0.2622,650
ILSVRC2012_val_00017184_with_ILSVRC2012_val_00028367_rank295,578,578,0.39569,0
ILSVRC2012_val_00017184_with_ILSVRC2012_val_00039315_rank490,587,587,0.32345,0
ILSVRC2012_val_00017184_with_ILSVRC2012_val_00023061_rank245,410,771,0.3039,257
ILSVRC2012_val_00017184_with_ILSVRC2012_val_00015787_rank603,701,532,0.16276,308
ILSVRC2012_val_00017184_with_ILSVRC2012_val_00008589_rank439,584,700,0.27945,221
ILSVRC2012_val_00017184_with_ILSVRC2012_val_00029928_rank331,549,742,0.36454,30
ILSVRC2012_val_00017184_with_ILSVRC2012_val_00025921_rank001,951,951,0.81498,0
ILSVRC2012_val_00017184_with_ILSVRC2012_val_00004335_rank550,73,532,0.1574,662
ILSVRC2012_val_00017184_with_ILSVRC2012_val_00049817_rank182,658,658,0.7745,0
ILSVRC2012_val_00017184_with_ILSVRC2012_val_00023427_rank918,609,609,0.84399,0
ILSVRC2012_val_00017184_with_ILSVRC2012_val_00028660_rank785,472,896,0.61197,793
ILSVRC2012_val_00017184_with_ILSVRC2012_val_00007125_rank380,817,817,0.32257,0
ILSVRC2012_val_00017184_with_ILSVRC2012_val_00010384_rank005,940,940,0.72821,0
ILSVRC2012_val_00017184_with_ILSVRC2012_val_00037111_rank401,181,181,0.84346,0
ILSVRC2012_val_00017184_with_ILSVRC2012_val_00022544_rank677,601,578,0.27394,2
ILSVRC2012_val_00017184_with_ILSVRC2012_val_00027942_rank242,494,758,0.262,71
ILSVRC2012_val_00017184_with_ILSVRC2012_val_00025568_rank075,899,899,0.75784,0
ILSVRC2012_val_00017184_with_ILSVRC2012_val_00023295_rank250,66,66,0.58564,0
ILSVRC2012_val_00017184_with_ILSVRC2012_val_00030519_rank326,151,151,0.52185,0
ILSVRC2012_val_00017184_with_ILSVRC2012_val_00007553_rank463,900,900,0.65382,0
ILSVRC2012_val_00017184_with_ILSVRC2012_val_00023615_rank833,250,250,0.66156,0
ILSVRC2012_val_00017184_with_ILSVRC2012_val_00018511_rank114,130,532,0.25945,476
ILSVRC2012_val_00017184_with_ILSVRC2012_val_00000608_rank538,643,532,0.14652,562
ILSVRC2012_val_00017184_with_ILSVRC2012_val_00016039_rank428,603,896,0.7921,513
ILSVRC2012_val_00017184_with_ILSVRC2012_val_00014613_rank052,572,883,0.27231,4
ILSVRC2012_val_00017184_with_ILSVRC2012_val_00004038_rank115,382,382,0.55799,0
ILSVRC2012_val_00017184_with_ILSVRC2012_val_00006061_rank825,765,765,0.6086,0
ILSVRC2012_val_00017184_with_ILSVRC2012_val_00035158_rank797,191,189,0.73109,1
ILSVRC2012_val_00017184_with_ILSVRC2012_val_00036135_rank168,590,526,0.25823,161
ILSVRC2012_val_00017184_with_ILSVRC2012_val_00026192_rank222,922,922,0.58617,0
ILSVRC2012_val_00017184_with_ILSVRC2012_val_00001081_rank707,613,613,0.64372,0
ILSVRC2012_val_00017184_with_ILSVRC2012_val_00011708_rank934,812,812,0.80764,0
ILSVRC2012_val_00017184_with_ILSVRC2012_val_00000300_rank884,176,176,0.86801,0
ILSVRC2012_val_00017184_with_ILSVRC2012_val_00046990_rank623,889,894,0.13597,210
ILSVRC2012_val_00017184_with_ILSVRC2012_val_00025292_rank870,568,896,0.12897,316
ILSVRC2012_val_00017184_with_ILSVRC2012_val_00015237_rank940,741,741,0.41252,0
ILSVRC2012_val_00017184_with_ILSVRC2012_val_00041836_rank196,10,11,0.66462,3
ILSVRC2012_val_00017184_with_ILSVRC2012_val_00007481_rank414,704,704,0.8502,0
ILSVRC2012_val_00017184_with_ILSVRC2012_val_00015507_rank639,408,896,0.29066,462
ILSVRC2012_val_00017184_with_ILSVRC2012_val_00038723_rank552,621,621,0.34713,0
ILSVRC2012_val_00017184_with_ILSVRC2012_val_00008353_rank320,520,520,0.44043,0
ILSVRC2012_val_00017184_with_ILSVRC2012_val_00021357_rank732,162,166,0.60208,2
ILSVRC2012_val_00017184_with_ILSVRC2012_val_00034227_rank933,559,896,0.74734,114
ILSVRC2012_val_00017184_with_ILSVRC2012_val_00022937_rank061,46,46,0.12839,0
ILSVRC2012_val_00017184_with_ILSVRC2012_val_00023474_rank846,436,745,0.72662,190
ILSVRC2012_val_00017184_with_ILSVRC2012_val_00021148_rank365,740,896,0.44922,237
ILSVRC2012_val_00017184_with_ILSVRC2012_val_00035781_rank339,175,896,0.21253,960
ILSVRC2012_val_00017184_with_ILSVRC2012_val_00016375_rank676,729,729,0.88657,0
ILSVRC2012_val_00017184_with_ILSVRC2012_val_00012235_rank441,167,162,0.442,2
ILSVRC2012_val_00017184_with_ILSVRC2012_val_00020380_rank935,227,227,0.75496,0
ILSVRC2012_val_00017184_with_ILSVRC2012_val_00006328_rank116,14,14,0.82982,0
ILSVRC2012_val_00017184_with_ILSVRC2012_val_00035493_rank482,371,381,0.73472,9
ILSVRC2012_val_00017184_with_ILSVRC2012_val_00020919_rank931,466,859,0.20903,98
ILSVRC2012_val_00017184_with_ILSVRC2012_val_00028583_rank340,287,285,0.49297,5
ILSVRC2012_val_00017184_with_ILSVRC2012_val_00048852_rank099,738,532,0.4319,58
ILSVRC2012_val_00017184_with_ILSVRC2012_val_00042116_rank959,514,514,0.87388,0
ILSVRC2012_val_00017184_with_ILSVRC2012_val_00009522_rank791,667,894,0.40998,440
ILSVRC2012_val_00017184_with_ILSVRC2012_val_00018311_rank880,269,269,0.19585,0
ILSVRC2012_val_00017184_with_ILSVRC2012_val_00036076_rank914,749,749,0.76112,0
ILSVRC2012_val_00017184_with_ILSVRC2012_val_00033879_rank231,712,712,0.27117,0
ILSVRC2012_val_00017184_with_ILSVRC2012_val_00026386_rank353,993,960,0.5718,116
ILSVRC2012_val_00017184_with_ILSVRC2012_val_00034999_rank331,549,516,0.44967,143
ILSVRC2012_val_00017184_with_ILSVRC2012_val_00035514_rank522,576,896,0.47376,746
ILSVRC2012_val_00017184_with_ILSVRC2012_val_00039289_rank201,946,944,0.7807,1
ILSVRC2012_val_00017184_with_ILSVRC2012_val_00022481_rank214,784,477,0.16578,1
ILSVRC2012_val_00017184_with_ILSVRC2012_val_00009236_rank744,802,788,0.64593,183
ILSVRC2012_val_00017184_with_ILSVRC2012_val_00026757_rank422,381,374,0.5229,7
ILSVRC2012_val_00017184_with_ILSVRC2012_val_00007041_rank986,678,857,0.57889,529
ILSVRC2012_val_00017184_with_ILSVRC2012_val_00034839_rank135,316,316,0.84751,0
ILSVRC2012_val_00017184_with_ILSVRC2012_val_00030377_rank890,190,190,0.72506,0
ILSVRC2012_val_00017184_with_ILSVRC2012_val_00027665_rank030,969,680,0.33561,35
ILSVRC2012_val_00017184_with_ILSVRC2012_val_00027135_rank870,568,103,0.65172,527
ILSVRC2012_val_00017184_with_ILSVRC2012_val_00000858_rank075,899,899,0.41719,0
ILSVRC2012_val_00017184_with_ILSVRC2012_val_00006105_rank429,57,896,0.34752,921
ILSVRC2012_val_00017184_with_ILSVRC2012_val_00047678_rank761,821,448,0.09705,730
ILSVRC2012_val_00017184_with_ILSVRC2012_val_00017718_rank096,115,894,0.15199,877
ILSVRC2012_val_00017184_with_ILSVRC2012_val_00024558_rank059,301,301,0.68704,0
ILSVRC2012_val_00017184_with_ILSVRC2012_val_00024135_rank636,425,425,0.30171,0
ILSVRC2012_val_00017184_with_ILSVRC2012_val_00001945_rank487,473,545,0.57617,183
ILSVRC2012_val_00017184_with_ILSVRC2012_val_00020381_rank767,674,896,0.0759,330
ILSVRC2012_val_00017184_with_ILSVRC2012_val_00006410_rank213,370,370,0.8239,0
ILSVRC2012_val_00017184_with_ILSVRC2012_val_00017108_rank204,605,605,0.77938,0
ILSVRC2012_val_00017184_with_ILSVRC2012_val_00001175_rank104,644,644,0.22465,0
ILSVRC2012_val_00017184_with_ILSVRC2012_val_00045400_rank897,444,444,0.23213,0
ILSVRC2012_val_00017184_with_ILSVRC2012_val_00031959_rank465,300,300,0.5881,0
ILSVRC2012_val_00017184_with_ILSVRC2012_val_00024985_rank064,737,737,0.48259,0
ILSVRC2012_val_00017184_with_ILSVRC2012_val_00035924_rank201,946,532,0.35347,852
ILSVRC2012_val_00017184_with_ILSVRC2012_val_00035445_rank008,949,896,0.50679,272
ILSVRC2012_val_00017184_with_ILSVRC2012_val_00046786_rank329,290,288,0.40763,1
ILSVRC2012_val_00017184_with_ILSVRC2012_val_00020166_rank137,533,533,0.55277,0
ILSVRC2012_val_00017184_with_ILSVRC2012_val_00034023_rank816,820,820,0.47514,0
ILSVRC2012_val_00017184_with_ILSVRC2012_val_00002830_rank198,563,418,0.4658,1
ILSVRC2012_val_00017184_with_ILSVRC2012_val_00043242_rank942,404,895,0.27186,2
ILSVRC2012_val_00017184_with_ILSVRC2012_val_00048824_rank118,92,94,0.61462,4
ILSVRC2012_val_00017184_with_ILSVRC2012_val_00045576_rank775,888,532,0.53836,255
ILSVRC2012_val_00017184_with_ILSVRC2012_val_00014627_rank327,869,869,0.62412,0
ILSVRC2012_val_00017184_with_ILSVRC2012_val_00031141_rank629,675,675,0.51725,0
ILSVRC2012_val_00017184_with_ILSVRC2012_val_00045864_rank535,329,496,0.27043,126
ILSVRC2012_val_00017184_with_ILSVRC2012_val_00005369_rank208,296,296,0.6977,0
ILSVRC2012_val_00017184_with_ILSVRC2012_val_00045354_rank094,89,89,0.82522,0
ILSVRC2012_val_00017184_with_ILSVRC2012_val_00000882_rank806,204,204,0.41738,0
ILSVRC2012_val_00017184_with_ILSVRC2012_val_00047550_rank958,594,579,0.43049,8
ILSVRC2012_val_00017184_with_ILSVRC2012_val_00049621_rank555,102,102,0.5534,0
ILSVRC2012_val_00017184_with_ILSVRC2012_val_00017100_rank053,326,326,0.66914,0
ILSVRC2012_val_00017184_with_ILSVRC2012_val_00028179_rank345,464,896,0.25805,405
ILSVRC2012_val_00017184_with_ILSVRC2012_val_00011798_rank909,168,225,0.21295,20
ILSVRC2012_val_00017184_with_ILSVRC2012_val_00006245_rank551,354,336,0.51816,72
ILSVRC2012_val_00017184_with_ILSVRC2012_val_00042683_rank352,901,901,0.79969,0
ILSVRC2012_val_00017184_with_ILSVRC2012_val_00045718_rank543,230,230,0.4037,0
ILSVRC2012_val_00017184_with_ILSVRC2012_val_00005938_rank719,589,896,0.55662,57
ILSVRC2012_val_00017184_with_ILSVRC2012_val_00029922_rank918,609,609,0.83176,0
ILSVRC2012_val_00017184_with_ILSVRC2012_val_00040788_rank329,290,290,0.47417,0
ILSVRC2012_val_00017184_with_ILSVRC2012_val_00032959_rank888,217,217,0.79775,0
ILSVRC2012_val_00017184_with_ILSVRC2012_val_00010969_rank577,707,707,0.8559,0
ILSVRC2012_val_00017184_with_ILSVRC2012_val_00042588_rank526,360,103,0.4871,5
ILSVRC2012_val_00017184_with_ILSVRC2012_val_00035600_rank623,889,889,0.75782,0
ILSVRC2012_val_00017184_with_ILSVRC2012_val_00035820_rank792,247,87,0.75319,774
ILSVRC2012_val_00017184_with_ILSVRC2012_val_00007574_rank040,31,896,0.19715,668
ILSVRC2012_val_00017184_with_ILSVRC2012_val_00031679_rank303,185,185,0.77158,0
ILSVRC2012_val_00017184_with_ILSVRC2012_val_00025031_rank342,368,368,0.33696,0
ILSVRC2012_val_00017184_with_ILSVRC2012_val_00034600_rank072,47,47,0.71889,0
ILSVRC2012_val_00017184_with_ILSVRC2012_val_00028619_rank426,350,350,0.46418,0
ILSVRC2012_val_00017184_with_ILSVRC2012_val_00048968_rank913,915,434,0.2533,469
ILSVRC2012_val_00017184_with_ILSVRC2012_val_00049316_rank268,32,32,0.8516,0
ILSVRC2012_val_00017184_with_ILSVRC2012_val_00007813_rank792,247,247,0.93997,0
ILSVRC2012_val_00017184_with_ILSVRC2012_val_00029227_rank346,303,303,0.4088,0
ILSVRC2012_val_00017184_with_ILSVRC2012_val_00029371_rank316,962,831,0.59704,706
ILSVRC2012_val_00017184_with_ILSVRC2012_val_00041260_rank263,359,333,0.43095,7
ILSVRC2012_val_00017184_with_ILSVRC2012_val_00029113_rank656,710,804,0.16759,14
ILSVRC2012_val_00017184_with_ILSVRC2012_val_00026076_rank201,946,946,0.33841,0
ILSVRC2012_val_00017184_with_ILSVRC2012_val_00016721_rank263,359,174,0.56793,25
ILSVRC2012_val_00017184_with_ILSVRC2012_val_00026053_rank481,878,810,0.62031,1
ILSVRC2012_val_00017184_with_ILSVRC2012_val_00025830_rank106,723,723,0.44757,0
ILSVRC2012_val_00017184_with_ILSVRC2012_val_00020808_rank752,652,652,0.89825,0
ILSVRC2012_val_00017184_with_ILSVRC2012_val_00040538_rank128,15,15,0.77329,0
ILSVRC2012_val_00017184_with_ILSVRC2012_val_00025857_rank033,939,939,0.85871,0
ILSVRC2012_val_00017184_with_ILSVRC2012_val_00011156_rank503,822,896,0.21801,99
ILSVRC2012_val_00017184_with_ILSVRC2012_val_00021630_rank363,920,632,0.55549,17
ILSVRC2012_val_00017184_with_ILSVRC2012_val_00033902_rank819,847,847,0.59794,0
ILSVRC2012_val_00017184_with_ILSVRC2012_val_00024648_rank963,471,471,0.28119,0
